vars = 100 ; constr = 5 
 # informations of B&B algorithm : 
total_times_used = 300.05 
total_nodes = 11395 
pruned_nodes = 30 
GAP = 0.0 
relaxation_time = 297.92 
test_dominance_time = 0.0 
update_incumbent_time = 0.54 
tree_size = 48.677 
nb_nodes_EPB = 0 
nb_nodes_VB = 11394 
root_relax = true 
TO = true 

size_Y_N = 44
Y_N = [[37539.0, 37073.0], [38047.0, 37025.0], [38092.0, 36950.0], [38215.0, 36900.0], [38223.0, 36861.0], [38230.0, 36847.0], [38391.0, 36808.0], [38817.0, 36779.0], [38902.0, 36334.0], [38945.0, 36135.0], [39071.0, 36069.0], [39280.0, 35916.0], [40955.0, 34870.0], [41083.0, 34571.0], [41108.0, 34411.0], [41229.0, 34371.0], [41284.0, 34078.0], [41444.0, 34075.0], [41486.0, 33967.0], [41637.0, 33917.0], [41782.0, 33738.0], [41934.0, 33468.0], [42005.0, 32858.0], [42067.0, 32716.0], [42073.0, 32407.0], [42159.0, 32230.0], [42268.0, 32061.0], [42281.0, 31905.0], [42358.0, 31886.0], [42415.0, 30895.0], [42430.0, 30147.0], [42456.0, 28914.0], [42496.0, 27172.0], [42922.0, 27030.0], [42964.0, 25717.0], [43025.0, 25706.0], [43067.0, 25336.0], [43088.0, 25331.0], [43108.0, 25263.0], [43121.0, 24933.0], [43178.0, 24416.0], [43278.0, 24254.0], [43292.0, 23186.0], [43441.0, 22513.0]]

size_X_E = 44
