vars = 100 ; constr = 5 
 # informations of B&B algorithm : 
total_times_used = 300.08 
total_nodes = 10117 
pruned_nodes = 424 
GAP = 0.0 
relaxation_time = 297.89 
test_dominance_time = 0.07 
update_incumbent_time = 0.51 
tree_size = 42.842 
nb_nodes_EPB = 0 
nb_nodes_VB = 10116 
root_relax = true 
TO = true 

size_Y_N = 46
Y_N = [[17727.0, 24643.0], [17900.0, 24386.0], [18185.0, 24344.0], [18387.0, 24164.0], [18401.0, 23994.0], [18516.0, 23922.0], [18592.0, 23721.0], [19056.0, 23714.0], [20786.0, 22967.0], [20830.0, 22570.0], [21086.0, 22458.0], [21096.0, 22232.0], [21339.0, 22181.0], [21431.0, 21807.0], [21557.0, 21748.0], [21574.0, 21728.0], [21625.0, 21498.0], [21672.0, 21325.0], [21684.0, 21270.0], [21696.0, 21092.0], [21831.0, 21041.0], [21839.0, 20995.0], [21971.0, 20864.0], [21993.0, 20785.0], [22025.0, 20412.0], [22069.0, 20401.0], [22141.0, 20378.0], [22210.0, 20293.0], [22238.0, 20049.0], [22275.0, 19428.0], [22600.0, 18470.0], [22605.0, 17009.0], [22606.0, 16868.0], [22794.0, 16768.0], [22822.0, 16712.0], [22826.0, 16650.0], [22975.0, 16637.0], [22993.0, 16216.0], [23001.0, 16121.0], [23184.0, 16085.0], [23260.0, 15679.0], [23315.0, 15565.0], [23316.0, 14764.0], [23457.0, 14738.0], [23523.0, 14462.0], [23538.0, 14336.0]]

size_X_E = 46
