vars = 100 ; constr = 5 
 # informations of B&B algorithm : 
total_times_used = 3602.54 
total_nodes = 119783 
pruned_nodes = 23674 
GAP = 0.0 
relaxation_time = 3569.41 
test_dominance_time = 4.09 
update_incumbent_time = 6.38 
tree_size = 488.425 
nb_nodes_EPB = 0 
nb_nodes_VB = 119782 
root_relax = true 
TO = true 

size_Y_N = 47
Y_N = [[19897.0, 23228.0], [20123.0, 23080.0], [20348.0, 23018.0], [20468.0, 23008.0], [20519.0, 22988.0], [20693.0, 22959.0], [20722.0, 22878.0], [20998.0, 22871.0], [21105.0, 22696.0], [21168.0, 22686.0], [21398.0, 22616.0], [21638.0, 22468.0], [21777.0, 22313.0], [21848.0, 22250.0], [22593.0, 22239.0], [22611.0, 21899.0], [22735.0, 21878.0], [22877.0, 21779.0], [22920.0, 21758.0], [22977.0, 21549.0], [22990.0, 21545.0], [23060.0, 21467.0], [23070.0, 21362.0], [23093.0, 21330.0], [23099.0, 21214.0], [23171.0, 21209.0], [23177.0, 21158.0], [23287.0, 21117.0], [23316.0, 21097.0], [23325.0, 20912.0], [23410.0, 20909.0], [23477.0, 20808.0], [23523.0, 20777.0], [23528.0, 20470.0], [23567.0, 20391.0], [23638.0, 20364.0], [23642.0, 20219.0], [23715.0, 20154.0], [23747.0, 19402.0], [23823.0, 19260.0], [23897.0, 18924.0], [24000.0, 18871.0], [24031.0, 18590.0], [24074.0, 18359.0], [24096.0, 18340.0], [24314.0, 18158.0], [24381.0, 16885.0]]

size_X_E = 47
