vars = 100 ; constr = 5 
 # informations of B&B algorithm : 
total_times_used = 3600.04 
total_nodes = 166269 
pruned_nodes = 31642 
GAP = 0.0 
relaxation_time = 3548.37 
test_dominance_time = 6.53 
update_incumbent_time = 10.85 
tree_size = 746.698 
nb_nodes_EPB = 0 
nb_nodes_VB = 166268 
root_relax = true 
TO = true 

size_Y_N = 51
Y_N = [[54262.0, 38601.0], [54358.0, 38542.0], [54385.0, 38529.0], [54621.0, 38524.0], [54756.0, 38497.0], [55058.0, 38488.0], [55168.0, 38457.0], [55195.0, 38413.0], [55257.0, 38412.0], [55347.0, 38410.0], [55440.0, 38393.0], [55453.0, 38359.0], [55584.0, 38320.0], [55723.0, 38314.0], [55755.0, 38211.0], [55872.0, 38199.0], [55880.0, 38119.0], [56824.0, 38088.0], [57522.0, 37879.0], [57607.0, 37745.0], [57661.0, 37482.0], [57973.0, 37441.0], [57994.0, 37260.0], [58040.0, 37252.0], [58059.0, 37161.0], [58062.0, 37130.0], [58064.0, 37101.0], [58152.0, 37100.0], [58240.0, 37037.0], [58284.0, 36914.0], [58383.0, 36848.0], [58427.0, 36649.0], [58436.0, 36635.0], [58442.0, 36565.0], [58454.0, 36515.0], [58481.0, 36497.0], [58514.0, 36322.0], [58561.0, 36314.0], [58579.0, 36250.0], [58616.0, 36214.0], [58655.0, 35933.0], [58745.0, 35751.0], [58764.0, 35684.0], [58827.0, 35632.0], [59039.0, 34195.0], [59041.0, 33801.0], [59058.0, 33686.0], [59257.0, 33455.0], [59282.0, 32652.0], [59363.0, 32133.0], [59453.0, 31602.0]]

size_X_E = 51
