vars = 100 ; constr = 5 
 # informations of B&B algorithm : 
total_times_used = 3600.02 
total_nodes = 180555 
pruned_nodes = 25786 
GAP = 0.0 
relaxation_time = 3528.48 
test_dominance_time = 9.24 
update_incumbent_time = 15.09 
tree_size = 801.851 
nb_nodes_EPB = 0 
nb_nodes_VB = 180554 
root_relax = true 
TO = true 

size_Y_N = 60
Y_N = [[56839.0, 49314.0], [57002.0, 49277.0], [57050.0, 49179.0], [57257.0, 49069.0], [57344.0, 49015.0], [57480.0, 48814.0], [57493.0, 48771.0], [57545.0, 48651.0], [57548.0, 48582.0], [57589.0, 48529.0], [57631.0, 48460.0], [57716.0, 48447.0], [57818.0, 48386.0], [57875.0, 48235.0], [57916.0, 48206.0], [57938.0, 48126.0], [58108.0, 48093.0], [58480.0, 47995.0], [58623.0, 47917.0], [58876.0, 47878.0], [58981.0, 47798.0], [59120.0, 47593.0], [59149.0, 47476.0], [59252.0, 47339.0], [59329.0, 47263.0], [59392.0, 47254.0], [59642.0, 47190.0], [59768.0, 47149.0], [59881.0, 47010.0], [59970.0, 46774.0], [60198.0, 46735.0], [60228.0, 46309.0], [60245.0, 46262.0], [60308.0, 46093.0], [60343.0, 45971.0], [60352.0, 45932.0], [60364.0, 45827.0], [60383.0, 45763.0], [60390.0, 45758.0], [60402.0, 45713.0], [60581.0, 45695.0], [60585.0, 45521.0], [60589.0, 45383.0], [60611.0, 45317.0], [60685.0, 45260.0], [60697.0, 44966.0], [60746.0, 44716.0], [60771.0, 44548.0], [60871.0, 43721.0], [60916.0, 42833.0], [60918.0, 42798.0], [60957.0, 42783.0], [61183.0, 42685.0], [61294.0, 42247.0], [61296.0, 41866.0], [61361.0, 41725.0], [61363.0, 41705.0], [61446.0, 41176.0], [61505.0, 40808.0], [61522.0, 40024.0]]

size_X_E = 60
