vars = 100 ; constr = 30 
 # informations of B&B algorithm : 
total_times_used = 300.12 
total_nodes = 4929 
pruned_nodes = 0 
GAP = 0.0 
relaxation_time = 298.71 
test_dominance_time = 0.0 
update_incumbent_time = 0.36 
tree_size = 20.396 
nb_nodes_EPB = 0 
nb_nodes_VB = 4928 
root_relax = true 
TO = true 

size_Y_N = 52
Y_N = [[32294.0, 33589.0], [32503.0, 33545.0], [32565.0, 33493.0], [32639.0, 33457.0], [32785.0, 33428.0], [32924.0, 33363.0], [33158.0, 33361.0], [33191.0, 33282.0], [33250.0, 33210.0], [33354.0, 33166.0], [33514.0, 33156.0], [33557.0, 33147.0], [33650.0, 33098.0], [33867.0, 32987.0], [33911.0, 32789.0], [34014.0, 32781.0], [34100.0, 32491.0], [34702.0, 32276.0], [36717.0, 32020.0], [36771.0, 31858.0], [36935.0, 31774.0], [37489.0, 31773.0], [37716.0, 31686.0], [37721.0, 31449.0], [37874.0, 31339.0], [37877.0, 31286.0], [37978.0, 31280.0], [38260.0, 31247.0], [38416.0, 31001.0], [38621.0, 30988.0], [38638.0, 30971.0], [38803.0, 30893.0], [38899.0, 30591.0], [39022.0, 30542.0], [39034.0, 30343.0], [39284.0, 30313.0], [39413.0, 29949.0], [39446.0, 29690.0], [39557.0, 29686.0], [39966.0, 27556.0], [40461.0, 27424.0], [40742.0, 27229.0], [40805.0, 27021.0], [40895.0, 26903.0], [41039.0, 26833.0], [41054.0, 26643.0], [41279.0, 26564.0], [41349.0, 26253.0], [41417.0, 26180.0], [41516.0, 25865.0], [41538.0, 25722.0], [41700.0, 25573.0]]

size_X_E = 52
