vars = 250 ; constr = 5 
 # informations of B&B algorithm : 
total_times_used = 300.1 
total_nodes = 8795 
pruned_nodes = 0 
GAP = 0.0 
relaxation_time = 297.6 
test_dominance_time = 0.0 
update_incumbent_time = 0.74 
tree_size = 61.325 
nb_nodes_EPB = 0 
nb_nodes_VB = 8794 
root_relax = true 
TO = true 

size_Y_N = 51
Y_N = [[143738.0, 133830.0], [144134.0, 133706.0], [144149.0, 133591.0], [144227.0, 133579.0], [144322.0, 133557.0], [144379.0, 133528.0], [144382.0, 133094.0], [144602.0, 133092.0], [144783.0, 132984.0], [145203.0, 132876.0], [151100.0, 127288.0], [151124.0, 127231.0], [151283.0, 127158.0], [151343.0, 126825.0], [151365.0, 126822.0], [151372.0, 126795.0], [151437.0, 126704.0], [151704.0, 126657.0], [151795.0, 126479.0], [151819.0, 126369.0], [151857.0, 126293.0], [151926.0, 126247.0], [152011.0, 126118.0], [152013.0, 126060.0], [152090.0, 125949.0], [152113.0, 125635.0], [152251.0, 125366.0], [152344.0, 124933.0], [152349.0, 124776.0], [152413.0, 124711.0], [152455.0, 124536.0], [152468.0, 124345.0], [152469.0, 124203.0], [152496.0, 123027.0], [152710.0, 122821.0], [154010.0, 106986.0], [154042.0, 105860.0], [154045.0, 105811.0], [154112.0, 105586.0], [154179.0, 105406.0], [154183.0, 105341.0], [154293.0, 105266.0], [154398.0, 105030.0], [154442.0, 104596.0], [154631.0, 104507.0], [154720.0, 103869.0], [154761.0, 103828.0], [154858.0, 103693.0], [154886.0, 103012.0], [154937.0, 102598.0], [154988.0, 102575.0]]

size_X_E = 51
