vars = 250 ; constr = 10 
 # informations of B&B algorithm : 
total_times_used = 300.17 
total_nodes = 4507 
pruned_nodes = 0 
GAP = 0.0 
relaxation_time = 299.24 
test_dominance_time = 0.0 
update_incumbent_time = 0.29 
tree_size = 30.677 
nb_nodes_EPB = 0 
nb_nodes_VB = 4506 
root_relax = true 
TO = true 

size_Y_N = 43
Y_N = [[92045.0, 92964.0], [92422.0, 92871.0], [92433.0, 92772.0], [92509.0, 92757.0], [92662.0, 92754.0], [92717.0, 92704.0], [92793.0, 92664.0], [92959.0, 92645.0], [93004.0, 92642.0], [93213.0, 92510.0], [93441.0, 92460.0], [93505.0, 91809.0], [102232.0, 86471.0], [102949.0, 86432.0], [103262.0, 85849.0], [103264.0, 85809.0], [103318.0, 85774.0], [103457.0, 85508.0], [103487.0, 85443.0], [103672.0, 85439.0], [103690.0, 85131.0], [103779.0, 85083.0], [103839.0, 84799.0], [103974.0, 84696.0], [104100.0, 84597.0], [104136.0, 84533.0], [104158.0, 84218.0], [104164.0, 84197.0], [104196.0, 84014.0], [104302.0, 83837.0], [104332.0, 83830.0], [104384.0, 83691.0], [104450.0, 83665.0], [104500.0, 83291.0], [104616.0, 82530.0], [107128.0, 70645.0], [107397.0, 70588.0], [107442.0, 70521.0], [107472.0, 70493.0], [107639.0, 70369.0], [107871.0, 70182.0], [107964.0, 69789.0], [108399.0, 69307.0]]

size_X_E = 43
