vars = 100 ; constr = 10 
 # informations of B&B algorithm : 
total_times_used = 300.08 
total_nodes = 7447 
pruned_nodes = 40 
GAP = 0.0 
relaxation_time = 298.36 
test_dominance_time = 0.01 
update_incumbent_time = 0.43 
tree_size = 31.624 
nb_nodes_EPB = 0 
nb_nodes_VB = 7446 
root_relax = true 
TO = true 

size_Y_N = 43
Y_N = [[16957.0, 19624.0], [17528.0, 19588.0], [17548.0, 19394.0], [17576.0, 19360.0], [17619.0, 19353.0], [17756.0, 19342.0], [17768.0, 19331.0], [17928.0, 19323.0], [17973.0, 19225.0], [18235.0, 19036.0], [18262.0, 18941.0], [18588.0, 18751.0], [18683.0, 18266.0], [20011.0, 18137.0], [20137.0, 17886.0], [20169.0, 17846.0], [20199.0, 17717.0], [20475.0, 17684.0], [20500.0, 17611.0], [20606.0, 17578.0], [20654.0, 17418.0], [20767.0, 17300.0], [20785.0, 17299.0], [20853.0, 17298.0], [20877.0, 17281.0], [20928.0, 17196.0], [21117.0, 16943.0], [21273.0, 16880.0], [21307.0, 16591.0], [21362.0, 16298.0], [21410.0, 16278.0], [21544.0, 16039.0], [21619.0, 15427.0], [21855.0, 14746.0], [22025.0, 13562.0], [22226.0, 13292.0], [22304.0, 13223.0], [22310.0, 12797.0], [22400.0, 12779.0], [22431.0, 12585.0], [22515.0, 12536.0], [22590.0, 11356.0], [22603.0, 11178.0]]

size_X_E = 43
