vars = 100 ; constr = 30 
 # informations of B&B algorithm : 
total_times_used = 300.08 
total_nodes = 4917 
pruned_nodes = 0 
GAP = 0.0 
relaxation_time = 299.15 
test_dominance_time = 0.0 
update_incumbent_time = 0.23 
tree_size = 20.342 
nb_nodes_EPB = 0 
nb_nodes_VB = 4916 
root_relax = true 
TO = true 

size_Y_N = 47
Y_N = [[35490.0, 36085.0], [35528.0, 36066.0], [35931.0, 35919.0], [36077.0, 35747.0], [36253.0, 35429.0], [36356.0, 35327.0], [36501.0, 35288.0], [37223.0, 35280.0], [37556.0, 35142.0], [37633.0, 35085.0], [37666.0, 34968.0], [37667.0, 34878.0], [37721.0, 34822.0], [37785.0, 34807.0], [37813.0, 34803.0], [38179.0, 34749.0], [38193.0, 34706.0], [38262.0, 34552.0], [38340.0, 34467.0], [38534.0, 34366.0], [38569.0, 34303.0], [38666.0, 34230.0], [38700.0, 34175.0], [38723.0, 34113.0], [38737.0, 34010.0], [38831.0, 33961.0], [38892.0, 33959.0], [38946.0, 33840.0], [38964.0, 33827.0], [39192.0, 33821.0], [39261.0, 33489.0], [39367.0, 33386.0], [39391.0, 33335.0], [39476.0, 33077.0], [39584.0, 33007.0], [39605.0, 32889.0], [39657.0, 32527.0], [39794.0, 32477.0], [40049.0, 31977.0], [40216.0, 31673.0], [40445.0, 31615.0], [40447.0, 31183.0], [40550.0, 31093.0], [40698.0, 30920.0], [40718.0, 30720.0], [40888.0, 30649.0], [40963.0, 30555.0]]

size_X_E = 47
