vars = 500 ; constr = 5 
 # informations of B&B algorithm : 
total_times_used = 300.16 
total_nodes = 3229 
pruned_nodes = 0 
GAP = 0.0 
relaxation_time = 299.36 
test_dominance_time = 0.0 
update_incumbent_time = 0.29 
tree_size = 36.047 
nb_nodes_EPB = 0 
nb_nodes_VB = 3228 
root_relax = true 
TO = true 

size_Y_N = 42
Y_N = [[91195.0, 134675.0], [91467.0, 134660.0], [91562.0, 134536.0], [91575.0, 134521.0], [91673.0, 134495.0], [91883.0, 134247.0], [91980.0, 134217.0], [92326.0, 134159.0], [92335.0, 133899.0], [92381.0, 133897.0], [92539.0, 133832.0], [92560.0, 133547.0], [92807.0, 133328.0], [92983.0, 133271.0], [93191.0, 133220.0], [93242.0, 131738.0], [109763.0, 116206.0], [110023.0, 116141.0], [110642.0, 115775.0], [110664.0, 114947.0], [110998.0, 114666.0], [111209.0, 114577.0], [111329.0, 114096.0], [111391.0, 113678.0], [111598.0, 113566.0], [111814.0, 113002.0], [111888.0, 112670.0], [111955.0, 111907.0], [111958.0, 111834.0], [112138.0, 111326.0], [112325.0, 110254.0], [119380.0, 72365.0], [119389.0, 71413.0], [119895.0, 71321.0], [119972.0, 71133.0], [120023.0, 70898.0], [120043.0, 70248.0], [120062.0, 69747.0], [120109.0, 69701.0], [120210.0, 69554.0], [120316.0, 69395.0], [120505.0, 69392.0]]

size_X_E = 42
