vars = 250 ; constr = 5 
 # informations of B&B algorithm : 
total_times_used = 300.09 
total_nodes = 7175 
pruned_nodes = 0 
GAP = 0.0 
relaxation_time = 298.12 
test_dominance_time = 0.0 
update_incumbent_time = 0.57 
tree_size = 49.823 
nb_nodes_EPB = 0 
nb_nodes_VB = 7174 
root_relax = true 
TO = true 

size_Y_N = 53
Y_N = [[90553.0, 96270.0], [90877.0, 96260.0], [90883.0, 96249.0], [90919.0, 96239.0], [91264.0, 96231.0], [91334.0, 96061.0], [91515.0, 96028.0], [91553.0, 95832.0], [91952.0, 95815.0], [92283.0, 95689.0], [101287.0, 87556.0], [101389.0, 87374.0], [101596.0, 87312.0], [101600.0, 87281.0], [101924.0, 87120.0], [101940.0, 86967.0], [102135.0, 86892.0], [102302.0, 86821.0], [102311.0, 86721.0], [102332.0, 86592.0], [102406.0, 86562.0], [102451.0, 86522.0], [102556.0, 86490.0], [102568.0, 86376.0], [102702.0, 86371.0], [102823.0, 86118.0], [102842.0, 85955.0], [102902.0, 85873.0], [102944.0, 85825.0], [102956.0, 85764.0], [103009.0, 85458.0], [103110.0, 85384.0], [103122.0, 85120.0], [103126.0, 84925.0], [103142.0, 84769.0], [103165.0, 84619.0], [103213.0, 84336.0], [103299.0, 83770.0], [103444.0, 83730.0], [105547.0, 65520.0], [105620.0, 65049.0], [105818.0, 64954.0], [106094.0, 64607.0], [106237.0, 64323.0], [106282.0, 64105.0], [106358.0, 64097.0], [106469.0, 63426.0], [106535.0, 62961.0], [106567.0, 62882.0], [106704.0, 62742.0], [106714.0, 61767.0], [106828.0, 61114.0], [106869.0, 60142.0]]

size_X_E = 53
