vars = 500 ; constr = 5 
 # informations of B&B algorithm : 
total_times_used = 300.15 
total_nodes = 4771 
pruned_nodes = 0 
GAP = 0.0 
relaxation_time = 298.72 
test_dominance_time = 0.0 
update_incumbent_time = 0.53 
tree_size = 54.046 
nb_nodes_EPB = 0 
nb_nodes_VB = 4770 
root_relax = true 
TO = true 

size_Y_N = 44
Y_N = [[276598.0, 253952.0], [276775.0, 253853.0], [276852.0, 253843.0], [276924.0, 253599.0], [277345.0, 253503.0], [277525.0, 253437.0], [277554.0, 253402.0], [277764.0, 253194.0], [277843.0, 251760.0], [277911.0, 251690.0], [277920.0, 251455.0], [278115.0, 251389.0], [278137.0, 250242.0], [292961.0, 240454.0], [293000.0, 240118.0], [293186.0, 239940.0], [293290.0, 239887.0], [293339.0, 239500.0], [293506.0, 239492.0], [293516.0, 239141.0], [293570.0, 238956.0], [293658.0, 238884.0], [293691.0, 238765.0], [293712.0, 238699.0], [293769.0, 238351.0], [293814.0, 238280.0], [293835.0, 237828.0], [293945.0, 237826.0], [294084.0, 236963.0], [294150.0, 236839.0], [294266.0, 234611.0], [298240.0, 186750.0], [298551.0, 186528.0], [298599.0, 186353.0], [298856.0, 186343.0], [298885.0, 186335.0], [298975.0, 186325.0], [299527.0, 186092.0], [299535.0, 185522.0], [299567.0, 185328.0], [299628.0, 184582.0], [299641.0, 184089.0], [299660.0, 183706.0], [299680.0, 181218.0]]

size_X_E = 44
