vars = 250 ; constr = 5 
 # informations of B&B algorithm : 
total_times_used = 300.08 
total_nodes = 7533 
pruned_nodes = 0 
GAP = 0.0 
relaxation_time = 297.62 
test_dominance_time = 0.0 
update_incumbent_time = 0.62 
tree_size = 52.395 
nb_nodes_EPB = 0 
nb_nodes_VB = 7532 
root_relax = true 
TO = true 

size_Y_N = 53
Y_N = [[92080.0, 92924.0], [92109.0, 92731.0], [92268.0, 92668.0], [92392.0, 92644.0], [92510.0, 92619.0], [92609.0, 92510.0], [92625.0, 92417.0], [92761.0, 92340.0], [92806.0, 92272.0], [92829.0, 92214.0], [93097.0, 92157.0], [93109.0, 92021.0], [93133.0, 92015.0], [93236.0, 91891.0], [93246.0, 91818.0], [93392.0, 91736.0], [93398.0, 91484.0], [93508.0, 91459.0], [103237.0, 85036.0], [103486.0, 84737.0], [103777.0, 84711.0], [103881.0, 84436.0], [104086.0, 84302.0], [104339.0, 84124.0], [104402.0, 83837.0], [104448.0, 83796.0], [104502.0, 83767.0], [104655.0, 83627.0], [104687.0, 83328.0], [104747.0, 83323.0], [104791.0, 83078.0], [104816.0, 83077.0], [104848.0, 82930.0], [104901.0, 82837.0], [104906.0, 82602.0], [104908.0, 82586.0], [105036.0, 82530.0], [105183.0, 82395.0], [105249.0, 82243.0], [105338.0, 81947.0], [105433.0, 80948.0], [105528.0, 80745.0], [105543.0, 80519.0], [108895.0, 60286.0], [109075.0, 59322.0], [109116.0, 58971.0], [109314.0, 58829.0], [109382.0, 58121.0], [109391.0, 57464.0], [109477.0, 57374.0], [109572.0, 57350.0], [109596.0, 56374.0], [109665.0, 55843.0]]

size_X_E = 53
