vars = 500 ; constr = 5 
 # informations of B&B algorithm : 
total_times_used = 300.15 
total_nodes = 3695 
pruned_nodes = 0 
GAP = 0.0 
relaxation_time = 299.17 
test_dominance_time = 0.0 
update_incumbent_time = 0.39 
tree_size = 41.482 
nb_nodes_EPB = 0 
nb_nodes_VB = 3694 
root_relax = true 
TO = true 

size_Y_N = 42
Y_N = [[187327.0, 197138.0], [187632.0, 197036.0], [187680.0, 197023.0], [187831.0, 196976.0], [187882.0, 196815.0], [187958.0, 196793.0], [187972.0, 196310.0], [188053.0, 196309.0], [188238.0, 196244.0], [188460.0, 195837.0], [208826.0, 180369.0], [208947.0, 180014.0], [208948.0, 179855.0], [208955.0, 179720.0], [209072.0, 179642.0], [209228.0, 179621.0], [209273.0, 179333.0], [209327.0, 179265.0], [209336.0, 179253.0], [209363.0, 179245.0], [209467.0, 179114.0], [209495.0, 179057.0], [209623.0, 178853.0], [209631.0, 178647.0], [209651.0, 178573.0], [209691.0, 178476.0], [209743.0, 178270.0], [209847.0, 178262.0], [209895.0, 177953.0], [209898.0, 177564.0], [210005.0, 177489.0], [210058.0, 177419.0], [210147.0, 176949.0], [210281.0, 175935.0], [210493.0, 174894.0], [218268.0, 132408.0], [218447.0, 130954.0], [218539.0, 130289.0], [218602.0, 130221.0], [218686.0, 129805.0], [218749.0, 128330.0], [218811.0, 127310.0]]

size_X_E = 42
