vars = 100 ; constr = 10 
 # informations of B&B algorithm : 
total_times_used = 300.11 
total_nodes = 7541 
pruned_nodes = 1 
GAP = 0.0 
relaxation_time = 298.66 
test_dominance_time = 0.0 
update_incumbent_time = 0.37 
tree_size = 32.084 
nb_nodes_EPB = 0 
nb_nodes_VB = 7540 
root_relax = true 
TO = true 

size_Y_N = 43
Y_N = [[36012.0, 33018.0], [36078.0, 32987.0], [36313.0, 32941.0], [36373.0, 32897.0], [36393.0, 32896.0], [36799.0, 32822.0], [37029.0, 32598.0], [37056.0, 32456.0], [38873.0, 31260.0], [39787.0, 31145.0], [40082.0, 30935.0], [40092.0, 30634.0], [40106.0, 30609.0], [40107.0, 30586.0], [40226.0, 30582.0], [40501.0, 30532.0], [40515.0, 30302.0], [40646.0, 30223.0], [40687.0, 30162.0], [40942.0, 29986.0], [41011.0, 29545.0], [41061.0, 29535.0], [41085.0, 29191.0], [41098.0, 28974.0], [41217.0, 27811.0], [41243.0, 26458.0], [41496.0, 26454.0], [41538.0, 26289.0], [41595.0, 26024.0], [41617.0, 25725.0], [41690.0, 25686.0], [41761.0, 25378.0], [41765.0, 25349.0], [41801.0, 25271.0], [41864.0, 25214.0], [41886.0, 25129.0], [41941.0, 25021.0], [41974.0, 24642.0], [42024.0, 24217.0], [42052.0, 23980.0], [42073.0, 23821.0], [42111.0, 23714.0], [42212.0, 23503.0]]

size_X_E = 43
