vars = 100 ; constr = 5 
 # informations of B&B algorithm : 
total_times_used = 3600.07 
total_nodes = 118887 
pruned_nodes = 16477 
GAP = 0.0 
relaxation_time = 3563.64 
test_dominance_time = 4.07 
update_incumbent_time = 7.86 
tree_size = 493.718 
nb_nodes_EPB = 0 
nb_nodes_VB = 118886 
root_relax = true 
TO = true 

size_Y_N = 54
Y_N = [[18475.0, 22950.0], [18823.0, 22948.0], [19337.0, 22819.0], [19360.0, 22602.0], [19438.0, 22589.0], [19449.0, 22575.0], [19501.0, 22515.0], [19541.0, 22487.0], [19562.0, 22359.0], [19590.0, 22335.0], [19692.0, 22273.0], [19765.0, 22146.0], [19880.0, 22086.0], [20323.0, 22065.0], [21108.0, 21711.0], [21317.0, 21468.0], [21425.0, 21191.0], [21536.0, 21156.0], [21572.0, 21127.0], [21592.0, 21067.0], [21610.0, 21060.0], [21871.0, 20977.0], [21903.0, 20755.0], [22006.0, 20559.0], [22061.0, 20389.0], [22081.0, 20287.0], [22098.0, 19939.0], [22162.0, 19903.0], [22359.0, 19727.0], [22375.0, 19400.0], [22389.0, 19295.0], [22408.0, 19270.0], [22421.0, 19183.0], [22461.0, 19165.0], [22467.0, 18868.0], [22500.0, 18840.0], [22502.0, 18813.0], [22505.0, 18699.0], [22538.0, 18228.0], [22563.0, 18088.0], [22587.0, 17604.0], [22636.0, 17494.0], [22791.0, 17410.0], [22814.0, 17153.0], [22957.0, 16968.0], [22961.0, 16820.0], [23100.0, 16603.0], [23112.0, 15827.0], [23204.0, 15549.0], [23241.0, 15332.0], [23281.0, 15073.0], [23340.0, 15045.0], [23374.0, 14912.0], [23410.0, 13627.0]]

size_X_E = 54
