vars = 500 ; constr = 10 
 # informations of B&B algorithm : 
total_times_used = 300.32 
total_nodes = 2175 
pruned_nodes = 0 
GAP = 0.0 
relaxation_time = 299.76 
test_dominance_time = 0.0 
update_incumbent_time = 0.21 
tree_size = 23.735 
nb_nodes_EPB = 0 
nb_nodes_VB = 2174 
root_relax = true 
TO = true 

size_Y_N = 46
Y_N = [[181859.0, 187396.0], [182319.0, 187253.0], [182362.0, 187186.0], [182367.0, 187172.0], [182435.0, 187148.0], [182671.0, 187073.0], [182786.0, 187029.0], [182927.0, 187024.0], [183080.0, 187013.0], [183168.0, 186859.0], [183309.0, 186419.0], [205437.0, 170195.0], [205614.0, 169897.0], [206015.0, 169873.0], [206032.0, 169587.0], [206216.0, 169431.0], [206246.0, 169367.0], [206411.0, 169244.0], [206465.0, 168996.0], [206473.0, 168930.0], [206505.0, 168846.0], [206579.0, 168831.0], [206660.0, 168740.0], [206667.0, 168567.0], [206679.0, 168158.0], [206825.0, 168019.0], [206998.0, 167865.0], [207074.0, 167511.0], [207105.0, 167174.0], [207156.0, 167025.0], [207205.0, 166951.0], [207306.0, 166795.0], [207367.0, 166706.0], [207379.0, 166465.0], [207612.0, 165951.0], [216376.0, 121771.0], [216409.0, 121509.0], [216438.0, 121490.0], [216886.0, 121484.0], [217264.0, 121320.0], [217265.0, 121130.0], [217274.0, 120088.0], [217390.0, 119970.0], [217457.0, 119543.0], [217502.0, 119005.0], [217600.0, 118905.0]]

size_X_E = 46
