vars = 500 ; constr = 10 
 # informations of B&B algorithm : 
total_times_used = 300.21 
total_nodes = 2749 
pruned_nodes = 0 
GAP = 0.0 
relaxation_time = 299.47 
test_dominance_time = 0.0 
update_incumbent_time = 0.3 
tree_size = 30.443 
nb_nodes_EPB = 0 
nb_nodes_VB = 2748 
root_relax = true 
TO = true 

size_Y_N = 49
Y_N = [[278467.0, 229309.0], [278647.0, 229232.0], [278685.0, 229180.0], [278686.0, 229136.0], [278765.0, 229111.0], [278971.0, 229108.0], [278977.0, 229008.0], [279310.0, 229002.0], [279321.0, 228916.0], [279371.0, 228903.0], [279435.0, 228889.0], [279504.0, 228759.0], [279680.0, 228531.0], [280097.0, 228399.0], [280123.0, 228239.0], [280298.0, 227821.0], [296550.0, 218953.0], [296806.0, 218896.0], [296965.0, 218748.0], [297046.0, 218509.0], [297199.0, 218432.0], [297213.0, 218314.0], [297303.0, 218261.0], [297321.0, 218247.0], [297504.0, 218233.0], [297562.0, 218053.0], [297768.0, 217748.0], [297826.0, 217651.0], [297858.0, 217580.0], [297943.0, 217432.0], [298083.0, 217379.0], [298116.0, 216957.0], [298173.0, 216954.0], [298180.0, 216536.0], [298223.0, 216442.0], [298326.0, 216419.0], [298379.0, 216346.0], [298451.0, 215595.0], [298604.0, 215018.0], [303611.0, 187201.0], [303982.0, 186330.0], [304178.0, 186140.0], [304260.0, 185829.0], [304434.0, 185483.0], [304449.0, 185064.0], [304662.0, 184821.0], [304669.0, 184337.0], [304773.0, 184195.0], [304785.0, 183070.0]]

size_X_E = 49
