vars = 250 ; constr = 5 
 # informations of B&B algorithm : 
total_times_used = 300.06 
total_nodes = 6585 
pruned_nodes = 0 
GAP = 0.0 
relaxation_time = 298.42 
test_dominance_time = 0.0 
update_incumbent_time = 0.48 
tree_size = 45.592 
nb_nodes_EPB = 0 
nb_nodes_VB = 6584 
root_relax = true 
TO = true 

size_Y_N = 44
Y_N = [[47480.0, 66054.0], [47559.0, 65996.0], [47851.0, 65924.0], [48180.0, 65869.0], [48795.0, 65867.0], [48817.0, 65447.0], [49112.0, 65396.0], [49318.0, 63595.0], [49426.0, 62925.0], [55749.0, 60723.0], [56337.0, 60028.0], [56503.0, 59817.0], [56556.0, 59459.0], [56557.0, 59385.0], [56617.0, 59383.0], [56897.0, 59313.0], [56906.0, 58910.0], [57067.0, 58892.0], [57109.0, 58709.0], [57180.0, 58553.0], [57274.0, 58195.0], [57278.0, 57925.0], [57313.0, 57866.0], [57442.0, 57843.0], [57473.0, 57644.0], [57549.0, 57371.0], [57678.0, 57330.0], [57764.0, 56576.0], [57787.0, 55030.0], [59677.0, 41139.0], [60495.0, 40837.0], [60805.0, 40372.0], [60806.0, 40032.0], [60826.0, 39925.0], [60828.0, 39386.0], [60848.0, 39246.0], [60890.0, 39224.0], [60902.0, 39187.0], [61091.0, 39034.0], [61155.0, 38544.0], [61222.0, 38285.0], [61310.0, 38021.0], [61321.0, 37882.0], [61396.0, 37732.0]]

size_X_E = 44
