vars = 250 ; constr = 10 
 # informations of B&B algorithm : 
total_times_used = 300.12 
total_nodes = 4543 
pruned_nodes = 0 
GAP = 0.0 
relaxation_time = 298.57 
test_dominance_time = 0.0 
update_incumbent_time = 0.43 
tree_size = 30.935 
nb_nodes_EPB = 0 
nb_nodes_VB = 4542 
root_relax = true 
TO = true 

size_Y_N = 67
Y_N = [[89629.0, 102948.0], [89657.0, 102941.0], [89876.0, 102833.0], [90288.0, 102773.0], [90305.0, 102583.0], [90571.0, 102547.0], [90632.0, 102287.0], [90760.0, 101956.0], [90957.0, 101490.0], [91015.0, 100197.0], [98372.0, 96692.0], [98807.0, 96565.0], [98978.0, 96515.0], [99082.0, 96423.0], [99136.0, 96369.0], [99181.0, 96323.0], [99217.0, 96272.0], [99353.0, 96254.0], [99391.0, 96121.0], [99473.0, 96081.0], [99509.0, 96005.0], [99586.0, 95933.0], [99613.0, 95920.0], [99625.0, 95751.0], [99695.0, 95726.0], [99712.0, 95709.0], [99767.0, 95698.0], [99774.0, 95627.0], [99932.0, 95611.0], [99958.0, 95562.0], [99988.0, 95455.0], [100004.0, 95329.0], [100156.0, 95205.0], [100221.0, 94886.0], [100235.0, 94859.0], [100250.0, 94833.0], [100259.0, 94800.0], [100321.0, 94760.0], [100359.0, 94674.0], [100450.0, 94599.0], [100579.0, 94204.0], [100741.0, 93885.0], [100773.0, 93849.0], [100797.0, 93294.0], [100823.0, 93032.0], [100824.0, 92811.0], [100855.0, 92773.0], [100862.0, 92676.0], [100911.0, 92629.0], [100940.0, 92542.0], [101026.0, 92238.0], [101105.0, 91437.0], [104801.0, 76379.0], [104918.0, 76167.0], [105192.0, 75984.0], [105259.0, 75930.0], [105267.0, 75879.0], [105278.0, 75820.0], [105411.0, 75624.0], [105588.0, 75558.0], [105647.0, 75237.0], [105681.0, 74942.0], [105692.0, 74670.0], [105724.0, 74428.0], [105760.0, 74363.0], [105785.0, 73608.0], [105940.0, 73408.0]]

size_X_E = 67
