vars = 500 ; constr = 10 
 # informations of B&B algorithm : 
total_times_used = 300.21 
total_nodes = 2771 
pruned_nodes = 0 
GAP = 0.0 
relaxation_time = 299.42 
test_dominance_time = 0.0 
update_incumbent_time = 0.29 
tree_size = 30.694 
nb_nodes_EPB = 0 
nb_nodes_VB = 2770 
root_relax = true 
TO = true 

size_Y_N = 51
Y_N = [[278350.0, 242159.0], [278583.0, 242127.0], [278745.0, 242079.0], [279033.0, 242074.0], [279518.0, 242047.0], [279566.0, 241994.0], [279596.0, 241965.0], [279897.0, 241923.0], [280182.0, 241908.0], [280349.0, 241808.0], [280378.0, 241647.0], [280457.0, 241563.0], [280475.0, 241552.0], [280789.0, 241413.0], [281011.0, 240838.0], [281098.0, 240326.0], [281245.0, 240012.0], [297026.0, 231424.0], [297216.0, 231382.0], [297354.0, 230844.0], [297534.0, 230774.0], [297815.0, 230751.0], [297852.0, 230707.0], [297963.0, 230514.0], [298001.0, 230482.0], [298055.0, 230420.0], [298133.0, 230379.0], [298358.0, 230326.0], [298472.0, 230293.0], [298572.0, 230184.0], [298610.0, 229928.0], [298628.0, 229777.0], [298644.0, 229775.0], [298667.0, 229755.0], [298679.0, 229717.0], [298759.0, 229703.0], [298761.0, 229500.0], [298859.0, 229493.0], [298911.0, 229487.0], [299016.0, 229389.0], [299159.0, 229338.0], [299248.0, 228920.0], [299384.0, 228038.0], [299600.0, 227855.0], [303277.0, 207844.0], [303347.0, 207630.0], [303781.0, 207189.0], [303842.0, 206240.0], [303953.0, 205547.0], [304105.0, 205445.0], [304279.0, 205422.0]]

size_X_E = 51
