vars = 250 ; constr = 10 
 # informations of B&B algorithm : 
total_times_used = 300.19 
total_nodes = 4153 
pruned_nodes = 0 
GAP = 0.0 
relaxation_time = 299.14 
test_dominance_time = 0.0 
update_incumbent_time = 0.32 
tree_size = 28.14 
nb_nodes_EPB = 0 
nb_nodes_VB = 4152 
root_relax = true 
TO = true 

size_Y_N = 49
Y_N = [[46005.0, 54273.0], [46130.0, 54123.0], [46414.0, 53913.0], [46493.0, 53899.0], [46663.0, 53873.0], [46668.0, 53591.0], [46854.0, 53401.0], [46958.0, 53386.0], [47027.0, 52286.0], [52082.0, 50161.0], [52425.0, 50107.0], [52426.0, 50059.0], [52815.0, 50009.0], [52924.0, 49994.0], [53096.0, 49901.0], [53312.0, 49859.0], [53372.0, 49662.0], [53436.0, 49647.0], [53620.0, 49610.0], [53669.0, 49401.0], [53880.0, 49364.0], [53986.0, 49127.0], [54057.0, 49070.0], [54082.0, 48864.0], [54318.0, 48762.0], [54392.0, 48337.0], [54412.0, 48049.0], [54454.0, 47863.0], [54608.0, 47481.0], [54739.0, 47288.0], [54901.0, 46847.0], [54956.0, 46733.0], [55109.0, 46257.0], [55199.0, 46221.0], [55237.0, 46138.0], [56681.0, 38012.0], [57454.0, 37928.0], [57480.0, 37255.0], [57680.0, 37252.0], [57721.0, 37103.0], [57936.0, 37092.0], [57966.0, 36730.0], [58050.0, 36721.0], [58238.0, 36633.0], [58338.0, 36488.0], [58383.0, 36470.0], [58460.0, 36227.0], [58493.0, 35673.0], [58555.0, 34779.0]]

size_X_E = 49
