90
3
2 16 46 42 61 41 3 25 93 82 38 53 55 22 47 96 84 57 86 5 74 36 50 74 47 91 62 6 32 76 46 61 75 16 51 37 28 82 36 98 84 28 34 97 93 68 91 22 79 86 49 85 82 61 12 41 9 62 49 4 63 68 82 79 91 45 78 92 23 96 24 53 83 87 52 44 85 34 65 64 18 30 36 97 59 40 66 37 69 9
53 29 51 44 7 62 23 26 80 37 72 6 87 79 5 55 41 14 36 1 44 59 73 36 45 19 94 41 85 6 35 45 82 20 45 72 73 6 30 83 49 85 81 5 13 66 71 95 38 33 35 52 25 66 55 89 5 11 51 48 95 15 59 79 84 86 89 75 89 71 14 52 28 65 42 28 75 36 1 60 70 55 52 70 9 88 59 95 75 88
28 54 2 17 80 57 26 68 44 44 9 91 82 79 25 79 77 89 43 91 1 94 84 4 3 60 57 74 57 98 44 74 68 77 31 31 61 23 72 75 69 86 12 31 41 22 2 31 98 21 9 98 11 23 75 56 78 44 56 11 13 53 11 17 64 51 19 23 30 56 48 57 93 88 31 54 19 57 45 87 62 19 52 76 64 66 75 59 39 29
90 15 90 40 8 85 34 91 89 14 48 81 54 96 69 68 1 89 69 42 76 42 77 100 81 58 74 2 88 47 44 97 59 2 4 77 56 15 96 91 87 71 12 87 4 24 26 36 50 25 80 42 22 45 60 43 71 3 12 50 97 63 32 56 60 94 88 56 56 94 43 27 80 67 84 81 36 46 17 1 79 67 35 89 37 48 44 59 10 47
17 93 80 67 70 67 75 79 8 95 84 66 53 4 57 86 87 60 63 96 57 66 69 40 18 61 25 2 67 84 85 35 18 7 78 7 42 11 80 59 18 84 56 21 70 50 9 64 41 29 39 4 84 52 12 18 87 95 91 47 65 67 58 81 100 29 17 40 17 33 40 85 13 62 93 89 40 57 74 70 96 99 30 53 90 1 56 54 1 94
30 49 88 63 5 11 92 5 83 64 41 8 39 9 33 58 74 90 62 98 18 12 37 48 27 67 86 95 10 95 92 55 99 60 69 11 1 79 98 34 36 5 13 85 22 10 18 93 73 28 98 75 71 26 31 66 25 74 57 21 52 76 68 78 4 46 83 45 28 28 14 55 60 41 34 14 61 72 13 1 18 41 60 46 36 24 49 66 30 3
30 37 57 92 8 72 51 27 26 74 26 26 62 45 70 75 82 10 51 55 4 64 39 61 73 34 11 44 26 45 33 85 49 28 14 52 55 25 6 91 67 27 87 45 9 92 80 29 71 40 11 50 1 37 8 93 71 92 42 47 45 20 91 66 59 90 99 2 55 41 9 33 37 50 80 30 84 44 48 70 72 81 66 37 5 68 7 22 1 2
12 3 87 22 30 5 68 20 11 64 93 84 27 67 16 38 1 53 85 11 89 15 12 67 73 11 98 17 29 38 29 66 6 29 45 64 41 16 73 18 60 98 4 26 90 28 15 50 62 21 7 3 15 23 47 62 48 63 83 3 57 17 78 84 87 92 34 15 92 40 20 77 37 59 49 52 97 85 58 6 73 53 61 96 48 7 54 16 7 46
1 100 17 66 32 38 83 48 54 17 56 60 26 39 12 12 65 34 80 79 70 55 91 88 27 95 44 26 3 81 52 83 22 17 97 57 86 88 20 16 35 69 8 13 92 61 50 34 72 9 98 20 42 57 72 36 34 70 47 81 73 28 88 2 75 8 21 78 89 35 99 71 62 73 33 25 30 86 84 6 11 34 31 24 53 93 100 85 25 72
21 69 82 64 44 17 23 28 60 4 69 89 23 3 65 77 2 10 7 48 8 78 83 8 67 96 14 17 12 28 80 67 92 16 84 39 54 7 58 71 6 8 14 67 54 77 47 43 64 23 91 36 83 21 96 61 86 27 27 39 31 97 11 58 49 40 7 8 45 75 36 27 65 15 80 73 7 100 2 8 2 72 37 54 83 4 91 33 28 84
54 64 13 24 41 99 77 80 21 49 53 85 20 83 5 3 18 98 87 62 69 100 29 64 16 40 24 42 57 61 86 96 8 59 26 83 78 20 53 2 77 16 67 42 3 21 48 41 5 28 11 59 24 86 67 96 62 68 12 78 40 75 61 94 66 7 97 24 11 93 54 46 30 15 94 97 10 48 8 25 31 100 98 13 75 96 58 44 34 42
19 90 19 18 90 38 10 27 35 9 97 93 43 77 59 9 94 27 37 76 95 43 63 61 3 92 37 48 25 81 69 77 61 85 45 11 21 96 56 58 41 9 62 5 48 46 49 76 84 4 91 17 55 74 44 65 13 90 3 93 43 96 15 26 16 93 9 13 50 13 31 3 79 73 81 52 82 51 70 43 18 68 93 14 29 3 34 53 37 14
63 95 46 84 92 94 72 77 78 26 82 98 54 25 41 92 18 45 50 85 7 1 28 84 28 17 63 27 48 48 80 30 96 9 14 10 18 39 60 89 11 4 89 20 75 52 23 61 77 77 98 17 39 48 99 12 93 74 9 51 59 71 32 74 9 49 5 69 2 99 50 97 87 63 49 44 58 17 72 67 5 37 37 57 92 9 4 27 51 94
69 29 89 70 46 41 27 65 30 57 13 61 94 90 45 20 94 81 50 56 96 1 59 29 6 82 77 69 52 95 95 1 90 29 95 90 44 58 52 80 37 24 35 31 16 1 39 47 77 22 5 76 58 59 10 1 61 99 25 68 21 90 89 30 46 16 27 69 33 25 63 77 36 4 33 80 3 17 48 17 3 57 75 4 58 72 60 65 39 36
49 91 32 46 1 68 45 30 84 98 22 85 60 49 35 20 34 13 4 4 86 1 89 44 61 19 68 13 60 40 11 8 70 63 100 56 41 68 92 15 27 8 22 82 27 78 99 83 15 54 75 24 31 67 13 22 49 3 77 42 34 19 34 22 17 51 17 55 49 92 46 1 54 77 19 70 56 22 83 8 57 57 19 90 94 97 19 96 45 11
96 26 7 75 34 84 16 43 71 47 74 80 61 31 38 9 25 7 30 47 58 50 31 54 86 31 44 92 96 97 90 64 87 82 28 90 3 91 93 63 85 96 39 13 64 68 2 75 87 97 95 60 75 10 12 27 71 77 64 89 85 67 84 11 49 53 91 12 94 15 85 25 45 86 14 98 5 74 97 4 4 58 29 95 88 90 54 48 39 74
39 46 12 96 69 41 40 69 48 12 42 60 81 74 26 54 54 35 91 69 79 20 62 77 6 54 33 61 50 99 34 4 22 82 63 42 52 74 73 14 37 59 38 38 76 89 12 74 85 84 19 71 96 90 40 85 18 43 37 54 85 97 5 81 50 43 56 64 33 84 83 42 47 72 69 78 77 61 73 17 71 35 60 55 25 30 29 65 56 72
49 48 56 8 24 10 73 23 41 22 1 36 58 63 7 89 29 51 29 73 82 88 91 90 2 84 92 77 89 74 70 43 72 60 23 1 39 37 95 12 26 53 36 54 42 41 73 44 29 11 61 100 78 61 4 69 25 69 69 70 28 93 78 60 78 43 59 78 62 31 50 19 67 20 99 90 2 48 62 41 41 90 10 13 49 24 98 14 88 35
34 22 61 55 21 1 80 25 73 76 72 64 38 64 31 12 95 37 13 83 46 66 38 73 31 99 62 26 53 58 57 13 31 34 74 4 14 3 27 30 3 6 11 47 82 8 79 49 92 80 3 11 75 70 88 27 100 100 21 87 96 15 94 7 47 69 1 60 48 9 52 22 73 6 59 15 63 15 51 70 97 94 52 90 67 78 24 27 78 62
9 47 21 9 26 2 11 22 5 19 10 3 30 33 73 7 42 70 17 32 6 43 62 19 11 36 47 71 86 92 19 18 75 27 59 20 37 36 84 3 2 30 60 63 45 63 35 28 68 38 63 94 54 84 19 50 43 40 10 29 16 50 81 57 83 78 54 38 40 95 46 24 97 25 24 26 65 75 58 66 19 51 83 52 99 96 83 32 12 99
88 50 61 58 92 33 73 80 39 32 16 40 45 44 41 37 20 72 47 80 67 33 97 38 5 75 31 74 47 74 49 77 1 52 9 13 19 7 27 5 96 81 60 23 77 32 50 33 83 42 93 99 53 69 40 55 91 53 5 81 45 62 27 12 3 43 36 56 99 6 3 27 82 60 61 58 60 52 35 99 43 12 72 1 20 2 13 31 65 62
49 97 31 77 46 10 58 60 46 11 65 6 40 26 53 58 52 81 22 72 60 70 16 23 52 92 2 32 91 65 98 65 84 50 99 38 78 99 75 49 57 90 81 10 21 10 68 71 54 4 70 7 87 22 73 40 53 10 7 70 47 40 95 99 2 17 92 88 56 28 73 16 22 54 35 32 60 86 63 27 99 2 37 38 70 30 10 36 98 43
34 95 96 66 35 43 44 54 58 99 100 65 21 82 100 91 6 2 45 91 30 40 19 41 11 18 12 7 87 67 93 52 32 40 60 21 18 29 12 70 38 51 30 2 3 62 28 13 39 50 68 20 19 51 61 18 2 25 55 45 59 14 26 4 68 69 73 8 35 39 89 100 81 39 57 81 15 56 60 4 48 24 68 65 80 45 35 42 21 14
65 31 100 82 37 60 51 88 6 67 19 45 32 27 8 4 18 91 35 70 25 30 84 37 95 27 92 79 76 73 99 11 74 41 20 2 26 57 16 69 71 86 77 27 27 64 91 48 100 60 65 44 35 25 69 53 54 40 48 64 67 67 86 84 65 47 31 88 83 32 77 5 10 9 51 65 91 71 83 28 67 64 5 26 20 14 67 55 94 83
63 18 71 36 71 42 84 80 4 25 8 2 2 6 84 63 6 91 13 94 96 37 88 54 86 81 81 81 76 43 10 15 17 41 52 97 97 38 53 90 89 28 3 60 75 13 8 62 55 47 46 62 71 95 49 53 69 1 1 60 51 95 78 72 86 97 93 64 50 17 4 5 42 51 85 22 7 18 29 94 64 51 77 13 31 33 40 71 53 28
69 32 26 97 65 4 29 96 71 43 63 8 64 44 46 11 80 4 52 29 28 85 93 52 8 11 77 56 70 6 75 30 16 77 84 48 96 65 55 7 50 97 34 81 43 3 98 36 48 47 36 63 3 21 12 98 33 41 24 40 55 49 4 35 92 56 33 66 43 43 71 95 58 45 4 38 56 57 46 42 80 94 91 14 28 96 53 42 23 24
91 18 46 31 100 56 24 79 94 96 71 14 97 25 99 48 63 35 14 93 13 61 56 55 21 99 22 1 11 80 37 7 83 24 48 9 45 61 74 33 87 37 80 21 90 97 35 47 59 39 23 12 10 81 16 93 56 23 64 58 14 7 79 8 94 6 80 75 77 56 81 37 59 50 66 75 41 67 97 67 23 70 38 41 1 82 46 95 90 22
32 22 2 81 77 12 27 82 29 26 41 9 46 71 65 90 35 80 46 24 80 43 35 87 79 38 77 54 18 81 52 63 4 76 48 40 96 20 20 13 76 27 72 12 35 44 70 85 51 14 46 69 100 6 99 11 62 1 78 54 17 28 75 63 65 87 93 22 36 38 79 97 81 65 34 22 35 95 42 5 95 62 95 31 1 54 67 16 25 77
49 41 63 63 98 16 66 44 26 74 76 66 38 16 35 17 82 6 28 36 47 33 25 30 45 29 40 82 6 44 98 95 79 27 32 34 75 65 44 74 55 50 40 74 84 100 95 80 82 1 64 53 43 72 57 42 86 25 1 45 42 72 5 47 68 22 69 50 71 29 38 99 67 82 40 69 35 26 66 58 97 43 17 14 1 61 64 7 29 23
38 34 88 42 55 40 98 73 7 79 77 76 54 11 51 59 31 71 37 97 32 99 7 67 71 31 80 89 76 81 99 20 44 10 3 36 96 46 63 10 78 46 48 67 2 91 88 8 3 28 65 21 23 53 92 32 8 26 72 29 73 91 50 92 23 71 1 92 85 4 61 27 34 11 74 100 6 26 72 80 61 12 61 56 92 83 59 88 41 73
91 87 80 39 100 40 52 83 13 50 61 57 15 61 44 76 90 95 21 88 21 88 2 46 48 46 52 20 88 59 18 38 64 88 67 48 60 65 61 37 30 75 32 72 9 60 3 79 82 31 20 31 94 7 76 93 28 24 98 29 76 45 18 95 95 28 58 94 71 82 41 44 59 26 63 81 60 52 50 61 45 31 57 95 19 44 92 96 64 41
28 31 82 3 78 4 76 75 79 44 18 92 99 90 96 71 23 70 71 29 4 6 75 87 64 66 12 56 57 11 95 87 48 5 90 73 30 63 94 5 62 57 9 55 24 11 40 8 77 8 73 97 58 59 97 47 45 34 23 88 48 26 16 58 81 90 16 57 56 61 60 22 84 43 73 39 49 26 46 93 8 44 58 79 58 56 1 20 80 49
25 63 76 86 47 5 74 26 22 10 1 14 23 10 71 39 59 92 23 1 25 41 16 14 97 73 93 84 100 10 56 19 10 71 64 64 72 4 57 89 1 35 37 16 16 16 21 81 100 44 10 62 14 45 64 31 4 77 94 74 84 57 38 90 74 56 55 50 95 40 79 16 12 5 70 99 16 85 25 22 60 1 52 8 62 54 21 32 9 23
14 70 20 9 68 83 72 42 45 67 62 51 6 69 9 98 93 85 85 31 52 100 84 21 10 80 21 73 51 52 67 20 95 95 4 2 90 79 69 57 9 90 78 83 16 82 62 49 83 30 95 76 16 42 54 14 86 1 33 13 29 43 27 84 7 85 25 74 21 32 9 66 67 14 52 45 38 37 38 96 12 68 42 90 43 35 1 86 83 56
44 26 9 62 10 4 53 93 91 96 13 11 34 85 68 66 27 82 82 90 75 24 14 8 71 78 26 72 58 4 63 99 6 78 46 71 1 23 59 48 100 27 88 16 94 61 46 55 90 70 80 3 95 66 25 51 26 75 15 40 80 16 80 76 51 46 35 71 67 79 12 34 80 7 15 48 19 52 33 70 51 19 18 25 41 22 72 27 30 78
61 79 92 35 35 23 7 98 61 10 14 68 86 76 41 83 56 77 42 41 71 69 92 92 100 60 50 44 24 96 14 94 95 69 18 1 58 77 95 28 38 7 83 2 92 59 49 13 80 90 47 13 4 8 39 1 36 89 25 32 73 45 46 1 66 25 96 3 22 45 4 80 80 10 14 88 17 24 15 46 61 17 11 45 3 59 61 88 58 97
17 94 22 66 36 86 42 61 57 40 49 66 22 20 6 16 22 41 100 82 17 14 7 86 60 13 93 37 70 61 37 54 5 15 96 54 15 47 44 93 26 48 98 16 57 77 55 51 66 76 7 31 39 28 13 99 60 46 8 2 13 70 66 31 77 30 24 88 23 48 89 51 93 93 35 42 58 54 85 87 28 13 8 9 50 92 72 92 32 34
99 91 26 40 16 15 69 10 5 71 86 67 35 56 39 35 47 63 3 76 63 12 90 44 6 77 78 63 51 8 72 43 95 87 56 26 66 5 46 8 2 67 62 6 87 71 5 5 28 24 23 14 93 12 11 14 86 38 47 14 14 88 94 12 96 78 4 67 21 93 95 13 56 28 76 18 61 51 68 60 99 74 62 64 13 12 71 29 40 71
41 13 22 84 65 87 63 81 94 13 18 41 89 2 18 84 51 84 15 16 51 76 59 40 48 15 15 92 37 75 76 67 55 68 97 81 85 40 72 83 68 77 35 76 68 23 4 43 20 12 63 90 16 9 94 34 46 53 41 3 28 25 78 47 28 30 33 55 91 64 88 64 50 41 14 45 18 70 21 35 16 88 13 86 31 15 56 100 35 5
89 27 45 77 48 65 67 47 86 47 97 49 11 93 6 67 37 43 19 64 22 19 75 25 7 64 88 76 72 25 92 1 98 69 96 75 18 31 54 49 85 92 87 58 63 19 96 68 71 93 23 74 22 65 13 57 21 93 84 15 82 70 100 67 14 56 35 22 28 51 25 19 66 47 87 90 10 25 86 3 69 83 13 4 62 60 66 52 21 3
76 80 16 4 26 21 64 82 43 3 96 4 45 5 60 24 39 84 83 68 100 85 6 78 75 21 84 67 77 24 32 2 54 57 7 93 77 43 36 48 66 79 7 56 77 58 9 15 43 45 10 12 15 40 44 72 68 16 81 21 30 64 34 78 67 59 3 43 16 22 57 57 34 6 53 1 44 97 62 42 34 21 73 28 99 83 23 29 86 35
50 21 38 11 51 57 70 69 51 76 86 97 26 50 16 92 83 12 86 88 82 94 12 77 33 5 58 60 41 7 41 29 79 55 19 71 30 11 13 78 30 87 29 72 81 98 52 25 58 67 3 28 59 21 18 21 36 90 54 67 74 12 85 46 20 64 41 78 57 9 89 29 33 52 81 55 95 25 55 6 9 9 99 83 55 93 2 16 84 87
28 64 7 13 97 47 50 5 75 69 57 31 53 24 82 49 20 44 40 98 22 29 78 84 47 92 28 26 90 84 44 30 6 10 67 83 22 19 27 25 81 33 85 51 34 79 100 53 36 99 29 47 39 64 35 55 96 2 58 69 84 74 99 25 43 70 11 34 92 44 36 19 15 96 23 2 14 92 78 100 99 100 49 4 8 69 100 89 33 84
40 9 52 52 12 58 64 72 42 45 86 82 65 63 49 17 67 70 87 88 31 26 9 74 54 27 73 2 63 94 10 15 60 72 15 39 7 25 78 55 99 84 83 44 53 82 86 7 55 48 78 8 95 88 96 34 54 49 23 78 22 49 69 23 81 6 97 4 35 20 7 79 80 98 40 81 68 49 60 17 54 67 41 25 46 16 11 7 100 22
26 56 4 61 3 24 5 19 45 65 15 2 74 36 14 20 61 54 93 82 74 48 49 81 77 34 31 99 18 53 78 17 19 1 13 37 42 1 77 84 26 2 58 61 93 25 53 30 92 10 22 21 49 55 22 75 76 92 77 59 70 78 81 49 13 3 39 51 57 23 74 76 17 20 38 1 6 21 25 30 80 61 33 14 1 33 14 41 63 9
21 24 43 75 97 88 92 9 51 54 31 14 38 61 47 40 76 68 96 31 37 56 56 17 33 53 26 77 74 25 39 5 77 91 40 19 84 68 69 44 62 96 40 11 19 35 87 3 13 59 89 24 19 71 78 31 77 83 77 30 83 74 24 21 88 27 63 69 19 22 69 75 22 45 85 95 55 17 90 53 57 59 91 66 88 68 7 63 1 46
93 12 11 1 86 42 100 11 31 68 53 33 84 51 58 40 73 43 45 99 45 84 88 19 65 18 46 63 94 98 45 95 15 55 87 81 43 79 26 18 36 45 76 73 95 100 15 22 53 14 80 48 23 85 84 9 59 9 63 40 79 22 65 64 26 45 51 21 70 53 21 4 12 14 54 69 18 13 23 4 10 92 58 40 65 53 35 55 2 70
68 95 14 70 57 78 38 96 47 96 53 36 50 78 20 18 51 90 83 53 44 33 88 31 33 70 88 63 90 79 53 32 40 45 88 89 73 75 6 8 51 88 95 26 92 3 57 46 59 19 47 35 22 100 2 58 12 39 14 56 65 71 78 43 76 89 9 13 75 71 34 16 17 28 57 61 23 3 27 85 88 70 30 51 71 20 12 38 44 53
58 1 46 62 96 51 62 94 9 67 58 30 74 18 28 54 35 14 32 3 13 14 2 81 75 19 18 24 21 88 90 84 6 66 24 47 86 86 34 82 56 39 74 10 50 79 52 45 57 61 15 50 96 62 87 85 51 93 88 29 93 85 27 20 16 15 68 62 43 51 27 86 75 99 39 19 36 65 83 29 66 98 69 69 43 38 96 16 79 17
74 86 57 31 81 70 32 34 47 49 17 43 39 60 49 63 33 1 5 37 65 100 43 34 63 12 5 81 31 86 44 48 59 57 25 60 98 92 8 76 50 9 8 52 17 53 42 86 66 51 64 23 13 40 38 66 47 10 59 57 85 17 8 83 15 61 53 35 58 7 57 75 23 31 32 49 99 22 69 31 67 96 29 59 30 64 17 57 3 47
60 9 26 36 82 5 60 45 1 31 29 75 56 33 38 95 32 62 5 52 65 25 58 100 92 19 96 24 80 4 93 77 50 77 25 22 23 15 13 19 5 55 58 4 25 19 56 3 57 42 7 34 56 85 32 18 41 63 91 14 29 63 47 40 87 27 53 5 24 95 62 64 1 99 48 74 40 79 93 22 6 19 50 24 80 3 42 56 10 27
61 64 39 68 94 78 90 10 80 13 64 56 4 42 49 40 99 85 75 97 84 13 40 62 27 79 24 22 61 19 58 100 18 87 7 6 82 8 6 71 2 4 84 25 39 22 31 79 29 12 80 57 80 23 31 40 33 14 31 1 10 71 42 97 85 99 63 36 45 34 6 70 3 99 53 81 48 33 29 36 48 49 75 61 71 95 1 16 7 61
31 98 38 77 86 59 13 23 84 88 14 89 23 82 60 67 75 55 20 25 89 2 52 33 65 78 9 87 76 5 29 59 80 65 99 93 80 9 25 20 89 15 66 99 86 85 18 36 99 54 84 31 23 100 1 46 44 75 29 41 20 67 69 20 32 99 40 62 28 23 10 9 60 55 81 70 64 50 97 88 76 27 37 5 2 84 78 20 76 75
27 1 73 28 74 77 33 71 73 78 24 8 88 31 92 75 95 18 74 22 72 40 25 46 97 22 11 55 14 85 36 97 80 68 95 90 48 89 27 3 98 29 11 93 56 70 16 33 63 42 90 92 22 78 78 12 86 56 39 12 48 20 3 93 15 69 50 21 84 42 18 38 80 1 54 24 100 61 90 37 65 12 18 51 88 31 86 46 90 79
75 46 30 76 34 35 58 84 66 63 38 8 38 42 84 32 37 81 60 22 75 57 4 83 37 34 21 12 61 72 64 57 60 16 11 84 61 74 79 61 83 9 54 67 3 3 91 28 50 61 28 57 86 62 65 29 20 2 92 54 65 90 30 99 13 37 67 36 50 69 18 25 95 59 29 30 100 88 47 46 18 23 79 38 1 62 1 88 71 82
29 84 66 88 19 30 25 96 50 20 96 82 61 51 12 12 60 73 2 25 77 44 24 51 96 4 53 12 64 84 1 84 97 49 10 98 16 91 4 47 80 86 67 17 57 100 16 78 46 21 50 98 97 98 79 14 48 19 19 26 31 100 33 92 90 79 97 92 81 18 5 15 51 59 48 91 27 33 88 64 33 72 3 28 12 26 8 21 32 97
34 5 64 81 73 82 29 25 34 84 77 36 6 12 77 7 45 52 3 6 53 38 26 25 32 47 42 25 12 97 93 21 25 26 56 60 61 71 75 74 54 61 34 34 82 38 17 24 1 17 67 33 48 62 82 26 8 44 58 100 59 32 24 39 19 29 65 46 3 84 1 60 81 51 5 16 53 30 78 12 38 53 90 25 91 3 42 72 63 25
9 11 63 58 39 74 31 55 11 9 76 44 71 86 11 24 24 80 1 82 10 16 83 22 64 82 26 94 41 73 87 78 39 25 47 82 97 58 64 59 72 60 31 62 45 88 16 78 16 61 32 54 69 32 11 65 26 47 96 98 73 35 89 61 45 90 24 97 70 86 19 64 16 7 9 44 62 28 4 13 81 75 8 42 3 67 82 23 98 43
42 7 82 51 51 20 33 79 48 32 1 18 20 29 46 75 69 29 25 75 21 17 26 14 96 27 30 92 86 3 53 85 97 85 88 76 97 86 71 86 30 34 92 90 66 44 9 33 62 22 91 19 22 26 41 56 95 63 36 52 79 80 47 9 76 26 69 12 79 26 67 86 26 95 15 93 53 47 54 21 57 78 68 1 70 86 81 39 49 45
51 53 47 46 46 64 53 18 97 35 80 44 5 43 63 90 22 11 54 91 86 79 76 67 96 64 7 12 18 94 4 72 80 15 67 89 20 77 92 75 46 9 19 10 56 96 77 97 98 7 6 90 42 44 8 19 70 19 41 69 94 17 8 52 72 50 2 20 4 58 23 83 8 37 21 1 95 58 75 29 49 79 3 76 87 33 100 76 26 5
1 97 48 60 18 27 53 44 47 12 60 81 81 94 13 40 12 74 31 29 38 75 36 28 89 26 98 70 65 8 5 50 73 31 86 3 84 36 69 6 30 53 4 83 30 31 27 88 60 84 23 44 78 5 79 89 5 78 87 51 46 65 72 94 37 32 74 78 84 1 45 24 35 57 8 74 19 17 92 76 49 66 96 53 75 34 21 13 30 57
38 93 73 66 76 91 49 38 84 24 22 39 43 46 96 15 71 97 9 37 16 49 68 22 77 89 5 5 59 44 38 41 29 7 60 54 74 28 15 82 79 77 80 17 70 90 39 64 74 63 13 85 81 64 33 36 37 35 15 21 74 11 26 45 40 39 93 15 61 82 23 21 60 21 76 86 92 67 10 97 92 68 18 2 81 30 9 71 57 8
47 74 19 77 51 95 85 14 44 80 50 81 29 94 48 31 41 49 60 88 59 31 27 60 92 35 26 79 60 25 77 60 41 66 2 47 71 48 3 52 45 57 21 86 81 10 14 9 79 80 68 55 86 11 9 27 46 47 62 27 52 24 71 30 61 100 8 28 30 30 88 27 12 44 18 89 79 80 27 76 65 58 83 14 52 17 86 86 99 15
46 9 18 79 16 100 6 78 85 96 76 43 30 95 76 26 72 52 12 49 45 78 66 73 30 24 20 45 51 7 80 8 5 56 47 96 85 7 18 65 6 95 66 35 25 95 40 23 86 76 82 18 92 58 38 84 52 66 71 91 35 79 22 50 10 26 33 57 28 46 37 46 54 75 3 23 100 44 55 52 26 12 91 84 57 30 94 5 4 96
69 100 6 91 93 65 20 21 71 33 62 69 29 21 68 24 62 49 2 69 19 8 90 96 66 83 22 53 71 50 61 97 8 93 37 25 88 39 95 49 37 52 100 18 98 12 42 36 52 74 58 35 16 76 21 77 56 18 68 71 79 15 92 4 28 75 48 14 60 38 44 38 46 31 15 22 87 81 73 83 62 72 2 64 6 35 15 53 53 39
82 66 28 79 1 72 66 18 54 68 21 24 12 93 20 36 38 74 18 98 4 16 71 78 21 24 49 97 64 9 74 5 48 26 2 21 27 1 49 2 62 43 52 46 39 90 65 81 4 19 100 36 93 34 20 85 61 26 4 51 48 81 95 100 40 70 90 57 45 50 89 8 73 20 35 63 2 42 98 95 74 38 11 56 90 92 51 61 68 36
7 72 41 80 8 77 48 46 35 100 26 49 10 2 9 50 47 26 96 69 69 33 63 25 32 9 27 29 95 71 46 58 92 93 25 28 27 67 100 86 46 34 99 5 58 5 70 24 50 52 5 86 81 66 56 82 89 73 24 88 80 54 32 63 10 27 68 1 98 45 83 60 72 38 3 2 49 81 91 65 31 99 95 96 13 84 39 71 64 59
35 31 75 6 5 25 5 43 18 76 8 48 80 47 54 95 68 62 21 70 79 68 52 19 71 54 79 80 75 35 92 67 84 68 71 47 34 81 6 60 49 54 42 5 28 3 86 31 17 32 62 66 94 3 100 88 74 16 30 88 100 58 10 69 45 76 61 58 22 13 78 97 21 40 1 83 18 80 44 93 15 78 2 79 53 63 10 4 36 38
61 63 53 15 90 79 57 23 100 58 67 79 48 53 48 28 65 49 11 39 55 83 39 22 60 43 72 31 46 85 69 7 7 95 76 13 61 13 81 37 99 44 99 59 43 62 56 69 78 9 56 97 6 32 20 33 40 63 84 72 70 5 99 68 84 89 93 52 48 65 72 46 80 12 39 2 44 82 73 45 38 20 79 34 81 86 66 95 20 7
80 54 79 87 46 59 53 77 62 46 8 46 90 80 71 60 99 69 90 51 23 13 10 61 19 80 60 89 52 68 57 86 42 48 12 98 76 40 33 100 3 63 23 78 63 32 52 21 100 54 20 51 36 14 50 6 33 26 69 100 56 40 88 88 22 70 28 31 61 5 47 46 94 72 36 20 18 23 40 95 40 7 58 46 8 40 15 59 93 39
7 87 72 74 42 32 97 53 61 95 96 87 9 81 91 12 25 26 45 24 84 13 51 75 10 91 74 83 45 89 55 38 93 47 43 28 83 24 95 28 38 62 25 13 7 48 30 81 35 2 4 1 12 75 10 79 26 88 61 86 90 55 15 11 10 29 17 94 97 75 14 48 72 52 94 62 24 53 62 17 72 29 58 75 80 94 15 92 49 1
91 20 48 94 92 68 59 59 96 39 26 99 19 56 87 46 84 74 85 95 26 29 95 88 1 76 41 41 72 81 72 11 97 47 66 17 5 91 39 52 88 83 72 50 88 74 32 86 10 4 79 33 9 51 50 62 90 19 14 20 21 42 17 36 37 97 51 37 52 19 15 82 16 75 50 96 36 7 94 87 23 23 77 8 77 10 62 15 23 98
68 78 87 1 35 30 45 23 25 31 42 8 73 60 39 50 60 4 3 96 15 61 65 65 45 34 32 84 25 79 64 52 4 51 84 7 4 87 57 80 54 51 38 34 89 43 73 50 39 9 38 43 3 80 29 34 4 54 66 47 92 82 79 1 28 25 20 61 19 15 8 70 62 51 28 66 12 13 19 33 83 80 43 30 25 21 9 66 35 72
65 86 93 10 45 63 59 65 24 83 26 79 71 28 86 8 85 15 85 22 95 98 23 49 54 2 22 75 16 68 37 45 9 17 59 62 85 68 71 15 1 37 51 42 2 71 90 26 89 100 88 93 87 51 34 62 3 9 61 60 14 79 67 11 14 90 67 36 83 14 28 39 16 23 83 88 43 36 32 48 79 94 42 14 48 25 64 18 34 43
91 77 47 94 19 67 93 4 1 91 87 15 76 91 85 76 30 47 55 91 14 2 32 6 92 13 92 79 45 93 5 52 99 90 71 13 10 10 69 55 10 28 25 95 16 22 3 69 13 16 79 40 88 16 57 40 98 29 99 76 72 21 84 75 37 61 80 70 69 44 52 57 16 19 58 2 28 48 56 95 2 71 55 31 82 97 20 84 11 68
35 37 100 43 28 56 45 28 27 80 8 45 7 30 6 32 16 10 73 50 57 62 34 35 16 93 39 71 23 25 18 27 100 93 100 89 19 42 67 50 30 76 69 61 61 35 68 25 81 53 75 76 52 90 16 26 28 42 73 5 61 11 65 100 58 86 41 66 89 13 80 34 18 20 43 81 85 21 38 100 39 3 87 12 100 80 90 57 10 16
63 66 27 28 87 76 23 5 84 15 94 36 63 81 11 93 80 2 30 67 49 25 36 77 46 55 2 31 43 5 66 60 35 7 74 5 57 64 65 42 60 42 77 45 42 8 22 96 35 47 52 64 50 34 62 32 52 35 17 50 86 91 70 67 100 24 84 3 47 36 56 16 77 95 55 12 6 97 37 52 23 24 87 70 85 92 28 87 33 18
25 5 6 17 17 24 4 64 57 71 79 36 52 88 32 100 8 27 98 61 17 71 3 31 17 77 16 34 42 82 35 99 28 84 70 25 90 21 90 48 85 93 76 26 95 24 88 20 15 65 39 19 100 61 3 5 66 22 86 82 13 36 16 79 75 8 91 41 31 73 89 82 87 78 37 33 4 1 85 72 29 77 55 24 73 42 8 12 67 30
25 49 93 89 54 46 3 14 25 9 18 73 15 63 46 19 81 25 80 6 1 62 58 22 14 22 62 57 9 91 31 30 24 71 90 62 11 12 32 32 48 21 68 57 60 8 35 84 90 70 32 21 75 2 16 11 23 27 51 6 42 55 21 72 30 50 5 37 37 19 85 64 65 8 67 74 16 7 77 16 15 64 13 33 11 3 90 9 58 67
85 65 52 16 47 94 7 17 52 54 7 50 71 74 74 67 15 25 93 66 95 91 36 49 54 30 84 60 29 28 15 39 12 95 37 85 38 11 31 80 78 83 92 6 9 100 17 85 17 96 83 64 98 62 53 62 95 47 82 90 52 44 99 90 31 59 72 24 78 94 31 16 19 51 98 40 55 4 82 93 32 23 43 81 25 66 66 53 71 80
62 56 10 6 72 22 29 46 77 71 9 90 97 41 6 85 42 39 28 34 72 82 68 85 65 17 90 92 69 48 6 14 20 71 32 50 39 15 5 49 91 63 63 86 62 12 92 8 41 96 39 14 28 83 52 90 64 36 88 28 75 78 7 96 72 5 58 73 32 86 72 32 98 35 78 38 17 35 82 91 99 36 98 29 15 92 14 93 28 98
35 56 88 89 25 81 25 60 42 35 25 71 23 74 22 45 24 100 37 17 48 57 47 92 55 48 40 72 86 22 77 93 31 99 5 79 33 63 28 62 20 16 78 76 22 65 93 56 20 7 76 52 49 62 94 39 99 23 50 10 100 71 84 18 60 98 78 67 27 46 39 41 13 92 87 78 86 44 56 55 39 49 44 1 65 89 1 97 28 71
22 5 62 11 76 39 19 12 23 65 33 12 88 56 32 1 18 72 96 25 18 22 53 65 28 79 62 10 95 76 62 62 75 41 78 33 26 50 89 58 81 94 77 13 57 92 95 40 32 37 99 66 1 22 95 56 71 97 53 74 91 77 62 54 42 35 67 76 44 80 77 62 3 69 43 37 14 10 18 23 88 37 3 40 8 40 33 35 50 41
63 90 68 16 26 65 73 64 12 76 54 49 83 7 15 54 18 28 54 20 11 40 77 28 43 68 1 82 72 45 66 84 8 98 57 45 51 38 18 3 10 3 33 59 6 41 67 1 66 91 63 74 1 63 85 63 98 33 90 49 96 41 8 95 2 56 56 24 4 99 39 20 20 4 99 24 28 14 8 15 3 29 23 83 20 15 82 72 66 42
43 47 11 62 77 98 25 81 47 72 89 98 74 10 2 93 21 3 60 23 92 67 95 3 58 55 25 68 84 26 43 17 10 10 87 98 2 82 41 33 33 67 68 97 95 83 61 9 91 51 92 89 88 15 4 44 50 68 65 94 77 28 87 87 25 41 83 7 21 78 31 70 66 86 47 55 48 81 74 3 75 100 85 23 65 71 42 100 60 4
89 36 27 94 6 36 26 100 63 67 72 43 21 90 92 99 8 92 73 2 85 79 36 43 79 15 81 76 36 46 33 22 77 34 56 11 3 6 96 7 33 94 36 66 47 45 21 3 31 40 33 3 85 87 46 94 76 16 98 1 55 61 99 87 4 18 30 34 30 17 81 29 54 98 52 78 26 99 25 82 20 12 91 29 46 54 50 51 94 10
6 41 10 93 63 73 96 10 44 38 19 46 100 71 57 3 3 24 31 51 62 18 11 26 18 30 21 92 6 67 61 70 50 2 71 85 88 29 19 7 43 36 24 85 24 81 49 61 8 36 51 77 7 81 44 48 53 97 94 75 82 90 70 65 10 55 77 85 38 91 21 96 48 8 97 76 82 59 50 48 81 88 4 78 71 35 34 62 92 94
78 39 43 14 3 37 42 29 69 16 77 3 12 76 23 36 23 38 70 65 88 2 78 4 88 9 98 38 32 29 67 49 38 59 39 37 74 32 18 37 88 60 11 73 25 52 21 61 3 83 40 62 100 75 23 14 47 52 24 11 69 34 27 97 93 21 23 2 41 67 20 92 79 30 62 54 83 14 11 88 68 59 87 12 65 54 25 60 91 73
53 4 24 100 27 51 89 68 57 59 60 33 47 6 36 13 20 40 27 50 95 66 67 47 55 13 4 1 5 53 51 22 37 5 67 42 17 13 21 95 63 99 61 57 48 54 69 89 6 90 20 6 64 45 71 82 10 15 30 63 84 71 63 76 53 13 99 85 23 66 85 90 35 68 96 36 41 56 54 89 75 36 57 72 38 57 51 95 6 18
94 73 48 55 84 10 88 67 65 35 13 35 58 74 88 37 99 9 5 12 63 38 58 2 75 78 97 11 22 47 9 85 97 50 54 67 66 34 88 10 88 24 57 86 46 90 57 70 66 45 39 88 87 94 85 73 62 62 66 77 66 42 3 7 26 89 12 59 32 63 97 7 1 79 22 10 72 55 4 9 7 38 43 27 87 17 57 7 78 49
2 76 27 20 89 41 38 76 25 11 94 63 96 93 31 43 14 18 94 33 43 78 14 85 94 10 54 21 90 6 75 18 46 63 54 57 5 21 6 24 37 62 61 34 77 84 94 94 54 81 33 90 63 94 5 48 82 10 28 63 73 13 31 21 50 55 53 80 74 26 95 84 51 89 69 31 56 94 64 36 4 30 69 28 30 42 70 95 91 95
29 55 38 53 61 45 22 23 66 84 78 55 7 86 27 8 9 45 32 96 13 40 82 15 34 95 93 72 66 91 14 51 47 67 56 69 94 63 29 75 37 63 81 22 37 51 63 44 41 94 65 88 39 95 29 40 60 30 67 57 17 79 89 60 54 28 34 92 45 44 42 2 78 61 68 33 83 38 22 21 22 32 54 45 83 82 57 63 27 4
43 61 36 84 11 9 79 72 4 60 77 1 64 16 70 77 36 96 38 61 48 97 42 54 33 100 65 63 80 89 57 9 98 30 14 92 29 42 15 24 14 74 72 81 67 76 84 78 41 59 5 10 22 49 53 14 55 71 97 37 36 27 59 35 60 17 56 96 10 86 68 38 33 4 69 40 1 13 98 95 94 4 67 90 78 66 82 23 39 2
17 54 15 13 1 99 45 83 89 60 84 98 56 25 10 34 61 65 26 19 7 1 22 67 11 73 3 44 64 25 70 57 89 72 18 75 24 95 38 56 46 66 19 93 94 26 89 3 54 86 22 62 96 22 14 85 92 9 88 76 27 18 46 34 77 33 33 48 40 18 40 16 96 22 49 16 97 18 99 47 32 67 100 7 42 7 11 69 13 3
49 18 1 100 98 68 2 83 26 93 69 38 84 7 27 62 81 27 85 23 2 96 46 25 82 62 32 8 63 97 4 64 5 91 78 82 84 6 53 37 55 17 22 71 3 1 49 59 46 59 65 51 2 92 20 25 97 2 2 94 66 75 66 5 72 6 48 77 20 26 15 70 61 66 45 66 82 20 68 6 59 48 96 30 59 79 31 51 18 73
35 45 50 100 78 58 13 16 76 97 4 93 90 75 88 38 14 98 47 83 61 32 18 27 69 57 16 84 12 38 60 16 26 86 23 69 31 17 7 13 3 31 69 52 17 6 33 42 24 6 30 15 98 9 78 43 17 50 37 55 36 6 32 11 5 21 51 6 36 97 9 69 92 40 35 93 86 21 76 1 5 50 6 97 61 36 95 25 10 32
46 29 91 35 69 31 41 6 90 21 90 5 34 52 97 97 67 4 57 36 6 79 12 33 25 10 81 38 5 94 77 69 91 78 96 10 12 19 5 46 72 23 89 70 23 74 38 52 31 60 74 29 61 65 98 45 53 84 66 100 38 91 63 44 89 98 47 60 15 94 69 68 6 17 99 14 5 5 51 75 92 45 20 58 72 3 99 39 39 99
10 77 56 98 89 51 66 49 18 27 46 44 82 65 64 2 58 18 67 70 38 58 31 35 62 61 57 82 48 62 10 54 21 90 63 92 77 71 99 35 5 6 61 6 77 17 55 88 40 25 53 22 56 4 16 1 66 71 80 33 52 57 53 68 1 92 25 96 67 55 53 32 47 44 7 46 41 68 29 7 25 76 88 75 50 26 74 79 52 60
59 67 56 20 36 8 27 57 76 24 73 6 75 66 45 98 65 56 62 24 5 37 21 10 95 75 30 13 72 59 63 2 21 88 78 51 20 75 54 11 15 14 29 71 6 89 13 78 66 29 27 32 92 73 31 57 98 48 34 79 33 23 88 36 56 51 90 35 28 98 5 91 95 39 17 28 35 71 73 30 34 43 83 52 80 28 73 71 17 87
92 64 38 77 90 44 8 11 70 71 1 12 41 9 79 22 43 85 65 40 54 58 85 54 84 77 49 28 57 86 23 19 10 56 49 69 89 39 64 67 14 78 47 53 54 84 6 90 92 91 73 62 84 89 30 83 49 93 98 72 83 5 54 52 75 4 16 5 77 50 28 11 54 49 18 27 24 56 70 47 27 53 53 79 12 12 42 93 66 41
26 88 47 64 46 37 56 91 9 4 36 48 85 67 80 22 26 67 80 94 29 28 1 17 68 82 27 24 68 41 69 9 9 44 95 50 41 1 32 82 71 49 95 32 13 32 82 21 19 98 11 42 57 3 16 72 55 39 90 98 78 92 33 83 89 65 40 73 29 76 4 19 75 89 64 99 90 21 71 40 74 12 56 47 45 22 38 42 40 12
55 18 13 77 34 12 70 97 23 57 48 25 59 9 46 78 22 38 62 74 54 61 6 16 8 32 88 83 70 69 17 88 45 84 44 87 7 54 24 86 61 10 94 17 53 22 75 98 47 32 72 4 84 20 33 92 79 4 27 39 55 86 12 98 17 98 93 7 30 98 59 1 59 19 45 79 6 82 99 21 13 96 10 94 9 61 3 25 32 85
62 12 66 23 90 96 78 100 45 75 20 36 21 29 44 34 51 71 82 95 25 24 81 5 31 53 4 80 9 91 62 61 12 95 2 34 94 15 19 68 33 6 82 41 25 37 90 81 5 47 10 45 61 10 2 81 74 23 90 98 11 52 99 35 36 28 42 90 35 97 16 97 66 62 9 67 67 48 29 32 16 60 22 24 26 54 50 73 87 41
77 61 48 77 92 69 85 47 1 32 84 4 14 66 83 94 14 89 6 82 75 76 51 49 28 24 73 84 13 5 81 47 70 50 84 65 18 4 48 7 56 46 61 33 8 16 20 46 89 5 55 34 91 42 74 56 72 19 3 45 97 98 79 48 65 65 91 39 22 28 86 52 55 63 28 67 75 6 55 70 62 22 16 29 54 4 89 73 27 31
78 80 70 98 42 51 65 31 91 73 25 64 60 98 68 77 30 52 43 1 86 2 30 50 96 42 65 89 81 15 80 44 63 47 90 25 32 12 41 81 81 21 8 26 10 23 92 31 61 29 21 63 99 63 34 35 5 39 97 37 68 32 39 17 95 62 43 37 75 73 72 36 53 71 4 63 99 24 96 58 97 13 99 97 89 80 29 2 30 14
64 23 34 61 34 46 56 61 97 57 3 41 66 92 90 89 100 20 30 43 98 7 63 80 46 43 88 23 47 15 30 58 69 68 79 75 18 6 36 25 49 61 66 7 72 70 28 76 77 37 66 87 6 4 80 53 88 65 20 26 20 21 17 13 40 75 36 73 38 21 88 100 94 20 36 84 15 28 99 35 61 92 76 55 49 49 24 66 26 82
66 35 79 49 55 3 56 74 57 43 63 63 58 71 75 30 34 58 51 88 6 39 59 71 69 53 85 63 1 30 25 40 25 9 14 74 92 86 22 79 83 8 41 46 60 89 48 100 70 5 36 9 69 21 85 60 55 68 43 42 79 58 58 81 78 42 10 96 98 36 29 11 18 32 67 34 91 95 32 67 4 86 13 27 82 8 40 91 77 83
19 24 28 1 37 2 11 7 94 53 28 88 13 58 73 26 1 66 62 50 58 95 98 96 19 79 37 16 67 63 14 67 38 28 67 43 20 26 23 32 4 9 73 37 48 51 91 16 53 14 85 9 23 7 73 42 87 20 96 29 75 94 1 19 78 17 43 24 72 7 2 34 1 75 24 27 43 21 99 64 8 86 37 7 98 77 65 57 56 45
91 64 76 100 25 78 29 47 50 3 52 3 65 60 60 85 86 18 15 12 38 33 72 6 87 98 2 83 51 18 41 49 18 6 52 49 82 32 92 70 45 38 23 86 46 10 82 53 47 25 30 35 51 7 54 13 69 38 97 73 90 83 73 53 97 38 39 9 80 39 62 5 17 47 21 9 10 75 56 54 27 75 89 59 10 77 54 19 81 71
9 30 89 11 37 11 91 10 84 47 58 91 60 13 40 19 40 20 3 87 79 95 87 85 48 43 10 5 37 48 56 27 31 71 16 33 2 52 52 11 35 12 25 67 2 40 90 11 66 73 95 65 69 67 62 16 64 26 10 31 9 85 57 100 53 63 60 99 12 97 81 76 30 13 89 35 69 98 25 5 9 58 9 44 48 23 1 21 52 19
36 2 16 37 91 39 53 76 14 10 64 97 75 11 16 40 51 13 8 11 33 25 32 17 71 69 40 33 42 87 53 16 97 66 50 14 29 43 58 11 38 5 97 20 29 26 91 80 50 27 46 71 33 15 57 75 68 3 41 10 9 74 79 59 89 47 11 35 25 61 67 23 73 12 57 10 95 76 32 77 72 55 24 82 44 96 96 29 27 29
43 21 96 42 56 48 98 2 34 29 39 63 43 81 2 25 53 88 91 76 9 14 40 84 80 52 16 16 89 25 81 74 2 56 19 7 92 38 36 88 29 67 7 19 74 67 69 31 43 74 44 52 98 27 74 20 33 54 50 6 95 24 55 58 28 70 9 30 51 11 66 67 76 94 64 87 68 60 44 45 73 23 65 76 55 50 100 83 82 53
7 79 36 74 46 28 91 83 89 23 86 27 31 70 13 41 71 75 64 16 46 42 42 56 30 41 55 13 26 38 51 17 76 69 55 64 84 89 4 34 37 95 92 30 95 97 10 14 14 55 80 65 47 15 72 27 67 61 10 36 8 67 52 75 24 51 38 21 72 8 47 83 76 79 90 25 88 46 5 59 74 56 8 38 60 5 51 95 32 19
88 79 58 95 75 8 32 36 51 83 93 94 42 15 68 32 52 32 93 36 99 81 10 85 28 23 26 55 51 90 43 21 5 56 27 86 75 52 61 35 95 8 71 12 34 54 74 97 90 2 10 96 32 19 63 33 5 63 54 84 61 23 80 5 52 63 67 22 50 97 8 87 28 98 17 22 12 57 66 33 91 74 75 69 27 88 25 19 76 63
33 48 70 56 70 59 43 94 48 69 26 71 89 90 22 14 34 45 63 37 60 57 95 41 10 63 48 68 30 94 68 99 73 61 58 25 66 12 62 93 92 68 60 49 72 25 14 80 13 98 98 46 24 58 93 14 43 63 88 54 83 71 38 91 77 39 32 6 30 80 80 100 98 42 14 90 31 65 66 84 43 13 90 74 67 59 88 40 93 1
13 18 89 41 100 8 16 74 72 100 28 58 43 84 41 67 5 98 16 60 11 52 21 5 79 46 40 79 83 27 95 49 100 8 89 84 84 44 85 5 91 63 14 62 91 84 21 39 86 18 83 99 24 68 19 7 63 39 27 45 8 39 94 7 3 56 16 87 55 4 22 12 41 91 30 84 18 39 16 58 77 34 95 20 64 2 15 37 46 71
65 5 22 28 71 87 36 74 77 79 10 91 67 17 47 75 100 13 7 60 96 81 65 38 73 30 34 17 84 64 51 73 19 20 61 78 52 85 99 2 47 73 95 29 19 22 78 39 60 33 56 6 22 37 23 70 54 48 47 52 63 77 27 50 60 26 1 95 86 71 32 5 45 69 64 52 71 30 35 37 83 58 16 85 27 54 43 44 97 100
82 81 1 37 68 70 58 11 42 61 40 27 55 27 33 71 62 60 81 61 6 33 83 49 35 63 55 92 1 50 69 76 43 28 53 45 70 45 23 28 10 2 55 65 41 33 26 79 78 15 34 49 56 42 79 80 69 23 66 85 51 92 59 11 96 86 77 45 81 43 21 92 51 1 13 80 88 68 99 26 59 41 88 43 10 41 25 78 71 12
76 100 26 46 82 74 4 5 92 37 77 35 89 86 100 11 95 77 18 17 69 90 47 52 95 63 91 89 52 49 92 41 63 37 12 36 12 48 7 69 28 39 46 72 5 17 74 38 49 64 17 89 79 48 97 67 54 60 25 9 28 16 93 73 66 51 31 77 44 78 53 100 53 82 93 26 15 17 19 91 26 55 62 50 53 98 17 57 38 20
60 87 23 92 81 20 1 100 9 53 97 25 25 38 1 21 95 27 29 100 18 14 4 72 30 56 16 26 46 73 74 79 74 99 32 34 40 57 49 65 100 23 59 19 89 2 65 37 23 95 55 73 20 80 64 34 45 17 29 84 15 42 98 48 16 22 22 21 42 14 1 79 14 21 8 62 41 2 54 36 46 5 22 81 34 14 40 28 92 74
93 82 14 66 74 82 59 55 19 29 93 81 37 66 29 87 45 55 19 38 79 50 81 4 64 91 13 85 69 28 90 24 27 56 78 33 41 77 86 24 46 48 63 83 83 63 12 7 1 73 41 39 44 26 51 48 39 85 63 44 19 49 40 70 44 27 68 7 50 93 93 80 72 68 48 44 39 83 87 83 59 71 52 27 22 71 81 38 89 79
7 1 56 10 94 68 61 11 30 43 49 6 46 9 94 83 18 85 27 54 82 32 89 83 14 52 57 4 65 46 40 19 77 84 77 38 9 32 86 62 46 77 89 10 62 27 81 20 47 39 15 40 73 97 37 22 60 26 60 86 94 32 76 100 43 27 95 18 27 74 76 62 8 56 86 13 5 16 7 47 67 13 79 64 4 21 54 43 62 38
63 61 70 71 53 93 37 98 98 2 46 8 32 10 68 47 85 96 86 40 76 15 55 95 85 92 62 4 17 10 12 18 36 6 14 82 94 20 39 98 89 44 72 2 78 14 93 41 48 21 77 96 55 77 57 62 74 56 27 70 9 33 97 40 45 75 90 43 34 43 85 100 25 35 74 74 69 45 88 94 27 90 37 82 37 89 46 71 76 50
1 45 14 61 49 11 16 35 96 5 49 66 95 52 16 91 20 80 42 30 61 93 63 9 49 66 64 1 83 48 1 85 71 69 67 45 3 70 60 56 34 67 24 86 8 71 65 72 59 71 90 11 36 47 99 72 67 5 85 77 25 39 48 48 21 92 77 60 20 58 76 70 77 91 39 38 10 25 48 17 14 2 46 48 77 22 58 74 60 65
93 64 72 88 76 82 29 8 80 43 45 20 31 65 51 13 89 22 18 59 20 82 98 55 41 75 71 56 88 76 90 52 35 10 5 97 81 30 12 7 39 93 82 70 82 78 60 71 92 36 94 54 81 27 74 42 32 17 45 41 11 17 71 33 3 94 57 51 59 20 15 89 24 80 31 76 90 34 44 70 52 75 28 78 34 22 24 42 80 13
88 13 54 93 71 87 23 66 84 68 26 13 75 88 88 13 92 51 1 15 77 3 55 85 53 12 67 52 43 27 12 53 87 51 78 31 41 9 3 6 17 75 64 94 54 34 21 94 1 2 87 8 83 7 84 66 98 54 65 68 52 57 42 83 81 77 15 95 19 30 54 68 34 10 82 30 81 22 79 50 35 32 8 30 35 38 20 47 94 43
98 85 38 69 45 95 62 90 89 16 54 58 16 42 28 41 25 45 26 77 22 7 57 67 17 19 49 16 21 61 34 91 90 26 4 68 39 38 17 40 36 88 45 33 74 23 52 12 12 11 60 16 23 91 22 55 63 39 43 45 8 52 10 100 97 68 71 14 81 83 9 71 96 48 69 80 66 80 3 99 39 53 86 99 56 57 57 38 29 48
72 62 63 3 4 6 11 32 93 4 3 96 44 3 12 70 78 12 78 58 22 90 14 38 16 16 82 83 39 86 45 19 85 8 57 42 97 56 39 50 99 1 27 35 57 77 66 38 58 81 76 13 95 1 75 70 36 41 50 3 77 21 70 87 65 2 51 43 61 55 46 13 50 95 14 67 30 50 14 27 25 69 56 19 54 67 61 36 3 33
96 81 42 83 4 79 88 26 38 43 92 47 49 50 12 100 82 63 92 98 33 4 1 9 9 92 64 2 61 31 2 35 35 25 40 40 34 76 13 21 17 9 70 34 49 32 17 5 60 17 24 44 15 25 46 65 64 28 19 88 82 87 85 29 4 41 53 39 8 69 54 59 51 31 56 45 32 13 25 44 79 74 85 71 52 69 88 43 44 47
16 98 27 31 42 43 35 6 56 72 85 77 20 26 9 85 34 32 40 3 37 49 95 1 75 79 59 2 12 70 49 11 30 61 76 55 19 85 87 99 71 11 77 73 66 4 12 46 8 87 78 61 26 17 97 1 58 22 51 59 43 41 66 26 79 66 21 29 36 91 87 42 43 7 18 10 64 79 16 54 54 90 78 91 84 74 79 67 32 64
52 17 69 12 40 6 46 6 25 78 40 57 66 72 28 89 9 51 73 19 22 2 79 25 99 19 25 17 91 22 81 17 39 30 57 85 79 64 62 64 11 49 33 43 78 61 82 29 29 58 9 44 17 75 93 1 72 71 100 80 65 68 28 10 45 39 88 52 69 95 28 68 62 14 96 50 33 19 98 98 6 95 58 8 100 9 13 78 74 57
17 67 35 38 33 16 51 64 47 1 74 46 16 71 66 47 4 16 58 50 87 60 93 91 51 3 16 8 59 4 21 41 71 75 66 10 70 39 26 53 3 40 86 46 93 80 10 28 66 35 74 37 42 36 55 25 69 81 81 29 43 85 52 69 53 45 37 58 19 56 11 64 74 61 36 25 69 13 2 40 70 88 5 62 88 54 17 26 75 40
99 74 94 30 35 6 52 47 34 45 92 92 75 14 72 55 77 73 100 53 71 46 39 4 67 20 76 21 63 97 74 76 48 22 5 49 86 43 53 37 77 90 99 19 62 67 93 13 62 46 77 90 43 75 28 61 96 29 48 54 5 22 39 88 14 25 78 18 8 74 70 88 76 48 40 82 98 18 71 22 14 92 72 9 23 28 97 52 13 48
38 57 18 21 98 51 38 39 83 38 88 66 29 47 81 73 81 30 11 77 70 60 74 48 92 69 8 63 80 79 74 14 21 81 53 27 12 83 72 63 23 25 85 56 55 44 9 93 54 98 85 45 64 78 23 28 73 2 53 97 4 82 46 9 72 67 26 95 68 3 49 91 3 47 75 35 82 28 1 67 70 97 8 21 28 36 63 18 47 31
16 81 98 43 40 96 42 98 9 4 54 41 64 18 52 97 64 97 5 13 54 51 6 59 31 87 44 98 96 11 23 70 41 78 80 58 85 39 28 24 36 51 65 39 76 98 65 11 63 55 6 95 28 59 18 76 90 29 19 13 14 43 83 26 8 36 46 74 69 29 25 18 73 33 39 84 49 27 55 89 95 63 46 16 11 30 54 89 19 43
64 53 23 49 27 80 10 71 44 81 46 81 9 72 86 100 52 75 63 61 94 9 33 20 18 42 24 3 21 47 11 45 27 73 32 84 57 4 32 69 40 57 97 75 4 8 81 66 24 85 2 52 71 64 20 7 22 94 79 63 4 83 61 86 21 30 82 95 37 2 51 59 32 28 75 1 55 82 35 38 39 8 60 48 69 76 32 37 39 10
76 75 7 6 70 18 9 38 30 83 76 51 53 54 18 58 98 57 87 1 95 1 5 36 31 13 6 10 83 75 80 79 53 84 48 59 53 78 62 63 77 47 38 72 92 16 37 79 68 55 86 1 86 56 4 14 49 79 4 82 49 98 66 41 94 81 64 63 72 3 91 30 75 72 65 30 7 39 61 76 2 46 66 26 91 86 77 55 7 14
19 28 7 31 64 55 6 92 77 56 19 15 49 22 86 31 88 88 29 23 31 80 98 69 79 71 42 54 17 36 81 53 74 60 6 35 29 12 86 9 36 57 24 95 77 72 7 63 11 30 7 7 9 7 79 11 66 84 59 89 47 88 59 49 69 53 65 70 75 43 19 100 20 37 100 10 63 61 8 99 13 81 40 62 20 54 58 85 97 76
26 17 9 93 99 15 31 67 46 70 47 90 43 75 59 49 45 33 95 64 81 27 27 60 68 71 71 35 71 13 95 26 7 29 93 3 10 63 71 10 95 82 36 89 59 52 80 77 68 45 65 85 24 51 95 72 19 17 81 79 15 2 31 38 67 47 17 63 100 33 32 66 25 11 88 80 72 58 69 69 87 72 43 81 43 60 81 36 2 31
21 65 9 63 32 83 20 68 47 87 47 13 84 34 84 35 36 99 14 17 96 69 64 13 76 100 2 30 1 27 1 18 25 34 43 38 57 2 25 95 70 70 67 80 66 74 67 30 87 38 56 35 12 56 25 31 76 76 27 94 42 84 75 7 17 81 85 100 59 33 45 95 41 63 9 38 44 100 18 38 77 91 35 84 45 41 35 25 23 75
65 64 89 61 22 81 96 77 9 4 30 27 33 19 70 76 46 84 46 46 26 71 97 18 54 93 68 59 38 33 30 24 70 14 89 7 94 98 56 35 25 10 93 81 74 38 21 73 52 42 93 67 27 8 76 14 26 93 19 83 89 18 74 48 66 91 22 45 98 49 10 18 89 68 19 100 20 28 93 9 72 82 59 11 59 73 56 28 5 67
18 91 32 99 8 61 80 49 73 20 59 6 56 23 87 3 76 39 48 47 9 3 14 100 69 94 40 42 49 23 39 15 75 87 66 74 62 27 44 3 33 77 62 89 48 61 96 87 55 23 28 100 66 58 12 19 28 76 6 14 83 62 2 93 99 95 12 90 25 64 16 66 65 13 52 66 56 77 61 15 87 28 4 59 27 7 54 56 100 6
22 27 7 33 95 30 92 63 84 71 9 37 47 52 66 57 86 68 44 46 25 77 45 70 6 42 71 95 3 86 8 57 87 37 45 24 63 17 91 96 37 40 42 93 78 22 45 80 41 95 84 8 96 38 95 65 16 47 22 52 16 1 14 11 78 36 51 12 61 84 30 99 92 53 83 18 92 3 22 20 15 18 67 96 6 82 24 12 62 87
93 6 67 23 92 76 62 15 98 99 29 78 48 26 24 9 15 10 65 50 80 41 68 65 62 93 58 63 5 46 62 58 9 5 48 25 52 59 90 2 78 86 41 57 17 53 99 22 52 59 83 91 24 77 47 70 23 52 33 6 11 40 50 54 65 64 16 64 16 66 6 9 80 11 84 68 30 86 71 58 5 55 26 97 88 60 33 39 50 76
69 89 74 58 20 52 94 76 15 90 81 61 80 45 56 72 52 61 47 63 2 75 68 35 5 2 74 31 94 12 85 28 31 47 31 98 54 6 58 14 13 68 68 1 67 31 98 97 4 98 91 93 70 63 28 22 63 22 77 92 75 30 13 74 7 86 90 11 26 37 90 2 46 72 29 30 28 53 70 4 11 29 41 12 62 31 89 1 30 10
25 76 45 87 73 45 24 88 25 76 85 11 59 84 78 31 10 40 51 100 77 70 89 95 16 27 47 81 84 88 58 85 72 53 34 100 76 20 46 49 84 65 29 4 20 4 20 51 28 81 72 41 59 48 18 6 1 55 89 62 34 74 63 11 30 64 47 24 39 65 49 29 62 29 80 1 44 34 14 22 89 82 86 49 4 95 27 47 85 22
71 76 98 1 61 72 28 18 87 73 43 18 40 3 100 34 89 63 67 48 84 7 66 67 94 29 91 37 14 33 59 89 50 4 52 68 35 64 33 37 67 68 50 16 13 15 61 32 10 62 74 87 18 94 34 5 60 58 49 99 53 15 98 15 59 84 77 92 99 1 76 4 6 19 41 100 52 80 10 98 91 58 76 33 69 17 39 84 60 25
32 2 11 55 75 87 4 35 59 72 9 7 72 22 51 99 2 5 77 97 65 92 94 24 44 61 7 1 73 3 19 10 90 79 32 41 28 4 62 77 38 45 7 1 17 40 14 97 87 21 7 56 74 72 19 45 99 28 24 46 3 45 54 56 37 65 6 100 21 12 4 13 82 33 54 30 54 47 78 53 45 62 66 33 82 40 39 12 58 69
91 92 25 95 69 66 39 25 71 80 10 8 14 13 61 91 4 32 89 97 14 100 91 44 16 48 21 42 81 67 50 20 10 29 3 77 29 13 45 1 100 55 90 60 87 67 33 36 35 55 67 28 18 25 17 21 99 28 70 29 99 92 60 13 5 92 92 89 85 17 46 9 59 43 88 83 13 62 96 11 77 59 39 62 13 17 1 56 56 13
43 88 77 85 94 69 53 83 16 59 49 59 14 31 40 78 30 97 4 86 28 48 52 84 52 60 90 38 19 94 15 75 25 13 38 1 52 98 29 49 34 35 4 2 30 51 69 50 99 81 73 13 98 95 97 37 17 40 40 10 15 15 25 11 17 30 26 7 49 91 9 28 31 8 74 19 75 77 14 57 30 72 13 22 48 86 26 14 51 27
99 68 61 22 26 86 45 65 14 31 98 29 10 14 97 49 41 24 4 51 64 23 80 45 42 40 6 55 33 6 38 84 64 6 100 53 35 32 71 19 18 28 64 18 66 19 2 33 37 86 43 1 25 16 35 29 10 14 55 16 14 72 29 61 64 44 68 22 83 94 55 83 10 3 81 41 23 52 28 64 52 6 42 34 22 96 16 33 87 76
96 34 77 6 97 13 34 33 71 11 67 94 96 35 100 40 28 58 72 31 42 61 10 83 97 81 57 56 9 67 96 41 56 33 63 83 65 31 50 57 23 30 42 59 41 27 33 22 95 45 82 65 39 62 98 78 10 11 81 38 15 15 44 97 40 5 61 19 85 87 21 96 31 25 76 80 24 32 89 35 93 8 55 18 14 81 94 76 96 56
54 20 9 26 18 86 32 93 39 67 2 63 27 37 85 86 99 85 75 48 33 47 24 7 57 15 100 65 67 85 76 40 10 61 53 1 50 56 44 89 96 84 18 61 84 76 72 93 67 17 9 3 79 33 61 52 67 40 27 18 43 35 28 60 23 91 15 91 4 30 35 82 46 32 97 87 31 11 83 67 54 71 98 91 50 37 2 72 68 62
49 39 99 76 43 50 100 99 42 46 12 46 11 78 68 80 80 35 25 71 41 5 4 4 10 5 81 37 47 14 78 58 28 43 74 8 74 40 78 92 77 92 82 56 53 16 27 27 36 26 11 2 9 25 88 13 63 50 96 65 71 10 100 92 22 20 4 72 4 67 52 19 68 7 14 51 74 27 95 19 67 5 59 2 72 88 25 11 80 22
89 30 6 52 19 66 73 82 33 70 21 15 83 25 90 51 11 30 24 50 42 93 84 15 56 54 75 57 2 32 32 15 98 18 50 82 11 87 2 49 51 87 21 91 9 47 24 72 60 63 71 93 97 31 33 11 78 81 34 25 9 38 55 75 42 9 33 68 65 53 10 7 86 81 47 39 41 68 70 12 61 30 93 56 94 20 12 39 31 66
66 1 8 46 50 54 27 28 15 25 73 94 30 100 88 51 20 47 12 6 73 15 74 63 84 26 53 12 25 44 32 81 44 77 11 35 92 40 76 99 81 69 75 63 83 15 13 96 11 55 36 42 2 19 44 78 100 47 19 23 28 85 43 18 66 7 44 2 25 42 27 50 33 95 75 92 20 68 37 10 61 19 80 59 82 60 100 65 67 99
16 52 38 12 11 44 79 84 21 83 31 74 20 32 12 42 26 14 84 55 45 98 8 56 36 94 83 82 54 45 67 12 45 50 81 62 42 15 76 38 43 2 96 29 85 41 49 44 73 89 63 59 3 68 6 40 69 51 14 11 53 16 4 79 38 61 51 59 21 72 7 52 50 66 92 52 56 27 55 51 40 16 50 51 94 13 61 60 48 16
84 27 45 88 77 73 3 29 40 99 89 94 62 76 88 69 47 57 23 81 24 30 7 50 31 88 23 54 50 53 48 57 62 39 58 75 49 60 12 5 72 9 68 70 37 51 47 54 74 10 23 50 92 66 53 20 14 52 41 53 24 79 74 68 95 66 61 70 17 26 9 48 28 60 68 60 79 99 70 14 13 47 99 72 24 78 85 19 85 81
48 6 53 39 71 76 63 82 61 41 38 1 19 12 78 93 84 67 18 96 6 97 26 25 79 6 14 87 29 9 75 82 48 14 98 16 52 20 91 82 62 61 30 31 20 21 45 80 88 78 59 89 75 84 63 27 29 50 42 70 82 13 69 60 92 72 46 24 78 72 60 11 17 62 58 41 95 75 82 92 13 29 7 10 24 98 6 50 58 70
69 21 63 64 36 16 38 50 31 21 71 40 37 1 69 81 50 48 12 26 42 76 58 3 50 53 35 19 69 27 94 35 60 26 46 30 26 96 42 13 54 98 18 5 10 68 38 49 83 67 70 84 89 66 88 62 65 62 37 96 54 53 73 40 75 6 7 54 18 25 59 18 74 38 73 76 67 74 88 5 39 76 69 17 96 44 83 98 56 36
2 78 71 79 72 70 5 7 11 60 32 57 42 96 33 54 33 78 52 34 93 65 23 2 19 25 69 77 21 77 33 98 72 72 37 100 27 67 41 82 92 46 82 40 64 81 49 91 54 71 15 96 85 26 59 40 91 5 77 23 100 16 52 41 23 87 98 80 71 41 45 94 29 60 87 97 90 72 44 35 35 53 15 80 6 62 30 64 96 86
77 84 16 22 78 22 31 64 84 14 67 70 12 35 67 2 22 24 98 33 22 7 58 6 94 8 84 8 63 20 90 46 13 69 77 41 76 81 1 40 36 80 9 86 86 12 60 46 43 3 40 35 28 76 41 98 80 70 25 1 47 64 87 52 21 56 74 18 86 39 66 30 36 6 73 85 11 18 73 35 94 40 61 71 65 21 79 73 48 32
20 22 89 88 56 96 99 67 51 16 82 31 14 6 17 26 42 73 35 3 25 37 14 61 39 33 36 10 66 81 24 96 25 43 42 61 77 22 92 67 15 61 10 92 14 79 97 48 25 80 40 9 83 79 68 29 42 80 28 24 6 15 8 72 100 83 89 78 9 56 17 15 21 88 43 54 19 27 21 92 55 4 98 28 35 67 54 39 42 83
67 21 61 10 22 63 45 32 68 2 8 22 91 39 87 93 63 92 12 31 87 65 79 60 44 12 12 8 6 61 75 36 97 26 21 99 37 97 38 86 7 41 28 27 66 80 66 34 94 70 6 8 95 58 14 96 5 29 56 23 90 18 13 13 61 69 97 78 41 56 70 56 6 67 91 26 80 94 42 20 58 35 19 80 32 87 63 88 49 29
7 3 55 23 52 91 65 43 55 6 79 92 99 95 83 55 62 16 4 4 1 2 69 45 93 54 97 18 25 78 73 98 61 58 9 93 99 99 2 5 32 47 27 76 73 7 91 44 86 48 53 97 83 95 79 80 80 82 29 35 53 69 18 93 12 95 12 2 41 47 13 5 92 33 59 3 19 81 23 78 22 11 44 63 55 46 59 75 65 13
9 97 1 25 9 44 99 42 51 97 6 7 49 14 85 69 1 31 35 14 37 65 57 63 46 89 64 77 63 89 65 69 72 73 36 58 43 99 24 1 13 39 49 40 21 69 29 11 61 53 100 24 43 3 67 22 75 16 13 25 4 90 15 79 33 26 85 41 9 26 18 1 61 39 8 97 45 61 16 94 82 57 87 17 45 27 88 60 17 52
75 66 77 62 24 22 30 32 32 91 22 95 51 56 100 22 71 60 5 85 39 21 17 41 95 46 82 1 4 34 16 62 77 62 49 28 50 2 15 22 21 58 46 75 39 84 75 16 9 57 10 23 25 8 64 35 65 91 49 91 70 23 24 80 45 1 3 49 73 37 93 59 31 63 79 47 50 61 94 40 30 71 37 18 10 7 52 75 27 27
86 70 36 30 9 77 67 6 9 85 80 55 56 80 42 76 68 7 69 46 60 90 20 100 35 1 23 82 52 82 86 16 88 86 42 34 34 100 57 67 29 15 66 35 91 17 16 1 17 41 16 38 11 81 19 60 80 7 43 41 3 55 66 42 21 86 18 20 97 60 77 92 67 24 50 73 36 30 22 2 1 71 38 29 4 76 18 28 19 30
78 59 13 82 48 32 8 23 1 59 5 63 100 80 76 88 51 68 49 85 39 73 18 6 29 33 16 81 1 65 76 96 80 98 94 11 9 44 55 4 93 85 71 40 13 25 59 28 33 44 45 100 9 3 73 13 22 19 36 7 60 31 82 52 15 15 21 61 53 8 17 26 52 75 89 12 83 45 8 33 6 17 72 49 22 77 65 40 11 8
5 17 30 82 33 41 56 37 32 63 56 19 27 8 25 32 61 28 60 97 97 77 19 80 35 12 37 61 14 4 52 69 97 55 12 99 47 19 84 72 66 27 3 30 63 67 65 75 53 68 64 19 23 72 73 67 34 11 47 75 7 19 75 29 90 40 42 42 6 12 75 19 32 40 12 85 96 70 45 55 49 80 22 85 93 23 29 97 73 57
83 2 1 38 68 94 88 41 59 49 31 68 74 15 23 22 53 16 11 18 49 80 76 75 46 46 88 48 15 95 68 52 44 47 3 53 9 39 86 27 53 55 100 98 24 6 13 89 21 76 72 32 56 91 66 37 52 54 39 54 91 68 67 37 46 6 86 40 12 53 72 49 30 55 18 26 97 58 56 42 95 25 59 14 93 29 58 16 77 72
7 45 31 56 15 69 53 94 43 48 40 14 67 69 56 57 50 19 54 47 33 16 40 12 93 18 7 3 29 46 36 17 79 19 81 12 10 75 77 16 24 15 83 98 82 70 61 81 41 30 26 96 1 70 62 38 64 34 27 19 34 95 79 49 68 65 75 33 68 51 10 56 1 90 73 57 66 78 10 23 54 1 55 59 95 19 19 32 70 96
6 89 51 31 26 1 45 99 35 98 18 44 82 73 61 89 58 38 99 76 89 19 57 97 85 49 32 9 61 79 37 87 44 63 78 53 18 1 69 1 89 55 99 9 23 70 98 41 92 33 32 57 100 79 57 23 25 61 10 3 92 9 18 68 54 54 79 62 9 14 93 77 24 60 63 26 77 19 64 2 57 20 29 22 15 45 27 68 81 66
10 73 82 67 20 82 78 1 53 47 85 20 79 53 70 97 78 46 39 67 8 15 61 24 91 49 69 98 45 15 53 21 93 21 17 2 7 17 64 6 47 76 58 5 3 18 60 53 60 50 75 37 44 93 64 93 78 97 95 76 35 2 82 27 100 66 94 35 72 83 49 40 61 74 100 89 33 69 56 12 63 63 93 95 53 64 34 92 75 34
61 71 35 57 56 30 68 65 75 59 43 5 55 95 73 14 37 60 44 94 43 11 90 88 18 69 16 53 94 100 31 43 85 16 84 7 60 13 38 13 12 98 57 88 55 63 93 23 32 29 64 26 1 19 35 89 37 57 43 93 43 49 19 52 76 48 6 36 33 28 86 62 53 46 44 93 43 92 65 61 97 19 37 82 60 46 8 43 71 80
43 43 10 3 9 62 35 32 68 32 9 36 81 18 61 59 89 61 22 10 92 53 52 77 89 6 6 58 91 47 2 93 85 56 2 2 51 13 67 16 11 92 35 5 20 11 26 62 25 3 36 11 53 34 69 18 89 55 73 78 74 34 47 97 97 22 87 72 67 4 43 73 43 67 92 60 41 72 82 39 22 11 95 67 31 85 9 97 5 98
76 54 52 46 37 55 59 67 54 83 8 44 86 93 59 26 74 15 63 21 68 13 92 1 89 17 38 100 59 75 72 62 48 94 63 85 72 85 9 6 97 44 25 32 24 54 11 43 96 8 46 97 72 34 8 53 74 29 83 84 94 85 65 6 12 10 5 15 6 25 63 82 83 59 85 21 46 76 6 70 97 19 40 52 49 86 8 100 34 30
52 48 54 57 43 72 87 41 70 23 67 34 81 54 14 13 27 34 61 45 73 46 93 93 13 55 31 57 48 24 83 42 99 87 53 84 2 52 4 49 47 85 59 80 22 5 94 56 79 61 84 36 99 75 82 45 35 100 99 51 95 94 44 23 30 84 16 62 75 44 55 44 40 72 50 31 24 75 50 52 92 95 3 36 83 24 54 1 81 28
48 85 50 51 27 26 57 48 85 3 39 6 99 2 61 49 95 95 73 34 44 85 18 87 53 50 82 65 81 14 46 43 26 90 87 77 31 96 36 51 35 12 77 60 20 27 98 53 68 21 91 92 36 94 2 1 88 11 69 26 97 1 85 76 82 16 33 32 21 5 9 38 75 83 42 11 72 50 73 82 64 16 63 90 13 91 33 78 25 78
94 92 89 23 96 10 4 91 81 70 66 50 47 4 59 49 6 4 28 39 81 32 74 24 65 50 19 26 3 11 2 35 4 1 16 49 58 65 76 15 66 72 61 68 90 54 18 16 100 16 35 66 21 90 47 27 25 16 39 45 51 16 23 19 16 95 38 41 43 65 75 18 4 100 74 79 36 80 76 62 34 35 27 71 9 27 21 55 62 27
60 44 46 66 94 70 56 23 13 82 23 100 66 59 26 16 38 83 59 97 31 7 65 4 86 95 94 83 96 45 92 63 35 42 19 50 62 20 75 5 3 45 100 13 66 22 47 26 57 3 29 99 83 22 6 91 65 58 22 24 13 75 16 67 1 6 60 45 37 99 53 52 45 75 95 38 27 35 27 13 85 10 18 38 96 84 84 66 2 58
84 72 65 47 56 56 66 71 51 11 56 79 29 13 87 97 84 89 40 30 64 95 67 60 82 79 43 81 68 80 53 26 95 37 93 30 9 51 91 14 100 20 1 67 98 82 91 73 7 96 72 12 78 19 21 15 64 18 60 13 46 47 31 73 15 18 12 72 30 9 89 53 20 47 67 53 49 84 50 82 23 71 21 54 31 4 66 9 4 49
43 15 48 37 60 90 59 65 73 41 57 90 72 38 40 1 26 6 10 62 53 54 8 78 22 27 42 28 72 32 97 20 4 29 71 35 7 97 23 18 79 7 50 76 6 91 97 93 76 3 12 80 51 10 66 92 70 34 11 34 64 97 6 67 57 28 89 39 57 92 67 3 73 47 72 74 30 90 30 9 53 85 30 61 27 44 43 10 80 10
8 1 84 48 84 25 52 32 35 67 99 91 10 61 10 75 26 74 58 100 64 40 94 67 9 45 66 25 80 48 45 61 74 86 6 49 60 19 78 17 96 95 41 42 15 36 57 12 97 15 64 82 92 53 7 69 37 100 28 56 40 2 94 3 88 85 85 59 41 83 78 68 42 9 63 66 61 30 10 61 86 95 43 94 19 80 48 18 20 34
86 22 64 90 48 15 63 13 95 49 3 84 91 60 8 64 86 40 95 35 54 7 19 33 36 51 33 92 85 91 74 46 16 7 55 8 16 39 100 88 47 75 48 4 78 34 93 95 40 91 16 46 36 25 48 99 33 91 22 41 46 34 63 68 90 28 19 89 1 19 18 63 96 16 82 70 1 19 64 64 77 12 49 25 76 8 95 69 5 35
84 71 15 22 100 40 40 82 84 80 44 7 1 55 24 94 52 49 6 71 9 21 100 74 97 52 40 3 69 29 25 68 79 15 19 20 26 93 10 95 52 54 30 85 37 14 90 91 99 6 5 75 35 46 85 31 18 92 53 81 98 75 78 21 38 31 91 1 13 96 58 65 93 68 78 95 76 31 58 52 48 65 24 78 7 56 40 55 51 35
18 83 63 68 36 57 39 85 64 60 1 45 86 54 29 27 70 63 43 51 40 24 49 28 85 11 27 58 77 25 58 7 29 29 93 65 72 99 38 19 93 51 58 89 94 48 61 81 36 64 84 91 72 98 7 11 75 78 21 59 17 69 29 77 54 7 35 60 85 74 36 29 100 51 16 96 2 30 49 72 2 34 28 82 12 34 32 52 12 24
32 97 15 64 75 27 76 71 92 87 72 19 53 24 89 26 28 47 42 32 63 30 96 8 72 4 18 2 73 52 38 64 23 15 95 95 65 26 60 36 53 28 75 11 76 15 52 79 49 36 60 67 26 6 85 45 50 63 27 60 84 78 48 33 37 4 7 51 81 57 77 57 59 35 89 30 68 97 10 54 40 91 65 92 4 99 42 58 17 82
35 53 70 77 85 10 18 90 38 22 53 11 41 26 19 48 51 21 58 74 69 6 92 46 6 80 22 11 92 74 85 79 66 47 26 47 25 65 90 22 46 48 55 49 100 49 67 97 8 91 7 29 92 19 24 91 78 42 22 59 30 15 22 85 62 57 64 34 7 8 76 33 75 70 47 9 15 83 88 94 1 86 54 52 50 86 7 11 13 70
91 14 38 98 92 74 36 79 97 70 96 49 97 89 84 17 98 32 88 43 77 19 80 73 88 100 55 31 51 15 82 63 24 66 32 98 90 68 87 25 55 8 83 23 85 90 12 56 22 42 64 98 86 11 18 26 94 54 55 61 96 2 61 42 26 85 12 15 30 95 53 13 40 21 41 73 16 78 30 81 77 71 73 27 99 74 87 3 43 47
35 85 7 14 26 7 80 46 43 31 62 44 69 73 4 97 100 80 32 8 73 20 60 95 5 58 58 60 25 16 65 17 94 33 2 34 28 73 73 20 88 11 6 31 32 65 77 25 69 56 20 76 27 47 53 76 60 84 63 64 54 16 66 2 90 54 77 55 3 98 16 59 23 33 15 53 48 90 24 36 15 61 2 80 48 97 73 92 94 54
57 71 43 51 37 55 80 22 35 97 95 7 79 97 92 65 81 31 16 75 1 31 64 99 72 42 49 4 69 73 5 38 28 75 6 86 6 15 50 36 18 14 74 89 98 82 11 67 100 59 22 20 1 80 80 86 90 61 74 58 40 49 45 72 89 20 60 97 35 91 33 32 7 9 20 26 68 24 18 30 33 33 60 4 14 73 62 40 48 81
98 5 50 58 28 82 42 34 38 63 51 98 34 89 17 45 50 30 48 84 74 63 26 74 67 65 81 39 61 52 42 60 83 40 18 89 79 11 59 16 94 78 34 74 13 67 89 73 54 57 69 1 55 85 14 84 53 91 17 56 61 96 24 61 51 30 4 48 2 100 85 96 83 90 3 77 35 64 27 74 39 69 74 63 16 9 1 24 98 71
66 96 50 25 92 68 48 39 76 68 18 43 16 43 6 14 15 24 89 75 51 9 98 74 90 96 52 33 1 87 4 96 36 70 99 14 24 3 78 42 19 50 93 26 35 41 67 11 88 40 68 54 33 35 41 93 97 57 4 92 86 89 78 49 88 38 52 79 18 78 93 68 26 19 73 95 11 88 8 63 98 65 22 8 68 63 84 72 55 87
98 55 40 37 25 32 85 79 32 62 85 77 51 41 28 37 87 56 68 59 3 54 23 75 84 59 12 50 71 82 57 2 51 25 19 71 10 35 94 60 18 89 35 35 53 53 79 75 68 72 76 9 79 95 3 42 85 13 73 40 4 4 28 34 84 51 55 82 80 5 42 87 76 8 51 33 8 55 44 76 94 23 15 3 75 85 89 19 67 38
18 19 9 80 54 45 83 83 4 93 34 15 23 36 30 16 94 66 99 62 10 62 9 3 36 13 72 27 36 72 32 99 23 39 59 38 48 26 28 70 9 41 3 80 17 15 54 49 45 13 71 25 53 7 80 81 10 27 63 93 83 52 100 52 69 76 67 23 72 5 27 90 88 11 65 88 5 26 45 14 28 89 42 100 94 91 40 54 29 74
50 20 38 51 64 53 82 49 82 77 20 75 91 41 67 10 82 60 51 93 26 35 31 95 65 100 69 12 54 63 37 36 33 28 35 96 35 34 72 43 49 17 38 90 9 77 23 74 73 59 64 81 34 44 79 98 26 50 28 91 23 10 24 57 57 83 73 66 43 84 94 65 54 73 14 9 88 45 87 63 37 30 85 55 14 54 31 3 52 77
94 56 1 96 70 13 67 31 58 47 9 8 85 42 26 42 83 62 23 90 40 27 15 62 25 95 67 44 29 78 32 23 21 99 40 57 84 4 59 36 40 83 68 56 67 22 56 11 61 68 61 24 24 26 17 97 45 38 97 80 27 70 19 79 23 49 13 51 61 95 17 15 68 64 22 100 82 3 21 98 43 32 31 44 27 12 83 51 65 22
37 99 3 30 58 34 4 17 1 23 67 35 49 7 55 59 4 84 28 13 23 40 71 5 27 71 74 63 75 65 66 13 60 47 87 32 74 35 7 1 86 75 62 98 11 58 39 60 1 37 75 7 64 10 19 11 24 86 60 8 23 69 67 94 36 7 7 39 70 97 34 87 30 89 45 81 74 28 62 60 93 95 62 9 76 28 7 23 63 2
87 46 16 18 50 32 78 50 16 95 29 29 77 15 82 69 58 13 13 18 49 86 35 99 90 8 80 27 27 71 74 26 83 87 54 11 19 60 56 26 88 74 73 86 67 21 94 52 100 92 73 91 67 37 63 22 83 74 7 94 79 17 11 35 67 100 9 30 69 91 92 100 30 37 53 26 13 92 98 10 74 94 71 80 81 90 29 15 31 28
75 53 61 8 27 70 52 98 60 70 16 84 20 90 2 14 77 65 26 93 4 81 43 6 32 49 100 63 95 38 25 92 39 1 70 61 80 45 3 63 80 70 67 91 85 43 81 25 68 72 68 77 48 62 47 58 41 24 74 79 93 64 19 54 42 10 61 44 22 27 52 86 38 70 34 16 7 87 96 71 36 69 80 8 15 77 31 68 3 33
4 69 80 95 51 59 77 85 68 71 28 5 72 79 2 6 89 77 24 57 37 56 13 64 42 13 51 93 81 75 79 56 28 80 75 42 4 83 28 15 89 4 54 66 37 39 1 30 74 80 89 46 84 54 41 13 80 51 70 60 80 47 29 82 79 14 60 95 12 3 40 68 62 6 19 4 70 91 46 6 73 46 19 35 42 53 14 6 35 43
89 11 2 28 26 66 76 36 85 40 88 86 24 9 80 66 8 90 4 4 27 40 3 48 66 32 11 20 93 44 60 78 16 81 49 68 38 68 77 72 27 28 22 1 42 35 82 32 78 71 55 18 42 87 60 7 62 84 25 57 62 48 29 50 28 84 3 17 62 98 68 5 47 25 88 85 53 38 32 48 58 10 63 22 8 49 90 31 87 41
97 53 5 75 1 37 47 38 8 37 41 17 28 44 46 75 89 64 22 49 51 97 33 52 49 11 98 66 97 39 5 15 79 59 83 43 40 50 95 71 31 10 74 57 78 99 98 36 56 54 14 94 89 79 37 34 1 52 12 97 81 54 23 31 46 52 65 56 24 25 98 56 82 69 86 12 60 36 69 46 6 80 37 20 12 99 57 8 50 55
17 97 84 86 30 69 92 7 17 40 97 91 21 20 24 42 69 54 19 90 81 37 43 12 82 20 81 33 60 68 59 29 36 45 94 52 40 27 50 79 35 4 87 34 94 49 73 20 21 66 28 72 88 56 11 91 50 35 69 93 50 10 43 65 72 11 85 71 63 60 49 13 67 20 30 1 99 57 18 97 64 13 84 8 57 87 53 48 87 51
23 1 28 54 65 93 67 89 44 75 43 26 66 36 90 72 61 5 38 82 27 51 24 65 34 79 89 17 79 17 69 78 31 7 91 39 45 26 23 15 59 54 60 39 25 57 75 16 64 69 39 92 88 47 96 38 73 52 57 71 70 23 44 38 97 77 65 17 64 64 94 32 99 76 10 24 63 80 35 56 84 7 9 3 48 49 70 52 59 33
31 82 8 57 5 27 43 7 87 75 79 23 2 46 17 30 73 22 49 1 49 27 20 9 69 25 69 24 21 13 92 10 40 79 86 77 46 57 22 58 50 38 28 76 99 90 21 70 48 25 42 81 32 31 57 47 76 53 45 7 44 35 99 35 80 33 34 88 42 32 27 24 83 83 91 46 65 55 22 3 31 67 25 43 17 35 83 69 96 78
17 28 82 89 28 87 54 92 66 37 86 5 52 58 32 32 40 85 20 99 75 70 18 22 79 56 56 36 4 79 62 32 58 37 79 60 90 25 30 18 9 76 19 92 98 85 81 79 89 2 54 38 61 26 7 84 80 99 46 90 1 90 89 4 39 87 100 15 79 70 64 87 44 14 51 93 18 92 11 12 86 13 51 62 78 3 7 66 43 82
47 46 44 34 35 85 13 83 26 72 96 76 75 24 69 18 15 66 58 39 20 22 75 64 61 52 56 6 61 96 21 85 15 72 45 97 52 83 34 4 86 49 100 35 44 60 88 45 52 53 74 24 37 86 38 85 12 31 80 78 42 85 35 59 72 19 10 61 50 84 86 82 18 3 52 14 86 60 90 81 14 93 28 24 82 76 58 94 54 54
17 17 45 67 46 18 40 93 36 23 60 58 34 84 28 46 50 36 87 60 7 70 10 71 19 50 3 44 81 48 79 69 61 47 37 12 53 84 57 63 33 94 83 43 47 30 89 51 1 85 41 99 27 10 12 53 100 13 24 40 8 46 6 93 78 87 43 29 29 8 88 60 52 59 35 4 49 32 1 74 86 56 30 53 37 91 70 75 40 37
7 5 96 21 62 4 18 38 37 30 22 88 92 59 83 67 10 39 10 48 50 64 17 99 81 7 67 20 10 79 74 26 38 38 63 87 79 14 35 59 61 46 15 60 29 60 8 26 10 59 29 43 62 17 58 47 53 55 81 76 8 74 77 96 87 2 31 34 73 100 57 75 32 80 16 2 18 95 49 19 72 16 61 16 88 3 83 52 30 54
57 95 62 34 7 93 86 24 27 42 53 64 48 25 59 55 31 9 52 12 27 72 21 33 76 11 69 99 48 18 46 87 35 92 97 72 3 28 100 43 16 39 42 86 87 3 78 28 70 32 29 31 48 84 75 84 15 73 53 26 48 8 77 14 41 83 91 22 43 54 71 94 61 17 81 5 42 13 60 64 100 76 42 44 93 2 64 82 27 56
16 43 50 85 22 67 54 4 46 75 98 40 4 62 39 41 79 16 36 60 9 97 36 76 84 95 57 100 63 71 1 9 41 6 45 54 64 67 79 91 71 11 25 95 65 99 34 25 37 10 28 85 16 61 50 65 100 50 47 21 50 16 50 25 9 57 52 89 2 42 87 16 76 30 41 88 65 72 25 10 12 56 72 81 41 56 51 57 25 98
37 36 69 45 8 75 82 44 100 85 33 72 36 38 73 80 99 59 62 72 87 42 37 51 100 60 19 64 67 8 12 51 5 82 4 48 55 47 67 86 86 94 95 97 14 38 77 47 5 31 61 47 36 65 38 28 87 100 15 29 10 49 92 98 42 35 2 56 38 46 46 41 33 79 40 21 31 56 19 27 7 91 35 47 91 98 46 67 94 9
20 30 75 83 84 14 42 46 45 11 5 32 90 93 27 91 13 11 55 88 21 24 100 24 14 73 4 39 66 84 84 79 10 21 79 9 11 38 95 1 69 93 74 12 1 74 52 33 30 75 26 14 79 88 82 45 97 10 11 31 1 88 31 29 78 87 45 68 41 44 20 88 85 75 7 60 98 4 80 21 20 24 84 23 59 75 58 84 24 62
64 15 85 24 52 6 48 65 4 19 21 54 1 86 94 67 46 63 34 98 35 1 8 6 24 75 46 64 20 42 28 38 59 92 28 25 92 56 6 33 12 62 42 53 31 16 42 57 73 95 89 33 2 66 35 45 74 85 81 17 57 43 19 78 23 54 18 99 45 29 72 100 31 46 23 67 26 46 75 79 91 65 78 65 40 86 48 90 71 68
78 43 12 88 78 48 64 97 39 5 21 5 59 16 63 41 37 74 6 15 36 10 83 73 94 43 81 73 67 54 70 35 11 45 28 46 83 90 63 54 2 13 89 47 31 40 20 53 12 75 28 81 86 8 62 38 80 78 83 24 76 93 60 81 79 3 64 7 89 22 79 46 20 85 30 7 71 63 16 74 89 97 66 35 23 24 69 54 47 67
47 84 48 36 21 77 38 15 96 91 81 86 61 19 6 26 16 98 50 74 66 47 67 6 8 63 25 16 30 5 23 33 37 91 4 11 97 26 95 76 33 55 54 60 91 6 34 77 62 45 6 49 81 23 77 31 41 92 69 96 66 27 87 61 67 51 5 39 1 41 22 81 47 26 77 88 88 1 32 90 73 80 19 66 27 9 62 31 9 79
33 46 96 56 95 79 43 4 60 85 59 85 51 71 63 39 8 5 25 70 3 27 26 84 31 28 6 76 4 79 21 91 32 94 50 70 50 8 48 90 37 27 11 39 88 9 46 27 50 24 29 40 34 65 49 90 40 94 83 31 27 23 50 35 91 69 81 49 90 73 99 80 52 83 80 87 2 86 14 59 74 50 40 99 21 44 64 48 46 39
79 90 97 26 97 42 56 92 83 2 31 59 48 11 72 4 39 91 27 39 62 41 21 13 52 73 38 31 19 32 12 49 32 87 23 75 31 65 58 43 51 26 46 55 100 4 56 10 86 12 16 31 84 42 100 92 70 99 80 18 44 82 78 41 27 90 30 87 45 1 25 58 73 43 62 52 47 31 17 51 10 93 43 57 90 20 88 81 34 82
7 2 67 10 53 75 38 39 47 86 76 7 74 66 64 92 8 78 83 39 30 6 82 29 100 35 83 54 26 35 54 80 20 51 16 27 30 27 97 39 34 34 100 28 9 98 7 99 69 1 70 8 59 30 32 100 71 68 58 79 97 31 30 38 87 85 96 66 97 67 71 80 85 24 11 89 6 92 55 6 63 10 57 69 75 85 36 55 72 82
65 43 48 77 85 48 64 6 30 53 90 22 17 48 19 57 50 83 38 28 58 60 1 61 13 14 34 70 66 20 54 89 83 6 48 57 82 74 80 28 94 18 44 88 68 62 85 100 96 86 75 18 100 54 1 54 1 45 84 38 67 38 74 21 58 89 50 66 4 75 90 33 64 35 78 78 70 96 25 82 4 37 86 47 57 8 40 77 28 97
66 2 76 73 3 33 85 27 86 78 2 31 51 64 47 18 52 20 100 60 9 48 79 42 99 90 35 66 85 31 76 87 31 65 50 29 4 38 47 95 56 85 63 6 96 90 77 31 13 6 75 99 72 67 45 37 30 42 47 93 61 50 19 36 29 88 36 70 39 54 94 30 19 40 88 31 67 61 84 18 90 33 75 64 73 34 94 24 87 88
18 9 20 41 74 39 41 52 94 30 33 16 66 67 35 55 91 84 18 12 59 54 56 98 93 51 76 94 87 49 99 90 77 88 43 33 23 99 13 90 3 100 21 71 48 14 14 12 16 12 45 79 21 23 93 49 83 99 40 13 18 56 13 67 89 91 1 53 73 47 58 79 56 65 11 46 90 89 5 50 52 69 6 34 13 67 27 25 34 55
33 2 57 31 76 91 97 53 68 11 88 27 20 72 25 43 6 94 56 3 12 85 7 87 55 11 35 87 4 42 23 20 60 4 27 5 41 23 51 2 80 81 5 97 1 8 61 23 1 54 98 22 18 17 17 93 62 75 13 86 48 92 6 15 45 98 92 50 39 83 62 17 69 97 17 48 68 79 41 69 80 20 53 90 67 5 23 48 65 2
56 25 75 49 45 13 33 27 10 44 69 1 23 38 51 91 43 26 25 99 36 10 72 100 78 72 32 83 3 31 31 49 86 31 85 100 100 47 70 17 53 26 63 89 59 82 75 58 63 46 38 96 28 60 90 36 15 81 52 70 37 68 98 38 93 34 95 47 16 26 87 42 55 34 45 72 62 81 58 49 26 38 66 39 30 86 100 61 7 88
52 69 60 7 75 70 87 34 17 55 53 20 39 41 28 58 22 78 9 37 3 75 79 57 6 54 23 91 91 69 21 26 48 38 95 94 15 4 25 31 40 20 20 78 75 93 19 77 70 67 48 40 14 56 7 78 51 88 68 45 53 88 24 98 70 17 87 56 6 88 68 35 40 15 63 40 96 79 48 30 71 9 72 98 52 49 63 8 81 56
79 39 32 86 56 39 72 90 6 5 16 1 1 2 84 27 86 44 51 24 94 78 4 56 11 43 49 43 38 92 80 45 20 38 82 88 28 26 19 53 54 12 66 5 89 71 85 12 44 72 77 86 70 97 50 26 68 60 13 39 38 58 42 72 88 75 28 89 56 63 8 54 72 29 39 1 44 5 33 33 84 1 40 7 87 16 9 69 30 84
86 68 6 48 46 39 59 19 55 99 65 99 5 73 79 60 32 82 80 24 69 39 2 69 68 60 77 68 19 78 64 76 6 29 13 80 19 8 13 69 97 78 42 49 96 59 27 80 91 80 63 32 69 66 38 44 41 25 63 96 55 56 37 20 70 73 12 64 36 16 45 81 25 31 12 41 94 39 66 97 71 17 67 51 44 42 96 20 1 9
45 16 28 45 78 55 7 38 81 26 87 92 94 25 62 38 66 63 4 84 77 9 15 42 25 72 26 67 39 13 74 61 60 94 64 22 46 8 18 19 82 64 47 38 72 47 40 91 74 51 57 10 88 71 19 13 52 32 10 88 59 49 78 27 38 74 79 16 29 29 42 75 32 85 100 53 38 63 32 8 34 93 90 73 40 30 68 63 92 77
83 42 59 8 85 68 89 5 36 93 91 78 25 87 85 25 51 49 32 65 10 17 27 20 100 17 58 86 63 99 28 6 77 47 81 13 56 24 99 84 8 57 22 86 72 66 45 32 19 10 56 72 6 36 29 99 92 65 2 68 95 62 67 29 51 68 16 75 85 23 54 38 47 77 12 63 83 77 26 87 43 81 67 70 99 13 68 99 41 72
47 48 27 65 37 22 9 77 2 72 17 68 71 18 42 13 23 84 72 87 35 9 29 26 20 82 41 53 12 83 69 67 12 78 80 63 73 75 88 11 77 80 69 81 96 31 31 4 55 54 79 96 20 69 87 67 17 61 28 23 2 54 39 56 53 8 88 99 2 51 77 70 10 86 50 77 16 59 70 45 35 22 58 57 13 30 78 74 98 55
7 95 25 70 85 61 67 61 55 86 91 36 96 70 80 15 68 18 33 68 75 17 54 63 42 46 11 95 33 66 7 35 15 79 72 9 19 62 20 47 76 89 53 15 71 4 88 96 23 32 72 39 66 44 23 9 45 16 45 67 11 13 68 30 16 67 96 51 99 84 38 28 3 22 33 49 79 31 81 12 19 33 12 100 88 20 45 49 19 76
27 92 4 73 77 46 77 19 92 12 38 90 88 87 77 89 87 74 54 17 77 65 8 59 21 72 67 67 10 4 78 95 33 47 51 10 89 16 20 24 79 5 61 54 69 13 51 56 83 42 28 65 75 7 36 18 37 13 90 36 47 50 18 24 77 17 5 1 22 31 9 50 53 91 9 56 29 52 35 14 70 48 13 61 53 39 2 27 73 22
28 11 15 15 59 44 4 95 43 52 78 15 73 58 59 70 79 55 17 31 23 96 35 7 73 25 72 60 77 99 5 30 2 5 50 69 33 51 60 73 18 66 9 53 74 37 46 44 30 61 49 19 56 67 55 65 53 18 30 57 20 93 50 100 40 90 21 70 70 69 26 66 58 25 26 79 32 82 30 100 11 72 42 22 44 4 74 17 18 93
92 15 91 33 6 98 74 47 87 94 78 91 29 67 42 20 69 74 38 54 22 65 94 54 62 32 54 32 85 50 2 80 18 47 94 85 5 56 56 76 50 47 69 54 62 3 45 13 48 41 78 47 72 51 96 12 49 18 23 34 90 18 87 24 79 81 40 45 20 69 76 58 50 11 62 11 53 10 31 8 94 74 92 13 69 20 77 86 96 26
9 82 17 44 42 32 87 11 23 88 47 100 90 81 81 92 48 82 84 17 67 53 58 41 23 48 6 80 49 84 30 7 89 68 45 2 24 68 41 94 80 85 4 5 93 34 97 83 34 87 26 16 64 1 63 59 68 94 100 64 36 39 22 100 58 100 70 14 28 13 26 22 55 1 13 97 59 82 44 84 73 45 38 77 53 50 70 40 69 12
4 49 26 24 74 60 2 28 43 21 93 17 21 5 47 86 18 69 53 82 36 32 67 95 70 40 54 49 20 3 89 80 88 67 83 1 63 31 22 78 83 63 32 78 45 25 61 26 89 7 78 40 91 50 100 91 48 55 7 11 3 67 44 90 74 25 71 54 89 89 93 38 62 77 46 46 82 58 49 8 24 37 68 30 77 65 91 76 49 97
35 24 7 82 27 75 18 74 68 4 25 99 40 13 75 6 69 40 47 30 77 4 16 77 86 54 85 90 58 65 67 88 50 87 43 26 33 23 24 63 50 95 26 31 89 4 17 46 96 69 79 100 49 29 13 50 38 13 79 69 43 56 49 47 19 98 80 73 92 25 51 48 86 58 15 71 33 71 26 46 32 77 29 82 60 12 54 45 86 82
41 3 29 69 39 19 100 63 25 3 77 98 42 40 92 27 70 92 90 90 65 13 100 74 53 50 94 86 18 43 25 81 30 65 94 19 79 22 19 15 96 78 98 8 3 99 25 77 86 2 17 14 8 96 45 70 9 66 95 5 60 76 49 87 100 12 65 45 71 75 50 29 13 2 68 84 6 89 91 76 57 87 43 31 24 94 19 90 29 18
66 30 30 48 27 71 33 21 100 30 90 37 76 21 91 32 81 18 56 15 18 9 8 91 90 49 21 67 81 96 12 69 25 32 2 35 18 25 38 59 51 56 88 69 100 48 100 39 46 7 29 74 60 14 96 26 13 16 96 65 23 87 84 24 86 92 68 46 76 9 72 44 11 40 53 1 2 51 10 10 67 18 3 1 81 3 66 59 26 93
64 6 2 28 8 24 94 69 38 38 92 61 90 61 74 46 70 93 77 33 82 26 81 30 39 92 88 16 77 43 64 24 61 84 51 31 97 79 71 18 6 47 6 70 78 8 39 21 57 14 14 45 4 93 45 6 69 14 39 60 81 30 100 73 38 3 47 59 4 59 42 11 45 88 80 28 70 56 82 46 9 3 75 35 1 3 36 29 4 73
42 79 18 58 46 87 2 32 90 5 62 15 62 91 66 90 89 38 28 13 76 94 46 53 28 51 2 30 79 30 36 41 27 20 93 85 87 77 86 88 31 23 5 79 100 82 59 64 17 88 90 80 25 55 28 26 93 33 24 9 58 3 63 40 69 46 26 16 84 31 40 43 36 64 53 44 94 70 15 30 82 72 90 51 33 26 45 94 47 38
44 97 2 31 22 13 100 45 51 56 86 89 68 9 71 37 31 15 11 84 88 10 20 73 49 27 77 42 72 79 1 52 9 58 44 14 33 61 29 44 35 6 28 54 92 76 13 9 73 89 34 70 71 72 63 29 72 6 74 90 7 58 46 54 21 78 20 80 58 94 12 59 53 7 10 7 16 17 66 17 76 37 9 90 19 15 79 92 6 32
35 12 21 75 5 3 64 18 48 51 13 55 33 68 22 98 5 1 37 95 99 67 67 66 72 5 4 71 95 63 79 34 68 5 70 43 82 3 55 97 22 57 74 11 51 23 29 6 80 76 93 62 68 52 93 79 20 46 10 17 2 4 27 94 15 48 84 46 98 56 95 62 84 94 3 61 43 51 66 37 68 99 40 41 29 42 46 18 63 49
54 52 26 20 47 75 80 74 43 9 35 58 19 26 29 30 81 41 22 49 51 38 56 7 31 17 38 87 31 35 96 87 98 46 4 10 40 99 16 30 27 52 15 17 87 41 47 82 45 56 77 48 99 53 55 80 42 44 10 57 84 2 96 80 71 32 99 79 86 47 91 13 48 46 9 70 46 15 1 99 16 10 56 98 22 83 15 49 24 58
63 4 69 43 58 44 69 92 85 92 6 94 18 2 27 14 70 46 17 63 48 41 70 94 74 86 100 69 21 94 98 60 24 97 62 43 48 92 71 88 1 60 93 75 99 96 93 69 47 74 54 46 55 12 76 44 18 15 37 72 30 14 100 80 100 24 12 14 31 30 77 70 70 33 66 90 79 10 46 34 22 83 45 30 15 39 78 18 60 73
5 10 4 81 76 88 23 51 1 63 29 94 18 99 35 45 72 68 9 24 80 7 23 84 60 60 78 15 22 34 64 68 80 53 47 55 71 89 62 16 46 53 55 29 39 35 55 48 63 6 33 52 78 8 91 87 41 98 35 67 64 71 100 54 95 30 17 19 5 97 27 20 25 49 7 87 60 7 79 3 12 64 85 89 14 69 17 86 45 9
62 87 79 74 56 31 25 90 19 87 29 19 27 67 35 60 87 17 22 60 1 40 46 97 46 7 13 57 5 16 95 17 22 4 32 36 62 92 55 30 13 58 89 44 16 40 78 27 100 77 14 1 37 28 61 81 93 43 16 12 94 73 5 12 57 55 60 90 51 21 97 40 13 71 8 85 79 85 31 25 30 31 26 97 97 58 78 10 66 52
89 32 41 54 57 16 30 98 19 54 68 64 19 68 4 90 71 97 66 86 81 25 11 13 9 50 10 32 19 19 30 92 99 62 14 63 40 72 60 49 51 3 42 55 29 53 2 100 26 54 29 48 47 23 86 58 52 12 30 49 90 4 16 35 16 27 84 95 54 3 32 100 47 76 62 100 47 92 6 33 72 62 17 53 75 16 22 20 72 15
41 27 66 20 100 80 49 11 36 21 98 84 84 28 83 69 19 47 18 94 84 34 30 2 88 43 14 26 95 89 70 2 40 79 25 62 24 28 85 91 3 23 83 65 61 30 73 5 33 87 2 81 14 36 96 80 21 75 11 89 29 97 4 82 59 75 75 23 99 5 57 63 18 52 34 20 56 74 53 15 57 1 84 83 54 30 68 98 25 58
43 87 27 7 48 16 52 29 43 76 42 89 58 89 90 88 65 50 65 39 7 26 98 79 8 76 19 64 61 18 91 25 20 36 58 65 56 81 44 32 48 88 48 49 29 46 64 31 19 55 80 73 55 66 8 30 21 61 59 83 13 91 89 8 40 47 16 83 36 4 54 68 87 81 23 26 48 99 25 52 49 97 72 60 18 35 3 64 19 43
20 38 3 40 41 23 46 20 50 28 66 12 97 31 56 34 31 61 42 63 13 64 8 10 78 28 31 64 86 2 94 55 46 94 36 56 38 87 49 41 45 55 39 40 34 3 12 77 63 69 7 39 30 7 21 4 39 42 11 47 93 2 65 9 10 70 22 39 67 10 62 100 12 39 49 10 64 64 78 93 86 26 69 61 2 4 100 27 6 100
93 36 58 35 65 46 82 83 80 9 77 46 45 93 66 25 59 6 4 100 12 88 64 28 17 23 19 5 61 25 80 9 29 63 54 87 45 39 32 30 94 33 26 43 6 97 76 51 40 10 25 93 36 98 21 16 31 69 34 71 92 72 42 47 95 16 28 60 54 21 63 92 35 96 37 79 97 37 49 41 29 66 11 6 71 13 9 20 37 33
79 94 86 32 59 73 25 93 6 83 96 28 6 14 98 47 29 2 31 20 85 94 48 18 91 45 91 29 84 17 52 27 66 2 74 8 69 52 52 60 90 6 83 35 61 66 6 68 17 8 72 14 60 19 91 7 22 92 70 80 29 69 29 3 5 58 14 23 43 88 83 33 83 58 85 62 53 50 78 97 63 93 64 97 59 61 82 49 88 18
84 17 67 50 60 89 61 39 25 77 80 93 70 30 96 78 37 53 88 86 41 42 86 99 48 85 73 94 90 21 80 70 83 89 47 40 20 42 40 79 49 65 54 65 96 39 73 25 25 47 36 31 67 27 64 4 21 80 59 96 12 65 9 23 65 83 100 51 53 75 10 7 81 21 31 93 80 43 90 45 84 44 70 82 34 12 9 15 91 47
36 87 16 26 73 78 61 87 1 94 40 71 1 18 93 65 65 14 44 28 64 29 35 99 97 88 96 69 90 49 83 18 2 6 19 57 1 19 14 58 29 47 4 30 51 46 20 14 51 64 84 6 65 51 12 81 93 26 69 7 78 57 9 40 57 31 28 75 93 11 91 2 74 26 65 82 16 49 6 38 33 1 57 3 72 98 22 96 98 90
46 1 5 43 42 93 66 7 21 10 14 59 17 54 13 69 92 22 63 73 80 24 12 72 37 31 42 56 51 51 51 99 37 88 54 51 47 23 55 75 50 53 18 27 42 76 4 51 37 56 61 38 82 65 90 80 50 89 54 49 36 23 76 73 24 78 42 85 92 83 84 93 62 63 66 62 66 9 52 18 89 52 58 17 19 11 83 92 12 18
64 73 89 24 4 38 50 79 12 38 81 31 19 96 72 17 81 100 8 28 93 25 23 39 19 4 95 62 9 67 3 34 44 18 15 66 89 73 17 86 43 37 15 44 43 62 77 24 88 4 6 98 17 75 8 53 43 81 15 56 25 4 71 3 72 45 97 37 31 81 66 18 78 68 15 53 27 94 22 74 91 53 62 23 25 92 98 47 58 63
65 11 39 76 17 12 30 27 66 96 11 66 70 6 33 80 27 92 39 13 63 37 54 93 76 45 54 68 36 66 53 36 45 32 57 83 81 61 11 25 32 88 89 57 66 80 60 87 100 54 8 22 3 38 96 24 63 52 19 53 65 44 2 39 89 74 77 99 91 15 97 2 12 21 60 55 33 35 76 71 77 2 68 83 18 47 81 19 46 48
25 81 75 54 31 42 49 47 32 94 36 55 79 54 89 14 10 25 67 35 10 20 13 25 90 45 76 11 1 61 53 48 55 88 6 33 71 35 52 45 97 5 44 84 61 41 65 2 75 95 18 97 55 69 89 38 4 96 51 63 86 32 21 23 11 34 60 96 49 68 28 18 74 24 11 9 20 74 61 50 46 3 44 78 54 51 67 6 68 100
28 28 49 13 99 17 51 94 77 18 3 38 59 38 67 74 2 27 100 67 49 20 68 95 42 65 84 39 89 22 51 40 89 76 94 15 38 25 57 7 69 16 26 9 76 69 47 92 80 94 49 16 72 13 38 77 85 56 75 76 48 33 38 76 3 91 74 65 64 5 86 26 88 10 92 18 39 74 58 19 95 30 47 40 25 45 86 78 4 62
14 53 80 97 98 57 86 12 32 21 66 40 26 78 37 24 21 59 69 36 84 64 92 97 96 91 10 96 12 90 54 28 80 56 47 15 98 55 12 98 83 58 64 15 14 5 37 34 77 69 57 53 71 96 45 42 29 44 42 72 13 67 76 70 7 58 70 56 43 44 14 56 22 64 64 39 3 6 52 13 100 90 77 99 82 41 64 68 17 19
45 57 45 63 37 25 48 13 24 68 82 41 89 41 45 67 67 37 55 100 16 95 53 79 97 18 29 84 16 4 43 33 97 89 38 39 81 28 6 28 83 14 29 1 80 41 42 67 46 34 96 12 85 38 14 23 30 87 45 75 82 82 97 35 42 32 46 82 12 16 55 96 64 55 29 9 43 44 36 26 63 64 98 75 52 7 45 47 79 70
16 22 99 95 34 52 86 96 90 39 16 14 53 31 15 60 94 71 50 67 57 6 92 45 53 59 11 84 65 70 17 77 100 21 54 36 33 12 6 89 58 46 31 48 100 44 91 100 61 18 11 40 15 12 20 57 87 80 89 85 25 47 19 39 97 76 47 12 22 53 21 5 11 20 38 61 3 80 92 1 23 84 37 29 84 43 87 85 87 40
18 31 28 84 37 91 70 66 60 54 21 88 88 20 32 93 73 14 93 12 26 64 44 23 12 70 59 72 28 22 67 25 28 14 28 42 27 64 35 4 91 100 30 15 76 16 87 27 91 97 49 13 24 19 60 44 40 23 44 9 57 15 7 64 61 44 79 36 25 64 28 53 12 49 5 69 75 73 67 67 72 77 24 23 95 16 53 15 23 9
88 67 64 85 54 9 79 9 73 27 1 37 50 81 32 5 23 65 63 75 43 29 22 12 77 62 57 42 70 11 63 75 87 81 73 72 5 29 65 59 63 32 95 54 96 19 27 25 10 88 97 79 55 27 93 45 37 86 61 20 58 64 42 65 82 32 63 19 12 87 91 4 10 85 39 92 91 3 30 59 10 22 80 80 62 59 49 80 46 96
92 59 25 84 98 71 23 12 33 36 82 85 84 12 57 56 50 47 66 50 66 94 12 61 66 99 51 93 17 70 96 6 10 39 93 71 55 24 10 94 50 25 36 45 57 19 4 73 64 59 19 2 33 5 52 2 56 61 9 57 12 26 58 82 17 39 54 70 55 18 28 78 19 94 51 79 36 71 82 91 76 92 25 6 76 68 17 67 64 2
68 8 54 51 88 85 89 99 76 27 99 58 46 21 54 98 52 38 76 27 91 1 36 40 65 97 85 21 58 55 40 46 2 55 39 86 37 12 27 77 61 23 81 81 42 32 59 47 95 30 100 52 42 83 49 54 100 66 7 28 36 90 97 17 33 4 79 67 32 83 82 27 93 27 6 97 69 88 14 72 5 24 67 68 17 49 20 64 30 79
61 7 49 38 87 49 97 27 77 21 92 32 99 3 59 22 59 97 7 2 17 27 53 25 24 83 72 41 18 8 60 21 6 48 6 91 63 2 17 20 62 84 13 7 49 95 63 46 46 76 8 92 49 56 94 85 81 87 23 7 12 39 51 89 98 15 12 65 81 40 33 73 46 35 41 70 60 74 83 35 8 52 53 51 71 68 82 59 38 17
