90
3
10 25 53 45 64 38 53 98 7 65 13 64 53 68 98 95 95 49 29 49 84 94 47 36 89 74 30 16 38 1 32 88 58 14 26 24 22 48 87 54 99 68 55 24 63 80 6 31 99 83 33 27 26 25 14 19 35 96 71 48 76 45 90 38 15 95 46 67 5 55 73 55 55 81 31 84 20 52 76 100 28 34 60 19 22 17 94 43 3 52
64 51 7 79 18 6 46 9 68 51 83 71 57 25 40 58 37 26 41 61 38 83 4 68 75 100 44 37 47 53 64 99 44 14 52 85 3 59 18 16 44 31 9 99 66 51 28 38 89 82 63 87 35 54 93 51 87 65 33 9 40 49 12 96 96 2 74 15 90 13 74 42 80 8 38 20 20 94 96 59 91 95 40 73 91 83 84 54 14 18
63 51 72 66 79 39 15 82 8 87 76 56 52 52 77 53 22 26 88 91 86 3 10 100 80 61 92 33 88 88 15 61 80 11 61 97 29 18 93 52 11 7 59 70 62 21 23 84 14 2 50 21 48 16 31 41 84 50 17 19 67 15 25 73 35 99 53 16 62 56 41 75 25 2 76 98 97 79 49 97 73 23 66 2 31 6 76 78 22 31
65 95 17 89 21 64 70 90 30 82 22 27 88 34 43 89 63 62 36 97 66 10 82 62 20 80 10 53 45 29 37 100 14 48 67 92 64 84 93 30 13 96 78 32 19 99 91 43 17 69 60 34 80 53 93 87 44 14 88 19 79 39 78 53 90 59 27 13 85 100 87 11 86 57 74 28 36 31 79 50 33 92 78 36 5 47 34 59 40 28
77 67 46 16 7 17 67 61 5 11 5 64 87 45 11 77 98 63 14 25 50 11 71 37 35 69 58 14 47 90 3 84 53 21 88 18 25 33 6 66 86 64 91 72 13 11 61 9 21 73 31 85 87 20 47 54 91 66 19 19 72 3 67 53 2 78 72 6 23 64 30 22 72 89 6 43 48 96 91 28 31 26 42 77 55 60 37 41 13 11
93 54 51 38 18 12 74 88 47 100 7 29 73 1 82 74 33 42 70 66 93 89 23 44 67 3 100 96 4 20 65 16 63 3 31 35 55 38 49 25 24 71 14 93 17 74 94 17 58 9 78 46 44 45 70 67 81 78 46 61 96 99 97 59 90 14 8 54 37 31 39 46 64 3 19 74 78 8 53 22 61 46 91 34 65 10 23 52 82 7
90 53 46 24 37 9 29 32 88 88 65 46 76 29 54 49 46 32 25 81 84 31 31 51 64 39 84 43 20 26 42 57 66 90 98 20 70 27 75 67 72 19 49 94 81 59 13 45 78 4 60 43 60 46 97 94 9 23 57 29 70 16 77 5 65 6 51 70 8 44 56 48 35 5 74 81 90 31 69 87 39 9 28 24 69 54 40 78 47 85
96 45 23 33 37 98 93 18 7 69 28 37 37 7 44 33 66 80 42 38 33 88 50 89 75 26 57 59 6 86 92 100 52 35 7 99 87 78 12 59 29 36 79 58 7 77 63 48 88 7 4 65 32 57 22 96 31 47 84 68 99 55 18 32 89 91 26 49 27 75 7 33 17 40 81 66 9 40 84 58 10 22 16 12 94 26 99 41 73 39
67 12 59 8 90 49 69 76 1 2 55 9 49 44 78 19 54 66 26 30 31 10 96 7 5 6 68 38 96 77 62 76 28 8 36 23 25 72 82 75 30 62 32 73 98 75 59 40 43 46 34 79 58 76 79 42 75 71 64 7 21 14 9 18 16 47 30 75 9 10 41 31 23 66 77 28 35 58 82 55 65 17 67 65 13 8 80 22 74 60
50 81 58 10 52 76 85 8 12 81 77 69 93 13 66 48 48 64 97 11 71 86 68 60 22 31 55 86 62 39 77 44 27 91 51 48 75 89 16 2 86 79 77 54 29 9 22 35 6 44 59 80 58 54 65 87 33 22 43 28 16 98 31 93 71 44 16 83 43 20 4 78 1 73 97 43 39 88 37 43 54 77 81 39 80 23 38 19 21 16
13 11 39 74 91 13 71 93 6 77 52 58 30 25 2 70 70 98 66 6 57 25 12 21 30 43 25 84 19 89 68 97 65 29 81 76 3 33 14 1 6 76 54 79 86 35 51 34 64 83 23 73 34 18 9 98 36 20 25 81 71 73 58 73 89 40 36 28 35 36 25 86 7 84 87 74 78 58 52 83 79 3 41 26 44 39 55 80 92 79
23 2 47 92 48 61 98 27 67 42 14 48 71 51 45 83 14 65 72 93 62 92 81 21 49 5 66 44 71 31 97 3 41 32 28 39 19 45 12 67 12 61 62 41 28 58 41 44 30 54 30 86 97 33 68 89 39 50 38 96 92 33 2 79 19 9 3 88 98 53 94 93 33 80 43 58 65 95 79 60 86 82 23 43 77 33 21 54 44 12
73 39 98 14 76 85 47 32 32 48 78 23 68 70 20 21 65 58 99 63 20 46 82 82 61 48 38 7 4 33 10 95 78 99 47 36 2 89 37 59 66 59 29 43 1 21 26 35 59 46 72 46 46 87 90 47 46 61 94 51 81 41 21 17 7 4 82 21 54 50 67 87 20 78 35 85 13 43 14 48 73 43 60 21 38 62 86 99 22 34
13 89 88 55 13 27 2 30 11 90 48 100 88 26 74 96 13 48 80 70 61 18 9 91 36 77 46 16 98 26 41 81 61 19 39 59 33 5 48 8 41 77 7 70 89 96 51 98 55 55 14 62 46 48 77 34 43 50 63 3 58 56 11 11 64 61 90 90 88 66 81 19 99 11 26 48 31 55 89 9 100 3 2 22 94 18 59 2 58 75
49 5 87 30 39 95 12 5 93 67 28 100 11 57 29 17 21 12 91 57 95 30 83 52 31 62 51 21 59 90 27 47 21 46 49 4 60 87 19 21 81 88 51 66 50 95 43 85 13 82 80 65 63 9 73 57 65 12 53 59 70 65 63 33 41 78 45 23 33 10 74 87 17 17 59 82 50 28 34 29 92 46 22 4 99 28 3 94 7 73
5 67 88 41 43 76 93 77 58 15 94 39 68 55 38 56 85 72 24 52 71 98 51 85 41 35 68 92 17 86 34 31 75 93 40 94 53 89 10 33 71 45 2 56 64 11 37 89 18 32 94 92 59 82 50 46 65 6 58 2 99 98 37 48 24 5 97 19 25 29 3 87 83 50 11 13 25 55 59 1 19 65 65 59 98 84 70 73 24 15
43 51 93 18 50 30 83 24 41 13 66 64 44 20 12 2 78 45 10 6 8 30 76 78 64 25 72 77 44 2 96 23 94 87 85 35 91 45 59 76 20 6 77 97 15 89 27 44 99 37 93 76 84 75 54 80 31 34 6 98 50 80 59 66 77 37 46 94 69 55 60 30 47 74 80 3 1 35 34 89 82 15 61 23 46 11 52 8 32 66
78 10 11 79 100 63 66 70 32 41 12 49 43 60 62 37 36 9 78 27 93 85 41 34 66 39 2 49 17 10 44 59 14 29 1 49 72 80 69 20 86 66 20 90 100 78 24 26 22 30 48 37 13 38 45 92 62 6 93 28 58 63 53 11 50 43 53 81 61 14 41 12 87 43 6 32 78 29 58 84 27 7 74 27 98 33 23 100 34 36
68 82 66 10 84 32 44 23 37 19 97 58 88 87 60 16 49 18 45 20 37 100 1 79 61 37 11 1 79 34 6 51 86 32 4 20 17 95 83 9 97 44 19 4 59 88 82 82 41 94 50 79 14 43 8 14 17 72 30 59 63 65 65 12 53 8 7 58 18 87 87 65 7 7 42 75 84 2 91 79 12 49 25 98 91 12 85 58 56 11
7 17 54 76 34 22 16 32 79 97 17 83 63 90 99 42 17 88 72 62 97 97 97 40 38 16 18 50 18 96 97 39 90 60 7 86 93 59 75 1 72 77 95 50 100 34 46 79 66 48 27 2 22 15 31 57 45 43 47 50 40 77 80 74 25 24 30 20 10 28 73 19 9 20 68 81 21 48 60 89 14 10 1 25 88 14 67 26 88 4
32 12 37 85 9 81 27 96 46 42 58 88 11 3 57 42 77 21 85 91 6 20 12 99 22 11 7 1 14 89 70 43 97 11 55 25 75 39 66 62 79 89 3 25 33 93 76 47 40 66 49 79 96 98 28 69 73 52 66 54 28 91 99 19 97 84 90 38 18 95 64 66 65 18 89 90 31 2 73 24 77 95 9 92 14 81 20 16 58 27
25 85 66 81 76 12 95 70 81 41 63 80 100 52 34 30 11 33 55 69 68 79 61 65 7 48 100 93 12 10 25 89 71 10 32 22 91 65 77 22 18 85 82 99 82 13 48 74 60 67 40 10 93 32 3 53 25 91 99 67 26 58 19 50 21 26 70 23 46 10 54 71 30 56 42 58 23 86 99 70 18 17 33 79 51 35 68 23 2 95
44 86 19 33 56 93 90 76 18 88 23 48 54 45 100 54 54 26 42 26 94 78 83 99 4 79 84 57 96 49 31 99 57 10 20 11 91 57 70 75 95 23 38 87 69 76 60 99 46 67 62 95 68 43 72 97 62 74 24 24 4 18 95 91 99 61 38 9 77 86 89 6 77 62 6 61 1 77 1 12 3 50 23 79 78 95 86 58 100 41
91 34 99 85 52 72 24 66 34 1 34 37 30 71 32 83 96 94 41 30 47 40 64 37 81 38 99 19 15 39 21 52 33 33 37 2 96 68 64 71 81 89 81 98 11 21 43 7 87 64 85 39 94 2 60 81 98 42 3 43 54 42 38 4 12 57 28 41 8 87 33 98 47 6 19 40 76 3 39 19 68 87 58 45 23 43 31 35 15 88
15 21 64 8 76 34 68 86 65 24 21 14 86 32 12 15 83 55 66 85 36 100 16 9 44 29 77 63 74 10 18 41 64 95 98 85 17 9 93 75 73 27 94 15 100 7 100 18 69 2 100 11 49 23 76 97 61 53 33 82 38 3 26 12 92 12 1 64 80 18 47 100 46 36 10 80 24 71 97 69 54 3 55 100 51 25 9 36 95 100
94 83 87 68 33 2 80 86 21 37 32 36 65 74 70 85 75 95 8 67 77 74 75 2 84 66 27 40 4 51 15 25 11 38 59 28 43 24 19 97 70 32 25 71 34 87 36 13 38 37 7 97 86 96 74 75 37 40 79 1 40 53 79 62 82 72 24 1 48 37 80 8 59 97 85 79 47 21 56 49 73 79 77 46 66 63 62 4 68 49
20 92 58 15 48 33 41 100 94 56 9 15 84 13 11 13 1 95 61 62 42 26 51 97 21 83 95 97 93 37 80 90 97 40 95 8 34 90 10 72 11 85 92 1 65 55 18 81 11 76 57 14 49 57 54 18 91 33 43 89 29 34 76 54 91 84 24 73 94 50 30 33 6 85 88 16 62 71 39 26 88 89 66 71 77 35 9 24 26 3
4 23 31 79 65 8 64 37 6 71 21 53 44 95 7 96 64 33 39 93 60 95 21 61 8 1 58 92 49 82 23 6 16 28 50 28 86 80 12 87 83 20 98 18 45 39 76 54 90 62 98 42 19 76 67 88 100 66 64 9 31 29 95 9 34 96 23 2 3 6 75 29 50 56 44 60 60 15 73 67 72 88 58 10 75 58 64 94 77 17
66 71 89 43 14 81 46 33 62 80 28 41 70 54 19 68 49 28 18 81 18 61 78 40 62 76 49 78 13 73 85 7 37 7 97 12 73 71 26 50 6 65 15 16 15 32 100 67 57 50 66 63 36 68 6 51 63 20 93 75 91 16 48 17 48 94 87 70 75 65 88 39 82 10 64 21 54 95 37 75 61 23 90 72 70 64 54 58 1 55
55 54 39 5 24 28 47 61 90 97 90 88 31 92 29 13 40 88 83 5 73 69 11 59 55 44 75 72 60 44 23 32 57 66 32 52 41 60 43 2 62 3 50 78 72 91 76 40 7 73 52 93 61 70 36 81 92 46 88 83 25 48 4 11 28 72 85 22 36 16 29 25 42 38 61 46 78 34 53 29 65 42 40 88 71 100 39 59 77 42
35 7 55 54 12 97 90 66 64 81 56 69 50 6 49 23 23 93 69 63 47 27 77 88 81 72 20 84 17 42 22 45 94 93 24 72 30 12 32 22 62 54 98 10 66 76 50 59 7 29 66 54 10 92 89 76 58 28 68 85 51 80 35 33 42 58 58 78 17 90 94 76 97 10 96 45 54 22 1 19 46 74 65 99 34 5 56 73 13 4
31 50 54 50 91 92 8 23 49 27 94 42 55 20 14 42 99 88 67 19 97 72 23 79 98 60 34 23 5 79 54 25 18 11 46 34 60 50 48 7 93 9 8 67 19 83 28 33 34 37 38 23 65 72 57 1 100 74 1 30 42 72 100 27 53 89 77 16 16 18 9 72 59 70 36 94 59 94 23 79 28 95 56 35 49 61 32 82 82 83
14 80 50 100 70 2 62 24 42 64 1 52 81 31 35 35 98 89 49 58 75 81 80 13 48 26 16 4 69 11 30 50 13 67 94 29 42 19 1 63 22 47 54 86 74 4 99 58 25 29 77 79 9 20 64 53 84 14 9 38 22 44 46 71 64 21 32 76 10 65 81 17 79 64 99 60 81 45 4 28 72 68 71 61 12 99 67 50 60 4
56 65 16 44 13 98 39 39 64 70 61 72 35 82 26 8 87 42 96 86 60 50 54 91 70 6 66 42 60 74 59 79 71 17 34 15 27 72 95 38 48 6 72 28 47 1 62 99 36 27 6 78 94 22 23 87 20 46 88 61 55 67 54 26 30 30 40 34 7 39 40 41 65 86 76 74 66 99 74 86 94 58 85 21 92 73 6 43 89 86
50 87 91 81 74 22 7 44 31 40 96 10 38 45 86 56 41 69 10 8 74 76 52 39 84 15 32 71 40 14 100 70 52 84 30 85 50 27 66 63 26 67 12 54 47 65 57 23 58 38 89 48 57 35 41 67 33 14 12 84 46 51 98 21 54 99 94 22 12 27 82 54 24 9 11 94 84 62 80 97 80 72 67 61 50 47 17 45 48 41
53 50 30 33 70 53 80 42 75 61 86 9 68 39 83 85 100 45 70 22 100 37 73 2 54 82 49 19 1 26 18 84 6 86 54 96 75 24 2 36 43 41 1 47 64 44 37 13 91 38 24 92 12 45 25 71 80 31 93 35 89 14 86 47 63 79 1 31 89 45 24 78 6 14 32 71 18 78 9 14 47 10 22 65 91 29 23 100 57 62
21 51 2 31 59 61 24 5 36 35 74 34 57 78 3 68 31 63 86 60 93 62 55 87 60 97 54 59 33 93 20 68 5 65 62 88 64 28 90 55 94 70 25 42 67 84 43 73 34 93 49 96 77 58 91 63 28 14 63 59 2 24 58 61 4 72 72 27 88 26 39 53 94 61 33 31 84 61 8 3 50 86 43 50 94 47 48 34 29 43
72 32 73 1 41 47 53 49 60 15 34 77 16 33 63 29 39 44 81 62 51 22 34 64 58 5 95 23 2 15 99 66 98 83 38 73 52 16 84 56 66 28 28 47 41 74 83 19 30 4 80 22 43 31 40 76 71 3 56 90 98 94 84 76 97 99 73 89 8 42 45 69 25 41 44 11 27 73 70 5 53 60 96 48 84 91 94 72 41 52
23 75 56 10 45 92 51 12 43 24 49 73 90 8 92 38 61 74 12 96 56 85 67 100 56 65 27 58 38 61 74 50 45 34 32 47 43 63 16 31 11 48 89 30 83 69 61 2 53 34 91 23 94 65 94 86 35 84 60 45 1 21 47 54 94 7 95 30 34 81 27 64 45 77 21 82 61 32 45 30 88 40 58 36 40 49 17 10 56 99
98 36 23 34 18 4 15 95 80 91 67 86 75 83 5 54 18 12 12 70 4 37 13 27 50 14 90 9 55 49 67 75 11 51 43 93 60 96 28 16 90 81 86 81 22 66 90 84 48 29 71 27 6 18 8 1 85 91 67 22 33 89 37 44 18 75 45 84 43 27 38 93 27 2 32 23 65 62 95 31 68 96 18 62 13 53 12 23 6 36
86 20 5 36 97 47 9 35 96 72 100 8 50 27 60 4 65 83 7 99 44 46 8 84 28 6 37 95 92 21 82 78 44 30 79 4 14 31 30 31 98 28 20 64 3 12 93 15 33 94 85 58 12 33 41 99 42 96 86 3 22 41 62 9 7 64 46 6 69 6 52 94 73 74 49 84 42 100 25 11 15 84 1 56 70 56 14 50 62 82
81 40 28 76 61 29 84 78 69 91 95 70 38 74 17 73 32 28 72 71 2 88 79 90 65 5 67 39 68 76 86 7 53 49 24 94 28 4 11 43 5 61 30 61 36 11 65 1 78 66 58 37 72 40 84 72 49 5 80 7 65 28 21 1 42 91 52 82 63 81 94 21 44 97 86 19 13 85 45 69 86 43 3 11 77 37 87 47 94 99
89 28 39 61 81 14 88 27 73 63 36 45 59 62 52 91 14 82 57 36 61 56 54 5 14 11 82 86 24 2 59 65 83 61 48 9 72 31 13 21 72 58 48 48 99 35 67 45 28 29 69 62 74 7 8 51 53 81 36 56 75 41 28 59 24 26 86 91 80 45 51 88 30 96 13 12 79 57 2 88 68 68 59 40 69 46 91 89 36 51
55 83 15 16 54 52 14 29 43 32 22 80 55 28 33 20 12 24 86 8 2 61 55 99 64 15 94 12 98 48 55 81 29 75 70 50 38 55 58 44 19 46 88 54 22 10 12 11 85 31 24 53 26 30 58 70 52 19 69 52 30 43 38 94 92 32 65 91 19 30 38 11 92 26 17 29 82 19 19 82 67 45 87 83 43 18 1 15 8 9
22 9 20 8 14 71 56 76 32 41 42 17 91 88 31 80 64 37 66 27 56 56 60 5 6 83 27 40 35 88 22 96 73 70 36 85 2 24 42 66 29 82 47 7 62 36 44 29 79 88 28 87 37 13 18 6 22 45 42 28 93 99 11 9 28 50 80 9 76 87 29 41 80 100 32 15 14 42 50 92 95 64 60 47 89 84 78 52 51 99
56 29 81 14 26 47 76 31 32 37 2 86 42 82 81 82 22 82 94 13 85 1 20 92 50 48 57 81 40 20 31 93 82 31 16 89 16 89 36 73 22 80 79 97 88 13 99 30 63 90 60 4 91 26 64 63 5 19 46 31 21 18 10 50 85 9 15 57 43 59 29 27 22 99 36 77 73 58 45 36 22 11 49 96 27 58 37 26 46 25
90 87 30 14 97 65 59 90 79 74 80 10 32 100 78 18 22 32 23 81 98 73 85 85 95 78 18 46 48 67 92 21 15 83 55 62 26 16 18 99 5 78 30 24 15 87 77 42 55 52 6 15 94 20 26 18 68 5 6 20 19 84 34 43 2 78 88 89 87 42 91 86 76 20 53 16 78 34 7 78 45 93 6 93 87 42 1 23 72 67
12 38 73 92 42 67 41 46 48 31 67 5 95 10 8 28 82 60 34 13 86 15 18 72 31 97 92 100 50 100 65 59 68 30 78 27 99 51 89 88 50 64 36 17 71 96 72 9 30 82 56 72 56 100 41 77 94 72 55 48 86 50 92 22 79 7 92 35 93 24 39 12 28 65 73 53 53 85 38 79 38 80 19 32 37 65 10 44 51 54
39 32 14 56 30 78 85 38 27 57 12 19 90 93 22 58 6 56 56 4 49 88 61 38 17 64 60 86 19 77 65 61 36 62 41 28 1 72 35 1 55 65 94 41 53 76 21 7 64 2 17 21 72 9 68 60 16 99 95 8 89 26 73 51 94 83 4 26 98 58 46 13 7 52 67 17 2 90 89 2 100 22 68 99 39 64 75 96 27 81
60 3 47 62 66 92 65 73 19 52 41 6 32 29 31 62 66 62 91 69 61 20 96 84 72 30 87 91 86 98 73 42 16 22 39 69 58 52 14 84 21 42 15 35 90 13 10 91 45 85 27 90 73 38 93 59 47 8 34 18 79 40 40 63 18 21 11 88 19 61 96 94 32 8 100 78 18 29 85 44 8 9 79 14 72 57 4 87 20 24
81 36 38 36 9 42 57 12 59 66 19 83 74 9 65 60 83 8 55 15 50 98 25 31 13 94 27 86 69 72 78 25 32 3 7 37 27 75 27 1 62 93 6 25 89 100 88 36 29 22 69 90 43 11 70 97 85 66 98 70 79 9 41 3 20 34 20 98 80 65 14 57 21 87 62 83 7 2 6 82 18 13 61 42 37 53 6 62 46 94
40 8 77 58 26 59 97 63 19 5 12 37 30 62 89 4 47 80 11 69 17 30 25 38 42 73 16 67 44 10 6 11 15 23 74 3 66 85 64 24 64 25 65 77 15 35 84 75 24 33 49 78 72 10 63 84 42 11 80 90 85 58 96 79 48 13 80 83 10 84 93 51 89 78 33 8 72 49 62 66 29 94 20 97 29 44 50 69 75 64
28 48 33 91 78 4 91 67 45 4 83 20 34 66 24 18 92 43 52 42 98 91 18 88 13 19 55 44 100 63 1 36 54 13 77 67 28 86 22 2 87 85 42 24 2 34 70 91 8 83 22 69 83 98 16 16 80 23 44 39 51 51 57 39 96 88 56 28 58 15 73 84 40 54 33 26 45 65 48 88 100 67 26 15 12 93 99 17 45 32
92 48 24 42 32 12 29 37 92 73 44 2 54 11 31 100 19 38 77 19 30 36 83 8 71 33 89 77 17 42 99 91 90 69 91 43 6 18 94 90 3 82 67 3 84 21 52 14 94 76 35 40 50 62 70 88 92 95 27 9 53 70 87 27 24 94 29 39 21 93 80 55 1 11 27 54 97 13 76 97 48 60 77 48 4 47 52 21 89 62
51 59 97 99 24 42 82 57 26 45 53 36 19 39 19 6 45 58 33 55 40 34 62 46 100 48 64 59 56 68 90 20 93 56 69 60 72 16 39 47 41 60 64 74 88 18 80 7 68 79 33 90 50 87 33 20 97 26 1 60 74 1 68 60 67 54 22 62 2 7 64 24 32 21 11 94 52 76 61 53 35 62 16 67 50 25 19 15 78 44
83 52 13 38 72 67 71 31 6 47 39 98 76 49 21 37 45 61 72 50 5 1 88 33 48 25 73 21 79 41 32 10 92 6 75 80 51 64 66 29 6 61 19 82 54 44 56 95 16 47 47 54 13 31 44 90 66 21 48 30 42 13 81 57 37 49 66 39 89 4 82 9 100 7 80 76 85 13 39 17 31 8 74 88 48 17 80 98 10 49
38 9 53 98 12 4 37 41 56 7 52 19 86 16 87 87 55 45 38 88 70 17 97 99 9 24 19 74 87 85 74 74 81 15 67 89 36 85 23 4 83 93 80 37 6 38 45 98 9 98 45 77 31 74 12 2 33 44 66 15 20 58 60 42 68 70 28 76 100 31 29 47 89 27 22 53 54 46 46 77 60 14 26 84 66 30 58 88 87 22
94 96 6 48 84 33 84 51 33 96 22 62 73 1 75 81 36 52 54 58 58 82 64 61 1 24 42 55 41 73 14 55 41 67 79 9 52 43 10 61 85 54 61 43 53 84 72 82 22 84 52 48 81 65 77 83 33 85 70 72 6 86 1 17 84 18 42 93 6 51 100 45 49 22 48 98 90 80 87 93 41 66 12 70 19 44 56 1 64 54
70 91 10 90 1 36 73 86 38 18 97 26 58 2 32 57 63 71 96 43 59 56 93 20 77 7 47 80 65 18 9 38 28 89 77 52 75 80 54 13 32 61 44 71 41 4 63 84 68 95 10 38 12 62 97 44 71 26 59 49 84 35 74 91 79 54 67 91 39 48 82 90 62 49 14 50 19 66 13 57 20 57 30 39 100 20 98 90 46 11
18 74 4 71 1 42 92 23 54 56 44 100 47 56 91 75 93 38 32 20 45 42 90 79 51 14 69 39 20 90 61 95 11 85 16 22 9 75 29 97 90 68 9 94 94 35 40 45 73 58 49 14 23 72 11 27 33 77 53 100 96 60 45 67 50 48 82 49 62 45 81 35 83 6 98 13 7 47 23 100 18 51 41 6 95 15 46 1 53 17
28 29 48 81 12 19 77 10 78 71 16 2 25 99 93 70 30 52 62 21 38 83 80 4 80 72 28 74 98 17 64 26 79 9 31 22 45 19 89 9 88 8 45 57 72 45 74 89 85 44 52 33 78 85 34 45 10 45 100 79 2 86 59 22 22 35 65 77 13 14 12 22 30 45 2 59 31 30 38 43 96 31 94 69 79 54 22 56 51 47
1 84 56 87 60 86 93 88 95 57 61 95 31 93 49 3 50 79 73 4 17 32 12 57 48 74 30 43 26 30 58 78 10 55 98 92 94 13 83 70 89 80 20 72 100 92 44 54 6 48 100 5 94 17 42 27 2 78 39 42 10 80 12 11 11 15 32 6 16 94 28 37 72 44 58 90 15 1 96 58 58 7 73 65 22 5 64 68 88 25
98 76 3 16 75 4 38 63 25 27 28 50 11 32 96 20 87 49 77 59 68 26 86 21 99 66 97 21 26 36 51 18 5 6 44 60 99 44 78 3 55 52 93 53 87 46 50 35 84 24 76 59 64 68 6 74 74 25 45 33 59 30 46 68 96 82 18 57 33 97 53 75 49 53 19 46 2 63 28 3 49 1 81 81 29 82 33 96 81 31
5 42 87 72 91 68 80 26 15 46 45 93 89 14 51 43 96 16 18 67 72 59 78 84 40 56 61 82 41 52 100 100 53 42 50 59 87 48 71 42 16 67 13 62 72 31 49 78 7 70 56 39 53 3 86 28 50 36 51 65 72 73 62 74 59 34 29 18 75 11 44 20 28 42 46 46 93 73 63 75 7 45 48 17 96 64 10 45 11 4
67 72 99 75 59 59 75 21 65 71 1 10 48 38 45 47 81 16 94 44 88 83 72 20 90 1 2 64 65 97 46 37 2 83 5 3 78 37 66 85 1 5 77 49 57 99 70 25 65 24 66 57 84 5 94 50 52 1 6 37 27 35 23 48 37 59 14 31 88 33 31 81 43 80 23 11 97 5 33 60 86 64 63 18 98 51 58 16 76 92
64 29 84 7 4 89 55 89 79 24 18 46 81 35 33 65 24 68 84 40 27 65 38 93 26 40 42 80 17 45 52 67 6 59 59 18 46 86 29 18 93 60 66 85 18 49 59 96 34 38 99 49 70 29 54 95 55 90 23 72 68 94 76 78 56 99 93 65 42 91 5 61 75 58 65 48 10 64 88 38 55 2 88 51 72 6 37 47 62 32
25 1 90 38 87 48 52 30 62 89 74 36 90 15 51 45 10 45 21 6 93 55 62 20 6 94 61 78 10 5 28 64 60 13 39 42 90 67 74 52 57 20 16 3 11 84 92 63 93 86 26 68 40 36 5 20 88 16 53 89 54 87 100 16 89 11 81 65 49 6 16 90 11 23 54 18 50 17 56 80 94 63 89 37 39 60 7 22 45 40
60 76 24 84 2 10 84 20 27 44 56 92 8 38 48 17 14 38 76 99 31 8 50 2 60 14 13 100 53 78 89 62 26 40 45 44 20 42 88 50 14 26 20 62 77 32 3 46 67 83 27 68 35 90 32 87 41 54 33 14 66 13 31 57 83 91 6 96 29 50 67 52 49 84 67 73 36 78 67 74 37 14 31 2 49 42 17 36 35 41
19 32 74 23 96 85 72 40 19 99 74 87 72 53 70 42 70 53 20 39 90 11 30 76 39 39 1 79 5 85 79 60 80 85 1 37 47 2 84 43 55 80 24 79 88 79 31 100 14 28 56 72 58 23 13 19 17 53 91 77 71 61 82 9 72 92 14 44 13 30 50 62 7 23 76 43 16 21 76 58 28 9 20 72 100 8 73 87 16 15
77 95 89 73 42 74 3 93 80 58 19 74 81 42 10 99 8 64 44 59 76 11 92 4 22 58 25 78 51 42 37 100 95 30 94 54 47 99 49 61 6 94 21 3 93 5 50 90 45 54 79 62 1 39 37 41 2 81 19 1 67 36 41 50 4 26 11 35 15 72 75 15 71 40 57 34 6 82 72 40 81 33 14 58 38 90 40 71 30 19
5 78 3 45 65 27 100 1 84 15 58 40 52 77 94 67 50 5 29 95 12 35 32 26 35 35 49 46 68 72 66 37 24 85 95 100 12 17 32 15 94 26 43 84 24 74 53 37 54 24 93 10 78 95 87 17 12 87 20 56 49 42 29 43 50 91 22 91 90 2 81 93 94 38 43 70 28 36 38 25 92 90 99 93 54 70 46 93 10 51
97 31 48 9 32 100 37 47 23 29 28 46 30 56 24 70 7 14 25 84 90 24 16 37 88 20 83 9 45 41 91 76 77 75 93 79 38 34 17 2 32 90 92 36 32 47 89 30 90 10 55 24 80 9 62 24 40 29 62 55 47 27 12 86 88 64 91 79 26 61 54 23 26 77 46 26 71 69 46 59 7 75 62 35 54 59 72 51 8 59
4 71 70 52 17 29 37 37 21 53 11 66 19 36 54 1 95 61 82 82 38 5 47 51 41 12 72 60 91 29 59 91 29 69 93 10 70 37 66 54 96 12 22 60 44 4 24 56 1 78 57 72 55 25 64 17 26 28 73 98 92 31 36 80 100 94 68 8 40 27 25 25 74 20 35 35 58 64 68 36 22 5 95 48 17 100 69 38 20 17
23 34 47 47 79 71 96 44 54 5 35 36 47 50 77 85 72 4 34 25 53 28 50 30 85 54 76 47 76 3 63 76 93 38 68 59 29 64 11 38 39 62 92 100 87 81 39 18 42 74 26 53 100 77 12 60 30 58 83 46 37 9 15 5 63 17 55 57 70 79 44 21 25 78 42 84 71 24 70 87 78 55 51 9 49 12 72 67 95 5
53 27 21 55 85 20 32 63 61 34 30 43 83 9 17 97 27 34 60 89 52 21 22 86 40 91 13 30 98 64 92 73 47 99 30 26 41 73 65 100 85 51 75 16 26 86 97 100 80 50 25 46 75 39 95 39 14 69 64 12 10 25 89 59 28 82 75 60 60 31 98 56 64 20 99 55 95 58 75 51 15 85 34 88 51 98 15 10 68 23
56 44 30 25 62 39 50 42 9 13 60 86 89 66 51 76 21 9 80 14 14 93 25 90 4 95 69 23 37 89 99 95 73 59 76 28 84 10 49 97 63 26 42 26 16 76 90 8 97 39 79 54 76 86 38 13 91 65 96 46 29 83 48 98 55 41 87 33 22 93 29 83 64 6 41 7 17 86 98 56 50 36 74 32 6 44 76 55 30 28
3 81 79 87 20 63 14 7 16 63 11 75 99 38 48 86 16 6 53 78 65 30 36 40 30 16 95 22 73 1 86 76 60 51 40 90 73 25 45 13 10 95 87 95 65 13 39 10 64 33 39 22 48 10 76 30 76 64 96 79 63 66 42 27 88 31 89 39 27 10 78 25 70 11 21 45 93 89 93 71 78 78 92 75 80 71 23 16 37 39
22 67 64 38 38 29 100 2 21 39 27 98 20 44 54 48 27 100 7 32 80 39 24 53 33 93 64 36 64 53 97 55 56 34 74 81 63 86 95 18 23 74 1 1 84 77 88 65 74 19 83 85 34 39 92 84 70 85 37 74 16 42 83 57 50 37 23 54 30 33 32 69 39 51 7 83 42 29 85 100 57 24 22 75 24 96 43 4 10 99
60 89 69 58 46 73 79 86 25 54 46 49 10 8 66 6 10 30 39 31 93 28 48 87 23 41 69 54 49 9 39 50 63 92 26 71 17 29 94 47 31 53 55 16 47 85 86 37 99 23 85 44 18 83 12 88 5 61 36 54 44 70 98 64 84 43 91 86 98 65 34 7 59 69 75 20 75 17 18 60 16 51 41 37 25 60 40 13 72 33
87 65 11 81 70 5 49 74 91 66 32 35 94 27 50 63 52 44 93 28 18 33 62 91 28 3 46 43 56 1 29 11 5 49 64 83 93 76 10 90 16 81 91 80 34 7 88 23 81 98 74 79 14 37 87 89 90 85 86 40 72 37 66 46 43 73 87 98 27 82 84 61 79 35 15 21 34 60 84 84 92 26 95 9 16 72 8 18 18 43
33 97 60 97 33 55 86 13 88 80 93 43 41 52 88 23 13 33 30 100 91 27 53 7 96 19 41 24 8 99 2 83 30 91 14 69 21 57 92 97 56 75 97 89 2 53 79 93 57 34 14 97 10 82 49 18 25 76 97 60 11 18 51 82 38 2 48 10 60 69 7 2 81 80 65 40 23 29 33 11 36 68 11 42 24 41 76 65 80 54
2 68 98 100 62 77 77 4 99 22 93 54 42 2 88 34 49 86 3 98 7 55 64 94 57 79 59 30 67 38 30 42 49 53 31 11 88 9 57 47 47 80 58 28 9 74 72 6 60 52 12 57 72 57 7 9 95 18 15 48 9 5 29 50 45 79 35 31 77 42 37 75 1 8 81 2 55 1 82 19 1 26 19 58 49 87 39 30 59 30
15 26 36 55 60 100 94 88 24 2 35 26 22 54 25 64 44 66 79 22 4 70 71 33 71 35 50 43 63 75 36 78 72 45 36 44 94 2 78 55 19 83 64 26 88 24 12 21 73 51 35 58 11 18 24 11 47 43 3 2 47 40 21 45 41 25 29 86 38 21 73 33 54 4 98 50 80 97 19 56 66 2 76 29 55 61 72 91 88 79
6 17 75 62 98 49 47 85 25 55 52 20 37 76 73 79 76 75 4 31 41 80 33 26 37 96 48 95 95 20 82 74 2 89 31 31 18 99 43 78 100 60 65 3 36 60 18 73 88 84 85 27 91 15 48 33 22 40 30 81 78 21 49 83 68 1 52 29 37 8 61 60 13 93 87 47 61 15 42 72 60 34 81 94 70 11 78 22 73 98
33 94 44 89 56 9 88 47 25 79 71 77 97 1 2 93 70 43 8 27 59 56 48 47 26 93 13 93 5 63 46 68 80 11 77 82 97 60 80 99 56 65 68 98 59 98 83 77 90 38 15 61 92 9 89 89 96 94 79 39 61 40 6 60 33 69 24 73 18 55 44 93 45 95 67 84 34 58 66 65 78 68 8 95 28 46 72 28 56 3
14 14 74 95 95 38 21 99 4 51 38 65 14 57 93 33 40 67 77 73 29 1 26 63 87 40 58 35 3 32 30 63 91 13 79 50 24 42 59 41 9 53 21 15 74 43 47 29 80 19 36 31 88 49 6 69 18 91 13 43 6 41 84 82 9 14 34 94 82 99 59 75 97 50 70 85 4 34 64 80 61 52 50 80 10 98 79 61 78 86
51 26 58 33 72 48 9 62 28 96 84 18 8 66 69 87 29 57 37 81 67 68 79 9 31 62 98 16 25 40 76 44 18 3 31 61 94 39 23 26 79 57 43 73 34 70 61 87 17 59 17 64 15 87 5 79 61 65 74 1 44 7 97 41 80 63 73 50 44 60 81 73 33 44 98 10 64 35 88 77 30 10 4 9 72 39 72 65 49 19
36 83 40 62 61 54 15 93 99 36 17 74 94 30 72 60 23 42 34 47 39 94 2 37 66 84 50 98 12 97 79 32 95 7 99 87 51 68 43 33 1 88 71 50 22 76 49 54 64 43 97 57 11 21 80 94 39 37 46 73 1 98 78 83 33 52 5 38 68 30 71 6 16 64 94 60 71 16 11 55 41 87 100 6 66 27 7 34 55 19
100 19 51 3 18 14 97 6 61 63 26 86 100 7 19 77 75 96 61 43 18 57 66 54 43 71 77 50 32 36 70 23 28 50 59 78 80 57 10 49 40 57 83 39 96 25 40 99 38 25 83 75 60 63 41 79 24 39 74 65 41 91 3 80 60 64 99 17 59 52 79 69 44 2 50 36 4 15 6 22 21 44 73 71 97 74 31 17 6 25
11 59 52 24 66 26 36 33 42 97 86 93 90 62 1 13 30 51 24 14 41 17 50 36 51 10 30 68 45 53 91 27 45 2 50 45 70 93 34 86 71 20 56 3 83 12 84 23 42 98 53 71 84 20 81 57 47 42 84 77 49 24 97 65 72 14 82 55 84 21 38 99 42 48 84 59 2 90 1 43 50 32 50 74 59 3 96 97 78 48
65 92 16 32 50 15 25 27 7 57 40 86 67 66 35 57 61 75 97 62 98 49 10 34 94 1 70 1 96 37 3 8 28 97 84 62 41 17 26 65 88 88 59 37 54 63 55 19 77 13 54 5 8 27 45 97 97 34 62 65 64 8 33 13 97 35 31 60 1 96 94 71 93 100 81 92 49 90 88 14 5 27 28 75 66 57 56 8 73 66
99 9 27 66 32 54 54 12 7 29 81 49 14 39 57 22 10 9 87 10 45 84 100 68 17 57 15 15 12 70 10 1 55 5 67 27 25 24 50 94 67 12 29 49 65 90 36 59 36 65 4 41 18 58 61 86 94 42 55 92 26 84 64 36 3 29 24 70 8 17 23 52 32 79 52 83 47 68 27 52 83 49 42 96 61 35 57 18 46 75
91 90 45 78 21 51 20 10 10 52 33 33 45 28 83 17 87 94 9 68 10 28 88 19 7 82 71 72 25 97 11 48 11 64 5 5 91 82 38 75 19 61 90 14 13 18 6 6 61 49 67 16 12 48 76 36 85 23 92 12 95 94 96 36 52 11 25 73 48 54 90 34 18 52 39 95 61 2 8 38 7 100 61 78 43 70 40 41 25 74
77 6 52 82 24 35 23 27 73 5 23 21 9 51 43 93 15 91 11 4 8 91 33 73 76 71 81 78 11 46 28 17 29 26 92 9 8 22 48 60 31 2 83 35 57 68 47 87 24 84 91 61 23 14 86 45 18 58 78 44 5 83 57 52 81 65 56 44 8 37 29 5 83 41 36 44 17 94 88 5 36 12 56 83 9 97 59 41 33 50
14 24 52 2 16 65 79 41 83 14 100 8 31 82 41 28 6 70 55 14 46 76 32 69 16 76 52 91 29 13 28 29 24 100 46 28 82 87 14 67 79 75 63 60 17 34 82 32 91 60 76 47 57 24 58 35 39 88 37 70 46 3 72 18 60 94 88 61 79 48 72 81 66 82 46 87 97 41 27 67 20 34 54 93 84 39 58 94 53 83
36 2 25 56 20 72 21 18 57 23 65 72 65 78 50 3 93 97 34 25 64 63 80 84 99 53 100 88 7 25 73 23 44 79 15 76 42 86 11 95 54 87 44 74 50 68 54 61 94 54 40 7 11 83 61 5 89 95 96 41 26 78 31 3 61 23 53 15 33 53 95 100 58 68 23 37 86 35 18 31 25 91 95 82 89 41 3 38 38 89
44 20 17 17 74 29 71 26 42 27 75 68 3 5 70 88 58 58 96 62 2 100 82 8 57 89 60 19 8 73 14 99 55 77 89 19 3 22 25 77 76 45 22 31 14 59 81 83 6 16 19 79 2 21 8 82 18 43 96 58 50 58 95 85 94 40 86 51 33 15 52 94 86 30 85 56 23 83 28 70 10 50 29 48 45 47 9 77 32 52
55 10 60 35 84 98 56 76 12 83 59 59 14 33 33 40 36 90 27 16 12 6 68 63 4 70 30 91 95 41 48 33 17 76 59 70 100 66 51 58 50 94 58 93 21 6 31 30 46 88 36 5 85 61 93 70 56 41 72 12 75 2 93 38 20 63 14 44 90 12 83 16 59 93 73 70 75 33 68 87 35 9 13 26 81 49 37 5 15 51
59 1 50 61 59 34 89 55 6 43 54 24 12 18 71 57 44 60 89 8 7 5 1 45 27 50 90 25 5 50 31 7 4 86 8 49 13 32 11 5 47 65 71 55 42 33 18 2 13 8 22 63 63 83 37 7 40 99 6 100 33 94 100 90 58 89 57 81 16 56 28 89 38 16 91 90 33 78 18 25 58 47 44 39 96 19 28 32 8 20
26 13 91 31 22 63 70 40 67 46 60 14 39 27 21 29 52 28 97 82 31 69 44 80 84 34 13 38 60 18 97 95 37 44 18 97 46 68 50 47 23 27 43 68 69 27 51 37 33 62 34 3 20 4 56 86 65 87 64 71 83 18 13 66 93 43 92 95 94 88 14 27 47 73 46 77 81 52 99 86 11 11 72 68 37 91 6 83 60 84
65 12 98 74 24 15 3 27 84 94 7 7 11 94 11 52 71 72 38 77 46 79 41 16 96 35 35 44 17 80 12 88 59 59 39 86 51 67 2 66 62 68 61 32 46 12 52 97 19 1 60 63 28 13 62 99 47 49 83 92 94 18 83 86 58 94 84 37 62 36 19 68 37 90 12 29 73 73 25 2 85 74 77 82 60 11 47 16 10 24
77 93 42 94 23 64 16 1 90 32 92 23 88 37 41 8 82 85 58 17 33 16 21 79 74 36 18 76 76 81 93 7 78 94 28 80 68 13 51 82 74 97 82 76 66 56 93 56 57 77 41 56 98 61 45 5 16 29 27 4 98 70 89 71 37 25 75 85 28 15 15 100 67 18 49 30 84 64 64 49 42 32 79 79 26 82 19 10 63 24
7 41 33 37 80 79 93 73 46 42 71 85 92 17 91 10 78 38 66 85 87 13 79 61 32 87 44 7 64 47 38 70 71 25 59 81 93 6 44 40 75 31 74 17 73 94 61 57 7 19 12 2 34 10 57 24 84 97 60 10 26 89 97 95 68 18 7 86 21 25 89 7 2 16 95 92 80 73 64 85 48 57 68 34 33 95 45 35 74 42
77 72 9 74 43 10 24 36 11 3 52 31 36 50 13 77 97 45 76 91 17 99 81 17 11 46 74 87 72 71 74 13 54 71 47 72 34 43 2 67 62 37 72 3 38 78 95 93 2 35 26 95 53 11 59 51 24 5 27 20 38 20 5 6 69 76 28 55 35 3 93 83 18 94 32 76 78 74 100 90 57 37 59 38 87 52 76 71 2 76
12 37 81 26 26 12 21 44 3 6 40 90 91 25 68 48 65 10 97 65 37 3 71 72 31 59 52 47 33 27 11 42 4 20 53 30 84 58 100 54 37 90 58 97 71 88 69 69 59 45 72 10 66 83 39 11 49 36 51 48 2 89 11 92 9 6 8 27 94 14 71 70 24 5 61 13 22 56 2 75 100 4 50 40 53 77 54 84 86 18
73 37 28 4 5 32 31 77 46 21 42 21 6 42 75 40 18 25 26 15 7 55 71 78 99 66 53 1 46 40 23 78 51 49 51 87 84 69 77 37 92 61 81 79 89 97 32 55 80 21 94 72 4 92 1 68 20 35 90 51 95 55 94 92 58 10 15 15 28 90 97 82 83 11 44 85 60 27 27 89 22 48 27 84 60 19 64 12 70 50
47 80 13 25 89 89 100 7 5 56 52 85 69 14 64 34 96 46 51 77 84 54 72 20 79 4 80 29 12 21 59 84 3 85 2 94 64 70 20 14 14 79 90 7 22 83 8 83 39 100 95 81 75 68 73 86 78 66 94 54 93 17 96 75 49 62 41 85 72 63 46 86 95 99 65 97 12 82 53 66 96 55 67 9 30 64 42 95 93 4
96 98 28 1 58 29 99 60 19 82 16 26 31 57 49 26 5 55 61 83 80 7 64 49 17 33 42 35 54 74 86 70 84 20 56 75 46 61 43 11 47 63 47 42 93 56 82 73 71 14 70 60 6 8 87 49 97 39 42 30 58 79 3 78 82 11 16 10 62 83 3 43 59 51 71 53 38 42 15 86 64 75 84 75 73 2 88 76 93 65
84 63 82 12 1 18 28 30 86 95 34 33 94 11 42 67 6 45 36 8 89 34 17 78 100 47 97 41 3 38 7 62 82 99 86 25 84 25 91 42 63 94 54 87 61 44 56 84 13 42 71 96 61 37 96 78 84 90 14 9 33 73 100 96 80 71 23 74 61 90 9 32 23 71 42 81 98 58 30 86 21 54 58 27 46 64 76 54 38 48
83 92 55 22 53 38 69 18 76 10 82 47 1 92 31 56 96 66 50 22 7 47 79 35 16 12 52 7 20 36 44 92 44 93 56 9 29 39 80 67 60 93 14 20 41 12 54 49 51 75 92 24 42 25 62 59 33 76 62 84 82 43 72 41 62 56 58 48 69 77 74 9 55 77 31 16 34 17 87 100 19 95 36 62 83 29 56 38 25 91
99 91 15 4 85 62 66 20 34 5 79 42 80 35 48 49 13 3 34 83 57 13 71 15 32 28 82 93 57 85 26 62 39 22 82 3 23 77 71 63 11 62 68 67 99 82 12 21 54 43 24 16 13 22 92 32 78 39 97 52 89 8 86 14 39 37 63 30 14 55 58 71 75 78 82 43 31 51 30 17 23 18 45 61 69 27 52 48 9 85
74 53 31 10 55 89 97 11 51 74 71 80 15 52 36 20 51 81 3 90 46 63 17 31 75 41 61 96 42 100 9 16 4 52 20 68 70 50 7 2 5 20 41 71 11 77 39 6 59 57 19 75 78 99 15 99 51 86 29 24 76 38 64 21 10 8 45 59 3 77 85 31 30 14 9 34 1 7 42 78 42 41 10 9 21 42 90 72 28 70
2 49 9 67 66 7 57 66 6 75 56 30 57 62 23 65 95 91 52 48 78 58 11 73 64 84 96 71 63 25 65 78 49 62 56 16 41 99 87 38 26 94 70 89 37 78 28 97 48 68 17 7 31 20 27 33 79 57 9 98 72 20 13 26 99 10 88 48 82 99 58 37 21 23 55 93 7 42 51 33 32 71 21 9 48 9 48 78 20 97
25 17 91 33 3 8 95 59 68 14 61 7 48 46 78 84 96 22 14 58 59 97 36 61 41 49 96 39 71 61 92 9 36 81 46 62 24 83 31 9 84 20 22 10 26 17 88 27 73 36 79 98 26 59 99 70 67 56 16 4 9 50 99 92 34 67 54 14 49 66 13 15 24 3 65 64 73 47 80 27 20 58 56 93 3 82 73 8 3 69
26 73 30 97 94 37 6 33 11 53 53 53 96 45 39 72 51 62 30 55 63 21 39 2 69 20 49 98 3 77 37 78 87 43 10 59 33 72 67 93 79 84 26 100 40 33 19 66 53 81 8 59 50 61 58 43 2 60 65 28 36 68 42 65 42 88 59 48 45 60 22 13 52 39 62 86 58 48 10 82 23 61 39 30 26 48 19 26 100 46
91 70 84 92 3 98 28 47 1 61 88 59 74 87 18 71 93 61 47 56 87 7 48 68 37 100 79 90 50 39 95 32 14 75 56 20 8 61 84 34 36 23 8 81 40 7 94 87 39 68 54 50 67 25 7 93 34 75 26 57 83 19 55 78 66 39 94 30 13 57 77 47 19 9 100 66 59 54 64 36 98 62 1 78 88 10 99 4 69 90
53 53 79 18 33 100 20 57 32 31 98 2 30 22 59 52 63 95 53 42 85 65 94 38 35 89 57 27 59 33 35 56 24 55 42 29 39 44 50 87 98 59 26 35 5 5 77 87 43 65 95 87 92 49 53 71 63 56 98 43 49 11 91 86 14 55 84 7 80 25 82 31 36 59 21 39 72 70 78 29 35 34 54 34 58 4 49 72 44 76
1 39 73 21 65 64 88 33 61 42 97 93 41 14 35 62 63 32 60 58 55 54 96 90 31 64 6 21 6 97 75 37 70 18 39 28 30 57 71 91 70 40 98 55 3 39 67 43 80 42 39 86 60 35 68 76 96 24 61 3 39 47 65 70 24 7 34 59 50 18 68 29 56 48 29 48 9 60 8 75 69 33 72 88 36 38 87 29 71 60
55 70 38 7 76 93 95 47 53 43 36 79 92 36 71 17 4 14 47 63 65 24 63 48 92 76 11 44 79 45 46 8 66 55 14 15 99 60 21 93 66 98 39 52 43 53 80 74 22 24 66 65 78 59 65 71 16 35 15 9 83 72 67 75 76 84 4 97 16 8 73 73 31 38 63 34 54 96 51 30 76 36 20 20 53 15 43 91 86 32
18 52 93 94 76 14 18 62 59 71 89 36 89 26 53 89 38 15 19 7 99 22 66 10 91 34 49 1 7 15 95 91 69 34 4 58 98 43 93 16 57 50 70 10 34 89 46 75 12 87 91 46 63 15 6 35 4 42 4 63 71 90 85 46 13 60 83 36 35 10 26 22 26 24 3 85 38 77 87 5 88 8 59 82 46 12 22 38 10 23
42 77 57 38 19 93 80 89 79 34 51 71 21 45 85 79 46 45 38 11 4 51 100 50 55 7 45 40 2 95 65 88 93 47 2 5 13 11 46 65 67 9 69 53 73 51 38 52 21 32 26 22 86 3 87 36 57 14 70 47 19 35 57 56 45 36 100 57 29 25 53 28 85 46 86 65 50 19 61 83 90 11 18 24 92 58 58 8 55 51
51 15 40 51 19 48 98 16 35 23 96 27 89 66 83 87 23 78 93 55 18 72 62 66 53 72 83 1 5 88 31 42 90 36 91 76 73 91 4 40 47 99 36 14 23 95 73 50 98 85 56 70 64 33 72 17 39 39 50 52 66 8 82 51 72 64 35 91 56 48 26 92 78 2 66 65 37 28 78 33 37 19 35 22 41 83 2 91 62 90
26 13 37 75 30 98 19 88 15 19 21 12 55 6 30 58 97 98 63 77 26 83 54 59 96 43 43 80 69 72 83 14 58 22 93 69 3 48 68 8 34 78 58 33 23 98 72 61 17 25 83 31 10 98 47 77 100 63 49 85 73 4 28 46 28 39 29 29 56 16 42 80 29 36 69 71 79 45 80 98 64 16 58 68 94 37 78 32 51 3
19 82 73 49 77 71 7 58 43 5 46 74 13 52 57 81 28 97 74 49 30 98 31 59 1 53 25 43 53 69 25 97 19 82 75 95 78 3 38 3 91 22 35 43 62 33 11 80 50 98 52 77 31 59 29 57 31 74 58 17 61 24 95 70 97 22 20 60 42 17 93 38 93 50 81 88 86 83 84 37 17 69 13 50 100 59 7 37 35 85
76 91 12 33 97 22 11 20 39 39 17 8 79 69 2 84 28 18 36 69 80 98 52 85 25 31 83 98 47 69 72 30 79 12 26 17 58 60 4 12 91 12 37 74 31 78 27 43 2 28 94 88 76 82 57 12 91 29 30 8 88 24 41 99 66 46 95 77 71 52 81 83 9 87 88 75 4 2 89 27 13 64 87 10 29 39 32 55 93 54
10 69 73 31 46 81 50 95 86 18 66 66 29 18 56 24 21 18 17 16 40 49 54 50 24 95 96 86 63 52 16 30 77 90 21 77 12 63 48 29 55 57 3 68 38 34 88 52 62 39 81 51 5 67 3 50 7 70 97 34 89 14 39 13 67 80 96 58 2 76 11 21 76 5 61 80 95 39 65 54 26 33 2 46 50 6 27 32 42 77
48 66 92 39 13 92 74 47 78 20 90 48 42 85 87 86 77 56 69 59 38 48 13 69 73 77 38 69 67 50 60 10 26 54 49 31 41 71 77 46 71 64 82 43 91 41 44 80 55 41 7 32 27 93 85 96 44 94 59 3 34 65 96 8 72 2 90 62 97 94 27 71 83 45 2 40 35 7 86 95 62 84 67 83 48 45 44 22 98 97
73 54 38 48 40 18 5 52 77 40 34 78 29 22 27 21 19 50 27 15 41 8 32 1 35 7 95 75 5 36 21 47 67 39 86 78 60 82 40 95 57 25 73 89 57 50 51 55 51 37 11 43 96 46 82 80 8 80 98 86 60 31 95 56 18 98 47 36 82 51 55 51 11 21 83 97 2 91 68 55 13 34 53 92 92 75 34 99 33 8
4 42 58 48 9 8 16 13 90 72 67 49 77 25 12 27 8 93 82 26 26 99 76 63 92 36 76 86 10 54 48 79 52 3 79 83 45 8 20 37 51 20 18 20 79 82 84 70 30 10 98 86 44 60 56 39 79 78 67 54 70 38 39 57 78 96 62 77 89 42 2 2 37 4 42 69 27 22 59 56 66 23 4 5 15 11 79 49 85 8
22 34 67 44 35 11 12 64 54 18 81 17 59 63 43 69 10 47 76 16 89 75 20 8 56 59 2 42 89 28 69 69 94 14 31 95 87 53 89 58 97 80 31 99 93 53 35 69 38 6 56 99 71 13 73 94 26 86 49 61 51 67 57 87 8 45 36 55 53 58 96 16 84 57 56 78 33 34 21 80 29 1 35 55 13 70 27 44 10 41
79 67 51 54 18 9 58 98 15 28 10 63 2 93 54 56 77 64 43 70 10 60 75 50 29 19 14 4 1 4 34 12 95 51 80 19 63 79 66 100 9 78 19 91 100 33 16 69 64 37 95 88 31 80 94 11 5 26 66 82 52 62 30 39 74 18 80 30 16 19 16 69 7 33 80 30 26 80 15 51 16 20 84 62 70 26 69 38 89 13
22 81 34 59 91 80 5 59 58 71 66 86 72 22 55 28 66 47 12 1 73 17 100 87 65 96 60 78 76 96 32 10 21 92 21 79 84 60 77 32 39 80 7 100 54 49 81 89 87 69 27 18 2 92 71 77 33 87 21 50 3 49 31 34 65 95 7 24 69 15 5 2 71 64 7 81 35 76 3 34 81 26 41 78 7 65 43 29 93 14
3 40 50 84 45 72 63 48 11 29 16 85 38 43 36 61 36 49 89 61 94 49 78 62 77 52 60 62 11 48 18 39 34 2 77 77 85 5 13 59 16 44 75 17 68 12 48 35 33 89 71 20 78 93 59 67 22 25 63 64 3 75 63 9 3 47 100 29 30 64 46 38 63 77 6 77 33 70 48 67 36 96 31 51 2 74 38 47 35 89
88 30 52 83 29 57 15 79 39 80 72 48 6 26 1 92 13 51 81 61 71 77 30 41 79 25 95 3 3 70 7 28 74 2 80 71 56 58 16 4 5 64 57 99 69 27 30 52 97 1 20 9 27 28 84 41 9 62 5 80 68 20 99 83 42 2 6 20 48 13 90 83 65 55 6 51 80 85 92 35 42 47 81 64 77 8 14 97 36 47
87 23 10 13 38 21 56 57 24 70 32 30 100 95 27 24 6 4 51 48 48 79 20 66 36 87 69 80 25 79 38 53 68 1 92 27 53 9 72 84 15 100 52 84 74 53 82 54 59 61 50 53 86 29 62 63 88 41 1 27 2 61 3 59 25 40 78 46 23 39 98 48 75 76 72 21 14 68 51 87 39 30 12 46 10 56 70 24 38 41
24 59 4 15 65 97 53 28 79 59 67 22 85 76 10 2 41 82 11 85 62 64 39 53 23 74 36 57 35 91 10 69 54 78 11 88 49 34 86 32 15 48 63 81 16 55 72 38 34 89 28 26 66 50 15 32 35 18 71 52 54 26 66 22 49 88 82 33 52 18 83 48 50 82 69 20 30 23 82 94 18 51 91 24 36 10 77 48 79 93
95 16 55 97 75 19 5 8 77 44 61 13 9 65 30 72 83 94 77 63 51 88 37 75 14 33 49 73 69 34 19 9 93 7 77 28 57 80 77 63 57 64 89 46 33 44 3 42 55 5 69 87 5 14 89 43 47 8 68 78 16 15 91 50 3 47 59 7 18 84 3 32 38 99 50 71 94 66 89 70 89 91 14 4 46 21 44 25 83 77
88 13 88 86 1 12 41 28 81 74 50 25 44 18 100 64 47 57 7 33 74 10 29 2 71 10 83 9 89 57 80 47 68 30 58 77 98 75 11 41 55 11 92 88 67 98 78 29 83 39 56 49 8 28 41 18 62 54 79 32 59 52 93 100 22 48 46 61 9 52 98 55 13 68 63 81 33 37 8 16 82 81 20 38 69 58 37 92 69 24
39 94 12 58 57 93 79 18 29 93 91 77 55 55 42 59 2 31 79 47 23 51 4 73 86 6 63 35 45 4 38 86 48 34 76 26 4 32 36 59 14 78 4 13 43 70 28 20 87 76 98 36 85 46 85 64 26 24 18 75 92 18 80 38 46 3 54 97 85 90 5 22 47 93 9 93 53 60 87 12 53 77 39 78 67 41 45 75 61 92
85 3 38 83 80 6 44 62 1 80 1 82 97 4 10 36 58 33 36 56 46 64 9 2 1 23 40 76 62 86 88 92 53 37 72 76 38 78 6 2 64 31 57 2 66 35 72 17 48 58 65 60 51 68 12 60 53 68 76 82 21 65 56 83 47 7 47 61 98 71 76 44 78 55 94 98 39 77 20 86 19 61 92 15 30 19 46 66 58 24
53 24 48 37 52 86 88 42 8 98 9 59 55 32 19 79 40 66 82 83 17 39 82 47 98 60 72 47 99 82 65 72 19 62 36 66 13 14 10 96 95 48 71 97 11 87 65 10 10 94 50 64 43 51 90 72 2 44 16 77 99 37 67 41 94 58 88 2 4 33 44 51 73 18 3 56 21 4 32 98 56 26 42 44 1 14 100 1 82 72
20 35 96 40 82 87 13 81 21 69 53 53 80 76 74 61 46 1 2 35 68 2 42 70 61 51 69 35 54 19 17 57 37 33 80 26 22 42 93 71 8 6 13 89 72 61 37 51 17 5 16 52 98 4 37 74 30 64 72 88 82 36 87 41 41 13 68 5 6 85 28 58 17 90 37 35 22 28 66 33 86 52 5 31 17 78 88 26 27 70
67 16 33 44 42 7 35 100 89 47 55 46 54 26 70 22 73 18 80 84 45 58 15 90 80 2 42 60 88 26 37 36 38 28 29 97 29 57 74 97 55 69 11 24 64 83 94 3 14 76 73 16 79 63 76 98 11 51 6 68 74 46 26 37 64 98 24 8 40 81 21 95 70 7 5 39 1 47 100 48 7 97 23 3 92 98 74 48 51 90
6 55 17 38 68 48 24 31 73 49 55 8 66 7 15 20 97 93 63 45 31 17 48 2 100 34 75 41 7 90 76 6 40 98 47 76 46 88 80 85 36 2 93 61 60 28 40 50 22 1 3 74 100 99 12 28 20 72 8 3 58 22 99 55 3 27 39 54 51 25 79 82 56 36 70 65 84 90 86 93 35 60 37 73 36 90 62 66 64 79
17 85 50 19 41 83 38 72 31 78 44 88 60 100 87 26 49 30 50 38 80 95 86 97 5 66 78 99 43 15 98 55 60 40 68 21 28 43 83 38 47 55 61 47 73 84 100 38 99 58 62 76 65 63 42 30 60 99 58 12 51 38 47 3 74 79 37 10 82 24 10 84 15 5 38 1 15 65 82 85 64 88 45 72 69 85 29 98 92 21
1 96 27 17 22 9 75 24 5 51 97 62 63 42 95 23 82 50 50 24 52 21 15 68 33 54 77 15 62 69 53 47 72 74 5 60 41 85 58 79 24 7 13 66 81 15 54 90 39 78 91 71 37 48 89 22 7 50 12 16 1 50 16 57 6 36 4 3 5 4 99 73 89 14 48 51 11 19 45 19 73 71 51 22 93 22 75 41 84 30
22 98 82 42 93 41 5 8 54 77 84 35 61 67 49 59 88 47 5 63 5 8 54 34 25 62 8 30 15 45 89 96 78 64 52 41 95 3 94 44 70 8 55 85 84 76 23 17 72 8 83 58 9 10 43 71 50 14 48 92 30 82 78 79 51 20 97 35 62 28 13 70 59 66 41 53 94 66 43 49 64 43 17 100 97 22 56 20 44 2
65 74 76 52 21 49 44 27 21 87 68 2 81 93 35 64 23 91 82 36 64 83 84 45 13 84 79 72 4 92 86 29 74 99 78 21 91 51 21 38 50 41 50 37 63 63 46 43 92 89 21 34 32 96 29 9 29 65 40 9 83 58 49 61 25 43 1 2 38 91 32 46 64 84 49 90 64 71 21 24 67 24 44 61 16 9 22 16 40 40
49 92 93 30 19 46 9 26 30 83 10 38 15 60 60 35 14 27 10 89 1 11 91 27 10 91 26 95 22 92 36 81 61 25 24 85 44 71 7 99 87 43 86 97 10 5 4 9 19 95 46 73 34 63 89 44 92 2 79 91 78 74 63 65 19 48 40 25 39 75 52 76 38 79 8 64 21 98 88 57 30 9 24 18 49 37 24 66 24 14
61 61 56 57 55 44 27 76 3 13 80 63 82 53 21 14 82 55 44 49 95 42 73 79 8 33 6 8 78 38 93 67 92 77 23 56 71 35 65 16 32 88 81 10 22 19 37 81 85 2 11 82 82 27 38 56 74 72 19 35 51 89 30 36 99 45 30 15 64 96 27 96 8 84 99 42 37 62 24 23 43 7 100 93 49 18 16 76 34 63
99 40 2 78 68 75 88 59 89 45 34 83 59 46 36 89 69 11 47 43 92 66 70 19 67 4 48 16 15 17 35 21 92 64 81 82 11 67 10 12 71 95 73 2 51 52 60 8 3 54 45 8 94 17 14 9 7 65 85 73 47 99 69 65 15 12 32 13 99 44 17 13 57 52 99 31 52 73 17 16 88 62 77 73 45 57 76 82 45 71
69 72 64 25 70 46 13 36 42 84 58 89 60 92 95 62 25 66 84 56 26 81 91 79 18 89 46 5 73 30 4 88 19 51 19 47 7 39 42 10 24 47 75 83 41 14 97 57 85 34 33 97 9 66 95 14 75 59 13 98 58 61 33 4 4 8 78 30 9 69 52 74 17 20 85 3 15 38 7 6 8 15 84 99 63 21 11 71 49 16
83 49 50 53 12 90 9 84 63 17 35 10 39 47 51 29 11 60 39 21 26 66 62 90 88 63 78 27 48 24 87 36 17 83 36 30 54 39 76 92 60 4 36 12 83 80 80 86 92 13 46 30 10 68 80 98 98 95 4 18 8 46 78 52 68 95 36 69 88 94 64 4 60 48 57 22 48 100 79 47 29 34 90 88 5 24 3 75 43 37
23 7 21 33 10 7 52 7 29 94 26 27 76 59 35 46 34 66 30 73 2 36 17 42 79 17 25 72 96 80 18 88 6 32 43 95 55 32 3 65 3 33 98 61 81 71 75 68 5 94 94 87 77 74 10 40 2 31 40 77 41 31 30 84 23 43 21 27 37 37 73 80 55 87 76 38 83 49 57 71 52 94 90 75 41 36 3 43 66 99
21 82 76 41 19 11 27 49 91 87 78 55 55 42 81 35 91 33 57 40 18 82 1 30 4 98 28 26 30 62 37 9 56 75 97 18 10 93 65 69 72 99 9 50 88 9 66 45 70 96 49 71 69 37 89 5 27 17 86 53 12 87 76 10 7 20 82 52 14 40 73 5 19 22 69 73 79 86 14 63 39 42 49 14 17 38 93 5 89 95
48 100 70 50 46 50 42 11 32 80 48 69 7 63 25 6 57 37 71 8 25 22 11 79 29 54 5 94 98 99 19 7 62 23 79 92 39 59 77 13 31 37 64 4 32 13 43 25 79 83 97 21 13 72 4 46 62 57 86 87 29 82 61 44 35 78 22 63 47 46 88 100 45 64 96 72 5 50 100 24 79 60 1 21 96 92 100 98 64 57
62 48 76 50 53 50 68 5 22 23 72 20 94 32 59 97 24 97 37 32 9 11 12 89 48 18 22 17 38 26 28 35 36 75 100 43 93 6 34 9 65 6 33 60 37 16 67 78 52 80 14 20 59 80 69 83 79 1 88 78 54 1 81 30 68 12 14 80 45 89 39 3 7 59 11 31 6 95 54 21 81 73 54 64 49 97 93 96 78 28
94 48 50 12 40 86 35 43 56 30 64 68 64 40 33 21 70 93 65 32 69 61 90 36 79 66 64 8 51 48 79 7 96 97 44 36 5 55 15 18 97 17 8 38 54 80 11 37 2 46 83 91 99 39 44 44 84 68 95 39 78 65 14 1 68 66 16 38 91 75 3 51 35 11 77 42 14 95 64 4 81 15 99 2 91 57 42 21 69 81
77 14 28 75 82 92 4 2 27 62 59 9 83 4 93 44 3 39 19 93 71 37 99 87 41 92 79 26 51 59 89 85 4 95 65 75 65 57 30 86 82 78 27 2 25 65 52 60 13 20 34 62 96 86 69 4 26 41 95 4 29 43 37 82 85 71 40 62 62 61 43 37 58 78 90 45 74 37 90 99 29 41 97 98 25 12 25 92 53 10
36 32 94 82 17 76 73 9 25 14 32 6 63 20 86 60 13 36 64 65 53 25 41 87 69 37 48 87 58 16 71 9 13 54 92 34 41 80 55 14 1 3 54 42 70 44 56 15 96 90 87 68 49 35 8 25 84 8 62 64 43 88 97 87 39 86 87 89 35 97 63 48 60 47 57 92 94 91 3 53 87 52 4 70 6 38 24 67 17 54
64 27 30 36 8 52 63 77 3 51 59 79 96 28 86 67 14 43 79 35 97 59 15 19 100 67 99 15 37 100 18 4 9 71 48 30 10 53 30 17 68 45 83 91 84 68 12 68 44 88 92 30 58 21 48 53 75 23 96 50 99 85 19 30 43 42 89 9 18 23 1 5 50 77 84 70 91 31 1 89 54 7 56 38 94 45 12 27 83 62
90 56 67 82 59 12 49 23 100 55 42 27 89 94 56 100 49 67 34 53 39 1 41 20 40 39 44 7 43 84 43 54 45 29 89 66 72 16 51 59 7 66 27 88 67 63 83 59 66 54 90 64 22 75 44 10 75 1 10 23 81 18 37 72 1 86 84 69 66 42 47 55 91 98 88 44 80 4 13 62 70 48 86 30 64 26 22 50 51 42
8 73 24 82 43 75 2 73 35 88 62 95 72 41 33 74 30 97 89 58 56 100 1 96 23 4 82 35 85 19 98 24 43 83 100 84 89 85 56 12 38 69 89 7 59 88 89 12 56 68 23 55 59 22 81 97 67 15 75 18 15 78 25 85 3 26 94 63 24 48 100 79 47 73 71 27 36 67 63 67 43 28 95 71 90 80 95 60 35 14
43 87 42 48 59 13 27 18 82 90 62 69 81 27 53 74 11 80 70 75 85 50 62 82 76 91 27 94 23 35 28 65 70 91 11 71 67 60 5 57 53 9 80 13 38 17 43 24 81 1 33 71 98 77 95 14 31 84 45 47 15 25 3 80 72 86 85 31 91 59 43 91 67 99 81 40 49 19 1 74 6 32 59 57 26 47 13 23 7 71
37 84 62 22 13 53 63 72 84 5 4 1 54 40 98 25 38 32 21 33 47 42 60 51 17 38 68 90 68 41 63 43 94 97 70 8 50 18 29 84 25 38 49 62 11 70 75 34 4 62 61 4 94 39 27 68 9 34 34 7 75 28 46 45 66 97 69 78 56 44 83 31 14 21 97 1 90 28 11 84 82 17 10 64 24 30 100 56 25 95
54 61 49 38 40 77 68 72 52 62 25 45 53 49 52 93 23 4 41 47 75 16 49 2 31 60 21 59 7 91 54 75 56 43 34 80 20 65 100 54 84 63 55 44 99 71 55 2 50 80 96 51 57 18 19 59 76 50 51 5 27 96 8 61 41 6 61 41 22 57 83 5 9 89 59 45 37 65 29 100 49 46 17 60 55 91 76 64 61 62
49 30 50 68 1 97 16 59 77 55 22 82 47 35 96 99 90 49 25 77 23 54 45 16 22 59 84 27 62 38 48 97 90 46 48 97 92 94 87 77 27 6 94 10 48 28 47 74 83 58 72 47 62 53 88 42 86 86 64 25 38 11 47 46 8 32 45 12 3 64 21 42 89 89 94 84 81 30 94 69 40 86 23 63 72 99 54 69 88 16
62 67 36 87 44 36 47 92 17 14 58 31 26 5 12 6 95 18 81 52 21 82 76 8 39 7 3 61 71 65 44 10 88 93 23 90 90 100 81 14 31 47 40 6 19 95 57 85 94 65 92 5 79 5 83 13 26 17 23 94 8 6 92 59 11 77 99 65 40 88 78 17 51 1 18 6 57 38 68 24 79 69 78 58 87 48 9 88 42 100
66 94 63 37 8 78 10 32 19 70 95 60 13 26 79 10 97 6 22 15 73 97 43 48 42 60 62 9 89 98 22 98 73 94 76 20 36 93 83 62 68 80 63 38 56 66 27 5 27 1 77 62 70 76 47 67 46 22 25 62 95 84 28 76 10 81 81 87 7 57 10 73 60 24 31 59 18 52 100 27 5 32 85 35 12 27 25 52 68 81
52 76 21 90 5 81 83 14 27 21 84 52 58 54 55 20 38 56 35 82 3 71 74 39 37 68 79 56 80 78 48 82 11 93 61 75 83 86 73 43 40 48 19 25 93 25 42 67 57 64 17 91 4 65 10 88 20 67 15 31 23 99 84 36 22 19 78 10 3 58 27 25 59 7 33 10 16 76 35 58 39 73 82 20 79 87 38 58 17 77
10 66 54 6 81 93 37 87 56 61 74 99 91 26 17 34 29 60 93 82 83 9 43 39 59 13 27 14 94 71 50 29 47 11 51 84 52 35 88 84 22 56 23 76 58 11 25 52 62 93 93 21 64 65 67 60 11 62 29 44 98 62 22 27 12 30 76 27 80 68 38 29 14 68 39 90 43 97 89 24 11 68 84 15 8 47 35 51 74 62
97 42 39 84 8 56 61 9 72 37 36 98 8 47 2 75 78 61 34 48 44 32 80 12 73 92 54 61 44 57 47 19 94 30 27 56 56 44 10 33 10 91 4 53 81 47 28 49 93 13 89 44 31 43 67 60 88 6 96 71 82 66 57 57 84 31 4 2 22 4 39 34 8 27 92 29 68 38 74 61 67 36 81 81 78 10 70 50 75 25
47 66 34 64 22 93 67 17 29 89 66 14 59 52 79 16 15 21 80 83 99 56 12 57 61 68 57 36 33 94 47 63 89 21 95 37 41 76 99 74 2 91 37 72 52 25 84 94 67 22 71 20 84 80 9 70 48 5 26 4 19 4 63 51 76 12 66 83 66 62 45 13 66 33 14 88 11 2 10 20 14 30 60 6 17 41 31 51 49 45
22 38 77 96 74 12 53 89 26 6 13 63 97 56 25 62 40 14 56 12 50 15 76 32 79 39 70 48 20 97 93 94 10 35 81 5 4 68 77 67 32 29 41 86 87 63 19 78 8 14 64 18 47 7 72 88 82 84 28 91 100 20 43 1 42 35 72 97 31 58 90 35 13 61 81 21 67 46 32 38 17 88 31 59 69 17 91 67 99 73
27 31 35 73 40 48 2 27 94 39 83 29 13 63 14 64 37 4 63 33 10 85 73 36 30 43 67 33 28 8 72 77 81 9 15 90 49 42 22 54 91 33 81 38 94 43 92 58 97 32 40 85 95 84 35 56 49 39 35 82 86 65 25 45 43 92 19 53 3 92 85 20 28 12 88 22 51 73 67 16 53 42 55 82 59 9 97 26 86 10
14 28 66 27 38 42 45 7 78 46 1 5 67 76 17 90 58 28 43 45 29 55 6 47 87 73 46 72 85 4 28 38 20 63 60 63 4 91 64 32 87 82 65 3 7 99 50 11 43 88 7 61 41 29 13 58 53 83 68 76 45 51 18 62 4 29 57 67 73 11 97 40 55 36 41 9 15 91 52 10 36 96 67 32 77 11 31 43 74 56
74 21 9 51 28 49 23 35 8 37 20 42 77 71 80 22 93 16 92 90 47 89 85 96 83 26 72 68 4 4 82 33 86 85 81 60 97 59 97 11 38 60 22 89 98 26 96 58 36 34 11 56 94 73 24 100 47 13 21 93 40 11 16 76 4 2 83 49 82 7 77 61 56 3 65 55 12 37 44 100 70 65 25 22 30 7 61 6 57 52
36 91 27 52 1 85 28 11 92 96 25 99 10 95 51 58 51 39 38 75 39 52 56 57 13 23 44 69 78 13 22 22 58 59 85 24 42 91 52 14 14 61 31 42 96 62 84 40 82 22 10 7 26 49 6 9 32 51 63 40 77 64 59 75 42 15 12 61 90 54 15 72 97 56 67 44 77 35 1 49 14 16 17 44 11 30 63 78 3 90
20 74 65 35 61 12 95 79 13 32 30 66 71 47 89 32 82 83 46 74 74 46 95 50 59 28 14 19 43 80 94 19 58 98 97 5 33 30 86 5 31 59 61 30 62 74 15 42 12 92 18 2 18 27 85 52 1 43 86 87 70 87 82 25 99 84 7 85 58 30 41 16 15 71 27 73 40 5 88 17 31 20 6 8 10 99 37 51 75 67
9 91 28 95 70 58 68 29 85 47 21 97 68 53 76 13 18 44 90 77 86 27 71 27 46 99 36 34 49 24 34 70 99 36 6 21 38 60 9 12 68 69 29 92 61 88 69 9 74 68 73 11 31 26 76 32 96 76 35 74 60 5 22 23 16 94 12 14 77 62 56 31 17 100 70 86 44 9 29 44 2 60 55 59 38 70 17 67 51 7
73 46 64 96 72 96 68 45 87 84 98 7 92 44 95 92 40 5 99 39 68 89 73 20 11 34 76 28 98 27 74 25 56 30 21 16 51 53 78 90 44 67 30 79 78 52 22 31 7 21 42 31 17 30 59 59 24 48 74 79 60 44 69 29 33 86 41 53 72 14 94 46 40 86 100 37 50 66 67 97 48 84 89 35 33 37 26 40 6 85
16 43 49 87 12 2 87 36 13 81 3 61 1 94 29 75 85 42 33 82 35 59 26 78 66 30 39 91 92 35 63 24 55 43 1 4 85 42 86 65 8 50 76 77 91 35 96 18 40 72 50 57 22 27 73 11 31 68 8 35 50 30 29 48 22 64 19 98 67 46 29 36 27 99 94 23 87 81 32 75 77 96 40 87 69 76 9 21 60 60
77 36 16 41 7 89 34 55 32 92 39 48 90 71 59 10 82 7 28 10 8 72 39 25 13 17 88 84 92 60 5 97 58 42 55 33 54 20 50 77 52 89 84 37 45 66 18 89 98 41 15 17 27 5 47 97 97 89 41 25 68 57 38 67 32 26 47 48 22 92 37 75 3 83 76 90 85 6 94 15 70 3 95 80 54 4 36 89 11 79
84 10 72 2 75 76 95 71 42 27 77 33 27 63 74 70 84 92 10 74 81 20 81 73 11 100 47 23 31 71 84 83 1 20 68 49 41 25 77 16 79 63 65 70 56 32 73 97 56 5 37 19 71 37 76 48 68 68 76 47 11 20 60 59 63 73 69 45 34 70 50 57 55 29 84 93 84 27 92 11 92 96 78 11 25 98 36 87 45 89
62 46 48 37 41 47 62 96 6 5 59 22 77 35 85 73 18 38 48 92 5 53 63 32 55 10 11 44 59 37 75 51 30 70 3 47 90 68 85 26 84 57 67 59 53 26 7 1 58 65 87 90 4 90 79 64 52 58 59 56 30 47 37 77 84 14 38 91 43 50 85 8 94 60 42 14 21 93 84 14 36 72 1 59 19 64 84 24 68 8
40 97 47 57 21 81 56 20 67 15 53 49 57 99 78 44 50 90 88 64 14 43 53 50 32 71 11 60 2 69 3 48 17 62 52 61 74 4 44 73 95 49 9 35 62 52 47 39 57 38 4 96 53 41 57 79 78 67 74 100 24 42 98 46 98 46 51 63 43 85 39 90 34 66 71 70 30 61 63 43 94 83 51 92 74 91 73 72 22 35
17 32 82 6 14 8 94 27 5 67 94 98 19 99 81 35 54 92 21 43 77 91 26 77 1 64 77 100 28 50 77 79 17 18 72 51 69 8 50 89 86 22 8 20 54 64 12 97 54 45 46 6 58 69 91 82 28 38 97 38 93 90 88 78 64 29 66 45 26 29 1 76 28 16 18 77 30 96 99 39 84 71 16 30 78 53 88 63 69 82
16 26 59 31 63 4 34 45 38 62 61 46 63 55 25 36 37 82 58 66 12 47 51 74 78 60 92 42 30 5 61 99 64 30 91 18 82 74 12 94 63 5 65 36 51 53 85 21 63 75 37 74 99 75 87 92 54 42 20 65 58 46 56 97 21 39 28 79 65 26 32 61 11 50 50 26 22 98 49 19 63 48 13 77 7 89 51 89 65 20
93 88 71 92 9 38 26 81 52 29 18 96 10 16 100 90 22 84 28 77 4 34 79 100 30 41 70 92 30 86 49 43 38 51 100 80 61 63 22 50 54 68 78 17 25 41 21 7 24 48 33 71 22 56 71 72 85 48 31 89 18 26 92 46 52 4 72 68 78 81 98 61 40 68 47 2 40 92 85 12 60 3 25 2 30 48 42 24 25 30
24 68 17 96 12 6 62 39 36 95 66 53 29 25 66 4 69 35 91 83 47 95 33 61 91 11 61 32 69 63 31 39 42 85 35 27 58 78 54 45 15 10 22 44 93 96 26 18 82 10 38 60 70 19 68 94 7 98 45 11 56 16 9 88 84 46 14 22 89 24 56 73 71 48 63 1 34 74 52 99 78 14 20 46 88 18 13 91 72 59
19 71 39 41 27 89 6 31 63 44 41 90 55 96 92 80 12 5 13 96 24 36 8 86 10 59 20 51 37 51 59 16 69 28 60 26 6 3 1 13 45 34 93 55 58 86 12 87 78 32 64 47 19 95 86 21 43 55 65 93 75 71 26 55 89 31 67 11 66 84 12 82 32 24 19 61 39 11 12 25 60 88 95 51 29 94 62 96 15 57
61 71 85 4 49 9 3 93 59 99 36 68 56 14 36 85 30 21 13 28 35 23 20 12 93 84 45 39 68 75 98 79 13 46 73 59 92 46 58 70 38 30 73 95 19 68 2 53 93 75 66 37 36 5 7 63 96 27 14 30 25 3 7 40 95 28 27 72 91 97 76 67 97 24 32 27 89 70 84 66 96 90 81 23 80 3 81 96 94 37
41 68 73 24 93 59 44 27 44 76 53 85 30 25 73 50 67 35 31 69 61 71 93 98 16 43 24 48 89 3 46 72 51 3 8 38 9 13 29 40 36 48 89 67 37 59 61 21 43 57 57 17 100 96 81 58 32 19 39 14 73 28 30 74 9 19 14 2 55 32 92 33 13 22 99 67 1 65 28 43 11 87 77 60 8 36 30 49 63 98
25 88 38 51 50 54 72 12 41 13 35 58 18 51 64 44 93 8 24 37 4 52 76 77 17 73 69 6 92 28 99 1 1 93 27 98 86 94 29 95 47 82 46 88 52 29 60 46 42 46 17 64 5 84 27 95 59 6 5 75 52 19 18 32 31 49 4 4 59 61 34 42 20 49 88 45 26 97 18 18 56 28 36 93 45 52 98 51 55 55
26 43 8 34 33 71 76 18 43 75 51 32 99 57 70 20 19 95 87 99 2 92 41 21 47 27 89 3 93 51 98 15 32 48 93 12 13 16 85 76 38 36 28 75 43 97 47 2 48 54 98 53 31 99 56 94 30 90 86 91 30 74 8 26 2 4 87 78 94 86 75 33 20 61 99 100 47 98 54 15 64 58 53 8 27 29 47 47 38 87
50 11 8 80 45 2 21 39 47 92 69 20 20 39 80 35 12 78 98 100 19 6 100 16 33 41 14 14 54 31 11 87 98 33 20 97 12 1 27 22 8 36 38 43 90 28 14 9 59 5 30 83 14 91 100 17 63 74 57 38 32 95 65 43 70 15 71 88 87 68 98 79 76 16 74 6 8 33 44 63 64 62 9 83 26 46 23 22 9 91
68 68 78 48 10 89 88 81 22 1 1 70 28 68 7 61 55 14 13 5 65 59 88 79 34 77 25 75 65 84 53 50 29 94 80 88 72 89 56 82 43 27 12 100 19 89 100 86 85 87 36 60 10 71 96 76 83 73 38 17 76 88 27 8 17 24 42 37 77 45 51 93 23 15 94 25 59 17 99 78 15 31 61 42 63 80 95 51 20 98
34 81 74 90 93 40 68 77 16 62 99 38 82 83 73 83 42 11 67 77 43 86 98 43 100 48 55 69 40 53 56 91 7 32 42 15 92 73 39 9 34 21 80 11 96 62 70 77 35 62 93 20 91 98 16 69 84 64 51 83 19 94 81 21 62 91 9 41 50 9 76 9 37 91 60 31 68 98 42 78 16 62 28 68 72 3 23 21 31 63
67 72 74 20 63 35 92 99 15 16 59 41 78 8 19 95 98 44 25 26 69 87 44 40 63 68 79 25 70 78 57 11 88 55 79 33 81 38 19 48 51 10 49 7 75 31 87 40 92 82 97 78 68 60 93 81 88 62 49 33 97 65 55 32 42 90 59 4 86 17 6 29 7 68 31 91 71 60 47 94 79 51 17 71 98 4 85 19 28 50
40 30 58 4 49 24 27 45 13 97 56 25 32 68 52 90 77 4 33 94 56 30 93 88 27 5 26 80 68 27 48 77 85 44 58 14 25 40 81 75 25 89 87 11 53 43 56 39 56 69 13 40 84 48 92 22 4 24 35 75 44 55 17 25 77 35 65 6 59 82 88 26 30 89 11 25 57 62 17 61 77 54 89 59 14 79 94 13 11 16
34 28 31 43 31 94 45 95 83 31 74 49 59 12 60 42 25 90 44 16 44 83 7 35 100 1 65 60 2 2 50 96 60 70 7 24 5 59 8 84 18 7 74 61 43 47 95 45 70 78 97 38 81 38 58 9 38 97 91 51 27 11 63 4 62 21 5 69 39 43 41 45 78 27 70 71 28 68 19 34 82 8 96 70 22 69 71 84 91 75
34 91 54 80 70 48 65 55 30 36 18 24 22 89 55 15 37 54 93 55 24 99 89 99 29 18 66 21 70 27 46 5 22 68 42 34 2 56 28 20 51 90 12 21 4 45 39 34 20 61 14 45 59 94 43 69 63 43 84 56 45 74 24 61 65 75 30 23 6 41 92 83 67 95 59 54 60 31 13 34 40 40 3 97 53 55 1 10 36 16
16 27 62 77 53 7 7 28 100 1 98 10 56 20 76 53 55 99 3 71 14 82 100 97 22 30 93 89 58 46 63 86 80 70 66 25 43 5 82 50 45 98 1 37 77 78 3 31 47 73 64 87 97 45 35 79 33 37 19 65 79 75 15 11 37 78 89 18 21 77 43 67 61 97 71 67 55 87 12 40 76 14 60 27 37 6 53 94 34 50
34 56 15 80 75 2 34 60 81 29 78 98 76 15 15 38 83 39 3 2 60 31 85 47 2 57 13 34 89 33 90 41 94 69 38 87 82 55 89 4 12 95 31 31 75 44 23 26 31 55 7 10 66 83 94 85 55 32 47 75 3 21 43 75 39 80 99 95 56 82 73 78 34 100 73 52 34 24 54 94 7 44 5 77 6 72 39 16 19 25
76 12 78 51 56 83 28 15 81 15 15 16 59 84 35 90 20 12 17 7 99 64 92 40 38 43 24 71 99 20 47 28 83 86 84 54 2 47 68 63 67 93 30 91 55 64 11 56 62 30 27 13 35 78 46 27 71 52 84 54 43 71 64 8 30 95 77 61 98 92 62 15 44 76 32 83 72 91 13 9 87 53 17 62 73 37 24 79 80 2
97 100 32 77 65 3 68 73 48 70 78 47 45 96 35 43 11 16 57 78 33 64 79 90 21 57 75 72 90 87 37 35 44 53 23 45 48 66 33 92 22 23 23 21 94 37 100 42 27 38 42 54 58 80 19 36 68 88 85 37 46 85 77 16 32 60 54 81 24 53 8 13 41 18 94 96 1 55 27 43 54 54 55 54 11 88 64 44 96 1
31 6 85 8 81 37 92 4 1 19 92 53 57 13 78 5 16 26 59 42 11 38 25 40 51 78 95 72 35 3 13 8 63 91 76 63 40 19 88 51 27 68 21 5 30 33 34 70 95 80 5 30 34 66 28 26 43 15 64 87 28 66 75 30 95 15 58 72 56 43 76 12 45 56 98 13 70 37 75 71 51 12 62 72 14 12 44 20 95 24
58 22 66 7 93 53 12 23 76 100 33 99 78 38 66 77 29 37 99 56 18 24 85 40 78 24 10 13 3 69 39 76 77 34 72 80 83 60 70 6 8 69 81 29 85 88 44 14 79 90 49 37 80 33 50 45 42 98 90 36 1 62 15 77 70 38 65 71 100 95 87 24 17 18 82 66 78 79 62 57 40 54 33 50 45 23 70 38 23 1
69 29 98 8 97 13 73 46 56 64 19 6 1 96 53 2 78 64 43 31 19 27 82 1 85 91 11 86 88 32 50 11 1 12 7 61 54 65 93 99 1 94 46 46 30 38 35 89 24 64 82 81 41 72 92 66 7 13 56 74 59 77 33 72 5 5 65 50 35 36 48 91 27 44 48 31 47 1 13 38 90 62 13 36 21 79 44 85 17 58
81 71 35 41 52 23 9 82 68 23 21 25 91 54 17 30 35 60 87 1 81 89 99 55 99 95 46 91 91 2 69 18 65 72 4 61 37 100 95 97 79 32 8 53 25 12 54 35 27 43 92 78 96 96 97 44 39 48 38 62 45 65 4 13 71 14 45 49 6 16 61 39 47 6 79 89 35 38 7 27 92 59 22 22 73 54 22 23 57 15
33 29 80 82 62 90 81 23 78 96 99 96 69 56 58 10 39 17 84 75 72 90 89 76 7 53 92 89 46 70 1 67 4 11 71 14 39 22 89 95 63 92 42 39 95 72 13 27 15 84 33 79 19 13 90 45 60 86 89 80 89 82 29 54 25 72 16 6 45 67 29 51 54 95 52 81 50 61 38 61 77 92 96 32 97 59 46 62 81 70
68 75 25 96 1 6 51 27 38 42 63 98 58 40 99 3 42 81 91 10 8 52 26 85 14 33 24 74 1 48 98 64 90 70 100 46 77 76 35 52 45 13 96 61 83 82 84 80 51 34 29 80 12 18 99 43 80 95 6 60 59 88 35 38 81 72 20 37 49 6 37 57 49 97 85 82 87 1 99 51 50 69 69 91 18 5 36 41 2 5
64 73 74 4 85 50 34 51 92 6 59 66 50 56 50 41 93 34 62 83 41 52 39 50 94 93 57 95 17 58 63 49 38 11 30 9 77 89 35 37 9 68 85 83 65 3 80 15 17 78 77 22 47 90 67 87 55 67 61 58 3 81 90 82 15 94 14 69 84 52 28 44 75 56 87 85 87 70 76 71 57 11 70 34 5 13 76 39 26 96
28 87 69 37 7 82 4 52 78 95 16 5 2 85 60 67 83 7 21 9 18 60 38 11 65 40 56 61 69 6 99 3 22 12 85 65 71 92 44 17 72 98 85 95 96 15 53 26 62 26 16 12 81 54 85 75 96 89 56 87 55 17 12 76 81 4 85 57 53 50 32 89 39 83 86 3 58 65 77 95 11 84 56 39 76 59 83 54 83 34
63 97 77 82 36 14 26 51 72 33 41 76 97 25 20 61 8 89 82 21 64 70 71 15 9 28 50 65 94 29 4 58 62 71 56 69 75 4 44 10 76 36 79 73 51 83 83 24 85 51 41 54 12 57 58 63 87 29 22 54 6 89 69 86 71 26 75 45 28 56 47 88 95 20 41 69 66 22 55 91 44 33 64 78 40 74 24 59 73 18
63 87 89 35 51 70 81 31 5 95 56 15 42 52 84 98 81 78 91 74 37 74 33 43 17 52 71 32 82 32 86 51 67 7 57 8 28 58 46 5 100 95 45 53 83 17 72 9 77 40 72 92 52 70 75 77 20 75 83 41 3 59 64 62 100 82 48 90 17 58 2 78 70 28 100 48 5 29 47 28 74 40 87 24 13 18 27 59 2 100
87 47 1 76 95 75 20 71 24 64 61 48 28 87 59 95 25 32 53 94 25 94 72 17 49 85 54 19 21 80 98 14 15 98 81 44 13 1 84 1 96 89 90 58 95 13 26 54 67 72 28 50 100 3 75 69 89 20 11 29 63 26 33 92 59 38 75 68 92 57 29 5 57 15 12 80 30 13 83 43 87 82 37 28 99 1 58 25 63 8
25 33 92 35 21 75 86 70 98 100 76 31 100 78 47 68 13 73 24 41 30 32 89 85 64 35 70 2 38 29 67 16 74 83 12 88 41 97 39 87 13 95 44 75 96 26 6 46 71 52 22 11 76 39 8 54 65 58 25 55 26 13 20 89 52 50 25 96 42 88 17 61 78 57 28 91 11 17 27 10 47 93 9 46 22 36 42 29 42 76
54 67 96 88 20 2 5 20 54 30 13 67 16 79 61 59 40 16 63 79 50 17 97 45 60 80 82 16 23 71 79 14 96 64 33 6 74 53 22 48 39 11 11 27 77 67 31 38 68 77 62 96 27 15 94 81 30 46 88 90 36 100 82 32 27 40 78 61 22 80 35 57 65 99 21 61 98 100 80 86 54 20 13 91 36 79 67 3 2 88
91 14 23 65 39 14 69 70 87 15 27 77 10 33 11 2 76 96 69 31 90 65 15 27 21 73 9 72 71 90 21 32 44 68 91 64 72 71 51 90 77 94 78 26 35 53 76 54 48 49 69 76 76 44 28 98 70 73 45 54 37 24 9 79 65 2 3 23 96 14 62 1 36 9 20 45 51 56 76 89 41 70 23 98 3 89 9 42 78 90
3 78 87 53 57 95 68 93 36 17 89 12 41 90 65 80 29 2 2 67 16 92 16 40 31 84 54 57 97 64 24 59 68 27 79 72 98 12 36 51 26 21 22 95 58 77 78 63 40 6 76 32 69 87 43 84 34 54 23 44 75 10 3 99 22 13 18 90 41 23 39 14 60 21 22 2 32 39 10 12 50 32 85 12 33 74 16 40 4 56
60 9 8 57 71 77 41 34 17 80 37 7 82 74 8 22 10 8 26 77 12 66 76 44 65 65 55 24 20 6 94 59 100 30 43 98 80 93 19 78 61 59 8 69 51 62 88 65 42 67 39 91 42 42 41 12 82 78 48 18 80 40 36 72 36 39 94 83 65 22 35 26 47 36 51 78 61 11 83 74 1 80 84 74 95 37 36 32 76 20
93 24 31 3 19 52 67 34 53 80 28 63 14 100 69 76 25 93 94 48 46 93 54 20 21 55 29 95 95 48 94 83 18 23 53 23 80 1 82 60 79 17 18 82 92 41 23 30 1 72 31 20 22 26 15 43 26 23 97 54 67 56 5 13 69 86 89 2 8 100 94 46 96 62 22 47 67 70 11 71 22 77 100 22 28 56 69 30 3 77
89 71 5 76 2 79 91 14 17 66 32 83 86 69 58 74 29 11 19 5 73 87 93 46 54 57 56 72 18 95 38 42 87 72 59 76 94 60 83 20 30 38 78 34 15 54 68 84 44 9 51 6 13 64 71 88 38 86 68 92 83 4 55 25 97 22 7 85 70 41 20 42 76 8 45 77 77 31 41 81 45 31 85 20 55 57 42 14 43 60
72 26 58 74 62 23 99 10 30 6 49 15 83 65 70 19 87 83 84 43 66 16 89 30 7 15 51 74 29 57 80 56 52 28 22 61 50 1 100 11 4 60 13 10 53 30 31 87 36 40 48 39 26 69 20 62 92 79 20 13 26 99 38 68 1 73 58 34 62 70 48 71 39 20 63 85 88 31 78 85 50 87 87 77 56 56 19 14 26 19
11 41 20 20 44 43 69 9 84 44 67 3 31 74 29 47 89 28 25 8 70 26 50 7 82 42 89 7 57 53 39 26 59 82 2 22 54 10 81 71 26 76 3 16 6 68 12 68 16 38 43 50 92 59 3 55 68 74 34 57 71 70 73 80 31 82 23 34 42 68 91 77 53 15 22 35 34 89 43 40 80 8 10 54 53 27 49 17 71 45
28 60 58 71 45 11 48 99 96 98 7 11 48 17 80 96 66 83 47 40 30 31 87 4 80 23 16 44 93 38 55 32 57 32 54 67 82 6 24 30 83 58 31 64 68 23 11 18 14 86 99 77 89 2 58 70 67 91 87 97 74 48 78 91 84 67 53 35 87 83 21 60 80 38 8 59 66 83 23 52 88 19 15 100 93 79 11 90 3 45
1 32 43 26 27 48 6 41 13 7 39 77 27 61 23 57 9 26 40 72 55 50 48 97 54 90 95 95 31 100 38 95 52 70 99 37 84 32 77 60 74 62 78 58 46 31 75 64 54 52 38 58 62 16 17 80 68 78 43 92 11 18 99 73 72 78 95 9 73 85 12 87 22 26 74 72 98 76 4 4 54 78 38 80 36 36 8 99 48 46
82 49 56 62 27 48 93 59 9 3 54 28 30 38 3 14 66 38 17 46 73 31 22 70 13 33 13 44 11 6 30 5 82 17 76 38 25 72 73 86 49 69 48 62 70 15 93 83 60 56 42 14 59 51 83 15 82 79 14 85 92 30 1 5 37 88 60 51 75 17 76 32 15 95 43 49 74 47 91 75 44 81 60 85 43 9 61 69 35 24
41 34 60 50 21 45 58 25 76 88 19 43 75 61 90 81 14 28 76 9 66 74 42 37 87 52 62 42 36 17 69 76 23 42 6 95 100 32 59 58 93 87 15 89 79 10 39 16 43 60 78 65 2 68 82 90 85 85 51 59 43 49 100 2 43 26 93 51 70 34 80 74 100 51 83 44 100 72 79 66 67 63 9 24 93 94 28 10 87 93
77 29 9 44 77 77 5 100 2 69 51 90 64 22 85 61 78 21 78 60 78 27 78 10 75 26 68 54 33 99 19 10 28 78 95 32 49 22 44 99 1 90 34 80 17 77 11 4 80 30 18 55 81 20 23 29 63 18 57 22 80 75 95 98 72 80 100 94 73 9 48 87 76 5 80 28 33 17 56 89 26 36 14 45 75 98 43 84 88 26
67 3 81 65 12 66 57 58 88 85 57 61 68 68 8 60 77 78 31 88 37 80 17 38 87 9 69 77 19 64 4 24 27 72 68 13 48 41 22 56 12 46 78 82 100 32 30 58 96 96 71 56 65 59 12 43 86 36 58 89 61 78 48 94 36 57 99 54 82 8 58 25 87 15 88 50 69 6 51 10 84 10 34 47 98 41 2 39 11 94
71 14 44 24 87 61 41 4 42 77 70 73 32 100 18 90 30 67 93 86 51 80 96 9 63 29 7 13 94 34 42 37 7 19 58 26 86 73 83 59 65 71 31 49 33 55 94 92 2 77 48 51 80 61 55 82 36 83 10 59 85 17 9 18 42 71 45 89 40 39 62 43 4 22 99 28 29 19 55 36 22 25 22 76 87 2 94 33 77 73
73 90 15 20 79 3 6 58 84 7 41 87 15 78 4 94 6 11 69 23 78 62 78 53 6 80 75 11 33 89 13 21 14 16 59 11 52 91 98 74 59 49 44 99 59 39 43 14 99 62 22 36 8 70 29 73 78 95 5 18 6 97 75 25 37 96 88 66 86 93 77 22 96 76 88 67 20 96 27 20 34 23 57 85 41 67 82 30 84 29
82 79 19 85 67 65 93 87 34 52 11 3 80 61 24 51 82 32 87 49 68 90 16 47 13 19 5 57 8 81 40 59 5 35 13 63 99 65 27 65 99 54 58 62 11 70 62 62 98 67 64 90 85 52 25 91 80 68 62 20 2 26 48 21 7 68 98 26 42 83 71 18 25 42 99 39 13 67 61 66 18 85 58 10 5 19 65 93 90 11
38 36 61 66 78 26 50 37 61 32 39 42 99 30 45 22 61 71 14 97 70 52 85 38 39 50 45 92 23 25 75 71 26 33 43 53 83 63 85 32 36 43 72 36 60 50 98 12 28 21 33 73 5 43 41 76 22 74 10 34 51 94 3 64 40 16 11 69 62 19 26 20 8 83 19 28 68 98 9 97 7 72 12 67 76 60 51 50 10 82
29 39 12 61 43 84 7 26 97 59 91 26 80 17 13 75 98 72 55 41 10 100 41 46 32 4 4 66 86 83 83 41 16 47 95 26 6 92 10 6 40 49 24 93 63 54 20 40 70 74 21 26 61 24 35 12 34 39 44 8 14 95 51 59 30 39 80 28 80 43 49 98 92 7 3 10 56 79 31 7 20 5 29 77 62 92 25 75 44 9
76 42 66 99 39 35 58 47 24 19 61 37 51 15 92 91 75 29 76 32 66 47 85 80 58 38 9 4 53 70 74 76 23 60 22 40 1 32 19 24 27 22 100 3 39 32 35 76 60 40 94 38 72 7 44 13 53 86 93 2 33 56 95 78 84 13 45 20 52 60 36 90 88 25 76 58 53 24 78 12 62 83 81 74 96 83 27 98 12 83
60 92 88 32 59 61 86 20 100 33 58 87 49 82 65 95 18 100 37 41 95 82 82 18 9 71 11 69 70 36 26 81 29 56 2 2 59 10 61 37 2 95 87 41 74 23 49 20 78 10 18 47 15 13 75 69 6 7 57 26 1 49 2 47 27 60 71 36 62 88 91 6 72 43 97 18 37 8 27 35 61 18 86 15 62 58 15 48 96 91
70 78 67 38 16 27 17 19 97 66 63 82 13 95 73 67 58 98 76 22 10 50 92 28 63 25 69 27 65 77 75 46 1 37 55 55 53 97 36 35 22 85 98 100 22 78 99 88 49 9 4 37 93 17 85 21 96 24 8 84 63 20 30 83 65 94 55 23 35 65 87 33 67 48 43 97 4 98 39 35 69 62 72 42 57 76 11 8 77 6
50 70 43 100 12 20 74 84 4 9 49 46 2 27 97 93 25 19 95 47 10 57 36 57 2 91 91 42 12 63 19 12 87 81 63 74 78 84 84 46 17 36 73 75 52 83 42 16 60 100 19 89 22 8 27 32 14 56 33 7 34 26 47 72 53 6 1 80 67 11 16 85 27 35 63 56 72 54 8 63 46 12 18 90 77 24 14 42 72 7
99 78 38 18 84 13 53 4 5 55 78 4 37 8 40 80 4 45 69 12 92 42 24 93 23 52 92 48 52 22 55 14 65 42 99 33 64 55 37 3 21 98 94 89 57 27 62 23 45 20 90 76 81 14 73 36 70 73 38 27 63 47 75 54 93 21 62 81 100 60 97 68 35 84 4 17 43 50 67 6 72 59 46 24 80 81 26 36 55 65
4 43 99 18 48 7 85 65 79 78 33 48 100 18 52 16 96 85 56 71 35 81 45 83 55 59 43 47 29 14 13 37 37 57 66 32 6 29 11 11 25 66 45 13 60 46 46 83 6 69 67 16 97 52 27 53 63 14 62 15 16 12 72 31 57 53 48 47 6 3 61 49 9 43 37 54 27 47 37 93 52 22 93 4 8 47 50 8 50 96
4 87 83 91 100 21 48 74 97 14 82 42 67 68 69 37 29 18 20 85 98 15 52 31 71 60 74 57 1 16 61 42 99 39 44 78 90 72 93 66 80 30 42 3 65 76 4 57 76 92 67 88 40 1 19 48 87 99 31 72 24 86 20 27 34 84 6 16 81 8 20 48 79 44 58 5 1 62 19 7 88 44 43 65 22 13 62 29 62 68
88 100 60 36 33 100 35 35 65 19 4 91 2 20 87 9 94 91 75 45 88 44 95 8 38 26 95 89 42 82 46 79 39 44 64 19 33 96 78 80 16 36 43 60 74 74 75 11 80 57 44 55 82 62 71 79 50 27 5 33 100 78 68 99 98 21 65 84 43 9 82 23 56 11 24 54 23 71 49 40 30 55 95 8 99 31 96 20 54 7
73 81 59 63 35 97 89 66 46 49 73 57 17 60 53 6 16 77 67 54 55 41 92 82 6 72 40 53 54 34 7 41 99 100 64 54 22 53 19 50 69 80 20 23 79 5 33 41 35 99 13 93 87 70 35 58 11 52 48 62 34 43 39 72 98 60 89 61 51 8 37 78 67 57 71 100 51 98 98 5 4 3 3 1 56 18 78 33 92 41
81 1 77 69 23 75 76 2 37 45 30 73 89 68 32 9 63 1 6 6 4 37 54 99 64 93 77 76 63 75 47 57 43 86 91 16 72 17 49 20 62 5 1 46 56 3 99 10 86 51 32 86 33 5 54 79 72 11 62 52 7 35 95 30 6 23 7 16 51 39 93 46 42 9 69 69 22 20 27 69 61 77 54 48 7 69 22 83 29 81
37 4 53 64 94 68 5 9 87 22 92 61 77 72 66 75 62 8 95 65 94 55 17 71 80 28 96 31 32 18 91 5 26 75 33 33 78 97 61 66 39 13 52 48 83 62 14 71 68 93 33 31 96 89 22 9 69 42 27 49 99 7 7 98 86 74 100 53 76 10 57 51 29 6 29 37 58 87 90 34 38 4 38 14 54 65 55 72 79 82
17 69 51 58 52 43 88 89 52 53 67 65 37 31 36 94 79 57 63 57 5 16 37 87 13 38 71 3 47 11 57 94 52 87 75 31 12 35 24 38 20 12 36 79 53 46 17 18 9 70 79 17 54 92 58 5 40 83 85 11 25 81 76 37 3 71 1 17 66 100 57 96 73 11 82 81 31 36 90 20 95 95 71 10 36 77 21 60 18 9
65 40 53 38 83 6 20 30 77 97 6 76 49 21 6 10 59 96 90 25 13 72 59 28 60 68 71 55 38 81 16 78 77 55 71 89 7 12 6 73 2 74 18 28 18 39 33 85 89 53 27 24 98 64 1 91 35 4 37 84 17 3 86 18 38 88 92 31 10 58 99 97 70 29 22 67 44 12 47 86 53 40 51 98 4 24 47 72 94 31
1 12 3 48 14 47 75 62 40 13 18 52 17 89 16 18 12 97 32 23 63 37 19 43 25 1 87 88 21 26 41 37 85 44 25 85 59 51 20 74 1 49 11 65 4 28 90 71 45 8 11 90 3 19 10 33 85 40 47 86 50 51 16 34 3 61 12 43 47 93 98 72 82 23 98 13 22 80 12 42 98 9 55 77 90 92 43 80 26 100
67 65 29 13 39 94 60 97 86 20 90 75 2 73 91 61 18 31 94 32 47 30 7 27 1 65 11 48 93 64 75 42 99 53 95 19 71 62 93 98 4 74 32 65 93 28 18 41 95 64 37 23 75 31 96 36 99 18 44 97 41 39 97 13 89 69 88 27 84 56 41 63 36 68 36 58 39 2 26 63 79 86 7 15 60 27 16 28 20 38
62 64 93 74 67 12 4 13 46 100 19 13 18 53 44 58 8 52 20 4 52 30 70 54 15 29 98 26 42 37 48 48 88 13 6 99 61 86 92 75 44 65 23 36 15 95 59 12 82 40 96 13 75 64 94 17 77 32 50 24 85 19 3 30 81 11 51 77 17 66 28 57 72 88 19 88 26 52 59 23 91 71 7 37 37 32 31 86 16 36
51 88 6 45 35 60 34 37 58 39 71 28 14 67 26 58 66 57 97 92 59 5 63 21 17 87 15 70 28 23 96 71 77 31 17 57 6 74 82 31 56 95 3 100 86 86 16 53 47 50 98 3 81 25 20 51 83 85 53 62 99 75 18 27 88 70 43 94 68 78 10 3 9 89 19 26 24 60 87 87 34 50 37 20 62 17 31 15 66 37
57 70 55 89 71 77 62 15 38 13 66 60 50 59 33 3 34 68 34 52 90 88 91 85 66 34 24 45 34 6 57 56 9 48 42 44 11 77 62 78 62 66 30 87 8 56 68 21 30 14 4 68 90 1 87 34 95 11 71 3 28 35 96 20 46 58 43 61 10 16 29 65 24 25 21 31 36 26 7 76 4 28 43 14 71 79 21 24 49 73
15 1 39 57 9 15 14 77 89 2 99 78 10 47 14 68 86 13 35 37 97 71 13 75 90 61 15 92 2 84 19 62 7 49 66 39 71 86 78 94 2 73 90 87 80 12 56 58 70 61 82 73 53 58 1 12 48 46 19 24 51 37 18 90 97 71 35 18 66 78 92 53 86 71 5 2 95 95 56 87 91 58 81 97 25 64 64 77 48 66
36 47 10 72 30 44 56 75 56 6 29 62 69 42 14 33 40 66 31 2 56 69 76 53 60 12 37 46 60 60 74 30 67 17 98 58 97 43 88 37 98 21 86 21 60 26 57 42 92 88 73 66 11 2 55 3 65 12 89 42 83 23 17 87 77 5 4 39 38 80 6 85 36 20 24 41 17 38 68 9 91 69 18 77 92 92 20 99 94 20
58 46 89 96 49 38 39 91 55 56 40 8 35 46 62 5 66 40 71 77 14 91 92 73 75 22 53 55 54 96 3 87 19 65 9 94 71 57 16 49 73 6 20 34 24 98 64 99 35 30 6 71 27 8 67 19 30 48 35 6 54 97 99 54 95 5 88 51 26 1 28 11 21 19 12 49 76 92 12 8 5 44 46 24 93 20 92 25 49 77
92 9 69 30 42 99 23 91 3 65 50 67 86 2 31 15 55 86 52 44 57 37 28 59 70 76 62 30 51 34 85 90 9 29 72 93 13 80 54 92 25 49 71 25 48 56 88 50 29 20 5 11 94 72 54 82 40 100 4 31 86 14 47 80 47 55 89 4 51 24 39 84 47 48 28 63 90 75 93 33 99 21 3 75 17 58 80 9 4 91
96 89 19 25 10 34 43 100 96 1 86 11 90 29 55 37 87 27 71 56 17 30 41 16 70 59 89 24 69 34 34 76 38 55 39 15 1 97 68 27 49 52 83 70 23 77 98 1 4 31 92 86 89 59 4 86 44 38 15 79 39 37 45 93 32 97 47 98 35 72 97 97 27 54 91 25 84 65 29 54 65 6 19 61 86 100 27 11 65 33
38 86 90 3 64 100 81 47 54 54 15 94 65 44 46 73 70 80 35 64 81 82 47 28 37 58 43 64 36 55 76 69 24 85 9 84 8 97 28 29 7 99 23 97 34 50 11 23 60 51 47 3 52 38 61 73 17 96 70 82 3 23 86 15 23 52 76 87 46 70 85 93 8 61 38 97 99 88 44 29 22 48 32 43 59 50 3 81 90 93
70 99 32 37 74 84 82 58 52 65 77 95 63 11 1 68 90 48 62 77 100 16 69 89 14 43 49 66 33 11 85 43 19 81 70 52 77 16 43 41 55 18 64 70 4 9 15 100 64 7 95 63 1 45 60 44 26 33 51 70 34 65 12 87 25 50 10 81 6 36 8 98 14 40 65 43 50 83 17 42 18 56 19 14 89 64 99 15 18 12
70 32 96 80 98 56 61 91 61 44 33 22 78 14 25 24 94 22 67 70 92 28 1 20 89 3 100 88 31 44 8 70 68 38 89 73 96 35 28 68 2 10 62 61 82 11 34 72 30 65 33 48 24 84 54 53 24 14 62 95 48 53 82 2 4 2 35 70 66 92 88 71 77 77 40 49 60 100 51 90 20 47 87 55 61 74 45 22 79 42
8 10 83 19 3 22 25 19 50 60 65 74 33 61 18 41 89 31 13 18 66 11 26 10 49 11 46 73 35 90 22 8 15 19 41 24 79 55 56 85 64 14 22 93 62 45 82 57 44 15 32 31 97 78 73 55 56 54 95 71 76 84 70 40 73 60 49 44 73 26 29 7 69 79 31 47 37 42 58 96 75 56 75 10 37 53 64 36 29 89
43 54 58 11 38 41 98 9 72 86 36 36 74 97 34 40 67 80 7 30 33 22 61 61 27 55 31 3 4 55 65 42 24 69 89 20 54 18 81 13 82 65 59 46 88 60 9 90 45 51 15 40 51 58 77 27 32 12 33 91 24 2 37 69 74 47 51 41 63 40 4 40 99 18 51 82 85 62 76 9 40 74 56 24 98 95 69 41 80 17
80 97 62 37 56 71 40 32 52 97 56 43 15 67 28 78 30 69 31 58 51 38 73 40 55 72 54 56 94 2 8 10 89 100 41 24 8 52 4 32 35 8 27 97 34 27 58 17 37 90 10 86 45 14 59 84 78 16 42 28 59 3 91 61 59 16 26 91 18 15 85 35 96 71 95 57 79 1 3 76 56 33 29 28 66 95 89 78 61 86
1 51 34 89 4 70 69 12 5 12 64 51 77 50 56 41 33 35 91 86 87 68 1 34 23 5 9 42 50 56 26 58 55 98 65 87 9 80 56 27 21 88 80 13 35 70 17 97 92 35 33 89 41 94 90 62 32 95 74 70 32 22 5 46 9 52 27 99 84 30 59 33 60 90 5 75 52 33 69 23 33 10 44 97 21 11 2 4 42 31
39 24 43 74 13 50 76 1 44 83 31 6 41 44 76 70 82 83 50 62 86 88 50 49 82 96 96 72 35 30 43 7 65 72 1 81 83 62 27 32 87 70 91 19 83 39 25 86 88 74 57 62 37 65 19 25 95 44 37 55 88 84 35 16 9 53 5 93 39 22 21 2 76 60 91 38 62 67 49 65 56 52 83 83 100 51 9 5 25 36
69 4 90 12 74 66 59 21 46 27 33 71 16 26 59 46 96 54 12 11 11 79 23 3 11 58 73 46 94 40 51 87 90 81 80 99 10 57 45 5 25 42 64 97 99 84 69 99 95 38 79 72 29 52 76 2 15 66 26 94 89 39 29 8 51 40 87 34 77 61 42 74 22 2 71 32 99 61 91 20 64 30 22 16 98 1 48 36 92 86
34 61 18 92 70 18 58 23 61 81 75 100 26 12 22 7 20 9 41 87 10 99 33 19 34 27 89 11 99 57 83 87 5 71 55 26 3 41 38 54 37 47 75 83 56 26 20 19 73 59 86 96 7 55 55 49 6 85 57 72 45 75 80 86 59 34 44 1 77 61 41 76 47 55 22 44 95 95 31 95 11 100 14 69 9 45 46 77 71 79
