90
3
56 11 11 33 19 29 10 83 58 70 16 43 25 82 14 56 29 26 59 71 33 70 54 58 58 37 58 55 23 53 19 33 52 62 83 28 10 48 90 62 7 9 6 33 56 13 10 22 53 96 51 92 38 22 95 27 51 8 60 30 41 26 11 23 86 100 78 50 99 25 49 5 2 81 78 8 91 52 6 33 43 21 19 21 94 88 91 36 60 15
73 38 81 7 33 61 30 88 12 3 49 57 48 79 76 45 35 50 97 41 15 70 37 10 51 17 67 56 70 16 62 20 100 6 53 53 11 34 86 21 11 75 43 18 81 43 83 47 13 79 1 67 27 31 8 99 95 73 19 47 39 34 84 72 7 47 45 96 61 15 58 83 51 64 56 42 24 14 76 9 77 74 42 78 76 5 77 6 95 40
50 16 10 95 81 78 49 83 16 46 57 40 90 28 72 90 74 42 8 63 73 32 59 74 67 92 66 23 78 50 19 78 97 84 59 26 24 93 2 100 60 42 52 13 51 30 44 62 26 64 26 84 6 50 86 19 51 93 89 53 9 17 34 14 35 79 91 75 64 46 89 41 17 99 96 51 24 43 53 35 9 48 87 45 36 38 16 77 76 13
28 56 62 56 66 33 65 35 60 17 42 56 58 26 26 27 75 89 67 55 52 71 46 37 61 74 94 6 38 19 69 60 24 41 79 57 59 76 36 99 17 86 57 50 40 67 63 72 21 94 48 4 83 61 16 81 9 23 88 40 54 28 57 9 7 70 90 33 45 72 58 92 47 77 31 5 55 70 86 80 33 23 93 34 65 33 29 84 37 33
61 14 24 36 28 54 75 19 83 47 44 55 67 99 29 51 92 27 1 74 31 93 17 56 89 12 3 26 54 60 69 28 81 8 70 86 47 39 84 66 59 70 76 50 18 14 3 95 74 83 96 8 26 14 3 84 94 90 96 47 18 36 40 58 35 87 20 89 40 51 18 33 56 41 78 53 45 29 59 12 25 5 87 12 94 83 21 33 56 25
65 63 16 78 26 36 86 35 74 90 39 44 31 34 92 54 81 38 90 30 35 19 24 82 85 17 6 64 66 9 94 52 99 91 57 18 32 5 55 51 18 60 88 45 100 70 89 5 88 65 91 68 69 29 54 15 42 67 72 73 20 79 9 96 47 75 77 65 16 45 24 31 29 19 50 16 65 62 26 84 10 50 61 78 75 38 13 10 44 9
40 94 44 98 77 4 41 82 98 36 72 79 68 96 94 8 86 91 25 26 5 11 88 66 63 50 84 100 29 69 87 69 19 41 57 14 82 32 52 30 14 43 68 76 90 55 46 97 1 23 57 71 66 77 14 66 67 78 99 22 73 24 14 33 63 43 60 38 19 53 22 64 51 13 40 79 9 88 78 63 46 31 30 97 84 72 16 80 86 65
51 5 96 68 86 64 15 19 50 23 33 80 56 23 3 90 24 54 97 66 35 85 95 38 75 55 2 35 53 48 37 21 28 82 5 39 47 51 36 7 24 41 96 13 8 74 72 35 27 94 100 55 1 76 59 88 1 100 38 6 32 41 63 82 83 82 78 18 53 71 25 18 19 88 16 2 73 71 10 87 100 62 7 27 40 14 13 52 27 91
76 66 59 45 96 55 37 49 52 35 88 68 75 74 62 69 54 48 32 47 67 71 8 47 22 90 64 48 83 31 51 59 28 90 41 48 75 64 17 82 39 69 78 55 57 100 36 30 98 75 95 99 2 62 59 6 1 15 57 25 50 83 30 54 40 18 79 57 27 72 35 72 11 87 20 50 71 57 49 81 38 1 74 43 97 20 98 81 64 86
40 31 20 47 7 52 1 39 54 2 31 34 18 56 36 14 80 4 9 83 80 100 65 27 41 92 5 38 84 3 96 10 62 66 15 51 86 79 26 42 24 37 16 34 39 35 98 38 4 41 53 31 26 66 37 82 38 90 46 76 19 83 53 19 32 20 32 27 30 32 54 35 11 54 33 46 96 73 88 46 63 89 62 86 66 85 77 35 40 9
63 13 47 72 79 2 93 11 27 67 79 12 37 41 15 8 7 89 8 47 23 49 47 47 42 43 25 97 75 73 57 4 49 14 29 10 28 47 96 25 33 72 69 42 48 3 71 58 33 14 33 40 11 97 41 80 40 13 53 94 61 90 38 86 100 18 32 85 36 38 24 98 58 18 46 72 73 54 2 56 27 92 25 20 70 86 28 64 77 1
59 43 25 69 34 16 21 20 39 21 81 91 89 11 31 4 48 34 44 89 59 21 78 12 66 5 62 49 91 3 33 65 69 54 13 58 56 58 28 35 5 73 86 3 27 68 14 80 34 94 78 81 49 26 1 75 32 42 16 34 98 71 52 10 40 94 13 1 42 60 27 93 9 81 97 57 79 7 24 7 80 22 69 41 95 40 80 6 74 5
7 63 44 88 9 24 88 62 95 26 58 88 62 94 85 20 97 11 3 63 47 12 73 97 15 88 94 28 43 95 32 23 7 81 75 96 61 72 65 59 93 52 68 23 5 32 21 7 9 65 94 27 25 71 12 86 28 36 75 86 7 28 53 83 85 68 23 33 17 15 3 70 53 16 54 9 77 64 88 18 44 54 96 1 85 33 86 67 87 4
83 23 53 69 59 43 86 90 34 13 46 61 5 24 81 9 40 37 69 20 69 40 52 81 50 29 43 75 55 35 16 16 52 80 3 78 10 1 100 26 78 19 80 27 38 58 3 4 99 42 54 9 67 53 24 67 73 85 92 94 68 53 87 62 85 68 17 87 27 83 80 68 93 50 10 82 31 81 60 52 94 88 40 9 4 95 94 80 68 91
4 81 44 2 34 27 41 74 72 55 39 30 44 32 97 46 65 31 5 73 67 8 25 74 95 11 40 3 10 34 72 46 55 52 60 67 26 94 68 11 23 100 33 47 26 42 48 23 36 54 84 68 18 28 64 26 8 93 3 19 90 80 77 70 35 3 37 68 10 86 79 86 85 11 66 53 10 84 65 35 100 28 37 7 44 94 1 86 76 56
88 40 62 55 70 12 62 79 59 26 50 41 10 35 81 14 11 89 68 14 34 74 18 9 12 41 74 27 63 35 4 77 48 35 70 62 28 38 80 11 19 17 20 29 20 24 53 77 95 26 23 29 40 78 55 67 3 92 68 29 94 91 28 31 67 11 75 5 12 26 74 1 37 22 90 71 8 30 34 6 62 93 34 62 8 74 8 40 20 17
5 17 49 9 73 6 16 3 32 55 29 60 28 81 77 37 88 95 72 61 6 49 63 92 85 73 5 37 69 24 29 38 83 21 82 8 16 15 53 74 34 79 65 10 39 46 30 52 81 4 18 65 62 74 87 80 22 39 74 14 89 79 39 92 75 57 53 49 42 21 47 9 8 88 20 86 94 63 45 95 70 97 7 46 9 88 77 59 41 53
84 62 13 43 95 32 80 40 73 14 5 22 100 1 73 99 22 62 36 71 44 20 21 87 57 81 67 65 80 54 62 2 18 5 42 41 90 81 6 67 30 97 22 90 23 62 22 78 3 91 85 74 11 44 30 86 4 26 96 38 38 54 36 13 84 58 41 10 78 99 31 55 74 86 27 69 47 25 81 67 22 71 92 87 91 24 87 28 90 65
20 63 22 17 46 24 11 25 75 58 38 53 39 79 8 98 52 34 56 1 8 48 69 60 7 62 63 80 78 18 88 43 72 91 58 5 24 97 34 2 81 49 17 15 79 51 53 83 44 41 46 71 24 83 69 83 26 58 59 64 98 4 83 23 63 75 24 98 48 56 56 9 4 25 3 60 23 88 37 31 76 46 96 100 54 3 40 36 26 64
30 55 17 10 56 77 58 4 76 70 39 53 39 21 86 2 37 31 31 68 65 15 74 81 62 63 3 38 84 92 71 38 89 94 48 26 72 99 35 18 19 13 49 7 46 56 68 14 9 54 71 52 85 49 38 37 39 7 68 30 79 73 6 56 93 98 91 8 52 41 70 12 57 10 32 75 78 3 16 2 83 9 66 24 24 1 61 60 61 17
18 56 93 9 30 56 24 86 83 19 11 27 16 95 68 5 63 97 61 12 23 50 71 79 89 6 42 95 67 14 76 13 32 62 42 49 91 48 81 28 79 20 44 56 59 40 29 24 20 7 15 27 83 38 49 100 5 6 76 22 61 16 36 30 100 55 2 15 50 70 22 87 34 85 96 96 95 45 12 80 79 35 17 15 67 74 17 71 65 44
67 49 86 46 24 11 54 36 2 68 27 99 76 31 14 91 78 90 34 38 78 19 10 26 23 14 16 88 29 76 76 80 59 100 38 96 15 84 89 25 90 99 35 75 16 40 99 72 79 40 92 52 71 36 67 35 11 6 59 20 20 62 70 84 66 98 26 38 92 30 24 91 33 24 59 21 10 55 82 31 43 89 81 3 57 78 35 84 89 92
37 1 50 72 10 81 32 77 4 29 58 92 79 34 86 91 48 47 13 28 71 7 10 49 49 7 89 80 16 62 29 69 71 26 77 6 41 92 83 3 21 12 48 4 72 84 38 43 30 44 34 87 100 45 85 53 50 49 62 53 17 73 86 88 52 6 64 2 66 84 39 19 29 74 100 28 69 80 92 61 3 7 95 86 11 88 90 53 97 15
79 91 4 66 80 52 9 59 84 84 86 99 99 97 53 28 72 98 68 55 32 2 88 91 41 60 86 17 100 2 90 5 79 24 55 46 8 66 88 60 24 10 27 48 24 28 44 34 68 19 16 53 58 14 68 23 47 99 33 80 77 9 17 53 96 7 3 82 59 15 84 81 50 29 81 9 90 18 65 15 2 77 60 69 64 74 49 85 30 82
78 85 4 38 30 32 93 4 15 80 92 60 53 100 14 74 8 95 8 41 26 72 90 98 56 92 31 58 12 80 8 46 40 54 84 15 78 28 40 4 56 38 51 82 95 88 40 50 42 38 41 32 12 44 18 44 70 40 73 22 69 87 86 33 79 31 28 5 78 40 87 62 61 79 68 31 100 8 41 98 39 92 89 77 24 42 44 10 34 18
7 3 15 40 24 8 40 30 39 67 15 6 81 5 94 15 12 46 42 14 93 92 59 20 22 80 86 24 55 31 99 93 54 95 11 43 89 9 97 71 95 86 88 66 16 57 76 98 95 49 34 71 36 80 44 2 5 94 32 43 76 94 6 90 8 86 83 75 10 88 78 10 82 88 96 60 6 74 70 25 43 17 37 36 100 62 78 12 88 3
44 72 45 52 93 1 17 55 77 34 87 49 83 24 100 24 56 13 73 56 94 47 69 74 38 87 30 10 33 2 34 76 55 45 20 73 86 76 95 1 54 51 45 78 47 28 48 35 9 24 40 32 50 31 41 93 10 82 81 3 75 18 19 87 6 49 76 50 83 82 60 62 48 88 8 81 13 52 65 88 53 97 53 92 72 21 98 68 42 28
24 10 49 18 18 32 93 14 61 66 69 51 5 59 32 83 45 77 60 17 76 93 20 40 56 98 70 26 2 95 35 13 27 8 11 87 9 22 8 90 25 40 19 16 58 73 97 38 44 98 67 91 11 68 12 49 68 93 37 69 94 23 56 43 73 83 58 74 34 93 40 68 22 15 3 38 30 29 78 25 87 95 39 96 38 29 29 89 63 36
96 82 66 5 18 64 96 70 8 27 6 32 83 47 16 58 54 86 42 72 43 72 82 58 42 77 96 48 93 32 31 98 6 59 30 38 5 6 3 86 20 97 51 46 92 65 12 60 88 53 43 72 74 25 2 82 32 24 93 27 81 34 93 73 66 84 69 34 93 6 67 93 1 19 11 41 78 70 23 3 22 27 64 67 78 81 20 81 65 57
83 72 55 77 39 62 93 44 69 87 68 14 12 50 40 99 37 23 59 63 41 89 42 85 13 8 88 4 61 40 36 88 65 81 99 60 70 61 30 28 44 85 83 61 96 70 37 27 54 64 80 29 20 70 22 36 66 32 45 14 80 18 43 79 43 25 28 18 41 96 99 96 18 61 96 64 96 55 87 41 10 98 68 26 31 68 82 17 20 22
80 74 37 31 54 83 1 17 63 67 51 24 88 16 86 70 52 79 94 68 60 59 84 36 78 55 45 78 75 27 50 66 95 82 100 93 50 20 69 35 49 49 69 24 100 84 2 22 49 77 100 55 86 3 96 28 37 24 19 87 42 98 44 6 86 13 97 95 37 54 2 39 86 70 48 55 22 39 38 1 98 79 13 86 30 45 96 95 96 93
2 59 55 15 28 30 32 34 33 87 5 11 95 25 78 63 84 12 41 62 84 67 44 77 89 69 98 53 70 57 60 29 90 27 70 6 75 69 5 21 80 14 35 70 96 43 23 4 63 96 63 54 59 4 3 6 14 57 63 5 13 11 18 27 9 77 45 9 66 100 61 79 65 52 34 97 55 18 24 32 87 70 77 90 92 89 67 26 72 32
96 81 44 8 35 44 86 62 68 66 10 98 73 31 34 61 59 24 78 81 49 92 35 98 47 3 94 96 78 99 25 25 58 50 5 45 29 94 20 3 33 88 90 51 50 52 76 54 95 64 17 82 21 69 98 31 69 79 85 34 21 55 33 74 81 22 68 42 21 73 79 78 99 22 96 89 64 58 81 70 5 33 54 40 88 50 60 33 29 79
99 44 13 80 54 12 97 84 7 41 24 29 22 84 87 73 57 45 64 60 26 38 25 72 10 48 14 10 72 64 71 56 82 99 31 40 84 40 10 26 70 55 92 53 69 5 63 42 8 14 80 93 46 24 51 87 15 84 79 72 70 97 58 59 58 66 23 66 85 51 97 24 12 45 71 65 15 68 63 89 5 21 42 77 6 46 40 19 69 10
67 99 30 29 47 89 45 64 35 95 97 17 74 99 49 38 56 76 59 13 10 58 79 51 72 15 91 100 96 85 7 81 50 100 8 40 88 82 59 20 84 51 37 73 87 18 18 100 92 94 28 29 42 26 56 99 90 67 83 19 9 90 18 79 81 85 67 100 61 71 38 16 95 41 59 80 91 23 80 23 31 8 78 47 48 70 70 38 79 25
41 81 10 9 63 98 65 46 56 53 56 49 15 84 70 67 24 73 50 59 66 1 38 59 88 72 10 91 7 46 8 68 98 5 76 66 25 87 31 21 58 30 58 39 13 23 74 78 10 18 93 27 75 70 29 26 61 30 100 19 49 13 25 12 4 16 99 36 41 50 91 75 91 77 7 85 69 65 28 82 41 92 54 65 63 47 92 9 12 39
70 37 3 82 84 38 75 88 28 27 7 69 4 34 28 98 20 74 71 58 35 20 91 100 26 72 34 49 83 46 20 65 95 13 49 32 63 55 81 33 42 14 44 40 48 23 30 26 84 37 52 96 82 84 62 51 1 75 17 71 70 74 68 52 57 46 1 57 5 53 5 77 22 77 8 29 19 30 10 44 9 55 31 32 85 93 35 95 22 52
86 86 20 27 19 82 62 25 76 55 7 77 62 60 85 92 96 88 57 49 69 49 65 8 96 62 5 80 86 15 93 70 79 81 9 60 87 59 83 76 75 5 8 2 37 77 2 40 7 46 10 50 74 62 33 13 82 37 90 62 45 88 18 51 52 14 56 50 12 92 69 42 92 99 76 49 27 21 73 74 47 37 52 73 95 63 41 12 86 75
21 47 23 88 54 12 48 70 65 53 92 37 24 61 78 23 20 56 77 64 54 82 46 59 85 49 15 65 83 96 25 49 94 48 42 48 39 12 87 78 85 15 22 50 20 1 30 43 44 86 78 5 77 66 47 29 17 63 89 93 78 98 77 72 3 67 60 39 50 77 36 40 87 14 50 29 70 40 94 10 77 79 69 3 81 67 37 79 16 16
21 31 50 32 87 32 59 18 37 59 92 29 65 62 31 86 23 57 22 100 80 87 41 23 35 71 68 33 98 72 22 48 26 31 33 12 71 94 33 56 46 45 15 1 77 37 86 72 15 25 78 55 91 19 93 57 58 20 40 36 94 82 74 80 95 42 45 90 97 38 67 92 29 43 27 4 67 29 60 63 38 51 22 24 91 13 8 22 80 85
67 33 97 54 35 69 92 72 24 96 5 62 63 72 61 36 9 70 63 85 76 54 29 53 35 53 95 15 18 66 21 9 73 6 96 72 29 27 78 40 66 60 13 44 34 15 50 18 90 41 57 91 9 61 48 32 15 74 11 80 30 6 52 2 93 43 57 79 86 20 87 94 30 65 90 22 25 74 72 59 71 8 13 48 56 99 63 70 1 67
9 24 54 16 45 21 21 47 98 20 77 53 29 12 69 21 83 22 96 43 69 92 58 7 55 82 4 45 9 73 65 99 5 60 89 20 24 33 30 79 65 43 27 35 64 44 55 33 15 82 78 18 21 38 93 34 46 29 8 20 96 48 76 86 83 45 85 57 53 94 68 33 24 32 33 16 31 75 33 85 55 58 19 46 51 39 53 35 30 76
96 13 7 3 46 48 89 63 2 75 34 8 54 3 44 53 86 21 93 79 4 46 24 95 3 64 5 74 47 83 96 95 65 18 44 67 69 42 74 61 37 81 31 16 20 66 8 83 87 83 99 56 86 14 38 89 81 56 80 33 32 82 77 46 100 34 9 14 67 98 49 40 4 96 80 3 92 51 42 79 60 34 30 64 83 9 94 44 48 76
44 83 36 26 88 34 81 65 68 83 79 8 80 66 56 71 52 35 56 3 9 44 85 19 90 39 83 35 51 81 65 57 49 92 75 46 91 84 82 57 69 63 16 98 27 79 66 84 27 14 1 32 15 96 45 12 97 60 83 51 100 8 18 70 32 43 59 47 70 77 30 96 62 100 33 97 93 99 48 43 69 84 41 38 3 95 32 8 11 59
67 57 80 32 79 12 28 59 8 61 1 83 43 21 59 87 1 57 81 10 12 9 4 93 70 43 2 98 60 79 14 66 80 18 19 72 33 41 52 89 100 79 4 85 71 25 39 6 11 24 88 74 4 43 35 25 16 78 20 38 13 28 1 92 89 59 31 11 61 55 46 43 41 17 34 87 56 24 11 98 15 69 59 44 95 38 88 56 16 31
73 76 100 90 69 28 86 64 93 37 88 20 32 12 78 100 65 73 34 79 67 50 80 59 48 16 98 61 81 23 92 46 29 15 94 59 62 15 83 11 84 13 29 5 61 7 95 52 56 51 91 9 19 17 97 50 28 86 23 1 36 84 32 4 93 77 13 41 10 33 57 85 26 29 9 40 35 87 64 50 78 32 46 95 96 51 37 30 100 95
23 9 13 83 48 56 96 57 21 10 61 23 67 1 90 70 73 78 22 83 44 100 53 79 29 74 65 67 100 29 86 83 61 59 96 68 82 39 95 16 43 92 85 9 81 32 58 55 87 49 2 92 20 47 89 54 18 14 47 45 67 87 35 8 33 88 5 15 21 18 18 36 29 87 43 51 17 14 95 84 49 53 91 52 92 4 4 78 47 49
68 94 47 78 49 48 64 91 34 89 74 84 2 25 38 78 29 69 52 1 65 67 25 43 41 29 41 88 30 63 34 84 41 27 25 95 39 42 46 22 50 63 64 50 46 63 12 54 71 2 13 5 39 42 78 38 75 50 76 23 50 94 77 71 15 31 79 78 55 28 3 54 48 74 60 59 74 95 44 50 47 50 33 62 16 92 66 19 36 48
87 56 73 25 57 62 67 48 92 40 34 83 7 47 70 86 55 2 73 78 80 2 100 49 25 76 41 43 45 45 84 29 99 66 43 18 57 85 98 70 56 59 70 24 3 78 23 83 42 30 56 58 50 7 20 7 56 53 86 14 54 3 92 66 98 2 14 23 100 8 49 72 96 59 94 89 95 65 62 41 100 25 44 92 59 73 68 6 48 35
26 78 83 70 100 31 87 50 27 24 43 42 70 4 18 23 48 19 69 35 3 99 8 3 77 14 42 32 12 88 58 14 58 45 81 45 54 45 61 53 45 58 37 68 2 95 37 85 97 69 4 61 30 61 2 51 7 21 49 19 76 16 2 83 9 72 4 65 39 30 85 38 100 36 95 53 25 38 52 67 68 94 28 29 30 46 55 26 54 95
48 76 53 33 96 53 45 90 22 34 16 69 17 59 53 93 74 2 35 2 97 47 20 34 89 42 28 100 95 91 32 26 35 1 11 25 59 3 84 67 12 88 18 44 23 70 18 93 53 93 42 50 80 39 34 77 87 73 12 85 6 36 46 86 9 36 51 58 18 55 6 69 70 27 60 39 68 6 40 53 98 46 86 42 25 82 83 97 23 81
14 30 57 81 16 81 31 83 63 70 7 75 96 81 96 73 82 67 4 59 80 27 71 96 61 20 7 54 81 74 51 2 52 14 39 38 42 85 52 50 6 89 13 67 98 43 86 34 72 62 36 70 34 70 22 4 11 55 10 48 64 24 85 31 95 53 11 97 23 46 16 44 69 89 2 36 100 37 5 84 81 13 94 72 28 18 56 73 11 66
90 70 89 45 8 83 55 85 97 56 28 96 23 28 11 18 7 3 37 95 16 28 11 64 39 31 2 25 95 72 57 7 11 65 60 76 62 34 69 80 100 5 81 44 72 19 76 40 21 20 14 71 7 24 52 35 15 69 60 85 71 62 63 67 31 89 81 96 46 92 33 18 57 63 27 57 67 3 78 99 76 20 34 67 95 74 18 39 53 34
67 85 45 26 10 69 78 38 81 12 1 72 65 6 56 80 99 13 29 49 84 33 94 82 18 32 96 72 64 59 79 50 49 27 52 24 77 22 81 71 49 71 45 45 45 87 12 66 18 82 17 78 36 29 57 46 79 95 24 81 70 51 24 67 77 26 31 77 70 81 81 88 99 90 62 84 2 98 51 67 8 59 32 89 6 5 61 54 93 26
77 1 39 48 79 16 66 67 98 85 85 36 35 20 53 19 44 64 71 23 48 87 82 19 27 8 51 16 3 97 85 45 100 46 18 82 94 86 79 63 50 36 27 29 88 55 39 44 32 58 25 80 78 15 52 27 61 45 36 78 72 97 92 54 56 69 49 50 65 52 22 2 4 80 90 67 98 17 68 28 58 15 55 50 17 96 93 46 34 64
86 78 45 50 20 38 14 42 87 17 16 51 40 90 51 79 36 35 10 53 69 4 77 20 61 50 68 78 56 57 20 5 3 58 64 6 29 62 8 54 91 24 55 1 48 26 98 20 23 72 97 47 71 15 73 88 21 95 13 11 95 47 41 29 84 34 4 59 93 2 93 21 48 65 5 74 57 81 69 33 95 80 32 56 61 53 22 95 10 98
24 27 4 26 40 22 27 100 57 15 27 69 41 6 86 23 76 87 24 62 86 65 99 89 1 39 4 78 30 99 63 22 85 65 57 97 16 34 83 99 87 49 55 36 56 15 16 79 62 60 45 44 83 38 17 22 70 59 40 9 62 7 24 90 94 34 20 59 58 61 44 52 80 77 85 91 21 58 54 100 8 2 3 6 75 7 62 34 97 22
91 19 14 2 60 32 76 31 99 35 60 63 57 94 94 27 17 5 26 96 99 11 41 28 57 71 5 88 19 11 100 100 25 43 82 76 16 35 76 72 65 8 99 42 66 1 9 59 27 94 52 80 99 26 86 9 60 10 3 30 75 48 81 17 47 56 87 45 41 66 22 22 73 54 6 24 79 61 90 15 92 66 5 34 99 1 12 52 40 60
41 25 90 84 44 17 77 26 39 20 25 11 41 7 62 5 28 22 29 76 13 3 33 68 94 45 90 72 37 4 22 36 34 79 38 66 7 70 55 83 49 43 60 97 40 5 5 13 76 81 98 79 65 74 89 42 10 55 73 13 31 27 86 26 93 36 27 42 41 79 21 54 70 49 33 63 22 32 46 26 56 36 81 93 68 20 71 3 75 51
35 32 85 70 33 49 53 37 100 10 48 47 7 70 88 59 89 39 62 36 72 6 81 66 74 75 42 76 75 27 77 53 53 5 90 16 99 1 53 80 29 58 46 94 31 33 44 27 63 74 84 63 54 51 73 36 89 32 13 60 54 35 43 81 30 18 11 72 78 55 82 38 35 70 38 16 36 32 38 53 75 83 10 86 64 23 73 11 74 7
8 12 85 8 71 5 76 22 50 71 64 24 33 54 4 53 22 92 53 36 88 14 54 72 22 12 61 25 2 16 76 88 10 5 85 77 10 41 18 83 22 46 8 45 24 8 70 79 45 24 78 23 83 82 45 95 12 99 86 20 5 39 48 37 30 26 93 46 48 58 97 70 80 68 83 16 6 37 19 38 58 99 2 39 56 3 73 44 49 54
44 86 2 88 12 34 97 58 9 88 9 28 64 16 84 2 66 59 43 65 73 71 22 31 41 80 42 80 56 30 82 73 44 79 49 37 26 37 3 10 81 58 76 5 3 74 6 49 24 54 11 62 13 99 64 65 79 1 22 81 89 95 56 72 71 42 63 33 38 36 36 10 58 4 88 44 29 77 43 47 63 68 15 27 20 21 41 94 81 57
35 45 90 100 53 38 58 26 90 97 69 48 54 19 15 80 84 43 57 85 53 84 4 30 6 90 66 43 26 82 28 19 20 8 19 10 88 8 69 89 65 67 46 91 40 18 95 18 25 13 66 25 66 34 35 57 99 4 84 96 85 94 93 82 10 87 97 97 35 18 83 64 100 36 86 7 58 77 49 76 45 84 65 50 8 21 46 62 15 70
60 85 10 30 88 10 22 32 24 59 21 64 96 92 77 57 74 53 88 83 41 5 67 60 47 19 70 11 5 94 2 4 32 30 21 23 63 12 40 85 86 52 98 38 25 26 92 20 96 6 84 57 29 39 32 11 83 36 49 65 53 46 29 80 98 18 60 63 56 51 13 15 7 30 36 26 40 100 56 46 58 42 69 83 8 43 48 59 2 20
64 33 99 29 77 26 90 28 60 72 56 58 74 5 22 99 71 60 25 63 79 80 76 8 58 29 84 21 27 8 10 19 36 86 11 43 72 82 43 51 82 89 45 21 24 29 38 30 15 70 75 81 38 11 53 44 82 81 27 41 88 33 37 38 14 74 1 19 19 10 22 62 8 6 1 98 87 31 47 100 67 13 58 60 65 80 34 100 48 20
45 57 59 6 8 6 61 19 96 91 68 15 79 2 96 84 10 54 6 9 89 6 77 44 93 24 70 50 65 24 31 63 61 71 65 4 81 50 87 36 32 94 48 32 11 5 85 37 71 22 45 62 74 4 31 22 32 18 68 79 32 84 15 52 16 92 2 1 90 59 26 29 35 85 33 71 69 61 69 25 73 91 75 44 32 16 89 45 78 48
55 2 73 89 29 38 47 5 95 26 8 94 70 99 13 50 29 11 89 97 61 34 2 35 12 97 16 4 61 37 49 33 81 26 46 67 50 78 41 36 42 39 45 17 84 36 55 74 97 41 95 57 46 64 24 82 60 74 39 39 80 28 75 97 77 16 3 85 60 17 70 22 8 13 77 47 72 41 5 59 3 41 83 28 90 28 17 40 86 14
45 32 91 85 24 86 88 23 59 43 56 23 65 66 12 28 78 7 43 63 47 1 63 60 72 36 14 90 98 43 3 74 69 36 62 27 92 26 26 43 80 36 63 88 24 36 17 31 5 39 53 71 24 98 50 62 85 11 65 28 84 76 90 98 19 23 64 95 55 27 85 56 92 57 15 47 76 79 37 5 38 1 41 24 52 16 65 27 26 64
96 57 36 88 57 41 26 5 25 57 23 93 48 37 13 31 93 18 77 23 37 75 58 63 63 14 12 23 38 48 1 71 79 93 6 31 14 16 57 89 43 73 37 48 24 26 37 53 3 89 55 3 93 65 75 75 97 80 85 30 28 61 88 65 80 45 55 47 20 56 91 8 65 5 67 1 32 86 36 91 89 52 7 48 92 56 15 81 16 49
5 44 34 66 35 2 12 13 91 12 22 74 50 83 97 15 18 84 45 97 30 89 52 21 11 94 49 93 74 29 71 42 12 68 95 9 44 79 62 14 2 54 54 90 27 66 37 66 21 33 67 60 44 56 83 17 11 91 46 76 37 60 69 84 22 58 2 21 30 2 66 80 75 50 21 97 56 3 14 15 26 35 38 50 29 87 16 43 48 73
67 82 31 87 5 28 93 88 75 17 11 50 86 19 58 32 1 69 22 68 52 31 77 89 21 23 80 47 28 99 53 87 8 5 80 63 77 39 90 39 73 90 46 33 41 29 61 43 38 68 19 17 2 58 97 45 17 26 49 41 82 65 2 83 77 64 33 79 40 30 66 7 8 88 48 76 72 52 26 13 10 94 86 61 32 40 67 97 70 1
9 100 21 57 61 12 15 41 74 78 86 99 72 36 12 34 10 93 21 13 49 51 91 46 42 54 70 21 36 82 49 5 16 77 80 15 54 10 8 62 24 82 30 1 67 2 22 70 58 74 85 68 93 93 94 19 26 27 48 94 54 24 41 49 14 33 20 82 91 93 88 49 80 36 40 71 59 37 94 35 62 35 23 94 48 43 88 51 52 66
1 34 90 6 32 9 11 39 77 99 15 86 76 46 85 59 18 66 35 31 50 37 48 83 72 5 32 66 28 7 63 3 90 66 15 67 18 68 14 2 51 9 91 88 37 95 19 79 98 75 34 23 15 62 26 17 32 40 7 5 5 21 54 88 46 48 84 12 13 87 97 93 60 17 74 70 100 19 23 17 53 98 25 14 35 89 85 11 17 55
44 19 9 25 2 79 8 53 50 31 76 83 5 34 6 73 61 33 51 76 3 44 57 23 15 90 82 92 74 49 19 34 22 87 25 29 61 25 31 75 63 27 49 93 3 59 27 2 83 62 68 46 59 39 92 73 77 64 93 89 60 18 22 99 33 28 88 66 9 17 66 8 84 67 69 17 23 28 80 57 64 45 56 70 76 99 35 47 50 75
79 89 19 3 80 4 47 63 26 35 30 27 40 45 5 26 77 42 79 68 23 92 6 33 73 7 16 49 65 76 89 62 50 20 32 73 88 83 84 48 98 93 100 50 70 80 86 75 48 5 28 9 30 1 100 55 95 67 98 60 84 22 51 63 22 51 87 79 35 65 21 71 6 98 6 4 41 4 28 59 5 78 48 71 92 21 42 65 57 45
74 49 8 100 28 67 20 61 77 58 96 81 52 28 54 17 72 60 68 84 49 41 27 19 45 80 11 24 77 80 44 80 7 40 61 5 51 37 48 55 35 21 22 88 26 84 36 19 16 5 60 26 86 39 21 100 60 87 63 96 11 99 16 76 85 24 62 88 18 56 70 51 99 49 89 41 39 64 56 80 7 20 68 83 74 57 34 13 15 21
93 69 94 49 17 79 40 76 55 81 86 8 99 7 27 66 52 58 60 13 9 48 84 41 27 97 88 81 27 91 4 75 65 64 5 25 81 23 27 12 45 44 80 27 95 44 28 54 11 20 63 65 65 79 94 74 27 44 84 32 25 17 81 78 98 17 36 27 99 17 81 53 4 60 5 29 81 55 57 31 98 11 43 33 27 74 16 81 18 69
33 73 30 38 85 58 40 1 71 76 91 78 50 67 4 54 36 50 76 34 66 58 31 43 100 9 85 76 45 92 76 1 9 96 48 71 19 76 37 78 72 45 86 54 58 69 44 43 7 53 23 63 80 96 83 54 1 91 80 34 80 14 84 91 84 7 35 62 92 70 48 37 22 86 5 2 51 65 68 75 19 54 25 96 62 88 63 45 57 86
81 40 75 50 11 75 76 62 66 27 21 52 57 92 32 47 4 1 75 51 2 83 31 18 46 88 62 12 16 42 99 82 40 11 67 93 15 38 41 44 29 80 81 80 19 96 56 16 49 93 30 96 13 69 67 22 50 67 89 77 18 90 52 46 48 40 47 65 4 35 46 75 87 57 15 93 79 22 33 85 16 100 79 99 80 46 13 57 9 48
81 90 77 15 75 5 61 42 28 60 75 83 83 5 20 58 20 48 52 71 6 2 90 24 73 70 94 60 99 79 88 93 39 24 25 51 63 13 88 22 46 40 21 63 35 16 31 87 65 69 2 4 78 12 15 24 99 24 21 74 85 38 44 19 97 80 39 89 58 16 82 22 45 67 17 47 51 47 8 36 56 28 23 63 15 12 37 96 47 21
97 70 23 82 89 87 29 4 26 44 12 56 96 65 84 49 90 89 41 26 13 85 79 35 38 24 50 93 15 75 22 13 52 13 57 31 50 68 30 7 26 49 18 24 13 98 100 70 74 22 17 23 70 83 91 82 63 41 97 84 15 98 81 89 22 16 32 87 90 94 97 97 99 11 41 62 64 98 49 14 59 33 17 43 87 44 98 5 26 42
74 88 33 32 63 46 32 59 64 47 63 71 92 44 74 11 35 67 10 12 7 17 31 31 92 17 64 92 53 70 79 68 64 64 34 27 4 73 42 37 86 54 1 14 95 48 64 87 93 30 99 41 85 92 46 21 8 37 94 48 83 39 56 73 25 20 85 69 94 77 22 77 2 42 33 79 39 79 23 49 62 53 58 69 55 33 46 98 33 78
27 61 81 19 31 32 56 95 96 2 4 60 17 83 38 90 9 18 51 91 7 50 90 39 45 69 76 30 10 51 41 48 83 82 39 86 69 49 88 55 40 40 13 89 97 92 2 28 81 83 83 87 74 28 37 5 77 98 86 13 12 49 25 56 24 96 87 44 46 2 66 54 53 55 79 99 71 36 57 9 95 8 9 41 28 67 68 37 48 53
65 18 25 17 83 6 5 64 75 39 94 24 95 27 56 30 26 74 61 35 69 83 71 75 76 82 68 71 66 57 60 19 81 41 93 72 24 78 20 49 98 35 59 42 46 76 42 2 71 28 2 70 4 97 100 14 38 71 38 7 90 79 51 46 36 93 100 11 49 91 38 89 93 44 8 35 10 28 31 67 8 16 87 14 78 41 45 9 20 28
59 16 77 45 37 14 16 42 64 43 66 58 24 7 78 34 71 63 76 74 96 3 54 42 26 86 21 46 49 88 54 82 10 81 94 2 30 36 59 8 5 9 96 40 77 54 76 98 62 98 50 9 88 90 40 22 8 78 41 18 75 54 56 9 56 48 50 82 1 54 2 80 76 94 31 95 48 19 38 58 21 30 25 38 68 43 4 55 85 69
13 12 90 1 67 56 8 95 80 3 86 21 73 37 67 25 19 41 60 69 47 86 13 8 14 63 73 58 84 57 39 91 94 56 41 8 18 90 73 41 36 95 69 20 66 91 100 60 65 65 18 51 25 2 60 50 38 24 40 34 68 9 59 14 37 16 36 64 32 85 60 24 24 54 42 54 82 57 62 36 55 30 54 51 75 17 46 38 7 56
31 41 69 23 91 94 19 84 3 70 10 22 1 28 84 8 96 14 31 35 94 26 23 92 15 76 89 48 26 45 12 97 34 78 55 7 81 88 68 80 100 84 77 31 57 96 54 20 76 43 19 20 66 90 68 15 9 66 88 9 90 60 14 40 77 86 30 10 15 53 86 76 78 89 64 62 72 68 100 14 14 93 19 40 53 90 90 90 21 36
42 67 8 57 46 8 20 85 19 9 52 42 84 97 11 38 50 87 83 25 82 72 61 17 2 11 26 70 32 46 92 37 5 55 67 77 86 29 38 74 13 20 60 56 65 75 88 62 84 71 7 54 8 56 17 97 43 8 21 28 65 68 29 26 65 3 96 14 30 8 23 100 6 22 44 54 2 68 94 73 70 34 50 48 91 19 40 51 52 99
41 93 50 95 88 7 78 17 45 19 52 42 12 81 64 3 93 17 10 13 34 48 29 58 57 69 33 10 44 53 76 80 63 34 48 33 41 38 53 30 88 35 16 71 4 86 20 81 80 43 22 35 52 33 47 100 25 46 54 14 5 50 28 88 31 78 59 33 4 68 32 96 20 88 55 86 31 88 37 64 42 95 8 48 51 68 11 32 98 25
8 16 32 11 14 65 81 30 11 1 40 34 81 57 24 70 84 20 11 94 93 88 83 84 48 2 71 55 4 61 75 94 80 97 63 8 71 32 35 12 49 100 60 11 95 45 32 90 76 47 35 66 57 12 1 50 79 35 93 70 79 70 24 31 2 55 31 10 49 40 82 47 57 93 20 71 9 32 29 5 43 57 99 68 38 89 92 100 57 96
97 49 98 43 53 4 93 32 42 97 47 84 13 21 47 89 71 53 96 71 33 4 73 75 51 64 31 16 70 95 68 29 83 100 59 39 20 55 13 60 7 36 87 81 39 39 35 34 7 91 18 84 94 24 33 3 5 23 90 74 70 68 53 13 94 32 96 23 72 44 15 44 56 33 25 10 98 14 96 63 99 62 23 38 60 85 34 76 92 88
47 83 6 40 65 15 62 18 45 70 72 100 85 40 69 78 99 48 60 48 49 54 64 87 63 64 91 15 32 44 97 34 66 59 58 53 6 37 29 67 53 57 85 25 68 26 39 9 45 4 27 2 8 25 94 45 38 4 44 96 38 73 71 86 15 13 81 18 94 39 62 43 22 82 91 98 21 78 7 32 31 67 36 36 83 24 76 31 89 54
2 58 3 13 64 70 94 12 34 31 72 91 40 30 25 15 85 94 79 32 15 53 76 51 37 31 77 85 12 84 100 95 38 66 70 57 12 25 78 20 21 35 15 72 85 25 69 39 35 8 50 37 98 74 68 60 55 84 53 5 35 44 15 21 4 91 67 4 61 6 23 30 44 26 16 40 48 73 16 32 56 60 91 61 59 93 52 60 73 99
90 58 31 46 43 82 9 95 64 64 74 14 92 89 86 2 27 94 10 20 12 15 59 89 8 18 38 92 41 68 41 97 52 85 56 43 36 38 38 5 49 23 39 77 55 34 90 47 82 30 33 88 51 18 65 73 45 42 60 65 48 89 68 79 60 11 61 1 3 15 94 80 95 25 10 69 32 18 73 92 78 10 93 88 61 83 44 38 63 66
24 85 62 18 5 53 77 77 92 86 24 78 43 28 18 2 40 2 2 38 89 97 59 42 84 70 38 85 88 21 65 51 13 93 26 34 92 73 71 5 82 16 6 8 32 74 1 91 67 85 64 80 81 34 40 13 52 42 67 19 56 7 84 20 56 47 99 98 71 40 71 72 78 68 51 59 63 3 97 80 31 73 28 12 59 36 43 41 23 7
81 46 4 25 42 40 38 45 65 82 94 16 20 8 38 13 87 92 25 14 90 46 51 90 71 42 74 20 20 48 30 7 88 100 74 6 91 79 91 34 44 18 3 16 14 70 66 50 20 36 51 40 53 11 15 59 31 38 58 32 38 99 2 87 65 87 4 23 1 28 55 11 94 31 69 83 47 66 53 41 77 88 1 52 67 89 78 33 39 100
31 37 4 89 42 77 84 97 63 72 96 39 97 1 88 48 77 78 40 47 92 36 61 8 72 38 79 7 42 14 5 37 53 44 21 54 88 69 81 14 39 90 2 4 38 52 89 74 78 31 63 1 54 9 67 59 34 45 2 59 33 39 100 1 83 83 72 39 19 36 65 37 31 23 33 14 81 59 93 73 60 14 65 81 9 49 49 98 30 54
16 89 23 59 55 57 38 100 8 43 41 17 51 56 71 48 59 55 49 94 11 9 12 7 40 42 25 18 21 87 91 34 15 75 92 44 67 45 26 24 52 40 89 55 78 8 68 3 54 8 83 83 11 19 88 47 35 72 100 32 26 90 25 29 58 94 25 80 61 53 27 75 88 39 99 80 3 53 50 43 32 99 92 27 30 84 30 82 32 51
35 61 3 17 53 5 98 72 31 57 21 84 56 70 93 89 65 100 19 46 83 21 16 69 37 75 85 99 48 43 4 53 64 83 28 93 55 28 78 92 36 67 8 83 91 5 96 98 77 23 83 81 57 97 77 20 52 1 84 27 68 86 38 77 10 72 87 61 12 7 40 21 35 44 3 19 16 9 58 66 82 37 32 90 81 49 22 56 57 56
84 5 41 92 8 9 91 51 14 14 59 63 33 57 15 51 72 2 43 99 79 36 27 93 69 58 99 57 50 71 42 39 67 82 93 54 76 48 58 85 88 54 82 66 43 96 2 30 62 45 76 71 4 47 52 97 89 54 66 61 95 22 30 13 62 83 44 83 59 37 32 93 46 53 14 100 42 44 9 73 74 74 31 6 35 99 78 61 92 76
63 53 87 99 7 88 65 80 16 61 54 15 37 47 52 32 70 45 8 58 81 80 24 16 98 50 8 71 6 7 65 40 72 65 20 93 93 22 3 38 24 60 10 39 38 18 20 33 79 53 41 16 96 63 75 23 48 10 4 60 33 76 85 20 52 66 55 87 4 19 88 48 82 19 60 27 62 20 83 46 62 99 94 86 71 36 31 73 50 100
56 70 63 93 99 72 62 28 17 84 56 17 17 89 79 80 56 9 34 38 77 71 42 16 17 46 22 17 25 79 39 95 33 38 73 26 45 71 57 96 33 30 69 85 5 55 51 48 89 49 73 10 63 72 55 21 33 11 3 40 75 100 73 48 63 33 2 29 86 71 72 6 44 54 88 4 24 47 84 87 39 5 96 17 9 3 86 96 99 70
22 67 97 43 87 34 34 95 52 72 64 79 13 76 43 53 44 69 8 91 36 51 4 66 36 86 2 76 28 56 35 50 42 5 6 41 49 30 25 90 6 65 17 45 97 27 94 5 41 8 10 42 5 73 18 77 55 78 79 54 84 65 4 53 22 52 41 59 2 64 25 43 77 76 33 19 28 90 52 38 52 68 52 85 100 52 99 56 64 1
58 48 97 26 84 12 63 19 71 55 69 32 59 14 68 7 64 61 51 52 53 48 69 71 96 10 33 23 96 15 82 48 86 58 48 65 47 19 94 53 22 5 73 100 76 38 26 44 83 91 93 4 73 30 29 16 94 85 71 31 47 84 78 48 43 91 97 12 80 76 42 100 93 26 29 8 49 1 49 75 38 21 60 19 69 32 83 34 94 59
100 45 92 68 54 6 53 27 100 22 48 16 81 10 13 37 56 67 22 69 4 74 43 91 97 15 72 39 8 76 80 55 48 6 31 98 4 12 42 30 46 40 22 82 57 81 78 20 38 23 4 45 70 65 68 55 74 39 48 74 96 38 33 94 94 4 46 15 37 2 33 63 26 65 5 53 36 58 72 71 47 48 93 68 32 81 12 59 30 35
42 63 18 80 75 23 95 24 50 37 67 33 96 66 63 20 58 1 36 14 8 32 97 93 29 54 65 5 57 14 77 84 6 53 84 74 27 36 47 97 7 1 87 51 52 87 45 27 24 19 83 79 45 82 17 37 94 82 69 97 60 43 14 62 31 87 66 29 58 32 21 24 6 73 34 61 50 84 24 84 91 11 97 76 99 73 85 93 39 40
99 80 7 78 1 80 51 41 23 36 20 85 30 25 28 76 73 19 86 46 52 9 65 18 1 74 13 33 96 86 12 86 11 20 14 83 76 81 10 58 100 52 78 85 76 46 30 94 5 25 96 13 30 44 16 35 9 15 91 12 18 48 74 44 13 60 2 60 18 15 86 28 34 77 73 17 25 96 98 50 45 12 38 23 36 95 38 36 6 89
36 86 35 78 10 35 9 92 57 62 91 99 18 65 85 6 82 51 99 43 89 79 83 28 30 33 87 88 3 12 54 76 23 38 43 53 67 3 42 26 24 87 64 15 24 53 73 77 42 63 53 96 29 98 19 72 29 49 6 32 9 57 61 30 95 82 73 27 100 2 32 98 63 29 31 32 46 9 24 1 28 75 42 100 14 4 26 2 55 50
58 97 91 31 34 59 84 26 34 3 6 45 59 7 86 70 41 20 76 2 36 48 30 20 92 75 85 48 59 1 39 73 65 66 43 5 38 53 7 42 58 14 95 86 84 35 56 43 91 44 97 54 60 77 65 84 7 92 11 13 88 93 5 63 44 5 51 26 68 68 83 16 48 29 2 56 8 93 9 14 21 38 7 87 62 49 79 31 79 2
98 40 64 12 58 65 63 64 83 43 7 65 84 72 26 100 13 60 53 73 83 57 89 29 67 74 18 21 1 30 30 72 16 48 69 80 6 64 99 13 19 40 27 89 28 64 65 74 2 47 34 64 89 91 8 74 24 70 89 8 25 90 76 57 46 8 2 77 62 95 10 21 74 68 53 31 70 17 68 2 40 32 9 73 46 14 53 83 40 33
65 88 39 28 49 31 17 60 24 54 84 76 100 9 94 44 51 78 98 35 4 20 99 78 64 57 15 42 3 87 68 69 10 17 95 21 96 37 10 84 91 95 17 80 33 96 94 90 49 92 28 77 61 21 84 36 66 27 56 83 80 20 72 43 86 47 82 8 46 55 100 98 94 7 38 99 60 35 20 79 99 60 74 11 11 58 55 81 85 25
76 77 74 47 63 90 2 4 66 7 63 49 91 47 83 16 66 26 76 68 27 62 20 45 30 41 98 24 33 48 26 15 30 30 40 10 79 36 81 5 70 80 31 89 90 58 88 29 50 75 94 72 39 49 2 15 24 81 87 88 91 80 10 96 46 39 75 3 49 98 8 85 74 23 93 30 8 13 13 31 20 85 65 88 16 75 15 29 9 39
37 73 6 82 48 77 73 86 80 39 99 74 58 64 36 60 65 18 98 77 12 38 37 47 89 39 52 37 13 14 85 16 82 42 95 21 72 31 78 40 51 69 41 76 68 1 78 37 58 86 71 45 23 99 91 61 53 83 4 2 15 78 18 49 15 39 60 79 94 65 52 66 7 88 12 24 60 72 62 92 26 39 91 35 15 63 60 25 99 10
43 84 41 67 21 45 93 81 60 82 22 54 92 34 79 14 38 35 1 47 53 52 59 85 25 47 68 97 45 36 88 71 77 29 48 79 84 17 23 74 19 97 56 7 47 47 80 1 10 7 40 63 89 41 49 27 67 63 13 56 65 9 26 72 62 54 92 8 1 54 72 17 86 50 44 31 78 5 76 33 26 90 25 36 52 57 56 63 60 78
85 48 38 73 84 23 83 20 84 75 10 42 92 75 33 33 30 72 21 34 88 32 97 90 24 2 19 25 17 14 46 94 2 82 22 22 35 50 40 56 76 11 40 70 35 73 57 10 31 8 44 60 66 4 31 14 26 14 63 21 48 80 97 94 88 15 24 89 68 52 5 48 55 20 81 44 10 41 39 70 49 61 68 24 64 92 39 9 40 21
78 41 7 23 37 31 8 18 10 17 59 39 79 87 65 86 34 5 65 27 82 39 83 67 69 30 4 96 73 22 5 67 94 65 62 80 15 8 12 83 66 68 12 38 11 89 5 65 45 2 26 39 33 21 28 48 6 14 8 57 95 88 97 40 43 50 55 19 52 44 26 40 15 58 20 91 70 89 50 70 35 73 70 47 52 38 27 5 78 100
94 38 56 74 33 33 8 42 10 56 91 82 95 60 20 99 53 31 19 84 11 35 46 64 87 79 45 41 86 66 51 46 85 22 66 89 86 63 56 60 51 59 34 93 37 15 21 48 13 90 30 61 2 7 91 67 64 23 19 25 64 13 10 14 18 20 60 44 52 57 6 79 2 41 58 79 75 18 37 80 70 32 84 73 91 14 49 78 66 31
90 30 81 74 54 37 13 8 37 40 16 100 55 14 93 64 24 51 25 18 48 97 17 7 47 48 50 53 10 66 72 9 46 9 40 74 50 56 47 38 20 2 41 14 19 19 62 42 32 57 37 28 20 40 96 88 27 84 49 40 6 41 53 48 51 34 10 49 80 11 37 58 78 47 11 34 21 32 16 80 19 28 1 89 34 66 66 84 11 39
98 9 72 22 90 65 4 42 21 68 81 96 86 73 57 65 70 39 81 45 6 68 20 10 61 84 55 41 31 21 41 43 87 42 89 84 53 42 74 38 1 40 97 81 99 5 35 59 40 35 69 95 50 67 54 1 17 70 84 73 89 80 30 31 22 6 20 31 44 76 21 4 42 48 24 48 81 23 59 55 2 50 75 10 58 62 56 41 50 65
30 55 75 58 10 56 46 69 8 57 17 76 89 88 75 25 53 73 79 66 46 86 11 79 47 36 23 36 85 97 28 16 69 87 13 31 92 10 68 31 39 21 89 53 16 44 45 64 34 14 1 100 79 77 2 76 96 10 38 62 54 93 90 6 4 99 55 82 31 67 19 15 93 30 96 37 53 56 60 98 87 44 86 33 19 4 85 41 4 76
92 80 78 28 41 79 47 72 56 48 6 30 66 88 74 52 38 73 2 26 67 1 19 28 34 26 61 21 75 96 41 91 66 19 29 43 75 11 13 22 29 19 67 8 84 97 45 49 75 43 11 21 54 41 22 39 74 32 95 100 49 17 64 93 31 59 54 63 11 61 77 81 62 72 4 33 89 19 27 14 8 40 63 61 44 84 91 94 42 90
86 53 13 25 58 86 22 64 44 35 98 63 74 9 16 58 63 87 31 31 62 28 84 36 57 6 2 85 83 38 14 67 7 28 47 59 24 43 24 76 58 9 49 66 53 73 88 66 30 72 18 74 20 31 48 77 76 9 43 97 25 15 64 9 63 43 61 83 26 7 25 37 60 66 60 57 62 62 28 91 76 58 4 21 17 18 61 46 63 47
56 74 95 8 90 77 80 26 11 98 14 96 71 5 28 98 91 24 14 40 74 16 49 33 46 22 30 9 31 5 6 16 75 97 96 68 2 68 14 79 25 94 37 56 37 63 77 41 94 38 49 30 68 38 75 11 31 70 43 57 50 44 30 68 85 9 34 77 15 2 48 63 68 33 18 40 42 38 68 46 23 56 97 47 67 21 1 20 80 96
59 55 50 60 79 30 78 73 95 10 22 74 33 98 7 47 1 87 48 23 35 1 58 4 96 91 58 67 92 59 74 77 18 62 32 18 90 49 95 35 16 91 53 74 17 65 46 52 32 71 92 85 4 97 12 95 19 7 18 47 20 77 76 38 71 84 97 53 64 4 28 21 83 4 94 26 92 58 69 7 93 73 36 49 47 12 3 47 36 47
54 59 93 22 64 87 46 90 2 89 72 17 68 98 61 51 13 26 94 13 40 69 3 50 92 6 73 44 40 78 76 75 25 19 35 16 47 5 95 11 28 12 44 39 90 14 79 96 43 25 25 87 69 26 88 10 18 89 32 46 43 78 60 14 12 75 7 91 2 39 40 25 76 98 64 10 65 100 33 36 71 29 46 97 33 5 59 53 29 50
54 57 59 44 7 40 35 7 81 41 66 99 97 4 71 58 69 3 22 14 4 38 3 16 13 84 79 36 19 28 94 86 91 63 57 53 40 47 98 75 79 53 87 74 83 6 81 68 70 66 85 61 63 76 24 40 76 74 10 11 28 25 8 27 74 91 54 63 83 63 62 100 85 24 8 53 2 30 58 13 6 34 18 1 29 98 53 95 29 54
62 10 78 64 49 86 37 31 25 58 34 77 26 54 6 92 52 55 98 2 24 96 76 33 68 16 5 91 100 2 28 94 24 93 25 95 86 38 33 96 57 77 99 77 86 11 41 55 58 49 23 62 27 62 27 95 6 16 60 95 80 3 62 79 99 28 38 57 99 9 37 75 86 30 25 21 21 40 87 90 36 38 25 35 70 83 31 88 89 87
95 1 37 97 89 24 89 51 24 3 50 85 46 52 14 9 27 22 8 49 7 99 100 38 97 91 33 4 55 65 90 14 96 19 65 96 89 25 65 43 48 94 62 84 90 49 75 44 48 59 45 61 46 97 40 79 54 93 38 23 86 3 35 40 27 66 12 1 39 79 42 68 50 35 4 33 3 100 66 65 34 87 24 45 7 22 71 65 34 91
100 48 91 65 37 20 34 29 2 76 17 39 70 35 81 9 89 45 44 75 12 17 7 100 7 54 59 76 53 10 47 40 76 66 18 31 56 99 74 51 66 77 32 36 43 77 88 18 83 23 97 30 60 88 57 9 21 83 10 15 59 55 83 85 84 95 59 12 79 72 6 93 46 41 58 29 24 55 21 9 95 38 93 23 69 15 20 32 29 76
47 71 26 37 18 81 84 6 24 9 25 15 10 58 79 18 12 28 25 63 28 60 100 15 29 74 31 32 59 73 70 43 25 16 76 17 37 54 50 82 85 25 26 11 41 6 75 86 17 73 98 67 76 83 7 43 45 45 69 34 55 29 20 54 58 52 93 88 48 18 2 3 53 86 68 67 63 46 52 99 4 58 57 11 20 62 26 75 72 79
49 84 75 29 28 95 40 64 41 76 69 13 31 87 61 35 69 89 6 64 8 35 66 11 69 39 50 3 3 76 51 84 100 61 71 51 59 48 44 59 77 6 96 39 14 47 27 33 53 33 98 12 78 3 69 7 82 68 7 24 47 92 19 29 64 14 75 96 42 73 57 34 38 82 99 20 78 88 43 21 81 8 70 83 6 88 90 30 11 35
72 44 100 20 20 19 89 2 45 22 71 68 78 40 49 38 30 44 82 7 34 8 68 58 65 42 88 24 57 99 82 25 94 64 92 34 69 9 50 68 85 17 71 35 84 28 19 95 28 61 15 39 87 73 6 64 73 69 48 10 40 91 31 10 78 68 35 8 92 67 98 3 27 23 49 51 48 46 49 87 26 56 79 8 55 72 11 60 77 40
23 71 59 44 52 96 49 80 65 86 11 80 40 48 33 66 72 4 97 41 4 80 93 30 77 96 78 43 95 44 92 60 86 40 22 30 83 36 16 23 69 56 52 66 72 55 71 60 66 4 31 1 56 56 42 12 13 1 45 23 15 57 69 6 79 62 17 71 18 11 49 80 38 24 42 12 99 54 66 36 78 6 93 55 16 90 35 1 4 77
63 14 34 51 74 53 12 65 63 12 42 55 46 41 57 46 95 60 49 82 8 95 30 14 8 14 6 8 64 50 91 29 59 98 73 24 60 15 83 55 39 71 63 82 5 10 67 45 63 5 59 24 22 19 63 77 15 44 87 39 100 79 53 54 91 71 82 98 94 60 100 1 27 56 91 83 6 90 89 27 10 37 16 60 23 54 3 15 54 58
23 51 54 8 8 57 99 20 65 72 10 25 97 77 18 20 45 99 86 42 38 90 16 35 44 18 92 15 18 73 54 15 85 74 9 18 15 81 31 96 90 45 51 11 94 11 43 29 2 55 96 87 75 89 44 14 92 36 19 98 94 86 41 97 93 77 15 100 48 38 69 46 6 50 44 17 62 57 53 63 76 12 90 73 58 93 38 33 55 66
77 11 12 97 86 59 41 6 79 75 9 25 93 2 21 33 54 76 94 70 66 16 20 54 84 33 30 23 55 84 76 17 77 26 10 47 63 80 53 20 81 30 17 59 57 32 14 52 2 66 69 78 74 88 1 24 33 72 4 19 86 100 15 89 29 84 74 100 2 42 19 37 74 15 94 71 87 44 9 20 25 43 100 14 40 57 38 42 28 92
18 61 1 83 55 70 82 81 2 83 38 35 39 94 66 4 9 2 41 87 39 6 5 1 25 94 83 33 8 14 54 80 44 30 36 5 16 64 1 38 73 2 32 24 49 79 76 100 64 76 40 65 100 28 65 70 85 61 4 61 7 11 46 71 84 96 35 91 80 60 99 21 12 4 23 72 30 52 70 74 24 64 83 3 38 23 9 95 71 99
8 5 15 53 50 59 15 56 1 2 81 80 73 79 85 82 50 76 100 77 66 62 22 44 81 54 5 71 68 27 70 11 87 6 84 69 27 90 7 40 91 30 13 79 36 56 71 36 9 48 61 3 84 99 97 68 68 58 10 100 35 57 82 9 69 11 69 93 22 90 56 1 10 44 5 86 35 1 43 5 68 55 44 36 40 94 92 75 82 2
52 72 87 71 12 51 62 10 53 48 13 4 83 98 37 33 92 19 14 20 76 38 77 59 21 50 48 13 56 40 69 65 42 40 76 75 35 80 54 59 23 57 84 42 47 62 46 24 50 66 6 70 29 100 25 1 69 77 21 19 99 56 57 66 17 82 74 98 13 28 97 87 40 89 81 85 96 17 9 22 37 54 98 41 30 4 4 32 57 27
97 87 65 67 87 71 97 83 81 78 5 90 39 44 95 81 41 33 13 78 15 1 64 69 22 59 12 54 63 44 74 57 87 44 53 50 62 7 5 6 46 57 91 31 65 45 39 64 79 41 38 75 40 9 31 44 14 14 31 82 56 38 67 18 95 4 72 48 29 98 94 26 59 64 18 95 8 98 18 5 24 8 91 81 12 16 37 96 67 61
52 39 77 93 10 27 17 52 5 83 78 3 45 17 17 15 94 58 26 65 96 10 16 100 9 88 60 35 32 95 63 88 79 71 23 99 50 22 49 23 98 50 17 60 50 13 51 99 70 81 51 19 57 91 34 56 89 86 99 74 74 31 80 68 42 89 69 75 25 44 12 100 87 47 15 61 5 68 19 8 2 8 38 22 49 69 10 84 4 53
55 40 53 89 80 25 30 61 36 50 100 60 57 5 4 57 68 97 66 78 70 70 27 76 12 48 68 46 85 9 65 35 78 28 51 72 83 35 5 69 94 95 6 66 100 63 40 72 19 83 30 89 49 48 50 21 94 86 92 77 56 80 45 28 91 71 94 35 92 15 68 62 48 89 96 68 64 60 39 34 43 62 6 82 4 60 74 89 1 19
96 81 32 73 13 95 20 33 41 30 54 86 2 19 19 20 18 2 27 8 48 49 59 42 48 69 6 8 57 89 39 6 59 90 55 79 11 88 73 15 41 98 83 67 22 54 24 18 43 23 14 57 65 7 80 57 61 2 47 9 98 1 62 69 49 31 98 25 60 49 73 98 36 50 10 80 7 72 62 21 61 80 64 12 1 35 40 35 97 20
18 100 27 26 68 53 37 10 69 2 90 56 68 32 27 29 76 6 35 27 91 17 3 45 6 97 26 11 96 12 31 98 88 20 71 72 77 13 46 51 40 49 60 23 22 17 49 13 13 39 66 46 29 47 97 95 91 64 21 81 68 79 2 28 37 66 9 87 74 13 9 39 86 27 57 77 80 56 8 48 55 90 77 10 67 78 17 74 85 13
23 93 40 91 31 85 75 20 83 10 18 90 62 45 12 50 1 55 57 22 99 56 33 60 92 72 74 28 38 2 62 2 1 65 45 56 66 27 26 95 75 62 1 14 49 97 25 44 21 33 31 87 98 65 70 49 1 85 20 92 39 4 4 5 46 92 35 34 68 91 76 62 63 99 62 28 26 78 79 24 77 30 69 19 58 4 98 18 95 52
9 64 28 56 45 90 61 54 62 71 33 27 33 58 21 10 75 12 84 75 22 69 16 12 92 15 54 37 1 30 57 69 62 21 86 91 29 88 90 71 14 100 83 26 3 18 49 87 66 91 34 10 31 71 95 43 76 52 9 16 44 49 80 40 83 12 87 17 55 69 77 42 45 32 77 9 60 58 43 80 70 34 59 77 100 13 29 60 3 44
54 45 5 15 61 34 55 63 28 96 16 95 73 13 15 4 69 46 64 14 47 42 63 82 81 16 100 28 72 97 5 75 17 55 25 21 61 57 64 28 52 34 10 14 81 17 58 12 13 17 80 92 92 48 83 2 86 91 32 41 2 67 19 28 3 29 17 68 100 39 50 66 30 82 23 85 5 39 16 36 78 57 48 28 7 66 87 46 82 86
37 31 77 59 71 96 52 79 79 2 60 56 25 87 47 59 50 65 82 100 9 44 90 11 91 17 34 73 1 3 94 12 19 57 60 41 42 43 8 97 34 87 46 15 65 6 12 3 19 74 12 59 4 67 7 14 91 98 13 83 83 64 68 79 12 23 81 66 30 59 46 62 30 72 4 76 59 82 74 29 41 42 59 79 97 53 80 76 65 28
34 10 23 24 8 84 14 8 82 89 62 89 74 61 17 71 13 21 91 70 99 5 33 32 7 56 73 98 95 51 100 22 16 60 33 15 40 51 74 34 43 48 13 95 1 61 78 97 31 57 97 2 74 88 55 55 86 28 37 31 26 97 38 11 27 16 51 43 36 62 89 21 94 63 56 22 60 37 34 91 6 86 11 32 31 77 1 87 78 14
5 49 34 49 19 54 3 99 48 23 83 47 77 21 91 80 41 56 37 73 44 1 37 36 33 33 41 88 8 43 8 73 52 95 13 56 36 10 69 74 52 91 8 36 6 21 34 70 81 65 81 94 34 67 20 87 43 73 57 13 14 36 67 87 78 55 9 74 13 100 26 83 50 53 80 97 63 4 58 6 11 57 30 43 63 91 5 95 87 60
10 96 82 69 79 50 90 26 54 40 37 85 25 80 16 41 30 37 35 41 83 88 49 86 60 49 41 75 13 33 85 21 52 31 92 30 83 87 16 72 84 7 38 61 17 7 78 65 32 91 30 72 39 49 80 38 35 58 16 74 82 7 35 68 83 73 29 48 90 45 18 5 24 3 31 51 70 53 8 9 66 87 78 55 98 28 93 54 91 75
10 65 48 77 58 76 31 50 69 46 15 46 48 91 46 20 58 73 49 67 57 2 8 84 17 58 41 4 98 60 72 68 50 75 11 12 33 87 10 24 65 9 98 44 78 42 93 36 45 41 10 96 40 50 66 19 63 70 30 91 11 75 65 81 17 96 98 64 20 94 93 12 51 7 14 100 22 4 96 57 39 85 93 93 89 38 81 59 83 85
51 5 39 2 4 17 7 71 96 61 11 23 92 51 2 40 58 71 71 78 25 35 70 36 51 18 13 81 78 13 74 57 91 69 97 4 43 95 66 56 10 49 1 53 89 69 89 33 35 17 53 12 99 27 38 55 79 2 71 64 61 16 20 47 95 35 91 9 16 16 32 13 7 13 69 60 30 17 86 29 31 54 71 9 74 56 33 73 64 44
28 1 14 91 32 58 52 35 50 42 58 8 90 8 55 13 63 58 9 57 80 19 48 55 23 52 69 36 4 26 91 92 27 61 56 42 77 72 98 3 74 66 93 74 66 85 3 46 13 28 66 81 99 13 89 43 63 94 85 77 73 56 70 6 86 18 53 2 98 85 24 33 50 75 6 77 20 1 46 33 7 38 7 30 5 62 51 18 79 29
16 43 91 58 63 9 77 11 95 80 54 46 48 20 76 9 7 15 22 81 68 23 47 34 32 87 97 9 85 76 52 77 38 14 1 23 75 35 15 12 43 70 30 10 59 21 36 19 100 97 41 69 53 57 65 43 58 68 89 84 37 25 48 60 18 15 3 67 96 6 74 99 72 68 70 65 24 14 98 46 13 78 6 63 50 70 54 88 5 97
2 43 82 34 68 73 51 27 76 95 64 11 20 54 37 95 45 97 88 44 78 55 25 84 24 61 39 81 37 65 14 95 91 39 63 11 29 14 50 11 34 3 50 60 83 72 9 83 69 2 43 83 98 1 84 85 71 4 70 46 97 28 70 13 66 28 81 83 33 55 24 43 7 30 73 14 68 74 87 88 31 72 56 99 56 30 44 84 3 15
3 22 64 57 18 19 31 18 95 83 61 5 31 4 92 13 56 76 73 40 22 34 66 93 7 93 24 78 81 34 15 16 4 1 93 44 86 97 60 41 3 77 65 69 84 74 3 6 10 37 94 84 64 64 62 84 33 11 58 27 85 16 35 92 52 48 81 70 49 87 12 30 21 6 94 85 67 93 75 78 60 7 59 87 86 50 71 15 30 68
33 41 34 8 42 49 91 68 93 81 37 28 18 30 67 17 7 68 27 51 45 83 42 16 59 71 87 40 58 23 67 83 42 3 18 94 91 8 78 29 94 73 97 10 9 83 46 26 32 92 51 58 25 38 97 98 90 3 17 21 64 48 68 9 37 83 66 9 29 74 30 95 45 45 26 17 25 54 3 100 19 47 90 48 86 29 89 76 90 69
16 67 100 6 63 90 27 78 23 74 73 73 87 47 42 91 60 95 34 98 45 86 25 33 52 95 63 98 13 72 64 7 60 66 54 18 54 58 23 86 54 3 66 80 42 90 62 43 18 52 24 10 50 51 44 78 97 11 27 48 1 85 38 45 44 10 85 51 79 86 27 89 90 29 37 9 52 94 95 4 95 61 87 81 35 34 78 53 29 71
76 95 47 79 77 57 4 68 62 76 76 57 87 33 23 64 75 45 53 60 67 24 49 40 97 17 33 39 72 21 67 85 90 13 38 41 5 83 79 62 48 65 25 21 59 60 77 57 42 19 40 93 92 29 96 73 97 66 9 65 11 62 31 43 6 66 68 58 50 18 77 35 44 59 52 10 22 24 68 50 59 32 64 68 72 86 48 27 88 74
12 44 82 56 52 63 17 24 46 54 66 64 27 99 76 53 54 84 16 75 68 33 80 10 12 67 5 71 50 18 6 36 60 75 83 65 3 38 77 84 56 16 7 54 65 33 75 74 10 12 60 68 58 43 46 49 45 93 67 70 94 23 95 11 37 67 22 28 40 34 68 12 1 50 59 58 23 88 74 81 20 93 2 96 18 69 86 79 13 63
43 43 17 62 61 74 3 91 28 35 66 22 93 52 80 20 22 44 74 76 1 91 38 26 3 51 31 60 99 97 21 86 4 41 87 41 91 42 44 36 47 19 87 56 75 75 56 90 15 21 5 99 54 70 83 79 1 73 27 34 85 30 67 7 99 87 79 26 76 17 84 47 59 64 24 94 80 63 20 67 48 2 96 88 89 3 17 65 49 33
13 89 16 74 14 8 33 80 64 28 7 8 14 59 91 24 96 21 70 49 3 94 70 87 58 3 95 77 22 18 77 97 95 72 9 75 90 48 60 76 24 28 85 8 58 44 26 18 26 1 51 57 67 31 50 74 48 10 55 55 46 40 90 52 19 78 59 3 89 65 62 68 68 48 22 33 34 18 75 70 27 43 13 65 83 30 86 99 46 5
2 18 95 22 39 39 51 100 49 18 72 45 19 50 44 83 5 100 18 43 48 100 75 60 10 99 49 97 48 76 19 56 15 35 1 17 72 73 53 73 100 20 61 63 83 100 29 20 70 12 82 5 27 88 55 23 77 70 73 23 40 30 14 19 71 38 21 89 61 58 75 41 73 11 30 64 39 18 5 29 71 48 45 79 71 60 51 71 47 60
69 41 14 84 46 29 89 52 50 33 92 50 39 73 71 35 79 68 70 24 22 6 48 15 60 17 35 28 31 94 1 32 63 70 67 39 13 99 86 5 33 71 75 68 3 69 10 15 67 25 54 60 75 43 55 60 7 79 49 73 9 28 52 32 89 26 84 68 54 60 3 1 65 6 91 13 9 14 29 24 9 85 91 2 89 24 99 50 60 96
9 5 18 97 6 85 4 86 100 100 99 95 59 61 31 64 83 78 30 63 6 81 94 62 1 90 66 75 83 91 38 13 91 41 27 100 82 35 58 14 81 68 54 41 83 73 18 1 26 46 57 64 18 47 40 7 90 85 65 10 66 13 8 3 19 14 22 37 25 14 12 9 61 70 63 37 27 78 77 19 11 90 95 28 73 94 38 73 55 6
38 96 13 90 87 23 14 46 61 10 5 94 66 100 16 5 88 61 68 9 11 16 87 41 87 68 15 37 7 29 62 36 60 33 19 29 44 50 98 50 21 51 59 83 72 47 56 42 86 26 54 17 81 82 72 32 6 19 20 53 64 42 56 39 32 60 34 29 17 93 72 81 36 77 24 86 36 21 43 77 6 31 65 64 88 47 17 79 33 29
6 48 93 54 6 70 12 31 29 71 32 88 100 72 2 96 61 25 28 5 7 86 24 62 56 98 90 100 45 37 91 31 76 4 26 46 54 25 16 60 97 59 63 37 12 83 22 93 24 1 64 70 32 58 4 54 58 8 64 56 57 5 58 73 100 56 58 54 2 52 4 47 41 46 71 29 81 38 39 6 81 46 66 15 3 61 48 66 54 98
84 39 70 95 70 60 24 57 6 98 92 82 14 57 50 54 36 42 86 49 77 93 68 56 3 6 22 63 6 66 31 63 79 32 8 65 82 82 67 33 61 3 87 1 66 40 9 96 80 64 13 100 14 70 81 49 71 64 3 18 10 37 3 65 21 64 29 24 16 82 7 6 32 53 67 79 27 31 84 88 58 54 66 12 55 57 51 42 19 64
78 40 70 20 99 19 87 49 77 87 43 9 54 95 87 61 86 16 19 38 40 83 60 59 52 64 39 18 71 73 83 84 28 54 88 66 18 85 16 40 11 14 19 41 93 76 57 86 38 57 78 28 68 3 29 27 68 73 88 3 23 11 72 16 85 96 86 10 67 97 65 33 21 10 51 78 74 31 29 84 1 52 83 66 99 1 43 45 11 31
56 84 30 29 58 74 93 71 59 38 27 85 91 68 40 46 23 41 40 6 22 89 79 86 33 32 16 97 62 84 3 60 97 78 50 55 58 4 33 84 49 15 48 24 29 30 13 63 8 5 70 50 47 57 7 18 39 38 48 49 85 21 63 27 68 34 6 88 49 36 13 83 94 85 90 33 17 86 8 65 26 96 91 4 59 84 40 43 95 6
57 87 41 44 13 34 7 70 73 57 2 56 59 95 65 57 14 2 16 81 43 75 42 71 62 64 54 5 40 33 81 93 81 74 40 11 78 84 6 66 8 33 80 25 24 10 91 67 8 50 61 18 1 80 22 78 59 68 22 65 3 26 82 8 12 61 54 28 97 64 7 73 37 71 74 35 78 85 13 46 28 65 44 36 62 58 7 8 55 75
16 61 79 44 9 55 95 63 33 91 92 34 58 25 21 75 87 61 56 72 89 8 31 79 53 93 32 38 6 30 42 86 79 36 10 88 97 96 64 15 88 54 98 52 90 92 100 56 91 87 33 83 51 59 56 43 25 32 11 93 53 14 89 11 24 30 62 15 30 5 99 59 73 80 41 48 4 86 60 25 12 23 26 10 32 32 21 52 31 34
83 3 72 96 53 51 22 11 1 72 90 91 29 81 79 7 81 4 95 79 100 80 48 11 28 74 56 61 67 37 84 69 49 51 70 71 94 88 24 81 69 29 53 53 39 63 23 64 53 2 61 78 53 42 81 95 84 39 33 41 73 2 81 15 31 88 16 29 58 40 35 40 80 22 95 15 61 78 38 34 29 50 81 95 36 30 29 93 48 72
67 49 36 66 67 56 36 46 84 91 29 81 6 95 52 2 37 54 98 38 35 20 6 50 93 64 45 53 8 32 81 52 21 14 58 85 83 19 3 71 24 65 1 12 98 87 25 36 27 47 80 18 66 67 20 28 8 44 81 68 60 38 62 33 50 86 8 73 66 49 53 2 27 92 56 46 92 89 99 13 83 45 6 21 23 34 93 87 35 2
56 71 82 73 22 61 70 52 56 34 17 58 78 9 93 11 50 59 2 2 54 49 84 68 83 92 89 82 44 50 36 20 33 71 1 10 98 91 43 97 94 10 92 84 16 93 36 86 74 61 45 6 78 72 10 81 75 7 12 95 14 25 32 60 11 6 22 74 47 13 14 30 99 9 55 1 67 99 11 93 74 61 90 81 56 55 69 88 9 31
74 43 37 43 57 64 6 34 79 34 7 49 72 92 47 72 10 11 37 19 48 93 64 15 66 15 46 7 79 84 66 46 87 79 17 68 60 25 15 61 42 28 74 20 61 89 33 8 57 13 78 34 82 5 74 96 3 62 46 80 69 86 38 36 49 76 82 47 24 91 69 90 35 9 63 90 2 17 69 56 38 60 63 31 9 26 60 37 24 68
98 83 2 71 95 70 14 49 16 42 55 4 63 57 39 60 41 16 55 85 33 93 98 32 95 78 68 30 90 16 26 83 74 68 69 18 21 26 89 100 24 73 49 86 49 77 57 6 9 78 4 85 39 55 99 97 18 29 88 40 35 96 15 53 44 55 57 91 67 88 55 65 55 15 99 4 30 18 22 26 74 98 68 34 87 84 18 40 24 37
66 49 95 75 97 22 98 78 13 39 26 31 9 24 63 58 93 39 32 67 22 2 39 95 99 59 100 35 13 83 6 28 38 67 19 55 53 95 46 96 67 28 37 60 83 34 78 86 33 16 49 37 3 95 4 89 56 13 20 15 22 82 90 96 92 1 55 30 89 16 74 46 13 18 82 29 79 36 86 47 64 32 6 5 67 24 69 16 54 81
73 33 53 38 43 18 51 56 10 2 81 60 63 45 27 78 57 18 53 35 43 39 79 63 25 41 54 48 80 21 90 21 58 12 55 77 47 87 90 56 3 88 70 59 44 48 76 41 66 67 52 5 26 35 98 81 88 87 28 90 84 37 80 14 80 20 91 74 15 82 97 87 29 49 2 64 31 51 87 22 37 70 31 21 13 100 11 58 28 59
56 31 2 26 71 40 2 76 47 44 14 47 88 43 16 10 52 52 5 24 65 35 24 80 12 95 26 85 90 11 41 44 16 49 54 58 88 50 53 86 46 72 52 95 38 17 30 43 77 73 3 37 88 32 32 74 67 33 20 32 88 18 94 86 72 53 43 44 42 87 31 34 75 26 29 74 94 100 91 41 11 81 65 37 13 18 84 7 24 29
55 84 1 8 2 47 66 85 83 67 41 33 48 73 43 64 12 45 16 3 12 37 37 78 69 93 33 35 70 62 77 83 61 42 91 99 95 2 52 27 41 21 16 91 99 10 42 78 1 51 9 35 66 33 94 15 99 49 8 83 40 99 63 62 46 37 83 57 97 14 83 86 16 48 36 40 26 35 18 50 49 59 86 14 77 81 13 71 34 17
3 50 25 51 91 54 49 12 57 69 76 24 24 98 84 82 19 27 73 99 14 66 85 54 23 9 28 95 41 80 77 60 82 49 96 40 65 44 75 73 28 56 16 29 99 99 73 15 22 73 65 15 60 41 94 61 63 67 43 85 1 10 17 75 30 83 2 35 47 84 32 60 6 22 46 36 93 8 82 23 29 17 45 68 78 75 4 96 29 6
3 13 29 95 22 75 87 50 38 99 87 1 9 66 84 50 9 47 76 85 86 37 69 50 41 36 96 9 2 60 28 65 11 70 41 88 23 74 81 16 6 24 29 28 1 39 31 1 87 68 43 67 4 98 88 22 90 37 80 45 27 3 40 73 35 36 65 68 54 44 19 85 72 22 7 65 100 19 100 14 96 73 80 34 79 7 85 64 59 50
72 20 88 28 81 39 96 30 83 22 11 30 97 43 27 48 74 27 77 47 23 94 82 31 74 22 86 79 92 1 16 72 83 27 24 73 74 70 42 24 35 73 100 88 40 21 35 82 45 94 61 80 83 30 20 5 5 95 13 24 42 54 31 48 86 65 3 73 89 85 50 73 80 46 32 50 35 41 57 61 81 27 3 29 7 81 4 25 6 56
3 10 9 58 26 9 58 73 12 18 40 37 73 37 14 53 69 3 5 100 52 92 41 79 3 25 62 88 87 77 97 37 3 74 72 88 71 68 76 65 98 46 84 75 4 79 21 54 98 90 38 50 9 67 19 85 25 81 60 98 87 26 49 6 40 99 32 50 47 67 82 7 21 2 65 4 21 97 53 36 50 86 10 81 24 75 55 83 62 70
35 94 90 26 43 37 38 32 65 74 83 49 72 79 52 15 8 67 36 69 72 17 72 85 23 37 69 93 48 92 50 70 19 91 49 74 70 77 87 28 32 91 74 88 6 49 13 39 59 11 14 1 24 2 80 5 23 61 3 68 46 10 39 82 36 77 30 48 94 18 31 12 60 22 1 69 57 100 70 90 18 6 76 6 13 67 64 95 47 80
48 31 88 15 20 44 49 70 51 15 30 34 52 12 6 21 41 71 78 21 26 8 88 40 85 49 58 17 21 48 35 79 62 52 27 71 43 29 33 34 95 23 32 33 16 58 40 32 60 34 52 99 18 23 38 11 60 26 8 3 2 92 25 54 100 44 43 33 95 51 33 66 5 99 16 98 72 69 50 35 90 51 99 58 3 68 23 3 34 27
76 80 74 6 15 56 50 93 54 77 58 73 33 58 35 8 84 60 98 67 14 87 69 68 51 53 18 51 25 31 62 4 57 86 98 7 52 95 58 43 76 40 29 20 54 46 81 69 18 87 75 77 65 67 40 86 42 24 88 62 95 25 65 68 80 44 60 6 98 58 71 29 49 94 22 94 53 64 66 18 84 68 42 23 63 74 85 36 14 9
49 93 86 76 54 8 88 78 36 11 27 77 7 59 71 16 89 100 93 56 2 35 80 93 24 45 54 92 61 93 39 92 71 58 28 3 88 19 6 87 26 33 64 75 21 1 89 6 36 69 27 9 29 72 60 54 10 45 9 35 97 23 69 27 32 42 81 92 71 97 60 18 32 11 60 43 90 68 17 94 43 78 6 9 29 1 64 45 28 54
79 53 70 44 93 21 59 90 69 93 9 75 2 99 15 24 81 85 96 82 62 91 68 44 45 78 86 43 91 80 75 80 96 94 65 77 16 21 39 44 16 62 10 45 53 40 18 88 50 76 100 69 83 74 99 16 47 58 5 57 66 31 30 77 51 46 61 77 76 45 48 56 62 83 45 15 84 47 49 52 31 12 50 23 22 4 18 74 27 2
2 28 17 64 57 42 15 94 28 28 32 25 32 20 88 48 54 85 92 27 56 87 35 72 91 3 43 78 69 15 42 40 46 95 63 68 70 50 47 85 75 97 35 15 79 11 59 68 53 40 34 91 52 32 95 17 83 40 32 100 99 43 60 3 3 18 7 1 9 28 19 19 81 48 80 20 43 97 15 24 1 4 23 77 64 91 90 29 24 83
41 66 33 96 47 74 59 60 68 10 17 90 84 82 98 19 4 14 14 59 96 27 57 42 59 62 48 30 88 68 74 43 75 29 33 95 96 15 23 81 66 41 16 98 69 71 32 78 39 16 91 60 35 12 15 15 27 72 72 82 68 5 21 28 7 64 55 28 38 89 50 84 69 22 23 59 12 55 3 42 63 90 93 42 30 74 21 48 78 53
59 32 48 30 93 63 19 73 6 28 74 27 26 50 47 57 97 57 16 7 46 29 64 25 20 76 24 74 56 61 35 1 8 53 98 25 39 45 23 29 26 44 60 14 40 57 13 1 29 26 78 67 64 71 83 13 5 8 30 3 11 20 98 3 71 28 87 80 18 32 44 72 52 92 76 15 75 63 16 60 26 24 61 82 46 63 89 17 5 3
62 84 30 8 40 69 8 41 21 91 31 42 44 23 27 41 86 63 4 89 16 4 41 50 62 52 40 77 85 86 15 31 34 24 17 97 68 37 8 18 39 95 51 31 61 58 13 46 8 78 76 61 53 67 69 61 17 52 69 56 51 45 73 24 65 13 6 53 20 71 81 95 34 58 10 99 61 96 42 73 77 16 27 79 42 18 76 24 41 3
16 68 73 69 96 24 96 59 54 46 94 82 8 37 7 91 24 94 41 86 42 72 81 17 62 76 24 34 87 76 82 83 24 23 49 88 54 76 72 48 94 67 74 84 43 32 47 23 75 44 39 11 24 21 89 6 97 35 15 90 53 94 4 3 12 62 98 68 35 23 28 92 87 35 55 75 98 78 56 49 98 29 2 71 83 84 20 13 33 62
92 22 5 1 52 34 93 73 35 12 7 92 9 11 71 40 81 5 42 92 18 94 66 57 83 13 47 1 11 47 96 75 31 7 83 13 78 30 69 79 11 9 80 58 18 80 6 90 95 53 6 76 75 38 76 83 60 57 83 43 65 59 12 72 16 45 39 9 66 69 28 97 32 85 57 22 8 40 31 75 94 69 98 30 62 94 85 61 30 50
42 72 42 54 88 7 79 14 56 70 59 53 39 55 85 51 28 86 80 76 19 79 62 76 21 30 64 67 59 96 97 87 2 64 49 9 36 9 79 30 81 66 100 16 82 53 39 41 79 83 94 64 84 3 28 42 58 66 46 31 36 17 83 41 70 50 48 89 97 35 13 15 18 44 4 70 24 49 3 62 88 64 28 28 31 56 58 51 73 14
94 74 95 100 62 27 47 90 26 56 17 4 83 14 40 38 92 16 50 9 77 54 17 51 3 75 21 51 51 86 43 50 52 90 85 4 46 54 67 6 23 4 40 61 60 60 28 63 53 42 44 13 66 91 11 79 94 22 33 69 95 38 89 33 57 20 52 50 37 57 8 23 22 24 54 52 32 61 71 15 95 59 92 80 63 95 87 1 30 81
90 89 73 45 72 48 95 39 7 59 83 92 21 54 55 34 98 75 10 93 8 61 8 28 18 24 77 44 37 15 76 75 48 11 35 74 68 15 41 21 2 9 98 60 37 92 44 39 64 24 26 45 37 70 61 99 99 74 50 99 3 73 78 87 80 76 69 60 71 45 31 65 2 41 18 45 28 18 2 30 9 65 73 77 79 64 94 45 57 23
62 89 98 89 47 62 22 84 66 20 59 61 19 56 59 4 61 67 25 83 9 81 51 84 12 53 2 60 64 44 9 33 56 17 43 47 1 18 49 53 15 44 27 88 40 4 48 9 60 92 39 96 9 90 68 80 64 53 35 65 98 17 40 21 39 73 13 7 32 28 97 3 20 62 6 99 37 34 70 70 72 15 84 50 36 100 61 22 15 88
23 42 18 100 48 83 3 18 17 92 56 78 42 90 69 24 91 56 2 46 21 28 33 39 22 86 3 44 86 44 15 18 85 17 85 51 50 91 64 40 93 29 98 44 69 53 68 95 28 60 72 38 18 19 92 61 56 30 14 49 7 30 13 85 75 65 14 93 36 78 47 12 30 39 36 9 7 97 87 1 65 66 84 74 57 49 61 39 85 24
23 28 69 65 50 30 3 6 80 64 28 21 6 2 34 30 57 79 75 9 58 29 17 79 53 7 22 8 50 46 75 35 20 78 28 37 54 100 6 69 54 57 9 23 70 11 17 10 89 33 4 67 19 23 73 26 74 22 87 84 87 6 72 13 96 60 18 95 46 71 25 10 57 96 65 34 67 2 86 4 51 33 7 61 44 27 29 49 6 3
81 45 58 61 78 48 30 77 35 47 30 88 47 98 55 78 5 24 2 49 70 74 31 88 29 64 21 47 96 61 31 27 66 3 33 69 60 53 4 38 35 66 91 61 61 70 94 19 11 61 11 49 87 78 49 67 97 49 5 75 20 52 15 63 20 89 79 54 49 15 52 33 23 83 19 88 64 65 28 93 72 6 15 65 13 40 23 19 79 8
41 30 69 9 53 24 67 98 41 75 49 79 66 28 96 56 97 71 93 24 64 96 9 30 94 40 10 94 86 38 84 95 74 42 1 84 72 99 78 28 77 62 19 25 50 98 5 66 50 27 71 68 29 29 41 92 49 29 15 79 62 13 24 61 57 17 66 13 12 26 48 89 60 84 3 89 63 69 35 39 25 36 63 15 51 19 48 25 52 96
57 22 48 49 95 59 82 3 71 37 56 16 51 68 22 19 50 23 38 8 43 81 41 23 31 38 53 89 24 95 43 25 20 68 24 58 79 20 83 11 65 1 90 71 92 11 15 31 38 87 31 25 34 42 24 3 28 25 3 89 38 83 97 14 26 45 23 2 61 34 73 61 45 18 19 40 40 34 40 96 67 66 18 81 47 100 31 15 86 16
32 40 86 23 98 3 40 58 70 51 45 1 10 36 95 40 25 42 55 67 50 79 81 29 1 22 6 24 99 83 82 26 85 89 34 22 8 80 59 14 85 49 45 20 2 34 70 67 23 75 57 25 77 96 77 71 92 43 32 74 61 21 17 81 63 64 57 69 100 2 4 7 51 4 72 5 48 37 24 53 30 86 26 25 36 39 61 54 98 49
63 78 91 39 56 69 70 90 48 79 1 2 35 27 1 28 74 20 6 1 44 15 26 93 71 10 14 15 59 100 18 37 97 94 7 71 72 18 31 83 3 53 22 66 13 6 87 81 83 65 25 19 89 27 64 53 96 58 18 100 100 56 34 14 95 69 65 58 31 86 73 92 81 34 77 100 5 60 40 68 21 7 71 36 96 82 61 89 59 50
69 99 98 74 87 50 67 94 73 4 77 89 65 73 44 40 27 65 23 58 60 28 92 44 67 26 11 79 44 67 95 28 85 59 3 19 89 2 47 94 49 26 51 76 25 49 45 67 19 1 39 91 12 89 42 86 85 80 11 64 7 21 99 18 1 73 92 35 12 94 40 3 60 54 22 41 30 59 29 13 26 77 25 78 29 42 34 8 68 54
38 51 44 3 7 49 78 44 74 3 66 17 45 47 50 5 61 81 76 56 96 99 83 63 82 42 10 4 28 11 59 87 35 13 37 61 50 15 47 4 20 3 13 3 47 50 19 11 100 42 38 9 20 29 13 27 33 93 54 68 85 59 18 99 61 51 41 95 77 12 74 79 45 92 19 43 65 32 66 73 24 22 4 45 84 58 33 13 39 77
68 11 87 2 38 67 85 26 96 15 64 10 81 3 92 83 42 10 45 46 39 5 37 28 12 92 45 69 21 88 44 21 22 38 45 33 54 24 75 9 36 7 45 86 26 64 31 26 15 20 45 62 89 100 82 11 20 63 16 82 32 42 76 43 12 20 56 88 1 57 37 28 79 5 93 45 41 28 71 60 9 34 4 19 83 84 14 49 2 90
56 93 81 100 78 12 44 18 69 73 24 28 62 85 80 44 35 43 33 7 85 81 5 86 14 97 50 99 19 58 85 43 78 26 29 78 76 69 96 66 76 47 38 60 39 20 93 36 95 11 35 78 41 47 34 75 76 84 87 15 95 4 100 14 96 47 74 12 88 45 25 83 38 86 12 79 81 18 87 79 18 64 68 70 29 96 35 36 43 40
62 85 74 13 25 28 7 72 82 100 12 5 23 76 10 97 58 69 55 85 54 1 24 69 98 57 75 1 64 56 18 50 84 64 24 41 33 44 82 89 68 85 44 8 80 69 50 11 68 29 72 47 84 19 25 89 23 48 17 26 65 39 82 78 34 23 71 27 56 73 96 79 91 96 95 81 30 24 29 75 10 1 78 95 72 60 66 27 94 8
28 41 4 54 87 63 41 61 94 14 36 5 77 15 68 3 15 69 39 92 43 23 31 17 4 74 51 34 48 3 30 91 35 53 32 62 91 34 98 99 85 22 16 96 8 34 8 21 5 68 11 47 78 32 27 45 96 8 65 42 84 26 60 84 58 40 25 93 40 86 4 1 86 94 82 95 90 81 14 33 42 50 63 10 95 27 56 35 42 96
81 42 87 40 99 67 15 71 15 35 3 100 48 71 34 38 96 50 99 15 95 14 41 62 48 19 42 22 64 100 41 79 32 26 41 14 70 66 51 54 92 97 6 73 54 8 28 69 69 86 76 14 58 85 32 15 78 12 70 46 4 93 88 25 97 92 74 13 64 57 37 34 80 80 80 64 20 46 53 34 48 81 70 50 63 29 58 63 22 90
63 3 65 44 52 8 75 41 1 40 52 89 79 24 50 55 89 51 100 95 16 40 77 84 8 9 28 82 22 45 80 70 20 46 65 28 30 83 11 66 34 97 51 37 50 72 86 24 10 76 50 59 84 58 78 44 98 53 62 17 88 81 35 26 73 6 59 35 22 15 49 95 43 8 10 72 21 83 30 40 32 60 10 4 87 1 81 60 6 72
79 47 44 51 66 94 53 97 70 23 56 62 46 51 29 99 38 20 91 14 47 9 97 67 37 35 92 20 20 15 87 70 83 3 58 27 36 46 99 56 42 7 46 67 85 39 28 83 91 89 40 1 13 83 16 3 45 94 80 64 22 11 38 70 78 93 56 13 98 60 72 93 81 49 64 65 2 14 22 16 18 65 73 89 75 50 18 19 65 49
97 38 40 75 89 65 12 83 89 33 53 62 12 28 69 25 44 89 49 12 94 33 46 72 6 23 52 75 37 94 13 7 53 31 68 88 25 34 54 20 57 37 69 84 1 77 46 5 5 76 40 13 86 49 37 10 56 1 28 49 69 30 59 77 38 54 31 16 97 66 51 8 75 76 10 50 94 61 41 54 86 19 38 63 23 86 79 11 18 4
61 5 67 31 18 90 90 82 13 57 3 19 13 49 18 64 73 36 37 7 31 40 14 4 34 75 69 100 13 62 93 19 97 67 42 94 12 60 52 26 40 67 5 29 84 11 86 73 96 54 48 24 64 14 52 98 93 73 73 12 4 26 93 68 3 89 57 33 40 43 19 45 36 24 38 40 96 64 77 14 91 5 52 56 7 94 64 32 54 86
52 2 10 28 22 86 63 14 5 1 93 90 43 75 13 22 39 35 98 66 69 1 93 63 50 3 96 52 15 34 37 59 3 87 92 68 15 41 7 90 77 65 35 62 74 35 5 32 51 48 48 49 51 3 77 44 43 86 37 68 67 97 2 90 37 23 85 78 86 42 94 42 55 42 6 36 83 93 57 4 86 24 41 86 23 51 6 86 32 78
31 92 33 12 84 82 82 24 76 86 25 67 12 59 35 20 20 78 78 59 36 25 27 48 25 79 29 83 75 92 13 53 1 32 21 63 27 4 73 74 30 30 38 4 5 8 24 36 10 87 58 10 76 16 87 62 22 13 61 79 82 87 15 26 43 68 33 62 78 1 99 22 44 6 90 7 52 17 80 14 90 57 2 10 45 15 57 21 86 72
11 6 12 21 75 39 14 88 86 61 82 23 29 16 43 1 18 87 94 41 45 83 96 32 38 23 32 38 51 9 99 97 45 16 7 55 4 98 67 77 40 60 24 45 47 89 85 30 38 100 1 95 94 86 14 85 29 70 24 20 95 80 57 4 16 89 55 6 42 62 68 82 23 16 5 24 4 89 93 59 15 4 100 87 22 11 65 25 81 94
99 13 31 62 54 25 96 69 63 29 65 44 20 25 71 67 5 30 50 8 69 33 69 9 94 96 47 88 12 9 75 10 14 38 84 38 5 54 33 96 25 58 19 92 91 77 24 41 70 94 73 16 72 55 60 95 32 80 44 12 57 29 1 5 84 29 7 49 36 92 36 36 88 30 99 46 43 40 89 53 59 27 79 89 29 71 48 94 11 3
16 43 99 83 40 32 79 13 35 95 34 66 87 89 91 14 40 53 70 68 85 99 45 19 24 80 20 27 97 73 16 78 30 34 7 30 41 39 31 11 46 1 46 27 39 72 42 33 13 70 97 68 79 62 23 75 56 88 53 22 83 90 19 99 77 3 35 26 60 96 44 45 79 25 63 8 64 15 99 77 18 68 54 48 20 7 46 89 47 84
41 72 18 69 37 28 61 62 23 57 20 7 52 16 68 5 10 63 86 8 33 78 15 82 30 53 18 28 12 23 100 100 59 64 49 77 47 6 79 33 6 93 36 25 26 92 17 46 91 23 67 9 29 4 33 76 99 25 7 13 21 26 85 58 8 12 3 29 61 47 4 31 90 14 39 61 66 58 11 97 63 61 4 47 34 80 21 72 91 15
13 16 97 50 87 70 55 22 6 28 90 17 67 51 46 11 60 53 85 90 11 39 93 67 59 22 73 48 32 33 91 51 28 35 25 44 73 99 18 11 32 42 92 54 23 72 78 73 49 46 59 86 44 36 23 83 88 91 64 65 20 49 16 71 35 41 58 5 99 59 9 43 11 1 46 10 89 12 33 78 69 74 34 97 32 91 26 20 24 24
9 67 72 17 11 96 23 68 41 34 94 22 94 99 35 99 38 22 100 7 44 88 9 19 43 88 96 11 82 48 55 8 19 59 79 38 28 97 79 25 35 74 46 16 26 77 95 82 3 12 94 77 32 47 98 22 58 56 71 100 89 88 61 85 17 57 100 13 38 75 39 55 100 39 77 97 49 61 44 43 36 42 43 63 57 14 7 45 61 96
50 74 4 71 4 48 34 48 34 80 81 48 85 85 50 30 68 55 85 41 18 8 44 49 29 14 78 36 78 16 57 70 23 75 62 42 64 50 72 73 35 13 81 98 64 58 61 90 39 68 25 19 56 51 12 67 68 59 64 66 91 36 19 1 72 89 34 24 74 93 67 80 22 30 71 13 9 19 1 88 14 86 21 67 28 43 81 97 36 17
13 58 36 16 12 95 97 5 11 64 71 29 7 66 97 89 41 34 45 94 18 52 66 11 51 20 77 19 33 31 82 73 55 87 11 21 89 77 69 38 26 37 46 96 67 85 100 26 36 17 26 7 32 76 52 25 59 51 68 31 87 91 98 100 62 34 77 74 96 75 67 88 29 31 64 90 1 65 18 59 63 64 34 6 6 89 8 8 35 88
44 7 5 6 35 89 42 46 66 34 94 18 62 39 83 55 50 98 4 11 75 66 67 4 51 55 89 66 66 65 51 2 98 43 89 38 66 47 78 65 80 13 72 19 62 46 52 70 56 73 39 44 76 4 2 56 82 91 26 62 66 95 71 46 75 27 96 52 50 23 24 64 58 97 30 2 52 57 71 73 43 18 1 76 40 38 50 23 4 22
30 53 67 18 91 29 33 40 89 72 75 53 27 43 41 22 86 78 79 64 48 88 86 15 19 97 87 97 41 10 24 27 81 30 65 51 77 33 9 34 61 62 69 61 28 15 57 49 80 72 13 59 20 95 22 5 85 73 6 50 85 55 38 97 72 88 34 48 25 42 56 14 73 96 96 30 91 56 67 60 90 41 31 12 51 56 40 62 95 29
28 70 70 85 56 66 52 95 89 44 66 22 13 62 11 68 99 71 39 89 78 16 99 57 86 12 14 2 22 83 83 67 93 39 96 83 88 97 91 77 56 43 26 44 69 76 95 62 73 9 25 22 12 70 69 35 26 17 76 34 45 8 35 72 10 64 48 47 64 91 20 58 11 97 23 86 68 85 85 40 23 68 48 2 1 34 90 18 7 31
30 47 84 99 18 78 17 95 15 4 53 44 74 16 40 25 70 88 30 86 48 60 76 27 8 7 82 28 79 43 70 62 83 49 97 57 75 41 2 94 3 83 50 12 37 77 93 18 24 50 99 82 6 93 4 46 37 33 24 6 25 18 20 65 65 64 66 45 39 62 76 58 91 59 11 84 4 95 10 32 43 97 95 55 95 66 29 15 69 16
100 43 85 69 93 57 97 39 3 40 76 29 14 14 98 9 17 51 14 41 24 29 43 61 4 1 43 30 80 89 52 99 7 8 34 76 48 85 69 95 88 76 24 39 81 14 83 2 42 15 62 58 22 65 28 70 94 24 90 55 95 65 31 68 55 27 84 8 82 93 98 98 63 12 35 22 16 98 81 71 58 76 53 67 85 47 77 3 39 52
88 87 25 82 98 63 69 4 65 37 2 15 91 51 47 92 48 9 28 98 25 70 48 92 44 16 40 62 14 59 21 31 42 84 51 29 49 15 62 86 17 9 71 2 39 45 78 2 47 29 20 39 32 40 93 73 7 93 14 9 50 68 71 42 20 100 7 58 10 80 23 79 94 91 34 1 52 87 39 53 73 83 97 76 54 86 99 36 63 42
20 22 90 48 42 17 80 91 40 82 81 86 7 65 72 62 59 44 48 89 92 10 50 60 68 32 87 27 10 56 54 63 79 39 90 70 50 23 52 4 86 64 84 24 20 86 98 24 55 78 94 73 52 25 18 63 29 8 21 36 85 11 31 13 72 8 46 11 39 22 44 87 82 81 71 83 58 22 31 78 4 97 28 53 39 29 87 51 78 22
56 83 5 99 99 29 41 34 3 46 20 90 95 29 14 6 87 67 31 85 25 73 82 71 22 37 96 4 57 94 82 95 19 93 28 16 98 50 83 58 94 78 29 14 63 97 98 42 5 98 34 27 19 44 42 52 93 64 52 23 49 64 100 75 66 17 78 69 24 1 18 48 84 56 39 75 25 58 50 34 68 30 39 27 42 88 15 3 73 37
20 100 42 22 91 82 90 66 17 13 85 26 18 100 7 48 30 92 33 16 71 35 25 72 53 75 55 40 94 63 94 74 86 46 5 83 23 51 6 10 41 70 50 65 68 10 91 86 92 78 52 52 5 51 4 9 65 21 92 82 61 30 82 9 92 54 79 73 1 90 29 93 10 92 40 10 27 7 42 53 55 8 65 64 22 33 24 71 22 10
47 70 32 35 35 46 95 11 42 82 21 42 60 95 41 8 100 3 36 43 91 84 32 24 94 11 94 92 85 55 13 3 88 31 76 93 94 44 96 59 89 22 89 4 85 14 69 58 69 83 94 62 82 53 69 12 3 27 74 63 50 52 44 51 32 92 42 70 69 11 57 35 61 64 15 55 51 72 44 82 91 84 3 85 81 73 31 52 35 65
93 4 21 62 87 81 13 97 50 48 81 29 43 8 72 93 19 95 61 78 48 61 82 79 18 9 44 88 75 90 49 21 23 9 51 73 16 14 2 19 75 21 36 63 53 9 46 76 24 24 99 65 32 32 43 59 47 44 98 43 10 63 94 58 67 26 81 89 58 100 17 83 67 60 89 17 23 23 18 17 46 86 33 19 9 52 72 6 2 70
30 97 44 91 83 8 6 32 77 6 43 50 38 55 84 54 99 18 29 7 76 68 44 71 65 73 4 73 82 39 34 7 54 37 34 32 85 77 36 61 54 85 92 10 13 35 37 66 51 29 97 45 68 17 8 11 71 60 34 40 80 63 6 28 95 17 11 37 23 37 20 35 83 40 61 91 89 94 62 88 90 9 71 50 75 76 14 72 5 48
95 9 7 30 43 12 90 80 40 64 64 9 9 30 77 12 97 82 11 18 40 72 41 29 59 80 36 46 72 57 89 61 82 50 4 15 46 38 28 44 43 80 2 79 80 5 4 45 46 68 15 60 83 37 21 57 56 70 82 31 86 46 51 32 63 55 56 65 6 66 55 80 59 91 23 67 91 92 96 11 90 79 46 4 15 26 5 51 61 5
67 22 37 10 23 58 78 90 50 29 19 75 30 86 5 62 26 69 83 78 5 50 20 8 61 2 61 37 60 49 6 7 59 13 90 100 15 20 74 3 22 39 2 13 19 25 14 54 14 88 61 9 24 38 48 90 38 23 68 82 44 47 35 47 98 20 47 16 49 82 21 14 84 95 27 51 71 16 9 18 67 75 14 99 53 76 55 43 58 35
68 54 91 3 70 100 28 51 90 6 88 23 38 71 1 40 29 46 36 23 41 2 53 55 33 16 36 47 77 83 42 17 86 30 62 9 51 26 32 99 6 79 9 52 32 45 79 98 49 66 29 57 67 30 97 16 42 74 73 14 20 51 89 86 84 92 51 100 18 39 62 78 31 9 24 15 64 19 57 56 94 41 18 21 60 32 84 89 16 15
39 80 74 41 37 73 18 55 86 89 72 12 100 3 78 33 18 24 65 5 84 18 76 42 29 83 35 61 22 3 65 22 42 60 35 19 78 66 83 83 72 74 2 17 52 24 33 15 66 96 65 88 70 77 7 1 69 25 57 62 94 84 97 55 23 46 87 95 79 89 48 96 87 66 63 79 82 38 83 88 25 41 96 56 17 92 10 10 47 98
87 17 26 54 4 8 72 42 84 66 5 57 51 99 17 52 31 20 5 36 78 92 34 86 15 99 7 38 26 43 79 6 26 96 81 58 9 20 68 76 40 96 24 27 45 45 12 58 76 53 86 61 47 56 90 75 91 96 94 98 61 7 45 50 31 95 92 5 44 82 94 39 19 44 99 17 95 52 55 30 72 25 99 48 44 70 43 76 51 42
96 64 94 29 77 88 96 51 3 98 73 37 63 39 91 46 10 76 28 95 100 73 54 24 99 58 32 49 64 82 37 41 29 19 7 89 49 43 34 63 10 18 70 74 36 34 19 2 86 38 52 51 75 59 69 42 63 7 74 35 9 87 23 45 40 51 12 12 3 36 84 89 11 48 69 75 92 88 67 77 75 74 59 12 64 90 32 41 1 62
100 55 49 78 30 33 6 26 21 50 77 93 81 23 79 18 29 32 53 15 97 49 99 67 18 37 30 47 63 38 43 100 15 99 41 43 29 57 79 98 77 78 85 51 10 34 57 7 17 32 4 52 92 69 27 79 7 88 49 85 51 76 45 59 72 57 58 27 95 99 27 14 70 24 22 38 39 55 75 47 28 36 63 17 58 42 66 60 64 100
22 76 98 25 84 12 98 97 41 57 79 36 49 8 81 31 25 24 53 45 83 10 91 99 54 13 23 31 76 72 37 88 22 83 33 25 52 14 59 82 24 18 76 3 75 41 59 4 28 32 95 64 68 20 58 56 92 82 3 7 32 23 93 22 32 82 9 54 64 7 43 20 41 88 32 5 45 86 97 41 5 91 37 22 69 78 86 47 55 47
64 84 61 96 40 47 55 21 58 17 40 94 78 81 98 4 32 57 8 6 72 97 99 80 19 12 67 88 82 14 40 74 38 69 55 31 40 82 33 19 67 76 42 94 61 26 2 89 53 12 62 9 35 85 90 82 43 93 10 30 51 15 60 12 10 97 1 41 74 34 31 42 85 71 8 38 46 10 52 38 35 80 23 98 68 22 47 92 14 79
31 47 87 16 92 17 28 36 58 8 44 44 17 22 79 93 68 81 74 17 97 14 58 83 72 24 8 19 91 77 25 95 89 59 10 13 42 9 33 14 68 15 94 66 41 95 44 15 68 98 44 90 37 23 86 69 19 26 14 3 72 45 30 68 49 7 72 34 1 92 39 81 9 66 35 78 74 26 11 38 80 79 5 85 55 76 19 27 88 4
13 86 72 88 4 62 53 86 73 2 3 66 96 90 61 50 82 67 36 16 100 60 25 50 99 73 69 77 99 17 72 80 81 27 86 35 74 92 6 90 88 64 42 83 81 43 22 59 47 84 43 100 79 46 70 46 15 59 53 44 90 32 94 52 29 62 28 50 68 65 42 19 15 64 38 67 99 60 48 91 40 83 82 83 84 21 75 87 50 15
43 7 69 42 89 27 40 52 24 66 22 3 67 13 5 27 69 74 24 4 86 58 62 88 14 71 93 100 80 50 20 98 14 80 76 34 16 69 40 13 56 69 36 9 51 61 4 26 24 11 74 64 53 44 41 37 46 42 23 69 78 59 96 97 39 68 55 85 77 69 65 11 15 53 63 36 36 42 9 82 62 11 3 51 90 71 81 46 7 98
93 53 51 19 59 97 42 17 79 13 98 17 14 49 87 10 48 20 54 40 83 1 89 8 8 5 61 39 94 86 80 40 65 10 32 48 73 74 36 58 31 43 54 74 9 70 70 42 66 98 63 25 72 99 50 18 37 98 53 46 48 63 73 53 55 61 29 57 73 91 37 18 99 32 72 24 50 64 100 82 83 97 88 57 58 53 65 99 44 10
49 95 23 82 60 59 44 51 17 67 75 77 59 61 7 62 43 11 69 89 85 84 81 92 66 37 61 32 86 58 20 45 66 13 39 100 67 32 90 20 93 27 70 33 53 42 14 90 98 75 12 59 65 44 64 1 53 1 69 77 43 3 19 30 43 27 26 5 48 81 23 88 81 19 79 46 70 53 88 96 69 33 47 8 39 31 47 51 36 16
49 10 11 83 49 4 29 56 8 88 70 7 30 85 97 12 79 84 23 65 47 91 54 27 83 8 19 67 34 43 52 59 91 98 83 53 24 86 86 91 63 6 5 72 29 42 39 7 24 16 86 12 37 16 30 77 16 74 90 22 71 27 89 7 63 85 2 45 76 21 19 60 73 15 9 46 54 62 60 57 18 25 34 100 19 67 72 60 18 18
30 53 69 56 40 31 5 92 10 23 22 57 82 17 23 19 93 54 86 47 51 29 20 51 41 19 26 13 54 84 63 40 39 64 50 53 4 25 59 70 42 17 40 59 85 31 62 58 47 15 3 29 75 96 20 4 42 3 3 10 60 74 20 29 60 53 48 26 78 11 81 6 95 7 55 40 79 30 53 81 91 13 43 27 22 24 66 32 1 78
7 40 73 16 50 37 78 68 52 20 42 98 17 26 26 54 98 33 45 87 71 13 64 27 80 80 83 53 89 42 13 50 75 22 18 12 21 63 34 27 68 62 81 2 1 1 67 70 90 55 55 19 24 68 92 6 16 14 61 31 64 19 38 23 64 17 11 74 54 94 85 47 93 44 37 98 66 2 100 86 56 32 5 45 30 81 32 77 85 16
45 14 72 29 81 40 80 81 8 54 62 28 44 65 16 28 46 63 13 17 100 9 82 44 53 27 67 64 49 65 44 61 37 6 8 73 43 33 10 67 18 6 93 61 84 3 49 65 94 96 64 44 64 28 94 50 33 30 96 19 92 54 86 70 42 45 89 10 65 80 64 70 24 76 81 83 1 61 67 57 73 29 62 34 64 32 39 60 49 13
87 19 100 56 36 37 100 2 67 75 3 50 63 42 72 65 71 67 39 70 89 96 56 74 92 85 28 74 3 49 6 34 1 81 20 77 84 45 100 36 42 82 31 95 22 42 13 70 85 71 43 59 43 15 66 52 90 43 26 49 82 1 52 42 10 56 92 56 2 60 20 77 37 27 20 72 58 8 58 45 85 11 55 5 86 17 40 89 1 51
46 75 9 70 20 34 62 2 47 45 8 8 31 68 5 82 35 34 69 71 95 48 45 78 42 96 39 97 21 22 62 6 54 68 91 53 46 16 11 31 32 30 82 35 33 93 28 85 32 3 22 21 98 38 36 29 94 8 76 93 1 21 71 41 84 67 78 88 42 79 18 67 58 24 50 2 24 61 36 45 15 10 12 19 88 68 5 15 75 18
47 66 64 92 77 47 93 51 16 26 28 97 24 95 6 35 9 94 96 9 39 50 89 52 54 79 62 33 87 73 72 15 48 81 27 4 21 98 72 11 55 17 22 38 52 24 94 38 50 47 18 21 43 16 30 52 73 90 98 51 27 93 92 68 46 13 96 43 72 94 11 97 78 72 98 99 81 69 13 21 33 58 31 57 90 85 39 4 34 64
46 73 62 29 95 36 51 57 73 82 17 68 48 45 58 23 36 97 81 29 59 46 57 6 34 63 67 72 85 89 12 24 9 8 24 78 86 58 64 94 46 65 2 19 4 46 51 22 22 99 6 37 64 62 4 70 96 57 28 57 2 3 89 3 56 25 92 57 35 70 93 95 100 89 21 96 93 70 14 46 10 66 40 32 50 78 42 53 68 31
65 5 16 99 94 99 7 52 36 16 14 70 55 67 71 12 96 35 100 64 93 89 78 59 56 32 72 51 34 33 12 9 42 54 8 45 2 29 45 83 8 16 22 69 9 62 99 52 22 2 41 65 58 66 85 56 82 57 77 61 89 11 51 11 95 9 87 35 51 45 89 29 89 51 84 23 91 9 35 66 20 82 37 66 13 92 44 92 31 76
4 69 91 45 61 75 42 22 45 91 93 51 40 30 40 23 52 89 54 48 91 93 37 15 32 100 4 40 63 25 25 93 31 18 62 30 13 32 44 81 76 75 38 87 48 92 51 76 82 77 67 45 57 80 1 46 97 55 80 45 34 46 10 2 80 51 71 64 65 41 29 82 8 91 6 77 10 2 27 31 66 99 46 23 12 88 54 60 30 38
61 47 40 90 19 4 92 61 18 27 35 72 42 17 70 8 14 7 55 91 25 8 57 40 21 79 85 53 46 50 86 40 51 60 60 76 25 47 68 45 82 48 60 82 25 32 64 3 33 48 96 15 4 93 75 36 11 39 37 92 30 39 47 38 6 7 46 12 70 75 6 85 53 37 97 47 18 3 40 50 24 17 93 53 82 1 89 6 22 41
81 5 35 32 17 13 75 70 9 49 3 40 7 3 84 45 71 18 23 6 10 1 67 99 18 32 60 85 44 90 73 17 49 26 4 28 47 96 72 11 53 21 85 97 16 49 52 62 40 52 65 12 8 49 59 68 52 8 23 57 31 89 56 96 3 20 6 9 14 41 32 70 100 55 65 67 20 42 64 76 25 77 51 8 58 89 43 45 1 92
64 43 27 76 52 16 70 5 69 77 42 20 7 16 81 89 35 29 88 92 14 74 55 76 1 71 53 95 89 10 96 19 63 39 63 91 42 26 59 97 37 62 37 11 71 66 19 34 86 28 33 100 15 58 91 37 66 17 87 8 6 29 100 94 83 2 25 31 82 73 65 21 22 89 61 50 100 88 98 27 99 22 93 51 24 64 23 61 63 67
29 4 80 16 55 15 48 34 82 57 77 36 50 4 72 33 74 47 60 36 60 20 40 68 5 75 52 72 96 94 12 58 83 33 79 61 93 61 31 59 1 31 93 44 96 87 93 64 38 61 50 69 53 95 65 84 86 68 43 29 50 53 81 40 81 75 49 79 38 87 42 35 82 87 15 15 74 49 42 8 30 89 19 88 57 24 32 5 46 66
52 96 7 70 84 11 7 46 84 76 49 9 68 92 68 2 39 91 98 66 40 89 49 76 82 46 40 39 76 29 50 96 79 29 78 46 58 93 38 44 63 38 29 49 74 15 49 85 53 65 54 78 78 92 94 87 5 15 81 56 83 65 31 69 83 47 19 19 98 55 22 6 4 14 64 50 22 71 44 52 7 34 97 78 38 42 8 77 44 62
