60
3
68 28 54 43 69 28 55 96 52 9 18 64 87 74 4 78 8 94 9 39 55 91 94 2 17 81 28 99 18 3 19 2 89 60 23 38 94 15 53 42 90 62 54 57 32 41 60 86 87 12 17 46 34 17 50 57 11 36 5 80
37 98 26 18 8 25 14 10 8 97 32 70 20 36 46 65 27 1 99 55 86 77 70 89 70 98 80 64 86 34 25 60 91 67 49 23 6 54 100 51 36 13 92 88 3 13 60 35 15 57 18 43 3 53 33 72 57 84 11 52
51 3 16 81 24 60 68 51 46 8 3 39 77 23 26 89 15 75 52 21 62 88 13 64 85 13 32 42 64 35 55 31 88 51 25 49 97 42 85 66 71 94 89 37 23 100 55 63 56 45 79 29 22 91 71 95 89 11 98 61
94 67 61 78 42 59 19 30 14 41 96 80 84 51 85 12 17 27 90 57 81 56 63 76 39 48 59 82 35 28 28 11 3 37 51 44 39 7 36 20 41 37 69 19 87 34 87 72 68 52 18 44 87 97 86 15 83 27 38 32
35 41 93 46 80 34 10 49 64 7 5 73 52 61 32 96 74 22 100 50 75 10 44 64 17 78 10 12 60 60 99 32 40 68 32 40 18 64 58 55 12 42 80 78 74 30 12 91 42 75 76 91 21 93 67 81 5 36 95 50
64 47 77 52 45 65 54 77 96 29 39 10 55 52 50 30 4 35 28 33 37 23 99 99 89 44 77 45 90 72 14 33 32 78 66 30 74 86 72 17 7 76 81 30 21 32 90 91 10 85 59 23 20 15 75 87 85 91 14 83
38 53 57 41 13 20 53 63 53 25 64 68 41 74 10 70 72 30 91 51 51 48 35 19 2 70 89 97 12 14 45 29 45 66 29 60 37 78 29 39 89 26 74 82 79 79 5 44 32 1 41 37 73 98 70 29 63 96 58 92
97 6 40 11 13 4 2 70 85 28 6 89 9 48 92 81 13 62 20 1 68 97 22 39 80 12 82 45 71 46 38 48 91 83 65 70 50 48 39 84 71 15 90 8 76 69 82 79 25 50 99 41 34 18 56 8 31 91 14 96
93 70 75 62 69 1 87 30 77 36 77 79 50 22 6 14 51 92 11 66 8 44 20 92 52 15 44 89 100 28 80 15 41 76 7 38 53 23 96 81 61 10 25 6 58 57 86 56 17 46 59 61 66 55 5 100 37 41 64 26
45 7 50 65 29 88 42 86 6 18 84 33 21 28 12 2 97 92 92 51 23 47 4 95 84 46 33 88 29 68 22 56 32 97 54 98 39 11 26 99 49 53 98 15 98 37 58 89 90 74 50 84 24 33 21 37 66 37 55 17
80 84 16 100 61 5 92 54 55 27 58 59 40 99 28 81 48 67 50 49 44 51 14 10 32 84 5 42 6 24 31 5 24 25 19 59 54 95 82 84 65 92 46 31 92 22 35 5 10 14 76 17 60 59 44 52 33 51 40 23
5 22 66 41 71 20 30 53 23 34 18 24 76 3 59 40 88 51 49 82 29 87 46 19 61 71 61 92 57 52 65 54 35 97 69 32 13 31 38 85 83 19 17 10 10 15 78 34 41 81 77 100 90 24 9 4 85 81 31 58
64 66 45 98 34 82 13 17 67 66 82 100 80 62 83 95 65 94 22 14 24 46 48 89 81 3 43 44 4 80 45 87 68 62 85 59 10 51 15 51 53 59 92 26 27 73 66 43 98 4 32 59 39 86 63 4 44 22 8 4
97 26 44 77 2 96 93 1 54 77 23 18 91 79 34 79 52 84 96 97 67 86 66 6 27 56 3 61 66 13 36 61 38 4 34 79 20 66 73 9 85 26 70 82 23 48 45 41 76 50 55 94 14 75 38 72 30 74 47 11
96 98 8 48 30 64 70 9 92 90 57 26 55 59 60 70 31 28 30 17 8 36 56 50 28 76 54 24 21 27 13 95 7 46 59 52 23 59 91 30 83 98 77 95 39 32 9 70 4 64 2 63 55 34 43 97 58 63 34 66
45 32 24 47 26 86 18 35 54 53 9 60 13 45 65 98 72 26 18 16 11 17 99 60 96 66 44 99 20 20 55 58 9 68 45 27 84 43 43 60 41 10 1 58 9 38 45 69 25 46 15 62 98 56 70 77 79 35 18 62
95 80 14 9 85 24 44 74 14 90 21 8 61 14 24 16 68 64 46 89 86 70 48 6 53 35 55 86 18 31 78 23 5 24 71 99 25 17 32 61 13 45 21 52 26 58 89 25 4 84 30 93 19 2 44 53 30 63 63 81
83 18 37 31 57 42 94 96 67 24 44 90 56 10 53 94 75 35 45 100 14 31 77 83 22 58 44 60 71 76 4 2 19 55 80 14 28 69 20 35 94 58 15 40 53 100 22 93 11 87 45 5 65 26 59 70 10 24 69 84
22 41 4 44 81 72 62 96 1 81 21 46 37 44 50 98 88 50 5 3 64 42 46 83 98 85 7 50 73 85 7 47 54 50 69 31 62 12 60 51 33 6 29 42 33 98 61 27 35 60 96 96 60 86 97 55 65 65 10 11
14 14 84 55 59 10 70 80 3 57 94 79 82 95 67 51 6 32 6 92 72 2 60 60 38 90 14 28 46 33 68 60 8 50 76 45 87 36 94 98 17 49 67 53 98 94 90 37 63 75 93 57 80 6 15 52 72 93 43 37
31 71 49 25 38 2 89 59 66 19 12 67 25 4 11 90 82 37 11 94 67 13 98 85 37 44 38 5 60 59 11 27 29 52 3 51 24 3 35 13 56 90 40 94 88 29 56 31 28 47 8 54 91 40 16 54 97 100 30 42
57 94 83 86 31 82 5 39 34 4 8 82 4 48 58 64 40 94 31 26 87 90 48 73 56 58 48 4 76 96 12 75 16 69 25 12 66 47 39 49 63 12 13 41 38 9 17 21 39 41 64 86 80 13 45 80 89 2 67 64
33 75 15 44 39 84 66 41 96 70 90 39 91 11 54 68 55 60 78 85 54 53 82 54 97 81 68 66 44 42 38 48 55 88 60 35 41 66 74 3 47 59 94 39 44 16 56 96 59 82 9 80 45 93 42 31 75 12 93 2
6 70 97 17 86 82 46 93 26 31 42 80 71 89 88 32 92 98 26 52 20 90 3 51 13 65 87 69 4 72 66 17 17 52 31 75 34 14 30 34 67 8 10 41 100 61 80 2 69 57 26 38 96 7 14 66 28 84 46 1
34 99 35 44 35 31 6 55 31 50 65 2 100 32 41 55 69 97 17 95 35 90 96 34 24 10 28 64 44 66 48 43 55 82 67 79 74 16 55 91 32 34 66 93 89 73 29 47 92 45 73 50 14 1 80 67 54 100 63 73
53 10 29 85 26 66 64 93 49 48 4 80 37 33 38 85 40 36 19 71 11 100 97 90 63 91 56 1 96 97 57 82 15 47 93 79 37 75 69 95 99 13 1 34 50 19 17 95 66 10 41 84 29 71 100 96 15 79 39 99
41 21 23 46 49 11 43 31 43 19 34 48 24 2 12 7 66 94 20 48 64 40 97 81 58 98 13 57 50 97 38 23 69 88 98 68 64 75 47 78 37 37 65 42 22 72 71 97 9 75 43 60 23 99 17 71 45 68 98 44
20 28 13 1 97 75 77 83 15 43 68 59 77 25 37 3 36 11 35 22 2 81 94 88 8 45 11 34 90 78 11 2 14 4 42 99 19 62 73 38 72 42 32 40 55 89 12 5 52 99 56 25 51 21 44 74 96 83 6 15
66 10 98 76 10 16 39 42 53 27 70 92 12 60 68 55 39 46 21 51 75 30 49 2 98 80 97 18 24 60 74 3 11 22 89 12 47 92 93 41 43 57 80 18 54 57 39 33 38 59 95 90 35 73 37 27 24 74 50 3
39 86 8 54 14 34 5 8 84 33 5 75 52 29 10 23 2 49 99 53 65 63 83 94 2 70 13 36 43 94 16 56 90 46 41 24 24 40 16 6 66 40 98 3 99 45 63 55 22 58 22 6 39 28 18 40 59 70 89 100
43 64 81 28 80 38 64 60 22 2 98 16 80 23 39 36 39 56 26 39 8 45 63 28 24 44 83 34 32 33 51 98 14 70 1 96 68 45 48 23 67 41 68 22 100 16 22 100 78 75 65 20 23 98 82 43 53 62 39 13
84 72 99 58 32 91 24 41 24 59 18 12 26 57 12 10 72 95 73 95 36 62 48 25 97 74 94 85 19 8 81 63 34 71 8 40 31 10 90 23 98 37 2 81 88 44 49 1 56 98 43 52 24 61 98 12 98 58 32 36
11 63 5 32 43 30 54 92 81 10 100 98 73 56 22 64 80 85 11 96 34 47 88 15 62 98 33 34 17 45 31 31 74 60 57 20 21 76 72 66 49 59 68 32 5 23 89 11 16 51 23 97 49 72 92 94 54 91 7 100
77 82 48 20 52 21 4 11 26 24 97 6 93 59 98 68 56 46 22 19 89 91 50 2 77 16 18 49 52 33 86 91 84 46 31 12 23 21 35 10 95 48 1 74 94 17 5 82 4 4 33 98 23 8 62 65 80 35 40 73
5 17 53 99 82 95 95 28 100 56 45 35 86 38 86 50 14 26 52 49 75 32 94 100 66 96 93 94 5 90 59 83 63 29 53 77 1 31 35 81 9 59 38 64 34 77 23 11 68 96 40 3 46 17 90 93 82 70 32 30
37 85 81 30 42 34 100 21 51 31 98 19 8 90 17 1 73 81 4 70 83 1 49 10 5 9 87 7 43 69 74 50 69 4 5 44 63 15 21 60 76 14 13 42 40 97 11 86 11 81 36 82 86 51 9 35 28 49 60 62
95 86 51 91 43 39 56 52 12 38 41 19 70 92 75 25 66 37 54 41 18 28 24 21 31 40 75 77 24 76 19 72 78 53 27 62 11 57 40 11 4 82 53 11 1 84 93 34 54 40 47 85 79 96 40 71 40 56 73 87
60 19 76 19 55 74 98 65 60 31 59 4 98 11 30 2 33 81 63 78 68 19 55 98 64 15 40 83 3 45 54 62 15 33 32 72 69 4 69 42 39 74 13 14 19 40 21 78 11 81 38 3 83 62 80 11 68 54 52 71
57 41 23 49 11 41 75 32 57 32 48 49 93 48 44 55 65 63 21 59 100 20 72 92 44 94 78 9 71 44 22 19 8 16 2 47 60 52 94 73 94 14 77 79 73 96 60 3 16 86 94 5 98 94 21 69 90 25 92 10
57 82 78 84 99 13 28 60 22 32 11 15 30 31 78 74 95 88 84 34 57 8 6 71 17 26 94 90 28 44 79 81 92 55 89 90 96 100 85 74 44 10 79 48 89 46 35 53 19 86 61 39 86 15 74 96 69 7 69 66
75 38 72 53 87 42 24 81 11 55 65 17 65 84 94 81 96 47 99 50 95 58 3 11 70 26 59 81 16 44 80 65 47 47 15 36 44 84 100 60 25 76 18 57 38 89 14 87 50 60 33 51 48 7 72 76 62 57 37 88
27 97 85 51 49 21 93 67 92 75 13 38 14 3 68 11 33 25 73 74 13 19 42 96 58 82 74 18 11 75 83 96 63 88 22 9 26 74 20 50 80 7 100 97 41 43 52 22 94 85 7 6 55 51 18 53 39 5 98 78
46 96 71 22 48 24 81 9 38 56 10 19 71 10 22 86 31 67 94 62 28 37 2 42 7 44 79 94 21 27 96 30 70 83 2 81 81 37 79 45 78 80 61 43 92 83 85 20 88 66 21 64 44 15 97 31 60 18 2 28
75 74 36 51 64 88 35 89 34 96 4 86 37 52 23 21 73 20 33 66 80 9 40 75 79 63 4 66 13 18 87 35 61 96 78 45 5 82 5 96 88 67 27 69 61 92 36 35 99 9 90 60 7 28 62 72 46 10 25 2
85 16 59 75 98 54 21 41 89 3 31 91 14 38 38 16 57 85 89 84 63 94 27 90 4 85 20 11 49 43 53 75 86 71 83 54 40 19 5 98 10 46 85 43 3 60 55 73 28 91 71 7 97 85 10 90 80 11 46 75
100 52 4 34 43 48 64 15 50 13 18 85 77 90 89 12 42 33 62 26 12 62 40 57 59 16 93 58 92 82 72 100 43 82 79 10 2 46 86 57 27 1 20 65 99 9 94 20 54 53 55 63 27 21 18 91 28 31 74 10
79 99 40 95 22 63 69 22 87 61 11 87 34 24 100 91 88 5 12 44 93 37 7 61 85 61 87 41 48 72 89 8 14 59 8 82 100 39 32 68 40 68 74 6 78 35 19 61 1 9 65 72 44 11 47 11 35 46 29 57
69 27 47 69 91 51 85 86 98 60 68 14 15 6 31 16 98 54 77 41 8 29 50 48 58 22 90 72 21 73 32 77 94 30 99 8 34 65 34 86 76 57 23 83 76 11 2 4 43 47 31 68 58 83 79 14 5 40 78 61
68 65 24 70 49 35 49 73 12 98 66 5 71 98 73 95 72 89 48 70 45 23 92 30 85 18 50 17 30 36 6 21 82 76 36 64 13 82 68 51 32 74 62 85 94 21 85 34 24 22 20 89 35 49 90 5 62 5 99 45
29 87 56 33 29 100 5 84 14 81 8 63 58 59 72 61 4 36 56 54 51 4 86 73 38 95 74 77 32 1 5 74 33 33 74 97 78 85 58 67 40 78 11 12 32 69 59 44 5 84 1 98 26 91 85 60 24 83 29 53
97 53 40 45 56 79 59 27 33 53 1 24 33 69 85 8 43 80 71 95 28 78 76 27 22 65 30 91 54 33 10 66 20 54 41 52 23 91 95 37 47 80 45 35 82 66 6 25 56 76 31 30 49 94 99 22 4 49 34 48
33 27 67 87 48 11 35 50 16 65 58 58 100 90 17 86 67 57 11 11 84 72 23 61 13 9 53 43 16 77 32 26 79 16 27 12 73 41 29 67 74 40 32 79 91 100 5 85 27 58 61 96 31 53 80 91 52 48 76 5
81 78 55 20 70 48 96 44 85 24 53 22 31 18 19 45 29 70 3 88 20 83 5 36 45 27 37 20 98 68 62 91 35 24 6 13 10 71 75 19 16 49 47 70 21 12 77 77 75 72 21 11 41 47 76 81 57 84 70 93
92 71 48 74 88 65 97 63 24 62 2 20 29 63 15 11 67 26 18 5 16 70 81 26 89 88 26 17 17 14 39 26 100 75 11 80 29 56 76 12 94 56 44 96 47 77 57 66 5 31 1 76 84 33 26 95 16 8 3 11
58 92 17 1 77 21 93 22 44 35 23 48 94 43 15 48 65 10 71 3 60 36 56 78 29 13 14 94 53 52 69 61 8 96 8 95 57 69 100 25 15 29 43 26 12 98 60 32 80 2 16 3 60 34 56 77 8 79 32 18
81 54 70 15 8 71 68 76 82 48 22 4 62 42 4 15 79 45 93 22 27 89 89 25 35 12 93 59 30 36 70 74 98 21 5 58 37 66 41 12 40 98 89 67 21 58 83 16 31 80 12 32 20 85 13 83 29 55 25 9
4 70 30 94 7 79 58 67 75 93 49 29 86 51 47 93 80 8 32 3 49 92 30 13 27 58 17 21 58 27 35 72 85 21 50 57 8 79 22 92 76 69 37 54 77 49 93 50 96 43 83 80 14 23 36 79 25 84 38 36
50 5 65 65 68 83 84 74 62 22 71 45 14 46 11 5 80 29 60 58 74 11 69 67 66 99 26 89 16 83 52 94 57 79 58 51 23 78 60 11 32 29 19 50 64 3 44 3 36 93 96 68 68 85 36 69 33 80 93 62
65 1 25 96 13 28 70 9 40 28 48 62 81 58 47 26 63 14 11 27 58 8 82 71 16 73 78 97 53 7 81 7 9 69 65 57 82 59 51 54 84 96 5 42 17 36 67 62 47 59 23 2 33 94 66 84 13 98 58 22
45 78 47 53 24 20 95 83 3 88 41 34 21 75 50 19 3 17 30 95 11 59 89 34 73 80 4 14 97 49 65 34 16 2 58 77 30 94 73 2 32 44 15 32 52 35 57 67 90 52 68 55 56 58 28 1 15 52 65 75
25 43 38 32 77 98 35 33 56 17 68 53 3 47 51 22 76 15 38 14 52 47 70 90 21 86 81 55 84 34 68 52 43 38 38 42 20 72 75 72 66 48 77 44 36 14 38 7 78 6 74 61 97 15 4 78 30 17 49 28
88 87 48 7 13 72 74 13 12 71 11 73 1 16 66 42 35 78 81 50 31 94 7 13 79 84 67 1 53 94 47 66 47 65 74 43 32 76 32 80 4 71 33 32 75 85 75 83 44 72 53 3 95 84 8 100 43 59 8 8
52 94 44 43 27 24 19 42 3 53 35 37 45 15 99 39 7 47 42 88 31 43 91 51 51 19 29 5 7 17 58 52 39 15 5 44 93 35 52 62 79 43 76 66 89 45 34 33 66 94 99 79 52 37 29 70 42 70 3 74
47 46 66 32 61 73 65 35 3 84 97 93 7 98 96 48 73 48 82 67 98 5 40 15 15 18 91 36 66 35 69 86 48 7 79 78 89 80 54 41 17 84 8 25 31 82 38 53 32 29 57 72 88 22 24 46 6 36 12 19
59 19 84 9 75 82 88 90 100 98 98 30 22 97 75 68 45 51 32 39 5 53 41 82 12 72 93 23 2 91 19 61 73 59 79 2 77 69 13 70 97 46 34 70 40 54 38 95 29 87 9 73 98 70 100 65 37 28 80 41
39 90 58 84 24 14 96 22 24 19 60 94 95 58 6 78 90 74 3 86 39 27 54 12 19 64 34 86 69 65 32 55 25 32 75 6 66 1 15 68 73 26 14 45 35 55 75 94 60 12 81 4 68 12 17 42 40 56 21 65
13 87 66 59 67 87 63 94 1 94 4 11 11 1 34 55 90 40 61 39 40 8 64 28 85 45 93 98 75 79 39 75 15 36 75 36 5 17 98 87 9 48 62 33 16 49 46 77 24 46 89 93 29 14 19 100 81 36 37 52
20 78 24 10 98 11 56 60 10 4 23 13 74 10 89 21 53 93 33 24 94 69 23 99 11 55 9 59 54 60 56 14 72 62 38 49 14 59 22 27 61 86 90 9 68 78 67 78 97 12 9 51 51 79 84 6 100 10 95 100
46 81 24 54 3 30 1 50 2 26 26 18 52 65 29 100 52 11 100 29 44 51 97 36 33 23 76 22 67 99 10 95 56 21 42 48 19 59 79 58 12 59 80 26 54 92 94 56 19 14 67 87 29 2 49 6 36 33 30 45
92 14 50 57 69 62 49 38 45 67 56 62 60 6 95 94 78 61 86 74 100 10 6 84 3 55 95 64 13 18 39 99 99 10 29 93 56 91 61 34 60 83 42 16 34 24 17 11 44 61 63 91 88 71 36 12 64 82 39 93
30 23 33 97 3 7 25 38 52 51 22 90 54 58 59 58 43 53 27 18 63 45 70 25 18 48 23 66 17 59 85 95 48 11 4 61 70 69 4 14 51 73 74 41 74 64 30 59 71 95 10 24 87 99 46 43 63 15 51 53
96 25 11 59 73 49 33 99 90 55 52 1 59 87 20 23 23 21 86 67 35 68 97 12 33 85 72 90 63 94 7 82 51 30 44 80 49 4 37 58 73 88 27 24 63 80 98 9 34 72 32 26 95 90 64 70 8 73 43 35
41 48 63 61 84 46 67 95 34 65 53 38 5 24 70 18 70 2 91 85 6 98 22 59 42 83 28 97 63 8 53 5 82 93 29 61 67 5 71 72 9 44 37 78 47 7 30 63 27 95 17 85 34 60 56 83 33 89 4 75
57 10 86 78 66 55 99 72 36 55 70 78 8 37 93 67 85 14 66 97 76 10 68 14 65 26 96 54 7 72 68 64 88 42 13 85 88 13 81 18 12 22 5 5 78 99 36 17 99 87 74 6 84 26 8 37 29 12 45 38
92 99 95 66 79 48 84 81 12 9 78 56 97 60 15 48 73 3 13 50 6 81 66 26 72 21 83 28 82 94 22 62 40 89 51 29 41 46 53 77 77 69 35 25 65 89 56 43 84 60 18 21 4 2 63 7 96 71 75 73
97 24 15 37 4 86 79 69 20 23 26 43 71 96 45 30 22 39 97 99 91 3 72 78 96 63 27 49 10 13 35 36 34 31 14 28 49 62 98 17 39 15 55 66 94 23 40 84 91 16 51 64 33 22 89 94 95 2 46 14
65 72 79 11 26 32 9 75 67 95 48 36 65 71 47 9 92 45 42 84 35 67 32 8 49 17 49 66 86 53 75 99 98 9 13 20 60 89 65 99 99 48 29 94 99 40 24 63 73 16 7 51 45 98 37 63 85 51 8 34
18 61 88 7 15 29 66 22 7 100 100 8 92 11 54 50 4 68 32 31 64 50 85 8 95 21 91 9 4 63 30 58 51 85 49 66 90 44 56 44 72 49 59 98 36 68 98 58 52 84 50 58 68 17 17 34 50 63 79 88
76 54 76 33 41 46 51 98 36 94 86 40 78 4 98 86 71 87 65 83 69 47 54 77 5 99 9 75 88 80 50 34 98 84 13 55 59 93 91 49 45 39 41 6 82 72 73 30 35 97 71 8 31 46 39 52 44 20 59 66
18 2 87 33 56 80 35 89 21 34 29 23 1 49 93 42 5 76 49 6 77 22 76 68 90 32 75 77 55 48 97 21 19 83 94 81 23 60 89 30 71 19 50 44 98 36 83 80 78 14 31 54 65 70 86 71 58 44 24 12
5 71 78 10 30 48 32 49 40 63 11 67 85 40 43 40 96 11 82 9 78 66 16 16 20 100 59 89 64 23 74 67 98 8 68 4 72 2 63 3 24 87 79 11 1 42 8 9 95 49 48 25 70 26 1 79 9 24 78 33
52 32 96 56 67 7 51 69 19 67 85 26 47 56 7 97 42 69 49 76 69 72 64 47 91 27 87 46 11 95 26 50 78 64 79 81 85 81 53 23 68 36 50 87 71 95 32 25 10 98 64 29 26 11 85 52 2 27 37 85
99 52 5 81 33 81 38 34 50 70 46 63 37 64 59 50 32 97 37 32 4 72 99 91 77 78 1 30 48 95 80 19 81 99 71 4 9 49 49 92 52 2 99 22 38 33 33 99 41 86 97 96 73 5 71 45 21 8 27 88
21 69 54 41 21 8 46 85 30 19 45 33 3 21 10 72 72 24 59 59 81 43 43 55 13 92 4 41 5 74 43 99 44 8 70 100 15 25 81 58 34 36 74 49 24 41 75 92 15 97 70 73 18 80 90 48 80 45 91 5
3 81 64 71 1 9 48 46 72 62 36 30 70 41 66 10 55 21 2 22 43 21 71 34 18 45 72 42 66 72 86 78 85 75 99 3 99 38 53 66 73 55 36 95 93 98 35 21 33 4 23 44 44 43 21 71 62 22 25 35
55 28 72 72 71 19 26 45 62 94 43 66 77 37 96 62 36 83 60 13 70 47 37 20 21 24 7 36 71 35 31 74 47 27 57 1 18 11 45 67 50 70 29 74 69 3 23 78 88 51 48 59 78 47 16 86 40 61 46 42
26 92 90 31 94 86 86 73 4 42 73 43 30 54 89 43 17 86 70 24 5 92 86 53 75 93 11 99 76 9 6 52 41 3 67 24 79 51 90 34 65 86 78 39 75 38 78 22 69 8 54 25 32 49 7 10 84 57 13 60
31 35 60 51 75 9 36 99 51 20 16 23 21 6 45 12 23 93 50 50 75 30 92 12 40 45 18 5 5 69 58 46 97 15 4 100 99 89 12 33 94 54 2 41 49 73 48 24 67 38 72 5 89 16 97 5 22 77 7 70
83 48 77 1 78 64 78 100 90 51 70 46 50 15 49 98 3 16 56 25 7 73 91 12 69 5 83 82 55 19 10 40 31 84 50 64 27 35 7 40 7 90 58 90 65 42 26 36 18 49 77 97 98 38 49 30 22 38 17 10
47 51 71 90 47 45 4 4 23 2 36 18 26 29 13 8 70 23 79 32 73 12 51 26 7 86 51 96 61 11 60 80 33 98 40 56 4 9 99 74 62 36 66 21 33 77 99 78 79 66 66 89 93 86 94 43 100 73 52 89
84 50 42 22 51 95 26 47 31 40 13 13 27 80 74 5 21 21 5 96 21 49 66 35 97 90 32 27 74 58 9 85 66 48 65 96 52 74 32 95 72 88 57 86 64 64 60 8 19 76 31 52 32 68 53 55 43 88 78 4
32 85 32 61 90 78 59 50 73 36 16 53 67 25 71 21 9 84 85 38 86 90 42 98 27 23 76 42 78 61 6 96 4 66 47 58 81 61 9 9 46 19 79 51 11 28 100 31 63 95 59 39 32 29 19 23 64 50 28 22
55 71 65 4 31 30 92 35 10 57 58 31 97 39 91 50 56 35 31 23 84 23 62 88 6 17 11 96 8 67 2 11 42 8 56 20 6 74 57 71 65 79 89 95 100 90 78 50 48 39 95 62 41 44 92 15 11 91 34 96
66 58 5 18 81 85 67 12 20 37 7 18 41 90 44 67 80 28 8 85 10 57 9 60 49 4 81 14 15 22 95 72 43 2 2 70 51 68 99 46 41 38 20 89 68 23 60 38 66 11 85 60 61 54 53 96 68 73 21 75
20 4 72 45 65 13 37 4 43 15 58 60 81 26 55 66 41 30 9 10 73 67 71 26 28 71 76 43 5 85 67 70 100 6 85 22 9 66 73 45 58 35 48 11 26 87 58 53 38 51 61 92 69 25 74 87 65 1 59 60
99 77 50 28 12 23 92 45 85 84 93 11 75 69 56 49 83 94 12 72 88 60 7 80 66 41 35 4 36 63 48 65 4 27 34 76 67 95 52 18 4 71 37 95 12 100 11 93 79 85 91 57 52 14 83 96 10 34 61 41
20 2 14 8 93 95 37 17 28 66 89 29 80 85 55 14 25 58 30 36 80 2 94 3 78 46 99 73 96 62 36 100 8 86 11 85 50 100 37 21 71 32 34 68 32 1 19 23 50 96 71 1 36 48 25 85 56 11 65 69
62 37 44 74 93 92 3 33 94 63 22 55 84 55 17 71 17 31 72 36 99 37 70 85 68 90 35 27 75 22 17 24 48 10 18 22 37 42 75 13 48 42 22 92 38 75 75 99 16 1 78 76 52 57 4 89 39 61 89 15
26 39 91 81 89 2 89 75 72 34 16 81 35 11 37 32 1 86 12 32 39 9 87 35 55 42 57 33 71 86 84 46 59 11 7 51 78 90 31 79 82 25 38 47 33 53 8 81 90 45 9 76 97 3 54 8 82 28 93 68
49 36 26 78 17 15 96 59 60 99 2 65 35 43 86 38 69 90 26 11 90 90 2 13 5 66 36 77 94 52 87 49 66 40 98 33 95 94 72 7 8 69 4 78 87 79 23 19 76 61 28 82 56 25 18 17 27 75 64 86
61 53 31 32 36 10 82 67 9 78 35 25 84 19 97 90 74 50 42 38 45 61 23 71 62 46 77 10 4 45 96 67 61 36 35 58 3 29 28 8 43 29 79 79 87 50 2 54 96 69 38 16 9 16 30 82 24 45 9 82
40 41 42 27 1 58 37 71 24 83 85 61 96 27 28 79 7 56 33 21 15 4 42 92 68 82 27 9 36 37 92 13 3 15 99 21 22 93 12 97 77 47 84 68 35 38 80 74 19 42 90 67 28 36 11 35 29 53 78 91
29 50 70 82 94 2 88 88 70 83 49 49 42 84 81 76 71 26 52 85 60 67 57 55 67 92 75 42 72 10 56 5 11 2 93 87 59 16 38 97 56 4 3 38 54 85 49 4 46 61 39 76 38 9 18 59 98 33 48 99
37 63 93 38 94 22 30 39 57 28 4 12 60 43 60 57 66 58 43 1 38 58 13 19 27 6 70 13 9 65 41 33 72 12 85 48 69 42 18 71 13 35 96 3 4 47 23 47 18 24 80 64 99 64 10 80 97 57 82 100
50 80 51 52 67 5 45 67 51 91 85 30 80 23 93 80 79 59 32 61 5 63 85 96 64 61 34 58 96 46 65 70 10 33 5 94 40 67 16 41 19 51 57 74 41 18 44 41 77 68 26 73 37 73 70 99 47 52 70 89
87 43 84 23 70 32 39 8 27 79 88 63 3 20 14 9 99 38 56 38 13 22 42 53 30 54 92 23 39 11 65 25 16 45 51 23 75 86 36 14 75 52 18 31 8 84 80 17 15 85 62 66 97 70 79 30 70 34 61 96
56 88 80 43 50 65 97 5 86 47 29 70 15 80 19 92 40 17 3 43 94 52 51 91 77 7 6 85 20 29 46 40 74 56 10 80 47 69 48 10 7 58 24 41 92 63 9 31 35 25 17 48 84 12 69 97 36 55 87 14
68 82 75 58 87 53 22 63 31 75 92 29 54 62 7 15 37 27 61 50 78 51 33 46 96 73 86 39 1 32 69 65 55 30 70 56 10 86 93 89 80 4 88 65 67 12 58 78 98 49 18 28 24 59 46 98 82 95 51 58
3 99 9 83 86 31 98 76 99 64 1 12 92 3 48 74 40 10 71 61 61 55 34 76 97 39 32 15 78 14 72 73 42 89 27 50 89 8 74 100 13 85 78 75 93 65 67 23 42 76 25 7 91 19 69 28 61 53 8 95
54 41 9 99 54 43 86 32 1 68 63 31 48 17 44 18 74 24 41 71 33 77 77 31 24 25 9 14 50 62 50 56 75 42 57 84 64 6 73 95 43 58 47 22 76 53 60 41 73 57 40 93 93 92 23 52 7 58 84 18
38 3 4 60 38 50 45 22 61 35 21 95 21 27 46 84 36 49 2 44 79 47 89 32 88 76 51 84 14 94 72 55 27 27 67 72 71 28 21 42 85 84 15 63 26 50 94 44 67 45 63 56 9 38 35 28 40 54 68 1
11 73 60 40 68 23 89 86 17 61 2 26 55 77 44 31 81 11 53 34 11 15 91 17 43 83 73 42 42 51 86 91 1 41 53 24 88 12 73 46 65 70 62 10 19 19 44 38 29 40 83 39 63 27 77 70 47 37 32 65
24 3 22 25 93 40 38 9 80 14 50 98 57 23 74 14 67 97 26 86 49 39 37 37 40 3 11 60 20 9 31 57 12 84 25 94 68 36 95 62 40 82 5 53 85 80 89 42 13 68 2 4 64 13 80 57 86 74 12 35
27 96 50 43 81 15 91 28 19 47 56 53 40 11 62 42 27 83 13 90 32 84 36 57 24 59 47 29 34 43 77 64 57 15 100 28 42 11 1 3 76 9 45 91 55 45 82 76 13 74 11 39 25 23 50 67 67 71 79 46
63 69 8 43 41 1 4 86 91 55 97 32 8 90 93 88 45 44 18 9 74 39 51 7 51 10 51 78 27 8 36 78 91 54 48 56 42 84 73 77 5 56 6 90 76 23 75 65 76 48 39 3 48 12 67 34 24 54 44 33
22 100 40 63 32 31 76 56 26 7 36 85 76 45 2 13 44 28 72 85 29 95 3 23 5 71 55 63 32 79 90 75 15 72 81 69 41 75 13 29 85 92 14 8 18 53 36 22 21 33 35 95 31 39 94 18 42 68 63 29
8 15 33 68 51 14 28 78 29 56 20 96 35 42 63 9 40 77 68 72 73 63 93 7 34 9 48 24 39 92 36 99 86 100 43 25 28 91 13 5 61 46 9 27 27 45 92 72 7 57 11 22 52 27 71 28 40 59 23 11
14 76 39 82 43 71 29 89 28 80 88 3 75 62 73 57 15 64 15 98 57 31 28 2 65 87 69 64 10 36 69 56 32 93 55 99 95 17 96 4 37 42 66 98 76 65 28 89 20 80 96 82 76 94 63 16 2 87 82 97
67 59 83 67 79 43 44 19 90 20 52 84 7 41 81 73 13 83 7 31 44 74 32 75 32 1 5 10 20 13 7 54 13 99 37 52 26 20 59 50 100 74 12 35 12 94 23 26 28 28 45 95 87 93 65 96 58 48 11 25
8 86 16 6 63 11 40 78 17 11 80 17 35 7 28 12 87 48 39 47 71 52 5 28 51 48 70 51 99 47 12 1 72 51 50 43 77 85 15 64 96 4 96 85 82 12 53 86 30 83 73 77 14 8 56 43 25 12 24 23
46 27 51 79 44 43 56 100 69 46 43 91 10 29 78 58 8 46 17 12 90 78 42 100 2 51 32 63 40 45 2 32 77 54 3 12 48 23 99 47 47 35 23 85 83 31 44 42 71 78 8 50 49 32 58 76 79 40 98 55
6 26 49 31 92 12 21 1 93 27 18 37 78 60 96 97 20 26 76 85 68 35 90 41 99 62 84 11 14 85 13 11 94 19 1 44 8 81 21 40 6 94 31 77 63 23 53 42 64 92 95 56 30 99 94 79 81 88 85 19
98 80 66 18 78 1 65 97 9 39 4 26 37 78 79 24 90 50 3 2 59 31 60 60 1 72 90 77 7 79 89 50 73 87 23 41 69 18 30 1 71 22 6 62 35 67 10 10 95 88 31 14 29 79 88 28 19 62 63 48
90 44 76 41 45 35 7 55 34 36 50 69 96 86 24 43 7 1 9 32 69 86 84 90 1 68 59 84 97 11 40 32 78 16 82 100 64 76 4 42 3 8 54 43 67 63 64 45 96 25 2 53 93 63 34 95 31 80 98 41
58 44 79 91 22 56 49 53 8 63 36 6 14 70 24 73 8 22 51 88 29 71 70 35 54 45 88 17 21 62 67 53 31 7 25 62 27 88 89 45 9 4 60 90 25 30 80 16 25 7 12 55 23 87 28 10 72 92 60 33
26 8 22 98 70 24 71 91 82 1 88 81 21 54 85 65 88 91 83 63 41 99 38 42 41 73 69 49 72 30 73 17 25 5 27 4 88 62 3 30 65 40 68 58 54 68 46 39 25 68 59 18 27 30 2 1 2 84 25 32
49 81 78 1 97 95 45 60 57 14 44 60 80 33 54 78 97 70 16 15 89 21 8 81 7 46 22 3 29 72 46 46 66 77 79 19 85 79 52 45 47 28 96 13 11 33 60 28 58 32 62 79 21 21 7 44 4 90 56 81
90 54 59 90 88 48 21 61 16 66 29 68 97 48 40 70 78 41 20 48 37 90 63 63 21 3 97 64 23 96 80 60 89 38 80 16 6 65 35 23 42 94 23 44 88 20 76 69 84 67 35 30 73 72 53 88 27 87 72 58
6 63 90 26 88 14 43 15 16 71 51 9 99 68 39 89 76 79 93 72 10 54 66 34 15 62 89 53 82 94 65 60 92 61 30 54 65 31 33 91 86 92 30 5 10 35 81 24 59 24 63 86 82 99 77 81 98 84 68 54
44 53 97 51 55 4 67 72 37 48 86 58 98 93 22 4 96 76 17 63 70 99 35 16 91 55 90 99 10 22 56 8 33 56 82 51 68 32 69 66 78 37 32 3 79 16 24 17 52 65 17 83 50 30 89 9 74 29 87 95
29 87 5 54 84 57 26 36 14 70 97 22 30 95 86 53 53 30 82 30 2 66 98 30 43 85 92 90 16 45 74 84 27 15 57 51 30 70 38 38 8 74 63 95 29 47 47 72 25 55 100 48 75 2 4 85 52 41 28 32
43 73 98 19 60 43 47 70 89 79 2 4 91 36 41 37 81 96 5 56 52 8 40 37 92 25 48 5 84 33 57 16 85 8 76 57 64 53 16 33 42 50 61 45 21 40 14 26 35 75 47 76 45 97 27 38 47 56 64 19
68 21 76 11 22 17 23 49 78 22 22 86 16 31 79 33 73 73 83 72 23 83 46 18 78 80 63 62 8 96 71 1 98 99 40 1 94 10 30 97 1 50 67 83 19 99 76 10 37 46 66 50 36 70 85 8 45 54 38 7
84 82 86 85 26 74 94 58 5 98 23 16 87 25 31 14 63 54 27 94 67 14 23 26 12 24 44 69 88 88 22 39 59 50 89 72 88 79 90 92 53 2 33 4 9 89 60 88 45 48 89 59 34 10 49 70 34 4 5 36
29 34 84 85 51 31 65 46 22 2 84 42 15 53 31 11 65 40 23 57 76 23 14 7 62 71 58 28 63 65 30 34 61 66 4 61 75 12 96 74 5 2 10 90 83 77 82 81 14 87 13 30 95 28 17 75 85 44 49 16
34 1 39 7 56 85 44 48 95 72 1 2 82 1 80 53 42 7 3 99 56 100 58 85 72 66 32 55 49 20 72 69 62 97 34 64 84 35 50 59 87 10 10 4 65 68 78 72 11 94 42 81 33 25 56 53 41 82 96 92
43 72 1 47 57 63 60 48 3 38 60 94 15 78 99 47 98 38 60 70 57 55 85 93 37 30 4 26 15 21 86 23 53 62 20 96 27 18 68 31 8 90 9 12 29 43 88 52 78 15 94 30 90 36 97 46 1 80 22 28
32 62 47 87 99 80 6 77 95 100 94 52 74 63 62 25 20 1 81 33 14 18 8 93 69 94 70 20 50 78 49 14 78 22 24 29 66 74 98 45 81 93 41 100 1 72 63 39 68 48 86 18 92 83 40 12 44 3 98 40
93 65 8 75 1 84 23 2 96 68 45 38 52 7 52 100 60 50 33 52 59 35 88 66 85 50 11 74 27 86 75 29 63 49 86 38 17 59 96 57 50 65 31 66 27 73 50 15 85 47 94 13 6 25 3 51 79 70 42 71
92 20 62 66 72 90 36 98 56 87 7 49 42 55 69 58 97 15 45 74 37 10 31 35 85 87 82 68 82 47 8 61 57 62 97 74 43 31 1 52 4 66 45 80 51 33 76 80 6 38 90 2 75 100 32 54 18 67 41 3
84 98 70 98 36 49 14 66 59 70 17 61 75 88 35 89 63 93 24 42 8 37 90 63 5 50 30 74 74 53 42 22 41 64 31 25 43 80 62 40 47 12 19 22 66 89 46 71 49 72 53 59 45 71 16 43 26 49 33 2
23 74 85 49 4 27 68 25 90 11 29 18 65 96 75 1 52 59 75 17 6 51 97 88 95 29 100 29 78 88 98 72 25 94 31 68 80 67 67 14 90 25 73 63 89 40 88 64 30 68 71 77 6 17 46 72 25 5 16 86
60 67 57 51 61 37 11 42 52 45 70 9 32 45 16 30 18 26 26 72 41 45 37 53 18 24 13 16 7 30 96 32 91 42 54 91 46 76 89 33 55 88 53 58 79 71 70 63 100 76 60 15 59 50 6 80 4 7 14 4
87 62 97 63 36 42 8 6 64 65 30 60 77 89 86 73 73 73 86 43 56 88 9 11 75 66 71 49 87 94 14 95 99 81 82 31 99 91 48 89 54 96 37 60 92 1 74 46 26 59 59 26 96 4 74 25 19 92 87 95
65 64 31 26 89 65 48 76 20 47 4 7 3 28 63 31 81 87 7 96 70 34 40 10 10 39 9 30 80 61 16 77 73 75 72 3 75 45 89 50 25 46 94 3 90 11 70 82 77 75 83 54 1 89 82 76 16 4 3 54
34 9 21 9 32 10 98 55 96 31 94 62 27 95 2 24 29 16 95 47 91 6 25 17 90 59 28 58 42 89 50 64 79 72 46 40 76 84 92 67 79 2 78 71 65 84 24 27 64 76 67 3 54 40 61 30 67 23 20 6
4 53 3 94 71 21 36 11 77 34 90 18 82 23 33 85 59 12 62 22 3 69 1 24 26 56 88 18 70 72 56 20 43 46 98 1 21 30 20 49 2 93 70 32 56 56 4 22 8 30 75 37 52 34 14 12 76 18 28 81
75 29 20 43 66 12 93 75 69 76 15 54 47 76 3 60 81 10 20 73 69 53 58 78 73 23 51 12 14 42 80 17 16 31 16 49 63 40 92 58 81 38 15 21 11 41 87 5 48 66 69 82 99 53 9 72 98 15 89 34
69 92 2 71 75 10 100 33 24 91 62 79 8 68 48 41 13 10 4 77 37 48 84 35 55 9 94 5 18 76 6 22 49 91 44 44 18 89 63 78 33 10 11 17 28 72 8 44 3 71 9 5 71 4 71 100 27 84 21 33
20 47 69 9 58 88 10 88 67 90 87 88 35 75 27 27 77 99 97 67 37 32 14 82 38 29 93 30 23 49 82 50 48 29 59 29 68 61 99 62 75 43 70 41 85 90 83 55 88 40 16 32 30 39 40 41 30 38 31 79
44 65 32 37 19 64 38 30 31 45 41 82 22 58 81 74 1 42 93 33 59 4 26 50 11 35 77 22 27 89 72 12 23 85 80 64 7 25 2 99 6 79 72 37 96 81 92 21 15 24 18 93 26 98 19 39 80 99 15 59
90 59 43 12 44 15 26 40 51 84 33 79 43 59 20 55 39 13 49 82 97 59 64 33 28 77 4 72 90 40 8 24 67 33 100 57 73 27 89 91 70 91 50 12 32 37 9 8 81 70 28 90 60 45 36 97 4 42 36 79
76 80 86 39 74 48 32 23 84 75 54 18 76 25 41 26 45 40 75 18 54 45 63 15 72 55 92 63 84 60 23 67 52 10 4 65 85 43 38 4 64 70 65 38 93 70 6 68 78 18 35 59 81 9 2 71 21 7 62 94
19 3 93 88 90 46 2 48 28 5 62 19 16 91 5 6 28 31 89 48 48 66 21 36 88 72 18 3 67 3 9 84 13 45 44 29 27 80 42 65 25 10 51 1 93 61 98 85 30 34 42 20 44 45 84 49 88 44 64 77
55 26 96 3 94 53 38 64 89 7 50 6 3 54 65 28 41 17 94 80 47 99 95 29 35 61 18 43 86 4 9 82 32 22 11 95 96 50 11 59 20 34 29 44 62 90 15 67 21 31 51 36 99 16 49 70 90 29 43 56
91 14 49 38 93 100 11 34 53 23 71 48 2 64 89 58 10 93 39 74 28 19 10 75 29 99 77 10 9 97 62 65 57 14 86 95 34 92 5 34 96 42 83 79 57 17 42 34 6 23 55 97 11 54 44 100 52 55 40 64
37 92 46 63 73 80 16 8 63 69 29 99 47 27 1 51 20 79 22 15 61 51 16 93 9 25 52 21 71 18 22 55 59 87 7 62 2 17 58 89 28 28 13 66 47 1 65 74 96 87 12 61 92 89 98 94 86 70 85 30
11 40 6 39 63 77 96 34 51 1 40 32 44 24 94 39 23 72 15 43 7 29 67 83 21 61 22 21 74 67 57 30 46 48 43 32 7 81 68 63 84 14 83 9 71 97 29 47 76 63 66 78 51 34 21 17 13 11 34 61
57 73 6 4 23 7 1 81 32 33 38 26 42 65 94 85 19 57 54 49 51 23 76 6 71 27 55 33 33 3 77 53 77 52 96 46 77 86 72 83 54 86 49 11 67 50 49 95 77 4 92 69 77 68 46 23 16 18 78 24
39 12 83 49 73 95 70 86 17 48 21 34 80 51 92 100 58 14 60 71 84 68 1 64 67 95 87 71 33 79 72 30 55 35 67 80 16 81 97 49 74 59 88 31 19 9 94 69 75 2 60 17 59 56 34 89 86 49 76 49
96 43 66 52 27 59 38 71 12 80 41 71 33 87 79 38 28 100 100 34 92 11 54 43 33 62 10 67 56 53 30 31 98 42 44 1 80 89 15 30 94 35 10 92 52 83 90 59 24 19 21 33 85 28 44 92 14 93 95 60
37 39 70 16 38 59 45 37 34 45 77 78 58 52 61 73 80 58 82 52 89 67 16 32 8 97 90 45 24 81 73 54 100 49 54 38 59 22 22 65 42 92 45 2 47 11 8 90 44 90 76 3 13 51 50 29 24 82 68 82
98 2 36 96 94 24 74 99 71 97 8 99 39 32 71 94 12 12 51 12 80 75 46 57 69 62 99 11 65 27 2 4 20 73 18 6 67 77 13 54 8 81 46 32 32 45 87 38 38 53 84 72 33 97 10 41 77 11 21 40
75 52 48 90 69 5 74 87 82 98 46 48 72 84 87 21 54 71 68 22 99 32 21 99 62 68 18 89 18 85 77 27 9 29 88 76 52 5 40 40 34 2 21 84 3 91 36 7 28 63 18 96 34 6 48 82 48 43 73 25
91 49 12 5 27 45 63 31 32 39 2 79 5 3 47 64 51 49 65 54 85 14 82 38 57 68 41 82 17 4 30 77 38 52 24 84 97 32 2 34 63 84 4 71 12 36 28 85 75 43 48 22 94 92 95 53 24 58 55 53
91 59 2 79 95 83 32 72 29 95 51 80 75 27 27 90 8 90 74 37 94 43 75 13 91 67 26 71 88 88 84 9 52 93 24 50 77 47 94 53 79 12 82 13 71 93 63 92 80 62 64 95 42 50 91 99 31 38 21 68
94 52 33 23 66 87 60 22 57 30 39 30 90 83 53 16 32 17 50 25 20 78 42 16 24 30 79 20 44 15 64 95 6 62 57 13 84 83 31 78 88 92 20 64 52 87 87 97 81 37 82 87 17 67 2 58 49 71 63 35
40 63 23 49 18 78 46 99 34 66 32 6 50 47 56 77 79 89 16 96 47 68 96 69 20 17 29 11 33 2 1 76 3 1 50 9 59 50 18 50 84 26 64 62 38 18 22 6 47 17 25 51 33 32 36 23 8 43 16 17
72 4 68 10 14 49 57 18 87 11 94 83 5 72 96 12 6 16 64 32 44 60 81 76 42 50 45 49 22 32 93 17 90 62 88 20 79 40 58 18 72 44 9 17 91 99 77 73 100 49 81 43 27 71 50 87 61 76 27 82
38 55 55 26 30 58 30 4 82 92 45 19 16 29 96 10 34 24 8 47 38 78 71 66 98 75 26 6 83 43 33 5 44 73 54 7 87 45 70 47 22 46 92 26 81 25 99 22 2 15 25 6 68 100 24 86 50 93 76 76
26 40 61 21 48 97 85 48 59 77 52 69 46 6 33 60 86 36 81 50 91 4 77 63 95 34 77 8 98 48 16 40 31 47 32 21 47 42 83 62 6 56 83 90 24 15 23 46 65 5 64 52 33 39 11 92 77 42 70 79
2 39 46 36 35 66 98 96 90 26 14 22 43 40 38 4 65 37 28 32 22 75 33 22 31 54 16 21 36 52 35 86 7 18 47 3 90 47 59 45 91 81 58 75 19 89 93 1 89 92 34 22 32 41 18 65 100 77 94 68
31 3 100 35 24 34 59 68 68 1 18 78 14 99 8 53 17 88 96 34 18 69 41 21 13 13 53 1 27 14 32 91 51 68 55 85 82 48 52 72 49 39 55 55 77 26 79 20 4 15 53 37 71 50 11 34 7 86 49 62
50 34 47 83 97 60 100 26 85 46 25 20 95 49 71 58 46 21 56 64 53 62 43 6 20 84 10 67 34 95 4 50 53 24 100 10 91 96 66 61 87 77 9 67 59 6 57 22 6 81 10 47 21 70 23 47 32 69 3 42
3 12 16 83 96 45 1 49 15 44 44 94 4 82 69 28 3 30 63 36 25 60 8 73 24 74 13 52 67 97 90 28 1 3 19 74 98 40 72 28 40 97 35 80 27 38 63 16 49 21 96 7 55 97 50 36 16 16 2 86
83 42 89 90 14 59 71 96 39 100 12 93 5 42 12 25 4 79 62 94 70 2 68 12 72 91 86 58 100 64 71 27 93 100 45 12 10 78 81 23 65 84 4 32 14 76 10 23 4 44 45 40 32 5 29 10 55 40 49 94
59 57 72 82 54 84 62 31 18 33 90 53 26 18 18 69 1 69 54 32 61 36 68 69 89 10 62 76 74 50 52 50 19 34 7 92 63 27 2 55 12 24 63 16 62 70 48 78 37 36 66 40 59 84 73 59 62 65 33 2
32 22 23 4 19 85 60 87 92 33 21 17 59 20 48 77 3 76 98 50 82 17 89 93 75 47 29 34 45 66 93 15 26 18 54 25 95 79 47 57 16 97 20 94 74 40 76 75 79 55 76 26 78 81 1 31 47 37 30 55
87 70 13 72 9 3 76 33 54 41 89 31 87 16 62 57 19 14 8 31 5 9 75 59 34 6 41 5 53 23 96 24 14 31 2 5 87 59 48 91 86 33 95 72 74 64 5 7 66 88 87 87 91 87 13 77 29 4 29 16
90 52 18 80 23 64 64 71 85 82 63 68 74 12 72 62 99 63 9 87 97 60 42 61 49 67 76 69 97 93 33 100 3 41 39 48 92 6 87 86 30 69 39 84 85 86 13 12 33 48 65 78 25 21 61 53 73 92 88 62
