60
3
88 22 82 5 68 5 94 78 16 87 66 42 50 8 56 86 77 91 18 47 96 58 59 26 58 28 27 77 26 69 2 66 54 43 33 26 34 83 33 6 37 42 4 7 74 73 51 85 86 2 55 63 3 71 34 66 63 20 74 27
81 8 85 3 38 24 51 11 14 20 85 94 94 95 31 87 1 97 72 86 34 80 50 30 8 23 3 34 39 25 43 98 32 32 27 72 31 39 83 82 3 45 87 34 89 41 17 11 45 13 81 64 69 41 21 6 27 27 59 80
54 3 68 37 54 2 94 26 24 85 41 37 99 23 74 19 51 94 46 45 36 75 31 49 36 37 88 11 21 68 75 68 27 76 28 99 53 51 75 1 78 84 63 81 19 44 13 56 83 63 88 42 66 14 4 74 13 43 31 31
92 62 40 28 69 81 3 4 94 80 100 34 94 51 11 66 29 37 58 6 43 45 90 42 4 33 47 82 29 87 56 34 85 14 85 9 45 49 74 2 44 76 71 32 1 3 69 97 3 94 12 96 32 45 3 80 14 58 68 72
97 65 10 69 37 69 36 66 59 89 98 1 27 85 80 99 36 58 58 59 95 48 38 26 47 2 81 57 55 1 36 63 17 67 76 39 85 58 39 70 13 39 79 25 25 44 36 75 45 23 51 4 7 47 79 76 66 62 3 20
94 88 2 21 97 35 69 14 86 79 35 75 38 15 77 55 40 13 10 24 60 9 70 39 92 65 35 35 60 55 34 72 33 32 54 21 95 75 63 57 33 85 54 78 47 73 49 18 81 59 51 4 8 73 47 87 25 85 17 26
27 60 80 34 53 95 19 7 76 39 30 75 24 80 21 87 32 83 51 94 93 65 2 97 89 40 56 2 89 29 40 21 89 30 6 77 4 40 40 11 76 45 46 38 67 42 18 45 89 57 7 14 12 45 77 69 18 98 80 1
92 2 32 35 92 26 9 14 34 72 85 30 100 19 14 20 23 47 98 56 30 86 71 96 41 7 57 27 86 84 41 73 91 41 46 4 100 30 74 97 81 32 92 19 12 37 93 29 91 17 48 80 48 69 48 13 54 31 25 39
10 23 63 40 13 95 36 16 85 84 36 94 67 13 79 7 29 46 32 61 42 26 77 29 80 67 9 94 9 5 86 17 83 69 66 17 87 3 20 97 91 35 12 13 40 20 26 68 38 87 27 44 23 75 34 75 94 95 51 95
95 26 16 39 32 75 12 26 67 97 91 82 63 50 44 85 98 100 29 70 98 14 84 69 26 97 78 41 86 54 42 60 4 29 91 93 93 80 2 82 8 6 76 14 81 62 68 24 76 76 53 94 59 55 1 100 93 28 39 93
61 49 41 25 25 22 68 33 6 95 40 51 89 93 29 5 51 5 94 52 86 4 63 91 16 97 62 90 93 99 96 27 59 66 17 26 92 48 24 53 11 70 42 66 25 64 50 41 28 97 89 8 5 25 92 87 11 66 67 2
20 97 16 18 15 25 33 86 60 70 32 98 20 51 58 20 88 40 67 52 64 51 78 76 58 53 58 42 77 55 7 71 5 36 79 38 54 77 83 2 11 90 71 59 17 33 12 98 24 48 47 8 90 78 55 25 91 18 30 4
5 12 21 84 73 48 3 49 89 5 46 33 40 28 19 24 35 14 78 36 94 11 45 88 58 56 71 92 34 97 32 8 62 85 98 75 71 10 67 25 12 96 10 65 87 16 6 78 38 92 9 49 33 59 60 22 9 20 37 61
52 17 7 26 65 89 74 4 65 46 21 13 7 52 45 33 19 9 96 94 68 86 50 80 60 13 7 35 92 68 63 30 20 83 47 62 89 71 49 48 72 22 93 95 28 96 76 74 70 65 63 60 81 64 88 45 15 71 48 51
86 81 5 19 87 48 46 54 14 79 26 47 21 19 67 2 97 12 70 36 69 85 61 5 33 80 51 54 41 87 23 22 7 11 48 58 26 28 28 66 53 66 14 20 63 44 20 1 44 81 36 58 40 11 79 73 35 1 15 39
57 47 67 86 29 24 33 12 93 53 84 61 64 64 73 63 77 67 21 37 52 87 21 2 46 4 31 6 79 84 1 91 99 56 33 44 87 4 21 40 93 2 46 70 62 75 58 63 66 92 95 59 16 98 25 21 99 43 70 18
20 40 52 55 41 68 51 89 6 63 10 65 84 8 33 53 30 67 67 9 24 60 1 55 71 95 33 65 44 81 40 48 73 59 14 28 67 1 50 90 37 24 6 42 40 49 79 5 38 41 52 79 7 10 83 24 3 22 35 67
25 81 68 94 65 31 59 54 56 54 34 32 16 71 22 59 19 45 6 74 67 27 24 11 3 70 25 50 13 96 64 10 49 24 14 29 59 97 78 73 66 58 30 45 21 11 32 55 32 90 3 83 41 18 73 77 27 65 77 97
20 68 54 90 14 13 77 91 70 17 37 47 57 95 100 7 78 6 7 77 26 5 71 50 73 61 79 97 30 70 97 3 73 77 47 34 21 85 91 58 21 39 7 38 18 56 53 67 80 18 64 11 98 18 93 63 32 7 80 6
10 28 34 47 18 10 17 99 32 1 48 98 6 34 10 46 63 81 30 20 61 5 53 18 18 20 71 53 4 52 34 38 84 15 7 28 54 51 86 12 62 40 2 61 83 28 69 24 84 76 43 68 33 19 99 34 88 18 77 43
98 63 64 100 21 16 88 8 71 31 59 73 8 95 48 30 86 85 47 50 22 58 62 77 11 68 23 18 30 63 1 68 19 53 5 25 76 99 90 86 100 68 87 72 54 78 7 89 1 21 15 60 80 70 52 87 5 27 98 74
88 75 79 5 9 90 21 66 90 13 72 65 80 97 67 98 38 43 5 67 58 29 98 4 87 6 35 42 6 17 35 63 86 55 10 38 47 86 25 63 27 89 98 50 96 19 41 19 33 51 42 40 25 56 18 39 9 90 55 26
1 4 26 3 73 91 9 1 15 57 48 57 45 41 61 87 15 52 11 49 23 82 19 38 80 16 88 56 34 38 58 44 87 70 61 34 100 57 39 78 5 30 56 38 14 65 44 91 26 62 32 45 65 51 72 41 97 52 59 82
72 51 39 71 11 34 67 9 83 38 7 18 55 68 54 74 97 78 73 57 33 68 80 78 87 2 81 52 73 62 67 53 73 34 98 75 97 54 44 51 39 75 83 21 35 59 94 29 31 84 17 84 73 95 72 60 81 76 11 80
11 34 12 69 94 63 51 44 19 28 59 56 16 73 96 23 33 84 8 53 91 75 13 99 90 45 11 17 78 61 88 74 84 3 45 39 76 74 9 23 90 88 39 13 40 25 12 5 15 82 6 88 50 92 92 80 75 37 73 54
66 40 2 100 58 28 63 95 77 76 61 19 24 44 8 1 76 16 40 58 72 9 47 55 8 99 93 88 32 35 69 43 75 2 1 40 98 72 89 55 46 39 34 71 19 43 4 78 11 10 32 55 25 20 18 89 65 61 20 28
20 50 43 57 67 18 100 55 79 15 67 85 91 4 47 17 73 52 46 41 89 3 25 94 15 83 44 47 49 76 5 59 87 26 100 18 21 26 71 20 84 95 100 10 97 91 29 78 19 72 96 34 47 38 87 3 52 60 39 35
59 3 28 60 10 6 51 27 95 44 14 22 46 25 71 30 1 53 77 78 78 68 52 85 9 18 47 65 12 44 46 98 26 54 47 87 31 18 14 41 51 39 98 57 83 38 3 19 21 10 56 14 92 60 79 44 28 59 61 4
71 61 96 43 83 40 80 63 25 39 46 16 25 20 59 3 59 79 28 67 88 55 99 68 85 14 25 96 97 55 57 29 53 51 27 92 5 94 87 13 59 63 55 94 29 18 62 59 47 23 51 92 67 63 12 24 74 48 86 47
40 46 79 90 25 81 32 17 7 35 78 30 64 82 88 61 7 1 91 70 62 7 95 39 38 34 49 70 48 86 83 19 92 80 94 82 72 93 44 52 18 69 57 46 85 100 67 75 62 94 28 4 35 46 99 10 3 85 61 94
37 47 37 50 47 88 58 95 88 2 39 91 99 71 50 44 46 68 1 10 11 34 13 89 78 73 96 73 29 86 15 85 18 13 35 70 55 33 1 47 23 33 65 50 61 27 44 87 22 47 47 44 20 48 45 97 52 28 27 59
73 50 79 62 74 70 70 23 74 8 66 94 45 22 98 89 14 71 30 26 23 82 39 62 75 10 36 27 44 89 29 48 40 43 47 4 74 100 94 44 25 62 70 78 90 25 36 100 79 20 17 64 27 71 7 75 67 39 34 87
22 10 18 71 38 38 16 64 93 14 35 46 92 30 24 68 40 24 29 99 68 4 63 51 41 59 99 66 64 56 2 32 21 51 49 8 29 88 41 29 75 18 24 64 27 46 66 1 16 2 67 37 6 73 30 32 98 56 57 17
8 88 15 6 54 8 57 63 22 60 90 55 29 57 90 30 5 52 99 87 63 66 77 92 76 42 58 90 42 81 90 60 37 11 38 28 80 99 66 48 93 29 86 60 22 20 30 40 51 36 37 35 8 56 90 13 4 63 84 95
43 36 64 80 57 64 72 27 30 9 52 79 25 13 52 24 63 2 83 72 49 46 27 11 28 63 20 84 18 5 81 53 60 80 81 58 22 38 8 10 60 86 12 68 16 5 40 18 23 51 15 88 44 79 66 96 16 45 36 86
26 81 63 95 89 56 67 43 1 42 68 67 6 28 96 46 18 93 71 20 43 76 19 30 18 30 63 94 92 86 98 37 65 53 35 3 70 93 58 36 2 93 22 11 29 22 65 92 40 9 18 18 38 35 66 20 12 10 79 70
83 85 32 79 4 80 90 73 32 28 41 21 21 100 81 8 74 35 56 40 21 70 68 3 26 58 77 76 15 86 28 41 25 46 80 19 35 3 59 5 63 89 38 49 73 51 50 2 8 9 33 5 69 72 24 76 9 16 35 58
82 59 24 21 39 34 74 48 86 44 54 90 19 95 76 57 2 16 28 52 63 21 56 83 4 23 65 18 20 5 88 33 64 19 70 41 30 47 11 79 92 22 43 46 61 100 4 64 29 19 51 39 13 21 80 40 3 47 13 3
68 59 1 70 41 79 38 85 5 3 98 98 2 17 77 57 85 22 73 97 18 27 17 96 79 55 82 39 88 32 92 92 13 35 19 76 83 64 30 28 65 62 93 13 36 81 62 52 47 54 85 19 61 86 90 58 49 48 41 48
2 27 49 86 66 77 80 62 1 69 76 56 23 14 4 66 31 64 57 35 88 24 90 97 7 42 45 18 23 64 21 18 64 87 6 71 34 15 51 5 87 91 33 23 30 95 62 70 8 90 38 47 4 71 7 83 82 38 28 89
71 11 77 55 33 35 100 64 60 12 36 6 84 17 93 72 42 62 59 12 62 39 76 72 60 86 50 52 8 87 39 7 38 87 29 54 20 73 89 77 11 67 53 32 77 52 90 10 4 63 13 16 79 23 94 85 99 15 46 23
16 8 77 3 57 4 56 56 48 94 36 45 76 60 87 80 51 92 21 16 40 32 57 95 45 46 90 74 95 93 71 8 30 89 81 46 89 24 95 26 93 3 31 49 29 1 96 8 46 30 72 76 22 19 83 82 15 67 81 29
43 1 8 30 75 68 27 57 40 75 49 12 44 52 42 100 78 66 15 28 95 84 46 78 60 58 73 98 22 29 83 97 38 31 8 5 63 42 97 68 33 88 10 4 48 20 13 83 58 45 79 61 50 90 27 64 20 69 62 43
32 80 93 23 15 73 4 15 89 61 75 93 24 16 40 36 23 79 98 26 34 84 32 85 10 43 99 94 42 45 95 6 15 30 73 47 30 6 83 43 3 91 16 39 5 65 22 53 66 98 68 45 39 85 47 29 67 75 60 32
3 26 17 41 83 13 25 13 64 6 32 94 15 15 90 100 56 92 40 15 31 93 7 5 92 95 9 67 55 8 80 58 41 100 38 12 91 66 14 9 96 21 10 9 47 75 19 63 13 96 5 61 100 21 77 87 74 9 23 17
70 40 38 26 58 98 71 51 81 2 56 89 82 93 14 2 83 43 47 16 54 79 93 86 33 51 59 22 71 32 29 60 51 7 57 80 15 4 36 5 42 60 4 29 57 75 77 38 99 57 11 95 76 40 35 51 79 77 46 42
84 42 39 65 63 76 60 37 8 98 12 71 17 28 29 78 48 76 20 73 62 97 7 69 72 23 73 29 71 76 17 91 20 11 90 11 49 7 79 63 17 18 26 5 30 13 94 26 70 48 95 56 29 28 61 1 95 53 36 46
36 10 52 46 46 20 27 42 72 59 59 17 41 84 4 40 75 17 63 23 22 40 50 39 17 33 60 61 87 30 21 11 68 65 26 87 59 30 89 73 61 16 75 26 51 8 78 38 25 9 41 10 37 89 61 63 59 85 54 28
36 89 54 84 47 7 30 57 65 37 4 63 53 60 63 56 86 28 95 90 61 30 63 40 18 6 97 40 56 16 99 40 53 39 44 10 79 60 87 97 23 50 17 72 83 55 55 86 2 86 72 100 64 31 31 91 72 46 85 66
84 94 32 18 68 17 20 59 65 15 17 1 78 63 24 19 40 64 5 80 63 21 67 27 56 15 48 35 62 23 39 64 14 15 54 85 74 52 85 68 99 53 85 14 92 86 10 75 16 78 54 42 10 34 57 3 76 33 100 56
6 83 44 82 12 53 84 27 68 87 70 34 66 31 79 53 39 26 55 51 87 40 49 44 56 55 94 41 21 17 15 85 17 14 42 54 2 32 98 100 85 72 55 75 26 76 19 51 31 60 26 83 81 32 84 82 86 73 60 85
26 72 47 88 36 24 98 6 79 87 90 26 44 80 29 93 32 88 100 26 33 89 68 68 7 85 97 41 62 15 86 63 3 78 2 35 16 4 68 90 61 15 90 46 35 69 55 85 7 24 11 99 9 57 61 36 79 52 92 43
53 18 63 25 87 83 24 74 90 9 44 28 6 4 71 21 27 32 87 92 2 21 76 34 2 1 35 90 64 60 20 34 23 16 70 42 64 37 39 54 98 92 9 14 58 51 82 75 31 37 82 77 82 32 80 29 39 59 65 98
74 34 33 75 10 45 72 88 40 57 39 26 52 59 58 37 52 50 6 93 50 5 1 12 80 30 59 60 28 8 60 70 100 12 13 94 39 1 52 78 29 38 44 95 29 59 7 49 97 26 40 68 14 48 86 55 34 52 92 23
80 11 57 47 16 26 82 79 64 49 92 50 80 79 89 9 70 57 93 25 35 72 63 85 77 74 7 35 10 35 1 78 63 88 32 64 74 96 93 1 8 57 40 53 70 4 74 44 72 92 92 98 8 66 72 1 3 26 77 78
70 44 89 30 16 46 94 70 74 52 24 86 95 91 100 39 53 4 58 22 96 44 77 36 67 16 8 55 92 89 34 70 49 58 22 24 59 47 98 90 47 94 66 31 31 43 93 30 73 67 51 85 88 13 91 59 26 43 4 95
61 11 77 99 66 52 61 58 4 5 100 5 90 84 96 77 50 8 10 74 96 70 98 47 43 67 50 72 56 60 12 26 59 43 89 1 71 51 6 44 2 90 27 42 28 14 84 11 37 4 5 22 42 68 11 46 31 17 66 88
97 71 9 10 64 96 59 2 42 92 88 50 52 7 90 50 37 32 46 9 18 52 27 74 27 71 71 49 7 44 47 100 58 49 64 57 44 37 81 92 42 92 74 1 98 40 56 30 33 54 8 4 45 32 28 75 75 41 21 79
34 62 24 64 86 76 70 66 64 96 55 88 10 10 12 31 32 37 33 82 38 87 87 64 94 19 61 18 91 43 76 37 81 60 26 42 73 42 6 22 46 55 67 33 33 88 72 54 22 44 44 100 45 38 64 1 58 11 28 61
23 63 19 91 5 45 49 98 57 59 16 20 44 55 75 84 14 87 53 42 6 51 14 46 36 56 52 62 71 89 8 78 23 33 10 14 11 56 78 82 51 21 90 43 25 34 98 37 33 25 63 30 84 52 42 56 61 6 15 93
33 11 49 42 51 45 9 54 92 17 11 3 67 62 42 23 78 52 1 72 26 91 66 64 70 96 25 47 84 23 54 36 3 66 70 29 57 46 77 77 38 29 75 13 8 8 88 14 27 79 7 94 87 39 87 26 80 4 69 50
42 14 76 90 89 77 95 57 30 79 45 50 42 11 24 68 17 50 95 83 96 25 69 70 25 73 59 34 72 69 87 62 88 53 15 39 31 19 58 56 18 95 83 9 93 28 77 64 33 10 11 89 68 9 45 17 70 85 98 69
66 78 16 15 20 53 88 2 74 51 41 33 97 63 2 7 10 51 9 59 60 1 99 98 61 91 44 19 86 74 9 77 27 53 14 61 76 8 71 72 63 43 79 44 46 15 43 59 10 20 38 51 28 81 40 1 90 55 57 20
50 20 9 88 96 17 61 99 40 32 75 41 63 16 54 29 36 79 13 38 18 29 87 10 11 90 26 78 68 41 14 15 100 76 74 64 60 2 18 10 76 52 100 52 98 42 56 20 74 73 34 19 97 79 53 60 20 14 65 70
45 70 49 71 89 91 2 10 75 59 11 38 58 21 46 80 94 17 9 87 35 49 83 80 3 46 16 84 23 17 70 37 59 11 61 82 30 15 88 54 2 56 25 76 1 89 5 7 57 99 47 94 58 84 19 17 61 84 96 53
77 56 7 98 60 88 71 100 5 75 95 35 21 9 66 65 11 100 88 68 67 13 58 54 21 90 19 65 7 23 33 66 32 78 89 71 39 37 48 39 36 68 26 62 93 47 12 97 23 43 54 35 67 35 7 37 47 31 14 84
80 39 60 38 84 14 98 37 13 18 20 50 87 88 68 13 1 17 42 32 61 81 35 18 31 93 94 49 81 21 62 40 42 72 31 84 1 69 96 62 57 51 18 85 78 73 22 25 45 27 38 29 98 63 50 99 75 28 36 83
35 36 78 26 29 96 85 58 38 29 22 74 32 45 35 41 42 14 87 90 100 87 16 25 100 27 95 75 39 84 99 88 62 75 21 83 59 96 80 11 29 77 53 15 63 57 27 31 5 71 86 61 20 100 84 76 29 30 39 98
35 24 43 92 2 98 83 38 98 3 63 77 31 92 43 44 43 88 75 34 32 78 100 57 100 59 79 25 66 50 47 37 88 30 9 99 54 38 83 10 80 65 90 92 1 8 24 10 52 9 95 77 97 98 67 65 87 3 82 3
87 75 11 69 80 64 98 62 60 76 61 42 1 33 55 54 2 100 43 64 82 82 69 55 85 93 85 75 53 76 52 23 93 92 12 95 44 94 50 42 51 49 55 61 66 82 77 6 66 92 56 67 68 60 53 58 72 53 34 69
58 90 36 69 19 31 4 43 89 28 57 96 69 79 72 2 27 15 91 2 99 29 7 62 19 22 14 25 66 14 55 70 98 70 67 8 65 21 10 100 8 61 53 47 99 79 94 7 32 97 46 93 83 77 44 47 67 51 36 50
25 46 97 12 84 69 93 60 92 33 57 42 95 79 29 28 82 36 100 56 57 52 14 38 6 67 91 73 93 68 75 64 98 97 97 5 85 8 18 58 35 37 98 3 23 3 89 17 81 19 1 86 25 86 62 65 36 3 91 54
6 65 49 43 73 1 92 7 87 33 41 57 39 71 38 6 68 63 52 69 20 94 16 58 15 57 30 60 37 6 27 96 1 71 97 41 17 37 53 23 66 55 88 32 3 53 75 100 76 2 28 41 94 96 55 65 74 22 21 83
10 28 55 30 15 8 70 42 90 30 4 29 68 31 96 22 9 89 35 1 44 71 25 17 61 43 84 44 49 33 4 84 89 21 3 58 72 37 70 20 5 32 59 7 23 93 19 51 85 64 64 73 93 36 93 16 98 89 3 86
32 58 26 55 55 69 44 57 87 92 61 89 47 77 51 17 93 3 57 99 45 51 14 29 52 12 13 15 92 45 4 45 56 21 76 10 25 43 86 21 88 80 29 88 12 82 25 27 91 55 74 84 59 41 16 56 70 5 37 16
63 53 31 35 87 84 24 56 61 18 50 36 84 36 10 97 71 91 34 58 58 6 14 40 8 90 22 38 83 53 75 61 89 25 68 70 43 61 92 15 38 65 49 10 71 14 98 89 82 25 86 24 93 58 17 99 52 73 57 10
93 9 96 40 54 31 36 100 7 45 40 88 1 60 83 33 83 92 11 91 74 54 24 100 36 55 43 41 9 27 99 82 4 60 36 5 61 60 46 12 30 39 86 83 8 31 72 3 8 24 23 25 5 21 65 82 17 33 15 41
98 87 29 76 9 82 93 65 57 30 61 3 21 15 56 67 17 43 66 94 61 83 72 97 44 52 12 69 54 39 35 96 88 97 6 48 56 63 98 56 45 53 64 67 94 49 11 9 65 61 32 40 93 49 88 15 24 45 75 7
100 36 61 17 43 51 32 38 22 6 92 86 43 27 52 72 74 55 93 77 78 63 60 50 58 44 23 51 62 28 76 87 58 16 61 25 51 12 97 20 7 90 16 10 48 70 43 29 96 35 29 59 70 96 68 63 21 8 83 69
53 69 60 10 89 19 57 44 7 41 59 18 41 83 24 49 82 33 53 22 25 48 73 18 1 49 50 89 46 35 58 38 30 45 56 23 26 78 24 86 94 31 73 28 51 6 18 18 37 98 76 20 50 3 62 68 20 27 50 35
95 94 79 61 5 35 6 14 46 34 65 14 43 32 68 47 30 37 38 9 16 42 49 35 47 12 32 60 54 99 58 19 27 57 62 7 69 29 24 23 69 28 59 97 91 85 73 81 46 91 27 54 49 20 6 44 44 12 33 5
2 12 51 41 74 29 97 100 71 76 16 22 82 33 91 31 94 79 39 91 84 30 10 94 36 68 56 11 17 31 11 23 1 19 68 44 80 74 26 32 7 2 23 12 96 59 18 4 25 75 96 20 51 85 55 28 55 13 37 43
11 52 43 1 26 97 65 41 37 39 68 99 46 26 55 82 1 19 22 14 11 41 3 77 75 40 84 36 78 6 78 68 63 65 73 52 38 38 17 58 11 51 67 98 70 38 2 75 91 21 75 4 36 44 82 41 49 57 43 35
84 80 36 81 10 78 55 88 28 58 12 63 58 22 9 36 21 93 98 35 13 1 79 89 29 10 10 67 19 44 62 22 63 23 38 78 71 68 96 48 91 25 71 1 86 57 78 55 66 61 66 31 33 24 89 15 72 9 50 80
79 33 35 42 28 36 57 49 22 29 99 39 80 40 11 14 97 91 56 60 87 74 85 35 21 2 100 15 77 70 67 35 93 59 2 49 27 13 79 32 12 70 46 63 88 17 98 51 22 20 47 82 6 66 75 76 7 12 41 14
92 47 99 19 72 65 47 82 89 15 47 73 54 76 68 2 8 52 8 94 36 72 8 1 3 2 1 43 41 37 7 5 66 28 23 1 19 9 68 63 33 42 4 64 19 5 16 64 64 68 80 11 46 71 63 52 52 90 76 52
40 79 71 54 72 58 70 42 88 36 76 36 17 79 52 13 16 28 33 82 39 25 33 5 65 14 55 85 62 26 94 43 34 100 66 18 31 39 74 35 70 50 20 96 25 8 70 88 43 15 48 46 89 84 72 74 70 50 25 68
50 70 76 65 19 87 68 99 17 74 32 69 3 27 9 98 71 78 72 73 71 10 61 22 23 1 39 40 60 44 66 38 50 39 68 75 34 42 88 8 17 19 2 71 57 62 92 80 76 23 89 65 31 52 67 42 26 46 41 30
83 21 94 20 41 65 45 100 51 85 77 94 41 94 6 11 55 87 2 11 37 79 92 25 60 55 85 41 59 46 55 56 3 70 15 51 78 1 26 41 69 29 56 13 85 52 20 27 50 72 70 54 27 36 24 42 11 65 60 7
21 71 69 65 11 86 53 50 40 34 76 64 5 35 30 31 54 94 96 30 53 10 10 81 27 18 74 84 39 8 43 73 17 88 65 79 79 44 31 8 84 9 39 19 29 96 55 32 32 39 99 53 28 2 41 85 27 67 57 4
22 59 59 57 23 76 50 31 43 68 2 71 67 41 82 9 22 45 63 50 39 64 21 11 66 45 73 54 91 49 65 72 24 66 39 97 42 38 93 40 53 24 1 26 62 81 88 59 9 90 73 73 50 86 55 73 67 98 87 59
12 30 78 37 5 20 31 69 60 86 13 1 97 24 70 86 94 35 39 68 78 86 41 32 60 17 34 33 67 5 83 54 2 69 34 26 81 70 84 5 26 35 36 96 92 33 48 22 15 61 36 13 96 99 31 88 21 53 8 34
44 99 61 53 48 95 42 10 37 85 87 20 4 27 46 10 99 21 46 89 79 75 82 16 79 37 10 30 5 93 14 8 33 40 23 11 70 84 2 92 23 27 74 31 44 59 18 93 82 59 75 16 16 85 75 9 88 82 48 3
30 11 5 64 42 34 50 94 98 90 99 63 44 99 2 34 66 47 92 13 53 36 48 68 100 98 51 20 18 67 29 62 22 37 41 46 43 57 72 49 13 82 54 15 76 35 41 22 14 12 35 44 49 47 9 47 39 27 96 2
76 69 19 24 5 79 80 91 1 26 67 5 90 10 39 15 35 47 21 55 54 22 94 43 2 23 48 59 75 35 85 69 78 46 99 11 2 89 4 62 6 15 40 21 14 21 45 11 99 10 97 49 24 96 10 53 41 50 95 12
54 67 39 13 30 27 43 100 21 3 64 86 45 62 30 25 95 68 92 1 17 36 14 55 67 38 97 54 99 72 18 3 33 59 7 17 38 78 9 43 71 47 18 61 32 99 41 13 34 84 97 3 79 49 94 57 39 32 15 95
48 97 78 1 90 100 68 75 38 33 66 49 61 72 48 84 20 12 47 94 89 76 35 90 26 32 32 74 14 82 10 50 1 35 84 99 78 97 1 69 86 84 14 59 4 32 69 5 13 49 42 18 26 56 34 64 96 15 25 97
70 76 83 67 99 49 80 31 97 14 7 71 98 10 17 75 11 77 52 61 35 13 1 12 26 15 70 32 99 55 77 58 45 32 53 53 60 60 7 20 81 56 18 4 35 7 49 4 25 18 68 1 70 6 89 16 29 33 19 40
35 70 29 51 31 74 53 62 7 32 12 84 65 82 46 89 45 33 31 69 88 38 73 28 33 86 73 75 10 42 6 25 1 99 47 19 56 45 29 3 58 17 55 30 39 25 36 88 53 34 65 42 85 41 59 62 73 92 23 100
46 22 90 23 56 31 55 34 45 71 19 57 2 92 70 94 6 75 76 50 48 79 38 69 13 100 53 32 55 20 34 51 19 10 93 1 92 55 14 57 35 33 55 70 38 49 79 58 32 51 1 39 4 37 85 53 12 18 8 58
51 31 31 24 14 68 19 65 17 88 4 20 33 94 16 29 17 41 75 99 51 24 57 71 72 32 32 68 2 29 33 62 59 85 96 46 96 68 69 52 14 85 70 88 8 48 85 85 17 56 68 62 90 16 72 43 77 61 59 24
32 89 27 4 37 34 13 10 66 84 79 62 5 13 74 64 44 74 9 16 84 93 96 48 88 39 98 91 38 97 54 87 74 32 28 3 35 36 86 25 37 54 9 6 25 70 44 59 99 26 65 24 33 38 18 57 80 26 82 82
99 96 53 59 30 19 64 7 88 78 4 58 31 59 13 87 14 59 59 30 59 42 78 25 40 19 11 27 67 25 58 14 80 21 34 4 91 43 65 62 95 17 85 13 52 39 100 32 98 80 56 14 45 79 93 16 63 61 95 95
41 8 82 7 91 34 27 35 13 97 7 1 22 32 34 23 87 40 63 58 43 65 5 44 38 27 74 99 36 99 18 96 38 12 31 85 86 61 90 37 54 62 70 60 19 59 9 13 84 93 49 3 45 71 60 35 91 64 3 33
20 48 87 15 42 14 100 19 82 97 44 23 37 97 5 32 97 91 57 46 72 68 66 1 56 45 73 31 91 23 100 81 85 54 86 79 33 39 7 22 27 53 23 57 5 8 34 71 47 30 29 12 70 20 14 5 19 51 83 89
27 68 96 43 84 100 82 31 72 95 28 80 30 31 100 63 49 78 17 27 54 74 27 4 43 7 76 41 58 1 33 13 2 58 7 8 13 67 11 49 43 50 7 82 60 66 71 78 86 86 83 90 3 32 4 79 86 64 23 85
93 8 79 67 4 18 98 94 21 29 47 53 15 37 52 97 47 27 2 46 59 82 52 70 73 48 22 8 36 56 60 14 40 98 52 35 77 15 49 44 73 51 1 58 73 8 62 63 51 53 78 63 50 16 96 56 15 86 52 67
35 2 98 83 52 9 78 64 44 28 2 29 50 84 62 85 12 11 74 65 84 60 89 36 67 17 34 10 27 5 52 50 11 54 70 76 71 23 95 54 98 17 13 78 23 20 90 70 3 43 24 46 84 74 64 15 99 66 27 36
58 40 98 89 41 95 83 12 33 33 33 42 80 88 52 62 26 90 68 82 66 45 59 96 82 74 62 78 23 78 90 60 30 81 59 54 30 17 70 5 35 81 86 33 3 35 38 46 83 16 42 71 97 99 52 42 67 56 46 53
63 50 36 100 2 85 42 58 5 34 91 15 91 56 32 30 35 22 28 85 82 50 65 10 82 55 99 77 28 10 91 37 18 24 83 30 77 46 84 38 94 11 49 96 31 91 27 5 93 69 78 41 42 53 72 5 39 99 45 20
14 29 19 98 96 51 57 38 90 76 4 69 37 84 52 17 36 48 58 78 64 40 23 82 77 61 79 67 28 94 20 10 54 65 7 10 70 8 25 5 61 93 89 61 85 79 99 39 36 33 44 9 58 44 35 74 83 71 51 9
7 95 91 16 46 9 97 95 32 10 70 42 85 72 44 27 35 30 44 70 70 95 56 82 4 2 49 1 3 54 91 44 24 3 38 47 29 81 8 78 24 14 88 18 42 50 41 7 28 66 86 9 32 100 35 82 57 34 97 7
35 31 43 96 87 76 68 20 57 60 62 9 98 51 32 53 18 54 40 47 99 32 36 5 80 91 51 15 18 33 50 63 75 2 8 54 89 89 41 37 55 1 84 95 36 47 3 59 40 84 17 25 93 98 93 42 38 99 35 47
14 87 26 80 79 84 73 6 86 6 67 39 91 99 23 40 57 9 78 30 28 28 15 43 41 48 56 37 51 92 40 58 29 92 12 98 12 82 21 98 19 93 1 73 25 73 56 9 58 4 76 74 4 66 77 58 41 24 32 66
48 75 84 32 58 75 27 78 55 27 7 76 92 84 49 47 6 17 10 9 94 22 71 54 60 31 84 73 95 15 6 35 25 5 67 48 49 92 51 6 80 51 41 72 94 77 93 69 87 18 70 63 30 74 52 13 41 22 6 99
83 61 81 19 49 12 38 71 53 76 40 22 98 60 69 81 55 79 100 73 40 77 72 88 83 71 13 24 57 37 41 89 81 16 11 70 12 64 7 8 77 11 28 18 35 56 31 28 47 67 75 88 49 20 81 55 90 13 2 26
84 38 49 67 18 7 43 14 45 91 1 37 20 8 48 9 22 99 91 30 82 27 20 35 82 73 49 69 26 1 7 12 58 9 95 72 47 44 96 87 51 66 24 86 43 64 47 4 47 46 77 79 12 27 29 56 45 55 2 37
67 43 15 68 98 10 98 57 72 17 53 2 53 85 2 86 35 27 24 29 69 45 18 38 15 96 19 53 95 57 38 7 87 67 58 78 69 7 65 45 59 63 98 92 11 48 17 22 66 67 11 31 20 81 12 93 47 53 81 31
64 90 56 99 69 73 29 40 15 54 45 85 97 97 14 96 31 36 75 49 19 17 46 54 67 27 58 86 60 43 68 20 29 29 52 21 82 65 79 56 76 7 13 30 12 30 40 40 29 55 94 16 23 22 100 60 41 29 92 44
23 57 87 15 67 42 4 61 31 55 46 78 53 18 16 25 43 3 63 94 13 65 58 92 54 36 5 58 80 56 56 100 88 36 29 27 77 65 24 67 41 90 21 17 6 19 2 2 98 77 96 8 56 28 26 18 42 33 80 66
31 86 27 64 16 93 39 66 56 66 29 40 87 56 61 48 95 95 73 39 64 17 20 59 18 53 45 10 33 41 45 95 10 59 70 88 34 46 65 1 66 92 8 92 61 92 57 55 71 16 22 34 95 43 11 32 25 14 38 73
56 58 5 81 87 43 4 52 71 43 79 33 64 71 40 50 60 15 21 83 28 69 23 6 100 14 71 79 73 29 23 27 65 84 96 81 6 46 46 71 71 92 10 19 89 94 49 100 46 64 32 23 8 65 17 46 17 45 44 85
97 12 67 35 97 37 61 74 33 84 1 92 65 8 73 36 75 57 96 46 44 48 9 44 13 61 43 83 18 36 29 57 33 29 13 91 56 18 48 69 31 77 22 70 45 37 49 16 31 78 99 7 67 24 4 94 54 96 56 54
31 86 80 91 95 37 67 11 99 59 7 86 78 69 25 71 78 7 79 32 11 67 42 55 45 82 60 33 46 19 88 15 34 59 35 3 98 19 21 77 62 66 63 66 71 87 92 73 1 29 2 96 13 67 61 82 43 81 26 43
31 12 36 8 86 8 19 65 62 7 33 37 57 32 20 33 13 27 32 54 57 45 36 18 52 73 69 93 98 35 83 39 12 23 48 74 60 45 49 93 93 54 3 59 15 76 39 25 9 65 11 59 2 81 71 40 27 83 73 42
64 10 94 40 20 25 58 86 9 72 58 43 97 50 43 77 58 83 82 89 85 83 25 45 11 7 65 26 22 89 80 71 100 97 72 74 92 56 90 59 54 66 26 83 57 29 21 51 77 17 44 89 38 10 27 52 45 3 7 67
56 63 79 22 63 12 73 97 57 49 79 100 17 80 9 37 14 16 74 35 49 83 45 68 53 84 10 59 40 39 14 59 24 13 49 87 61 47 17 35 84 86 43 76 6 88 42 67 21 84 29 56 91 47 29 9 34 2 65 42
90 74 35 19 38 18 86 18 52 58 100 56 41 27 84 17 15 75 58 25 53 8 96 56 14 14 58 14 76 12 56 44 84 21 32 7 50 8 95 86 89 20 85 84 90 11 83 76 88 46 56 49 85 2 21 14 13 75 22 12
88 84 87 69 39 88 67 3 68 93 54 60 98 42 3 8 34 43 27 36 52 72 36 72 77 33 65 16 88 16 66 28 52 58 97 68 26 53 86 4 94 24 65 51 13 81 27 43 87 52 40 44 43 83 26 68 15 62 77 7
26 46 66 68 65 79 41 38 15 29 25 79 19 39 74 16 79 48 2 93 63 43 95 53 86 55 47 19 37 7 69 27 99 59 24 38 32 70 18 36 55 23 18 82 55 28 54 83 26 98 99 20 58 38 91 18 61 50 94 37
26 83 15 57 56 68 75 98 94 96 34 70 34 83 15 79 46 70 79 17 91 74 50 24 66 60 62 35 52 57 10 94 85 88 41 84 41 13 72 71 59 72 26 68 90 69 85 48 81 67 26 45 90 31 47 71 94 34 37 3
37 19 91 63 38 57 72 54 24 21 85 10 48 49 74 72 79 86 3 34 68 35 14 28 72 12 86 3 12 32 41 65 41 63 5 21 96 97 86 80 85 26 16 6 1 41 99 12 45 51 36 17 7 62 61 67 58 41 71 61
64 99 7 26 83 71 67 5 68 96 86 53 19 8 95 85 34 16 23 28 28 86 48 42 18 62 7 14 46 76 85 69 76 43 82 43 65 73 21 33 83 19 12 91 70 92 88 83 80 76 91 7 97 87 66 2 75 92 56 72
98 90 74 30 79 64 92 6 1 68 72 95 62 35 73 41 69 67 82 76 2 82 14 74 11 19 40 1 76 64 62 49 45 20 28 90 58 64 19 84 3 81 23 93 76 24 95 48 49 22 97 35 27 82 5 30 35 64 71 34
29 66 44 15 74 55 10 34 97 33 73 54 19 65 56 54 35 5 7 1 29 36 20 11 34 18 36 53 45 20 49 93 10 63 88 16 59 31 95 97 27 42 45 72 81 47 3 64 24 84 97 37 45 99 69 57 72 96 19 99
100 35 9 26 2 45 72 4 95 4 47 80 78 65 41 35 66 4 85 89 21 51 97 70 66 31 34 50 95 78 72 63 84 71 80 23 90 3 36 79 75 71 94 11 41 74 59 45 53 66 25 56 81 83 28 24 100 36 7 15
18 74 24 37 28 11 56 15 4 47 100 10 35 62 76 3 41 97 67 55 76 98 22 100 38 36 52 44 64 29 78 16 95 79 97 29 14 55 30 75 36 65 27 53 10 53 19 13 97 23 22 57 20 56 42 27 24 74 90 4
75 44 2 90 32 24 93 43 35 90 6 13 56 12 22 31 65 93 6 100 57 4 44 13 25 20 57 87 48 64 95 95 76 4 14 16 30 16 25 25 90 61 17 73 56 52 17 47 29 25 85 78 87 5 66 59 27 10 54 18
93 34 47 40 69 57 90 76 37 82 98 53 82 82 1 85 53 72 98 92 67 89 35 19 9 10 40 32 87 92 28 93 55 89 60 90 22 34 6 45 33 92 88 57 11 34 78 40 99 54 78 31 36 90 4 57 13 92 67 75
56 82 54 10 22 19 44 16 90 71 76 54 27 24 17 8 42 65 56 86 49 39 9 52 6 78 63 9 92 20 47 33 25 27 84 18 8 80 23 34 53 57 1 36 56 87 4 98 40 92 39 97 90 21 32 58 64 38 26 26
82 11 72 56 17 49 62 12 30 14 72 68 42 5 1 8 42 42 13 71 34 18 1 25 99 49 33 43 45 98 36 37 88 47 42 44 11 84 66 76 1 80 77 29 68 25 77 88 98 22 19 56 27 3 19 10 28 88 62 49
48 56 14 89 92 4 46 22 83 8 58 59 71 66 96 12 83 64 63 57 49 90 14 1 78 83 93 40 72 72 66 48 15 15 43 89 14 83 28 26 21 3 74 78 3 29 21 25 20 11 2 23 24 76 32 59 79 59 48 56
47 61 76 70 86 89 87 89 52 6 60 98 18 88 68 92 78 53 29 89 58 56 62 83 39 45 71 6 67 92 2 16 13 62 71 29 92 6 8 26 59 22 5 82 64 81 72 3 39 22 85 74 71 51 8 45 18 26 46 70
45 2 74 39 48 54 92 22 41 72 55 100 83 83 54 54 49 1 65 53 42 67 90 65 12 72 69 46 15 9 4 92 17 9 73 67 21 1 87 30 7 29 13 79 15 65 41 88 69 2 57 3 19 69 100 10 89 9 4 84
39 46 25 77 21 38 37 10 69 64 94 90 95 57 6 61 60 46 76 29 68 2 65 94 69 92 25 27 22 17 4 28 31 94 55 38 88 4 63 18 10 18 50 5 5 44 50 62 21 26 27 99 6 27 15 60 16 25 70 39
84 15 69 99 68 59 33 61 91 87 21 6 59 97 72 74 12 1 23 50 14 18 59 38 37 85 64 70 99 63 75 60 52 69 68 84 30 42 25 77 72 46 77 37 76 28 37 81 65 100 31 87 31 52 25 49 89 37 43 56
15 47 85 30 87 48 80 50 20 22 79 55 7 20 71 99 55 69 26 85 42 78 74 51 59 68 77 65 39 79 96 41 21 75 22 49 99 84 5 23 96 53 43 37 79 100 8 92 23 27 6 26 69 49 65 29 51 89 60 41
19 29 78 54 41 45 43 96 28 73 32 54 37 51 9 18 96 87 70 51 8 4 27 87 1 9 27 48 92 63 28 11 46 51 56 76 55 48 31 74 63 1 17 59 27 24 46 60 32 92 98 28 77 71 52 19 37 80 1 97
14 83 53 26 21 13 46 85 73 63 75 84 56 41 11 60 14 90 57 20 50 8 36 83 37 29 62 25 99 27 92 97 52 22 14 23 89 95 88 41 46 80 16 59 77 65 74 7 82 38 30 63 32 6 73 58 59 6 46 30
94 64 83 46 47 83 88 45 72 78 83 15 78 67 36 9 37 10 70 74 6 33 88 95 45 15 23 7 13 48 41 65 79 24 48 50 3 41 74 74 20 35 52 75 27 33 55 71 72 21 25 100 80 91 87 9 98 79 13 29
99 85 57 73 16 60 65 79 35 54 34 60 85 50 67 41 60 94 85 33 90 53 97 30 41 16 95 55 94 81 69 20 63 17 62 18 76 59 6 6 44 57 12 8 47 63 55 97 80 6 94 15 31 72 57 33 95 33 21 67
75 68 57 4 63 33 56 36 92 24 43 58 3 21 56 73 64 10 69 24 87 71 54 69 95 31 16 38 90 11 51 99 21 27 49 20 75 58 84 19 8 21 43 41 67 53 73 94 15 14 33 17 47 10 61 94 88 66 85 14
71 39 30 8 42 98 62 18 9 20 65 11 94 91 41 98 22 31 43 81 5 15 81 27 39 13 97 75 65 26 76 62 47 60 13 43 34 49 97 82 19 10 76 1 35 25 52 70 75 30 84 81 39 26 66 80 55 77 43 46
62 96 29 46 39 76 1 92 66 50 93 35 12 32 64 26 18 52 84 32 68 81 79 43 78 64 4 94 23 76 48 17 64 60 60 68 23 74 87 91 8 40 62 45 51 61 70 51 49 88 74 69 52 23 57 25 35 32 40 73
82 70 58 40 16 68 68 43 42 89 35 98 88 4 4 85 77 89 62 5 73 15 59 38 47 32 5 74 38 61 46 27 13 27 34 3 8 98 18 53 18 67 47 32 73 47 9 49 8 31 58 18 9 2 33 97 91 87 82 77
46 2 74 87 43 100 68 58 76 44 76 68 98 45 56 95 79 30 73 46 50 83 13 26 70 5 44 14 39 77 88 14 22 65 50 57 32 45 90 79 57 30 34 35 99 51 1 50 61 75 23 65 40 53 88 76 50 1 22 25
46 17 78 39 89 89 11 66 32 3 97 61 90 86 31 31 10 55 78 11 88 21 69 42 13 68 94 57 67 98 30 37 91 46 8 86 81 78 70 33 99 73 52 95 58 87 55 19 91 91 19 42 17 94 58 76 60 22 88 36
47 19 19 71 47 61 41 20 50 59 53 46 31 70 33 50 45 38 43 51 81 62 98 52 98 18 84 16 91 74 86 24 95 96 51 40 40 12 61 42 38 39 43 61 64 54 100 58 89 50 84 6 85 81 63 52 27 70 64 65
67 21 6 54 93 21 23 13 58 6 4 82 84 88 25 87 28 38 54 66 86 57 68 13 24 70 17 31 17 6 63 55 65 91 48 5 78 10 33 43 39 70 74 87 99 66 49 71 21 35 5 91 2 65 58 51 93 7 24 57
38 39 17 17 6 33 2 11 52 8 57 59 25 52 45 73 61 43 27 31 7 82 23 25 85 93 49 13 6 84 22 44 73 54 2 96 98 79 95 33 86 34 76 58 21 1 61 60 65 48 70 22 81 10 59 96 33 74 38 43
76 76 62 37 98 27 56 70 56 33 44 87 6 56 27 21 75 7 7 3 71 28 47 100 92 17 49 56 46 35 100 82 89 68 71 56 58 42 29 86 86 38 87 51 59 32 11 31 22 39 38 100 75 12 94 18 97 14 36 98
55 62 97 38 66 69 13 90 68 63 53 26 63 61 81 71 57 27 7 12 17 43 65 69 20 21 45 95 41 72 75 27 74 6 6 25 37 33 62 54 24 67 3 16 49 38 37 40 62 20 17 75 21 28 71 30 41 45 44 25
65 67 43 77 99 77 6 49 95 24 26 27 55 26 42 29 100 55 97 84 53 38 41 14 47 45 91 48 15 78 69 37 56 77 58 39 11 60 77 85 41 93 78 20 93 29 60 86 10 63 77 69 96 26 4 22 97 91 41 7
46 5 78 73 42 55 44 33 9 22 90 63 68 47 24 86 52 60 71 80 96 23 33 60 12 86 77 65 74 87 99 57 4 32 44 66 69 67 46 8 73 20 39 57 45 95 60 63 36 2 54 20 23 16 3 83 20 12 7 81
21 7 22 23 14 66 87 68 26 83 73 94 15 53 87 76 97 22 35 26 74 79 30 14 23 78 66 88 1 56 94 10 6 94 17 58 49 91 84 62 44 76 80 69 80 52 46 49 56 51 30 49 77 24 29 49 20 52 15 58
55 97 64 67 72 90 72 7 54 80 2 86 83 23 22 29 36 56 33 6 34 73 88 32 90 2 83 42 19 98 17 62 51 92 73 95 44 98 59 13 2 7 91 2 20 70 69 10 60 14 8 74 44 23 91 61 42 23 66 49
75 59 75 80 66 83 18 38 85 73 79 67 36 55 86 15 47 98 21 46 17 87 10 14 4 59 10 20 21 81 88 52 72 55 71 95 71 23 79 14 79 72 23 84 92 56 72 47 90 3 81 86 3 69 73 8 89 71 37 87
4 93 99 4 99 42 83 25 79 66 78 31 14 24 43 60 31 91 2 92 96 7 9 78 93 42 37 66 7 98 2 14 35 15 96 87 15 32 47 79 98 97 23 63 4 39 9 5 29 10 12 18 11 16 14 88 46 94 9 26
62 3 4 58 33 19 5 34 22 30 45 94 100 2 58 11 16 23 45 4 19 97 72 92 51 17 49 17 89 62 44 66 9 52 60 81 73 28 16 38 80 87 41 44 48 10 29 62 22 40 16 8 34 10 82 81 70 66 26 37
85 59 42 44 25 10 4 54 3 22 95 34 41 84 27 44 84 9 97 17 78 2 42 40 49 57 17 9 57 30 36 53 22 81 9 84 90 59 59 36 48 41 88 33 7 75 57 61 30 23 29 18 47 24 31 100 41 18 25 75
87 2 40 18 34 5 47 38 34 10 87 32 20 20 46 12 12 17 70 95 69 41 1 12 10 41 50 38 1 42 34 73 89 91 60 77 60 82 53 31 57 75 33 61 15 81 51 31 79 61 76 82 12 96 61 78 42 9 20 59
53 93 85 93 30 75 96 39 73 58 9 18 65 14 47 76 3 11 58 68 28 34 5 97 26 12 60 99 25 3 72 95 61 18 90 3 79 61 56 79 41 31 86 73 99 85 57 33 2 52 90 84 7 97 87 54 84 97 35 30
91 80 48 16 48 19 32 38 72 85 70 49 85 76 22 46 33 68 9 3 19 6 49 91 81 28 92 8 72 85 56 66 14 48 43 33 92 21 72 56 45 22 18 97 91 3 80 12 92 82 40 78 18 15 80 98 30 10 71 9
28 27 21 73 72 84 36 84 55 88 86 46 65 76 92 11 62 17 47 44 86 33 52 51 27 20 25 78 100 26 51 96 13 69 26 15 6 76 29 65 32 72 31 4 82 16 91 71 89 74 81 92 96 22 3 79 17 83 16 63
47 20 86 86 4 10 23 13 55 76 77 56 87 45 35 26 76 87 89 67 85 78 50 41 12 1 16 54 56 52 1 41 82 33 88 76 66 99 91 42 1 34 75 11 16 4 38 12 59 27 67 100 61 83 19 38 72 19 27 43
10 4 68 73 30 44 41 58 26 5 36 68 67 15 94 65 9 84 35 93 73 80 77 38 83 83 72 57 71 90 59 49 96 2 14 34 41 23 100 23 53 42 47 3 97 10 8 78 26 57 26 15 8 14 96 49 33 94 8 34
59 78 91 37 6 45 55 31 57 92 76 69 79 67 9 50 65 90 73 22 9 97 90 30 72 91 14 69 78 30 50 5 50 37 88 97 30 87 9 89 4 86 86 91 83 25 74 59 38 69 84 13 93 39 77 15 7 100 70 88
40 45 21 8 65 67 46 59 83 21 18 2 89 42 23 20 86 68 19 68 23 82 33 60 19 91 43 15 75 76 72 25 29 73 26 64 9 55 24 89 29 2 43 80 61 41 12 34 83 86 27 43 15 37 1 81 1 3 52 78
61 78 84 46 88 18 87 68 34 51 63 67 82 15 2 34 41 88 89 32 77 53 38 48 80 89 21 47 32 19 67 32 94 65 71 1 91 16 57 80 40 19 34 88 35 41 57 31 68 48 66 38 84 15 61 87 86 24 28 99
57 80 40 61 7 7 52 2 49 23 88 99 60 45 31 90 17 79 73 4 12 98 74 11 100 30 56 15 15 5 10 7 42 28 1 11 59 14 29 12 6 56 82 98 9 73 61 41 80 48 87 13 97 7 45 66 77 29 63 41
