80
3
58 89 92 1 95 9 97 17 59 98 95 34 52 9 17 15 10 49 94 57 95 55 67 58 3 15 49 100 89 9 73 27 2 48 7 54 34 17 66 49 76 10 97 86 5 66 93 80 77 39 15 32 1 22 20 49 9 55 68 25 5 94 68 90 22 68 99 85 38 48 10 44 5 77 1 11 32 33 35 43
15 99 94 29 97 23 31 54 21 4 34 16 30 13 30 96 21 84 38 10 61 84 66 13 56 9 63 42 25 25 34 54 28 73 82 100 33 95 36 96 56 93 87 50 64 77 23 53 21 17 45 12 93 60 74 27 98 28 14 10 25 88 58 35 1 95 12 9 61 30 11 92 20 7 31 90 78 75 38 56
57 98 27 27 59 45 52 21 87 46 23 40 92 6 71 76 22 100 19 100 14 86 57 15 33 97 15 40 98 41 84 80 29 68 21 35 4 23 45 99 87 78 84 51 87 26 64 16 38 1 13 66 69 96 10 85 13 82 95 70 52 50 88 39 65 3 15 44 86 69 45 17 92 74 77 70 60 75 32 39
40 33 17 66 73 13 77 76 80 94 55 4 25 27 87 94 68 73 51 95 25 70 46 97 54 30 48 98 98 74 78 45 6 35 1 41 32 2 35 16 50 3 20 55 56 33 52 55 6 88 18 20 72 84 56 5 19 91 96 57 26 61 48 32 63 67 63 93 74 47 49 87 32 64 51 35 78 25 34 39
21 14 6 22 99 84 55 83 73 52 21 47 25 76 29 89 77 24 69 95 79 23 64 20 98 85 5 99 83 52 7 3 85 90 72 61 96 45 29 30 79 63 37 77 25 31 43 79 14 16 67 91 43 32 92 80 39 86 63 58 65 3 13 8 89 74 90 81 94 15 48 62 99 99 59 16 64 21 60 89
9 94 79 61 6 72 19 35 5 95 98 83 6 67 79 36 11 26 75 72 80 90 2 24 57 33 8 91 65 26 59 84 21 76 25 37 43 67 12 45 63 29 56 79 29 2 12 71 29 32 24 47 15 3 2 63 16 72 45 49 58 62 34 71 16 24 44 50 16 26 18 15 6 6 72 46 70 48 40 91
60 5 56 74 41 89 90 91 62 50 64 40 58 62 43 78 85 84 40 9 63 22 72 15 29 19 57 46 33 14 10 32 14 22 67 58 85 56 54 26 100 15 68 28 95 62 62 96 12 30 58 89 16 38 66 52 66 65 34 52 27 19 87 96 42 73 100 54 27 52 8 42 55 88 50 20 18 99 7 83
31 17 44 17 82 37 55 93 59 3 57 76 69 22 46 63 29 16 89 41 31 23 22 66 29 41 29 62 69 24 35 73 84 42 69 73 86 90 73 78 74 92 4 22 37 80 1 62 1 14 6 68 23 59 91 70 44 60 77 88 80 82 36 61 41 89 77 11 97 24 38 100 56 48 33 19 19 59 32 37
76 39 3 79 96 35 23 26 78 33 44 44 99 69 51 58 14 67 6 24 74 55 3 26 6 6 82 90 80 1 82 33 88 15 92 96 7 12 5 40 5 36 92 59 87 58 50 8 38 59 48 3 71 73 12 8 100 96 60 54 39 70 17 47 67 4 84 50 66 53 34 19 79 29 77 37 36 79 60 34
82 7 10 50 29 47 12 19 4 81 33 88 50 10 72 77 19 89 30 18 46 89 26 72 3 8 68 21 63 44 20 36 73 57 35 16 66 6 20 63 44 39 90 73 89 63 50 25 34 10 89 25 55 71 38 60 77 47 71 37 60 59 77 25 46 89 82 22 63 56 18 36 7 54 100 100 28 12 100 20
35 75 74 85 53 42 14 100 59 23 12 87 9 15 45 57 87 84 22 31 32 21 42 82 56 28 72 49 61 8 26 41 7 83 38 42 42 23 14 61 87 46 71 31 63 64 46 39 64 65 21 63 14 80 49 46 14 49 14 83 56 54 62 46 18 58 20 99 88 40 38 92 98 49 74 53 84 82 3 29
57 41 16 60 13 65 46 59 5 19 4 88 39 37 20 40 44 98 81 35 12 22 54 25 36 31 94 68 84 12 88 17 46 98 61 50 8 70 16 54 72 39 85 68 56 95 98 80 60 23 94 54 87 5 33 32 28 85 32 88 19 38 38 37 14 100 21 12 22 72 76 97 88 4 99 30 10 5 14 62
100 81 19 92 56 29 30 97 25 2 43 9 47 26 50 43 16 23 77 46 89 36 51 29 59 39 9 28 68 65 51 13 24 22 6 78 7 98 35 96 84 53 9 24 97 34 83 100 26 10 88 12 77 42 66 45 95 41 98 3 79 88 40 39 96 34 45 51 49 100 51 99 6 25 45 63 12 1 84 96
86 15 63 97 63 94 48 65 6 24 36 54 56 77 91 35 84 90 53 41 88 98 26 40 33 59 5 44 49 23 83 52 11 76 54 4 73 30 29 64 44 71 31 63 61 75 62 92 86 100 68 48 64 91 15 93 10 77 10 24 39 31 30 21 31 95 44 34 4 20 17 42 80 9 99 44 68 58 74 70
81 6 26 62 28 91 49 60 46 55 73 73 56 14 49 19 14 5 95 91 33 30 99 42 17 45 66 60 10 59 66 27 78 51 31 75 44 46 70 17 64 43 100 7 13 30 81 77 23 47 30 75 19 38 96 52 89 63 85 54 23 25 49 46 74 83 19 32 6 36 36 16 44 29 47 76 68 97 70 57
7 100 100 74 61 47 96 83 15 65 7 15 99 24 95 24 99 26 23 56 81 60 84 36 28 86 29 29 58 89 31 17 22 88 90 48 7 38 70 25 15 52 33 74 96 2 22 11 30 3 37 32 52 8 100 23 82 18 22 96 34 45 22 22 55 84 54 43 80 6 88 30 43 20 25 9 78 36 98 58
42 65 52 94 2 60 4 99 12 5 56 48 32 22 91 98 47 63 12 17 95 28 71 84 55 96 33 70 89 36 36 38 9 88 2 29 75 90 40 8 6 25 3 16 70 26 34 85 46 92 74 40 33 19 29 66 11 99 23 71 2 35 66 3 80 35 73 54 44 5 81 98 100 22 60 62 84 95 5 78
18 44 78 10 28 47 51 32 39 2 5 33 14 36 94 41 21 53 94 6 85 36 32 50 3 18 83 20 15 35 74 25 29 10 75 12 100 34 99 36 7 81 44 12 3 31 45 20 90 21 46 76 50 9 21 87 86 16 6 78 44 36 16 49 70 49 56 22 85 65 56 33 70 75 6 69 3 86 45 95
32 2 49 72 58 76 10 64 48 93 91 32 4 23 74 92 60 51 75 76 73 85 65 69 91 92 90 29 77 30 22 46 22 13 91 10 43 12 33 79 46 90 14 98 19 22 76 46 63 14 7 71 38 49 69 82 28 18 33 14 4 38 63 10 14 22 75 11 7 97 68 16 78 61 37 19 3 58 57 11
6 74 62 97 62 23 11 24 5 80 10 76 66 71 32 78 40 31 81 45 45 89 6 40 41 54 63 92 24 3 5 35 4 48 41 77 66 77 23 89 23 2 9 24 27 11 78 82 39 35 26 41 69 92 17 49 73 48 40 32 29 86 2 23 61 29 98 26 79 5 82 22 41 20 68 30 37 29 82 17
99 31 39 24 65 95 60 42 75 53 9 91 34 54 61 92 9 1 88 9 44 67 44 100 28 64 61 72 60 45 31 99 34 73 53 9 38 24 40 47 33 70 87 39 46 47 43 38 34 30 45 14 51 91 69 93 82 51 39 16 41 60 80 99 54 89 59 2 58 4 68 80 29 67 29 73 4 40 42 75
16 38 71 35 16 46 98 87 85 61 69 91 79 90 24 5 49 19 7 79 42 10 96 40 20 73 71 56 32 6 43 62 53 58 29 73 78 16 94 13 67 76 29 22 31 46 44 47 39 81 26 58 78 89 44 66 76 95 100 62 56 84 11 53 60 58 37 23 74 63 56 89 66 29 1 89 47 50 76 77
96 63 52 68 6 27 69 22 28 60 72 74 15 64 1 29 49 40 96 97 2 30 95 24 49 44 5 38 67 89 69 81 75 99 80 3 61 90 51 71 71 20 86 55 3 76 3 3 38 35 42 60 90 88 79 82 36 63 46 66 68 2 72 72 66 15 78 17 55 28 97 19 53 75 63 27 14 38 68 29
81 8 21 88 18 34 19 52 45 98 93 47 84 40 30 76 28 39 78 14 83 32 92 27 47 89 15 86 74 30 8 98 67 40 23 71 67 93 77 70 78 44 21 92 64 56 46 62 34 14 1 95 3 1 48 17 42 80 48 56 26 25 31 7 14 32 10 84 60 28 14 12 14 39 75 40 21 70 14 88
63 41 49 90 64 6 3 55 55 71 12 12 31 22 98 67 47 76 44 33 13 18 9 87 34 32 68 25 17 26 9 15 14 45 37 13 16 55 92 87 60 93 42 3 99 37 93 84 97 10 76 19 86 95 79 8 94 18 40 95 68 64 33 59 30 20 61 18 40 66 45 51 82 52 50 91 61 93 23 37
11 67 72 52 23 12 46 77 21 66 58 11 29 84 65 96 44 80 17 67 79 68 29 35 52 64 5 78 98 39 78 19 6 76 74 2 85 59 77 65 17 55 46 100 90 92 92 77 86 1 87 81 6 8 66 45 16 62 42 79 42 88 10 96 88 30 45 29 86 93 70 50 2 75 58 93 26 41 3 12
28 61 36 6 1 30 50 37 84 89 78 9 98 99 53 74 26 18 40 85 50 70 99 59 34 89 31 24 41 7 43 1 47 64 43 41 55 75 96 40 79 46 88 53 29 31 29 37 62 33 89 95 39 76 2 65 85 55 15 58 4 53 1 8 39 26 90 3 90 86 84 67 6 1 11 15 22 78 3 58
72 28 61 92 86 61 70 8 20 55 85 89 27 99 63 31 69 46 34 17 84 71 9 1 77 90 17 82 99 96 76 85 17 42 60 83 8 98 31 96 13 20 14 62 44 12 92 66 26 8 20 45 97 92 31 33 23 56 13 42 11 90 38 77 27 22 78 40 34 4 65 70 50 22 91 5 14 46 72 26
53 49 1 82 96 29 76 58 38 33 52 2 82 33 6 72 71 76 75 98 61 30 81 81 62 3 73 98 6 42 7 34 9 84 61 88 61 94 49 26 86 1 59 58 37 36 75 30 50 9 68 10 3 43 83 62 4 73 6 38 96 37 5 76 36 82 51 34 36 76 97 50 12 60 68 66 58 63 33 13
54 33 81 15 2 16 67 53 83 11 75 47 40 35 63 83 72 89 45 38 21 19 48 8 36 99 89 38 47 96 50 67 93 51 65 100 83 59 33 25 84 30 78 24 44 37 37 48 54 38 33 7 22 42 56 44 78 85 40 15 47 91 9 6 38 25 12 67 39 56 48 57 20 19 69 75 85 62 81 1
66 13 17 57 8 31 16 49 94 20 72 57 71 37 11 87 23 31 15 72 7 44 55 90 90 42 21 45 6 50 38 69 36 34 71 69 41 95 67 1 43 48 11 94 19 75 5 70 34 30 54 24 88 83 82 48 21 72 39 86 23 53 6 27 69 92 44 16 81 2 23 76 65 66 19 58 72 31 64 71
79 5 67 25 84 34 21 6 7 4 69 53 43 74 45 25 4 61 98 19 66 13 62 20 29 74 22 96 69 84 64 31 56 43 28 21 23 96 80 4 9 37 97 25 24 36 61 32 14 43 66 56 99 55 93 24 70 97 95 9 5 30 40 27 39 11 3 58 77 89 49 34 56 68 46 19 85 11 39 36
39 89 56 11 27 96 42 41 80 1 75 95 79 25 1 100 89 65 52 91 81 54 61 79 41 47 79 58 85 83 71 91 24 93 39 51 84 66 57 76 91 88 32 50 23 38 34 84 82 29 45 98 39 9 70 35 99 43 50 86 83 100 65 19 94 72 14 73 45 47 96 57 87 30 3 90 28 96 82 63
37 63 55 44 66 15 71 71 64 66 7 73 76 57 18 70 39 18 51 29 8 88 85 60 43 92 22 27 19 79 93 4 75 7 68 47 5 63 11 27 8 65 81 71 13 18 22 88 68 82 82 81 28 54 6 79 95 66 53 76 98 84 99 83 47 91 20 95 58 35 49 87 72 22 6 69 3 93 63 64
53 5 43 77 26 84 57 69 31 100 59 47 73 52 75 30 98 89 89 19 48 67 7 38 4 13 16 70 30 16 48 99 75 98 24 3 29 89 81 72 45 1 99 14 10 48 35 38 56 42 30 87 86 66 64 2 51 94 18 77 69 29 83 20 71 38 38 84 4 89 22 10 81 73 37 30 20 22 34 61
59 89 95 31 92 19 61 72 77 25 4 15 77 60 62 62 49 31 85 12 81 58 30 84 53 48 28 4 5 38 68 49 13 31 10 89 64 17 81 43 25 10 67 58 96 87 45 67 2 61 4 98 80 40 61 5 36 11 92 60 62 87 4 72 79 68 9 65 80 68 74 67 56 19 48 95 58 46 9 53
77 34 73 51 13 40 23 72 38 16 48 96 80 17 49 35 74 34 63 61 4 11 81 43 57 73 87 82 34 65 51 93 49 91 80 77 19 95 72 28 38 11 13 66 93 18 12 81 77 40 14 15 33 63 75 80 57 53 79 98 70 43 29 82 85 3 8 66 78 85 54 95 75 51 83 11 89 82 45 83
8 61 49 31 29 20 55 4 23 79 62 99 69 17 87 71 66 87 26 54 89 60 2 55 65 70 82 54 41 77 38 53 52 83 97 64 77 51 59 86 89 97 22 29 95 78 93 91 24 3 26 39 38 47 68 63 50 94 78 62 4 43 14 38 10 31 75 13 64 42 5 62 49 55 40 64 58 32 32 97
65 54 91 23 80 26 79 36 73 31 46 62 21 27 77 2 78 58 90 52 79 29 95 71 83 43 57 20 5 46 26 25 18 55 98 73 84 87 49 50 56 98 31 100 67 7 50 39 13 98 98 81 85 95 41 40 36 23 78 68 7 19 4 1 59 66 67 42 46 73 87 84 64 10 54 62 71 13 51 43
2 75 82 97 5 79 70 43 75 75 39 32 3 68 60 100 45 14 82 34 100 60 80 8 81 15 48 40 61 55 70 97 6 90 100 4 32 21 30 5 66 48 29 13 86 85 74 49 71 52 65 11 59 76 96 83 64 29 74 57 96 94 88 65 42 23 96 90 45 22 61 4 62 28 8 22 11 58 10 59
52 26 39 39 11 97 49 25 51 58 10 86 80 62 53 68 15 61 29 31 64 72 77 21 68 69 2 82 7 98 28 92 43 73 34 19 57 41 51 20 5 24 24 70 57 72 64 6 71 61 25 57 55 58 57 86 15 5 40 61 89 34 45 54 59 52 44 65 78 33 46 35 24 18 86 27 82 58 83 2
11 52 81 47 74 52 53 48 8 36 78 35 3 4 67 73 29 46 92 14 41 31 93 81 75 43 86 3 93 19 18 73 93 99 21 85 79 88 63 79 74 42 37 37 13 99 58 40 49 49 62 44 9 53 49 44 13 90 1 40 71 68 17 75 33 43 45 45 100 68 60 58 7 14 76 90 28 15 55 52
85 39 68 85 47 7 97 77 17 6 58 6 79 78 88 19 13 37 95 98 16 79 93 59 79 30 55 44 74 30 84 46 19 35 68 92 70 98 87 66 65 12 82 49 67 22 81 72 18 72 66 61 18 52 94 85 27 3 37 47 29 74 77 69 3 96 73 59 66 95 27 68 45 56 2 30 68 34 94 65
16 45 68 57 34 46 3 87 81 6 36 94 60 53 17 18 96 87 31 32 74 55 48 78 10 12 79 68 40 62 25 96 79 39 34 20 50 52 84 3 77 37 32 66 66 53 68 9 100 32 78 52 57 1 41 41 51 42 7 6 54 65 68 20 54 7 50 6 23 82 100 27 11 71 45 48 92 42 62 3
39 16 88 12 93 6 6 10 46 47 35 96 76 24 84 18 20 95 45 40 75 26 6 5 62 69 84 98 69 99 98 52 19 10 84 22 54 99 70 57 54 69 96 68 59 58 5 6 49 100 73 3 23 89 70 43 83 84 46 100 24 8 1 78 24 37 51 84 84 23 71 67 10 7 16 57 51 18 94 42
49 1 97 40 33 86 7 22 3 27 32 92 82 35 58 35 95 63 44 40 49 34 97 26 21 39 86 75 7 8 52 76 89 73 68 92 11 51 85 56 17 10 96 60 89 96 65 42 57 2 72 97 4 98 6 25 59 100 49 67 35 78 89 58 95 15 69 63 25 44 43 94 54 96 81 91 63 74 76 29
86 81 100 86 26 69 41 58 16 4 82 76 11 86 83 79 85 99 98 47 80 51 63 10 24 15 41 8 68 20 3 74 42 100 45 64 3 39 8 90 28 1 23 2 74 18 96 86 54 99 37 6 73 78 39 9 83 35 21 69 58 34 100 21 18 68 57 81 76 27 28 79 85 6 46 73 76 91 96 46
80 79 80 44 33 32 81 20 91 44 10 96 53 11 42 88 18 52 87 31 13 52 12 93 60 58 25 56 10 2 5 77 79 40 19 92 36 51 50 77 88 32 70 87 3 19 8 34 79 78 38 100 30 1 37 63 19 52 78 56 7 99 29 41 79 40 43 15 92 12 76 46 58 99 3 30 89 75 71 40
90 49 67 69 61 43 21 49 31 53 72 38 97 36 54 31 1 73 25 77 91 81 1 15 77 44 53 67 87 14 89 87 63 92 23 20 19 44 29 33 39 17 79 26 78 88 68 26 9 69 94 1 34 36 81 1 67 82 78 69 13 59 53 45 34 22 65 43 37 96 51 82 79 14 67 84 51 8 5 6
82 39 81 24 6 59 54 17 11 4 25 7 84 25 4 96 32 27 77 74 71 9 37 15 53 67 22 65 51 70 27 26 9 59 96 37 77 54 50 65 87 67 76 92 21 93 38 59 55 86 89 61 56 78 66 93 59 10 45 59 71 27 61 96 39 85 50 21 90 72 59 13 99 2 75 30 51 96 31 53
93 94 17 85 17 33 91 28 16 9 1 65 77 23 86 15 45 68 85 72 20 9 32 74 14 15 30 59 90 41 76 58 77 15 51 68 85 49 98 96 64 49 55 81 76 91 94 11 46 29 26 35 68 73 95 18 29 13 89 65 10 35 41 71 4 45 20 93 86 2 79 92 99 70 18 63 38 90 66 95
64 86 39 6 31 55 18 32 90 94 59 59 51 24 50 66 41 3 27 24 22 60 63 23 76 100 60 93 65 12 75 33 33 38 47 10 67 98 85 100 76 63 64 79 41 46 94 74 100 8 88 22 80 33 4 59 24 92 91 83 49 38 47 43 49 78 58 37 73 55 39 23 52 2 68 34 19 61 51 60
85 2 16 19 33 31 72 91 31 48 32 73 72 15 12 57 96 54 96 52 60 39 97 60 75 95 92 80 84 69 99 65 44 62 25 37 7 71 13 89 41 91 36 64 53 68 11 58 18 4 36 93 7 55 64 98 71 54 67 99 3 66 18 67 81 56 64 40 79 62 76 21 52 70 6 39 98 94 48 49
24 80 98 55 57 54 22 42 16 44 45 49 68 9 35 8 6 58 75 71 81 49 11 58 76 40 34 61 49 86 3 30 72 15 11 94 83 68 18 76 55 17 9 42 15 71 100 45 76 20 19 23 42 68 17 5 29 19 80 55 76 13 72 61 100 49 1 24 45 71 26 22 91 79 47 72 15 75 82 50
81 8 84 87 96 28 46 70 23 57 43 54 57 83 21 1 9 9 49 83 85 90 95 19 29 80 15 63 79 48 57 36 75 33 79 48 15 45 24 32 95 9 63 66 41 39 33 53 84 64 84 85 68 32 44 54 62 4 69 61 28 24 29 75 12 19 23 53 20 18 29 66 26 68 66 94 54 26 91 57
80 80 48 57 73 20 28 8 65 81 97 97 4 46 17 13 72 56 44 27 67 72 69 100 89 29 28 16 98 2 99 72 82 45 3 73 5 68 77 69 98 75 23 84 98 38 7 72 48 91 25 18 26 94 40 61 70 97 13 14 27 81 17 85 23 86 71 62 49 55 95 57 88 71 41 73 56 78 27 76
85 59 10 6 92 53 32 46 70 43 33 91 80 56 53 28 26 99 38 16 21 98 42 22 4 45 21 3 35 81 14 89 87 53 34 73 48 5 41 36 10 12 100 1 20 42 87 3 17 84 28 19 38 80 45 74 93 42 88 85 8 15 11 74 97 92 45 61 16 70 52 52 14 59 42 31 74 46 3 77
26 58 26 56 81 29 17 97 96 89 92 56 17 75 59 3 24 13 35 91 26 63 10 87 32 54 88 72 6 10 28 50 33 88 96 69 80 61 73 1 68 4 89 56 83 50 100 67 21 82 64 86 35 31 65 79 56 23 88 61 74 17 43 54 40 78 54 35 6 30 41 68 71 83 1 87 39 91 76 17
96 10 8 99 23 49 69 40 95 87 56 57 67 40 94 73 96 96 32 32 65 75 74 26 30 6 18 6 37 86 81 48 65 69 95 14 54 57 42 28 89 22 85 96 71 6 87 76 87 50 30 61 6 93 95 24 89 95 63 17 41 56 2 20 77 17 25 22 18 26 89 54 71 55 39 2 42 47 13 100
19 38 11 86 49 97 48 79 24 81 29 56 34 20 96 99 30 4 83 74 29 64 90 66 84 58 96 58 69 79 86 60 60 85 79 13 14 87 60 97 27 78 9 25 3 100 21 82 72 35 54 16 2 34 73 60 5 11 89 38 66 2 37 18 16 76 57 4 37 24 48 54 35 92 54 57 34 35 19 69
68 51 66 71 94 79 21 54 69 73 72 81 33 53 54 17 50 72 13 70 80 23 35 26 9 92 54 90 100 41 77 25 77 39 19 1 66 93 60 4 39 65 64 43 3 53 33 13 30 78 19 5 47 7 46 78 1 20 12 76 32 57 51 19 75 94 35 31 25 22 68 67 6 59 86 93 86 12 50 53
50 10 34 40 62 94 13 78 16 30 63 57 11 54 61 66 58 1 67 55 91 60 4 76 84 24 13 95 90 79 23 8 15 31 66 73 100 46 68 51 11 89 80 19 87 24 72 55 14 33 66 34 2 74 58 87 44 65 71 5 10 92 35 23 50 65 8 25 81 96 7 41 41 21 66 50 20 83 65 18
69 40 51 71 3 35 79 58 4 38 54 17 29 31 95 67 79 52 68 33 13 44 50 31 44 61 19 71 89 84 74 26 91 68 92 70 54 27 69 91 60 76 22 99 82 84 81 73 92 24 2 68 68 72 96 96 3 87 84 6 99 9 59 32 16 18 57 75 11 93 82 31 58 49 28 62 93 60 86 13
28 24 69 33 55 55 35 27 5 71 93 67 2 79 76 78 88 74 76 46 58 12 73 43 79 68 59 71 54 68 75 69 99 84 51 38 41 40 95 70 24 53 28 96 67 37 12 3 86 44 11 100 94 75 9 7 87 10 3 61 95 35 37 88 55 69 47 86 76 57 89 45 62 29 67 12 70 46 17 17
53 21 63 49 61 15 23 85 1 59 98 38 53 9 68 46 93 31 87 42 81 87 76 94 84 52 26 63 74 96 31 81 76 19 80 92 76 2 50 51 85 21 11 87 37 85 31 70 53 100 25 64 6 97 57 94 54 93 63 75 48 54 24 48 81 26 60 54 95 98 28 18 35 53 79 61 85 14 17 69
46 48 48 70 93 59 24 72 53 25 78 22 50 98 19 64 28 71 9 8 83 35 30 12 37 51 77 60 36 17 47 32 48 84 8 79 55 70 58 54 46 99 23 61 98 66 50 57 12 49 75 45 22 91 42 25 68 14 93 23 80 69 95 71 8 42 63 4 44 87 5 67 3 88 77 10 42 100 37 79
24 24 8 10 50 84 92 41 12 24 57 67 13 40 30 20 71 77 99 92 9 76 29 36 7 44 54 16 98 45 69 82 62 20 33 49 3 11 28 14 72 81 77 86 37 94 51 30 85 89 12 9 54 51 53 65 22 99 90 7 85 29 50 5 12 18 76 78 22 61 71 94 52 41 41 24 62 88 57 29
77 55 26 16 18 67 36 70 60 91 86 33 25 14 12 59 57 26 34 4 36 33 71 18 34 28 62 41 93 93 66 90 10 17 51 52 13 61 9 90 50 41 41 41 33 62 94 23 56 68 83 10 13 25 13 91 8 27 56 51 9 64 23 100 22 1 82 15 41 92 41 10 68 68 26 64 54 12 34 86
19 52 11 93 55 18 13 70 47 17 100 11 71 60 76 93 100 13 78 83 8 44 3 59 84 71 26 20 56 42 34 73 54 59 52 10 74 25 59 79 2 20 10 65 30 46 87 49 16 43 79 94 63 33 30 27 82 1 46 23 38 27 6 3 53 18 43 28 32 22 90 82 67 90 93 32 65 88 21 9
90 11 7 97 7 74 94 53 72 32 82 85 5 47 16 31 90 97 35 67 81 17 7 9 58 57 48 52 36 13 27 14 24 42 33 56 5 39 13 62 15 21 93 76 85 26 8 20 25 65 41 17 19 54 96 28 33 77 36 72 72 85 77 4 18 40 14 29 84 34 60 55 49 8 20 71 13 87 70 13
28 47 64 20 83 30 93 5 93 96 61 27 35 13 24 90 14 37 91 1 81 80 77 15 7 5 6 69 82 76 49 42 88 10 99 26 11 30 13 42 20 13 99 1 5 82 35 4 14 25 55 74 62 36 21 54 72 30 74 30 53 43 47 93 76 17 3 13 6 73 38 91 43 78 95 18 67 17 26 51
96 64 53 7 24 3 29 18 88 80 25 54 61 61 1 68 13 73 57 9 23 6 23 64 85 97 11 16 74 67 37 96 96 85 68 9 99 18 56 82 67 12 58 47 23 52 4 86 60 58 93 95 25 84 32 47 51 40 16 90 18 16 31 94 84 2 47 48 25 92 81 71 87 3 60 43 44 79 62 3
85 18 75 42 95 62 83 51 43 63 79 30 17 86 85 79 10 100 57 66 86 8 11 89 49 21 10 80 23 51 66 88 78 90 58 29 40 98 32 42 32 76 54 23 19 34 27 12 9 8 31 76 52 31 60 21 26 65 99 88 37 20 59 51 64 41 9 9 12 23 48 67 86 34 78 26 64 94 57 13
75 15 27 45 73 79 75 68 75 34 77 63 92 72 64 18 47 34 47 46 11 8 99 56 26 10 30 6 61 50 59 56 12 56 10 38 50 14 35 51 95 55 92 63 7 49 20 39 17 84 16 54 43 43 43 53 94 47 85 76 32 51 35 48 47 13 77 99 71 100 56 70 52 82 71 30 91 58 25 25
42 32 87 45 5 10 53 17 96 4 25 87 30 23 55 60 65 36 7 6 88 82 63 99 41 35 73 26 8 41 37 69 42 17 42 9 14 40 24 28 100 62 29 38 5 14 54 57 50 45 99 49 14 75 65 83 14 31 54 69 40 78 30 2 49 69 23 75 26 21 39 5 60 41 83 18 38 86 85 63
23 82 29 99 91 57 74 7 7 58 83 55 95 17 58 18 25 83 12 52 13 77 52 31 54 57 89 44 92 32 91 55 7 48 20 47 2 1 8 2 36 29 15 79 55 27 46 48 41 19 17 5 89 25 50 21 37 57 27 18 82 16 27 5 49 50 100 46 86 97 85 90 2 79 75 59 85 60 8 7
52 64 60 44 1 19 99 5 19 69 80 71 43 1 88 12 42 100 17 56 58 54 83 47 35 58 24 70 33 9 34 20 54 26 65 39 17 18 73 31 75 61 8 83 96 54 40 21 12 55 95 69 68 69 1 65 36 93 42 46 65 33 25 53 83 79 68 50 83 84 30 32 82 18 92 44 79 32 68 37
90 24 46 59 66 42 5 60 69 44 25 34 64 29 90 84 2 23 68 94 3 83 95 15 70 17 76 94 70 30 9 4 26 32 85 20 44 44 56 7 99 74 13 81 31 34 100 83 68 70 50 60 84 29 7 73 22 34 40 59 5 20 40 62 14 71 15 48 61 16 63 60 43 77 77 27 70 55 2 95
12 3 7 10 13 65 50 74 89 37 35 2 20 35 3 40 58 67 63 19 80 80 45 50 64 91 92 43 43 5 13 32 74 56 7 87 15 89 53 69 39 97 9 37 25 80 30 47 53 30 5 98 43 97 91 45 85 74 54 40 63 7 46 22 4 43 16 1 96 18 9 26 85 4 63 39 78 22 1 35
37 61 3 17 29 29 57 31 2 7 21 17 20 50 38 25 53 72 14 71 57 16 99 66 74 51 71 22 26 77 40 55 69 45 10 69 17 12 64 6 86 90 21 61 67 75 91 94 64 70 71 3 100 24 43 46 5 6 74 52 17 7 76 19 68 84 41 12 77 48 35 91 27 73 85 93 63 93 45 48
41 80 70 48 87 14 27 28 63 99 84 8 61 41 87 32 40 23 13 23 15 28 24 79 83 32 57 37 46 31 40 86 80 31 23 29 29 68 51 46 37 52 93 82 82 95 20 65 50 26 80 50 38 15 89 3 100 7 95 38 49 80 25 47 68 3 21 97 64 99 88 10 61 69 2 90 99 74 89 34
85 49 50 80 64 66 45 48 86 17 52 93 50 98 62 98 87 41 49 51 63 2 82 9 100 45 68 45 2 67 75 54 71 45 52 68 57 56 13 58 45 89 64 62 26 23 29 27 49 30 57 66 76 3 73 54 39 45 4 31 29 63 78 36 42 27 97 17 14 13 2 74 45 93 37 19 46 27 14 66
47 42 34 32 47 37 15 75 90 7 30 94 49 93 65 33 35 18 48 99 11 39 69 89 22 68 39 6 50 60 89 61 2 24 97 84 85 9 1 24 19 2 20 73 54 71 11 34 27 80 45 98 26 43 83 22 46 88 58 92 16 87 14 2 43 41 12 7 53 36 54 60 41 89 15 32 32 68 37 75
7 14 65 59 22 92 88 51 49 45 20 18 19 79 40 84 13 72 28 99 1 11 45 15 64 24 94 1 72 34 42 3 92 79 69 12 48 78 54 40 71 82 51 46 79 74 99 73 9 44 96 81 15 32 97 37 22 73 43 98 72 99 56 42 91 62 57 68 88 63 2 51 43 59 14 41 91 10 49 37
85 38 55 20 94 29 85 86 20 1 38 43 26 94 20 28 93 22 96 60 34 98 5 92 59 34 79 54 68 88 96 44 2 11 29 17 22 36 42 46 69 69 62 93 38 63 42 78 9 43 25 25 82 36 79 87 17 29 8 59 3 87 64 30 87 100 2 31 63 89 69 21 16 75 19 78 36 99 82 56
39 7 78 52 23 72 42 9 59 22 56 12 48 14 80 39 43 24 57 39 94 96 59 19 12 36 65 85 63 57 19 62 58 54 52 64 89 22 34 60 37 33 14 88 34 22 22 62 84 52 24 17 78 73 74 82 49 49 60 80 84 78 81 71 68 96 85 50 18 48 7 14 31 83 19 10 49 42 37 83
72 93 32 66 33 72 24 20 33 37 57 61 36 90 12 16 57 31 18 31 5 37 33 82 73 73 46 67 33 57 28 8 69 59 86 21 28 10 98 79 50 24 51 38 95 40 90 24 23 52 85 13 95 61 37 36 65 56 43 48 26 2 96 36 4 56 71 79 45 7 48 43 87 79 33 17 10 89 44 33
68 16 56 60 49 66 29 5 15 63 79 53 12 29 30 35 70 53 35 70 98 38 16 36 91 67 15 41 83 55 50 79 66 45 51 54 3 6 29 86 64 74 29 85 53 65 23 73 71 79 22 80 56 57 86 59 93 22 38 13 62 91 11 89 60 50 92 16 71 18 26 45 88 1 49 91 6 32 37 7
33 99 16 30 18 57 90 76 54 61 52 35 10 37 39 5 64 9 25 39 37 86 87 93 35 24 38 11 24 87 97 55 40 15 45 30 91 32 15 62 84 10 72 12 44 79 40 1 14 30 95 22 99 50 5 31 68 13 36 33 12 79 29 7 56 19 28 51 37 37 73 76 40 47 46 67 15 86 3 88
54 19 10 61 89 37 54 2 71 75 73 44 20 53 53 19 18 48 52 2 28 76 24 41 71 19 42 16 12 71 29 30 83 16 68 56 89 4 97 45 53 9 31 3 97 99 82 67 55 17 55 49 85 45 25 4 84 20 60 36 59 25 87 28 56 84 75 29 92 53 96 33 63 44 24 33 8 72 6 85
75 47 57 60 26 87 30 59 84 72 32 53 74 15 3 81 42 18 72 54 77 98 47 30 67 11 90 63 79 68 42 14 13 50 87 46 14 83 39 59 5 21 60 16 89 48 91 77 23 79 99 47 83 88 83 82 53 65 44 87 75 55 85 64 31 35 25 25 21 51 59 61 10 84 15 88 81 58 31 61
38 8 53 86 98 55 49 74 42 90 95 44 55 76 83 61 47 9 65 60 37 72 43 96 24 99 76 25 79 99 61 90 90 31 71 43 16 58 24 43 74 29 7 11 38 37 99 38 83 4 57 73 65 61 99 87 95 16 5 50 71 48 60 33 48 53 49 92 67 73 42 4 88 99 63 73 30 53 16 17
47 9 86 12 53 81 75 17 7 82 42 7 86 64 5 54 49 89 30 48 15 79 67 19 72 80 49 83 17 17 60 31 11 14 30 1 90 75 83 15 60 11 44 98 22 59 79 73 81 10 85 29 43 5 86 94 69 71 21 51 61 100 32 43 22 79 86 91 96 6 92 77 78 22 90 37 91 48 1 17
5 94 52 9 86 51 6 62 11 49 96 26 7 74 83 39 78 23 98 92 81 64 5 24 69 21 42 22 79 57 51 72 90 77 2 13 49 40 90 51 98 13 46 6 21 75 48 97 33 96 62 53 82 12 7 18 32 89 33 91 53 45 41 21 24 89 40 87 8 35 31 7 61 72 59 34 23 90 40 32
98 83 58 90 66 86 55 48 89 29 6 29 74 27 28 13 66 50 17 42 74 98 64 71 15 31 19 49 72 80 32 82 46 81 36 49 32 34 45 68 59 96 91 88 85 36 17 57 8 99 25 72 92 23 89 90 18 37 69 83 77 35 81 68 25 4 68 78 85 57 7 73 39 16 89 68 75 49 57 61
54 56 63 96 34 28 51 24 13 92 33 96 72 65 71 20 45 56 5 11 79 26 78 2 4 38 93 48 14 83 84 17 11 62 20 41 91 44 32 32 77 18 58 97 27 41 64 25 14 36 88 19 8 51 9 90 30 87 90 82 52 63 10 24 76 64 100 68 59 13 43 19 58 6 55 26 18 18 36 60
68 52 65 80 92 29 89 85 75 29 16 70 88 62 93 73 51 23 58 16 23 92 50 27 10 44 70 1 59 5 16 6 76 39 85 55 37 62 4 16 49 87 68 1 42 25 7 42 6 87 17 22 60 64 5 76 47 62 54 11 45 72 72 29 69 85 86 45 68 3 69 39 7 66 43 29 26 31 78 99
55 75 64 32 47 81 2 14 81 39 39 60 56 81 21 100 59 50 68 88 11 72 95 31 1 85 100 52 84 26 23 45 98 18 20 97 34 52 10 2 14 100 47 3 71 17 79 35 81 47 14 36 81 45 80 44 69 38 99 36 91 17 50 21 86 93 8 35 84 53 61 8 16 70 70 68 72 23 33 8
68 52 36 16 4 4 62 42 3 41 95 78 95 62 43 18 8 87 47 93 55 90 26 87 9 13 8 6 17 30 51 26 86 68 51 2 27 35 57 32 83 100 91 59 78 69 39 52 60 54 37 48 65 13 31 77 32 59 17 51 61 92 85 50 14 62 76 79 86 37 9 29 97 85 64 1 9 70 48 29
21 80 31 80 50 10 25 15 30 66 6 24 43 79 93 11 23 46 62 56 12 72 41 84 94 44 72 9 13 16 8 18 92 88 25 61 80 34 6 49 88 9 85 100 3 97 51 55 52 18 77 49 9 23 13 37 80 70 99 74 78 40 27 51 97 90 17 95 74 80 5 42 70 69 37 37 23 54 14 1
31 89 15 10 95 88 26 66 3 44 3 4 58 61 88 79 86 39 25 33 26 92 53 61 4 12 77 82 27 55 37 43 42 68 71 41 100 87 74 36 2 9 98 65 3 53 89 93 3 60 14 38 97 27 48 60 78 69 1 49 38 53 51 49 29 98 58 33 34 94 42 30 60 42 49 23 95 34 59 68
56 73 85 42 42 80 88 72 42 5 45 91 35 37 21 49 54 5 34 84 8 44 83 27 57 15 28 81 82 86 92 2 92 79 65 65 49 73 75 62 25 73 56 84 65 69 31 6 24 86 77 7 77 31 16 4 62 25 78 52 68 34 51 35 24 72 83 80 35 35 39 86 30 3 18 73 54 50 36 62
2 45 27 62 10 26 63 36 67 66 48 4 9 74 12 82 82 28 42 98 87 3 24 71 85 95 47 26 17 22 74 27 47 34 50 83 49 33 76 60 80 33 67 34 54 35 30 8 59 55 53 40 72 100 31 92 5 86 21 33 93 93 23 54 61 88 74 44 84 84 98 17 51 79 98 40 13 23 9 64
100 1 76 51 70 89 13 72 36 6 39 55 2 55 93 36 36 90 74 32 59 86 60 30 94 85 66 43 46 88 24 72 17 91 82 37 66 25 12 49 29 68 95 37 59 90 19 13 93 37 73 94 22 65 86 97 18 82 8 1 21 30 20 61 77 39 43 87 70 64 31 37 22 42 74 70 79 20 3 79
53 7 95 1 22 59 28 66 10 17 52 43 74 4 19 6 18 88 37 79 69 1 18 77 36 4 2 52 90 47 88 89 12 9 42 61 54 49 37 37 73 99 34 39 11 94 75 95 64 16 73 100 41 19 44 1 82 79 25 14 44 92 91 75 11 59 26 74 47 67 52 3 82 46 48 68 40 22 73 25
62 15 86 3 25 81 35 75 12 65 34 96 58 1 2 79 11 63 99 16 3 78 22 75 56 82 47 53 2 92 84 45 25 68 42 77 26 50 4 60 71 2 62 84 57 47 100 91 34 26 50 9 94 41 44 87 93 61 77 62 57 15 81 84 82 86 31 29 62 24 39 82 98 50 27 82 89 46 22 43
50 66 2 13 52 79 66 1 17 18 33 41 97 96 88 3 98 32 98 52 41 53 28 98 57 37 47 86 92 13 39 75 10 96 85 46 15 73 30 47 46 41 2 10 93 22 21 88 53 60 39 94 38 20 5 12 31 77 11 23 92 34 10 33 87 35 97 61 90 1 42 53 41 65 33 66 88 46 64 17
92 22 5 58 18 90 73 49 33 19 89 16 53 96 21 92 92 49 3 33 41 15 61 69 82 17 59 3 40 60 43 34 42 39 2 90 47 80 12 66 70 6 42 15 82 9 59 31 6 76 98 65 32 56 84 68 56 42 10 58 89 90 17 29 20 27 100 68 39 62 70 32 99 99 95 3 45 22 76 10
9 61 34 5 98 63 93 45 24 23 20 99 85 71 28 98 54 88 32 54 23 78 47 48 81 80 69 65 68 4 22 63 62 13 84 58 59 42 8 86 31 90 90 96 35 75 44 72 11 80 85 46 98 50 62 80 28 38 31 55 6 47 16 84 14 86 11 96 92 23 15 48 69 100 44 26 70 37 45 84
41 19 72 10 34 28 90 83 66 66 77 90 49 26 53 70 8 44 85 96 16 58 53 51 70 59 16 1 18 56 64 62 45 36 1 6 21 85 45 94 36 60 85 97 93 7 76 96 92 59 10 1 73 14 68 44 95 92 52 11 74 56 4 93 76 60 87 90 34 1 24 42 8 51 51 30 44 82 10 96
24 5 15 69 23 75 59 80 15 43 90 5 39 89 73 40 2 78 76 24 4 78 83 90 98 28 50 34 73 18 37 43 34 52 52 93 71 46 77 14 8 6 12 52 97 34 69 23 64 84 22 81 57 23 2 54 46 72 69 59 19 36 75 82 79 66 45 95 90 90 11 12 70 96 8 51 17 58 61 76
90 76 98 59 41 55 43 49 36 39 69 52 15 43 26 91 95 93 28 72 55 19 88 10 56 44 24 22 41 35 72 64 33 3 39 82 61 86 31 62 63 19 78 28 42 85 49 95 57 94 96 83 35 38 38 88 52 99 85 15 23 63 53 48 29 38 20 1 49 38 33 35 86 44 35 61 18 79 90 62
20 33 59 71 62 59 67 70 21 32 25 93 92 68 61 66 26 90 2 1 8 25 31 15 38 15 61 74 99 35 57 54 83 90 23 99 46 49 85 7 81 9 35 23 22 76 11 33 90 14 45 3 31 56 47 15 58 39 19 32 43 60 73 93 94 62 73 91 63 66 10 99 18 4 89 92 30 59 86 81
25 99 71 43 75 62 62 4 65 79 31 64 46 7 56 36 87 89 97 62 34 20 18 5 80 46 82 24 98 46 15 10 71 25 53 77 95 8 96 78 98 94 71 79 88 23 40 44 9 31 35 90 83 67 4 70 12 36 26 43 40 34 59 25 58 8 49 22 26 87 72 64 48 74 99 66 59 52 27 53
4 17 40 87 87 56 32 19 19 24 51 32 82 9 72 95 85 6 85 88 26 18 89 33 7 48 87 96 51 93 98 27 80 84 14 41 8 73 99 53 26 37 14 85 6 76 7 40 79 33 35 47 89 40 15 99 32 99 3 61 66 90 68 99 59 82 6 68 52 82 11 4 37 26 24 12 66 51 33 53
11 90 11 24 66 25 39 4 78 15 47 34 41 88 28 59 49 28 1 72 31 8 34 15 2 48 95 64 10 95 91 54 89 17 77 89 47 63 19 49 83 52 79 99 32 6 18 12 77 8 47 38 86 4 25 33 6 97 62 8 47 41 38 31 91 63 84 30 40 25 68 15 88 65 42 33 45 87 31 52
31 67 33 89 47 66 67 69 76 83 61 51 21 47 16 85 49 23 81 84 39 16 95 66 39 86 44 45 50 97 24 99 94 54 32 78 14 59 88 21 79 34 62 77 14 77 67 59 72 95 90 39 34 60 41 75 51 70 63 34 62 91 31 77 35 25 65 18 80 9 96 23 89 82 45 58 66 87 60 37
83 48 94 88 78 20 80 35 30 91 37 86 47 75 97 69 69 64 38 84 77 1 79 46 24 83 27 71 94 35 96 13 14 79 41 71 7 11 60 85 59 11 46 13 65 74 100 61 64 89 41 90 54 40 19 62 84 42 14 63 37 46 26 18 1 17 47 50 28 66 90 65 52 31 34 55 45 97 12 62
85 1 38 92 39 40 52 67 65 62 87 7 12 90 54 27 76 34 87 2 62 40 60 4 6 78 35 91 88 80 29 75 25 35 14 67 57 37 26 47 30 88 17 30 87 85 49 77 93 41 49 26 13 6 33 95 97 95 57 90 51 18 100 83 52 2 64 14 47 29 25 60 3 82 76 7 49 28 32 69
80 45 78 80 78 61 16 11 6 45 60 29 3 39 30 35 94 45 60 53 6 72 63 2 77 22 22 9 50 13 9 25 31 19 2 94 73 58 13 50 79 100 42 30 68 14 50 76 40 11 13 15 28 3 12 52 5 94 23 37 75 16 63 33 94 95 64 21 5 77 12 65 65 93 42 90 81 3 73 45
77 74 77 47 82 61 55 38 29 60 48 97 13 77 33 90 4 7 27 10 13 89 77 32 63 90 26 100 7 59 37 50 64 15 15 16 75 97 79 16 83 33 45 26 34 49 94 17 60 54 59 91 45 64 98 81 76 65 85 6 86 13 80 42 62 26 25 52 78 42 73 17 25 67 17 36 66 6 52 100
67 52 12 62 3 49 55 26 90 17 52 63 18 14 4 34 62 53 84 44 2 16 38 45 92 71 4 94 96 72 14 36 95 21 50 87 55 81 17 89 43 20 36 67 72 34 26 26 51 82 7 61 4 56 23 89 87 71 41 42 81 7 41 24 36 58 8 3 89 96 33 18 88 53 54 54 84 65 81 31
54 76 94 66 11 73 9 24 92 21 36 52 13 67 53 69 82 89 82 44 33 81 77 21 36 25 89 46 78 54 12 55 100 71 38 6 61 1 27 97 65 39 71 36 54 28 29 95 54 47 6 40 62 39 38 65 87 36 26 1 2 94 26 32 92 100 91 85 97 35 69 37 40 93 10 51 1 43 18 95
64 60 100 39 95 3 38 6 15 94 73 85 78 36 5 44 3 92 5 77 35 27 76 39 32 55 28 50 90 60 42 37 57 1 96 39 66 2 40 73 67 37 100 64 52 1 47 90 57 26 55 86 26 26 29 54 95 80 92 52 10 35 76 87 47 37 12 82 91 100 19 75 100 13 40 42 41 23 81 50
21 9 70 71 5 47 87 63 6 37 66 13 26 39 92 27 4 15 100 93 73 29 94 57 88 87 22 79 29 33 96 47 85 49 73 3 36 28 34 39 96 82 81 29 44 10 100 86 20 3 57 86 85 67 47 93 65 50 95 52 50 55 83 62 4 86 4 43 62 2 31 81 19 74 77 2 26 8 44 57
37 12 15 70 24 81 49 54 15 84 7 10 87 77 73 94 17 17 29 80 44 84 68 24 75 7 59 97 40 73 9 76 66 58 42 18 89 84 99 30 28 53 12 9 5 52 19 69 9 35 13 25 21 24 76 73 78 49 99 92 68 6 60 47 76 4 4 48 50 26 89 80 8 89 67 41 63 2 100 15
86 87 55 62 27 49 100 42 87 45 64 57 7 87 15 16 95 5 93 64 48 87 41 19 29 54 2 72 95 19 69 14 95 71 37 10 48 95 46 95 92 85 39 35 19 59 6 86 49 16 86 82 22 47 60 68 30 63 22 31 60 68 72 33 70 48 27 56 9 43 2 48 73 38 69 91 3 17 24 21
89 30 10 17 80 55 90 64 16 41 11 99 92 31 9 15 50 100 97 59 8 4 3 1 13 14 3 21 3 66 56 91 5 52 68 48 39 57 15 55 5 49 73 40 40 57 8 100 36 70 87 1 36 62 86 67 44 32 80 54 30 46 38 63 67 28 19 12 79 33 52 6 8 44 44 82 27 17 1 18
60 56 53 68 41 48 46 47 97 4 43 53 44 2 66 99 76 4 56 92 98 80 68 37 37 3 92 35 34 18 3 99 37 18 11 23 19 6 70 24 4 61 35 31 62 98 24 39 46 18 34 52 56 25 24 23 96 78 16 65 87 42 17 68 60 44 2 47 36 30 80 44 40 87 68 12 3 35 6 68
13 12 74 49 55 61 67 75 100 63 3 79 45 56 71 66 38 98 72 3 37 72 81 67 48 86 84 92 56 91 68 5 11 17 90 1 19 45 85 2 39 75 10 19 45 86 60 32 82 21 36 71 78 28 9 54 21 96 99 48 53 72 21 21 10 94 54 24 1 60 69 80 64 40 94 5 58 100 78 73
74 92 30 96 26 20 29 46 50 28 91 30 51 14 11 89 1 74 14 58 23 91 8 60 97 54 31 96 71 78 37 91 68 2 32 50 67 67 6 46 86 85 26 80 19 49 100 69 92 88 41 48 27 73 87 64 26 1 38 13 22 31 88 93 71 12 40 73 51 59 97 19 66 64 30 16 8 24 98 29
8 79 60 36 23 37 95 65 26 19 19 48 72 47 81 47 34 43 83 35 89 10 90 47 99 10 5 89 70 33 78 42 67 1 55 6 78 51 9 33 24 81 57 64 98 28 59 97 75 63 59 94 7 21 19 58 53 49 90 2 54 98 30 10 33 94 68 37 25 40 18 14 90 9 17 6 61 63 4 72
59 4 74 21 67 83 40 33 48 13 65 28 17 79 25 62 80 59 83 27 2 41 29 72 88 33 48 20 65 7 33 70 39 71 13 28 72 6 73 16 56 7 9 41 27 26 55 44 27 54 36 9 89 13 56 32 52 94 23 45 35 1 74 11 64 36 12 64 86 35 49 92 87 72 38 12 53 94 96 53
76 85 39 56 13 97 8 76 40 17 66 83 69 39 100 3 1 89 44 1 89 72 15 23 62 56 78 16 66 29 85 30 45 22 8 98 48 1 32 33 27 90 61 34 59 55 16 82 57 42 55 12 89 20 10 70 1 86 33 34 92 91 81 67 85 94 36 93 77 17 75 27 2 35 75 74 63 36 13 59
26 73 13 43 40 39 70 60 21 29 25 81 17 57 26 74 71 95 2 84 86 4 57 12 98 94 28 66 90 84 33 12 45 1 31 75 13 54 68 96 32 18 46 82 38 27 96 44 23 13 86 6 42 85 46 99 80 24 20 7 37 93 68 64 77 58 49 13 56 25 42 74 100 38 75 19 63 22 76 30
73 29 20 7 99 65 36 4 49 14 61 12 17 29 41 90 68 89 37 4 16 80 65 20 1 44 81 41 11 10 87 42 37 28 34 78 2 100 13 50 39 57 76 7 72 30 6 33 6 8 41 2 48 30 99 65 7 27 50 23 84 54 74 55 24 39 32 11 34 30 58 69 9 58 22 39 28 48 48 30
94 22 14 85 43 98 86 65 74 78 52 14 26 53 99 5 46 77 6 26 40 50 35 18 28 99 40 7 24 59 14 4 90 37 36 16 61 41 84 60 61 13 82 98 63 46 48 46 95 16 29 72 52 18 96 83 28 60 70 100 26 64 25 30 6 100 75 63 67 18 72 70 94 90 31 86 7 23 56 50
65 61 26 39 37 4 79 23 64 36 12 75 30 85 16 27 59 81 45 79 54 50 75 84 68 51 57 9 77 91 43 53 23 81 29 13 71 97 100 36 68 97 53 84 18 45 94 63 2 53 75 1 3 47 60 52 90 16 2 97 73 91 22 47 92 31 58 52 36 37 89 13 52 11 31 60 86 33 49 43
64 86 19 35 83 55 68 23 18 8 49 79 64 87 85 42 38 29 40 32 10 75 17 31 92 13 92 30 48 28 62 75 18 98 36 34 57 78 64 78 36 57 91 19 43 58 6 28 48 32 8 22 6 9 40 64 84 87 60 60 66 8 80 10 70 34 48 30 25 64 75 59 51 17 29 61 89 55 3 3
70 95 100 97 56 21 5 44 66 19 82 59 43 29 56 36 16 5 98 83 84 38 100 9 32 58 13 49 41 85 61 73 73 70 24 82 17 51 47 95 17 63 46 8 36 72 68 60 5 54 50 34 85 14 49 23 70 85 18 4 7 98 7 61 31 33 24 45 1 66 84 18 87 17 88 52 9 64 52 31
76 84 88 38 87 57 96 49 41 29 53 44 66 54 49 19 89 25 51 45 46 1 85 25 50 70 41 61 92 69 75 7 30 61 62 60 30 69 28 95 24 10 81 29 2 89 76 100 9 9 7 15 90 43 62 24 6 4 17 39 17 61 79 14 98 62 31 12 6 80 77 52 67 45 81 25 59 63 37 91
56 34 80 30 22 56 29 51 52 82 33 93 37 57 81 19 4 58 37 32 86 85 56 97 28 74 48 37 27 82 16 55 85 19 41 6 32 71 23 72 70 2 50 38 83 80 73 53 56 92 99 80 32 26 88 96 56 57 78 89 20 66 37 74 55 69 12 86 11 97 31 47 49 44 4 59 50 51 62 75
63 65 100 84 18 57 89 22 60 68 63 23 24 48 30 46 32 35 90 96 78 80 35 63 42 96 68 67 64 52 33 65 51 33 22 70 17 42 99 12 47 24 12 20 64 5 39 3 51 42 33 80 27 96 38 82 89 40 90 25 99 76 28 70 3 64 31 18 42 4 19 6 68 80 69 51 6 36 87 72
21 82 53 37 4 84 27 29 54 99 34 100 21 22 36 84 89 4 15 92 99 37 63 98 6 21 66 51 64 100 6 68 37 86 3 47 15 26 66 97 25 24 36 41 51 60 74 28 28 15 98 22 19 46 30 80 20 95 70 43 59 13 26 36 9 89 64 43 34 53 64 62 16 47 58 36 14 60 32 65
47 41 46 18 25 73 64 44 93 51 82 77 45 47 31 89 6 53 91 83 23 48 88 9 55 10 42 22 58 51 7 28 56 45 51 14 91 1 82 31 71 16 86 72 56 47 86 90 98 41 17 54 4 19 45 9 66 77 69 69 59 61 78 4 82 45 93 15 36 86 89 73 60 68 25 38 75 9 13 12
28 84 82 18 15 65 84 28 34 69 56 61 47 45 93 49 100 76 86 45 40 23 43 5 94 66 95 23 74 52 21 6 55 31 11 75 85 82 44 7 75 56 40 100 45 41 43 79 46 8 48 99 32 42 67 57 97 33 36 78 54 87 51 46 75 79 22 43 99 36 100 52 63 88 30 83 30 44 30 83
13 46 47 53 20 78 46 75 22 41 73 50 19 80 58 70 8 59 96 53 19 73 10 35 73 96 94 34 4 16 28 56 6 24 22 83 26 55 100 59 26 50 50 27 63 4 13 39 28 86 72 70 28 58 68 34 71 69 79 48 46 13 43 15 51 19 34 48 81 84 9 9 17 16 40 21 5 82 8 67
82 30 75 14 39 44 81 3 90 54 32 66 97 57 48 92 39 99 98 6 75 68 64 11 97 61 76 24 73 18 32 94 98 59 89 58 39 42 37 41 73 35 93 40 85 1 46 48 8 23 52 37 16 77 76 20 57 31 25 69 56 73 29 95 77 33 52 51 82 76 12 16 99 92 19 31 30 31 15 47
37 13 37 17 24 77 76 15 61 43 77 75 15 73 85 89 20 29 43 26 7 61 88 38 20 78 25 72 68 5 56 6 27 4 62 48 69 29 76 34 26 64 14 56 16 84 22 40 78 8 60 79 96 33 52 65 75 25 82 31 10 23 16 25 40 20 18 94 52 72 88 11 73 7 95 58 33 56 56 53
53 32 95 55 60 88 65 36 33 59 74 96 36 46 36 76 54 74 100 82 76 75 9 1 37 19 42 59 4 64 59 66 73 2 97 23 62 88 29 40 17 12 77 14 50 46 56 47 52 31 22 32 65 71 89 2 37 65 21 88 44 1 88 82 66 80 46 59 90 47 83 45 31 82 84 14 11 44 14 12
16 47 42 55 62 66 74 72 68 53 21 12 99 38 66 37 62 17 72 17 24 36 33 32 98 29 6 60 95 35 95 58 38 21 14 38 2 31 19 95 60 20 38 9 26 64 51 92 82 58 37 32 1 39 14 32 18 41 40 8 33 16 96 47 71 63 15 20 58 62 52 64 64 83 73 52 72 30 34 7
18 40 18 70 70 51 52 56 35 12 6 11 63 69 75 35 73 75 82 37 45 59 47 28 30 32 95 6 83 38 1 63 83 72 2 95 11 12 91 7 48 15 23 12 52 59 8 21 42 4 76 97 53 4 81 28 20 78 25 51 58 79 19 17 35 27 54 86 49 95 79 65 33 15 26 24 24 80 34 47
95 98 25 47 79 17 66 47 86 55 92 88 97 37 62 3 70 97 22 18 76 44 74 94 5 59 81 94 16 4 90 26 13 55 33 35 87 44 21 4 100 98 11 59 31 24 3 75 57 38 56 85 78 100 29 31 18 2 62 3 35 98 17 45 52 64 2 58 52 87 13 13 47 35 75 57 91 80 18 11
49 14 27 66 41 5 74 14 80 35 98 71 100 12 75 2 54 38 54 52 23 39 85 55 9 54 36 47 9 49 82 78 37 51 49 2 1 26 38 65 13 55 83 9 59 76 17 67 72 21 13 77 3 20 12 62 72 56 69 5 38 53 72 23 30 40 77 41 12 55 34 83 17 7 63 81 59 99 85 11
74 59 66 64 74 26 81 100 96 1 64 81 21 29 88 81 93 17 61 75 38 38 4 4 36 1 22 61 51 39 29 97 43 67 54 74 36 64 68 65 47 88 22 85 40 73 20 13 74 95 5 15 74 58 37 82 29 47 25 11 14 37 23 64 40 75 67 55 96 35 51 50 86 12 66 57 55 53 89 96
3 14 32 64 76 59 37 97 77 4 7 52 1 90 96 10 24 94 21 77 78 85 75 43 89 55 29 27 62 28 56 12 51 61 52 53 76 21 42 59 18 31 6 28 83 8 54 76 56 65 4 24 65 60 65 99 40 61 78 28 44 74 88 95 72 36 80 47 88 86 39 57 96 55 4 48 19 57 20 68
51 47 80 46 69 83 25 37 83 39 47 6 90 56 64 91 98 71 89 43 74 17 24 70 81 85 32 96 9 52 87 52 72 36 42 84 6 80 48 13 48 53 48 27 61 46 96 18 72 100 13 28 3 90 8 37 81 90 15 39 95 9 65 51 11 84 86 75 57 54 12 74 70 55 54 55 60 21 100 45
5 6 93 73 99 54 14 81 5 43 89 38 27 71 87 81 38 44 89 71 67 16 61 88 48 63 79 70 47 40 79 42 89 51 7 45 40 90 74 41 8 18 72 11 15 42 67 8 11 38 18 37 87 89 83 93 79 43 78 46 46 64 29 33 63 16 95 98 52 45 69 81 71 41 32 68 16 43 92 36
52 82 61 92 38 23 93 95 10 3 39 74 83 20 66 82 59 35 1 44 77 94 94 92 15 21 15 78 58 5 33 12 13 30 64 83 71 87 39 56 16 17 34 38 59 98 47 15 11 48 46 24 69 61 30 86 87 22 44 57 82 69 28 64 6 78 57 24 20 54 84 89 30 6 8 83 45 61 70 58
89 39 58 29 46 15 64 12 89 66 96 14 1 97 82 56 30 37 9 80 12 45 3 96 84 13 3 54 33 26 79 85 31 29 33 18 40 49 16 87 84 67 93 40 61 79 31 73 61 7 8 72 66 54 37 60 69 61 11 63 21 64 53 76 19 73 16 30 54 3 45 83 60 20 88 32 28 53 71 89
95 36 76 60 59 47 15 74 93 49 85 48 59 84 74 72 57 5 75 77 21 52 35 39 78 19 72 18 22 63 42 97 12 87 37 6 2 11 85 86 79 49 31 82 49 29 100 64 60 20 9 18 67 17 16 93 66 53 53 84 19 36 54 47 95 32 76 91 41 57 7 53 5 62 14 87 81 43 64 51
44 89 91 46 19 64 89 53 98 18 39 61 73 63 3 48 43 21 50 64 29 45 65 6 94 8 91 27 100 27 26 59 48 48 68 75 88 92 83 14 9 44 54 84 69 56 92 42 84 52 30 34 70 58 60 42 6 92 61 46 79 14 84 67 50 61 73 30 54 56 71 77 32 90 76 36 85 44 66 72
6 47 86 46 88 51 25 77 48 7 98 76 51 55 48 58 21 56 31 63 18 98 22 54 66 4 46 41 46 6 84 66 67 51 57 60 75 23 23 29 53 21 1 92 88 69 12 97 18 15 75 53 98 24 88 54 6 35 56 77 60 80 6 53 8 94 86 64 70 21 50 71 34 93 17 95 63 97 56 32
7 86 41 96 47 82 17 60 71 70 36 32 7 15 24 34 37 25 37 45 21 55 6 63 51 90 27 100 8 89 33 34 90 72 33 100 7 95 100 50 86 23 43 60 75 87 99 71 56 61 38 79 100 39 10 35 57 70 46 7 12 51 99 83 81 39 24 68 33 31 31 67 100 90 5 63 29 88 22 19
35 28 18 12 10 24 5 61 23 83 15 67 35 14 91 75 36 63 24 59 60 92 14 90 20 84 26 61 32 78 79 4 100 75 14 14 99 27 62 37 31 22 46 23 33 74 97 79 66 28 77 73 69 98 51 57 23 17 5 42 52 1 96 24 9 50 9 74 14 96 67 8 58 89 38 41 74 94 45 28
100 17 87 40 44 99 42 38 4 40 14 85 15 23 43 87 20 67 6 53 87 67 64 80 100 58 14 39 79 64 28 68 89 30 60 70 23 81 52 24 82 15 82 61 30 95 30 55 15 59 37 95 17 67 45 57 67 87 46 51 5 77 28 47 88 61 72 28 14 28 97 26 71 51 83 84 50 91 50 90
1 84 7 60 44 79 47 13 90 44 20 33 29 61 78 31 15 20 31 49 82 26 55 93 27 51 100 65 25 41 55 57 34 71 65 14 92 2 9 53 43 30 50 25 87 49 85 65 86 59 54 86 91 37 44 25 24 13 96 65 24 58 73 6 60 59 44 42 29 39 40 54 38 20 72 50 82 52 72 96
43 13 66 43 20 68 94 2 51 1 40 55 50 97 87 25 95 83 90 68 94 97 79 18 60 43 13 20 38 5 1 72 12 92 90 49 50 45 29 92 10 26 16 10 20 71 54 80 30 9 79 74 81 36 19 70 79 69 66 46 91 78 92 76 10 21 39 36 55 52 58 33 100 99 70 70 34 38 16 47
79 88 11 78 71 58 13 94 53 68 69 11 98 58 59 78 77 92 63 5 87 81 50 9 57 18 48 31 43 65 67 38 94 21 10 100 29 37 11 4 6 70 25 80 14 98 76 1 22 65 46 31 15 49 39 27 83 28 62 86 30 14 54 57 33 65 64 100 92 80 10 52 23 67 12 52 14 23 90 79
57 94 56 67 59 68 47 37 55 75 79 69 27 50 32 5 12 71 92 60 73 95 31 91 69 100 29 45 30 64 38 53 47 71 34 1 5 100 59 64 81 9 1 33 99 55 66 59 10 46 2 41 27 5 67 71 43 24 19 91 9 72 38 31 18 72 74 43 13 56 90 16 6 37 75 41 94 71 14 81
64 86 37 92 4 12 21 43 37 8 69 17 76 63 71 94 97 2 38 64 47 35 2 3 11 85 8 39 45 94 70 72 82 51 86 78 70 32 62 70 82 46 1 99 64 85 46 25 15 44 29 76 31 2 49 47 13 47 50 39 89 2 25 96 76 23 26 71 88 68 90 41 71 49 89 69 30 78 65 84
30 81 53 98 17 90 43 31 6 51 16 50 62 5 68 38 55 24 49 87 19 95 23 52 83 75 28 55 6 36 89 90 27 35 75 94 37 96 65 30 52 80 81 17 48 66 74 96 71 6 4 33 30 24 87 22 93 82 82 46 93 49 88 61 9 75 9 91 43 52 94 5 74 79 22 49 19 26 72 55
43 20 74 59 45 70 15 46 28 24 69 41 91 42 89 80 53 73 5 42 59 30 98 60 20 53 80 75 14 48 93 40 34 27 79 43 49 11 7 12 39 28 4 29 5 42 35 6 45 73 37 66 19 79 54 61 65 100 4 40 58 84 19 15 58 38 57 47 75 79 71 8 33 27 7 83 7 9 62 40
11 60 57 28 81 79 3 77 31 68 96 77 65 45 90 77 72 19 29 61 6 48 6 92 92 98 50 46 58 85 31 3 53 11 99 46 13 61 11 24 44 76 73 82 42 71 67 91 45 84 66 100 38 84 32 91 87 36 99 37 95 79 36 81 15 5 70 22 37 24 75 75 81 18 82 33 63 63 18 49
95 96 21 38 92 12 69 26 2 66 94 72 75 31 44 32 88 55 76 63 62 97 70 59 66 71 48 32 24 83 21 18 1 86 73 31 34 88 9 13 20 98 76 28 73 8 69 59 96 54 75 75 45 35 56 36 42 88 2 59 30 78 96 33 22 39 98 87 74 25 5 87 42 69 87 95 7 14 12 71
44 3 88 86 92 93 85 93 77 20 44 94 52 29 88 19 1 39 36 80 42 44 78 76 6 70 96 100 23 90 77 61 64 42 10 99 57 70 56 2 53 7 91 49 8 12 67 41 47 29 78 36 24 72 91 7 63 51 62 3 93 99 83 69 88 12 1 60 4 37 51 29 85 13 44 90 96 55 31 40
78 19 72 41 98 11 75 25 39 40 46 92 86 74 72 41 57 79 67 46 48 35 58 1 19 1 9 32 93 87 31 50 7 21 31 51 43 41 33 61 92 44 40 65 35 60 92 48 10 31 41 17 13 68 62 27 94 8 76 72 49 12 40 93 51 50 59 25 22 52 76 91 12 99 60 76 75 40 46 21
41 34 80 59 15 12 44 85 20 47 84 43 48 63 93 52 49 84 95 65 76 41 62 37 47 30 80 23 91 32 5 29 29 57 76 31 83 39 56 47 89 13 82 74 60 9 87 11 25 26 68 73 49 86 52 82 97 81 10 38 38 68 64 34 78 20 47 88 8 99 58 95 66 32 84 87 47 85 69 94
84 76 84 10 40 57 16 60 49 43 10 23 69 21 21 71 46 19 97 12 88 84 89 29 66 63 64 71 9 60 2 80 86 90 37 70 3 85 86 39 71 43 34 2 7 79 87 15 72 4 5 9 66 7 5 29 100 89 100 13 5 32 99 27 44 13 8 75 19 91 18 65 39 97 80 84 49 7 55 66
6 62 47 38 93 100 36 12 50 25 87 80 66 99 57 30 14 89 53 52 85 29 94 44 69 96 67 11 89 55 55 27 91 95 14 71 86 70 71 58 95 9 47 89 72 51 1 87 48 67 96 48 91 12 57 34 80 55 87 47 74 72 65 67 91 70 15 46 82 4 66 70 23 47 18 68 75 66 38 33
72 84 39 64 14 70 34 92 88 59 92 98 56 82 65 2 82 26 16 2 86 97 35 98 42 63 35 62 47 89 43 71 100 35 63 18 57 31 96 79 80 75 75 41 87 35 22 15 4 88 80 36 99 82 47 60 60 7 49 21 69 97 60 24 59 7 58 94 99 73 24 53 33 4 97 81 67 35 50 22
68 28 12 81 74 82 16 69 4 5 30 34 67 100 58 14 67 70 53 39 4 33 85 29 9 23 3 79 47 21 29 88 21 3 71 89 74 26 64 21 61 16 81 63 35 32 9 36 10 55 47 4 96 47 66 73 41 44 42 11 64 21 68 24 88 76 28 40 95 96 81 15 95 28 70 48 79 16 70 51
48 55 64 6 29 61 73 72 81 59 8 21 50 98 42 82 88 85 62 72 78 74 38 51 62 42 2 26 43 23 61 20 39 64 81 36 21 92 86 89 36 4 89 4 59 48 19 88 62 23 52 64 65 31 36 21 32 16 100 84 84 99 43 61 25 35 42 87 53 60 20 67 8 39 15 82 54 82 91 10
88 12 48 67 6 18 88 7 45 26 56 9 8 20 91 44 1 5 72 50 54 45 3 76 24 92 21 66 89 83 45 32 88 99 2 81 35 31 51 81 66 60 69 1 65 59 29 70 85 81 54 3 22 66 34 100 55 58 67 11 32 55 72 67 25 9 100 62 81 39 44 58 92 22 89 36 60 89 95 36
27 30 31 2 18 78 77 17 79 28 10 44 98 24 58 73 69 42 38 44 27 94 71 35 50 47 85 15 10 15 62 66 43 44 24 29 18 49 97 20 100 27 49 47 37 41 63 22 42 36 75 29 45 40 37 22 54 80 45 94 89 70 36 87 51 47 87 36 15 36 54 82 92 80 22 87 36 60 7 96
44 47 50 79 22 82 5 86 59 16 17 99 58 28 37 81 17 57 64 56 3 97 18 78 47 27 96 8 99 8 52 85 50 53 75 76 66 69 34 61 59 70 53 79 12 47 60 79 67 13 12 80 60 27 1 94 13 62 89 46 64 73 18 98 66 84 28 33 90 71 93 37 10 24 67 42 73 60 37 56
19 16 23 84 47 78 10 75 100 58 49 63 50 80 31 55 59 84 37 30 32 96 37 94 27 86 26 32 23 93 42 93 36 35 87 37 54 79 5 90 3 7 37 91 17 25 7 48 23 77 72 66 1 53 21 58 63 59 84 73 88 72 82 26 26 44 18 77 23 22 98 21 54 16 64 70 24 56 51 85
21 69 64 27 82 39 54 9 20 16 96 31 6 55 39 4 42 85 2 30 87 42 71 15 74 40 8 70 78 57 4 73 90 43 62 90 72 25 99 10 84 95 69 64 67 19 51 9 2 5 78 96 33 1 78 74 73 94 29 17 42 35 98 63 26 93 16 66 25 84 45 13 25 24 87 3 7 91 6 92
42 80 51 31 70 64 15 93 38 30 15 78 42 21 59 62 13 82 33 97 19 15 80 51 72 92 4 40 18 59 33 55 66 27 32 68 48 36 30 14 42 64 82 72 100 43 67 1 36 12 90 22 39 30 84 33 36 46 93 14 23 84 4 64 48 89 82 12 27 82 51 94 8 100 67 73 59 16 67 21
38 48 78 79 85 94 72 4 20 2 83 31 64 53 46 16 6 61 47 29 78 40 8 33 50 29 88 77 46 63 55 13 72 5 37 71 57 29 55 94 46 69 2 33 47 96 63 15 81 99 74 37 5 15 68 9 74 66 62 73 7 63 47 91 50 67 33 60 93 45 29 5 37 73 100 3 13 62 89 46
98 44 46 84 54 98 77 40 84 61 9 23 53 17 29 60 35 9 49 92 14 12 73 86 72 65 33 60 94 43 37 21 62 39 55 94 89 23 87 39 16 22 53 48 64 37 31 47 13 4 40 41 75 31 84 19 54 24 37 9 99 31 53 80 67 51 74 19 50 6 12 14 90 65 16 3 96 95 43 22
100 80 77 67 94 51 55 56 61 84 74 83 61 89 43 37 82 30 42 41 18 53 34 84 58 70 93 59 86 24 43 23 42 2 55 43 48 26 42 4 39 42 46 34 18 54 68 79 33 57 76 78 5 48 26 18 32 69 19 34 61 62 98 64 57 15 52 55 84 16 16 23 67 16 72 80 29 27 55 81
29 73 42 73 47 62 25 42 10 20 26 37 63 97 21 22 74 87 46 50 82 13 38 85 55 41 28 74 26 50 79 76 56 23 69 83 93 18 84 8 73 50 50 98 25 29 50 77 55 27 6 98 38 89 85 20 92 70 28 49 29 23 22 7 61 68 25 15 92 2 58 30 27 74 84 96 63 72 64 74
72 23 70 46 44 56 24 47 9 18 17 15 90 27 1 48 71 81 3 58 67 7 38 33 15 67 97 96 77 72 54 76 83 30 80 9 71 34 72 64 26 64 28 4 7 12 6 78 74 8 90 57 54 79 94 19 15 16 39 17 4 65 79 4 14 48 12 1 69 10 49 82 87 27 68 11 51 57 19 26
17 8 37 97 15 38 87 94 82 21 58 92 56 29 53 92 85 93 82 2 65 19 97 43 10 87 81 96 16 46 16 88 16 74 39 33 82 47 86 66 29 71 23 74 70 70 94 27 91 29 1 89 5 96 19 7 3 2 10 9 50 73 45 45 38 5 40 62 86 28 22 74 26 28 24 53 5 81 81 50
46 53 61 36 69 16 61 94 15 47 21 53 93 23 63 2 12 68 28 34 38 11 42 11 73 6 58 6 37 47 22 7 86 71 47 37 47 55 86 62 87 55 21 29 62 59 15 16 92 39 75 34 62 64 83 55 68 46 39 63 90 45 13 93 19 31 9 89 28 45 1 90 100 67 29 46 74 92 6 61
48 55 52 79 59 51 24 67 53 83 2 96 62 62 27 73 100 28 7 12 5 77 21 19 6 59 9 45 96 69 86 32 7 76 75 71 96 47 48 81 63 12 24 73 56 35 37 35 15 8 94 17 50 44 11 87 96 19 40 65 15 80 63 53 19 13 47 21 5 87 32 24 94 33 82 85 85 47 99 11
72 39 97 57 68 65 17 85 15 73 91 33 21 56 7 13 79 22 84 94 73 32 48 83 67 45 4 97 22 19 57 78 67 74 70 27 47 14 92 74 74 71 72 51 19 52 92 95 17 22 96 2 59 24 50 55 96 7 74 32 19 6 25 80 14 65 26 96 78 70 56 5 9 79 6 55 56 40 100 35
31 81 57 22 34 45 71 61 58 50 14 100 86 15 90 23 35 20 68 100 1 41 23 50 72 13 4 50 22 1 39 51 10 99 31 29 11 10 7 10 15 44 83 24 11 52 62 75 66 39 30 65 80 65 90 57 47 65 25 40 27 24 82 49 82 38 34 1 93 93 38 13 3 44 33 43 24 29 35 54
9 32 43 51 87 81 59 62 16 38 11 36 77 22 57 86 89 97 23 91 72 44 51 86 58 43 58 86 95 16 49 35 44 100 79 80 89 4 69 49 19 53 62 51 3 70 1 42 89 25 41 7 52 17 62 75 4 79 79 43 74 37 100 42 15 36 64 25 66 81 14 67 62 38 66 97 62 59 5 14
29 100 30 14 26 82 95 7 27 74 98 13 82 98 32 85 47 5 35 6 10 31 30 72 70 90 82 93 49 32 65 67 4 80 53 7 17 56 36 24 4 74 47 90 93 28 45 59 76 42 70 26 95 55 48 44 30 71 69 98 27 77 94 23 85 99 96 80 97 93 57 92 83 50 43 69 58 71 48 17
66 4 16 77 4 7 42 21 21 21 67 72 65 1 84 59 53 14 43 43 93 89 79 41 93 89 100 73 42 67 98 89 31 86 99 54 86 60 12 67 31 10 50 54 22 3 73 28 90 79 97 52 43 14 52 71 35 32 55 29 33 17 11 3 23 69 68 80 78 86 17 74 47 87 79 82 46 77 60 13
73 57 52 73 93 35 34 13 65 53 4 20 96 5 81 65 61 46 74 6 39 7 36 72 84 60 53 93 79 70 38 77 7 41 8 100 66 8 88 93 5 77 30 5 15 19 54 60 89 19 88 98 37 60 79 37 50 43 48 12 41 31 56 38 48 70 29 56 33 47 77 37 78 14 65 65 93 97 70 25
93 30 89 18 76 69 44 57 49 61 60 7 3 22 33 34 36 13 10 83 56 9 47 5 49 48 1 31 32 41 69 13 26 99 71 94 37 45 42 100 55 57 47 35 80 25 85 3 13 61 52 53 26 83 81 39 70 83 43 90 91 76 86 22 77 34 92 54 99 14 9 51 20 53 88 69 34 95 34 58
31 19 83 95 64 64 14 62 9 77 6 70 18 27 48 26 6 21 45 81 40 22 97 38 2 29 84 14 71 18 30 71 44 11 61 49 95 30 70 64 92 80 73 3 12 85 48 23 71 1 49 71 79 97 31 58 4 49 36 21 38 57 48 75 11 87 48 20 51 32 98 88 55 25 58 92 37 16 8 41
54 20 43 83 78 44 80 99 22 17 93 99 28 89 96 33 59 77 16 53 52 3 78 23 8 100 88 45 15 51 51 9 49 97 64 56 19 2 33 24 80 20 5 72 7 25 15 1 16 29 56 80 81 6 31 15 71 1 99 85 54 26 59 42 73 21 95 52 8 84 55 28 83 73 78 52 70 62 56 18
44 6 77 36 1 75 97 25 29 9 34 14 2 46 66 84 25 10 34 43 89 10 10 75 1 98 94 14 10 27 68 10 41 79 51 99 61 57 77 91 67 1 72 82 63 68 71 31 52 13 35 17 21 53 22 75 87 66 65 81 65 81 63 11 11 80 98 59 47 87 89 89 75 62 20 77 26 91 22 98
64 30 86 26 91 12 14 42 73 29 27 84 70 5 61 89 46 16 22 18 99 83 69 84 4 12 43 84 88 5 71 27 28 27 89 86 68 10 57 16 20 84 45 3 65 19 10 48 66 97 71 9 22 42 74 45 82 24 87 28 16 77 42 11 52 99 45 73 62 57 81 29 25 74 9 30 66 39 3 30
77 26 97 69 84 3 100 7 83 28 19 69 33 35 6 1 43 83 33 30 91 66 12 22 32 7 42 62 58 89 48 50 66 42 33 38 6 29 37 25 98 21 19 58 13 93 2 41 70 26 34 88 79 2 83 81 24 88 92 73 44 8 42 23 81 4 57 18 29 51 76 46 53 10 48 81 70 69 87 24
92 61 70 88 97 24 17 19 68 21 20 15 52 47 20 10 16 89 71 100 73 87 43 4 94 57 92 72 10 2 99 82 90 30 11 92 61 97 24 17 79 64 26 75 43 69 38 83 32 2 26 36 76 42 36 38 67 18 81 66 92 9 44 6 75 81 43 32 100 20 42 57 24 33 10 4 69 79 63 31
24 83 96 45 86 97 84 4 100 9 95 85 65 15 90 46 9 49 57 44 43 21 87 13 76 26 98 92 19 75 41 33 60 27 82 35 15 39 67 22 43 80 62 87 36 24 57 99 34 77 100 50 44 39 57 29 75 50 51 88 51 97 63 91 1 92 65 98 10 67 70 2 93 83 13 41 71 89 21 35
98 100 65 16 15 73 57 94 87 6 77 96 1 29 67 57 23 68 99 61 21 46 62 48 47 42 62 22 42 53 70 72 80 30 26 95 34 67 71 74 22 99 91 14 17 40 66 12 52 43 38 24 4 69 33 67 78 11 99 42 39 40 2 41 68 17 62 83 56 4 74 35 99 76 11 21 56 15 76 67
14 6 78 4 60 62 100 47 24 43 80 87 98 47 11 58 69 69 98 10 67 37 64 96 13 75 43 71 18 85 69 28 69 66 78 10 89 86 80 24 6 36 34 18 41 53 77 68 25 71 27 11 25 11 69 77 77 93 89 29 40 13 4 77 63 60 67 5 21 71 28 71 9 16 67 57 75 74 37 18
24 22 76 38 44 85 43 89 45 28 28 77 9 27 77 87 84 63 69 80 78 28 78 13 62 42 79 68 76 60 34 55 6 60 27 86 27 85 87 86 34 33 58 79 68 83 64 33 51 64 59 64 25 66 2 89 72 97 93 92 66 23 61 94 77 54 31 79 5 97 23 57 24 16 76 82 37 84 9 79
9 35 7 35 71 68 20 11 86 6 51 24 86 11 100 39 82 31 9 18 49 36 67 30 30 52 97 95 56 77 34 48 9 83 42 73 20 85 50 19 52 47 3 35 93 1 46 20 22 17 87 3 100 94 60 2 8 25 9 3 70 25 89 20 59 31 49 68 57 77 10 28 75 96 38 85 5 25 65 57
56 81 54 85 14 26 26 88 25 69 78 56 3 39 82 7 18 13 40 94 98 68 85 29 19 94 68 59 75 94 81 28 29 58 11 23 21 29 24 34 71 51 21 28 78 2 6 43 70 3 33 39 13 74 81 93 88 69 6 54 1 80 76 21 13 74 94 21 72 88 8 10 54 52 22 50 5 16 100 55
74 97 35 23 1 24 35 4 51 34 61 35 18 46 16 11 86 80 66 86 87 79 79 3 23 80 19 58 11 17 15 13 29 78 63 83 71 65 81 73 12 65 17 46 77 47 96 96 47 39 95 34 85 31 30 71 37 96 4 27 90 75 1 73 2 65 100 1 58 82 55 17 2 29 38 26 39 34 82 65
74 52 55 5 77 23 88 12 80 68 1 96 68 17 36 1 59 98 56 17 31 10 69 68 19 48 54 52 16 7 53 65 66 2 53 29 3 74 36 44 93 97 22 64 58 86 48 83 23 53 53 99 24 97 11 93 74 41 46 24 59 57 55 13 12 5 54 55 73 44 42 77 5 68 26 67 31 66 31 54
57 16 89 16 21 30 16 27 66 60 9 43 59 78 95 83 18 90 15 50 35 11 11 48 79 90 31 82 75 75 17 50 24 67 13 16 43 49 33 92 70 67 24 11 22 8 78 100 85 46 83 18 66 49 17 26 21 37 41 45 70 58 16 2 69 7 27 92 85 66 81 79 8 67 18 53 6 63 46 14
67 80 13 18 43 74 45 3 56 8 2 35 99 13 24 33 16 36 64 56 30 78 30 80 92 24 44 70 99 31 87 58 98 99 22 37 21 30 98 63 87 24 45 48 35 79 2 25 70 39 78 74 15 43 68 28 1 17 62 95 69 33 30 42 73 4 79 49 57 57 71 42 69 98 2 22 60 97 56 1
82 12 11 71 40 78 27 51 33 88 89 87 95 57 19 13 30 80 75 72 54 14 39 99 37 41 37 57 53 62 48 57 30 30 36 88 49 78 37 49 37 59 44 17 79 42 90 92 43 50 77 75 18 42 49 54 30 81 3 48 30 95 87 82 1 74 82 4 46 56 54 4 57 53 17 29 73 37 82 46
49 77 86 5 22 51 89 26 24 11 13 76 34 78 15 32 21 92 86 99 37 43 28 21 44 92 4 88 92 49 3 75 60 85 52 21 70 80 55 97 82 11 89 89 69 60 79 2 66 42 58 89 52 38 46 69 19 83 20 37 56 29 82 24 70 86 51 79 1 72 86 19 65 46 28 4 55 97 6 97
32 94 65 56 38 28 54 29 1 92 32 94 24 92 11 27 35 7 29 69 74 28 70 99 5 5 30 35 68 7 15 24 90 32 80 98 10 25 86 88 49 95 44 4 83 91 89 48 80 74 62 39 100 96 55 88 21 75 37 76 35 75 21 36 27 47 18 61 37 13 87 55 29 16 38 64 14 79 67 99
18 42 52 77 43 63 97 62 60 10 11 91 81 39 100 11 50 88 28 76 43 30 31 27 17 23 90 45 89 55 36 11 71 8 86 75 2 35 30 73 26 38 53 94 23 18 39 66 38 91 1 89 37 19 3 95 34 98 65 44 28 74 65 100 15 39 66 80 15 69 87 71 82 91 13 97 41 25 74 63
7 75 32 94 32 54 18 46 85 6 22 10 64 20 25 37 22 66 16 99 60 87 71 2 23 20 72 34 93 70 47 42 55 31 53 36 84 83 40 97 23 79 16 15 1 81 24 37 1 39 61 39 43 60 11 13 94 21 33 53 3 52 37 23 32 45 86 9 43 48 89 26 98 28 8 90 79 79 86 34
65 99 49 77 50 25 83 46 2 22 18 95 98 43 33 52 40 42 57 97 6 61 11 38 14 4 50 20 91 65 1 48 83 26 60 69 9 59 5 44 44 80 62 20 90 99 47 3 8 19 40 95 59 55 3 44 5 90 72 2 24 8 99 32 41 71 91 67 75 34 96 86 73 70 45 43 84 50 6 81
71 22 12 34 99 16 42 7 18 90 63 54 35 52 93 43 33 59 81 19 38 17 15 37 79 88 98 75 92 78 5 27 56 83 1 60 12 72 33 4 90 2 97 82 88 6 63 28 77 50 40 93 31 45 79 82 87 16 61 74 45 55 1 40 25 8 76 9 60 71 90 80 82 77 79 71 81 74 25 46
27 73 68 27 11 15 13 92 34 93 92 29 20 52 54 78 10 20 52 63 88 57 85 53 6 100 28 45 29 82 1 11 1 77 79 65 54 9 63 33 50 30 33 6 100 72 36 67 17 31 73 96 75 99 90 93 74 24 23 80 23 27 26 75 62 80 61 27 9 94 99 20 89 68 31 87 70 79 10 66
66 91 82 6 57 62 22 28 71 100 25 49 90 81 89 65 84 42 53 81 89 28 49 54 99 22 76 49 4 92 36 93 6 34 40 88 100 89 62 56 85 56 56 2 47 78 91 74 98 86 68 20 3 77 100 79 65 52 27 41 91 80 55 40 33 22 14 46 3 72 69 90 89 86 20 33 30 14 7 35
48 55 47 82 25 20 98 34 78 82 61 100 15 6 72 80 30 87 9 40 34 89 99 23 18 3 95 73 6 43 31 49 40 51 11 2 68 27 16 22 5 56 42 18 5 20 25 61 24 1 16 46 51 3 73 94 79 81 29 59 92 9 23 29 33 79 78 35 14 48 53 32 21 66 23 57 31 7 97 6
80 27 30 9 36 73 16 99 43 37 62 4 85 1 41 70 38 25 3 67 98 27 65 58 31 20 39 22 9 24 27 10 4 97 74 86 53 99 58 47 75 75 57 82 100 44 12 59 93 86 43 15 4 38 81 16 11 21 2 21 3 34 55 50 33 32 55 14 21 2 87 47 64 7 4 36 95 6 19 22
18 99 40 73 41 51 94 81 15 1 22 83 2 3 88 25 35 81 43 85 76 44 23 56 99 58 83 12 61 27 16 89 88 25 84 56 11 99 33 55 56 62 58 61 35 9 14 85 55 67 97 1 36 73 36 23 92 14 43 95 45 98 48 3 83 40 28 17 3 33 27 63 15 39 51 30 9 74 17 82
96 97 89 53 50 87 36 83 21 17 77 75 83 32 50 40 14 16 16 32 24 17 34 36 11 17 37 33 50 9 73 11 53 50 54 40 49 98 43 33 63 98 60 78 59 14 91 29 13 66 50 20 55 36 55 34 26 81 9 76 57 55 47 68 10 38 47 55 71 2 22 34 49 97 62 95 65 40 83 94
36 13 11 69 97 92 6 14 13 60 50 92 86 42 52 80 20 27 95 77 25 9 3 93 46 25 89 45 62 96 60 29 15 31 56 86 86 45 75 37 48 92 10 45 75 1 20 84 51 5 45 82 21 58 26 83 63 45 30 51 98 43 63 47 74 15 8 95 41 5 4 3 100 80 48 42 82 29 85 84
49 31 44 25 84 70 17 8 67 98 52 50 4 81 52 64 30 4 37 97 56 83 54 58 98 27 14 39 68 12 87 12 59 1 66 5 2 54 79 5 84 75 2 49 5 38 6 94 87 60 71 67 27 1 56 82 17 71 14 8 55 20 68 77 19 90 20 5 44 32 65 90 48 88 64 22 49 10 38 14
72 1 60 57 47 88 70 6 42 68 84 55 72 85 64 89 35 92 90 31 28 84 100 50 43 97 76 37 22 46 9 3 22 28 44 80 86 9 30 68 97 29 49 7 82 56 96 76 38 43 49 36 14 38 86 90 90 10 24 54 23 33 45 47 32 87 57 84 70 94 66 88 30 86 58 54 49 18 85 10
53 82 57 39 49 62 11 33 70 70 5 59 23 29 33 7 53 62 8 45 6 96 48 85 7 63 83 34 94 32 9 31 43 81 65 35 9 67 5 20 45 34 50 75 28 30 2 23 66 57 55 87 34 30 86 55 14 49 37 95 39 38 44 57 7 12 1 51 78 16 71 13 3 47 16 55 59 24 26 14
9 22 16 62 23 93 44 62 93 16 97 32 79 11 2 5 57 62 29 10 54 3 51 66 89 18 29 94 72 50 35 50 22 98 92 100 88 3 93 31 47 71 85 72 94 17 62 59 26 96 92 48 33 79 34 56 69 63 29 7 53 26 52 80 57 66 66 15 54 88 6 33 90 32 66 79 8 2 4 38
55 38 82 57 18 96 70 58 98 11 37 60 1 2 70 59 17 40 79 79 24 79 68 31 86 51 3 94 26 82 55 14 20 63 44 34 73 58 42 8 2 64 15 47 10 10 62 18 83 99 41 25 44 16 3 61 47 98 39 14 87 38 96 26 68 38 38 50 87 67 10 23 75 35 67 22 24 96 89 22
2 74 98 95 86 92 65 15 4 92 17 2 94 97 100 60 3 93 90 90 84 72 94 12 12 37 27 70 44 45 20 40 69 57 21 76 53 59 60 2 33 40 28 6 72 21 25 30 86 3 46 45 80 75 43 57 45 49 3 85 9 29 57 72 84 33 90 35 28 50 4 2 82 27 41 38 20 54 59 45
