70
3
90 87 33 36 18 1 5 24 97 89 29 47 33 60 41 47 22 38 76 64 65 26 43 72 39 85 98 98 71 75 36 14 70 17 63 54 87 7 77 39 55 15 74 1 53 94 3 84 47 13 55 74 22 12 72 90 2 95 95 95 86 23 40 68 45 53 31 98 60 67
79 35 14 10 87 73 51 86 91 79 25 1 68 79 92 34 21 52 90 82 4 90 46 58 33 1 25 52 48 44 28 99 22 49 62 93 18 72 5 6 31 23 68 9 40 36 12 42 92 16 28 18 24 91 43 83 30 54 23 91 70 89 74 10 13 4 68 82 12 25
31 32 40 30 1 35 76 25 30 94 67 96 2 63 89 83 64 33 16 84 20 24 98 97 69 82 34 31 47 6 46 15 85 99 5 100 55 67 84 15 59 49 19 89 87 54 78 49 33 63 45 41 68 94 64 64 86 83 26 61 79 88 94 23 28 61 2 7 34 79
11 53 96 40 64 42 11 81 85 45 88 66 79 99 74 73 86 55 13 72 26 54 73 88 44 17 76 84 80 13 26 53 96 31 38 30 7 96 14 55 32 57 22 34 43 46 89 76 10 82 18 67 91 7 49 56 32 45 75 21 68 79 69 29 8 1 97 83 22 32
10 20 78 65 85 1 100 37 28 17 13 35 62 72 26 22 26 62 20 11 86 26 33 52 29 19 67 54 46 6 86 72 26 81 63 44 21 16 83 26 67 58 64 86 47 48 5 10 13 91 90 10 22 80 3 54 92 15 93 88 62 21 69 96 55 90 46 73 48 18
29 94 77 53 82 39 80 60 53 67 73 42 30 22 29 15 43 41 58 55 1 64 65 100 100 17 99 83 25 63 67 66 12 33 15 47 76 1 87 79 94 39 96 17 41 85 57 1 24 86 69 72 15 10 31 55 92 17 35 50 17 95 1 77 8 56 97 43 69 3
80 50 14 59 8 94 18 16 16 43 5 59 92 57 48 84 35 62 52 100 91 46 37 96 95 2 64 4 19 63 90 61 59 51 99 93 22 62 4 5 23 28 26 6 93 10 71 61 39 61 52 72 53 69 59 94 12 34 14 70 9 45 67 98 35 14 51 37 11 35
71 66 42 87 91 6 82 7 51 67 1 30 14 4 39 39 25 59 47 50 5 89 83 64 4 53 3 34 50 29 71 51 7 32 26 43 63 78 42 30 86 1 40 100 96 72 20 60 97 42 96 100 91 32 40 95 52 18 53 29 6 20 21 3 66 48 91 59 24 62
6 56 1 35 6 46 64 85 68 53 6 46 32 86 37 91 83 74 59 65 69 86 2 92 60 47 38 45 23 76 47 19 55 83 57 69 68 67 58 27 61 15 100 26 78 90 80 49 23 38 54 73 82 84 89 29 33 11 20 59 18 13 34 3 68 22 31 45 70 70
32 86 29 39 74 71 71 74 65 95 35 18 26 21 95 71 49 39 36 82 85 57 50 83 42 16 94 61 40 56 9 88 36 13 15 8 56 68 7 84 39 82 14 64 82 32 79 77 39 35 1 86 88 54 96 71 12 48 76 55 8 47 92 100 80 86 90 40 57 1
49 18 73 98 40 28 38 22 34 56 27 47 86 20 99 16 60 26 92 86 34 46 69 17 8 57 18 42 90 33 37 57 96 28 40 38 66 63 59 89 19 3 59 20 21 35 14 100 13 28 87 20 31 31 36 4 34 97 70 96 99 7 29 14 86 49 19 78 25 79
82 57 97 20 80 99 56 72 71 2 35 59 56 58 54 5 99 96 71 96 77 31 52 29 24 77 65 9 32 59 25 37 71 37 82 66 74 61 97 58 79 9 45 4 16 39 60 53 16 61 65 100 67 84 45 97 28 27 20 46 18 26 42 42 77 30 82 22 88 100
37 6 26 93 76 1 8 2 68 74 1 13 16 17 84 47 95 81 47 83 55 46 18 3 30 64 11 45 47 23 60 46 22 56 26 33 93 88 51 72 88 55 60 81 18 82 69 80 14 83 92 10 43 27 85 86 89 37 75 44 18 37 30 92 32 50 44 87 100 32
15 20 75 2 94 33 53 33 85 61 67 100 90 76 27 58 29 71 22 55 35 55 82 53 32 90 85 93 68 77 67 42 86 92 3 79 84 77 86 84 45 26 30 55 18 20 75 14 16 58 1 38 74 20 90 78 14 27 39 73 34 36 54 76 26 65 61 50 78 93
56 57 9 46 54 43 73 99 25 15 30 13 10 85 37 31 86 91 62 24 10 96 25 40 12 69 83 64 32 81 49 20 30 36 68 49 5 10 98 20 18 31 96 20 2 31 97 6 89 81 65 76 79 89 85 89 27 63 36 80 59 99 87 77 38 78 39 63 34 63
46 41 22 49 20 20 65 60 14 81 16 35 70 78 56 56 75 91 23 72 85 75 29 39 69 83 91 14 9 55 34 87 26 5 25 47 8 80 10 94 7 77 65 18 17 92 48 7 4 47 53 36 30 57 5 79 14 23 65 65 13 69 88 21 44 13 67 76 62 98
58 14 13 96 6 55 83 58 100 51 52 3 96 65 95 23 28 41 79 36 95 48 67 64 62 80 81 29 95 89 62 70 49 82 53 37 74 75 94 62 57 96 2 96 94 18 79 15 66 5 87 23 7 46 88 15 37 46 27 71 95 4 67 7 89 38 90 86 91 71
55 80 99 21 21 4 80 52 22 62 88 6 52 56 3 83 8 25 9 72 60 81 78 76 5 72 11 5 9 7 65 70 23 16 45 92 4 41 32 59 23 54 1 81 72 94 60 65 76 30 51 46 83 90 46 16 89 50 57 84 79 54 46 66 45 41 52 41 80 47
90 64 43 6 79 96 50 24 20 93 45 76 16 45 69 79 97 47 33 26 62 19 11 70 65 60 38 61 31 1 100 41 32 43 55 44 15 58 62 82 46 25 73 33 87 96 54 4 92 13 98 37 22 80 64 14 67 83 12 57 43 83 62 18 79 4 24 56 27 89
78 44 6 90 76 81 30 100 27 32 92 50 69 89 87 83 78 43 76 50 10 8 66 47 11 20 60 2 47 17 16 48 83 62 55 3 97 8 75 42 69 73 23 15 48 76 58 66 87 60 62 82 16 23 47 54 96 43 70 95 48 9 68 63 24 9 96 26 49 84
48 12 57 25 57 10 34 71 14 75 28 43 75 100 80 61 9 51 5 11 25 34 4 87 11 41 54 35 79 11 44 26 56 97 90 55 6 32 44 85 25 2 50 15 10 26 10 4 46 84 59 63 52 69 18 94 48 84 95 83 86 27 28 9 65 23 67 14 34 15
23 18 19 95 80 5 8 99 30 37 60 53 7 68 72 36 86 53 9 6 100 10 73 66 96 31 57 66 6 18 44 60 28 84 24 7 68 52 7 75 48 29 71 54 47 95 47 32 96 25 62 11 9 67 3 53 49 21 22 86 60 80 92 28 15 30 60 79 27 16
25 29 32 28 68 31 81 56 92 40 46 27 88 18 52 65 58 14 83 7 21 80 2 77 65 26 17 75 18 12 38 76 100 97 57 21 93 52 51 9 37 60 60 8 70 98 54 95 35 56 56 42 20 36 8 58 76 70 8 37 83 94 32 42 81 2 71 30 56 63
19 31 24 14 70 28 43 63 64 79 60 23 41 49 5 32 69 35 90 84 26 2 20 62 17 51 70 69 44 70 80 21 21 63 88 6 68 41 12 41 7 79 69 30 31 31 64 95 5 96 79 76 23 18 70 94 87 33 58 6 96 76 20 59 60 42 50 80 97 71
71 40 84 2 23 60 12 13 50 65 91 51 36 54 62 35 87 100 87 85 43 65 38 28 87 23 79 31 37 81 96 63 90 92 59 86 63 9 49 69 55 4 80 55 84 82 82 96 78 82 9 64 74 95 84 82 44 26 72 77 1 5 1 90 62 82 20 59 98 49
71 68 89 38 63 84 58 91 43 4 78 45 46 100 54 2 80 59 73 64 9 33 64 62 49 92 37 76 27 7 11 18 87 3 89 72 72 3 23 79 9 67 83 13 94 51 43 54 70 47 72 68 99 62 72 36 8 23 38 71 83 55 37 59 43 63 9 67 24 41
37 88 58 55 85 18 43 70 28 8 47 68 94 48 1 30 19 93 22 4 93 79 9 95 89 99 22 79 89 31 78 51 59 5 11 8 31 96 74 98 86 52 65 91 74 39 5 82 33 97 16 13 99 12 80 12 85 83 64 3 17 72 13 10 38 14 76 78 64 45
84 98 52 11 13 44 98 64 3 30 90 35 23 43 37 21 17 14 95 71 81 44 82 10 54 67 90 50 5 59 27 39 39 27 49 34 61 89 82 99 29 50 100 72 53 57 94 80 36 54 16 2 27 66 92 50 83 77 11 78 85 32 89 52 41 1 59 32 78 64
35 20 21 30 36 38 100 34 85 100 64 56 75 94 48 72 75 68 2 39 64 84 32 45 4 16 29 47 2 42 72 24 34 95 43 13 89 90 23 48 15 16 77 70 58 90 66 1 53 75 53 61 44 57 71 1 25 79 32 77 31 22 27 16 35 26 84 41 40 79
80 60 18 65 2 35 19 59 33 80 16 25 41 35 37 73 26 82 9 4 48 66 25 5 55 1 96 57 8 100 10 60 16 53 99 16 100 35 65 72 46 46 48 33 14 47 75 88 86 22 39 21 87 76 10 20 20 17 43 42 20 69 47 87 1 36 29 56 35 39
39 62 76 18 49 93 55 26 67 81 81 14 63 15 90 51 64 51 48 12 50 8 32 7 6 94 64 35 19 53 62 92 47 32 18 54 89 39 30 13 46 45 80 5 61 86 34 25 88 98 3 21 83 19 1 48 33 93 94 96 26 57 35 33 41 87 29 98 32 50
56 69 30 74 93 88 90 5 87 29 18 20 64 55 60 26 51 79 45 9 38 9 25 6 68 84 18 28 93 34 57 38 53 63 51 22 76 63 84 100 23 39 43 83 21 11 85 6 89 79 43 91 79 23 89 83 78 34 68 65 48 67 95 38 67 63 89 63 100 62
52 69 24 95 52 59 5 91 53 78 76 33 35 7 23 53 41 60 61 51 54 51 67 31 11 10 61 39 95 64 50 73 78 91 27 34 77 79 18 34 29 71 1 42 23 3 65 72 65 69 36 28 41 14 32 69 81 79 8 93 45 17 42 60 74 17 73 81 73 79
54 33 42 22 7 90 96 3 32 63 9 1 22 32 94 88 93 97 92 36 34 81 77 60 99 70 77 38 70 94 66 35 53 11 48 48 80 12 24 57 10 94 3 45 100 48 92 59 99 16 97 79 42 4 1 81 53 59 4 69 88 97 15 90 11 62 55 81 74 70
99 56 45 70 51 88 39 20 20 27 42 74 57 76 43 22 17 86 14 1 90 25 66 23 78 55 59 60 69 95 100 3 16 96 23 60 99 98 83 76 40 50 98 68 21 43 31 92 66 30 47 17 45 18 7 85 21 2 20 38 30 90 38 50 96 91 85 85 60 84
64 58 55 92 49 4 68 93 12 6 74 92 29 95 69 44 3 53 22 8 80 7 76 35 5 82 52 34 2 68 25 3 92 98 55 7 32 58 87 47 12 33 54 27 51 26 58 11 88 29 63 29 99 69 22 47 62 7 41 5 2 24 4 28 52 4 21 45 54 73
68 54 100 23 88 65 33 3 53 3 10 14 61 24 7 38 49 84 48 29 75 97 20 72 6 37 13 79 67 49 92 66 94 98 17 71 95 46 2 15 93 11 2 74 9 13 86 59 40 61 97 36 74 8 35 44 82 98 20 10 93 41 68 57 84 36 90 12 38 99
69 98 43 19 86 92 77 76 30 89 72 59 59 68 92 29 19 67 8 93 52 80 4 96 30 88 15 72 79 91 49 11 13 96 53 58 18 50 11 97 48 65 26 34 98 47 88 32 53 53 66 16 18 57 10 31 64 47 87 28 65 17 26 73 42 21 60 77 91 64
51 76 73 86 43 46 22 43 66 57 57 89 50 67 29 27 40 55 92 34 85 14 74 49 31 23 65 70 61 31 26 2 7 39 3 56 5 69 88 10 40 66 72 16 62 83 78 89 28 8 35 92 56 88 100 47 27 27 64 71 25 26 95 75 21 7 5 59 89 72
29 39 32 68 24 74 85 62 66 52 90 7 54 9 30 37 59 89 52 99 62 9 81 6 83 48 11 62 46 95 55 20 99 30 90 75 67 37 36 87 91 34 34 56 20 72 50 44 14 73 57 44 31 69 15 30 49 83 64 31 71 53 7 54 1 66 92 14 62 15
83 52 9 41 38 98 43 15 66 62 57 28 30 35 22 61 72 87 4 36 15 40 8 26 22 17 6 51 71 78 23 24 90 17 30 28 21 86 85 37 44 1 54 50 95 41 84 71 18 14 38 56 29 19 37 83 74 34 91 36 88 26 94 45 45 83 70 89 11 59
98 79 64 90 37 75 62 23 83 56 43 83 38 12 43 32 15 29 67 42 97 11 51 53 24 14 91 33 55 87 42 52 22 94 21 33 55 2 58 98 25 91 8 83 80 23 70 28 80 95 24 90 50 56 30 98 1 7 70 25 74 26 89 13 8 6 92 50 68 23
45 7 82 84 26 53 31 40 59 1 16 73 18 98 85 64 47 63 46 8 40 31 45 57 77 76 46 4 73 97 50 10 33 86 68 66 82 98 90 68 21 80 18 14 39 13 10 44 4 56 90 79 23 24 23 74 32 85 81 96 41 83 22 89 78 70 95 3 66 83
27 59 83 98 14 5 100 16 35 57 15 76 4 85 13 22 14 24 20 24 70 73 74 64 90 96 91 77 90 99 89 28 5 97 26 56 36 70 68 5 6 23 83 61 25 4 81 5 4 67 7 78 74 36 54 79 90 95 32 37 11 51 30 46 66 21 31 12 29 87
36 96 81 65 31 53 66 98 56 3 72 43 26 28 81 63 59 60 78 47 73 61 6 21 64 41 71 72 40 8 71 12 82 53 25 88 36 12 36 84 91 60 64 53 37 53 93 81 51 94 73 78 5 1 27 5 1 16 55 30 100 3 62 13 83 94 32 75 32 94
35 53 38 74 53 50 62 20 53 61 17 15 7 19 91 4 81 38 29 19 92 22 53 19 60 53 78 13 29 6 96 71 63 55 24 69 3 26 92 56 39 90 16 30 19 53 18 31 7 35 92 32 83 55 76 43 1 70 97 60 47 99 74 21 62 50 4 5 23 15
87 59 95 89 54 4 43 50 61 66 11 96 54 64 30 12 77 56 43 16 17 56 76 64 13 97 13 42 15 68 32 2 92 23 29 100 9 42 79 28 79 43 93 4 82 54 40 98 64 76 65 38 42 12 93 85 54 79 85 8 6 71 80 17 27 20 96 24 20 92
62 91 98 68 45 40 11 89 13 97 7 46 71 62 48 45 9 16 55 42 61 60 30 84 84 50 18 69 99 66 78 66 18 41 47 29 95 90 71 77 37 1 51 29 43 18 51 100 45 15 8 55 17 47 46 18 76 59 84 10 96 63 84 34 65 89 84 62 60 61
61 47 87 86 21 40 94 91 97 89 90 86 70 52 71 2 48 62 19 40 17 8 50 97 31 75 96 37 66 15 19 63 56 46 36 5 61 26 22 49 93 50 42 94 69 29 85 37 50 70 59 31 97 52 22 60 95 90 36 4 73 62 12 86 78 58 86 87 35 50
36 58 95 93 71 25 82 9 57 92 26 44 92 10 32 15 79 90 78 22 56 39 71 13 84 41 33 38 27 86 70 16 72 11 70 10 39 51 60 66 63 67 62 97 86 64 14 53 96 90 31 53 55 79 17 8 76 63 7 85 62 36 38 80 45 40 71 30 53 9
20 41 49 10 26 75 51 95 49 11 36 72 13 14 97 74 95 64 25 59 51 67 98 62 66 10 38 54 50 84 13 9 87 69 63 28 87 75 85 95 62 98 69 16 22 76 83 65 67 38 24 21 46 59 84 52 9 25 60 5 92 37 5 65 53 84 21 72 89 67
55 33 92 58 82 54 27 49 65 48 18 76 26 98 64 53 1 32 5 24 89 40 47 43 2 16 4 2 5 99 44 54 33 29 45 80 95 4 29 43 66 74 7 8 78 61 97 97 23 1 11 11 60 82 100 69 95 8 28 21 3 20 10 50 9 60 96 88 14 1
91 97 48 55 43 47 21 57 42 12 15 4 75 91 90 21 78 58 37 97 45 89 6 5 53 57 78 13 69 2 8 82 38 15 98 82 52 2 20 30 7 22 77 34 54 97 87 70 49 10 94 57 18 7 42 89 21 59 65 85 98 62 96 26 90 67 90 45 100 27
12 70 81 83 44 19 9 98 29 54 60 49 70 25 59 92 29 19 58 78 22 3 63 92 13 39 5 64 87 91 56 22 20 83 45 44 67 94 75 12 62 40 54 45 51 33 38 10 96 39 71 41 47 51 4 48 100 2 23 12 14 48 34 69 89 81 32 71 100 38
11 4 46 77 46 18 26 52 67 54 45 60 68 16 12 34 25 18 58 86 8 43 64 58 13 39 16 59 85 10 78 33 66 29 53 83 26 37 35 46 69 88 38 71 94 100 27 13 97 7 24 34 82 21 93 56 15 70 34 20 60 100 97 20 98 5 52 85 68 76
73 41 99 35 7 38 23 11 91 78 72 2 99 94 8 96 41 72 62 72 8 91 58 63 26 41 47 34 38 90 8 57 62 48 15 9 75 55 43 94 89 37 93 76 55 64 45 77 91 32 72 6 41 37 8 4 42 15 94 32 1 29 28 70 51 10 12 17 24 77
89 17 94 42 11 74 39 61 89 82 41 20 83 8 74 49 47 96 44 38 79 77 47 12 100 79 4 81 40 79 99 29 95 40 76 71 99 6 79 31 73 42 6 63 79 5 79 42 34 55 27 72 1 4 95 29 78 66 9 95 87 100 58 97 2 81 81 57 72 44
72 35 80 7 87 48 10 40 95 24 79 78 70 94 59 61 71 31 31 9 34 58 33 80 11 25 92 73 68 41 59 24 88 27 87 42 54 58 62 1 32 32 56 6 72 50 32 32 44 49 17 41 42 6 13 7 49 17 31 56 57 97 99 31 95 45 92 21 46 58
57 63 23 26 62 70 75 44 74 55 17 8 2 37 98 67 51 82 22 99 3 28 19 94 14 91 24 60 64 91 72 49 17 78 49 17 73 55 47 24 40 87 44 88 86 49 8 37 2 18 93 42 21 89 32 55 91 11 20 99 47 93 75 2 64 75 85 5 73 11
69 23 20 67 36 1 23 82 59 54 18 29 70 4 46 83 86 17 32 35 23 37 76 29 98 31 97 89 24 7 37 98 34 13 18 58 6 67 42 41 76 30 69 38 76 55 82 43 83 37 28 45 66 72 36 17 29 24 12 89 38 70 91 94 63 60 45 18 28 88
86 94 28 22 11 77 67 23 74 98 49 46 8 9 95 68 20 10 2 29 66 4 64 17 18 74 15 15 67 96 98 9 63 56 10 57 26 5 16 20 84 9 91 47 48 53 12 86 17 23 45 11 17 30 64 21 48 7 22 43 55 5 70 91 34 63 54 4 19 63
62 73 23 80 100 58 82 19 91 36 80 77 80 49 86 21 1 82 100 61 96 35 25 43 4 90 84 79 11 47 94 42 35 62 28 39 68 36 82 55 27 96 76 10 32 99 79 90 15 45 10 92 19 91 60 80 73 57 91 93 38 53 34 20 37 33 63 99 14 45
76 85 29 85 20 85 94 1 35 81 10 83 40 56 45 60 35 72 84 4 74 83 45 29 67 34 48 24 71 98 22 22 3 26 49 42 18 20 21 69 38 28 89 86 21 74 82 7 28 3 58 78 100 53 92 56 45 50 63 95 34 66 16 78 89 91 83 42 12 96
80 83 94 23 14 72 13 20 25 42 9 91 15 18 35 83 38 17 65 65 86 90 37 29 43 24 76 83 83 37 77 29 24 90 41 84 1 4 29 56 39 57 43 24 27 49 84 33 71 1 98 33 53 78 45 68 44 50 87 13 35 15 81 5 67 12 14 3 87 82
5 7 49 5 27 48 54 63 64 22 53 5 80 13 61 90 49 58 45 87 31 100 45 57 50 9 39 44 82 71 10 7 47 13 100 21 90 14 7 36 23 29 37 36 7 68 28 45 53 72 78 25 16 5 53 34 43 35 98 98 35 88 43 5 66 95 24 64 1 83
43 84 41 81 65 84 6 93 32 71 39 76 70 100 21 16 42 78 40 16 47 72 2 35 5 63 100 98 69 79 94 25 40 70 100 95 76 56 97 75 1 76 39 12 81 42 87 10 48 33 62 47 54 56 77 82 78 86 86 39 24 27 24 3 60 92 68 56 44 71
70 24 26 28 74 70 14 57 77 3 72 96 88 18 36 67 63 65 34 78 21 7 38 12 9 8 8 55 68 15 72 2 10 90 74 72 91 48 93 67 32 91 39 17 96 83 99 74 53 86 21 20 15 20 39 69 65 24 15 51 48 32 80 20 39 55 88 15 31 83
22 6 33 87 25 61 58 74 71 99 22 41 45 95 53 90 82 52 48 50 56 29 58 61 17 61 89 20 67 21 18 66 14 8 32 7 17 84 82 81 87 10 54 96 69 2 51 89 90 74 72 2 78 17 14 94 76 59 66 15 100 79 17 48 44 80 2 99 22 59
2 3 7 74 26 73 14 59 18 87 22 96 87 87 27 81 93 17 99 49 98 7 65 74 79 72 100 30 99 94 64 29 62 8 33 67 20 49 95 17 1 60 85 100 42 17 31 76 3 93 31 85 19 78 22 86 3 47 97 13 49 88 44 29 92 53 85 69 99 98
31 94 87 81 50 90 78 61 37 81 11 88 46 74 18 45 44 28 62 58 31 24 7 9 36 23 1 35 43 94 73 8 28 40 75 23 92 91 97 66 90 80 51 12 36 78 49 71 25 37 89 56 23 72 83 66 22 78 55 76 90 74 1 97 38 16 57 48 64 58
10 25 43 2 94 59 88 33 64 29 35 46 53 68 89 53 34 67 76 98 52 72 2 41 81 55 59 48 72 25 70 82 40 93 52 63 72 94 92 12 98 65 66 86 91 95 97 76 97 1 55 90 21 83 35 81 68 16 25 63 80 62 46 30 14 42 9 12 3 18
11 19 38 95 22 88 53 39 38 75 32 6 37 80 36 36 6 51 43 67 100 10 38 12 66 35 62 37 15 57 52 56 7 49 77 63 63 47 38 15 94 58 54 74 17 85 76 98 78 62 22 54 58 91 100 37 16 45 92 19 40 50 9 21 95 56 64 66 59 52
65 75 23 39 99 83 13 23 44 84 93 71 70 70 49 42 55 44 23 65 2 31 43 22 44 98 52 80 38 61 68 45 68 6 22 16 58 61 76 45 31 85 38 4 38 50 90 58 71 24 99 17 35 31 28 47 50 31 84 26 54 53 42 52 1 78 54 57 91 7
45 59 33 6 71 100 95 79 49 28 77 6 73 63 41 43 28 61 32 21 28 35 22 53 18 47 58 23 8 47 90 89 87 34 35 25 18 11 43 16 26 14 64 17 12 27 65 19 44 50 18 16 100 72 2 99 90 59 9 89 91 20 61 16 65 98 90 7 22 70
73 46 3 84 71 17 17 54 65 74 62 16 34 91 98 40 37 34 78 8 62 69 98 19 34 54 54 40 10 25 13 19 68 22 31 10 70 43 89 17 18 85 34 95 6 56 19 50 81 100 43 24 48 61 34 5 39 5 19 9 65 76 96 92 21 1 50 94 9 97
32 26 67 50 19 82 66 99 74 78 21 88 98 65 14 41 70 42 10 82 18 27 52 14 59 70 84 58 20 91 8 32 38 13 97 23 2 78 30 66 5 55 88 73 83 92 96 56 49 87 62 99 8 52 49 24 21 35 37 59 32 45 8 3 70 40 55 61 56 64
54 68 11 42 92 26 7 24 11 45 39 90 61 29 36 22 75 38 62 72 67 71 30 9 35 77 92 48 86 25 95 55 47 55 78 20 64 46 42 22 45 51 77 96 82 54 50 58 85 48 65 56 22 57 46 58 10 60 36 4 12 10 18 79 57 26 79 67 64 26
4 60 71 18 5 16 99 5 17 39 18 70 10 85 4 38 69 55 69 86 46 88 37 84 1 98 47 13 57 98 93 27 13 52 60 89 84 79 21 21 51 71 31 82 12 51 81 19 39 2 50 54 15 53 64 24 63 65 52 77 95 23 15 82 71 13 14 93 17 51
5 39 65 77 79 2 22 15 3 84 5 3 93 8 83 97 96 24 3 90 46 26 64 13 100 9 73 42 44 9 93 100 33 2 44 20 8 38 46 15 21 92 13 14 80 18 33 57 61 85 56 86 31 64 66 5 35 82 17 95 7 55 39 89 45 60 53 62 45 6
32 8 8 9 5 42 13 9 18 74 94 44 24 57 63 4 93 11 46 7 96 72 68 20 29 19 74 8 50 15 23 57 67 60 94 46 55 60 60 61 5 100 88 69 19 82 70 13 30 85 57 75 72 95 97 69 72 9 87 15 71 60 83 23 32 52 56 72 35 64
9 64 77 27 35 18 79 10 43 61 51 38 22 98 20 84 41 30 37 38 8 94 8 99 33 99 25 76 77 79 40 34 58 89 30 96 69 50 48 79 80 35 88 88 91 42 5 74 82 15 43 19 52 31 93 3 93 38 32 78 6 53 68 51 62 3 75 16 82 22
57 94 28 8 96 72 62 8 19 66 88 99 30 39 14 56 99 19 75 12 5 61 18 30 94 40 29 87 54 88 71 30 37 99 66 45 3 34 96 100 25 43 23 46 93 21 46 16 32 74 29 68 61 63 73 22 92 52 12 1 99 91 24 87 48 55 71 36 14 91
59 27 25 68 56 86 47 98 7 26 100 42 76 63 68 21 25 15 75 21 63 29 85 69 97 23 74 30 63 59 70 84 91 70 25 1 55 45 25 71 52 60 88 61 60 9 5 31 12 2 66 85 95 4 99 51 35 30 96 3 83 52 44 46 76 37 98 17 63 47
33 19 5 15 94 61 22 69 77 27 96 7 37 33 12 25 83 78 26 20 90 63 4 25 46 44 31 82 62 50 99 95 43 86 44 40 30 100 41 61 44 28 31 32 38 59 65 77 98 42 47 7 7 54 25 77 22 84 46 47 58 17 52 23 74 41 4 1 64 38
66 11 80 86 89 61 30 39 74 49 27 95 60 37 46 64 20 33 12 26 67 87 82 33 74 72 88 56 72 55 55 15 43 62 11 76 64 90 83 84 42 15 50 89 52 78 87 48 92 75 6 30 24 60 14 96 25 53 84 64 94 83 77 80 82 31 72 45 74 34
18 100 7 73 18 70 63 38 9 12 98 38 79 9 61 38 35 74 99 86 48 12 27 30 33 68 93 96 25 27 75 5 49 87 66 25 69 72 89 84 11 72 8 35 44 73 39 31 99 92 37 24 73 68 1 31 52 55 37 85 14 30 15 71 65 82 80 93 6 82
51 61 28 19 95 4 6 49 91 14 71 66 16 47 36 51 75 83 60 27 42 41 91 71 70 25 72 86 66 38 12 16 68 14 74 94 35 86 68 47 69 7 18 10 74 33 38 88 36 35 75 70 31 73 83 29 4 11 15 33 78 76 98 32 31 63 31 1 79 4
18 2 52 6 18 49 51 49 6 10 71 28 95 63 61 83 41 21 42 95 11 69 66 16 66 51 65 86 45 73 55 58 19 14 66 36 67 75 65 1 18 81 83 88 61 82 7 40 20 41 42 16 90 38 25 13 15 20 6 95 98 4 30 51 98 89 7 44 76 26
10 7 7 79 79 17 75 8 49 54 17 86 20 37 63 37 24 72 35 24 38 56 10 3 83 71 29 41 64 66 97 36 56 68 96 41 16 92 97 91 25 28 8 4 48 14 42 10 69 69 72 81 95 92 22 97 84 31 84 57 55 53 88 80 33 90 74 98 91 26
28 59 68 84 11 48 24 96 6 80 35 39 47 54 72 64 40 58 63 94 34 59 15 34 30 19 75 81 78 1 95 72 97 94 80 73 29 24 19 11 93 99 8 85 77 87 72 89 91 15 26 1 24 75 2 55 96 41 93 37 32 30 26 82 27 32 10 82 99 60
74 16 50 78 36 57 100 57 50 73 48 58 56 15 30 44 59 98 83 42 57 75 52 25 15 2 85 39 96 96 22 4 33 7 99 35 69 16 17 42 48 27 74 72 65 12 54 36 55 35 52 93 71 86 87 22 50 31 29 71 98 89 76 1 50 37 2 76 6 33
76 37 71 98 35 55 53 82 63 49 4 74 69 81 62 57 96 31 13 20 58 56 73 49 75 83 7 77 14 52 68 70 63 25 87 18 2 52 3 17 67 76 58 64 29 23 87 40 72 39 25 28 13 71 25 6 52 29 25 9 5 4 50 22 48 12 51 21 2 72
38 42 68 1 81 40 47 88 41 90 64 69 79 93 2 16 9 81 90 22 1 99 8 66 38 68 96 20 60 19 24 2 55 100 5 83 62 64 99 98 6 40 59 81 45 54 3 79 88 40 39 85 25 19 95 69 13 36 34 50 10 75 23 78 97 66 73 26 94 9
73 23 47 78 83 57 41 54 31 15 100 89 37 34 100 54 17 24 32 34 36 2 81 13 62 37 17 92 71 79 32 50 28 9 61 16 37 6 71 4 92 46 76 55 83 88 35 8 74 77 53 83 66 12 62 18 66 57 16 99 81 78 13 40 11 2 33 82 100 69
50 57 42 6 89 83 46 84 64 2 48 76 47 75 92 51 76 62 15 97 27 12 75 64 26 19 47 83 17 64 43 18 31 19 15 55 41 67 32 42 22 99 68 32 90 93 7 69 1 56 66 70 15 10 14 73 20 41 48 53 43 6 44 7 78 90 27 27 60 70
37 4 56 5 25 75 51 29 76 77 34 89 18 48 21 30 85 48 3 52 16 74 85 20 33 49 86 17 84 53 23 34 58 39 72 92 45 86 64 34 96 46 86 48 10 43 19 65 12 16 64 16 62 77 73 37 43 74 59 61 90 63 11 56 26 54 4 8 76 64
38 73 96 33 32 41 6 77 69 78 67 25 4 20 3 36 75 55 35 83 1 19 15 53 82 66 40 86 26 37 6 81 20 42 35 76 86 29 49 43 33 98 22 45 95 21 36 47 69 28 41 28 15 96 78 34 16 20 4 98 3 34 26 73 80 23 53 9 88 30
65 7 100 98 61 79 43 28 86 97 59 8 79 81 96 85 69 37 78 94 88 65 60 32 14 7 20 11 6 76 44 54 52 1 1 37 65 12 53 90 46 51 98 2 7 83 93 15 51 76 32 90 73 73 46 59 7 66 3 5 81 66 70 5 68 45 83 14 5 69
16 16 9 78 80 48 33 80 9 95 88 30 58 46 48 79 38 18 46 37 40 91 56 100 17 76 35 89 20 64 51 58 87 30 61 50 61 57 64 8 86 100 32 4 30 4 6 60 17 81 36 57 69 20 44 63 8 73 59 48 89 59 8 24 60 95 23 11 61 55
100 25 61 80 6 10 38 4 87 63 80 79 92 88 21 71 71 17 68 46 67 19 24 99 49 14 3 88 29 47 83 72 66 10 83 33 78 92 12 74 66 32 70 10 16 89 13 72 96 87 36 81 75 92 87 59 30 68 54 96 17 56 76 78 56 12 22 39 61 48
33 70 23 24 44 100 93 63 86 19 11 47 11 1 91 73 98 55 79 27 26 13 1 73 100 31 48 18 49 80 36 15 71 62 24 49 77 9 53 4 35 19 46 37 91 33 63 96 66 27 15 18 38 61 62 65 27 44 46 20 7 100 58 70 84 82 41 62 60 41
43 55 43 89 49 52 49 50 45 19 36 61 20 65 72 44 44 26 67 81 21 49 47 62 93 19 73 11 34 61 73 23 24 96 94 15 87 6 31 29 87 25 50 27 22 79 4 99 57 37 76 74 59 79 7 73 78 30 54 7 27 76 23 49 99 1 65 84 55 90
19 81 54 63 96 68 19 79 7 46 97 52 81 17 50 98 50 93 42 93 84 72 40 19 42 32 48 21 65 77 92 78 25 33 76 39 18 68 47 74 79 46 63 37 81 35 2 14 61 41 7 9 76 35 67 30 41 39 93 20 11 16 86 32 8 89 21 4 62 18
11 89 35 8 17 63 57 84 38 20 32 85 75 75 45 78 21 4 54 22 65 49 14 78 96 69 6 82 69 13 19 89 61 99 61 18 2 52 74 78 93 43 38 56 65 51 83 37 95 52 26 4 75 73 88 27 90 90 65 99 34 47 95 96 57 65 57 80 89 36
82 22 33 18 65 25 72 92 4 67 89 95 99 7 26 43 53 23 35 57 71 15 81 37 88 87 75 38 45 44 80 81 10 20 21 22 84 25 100 42 21 7 69 44 32 89 48 12 91 16 33 16 10 47 51 2 86 65 86 77 76 68 27 82 54 14 13 94 100 7
15 92 7 25 15 37 77 60 34 53 99 55 26 89 45 27 16 57 59 22 26 47 54 25 15 22 64 96 45 6 99 67 15 25 42 66 76 88 77 67 28 35 69 58 84 72 7 35 27 15 26 26 33 9 98 60 66 14 78 69 29 56 26 79 41 75 49 23 21 10
86 19 46 93 39 58 85 52 52 25 7 79 42 11 83 28 57 70 32 99 93 23 18 58 82 23 56 85 36 82 97 35 57 96 78 71 3 40 28 77 33 68 74 24 77 5 89 60 92 77 95 9 95 95 57 68 9 54 8 78 12 78 100 31 74 64 12 79 75 23
84 68 37 71 37 39 29 90 56 39 49 19 78 41 3 13 94 71 26 29 50 54 88 75 5 30 81 18 22 89 1 70 92 51 56 10 40 89 32 11 92 76 61 49 7 52 78 72 73 61 23 56 12 59 81 91 15 36 14 73 85 41 20 75 37 48 29 48 78 50
21 37 60 53 79 57 10 61 37 69 10 39 95 82 21 5 79 19 1 27 6 97 23 62 59 43 70 37 12 61 14 22 20 14 10 16 32 57 89 48 37 76 26 71 17 19 94 81 38 11 57 25 19 18 47 48 97 44 66 34 43 48 79 64 4 98 68 20 30 46
6 71 26 1 23 37 67 25 35 73 92 92 14 34 63 62 80 16 48 5 87 71 38 43 88 91 14 55 36 47 97 31 70 55 55 81 4 84 96 45 18 62 7 89 43 48 4 84 78 49 89 83 39 80 7 43 45 16 9 52 22 3 39 10 83 9 93 42 51 72
70 24 68 86 65 28 59 100 23 48 63 6 73 86 95 25 75 17 85 11 77 67 54 15 84 67 57 29 92 27 10 62 64 22 45 52 77 97 37 92 83 98 80 81 30 89 20 12 73 32 65 81 5 88 39 64 95 54 6 80 7 69 63 22 73 90 15 61 49 42
58 50 9 21 76 32 85 74 60 71 7 53 75 4 97 47 93 42 60 6 16 13 98 48 24 39 86 35 96 38 81 95 40 4 1 44 32 58 83 83 65 2 77 94 59 3 63 78 33 8 89 98 56 58 22 28 39 30 45 3 57 57 41 30 84 11 17 99 6 90
99 14 41 70 6 83 55 2 56 80 33 82 33 64 45 62 19 52 9 14 54 72 38 36 91 100 70 87 62 97 62 22 12 29 43 28 15 94 1 60 60 91 13 91 25 25 56 69 73 96 62 33 56 36 10 16 37 87 10 54 30 4 37 36 96 66 93 38 96 29
61 23 89 89 48 98 70 39 98 54 84 89 66 25 1 44 78 99 68 33 39 11 30 5 44 73 59 45 46 46 100 60 63 4 64 30 28 9 46 39 9 87 7 26 100 24 12 39 25 18 41 5 85 6 66 6 10 30 79 25 82 44 93 45 34 78 46 85 65 19
88 94 92 54 93 46 29 23 6 53 11 41 69 23 39 20 86 22 48 2 4 75 49 32 100 57 73 61 43 8 51 1 20 24 76 96 72 72 23 43 97 96 13 33 37 11 62 65 21 39 22 53 64 91 87 35 65 23 56 68 20 21 57 28 52 80 6 69 22 64
48 89 85 77 40 43 27 11 90 39 95 47 57 15 23 55 26 95 38 30 71 34 95 21 14 27 83 2 29 23 16 91 79 46 38 96 97 58 2 96 41 11 23 20 94 31 35 34 85 67 84 26 32 40 10 51 51 67 46 87 7 55 27 94 13 89 40 26 32 47
52 7 59 51 1 87 21 42 82 35 5 73 46 6 99 89 46 71 38 53 68 8 58 85 45 70 3 33 77 100 15 32 79 17 37 66 13 96 12 81 52 51 42 59 15 87 20 19 94 56 50 19 80 86 25 52 42 13 3 1 37 26 61 3 52 39 72 87 45 73
14 74 33 34 99 8 32 79 37 86 67 65 46 1 46 37 65 98 48 44 59 49 29 2 88 3 21 85 11 46 53 40 94 46 92 97 8 19 96 60 25 59 9 83 75 85 21 43 23 22 41 33 5 13 94 64 20 84 27 11 4 86 66 44 91 80 16 45 96 2
58 33 88 86 1 12 89 14 66 79 20 28 68 64 88 25 16 13 84 71 52 77 94 82 42 69 75 31 56 2 30 90 55 55 30 81 47 42 28 82 25 92 91 99 39 78 42 52 40 52 95 44 24 66 95 74 79 86 56 99 7 64 82 95 86 34 58 56 99 69
96 57 94 35 42 67 86 25 5 61 23 25 33 94 94 45 45 8 39 26 49 40 27 64 93 10 84 81 24 36 66 15 56 45 9 30 28 62 98 80 99 58 26 20 32 58 3 84 69 78 14 68 13 95 100 51 13 94 87 84 87 89 22 43 33 33 77 36 13 95
15 97 27 44 25 25 51 78 17 31 12 52 64 71 51 84 29 90 53 90 25 1 98 54 94 4 35 28 29 58 15 92 22 80 66 82 29 68 66 96 28 56 8 92 37 9 94 29 19 96 45 35 64 42 93 43 35 70 73 31 85 26 12 84 73 25 66 22 15 31
78 86 75 65 42 85 20 78 100 65 19 5 93 12 77 68 74 64 23 83 27 70 21 7 70 71 43 99 50 55 9 8 74 16 98 34 3 30 58 98 31 86 63 25 76 17 6 14 99 25 8 22 39 18 23 26 94 52 56 1 95 58 67 59 39 13 74 6 80 18
85 20 14 26 12 53 70 51 73 42 43 40 41 55 36 50 99 27 3 91 68 83 48 75 55 90 38 55 89 83 69 29 86 90 69 1 41 67 89 83 63 31 25 57 75 93 32 62 13 70 59 6 8 30 40 15 79 70 99 7 10 19 22 73 48 79 95 66 70 85
91 26 83 35 2 26 82 50 18 43 70 67 35 47 63 12 46 70 64 87 56 66 62 9 95 49 58 68 73 4 47 29 87 24 71 37 84 33 35 75 92 96 77 3 41 77 90 22 79 42 58 55 11 21 31 79 38 95 14 34 77 24 38 31 58 6 56 39 23 33
12 100 23 88 79 55 91 15 75 12 31 12 85 69 69 95 63 59 9 62 45 2 14 80 15 88 54 70 85 86 3 97 87 83 81 66 45 35 71 10 20 8 95 31 64 3 20 63 73 58 99 73 85 4 43 88 23 52 1 45 97 24 66 29 95 75 64 13 7 85
5 90 85 93 31 39 100 61 90 41 84 1 12 28 7 50 92 62 71 26 78 93 71 75 4 36 57 75 15 46 60 10 52 71 16 6 36 88 12 28 53 58 25 32 70 48 15 68 45 2 50 44 54 60 5 72 50 12 75 17 21 98 97 33 89 38 21 22 46 10
59 65 26 14 41 35 86 54 73 95 14 59 37 92 17 36 51 41 13 82 94 81 58 41 61 4 56 52 73 57 86 81 35 23 76 76 1 38 7 8 4 8 52 92 30 50 72 91 5 27 22 37 68 44 31 89 94 45 1 59 50 61 55 3 24 39 51 10 85 12
50 13 5 85 41 31 89 7 67 41 99 65 63 48 78 12 16 21 86 52 5 46 24 72 36 73 50 41 23 88 80 3 96 2 49 58 49 19 42 29 90 55 43 23 73 14 41 97 15 60 15 65 34 38 67 3 96 7 25 99 5 87 21 87 71 14 73 28 51 41
11 12 10 21 85 73 15 50 91 37 87 30 71 19 38 19 76 68 57 95 46 95 20 38 94 49 1 93 54 1 24 10 5 45 41 75 45 29 96 89 49 57 67 40 46 6 61 52 15 73 42 27 57 72 54 78 55 18 97 73 100 42 28 81 77 65 45 74 42 94
9 90 98 51 46 78 5 60 91 33 40 96 66 61 63 62 72 21 24 73 12 79 56 34 8 21 73 48 84 68 85 5 52 43 90 95 32 75 18 3 100 98 2 36 21 70 81 39 62 57 34 30 41 75 45 54 25 10 92 78 54 18 11 68 62 36 20 11 38 21
62 40 93 24 39 55 5 17 75 34 33 44 19 47 46 55 39 79 33 21 19 48 97 13 16 94 9 37 15 4 83 95 80 37 92 81 54 85 25 99 85 7 10 78 55 74 78 56 79 48 24 55 42 77 5 61 72 25 27 17 3 28 50 92 30 55 30 86 78 80
59 76 83 32 14 90 78 44 33 99 52 20 73 5 39 100 54 76 23 28 9 69 100 27 58 47 42 83 46 99 55 20 18 38 93 72 44 34 75 72 54 35 77 87 76 12 47 11 62 85 98 62 36 41 18 38 84 4 22 5 90 67 51 75 54 34 31 53 85 68
87 15 93 43 26 99 83 63 31 78 33 35 29 63 97 4 56 52 51 6 90 83 1 58 1 72 94 59 90 87 2 87 98 29 91 98 74 16 65 3 68 68 41 78 87 61 9 27 69 1 21 91 66 88 9 25 68 66 91 19 72 99 53 40 13 56 32 79 47 37
5 86 36 85 100 42 76 94 51 71 97 75 99 65 76 54 56 14 48 32 36 60 37 69 23 43 96 62 48 10 48 2 20 58 35 37 51 86 60 18 15 85 75 13 2 32 19 1 18 70 81 20 5 77 8 67 98 82 12 48 91 66 96 3 37 59 27 61 12 13
4 27 44 79 99 56 36 100 3 31 98 39 90 32 42 68 1 44 67 4 37 27 91 25 52 62 67 41 84 52 33 46 3 75 71 79 19 98 48 15 30 16 25 74 51 14 53 64 38 7 71 46 94 51 46 4 49 64 41 85 20 5 71 27 61 54 84 56 97 37
71 77 49 19 50 54 16 5 86 20 33 79 1 84 48 49 53 90 22 88 19 69 3 39 19 57 4 24 88 34 80 30 21 96 14 63 49 99 65 72 16 91 93 7 26 47 21 38 8 99 57 76 19 11 13 72 76 11 85 31 48 36 74 5 43 33 31 78 53 67
57 48 51 34 35 95 69 28 43 49 90 6 18 21 22 82 6 21 67 7 31 13 91 1 67 30 27 15 64 36 75 36 24 86 70 93 28 17 95 80 40 49 31 92 91 13 20 78 23 99 51 4 9 10 24 10 85 7 66 99 57 13 17 84 66 90 29 40 96 35
10 15 51 26 62 92 21 12 3 20 25 66 3 51 33 28 25 88 60 82 24 43 62 28 1 67 83 33 3 33 43 99 75 52 90 59 41 93 41 35 14 49 63 25 48 44 28 16 67 4 98 31 25 3 14 84 88 74 98 40 70 65 22 28 49 67 32 89 36 4
33 30 83 96 47 59 78 43 52 64 33 65 51 65 64 28 19 23 92 33 15 84 83 74 53 51 84 85 30 32 27 84 40 35 40 89 47 65 12 63 98 34 69 4 54 47 77 5 55 37 61 2 16 66 90 91 88 73 100 42 18 81 37 92 37 43 65 48 63 50
71 20 94 57 37 28 63 88 67 19 24 73 68 19 96 85 99 89 68 11 46 26 82 63 85 74 82 71 34 62 74 91 40 80 66 7 44 9 38 68 35 56 38 49 8 39 70 18 14 29 59 72 64 71 59 51 71 89 35 35 16 76 96 48 22 13 55 12 83 68
71 83 44 77 20 10 98 100 51 25 8 100 47 81 74 24 50 50 10 57 46 60 61 98 54 75 67 25 57 84 48 93 55 56 1 67 23 33 44 74 72 65 16 51 5 77 93 75 45 59 36 63 22 17 88 60 33 60 42 92 80 64 24 11 71 94 52 37 97 54
51 28 1 18 40 80 37 22 56 68 98 92 46 81 80 34 16 99 86 56 24 70 63 63 74 99 17 94 21 39 88 18 70 93 89 95 5 17 84 41 92 97 65 26 21 32 81 95 66 45 10 99 82 18 18 73 22 23 4 42 15 96 50 1 16 98 21 90 5 99
23 66 45 28 2 78 89 19 73 4 96 73 15 21 45 21 26 78 29 75 10 89 40 44 57 31 70 39 3 13 52 44 46 98 8 41 60 19 89 24 76 21 1 59 98 86 41 73 74 13 28 14 42 44 21 79 59 95 46 45 84 14 87 48 82 31 94 70 70 58
39 7 67 19 73 53 80 95 99 63 19 73 41 70 76 92 91 43 68 34 46 39 38 37 59 12 8 47 90 29 5 66 2 64 40 14 44 18 79 100 3 4 62 74 60 24 21 48 50 84 54 75 84 66 1 96 19 2 34 81 11 91 49 12 89 37 100 63 93 31
91 37 90 54 18 100 66 4 83 80 9 50 59 37 46 14 64 25 95 33 65 11 36 93 42 50 84 42 57 3 51 27 36 1 34 46 10 32 62 10 56 61 71 62 14 5 12 62 54 96 86 76 68 39 62 55 76 90 13 92 19 40 34 74 77 46 100 67 39 91
98 11 58 86 5 27 23 39 64 29 66 81 78 40 19 82 8 43 32 84 67 56 84 7 48 24 21 87 8 62 57 66 55 50 48 64 61 92 90 31 41 20 17 8 72 95 7 58 55 66 37 4 94 27 10 50 66 35 29 23 9 39 100 32 99 37 3 70 86 97
18 80 66 69 92 39 44 34 7 77 91 9 36 86 43 84 68 48 20 60 9 100 9 14 4 58 70 41 16 29 45 84 41 11 35 25 58 82 55 34 99 91 95 19 28 67 33 21 65 80 84 12 82 64 61 39 4 57 9 48 36 39 11 19 90 62 89 63 66 67
10 7 92 58 13 77 61 13 25 17 13 52 97 97 51 24 62 22 73 5 12 66 9 13 13 49 2 1 60 47 32 18 65 8 2 36 3 43 34 70 73 14 96 44 38 82 95 79 51 34 24 13 41 70 96 2 73 43 39 19 9 16 17 48 36 55 89 69 47 65
7 51 54 59 54 40 46 42 65 55 88 7 20 5 90 66 89 19 24 42 88 19 45 60 79 48 92 40 97 67 70 15 11 44 6 55 75 98 98 99 46 60 22 95 95 51 75 10 21 51 23 36 98 99 37 100 10 37 75 54 8 79 55 75 39 28 69 54 21 35
82 77 78 32 60 1 87 35 75 56 72 91 98 22 54 92 31 77 28 97 21 53 8 79 28 58 7 5 98 37 65 84 61 73 86 77 50 98 43 49 44 9 91 70 64 32 63 65 91 76 95 81 63 67 38 35 77 35 2 50 65 43 64 22 71 50 81 39 64 9
43 30 32 49 11 72 49 22 71 4 66 47 60 70 30 88 72 9 43 22 70 18 62 85 37 41 70 71 28 58 64 44 44 9 18 57 63 68 3 95 83 58 5 56 1 72 41 69 52 43 23 19 16 69 82 72 85 45 60 14 82 96 80 69 84 80 45 96 71 2
96 10 20 73 93 98 65 5 45 41 96 21 87 32 24 69 32 48 76 82 1 51 63 77 50 3 69 97 79 57 30 74 59 15 98 70 32 32 62 6 95 82 51 80 25 70 1 40 96 7 62 65 51 88 4 27 97 62 6 89 67 77 38 15 23 24 10 98 9 15
90 65 76 79 100 54 77 29 29 27 1 79 7 29 50 71 68 27 33 87 14 34 90 10 97 4 39 21 18 43 70 43 71 29 42 33 18 45 6 99 67 45 64 15 7 51 93 72 54 51 46 94 15 46 17 5 62 57 13 70 55 92 31 23 49 72 38 52 1 61
64 69 45 8 77 53 71 24 35 45 61 4 50 77 86 87 46 57 70 36 72 2 17 63 67 97 31 67 13 45 16 58 73 18 81 91 10 66 36 23 7 100 41 85 62 60 42 97 66 38 30 8 88 81 84 76 19 17 59 3 11 4 94 76 73 67 93 67 32 93
95 28 86 5 75 93 38 9 5 9 49 92 100 84 14 11 66 56 13 45 52 87 9 31 37 68 87 97 20 3 51 44 52 5 11 20 46 28 80 30 98 5 44 82 27 4 56 16 43 51 13 12 56 86 21 9 10 99 70 96 1 93 93 36 51 60 14 55 24 63
48 3 97 35 59 27 4 68 66 71 68 40 9 50 91 58 73 27 50 78 3 41 28 3 44 44 15 18 47 56 84 60 87 3 57 20 79 63 6 83 9 54 17 82 38 88 32 37 20 74 41 82 16 21 77 69 58 68 74 77 82 62 31 12 90 84 72 8 89 28
55 96 5 16 65 19 99 2 33 90 20 37 14 77 81 6 82 51 62 24 41 76 72 36 31 51 82 49 23 36 42 24 78 56 54 49 4 93 33 75 66 92 10 90 100 11 20 67 87 17 35 28 70 66 13 73 11 7 31 9 53 39 33 44 27 18 30 13 74 34
13 60 38 32 17 24 65 56 33 53 30 56 79 44 89 38 29 8 44 71 39 64 83 93 97 5 45 99 65 80 20 91 74 31 50 75 9 55 80 17 68 63 36 57 86 18 96 7 6 67 2 37 72 39 29 24 72 32 73 34 97 71 28 72 97 19 10 21 63 41
62 96 30 30 21 43 4 37 7 92 55 61 43 8 37 27 21 77 67 1 15 57 97 99 60 57 18 5 39 15 14 33 58 10 4 71 5 70 75 95 49 92 22 20 57 7 29 54 21 28 95 68 74 66 41 48 2 89 83 91 51 34 19 54 59 57 29 78 78 59
6 24 54 58 63 99 86 49 62 39 24 53 24 34 40 23 55 22 67 96 38 64 30 95 23 49 63 56 54 45 11 15 18 95 81 84 79 85 15 91 69 38 69 99 14 84 78 58 31 32 7 39 34 38 52 31 79 70 19 72 7 90 81 6 25 90 63 87 3 65
12 39 74 55 65 9 10 87 95 64 14 55 46 87 19 68 90 56 29 100 12 17 81 87 70 47 40 34 10 73 50 32 5 99 29 40 79 13 77 28 29 32 82 72 83 98 46 43 2 87 8 100 62 50 23 69 47 89 80 100 14 57 67 4 52 100 90 28 61 90
97 64 44 48 18 54 90 22 56 54 4 4 55 25 20 24 42 17 42 55 96 22 44 75 60 59 82 2 15 26 97 48 82 9 59 12 4 83 100 68 72 25 79 42 30 85 86 58 61 37 3 38 96 66 4 61 77 67 57 21 76 45 51 55 34 15 39 56 61 57
67 4 4 74 76 22 88 97 60 6 54 8 30 89 69 15 12 57 93 93 75 47 63 2 41 79 43 85 68 94 54 32 19 75 90 22 60 13 91 41 26 18 5 1 31 1 66 72 60 47 27 13 96 13 72 71 4 87 55 51 37 66 70 13 56 60 48 8 34 1
63 87 18 24 63 97 70 17 19 20 11 96 39 76 66 77 24 58 96 38 81 47 74 58 6 83 84 34 18 24 8 88 92 19 83 93 20 12 77 64 45 20 37 100 58 46 77 38 70 82 24 98 59 6 75 62 5 99 49 40 72 64 40 10 74 36 67 44 29 67
90 17 76 35 23 43 12 42 94 60 59 68 97 67 63 89 73 84 37 7 71 8 66 37 2 23 76 13 50 19 75 8 55 70 80 19 16 35 74 8 68 38 23 90 9 90 62 96 24 63 88 5 1 31 97 42 98 41 59 11 27 22 72 26 78 98 32 36 53 22
11 63 89 36 79 26 66 58 7 22 48 99 42 66 15 18 96 33 29 63 43 79 57 43 26 50 26 8 67 44 89 49 87 3 47 90 19 37 28 100 54 49 46 54 19 85 21 24 59 93 61 56 26 11 10 71 55 26 80 62 8 21 38 74 41 12 63 57 32 21
84 74 63 34 3 92 86 39 86 93 61 3 57 92 100 98 1 34 18 99 88 81 66 93 78 96 83 94 27 65 17 21 56 32 9 29 29 92 91 24 30 82 88 98 97 53 63 79 4 71 39 100 20 20 86 82 92 20 82 63 57 89 18 73 47 56 75 69 34 5
60 97 18 81 39 43 99 9 28 54 42 25 43 9 12 1 53 35 14 26 5 75 87 43 9 79 55 18 15 43 100 55 40 47 89 58 33 87 29 79 21 64 72 42 95 97 67 3 7 19 77 3 40 1 32 18 52 90 83 51 43 91 37 49 23 81 17 10 59 21
44 2 65 89 5 59 73 59 54 98 64 51 18 47 5 89 46 67 22 5 37 23 48 7 50 36 3 5 73 12 87 41 80 13 73 28 31 69 64 30 33 36 45 77 45 9 74 96 64 89 94 97 88 45 15 65 80 64 62 83 67 15 32 30 65 35 12 12 76 18
45 52 60 35 72 46 85 43 93 73 60 7 57 81 73 74 42 27 89 25 39 22 24 73 50 21 17 96 82 99 4 35 22 47 10 56 35 100 89 88 97 81 34 22 50 60 65 89 98 76 37 12 16 73 28 74 3 71 11 71 38 38 10 31 58 69 25 24 98 46
29 32 10 45 58 2 94 71 98 76 58 39 7 35 69 11 41 68 42 54 39 10 85 31 36 28 78 17 67 28 31 67 49 76 79 32 27 56 65 15 93 96 75 21 62 100 82 100 51 50 100 35 44 97 96 61 32 8 53 80 29 96 34 49 71 40 78 92 40 85
42 89 73 48 78 26 71 60 44 91 56 71 90 28 17 51 51 96 53 37 58 56 26 52 17 60 5 89 22 20 100 14 63 47 24 89 41 77 17 44 30 90 79 30 65 95 99 21 79 68 96 95 89 51 20 23 77 61 45 100 72 50 91 26 72 51 33 68 11 33
86 97 21 41 39 43 42 55 22 44 72 45 52 50 27 26 90 74 61 80 71 95 37 31 69 94 83 8 21 14 71 6 85 4 13 81 23 70 29 57 79 30 12 12 55 54 85 23 17 89 27 62 56 46 37 97 4 47 33 31 92 16 5 59 16 74 39 10 30 65
99 100 94 60 24 69 31 40 5 44 47 87 10 51 13 49 44 26 28 81 33 46 92 98 21 42 29 23 87 16 77 19 10 72 77 69 15 63 36 7 30 92 50 58 43 72 55 48 87 2 1 67 16 53 43 83 52 41 33 89 5 5 84 32 62 60 24 77 63 47
11 41 75 98 3 36 64 94 77 62 41 33 56 80 62 49 11 29 78 95 54 60 11 44 11 43 26 70 21 87 18 11 71 3 16 32 73 36 46 16 87 75 2 5 40 65 73 23 52 56 83 46 21 31 41 15 76 92 21 60 50 80 50 22 84 53 57 75 65 51
18 71 56 54 90 13 48 51 17 62 64 14 38 30 33 46 16 51 92 64 86 63 68 37 74 24 59 59 71 18 14 6 56 55 29 40 52 80 71 42 92 29 39 54 82 91 41 70 10 97 16 76 20 70 82 72 31 76 46 24 78 9 8 13 59 37 44 18 62 69
92 70 89 79 85 42 46 28 72 53 93 30 40 53 63 55 91 45 56 78 99 81 33 42 96 69 9 6 68 35 22 62 43 32 94 74 25 59 40 98 28 14 34 55 84 5 65 25 54 12 82 20 65 62 71 33 9 2 76 55 99 4 17 91 72 34 76 98 47 77
2 73 67 95 94 81 14 10 1 15 93 39 87 90 89 71 6 83 25 27 97 16 91 29 50 73 15 13 19 88 25 42 87 8 71 57 1 85 5 89 70 86 91 91 2 49 23 69 49 29 1 75 20 18 38 35 45 88 37 37 56 25 90 10 48 6 7 27 51 3
85 90 11 8 9 29 65 40 80 16 20 12 8 19 26 18 6 39 4 26 78 69 70 20 35 2 67 100 77 11 24 37 88 60 78 26 63 28 25 94 98 31 55 6 43 80 54 94 79 96 26 27 35 69 25 93 79 5 60 59 92 40 28 48 97 82 50 45 19 89
64 34 39 46 85 70 27 44 21 31 28 32 8 76 13 33 98 47 7 85 85 18 69 40 32 48 60 44 28 21 8 1 47 54 94 28 22 71 66 32 41 11 95 68 94 80 7 62 62 58 35 30 22 57 67 75 22 80 18 86 59 100 50 20 87 46 45 11 56 78
84 9 12 72 21 71 43 60 71 24 81 91 78 94 65 8 54 74 40 87 80 25 93 82 77 67 89 59 57 55 52 9 30 70 9 42 47 81 5 86 59 67 98 84 67 82 50 88 50 69 17 24 46 69 31 77 42 26 68 69 61 96 42 56 92 41 86 42 18 22
81 39 24 41 64 39 74 21 80 9 23 84 34 49 55 62 95 96 52 36 4 85 2 41 49 12 63 71 51 98 28 78 29 85 17 26 45 73 21 67 22 95 26 38 89 47 2 34 84 50 40 18 34 67 94 37 8 84 44 21 50 2 6 74 46 9 90 93 66 64
49 64 93 71 74 35 24 10 16 79 51 75 44 73 100 17 1 83 63 48 67 81 23 63 18 98 15 38 55 88 42 42 19 64 82 85 78 77 58 33 9 74 93 26 15 66 57 48 83 21 33 47 47 35 65 97 24 50 51 81 78 44 87 98 1 60 63 65 76 38
81 50 7 64 66 30 5 25 67 29 18 60 77 61 88 16 44 29 95 98 39 86 78 46 11 33 65 82 21 11 69 4 64 12 69 9 82 35 14 95 41 21 10 12 49 74 81 80 36 98 96 21 18 13 12 49 57 62 66 89 98 43 45 93 98 9 50 20 72 28
54 62 59 94 96 7 57 22 1 38 82 43 23 37 72 29 88 1 83 10 26 7 46 35 8 81 90 50 61 16 86 57 14 74 91 71 12 22 89 7 20 20 45 50 88 90 62 84 5 99 4 65 74 15 42 65 37 32 47 18 77 25 16 68 50 14 9 46 22 42
17 21 59 8 30 66 50 53 57 22 15 53 46 75 94 76 78 27 100 95 18 1 97 61 43 64 11 2 89 37 16 2 59 59 6 71 48 4 90 35 26 55 53 99 86 61 59 98 64 99 71 2 60 2 38 73 100 36 7 66 46 23 49 99 3 38 57 50 42 39
99 67 82 16 85 13 46 16 1 89 5 63 95 12 6 12 55 63 17 37 89 61 88 61 61 82 12 99 61 56 42 34 77 9 93 20 22 39 85 93 37 13 98 5 41 92 78 38 98 55 97 75 74 25 78 50 43 76 74 40 15 30 72 18 39 25 51 85 45 5
29 6 22 80 24 4 87 12 60 100 27 84 9 33 73 6 84 67 10 49 47 22 14 67 93 38 50 95 1 11 37 63 46 75 26 82 23 50 10 64 73 67 17 33 64 17 28 34 74 32 19 50 96 98 81 40 8 72 85 8 17 26 86 86 93 76 79 79 96 97
96 65 55 2 37 1 85 93 37 12 53 61 60 21 58 37 61 99 2 52 23 24 42 33 88 39 29 59 63 71 82 44 71 74 48 44 5 27 52 82 60 54 27 75 19 78 11 12 52 14 95 22 7 50 13 3 61 25 45 58 73 23 28 53 93 5 68 51 75 6
71 31 53 83 74 57 63 8 52 98 89 53 29 52 30 48 35 72 59 37 61 76 100 42 19 92 83 13 80 72 96 36 57 20 4 12 81 6 34 73 59 83 33 12 38 7 41 45 8 87 92 8 57 9 91 38 79 22 63 39 2 30 89 26 73 77 86 43 89 96
64 38 96 93 69 36 50 29 95 29 9 31 11 22 58 25 80 59 58 78 41 25 23 28 15 80 35 54 23 51 7 49 76 51 65 1 40 54 40 44 57 96 41 24 87 74 23 5 31 72 83 13 53 18 79 65 80 18 36 36 69 95 28 72 76 68 89 33 100 41
29 33 57 87 70 66 37 46 56 34 95 29 42 97 99 4 35 88 100 62 24 21 19 88 12 51 92 50 45 14 45 22 65 94 35 94 42 78 66 56 28 47 56 97 85 73 66 4 49 74 42 87 84 68 65 50 32 1 45 7 64 82 66 80 36 47 46 60 81 27
46 16 93 76 28 82 57 90 74 17 38 22 82 50 91 96 27 56 37 2 10 89 49 22 76 95 52 50 13 75 24 1 40 55 51 97 74 71 16 24 18 47 44 85 11 66 44 77 100 11 21 80 62 43 49 11 6 96 44 92 80 75 58 95 4 41 35 30 33 44
11 43 51 14 79 37 49 34 2 20 26 49 82 33 4 68 71 9 21 88 37 45 18 14 40 50 22 16 94 99 19 69 7 99 45 44 77 57 1 36 83 64 9 28 56 34 20 93 89 52 74 74 55 62 95 49 96 23 33 83 78 59 91 33 47 31 46 41 34 38
65 44 83 15 44 92 78 12 23 54 90 80 87 83 14 90 51 45 37 32 93 61 96 91 81 61 41 82 79 25 89 39 4 51 24 86 70 57 49 92 15 23 35 36 71 46 54 26 5 33 61 78 97 80 26 3 62 16 6 93 58 43 56 24 54 84 55 64 2 28
19 86 49 68 43 11 60 19 34 72 86 30 17 24 4 22 77 34 79 82 65 97 17 38 22 8 69 21 16 63 60 67 70 53 46 79 93 3 16 74 70 94 78 7 56 88 12 2 18 50 28 91 37 8 86 1 50 74 14 9 94 10 46 66 68 40 66 63 69 13
67 57 9 14 82 84 69 98 87 49 67 82 11 100 71 90 96 68 74 95 21 11 24 49 46 94 5 12 3 59 13 27 94 43 66 27 24 4 80 38 11 71 30 69 38 49 90 33 6 64 8 74 46 36 54 69 59 13 48 11 19 40 43 42 1 88 63 88 11 25
7 11 57 36 43 48 72 14 73 79 31 22 9 87 33 20 92 21 37 67 28 9 45 54 82 54 90 19 36 68 10 63 46 41 22 5 87 71 69 49 62 77 51 63 53 58 30 7 72 5 51 23 79 35 94 95 61 77 94 54 20 57 50 54 14 28 17 56 91 20
86 69 100 60 26 16 8 42 81 21 99 72 11 33 19 34 94 18 20 5 76 69 6 68 8 97 25 88 31 7 8 12 86 35 86 36 13 9 34 32 18 45 70 7 30 77 17 92 19 33 16 41 10 60 41 4 29 19 40 27 7 33 5 16 20 40 52 83 28 81
19 12 30 13 88 57 31 78 23 66 2 77 34 59 13 8 33 74 47 8 61 62 36 49 59 93 73 93 40 52 10 80 57 7 72 52 54 84 73 27 91 90 76 61 79 39 12 44 62 76 9 39 45 27 64 12 20 21 68 86 36 23 8 35 87 19 43 71 11 29
20 20 37 47 41 97 66 74 99 94 89 82 7 97 1 49 58 14 84 50 74 65 81 70 98 36 27 18 36 10 57 58 27 26 39 31 86 98 91 82 19 90 6 19 10 92 91 22 62 37 32 21 88 100 30 8 21 40 56 27 34 59 43 7 39 9 15 25 35 82
34 15 45 98 64 41 39 25 49 80 95 64 55 93 88 81 92 4 34 86 65 20 99 61 25 79 72 49 61 22 51 29 58 11 42 99 76 21 37 83 59 92 60 1 6 47 58 15 49 63 60 83 56 94 60 64 79 38 43 88 93 32 18 47 94 66 31 46 16 63
1 69 58 51 94 27 61 44 32 3 35 28 59 62 90 24 77 95 93 59 71 6 15 92 75 62 32 92 32 47 7 72 45 1 83 28 83 75 12 51 3 59 52 59 68 74 59 26 47 18 79 50 81 7 77 61 40 6 79 20 67 56 42 10 18 68 33 77 3 11
33 3 83 73 32 90 78 40 66 13 45 48 60 82 63 39 7 70 70 30 37 33 35 96 45 62 83 48 10 59 1 11 49 25 76 11 97 93 83 65 86 4 30 9 76 23 18 69 6 23 4 38 88 54 16 8 50 24 21 35 23 100 64 32 14 89 50 56 45 53
44 36 30 32 53 74 10 56 34 23 61 98 31 24 48 100 14 59 17 36 58 39 36 52 77 78 24 3 70 25 88 44 37 28 27 16 23 93 46 79 74 62 67 81 84 13 60 82 49 98 2 81 14 99 1 30 32 96 87 74 5 4 4 80 71 78 72 25 96 3
21 91 59 32 27 15 90 39 50 97 52 8 43 57 16 1 94 38 89 92 58 51 36 77 66 92 19 61 18 69 62 47 95 18 37 17 100 49 85 67 20 89 19 54 33 63 10 53 22 54 21 98 84 26 46 53 85 48 10 3 39 36 24 8 77 79 26 93 9 37
43 77 73 49 34 22 68 63 96 74 10 70 60 40 75 42 52 60 29 17 79 42 93 10 21 12 19 84 13 37 23 3 84 30 61 41 40 45 28 83 18 51 51 8 92 84 94 41 4 60 79 76 34 67 50 7 61 86 33 2 37 78 15 58 53 27 52 69 63 38
38 10 87 31 44 51 4 97 58 28 36 5 98 92 33 66 34 59 69 22 72 55 47 19 70 42 4 1 70 97 70 20 84 32 76 75 29 48 46 67 61 68 75 3 53 13 72 78 40 29 44 82 75 16 36 3 67 26 39 49 7 23 20 12 35 63 80 6 71 56
96 36 91 75 1 65 84 90 26 99 80 89 22 25 30 90 83 27 32 18 28 54 71 94 47 63 85 36 8 17 42 19 33 77 48 34 29 21 36 23 89 78 76 99 85 1 61 17 41 7 14 50 55 76 62 73 73 10 33 52 87 7 16 95 99 76 67 41 63 14
95 53 97 42 63 50 12 31 30 19 33 99 36 46 43 34 98 64 5 97 3 30 35 49 3 43 13 30 19 4 84 20 21 34 25 57 27 64 73 67 51 37 54 84 11 91 26 92 55 17 70 100 79 72 22 98 78 69 30 100 4 39 64 12 52 3 58 70 67 87
