40
3
7 80 89 1 71 10 78 95 8 79 45 57 9 68 35 30 19 41 83 45 76 47 19 15 28 37 96 80 84 97 24 42 83 69 33 38 91 74 90 7
43 79 61 84 97 26 98 57 84 52 20 7 72 99 24 11 18 38 65 52 56 2 16 11 58 25 48 71 18 94 10 33 24 40 2 99 15 91 81 7
35 4 67 90 77 94 91 80 98 7 63 80 83 45 57 59 36 99 50 30 63 12 37 80 45 12 79 44 7 92 67 27 98 22 74 54 71 91 26 70
66 64 98 45 12 67 71 81 56 85 51 89 62 39 57 59 76 39 68 46 13 74 76 88 99 69 76 80 59 38 89 77 87 99 85 29 100 61 43 66
38 50 1 68 57 74 82 37 72 23 33 34 27 57 36 54 4 43 21 16 74 88 87 12 7 28 87 14 11 47 56 1 40 45 86 8 32 73 36 59
43 54 80 48 20 64 37 64 31 70 46 10 14 63 55 6 9 59 18 71 25 9 100 9 47 59 90 93 98 17 62 36 56 64 57 38 29 43 57 23
13 74 93 53 99 22 76 27 18 47 32 45 49 6 11 24 42 46 2 33 66 72 1 20 57 58 6 14 32 68 70 47 35 57 41 46 79 37 99 34
56 82 16 11 96 25 31 17 81 82 29 69 41 62 85 77 88 72 50 72 32 57 17 7 65 83 77 82 54 3 99 66 10 73 54 28 69 23 52 32
12 78 49 86 70 35 22 48 46 78 18 22 37 100 98 60 92 14 55 47 4 17 23 37 57 68 49 42 83 90 40 44 57 38 1 26 16 90 34 48
10 48 34 20 93 41 65 7 82 58 42 94 15 59 14 28 52 16 47 34 67 69 78 22 51 2 84 12 17 13 42 19 63 10 81 50 91 60 98 84
62 95 9 40 74 49 69 64 71 47 47 25 87 70 86 68 77 21 94 3 5 99 19 83 45 34 56 90 93 75 28 95 50 41 51 82 58 52 34 48
94 76 23 29 91 41 36 81 10 39 14 24 79 40 10 40 67 1 57 1 72 32 29 39 13 17 69 5 87 99 24 23 98 49 12 20 87 35 50 8
77 74 4 70 84 7 33 53 90 25 72 17 1 6 15 6 14 38 83 26 51 33 13 5 51 40 89 19 73 52 89 1 79 96 50 2 58 11 85 31
89 40 2 6 63 21 7 39 19 53 39 38 91 38 78 89 30 63 4 53 11 36 86 77 100 14 4 31 95 74 11 99 87 34 30 63 74 46 69 32
91 55 25 41 68 14 53 14 83 86 33 79 95 93 83 14 53 39 91 37 72 74 49 16 75 80 11 8 43 62 90 100 61 60 83 88 2 3 70 55
22 87 51 48 95 80 37 17 48 45 30 42 95 26 80 51 51 24 24 8 23 7 2 84 13 15 28 66 100 20 59 23 25 21 10 49 57 60 23 45
39 24 28 46 78 85 17 35 31 93 3 23 16 36 5 47 65 8 24 13 93 24 11 92 15 30 86 56 82 67 45 27 65 34 74 39 31 7 28 26
57 74 59 51 2 10 36 2 68 41 48 71 30 74 65 95 49 11 15 16 63 1 63 31 22 63 53 87 64 83 79 62 24 27 32 57 98 94 6 28
60 90 76 20 19 8 24 52 38 9 39 65 25 31 68 16 57 56 6 19 81 11 99 46 69 47 37 39 23 51 68 99 64 38 91 25 68 44 6 44
71 7 4 64 84 66 97 98 82 16 69 71 66 100 83 90 36 4 26 18 20 3 19 38 63 29 74 17 74 93 28 48 92 80 44 89 28 65 12 81
50 62 99 31 29 10 68 83 55 25 39 4 85 8 7 86 49 77 68 18 42 80 9 38 20 52 44 91 96 9 38 40 100 99 72 72 14 18 88 44
43 94 42 56 52 21 15 98 74 45 2 87 16 57 50 40 10 79 20 51 84 36 51 7 60 2 50 54 54 73 64 96 11 89 83 31 36 87 87 63
98 87 33 6 81 21 33 96 77 20 24 4 59 74 52 44 49 4 59 58 34 43 86 82 23 16 78 81 64 56 54 73 75 1 67 22 68 17 14 7
42 65 87 100 50 92 46 77 73 76 37 76 81 2 32 65 61 78 61 84 68 20 28 59 26 4 99 77 71 56 86 20 56 71 23 86 91 94 89 16
53 45 16 53 36 6 7 50 49 72 43 67 18 78 71 52 13 82 92 41 87 82 23 85 50 71 96 98 5 37 78 13 36 94 11 56 7 50 5 53
43 48 92 50 53 20 51 98 41 12 55 82 87 5 13 27 39 81 54 91 16 31 72 92 83 35 13 25 3 79 94 88 22 59 94 92 50 15 73 25
52 22 8 30 73 81 33 100 34 100 45 61 98 66 29 62 59 47 51 43 3 87 46 5 100 18 83 35 41 100 98 31 93 82 49 97 43 65 69 62
12 74 34 70 7 93 61 45 10 11 12 2 56 77 76 75 37 69 35 100 78 47 73 86 70 42 4 26 49 34 24 71 76 39 39 67 57 16 14 15
47 78 26 75 38 29 9 87 39 70 21 99 55 22 31 57 89 51 14 37 46 45 35 94 89 88 47 51 92 67 95 51 79 74 29 99 19 70 86 91
93 71 47 23 51 73 58 77 8 15 70 70 75 84 50 30 32 79 3 37 79 13 20 53 42 48 53 50 83 77 76 48 34 4 36 33 97 51 71 49
21 16 94 3 42 26 99 29 99 74 31 15 75 91 13 90 52 11 91 67 40 46 36 83 99 90 81 90 76 47 86 34 97 96 62 73 96 26 70 59
86 82 39 28 52 20 36 87 30 11 86 91 54 89 62 51 74 48 32 95 61 96 69 85 70 37 89 57 98 80 20 15 76 26 52 42 31 51 89 5
61 15 6 41 64 60 72 90 88 93 24 92 64 35 10 9 94 91 58 98 75 92 8 60 41 83 84 48 68 16 52 96 46 20 25 25 88 69 62 42
96 72 76 66 81 69 21 96 90 55 47 33 69 95 17 11 88 83 64 26 46 51 47 60 10 24 68 70 4 31 28 84 12 67 52 45 78 82 37 49
89 81 56 24 19 96 99 76 51 52 26 98 54 19 55 45 100 56 41 69 84 40 54 86 22 87 3 95 70 7 68 16 69 74 50 4 86 31 39 66
90 91 72 56 49 14 86 81 76 5 12 8 21 48 15 80 62 88 60 19 59 21 23 77 51 78 1 97 58 74 63 33 83 67 89 8 67 8 60 95
17 89 75 71 98 1 78 46 84 39 78 9 55 66 64 7 40 42 54 46 1 29 52 37 83 58 97 20 27 30 14 67 11 95 93 97 86 48 25 92
19 1 37 5 89 26 91 66 15 91 67 54 19 70 89 25 18 84 61 65 71 2 4 93 7 33 17 43 5 78 42 44 35 65 44 83 33 3 19 8
3 35 63 2 39 54 61 24 43 8 97 34 76 53 70 20 42 78 36 63 23 73 88 50 50 25 46 20 78 63 30 78 91 32 34 53 5 7 43 98
95 51 57 65 95 27 34 96 65 70 22 67 76 45 7 32 65 39 88 93 33 93 49 11 100 82 44 78 40 79 36 17 33 5 39 77 41 31 1 82
8 62 16 84 16 48 3 56 7 55 73 83 42 86 63 41 27 73 67 96 30 59 28 10 65 71 44 53 7 90 73 32 97 67 4 58 91 33 90 52
67 54 88 92 3 42 62 20 85 65 95 22 56 27 67 14 79 30 17 66 53 88 21 91 92 68 46 12 12 1 19 27 8 10 45 4 91 88 31 6
29 33 95 51 50 53 82 75 7 68 89 25 58 54 88 13 62 37 13 97 100 26 82 19 83 25 46 77 92 100 80 35 40 69 64 16 45 97 48 11
14 40 38 6 98 24 4 100 39 82 98 82 39 2 36 31 18 17 55 61 86 29 28 1 75 51 2 20 10 6 43 63 3 47 58 41 10 12 68 90
27 30 73 87 14 11 24 12 32 52 100 78 3 72 78 67 66 52 74 29 28 89 97 63 75 36 58 36 72 75 41 28 20 69 69 49 13 22 35 72
38 62 91 18 56 43 74 35 87 71 11 42 3 40 30 51 81 31 45 95 79 44 28 61 3 37 74 87 41 32 33 11 25 47 7 85 29 59 47 71
34 15 11 52 20 70 13 22 58 17 2 83 15 17 40 93 86 31 61 75 90 50 57 59 44 11 36 42 19 72 23 32 88 92 97 35 58 61 5 17
52 78 80 50 7 43 69 85 55 50 87 10 91 79 22 65 83 77 74 83 2 59 71 93 70 71 21 4 65 83 51 55 59 38 4 27 67 93 91 92
7 25 99 65 84 92 7 26 90 41 26 87 27 59 49 55 8 92 1 41 61 36 23 36 16 37 78 100 49 68 16 96 72 46 72 83 46 33 42 71
32 91 35 19 60 45 36 86 29 6 94 35 33 12 86 56 65 40 73 40 66 15 42 46 4 68 90 12 14 33 28 70 81 75 4 56 4 42 81 94
93 71 60 82 33 46 8 1 31 41 12 79 23 66 66 2 65 12 34 60 57 19 42 79 37 41 49 22 17 89 46 71 17 89 65 45 90 38 100 34
84 25 75 1 32 20 79 62 62 71 69 62 81 50 10 78 33 23 27 59 38 85 23 24 33 18 89 63 43 72 79 28 6 69 92 92 79 12 54 17
11 62 25 63 76 71 60 81 60 6 81 58 72 92 49 9 91 23 88 37 93 7 20 33 16 77 26 98 37 17 37 79 8 8 17 76 79 13 5 20
16 21 75 17 32 79 13 22 93 22 3 59 18 20 44 31 90 13 88 32 21 97 6 33 49 77 33 8 56 42 96 24 24 20 4 34 78 36 25 94
59 6 36 2 94 88 19 83 29 3 4 55 9 45 92 38 81 65 40 55 46 67 10 1 81 1 61 11 93 49 9 91 82 40 2 15 54 74 66 52
50 33 34 46 72 93 27 10 80 3 89 78 43 79 81 32 19 58 58 17 24 88 74 95 80 47 37 10 30 5 9 49 67 54 63 33 40 73 50 38
100 28 36 96 56 27 80 26 34 93 67 21 41 49 34 79 14 55 91 54 71 31 95 14 41 59 38 47 42 74 90 5 84 19 78 76 53 28 37 44
93 92 24 93 1 85 29 19 89 91 15 98 90 29 60 91 90 5 99 27 14 2 81 16 100 98 38 75 38 26 49 39 35 74 27 80 60 1 63 8
71 40 100 84 22 59 99 3 2 22 43 83 41 97 86 85 99 60 47 69 41 99 64 91 22 85 33 39 23 35 70 90 60 54 19 24 40 16 49 71
44 54 76 25 35 52 30 33 95 37 2 10 53 42 49 1 49 40 61 42 30 18 67 67 72 37 84 88 13 72 16 9 36 15 81 97 42 71 74 54
61 25 57 76 55 31 28 5 54 49 27 54 65 58 48 6 65 49 16 68 53 19 90 30 27 84 14 45 14 16 33 13 64 27 65 1 46 51 80 69
64 62 38 65 36 92 10 68 78 10 64 56 28 26 10 52 9 25 30 74 31 24 86 14 4 97 73 46 54 62 89 78 77 3 90 55 18 48 98 10
57 84 41 89 86 97 54 69 33 18 71 73 15 65 7 10 92 93 18 95 27 86 74 36 22 79 47 16 69 25 11 94 7 14 61 77 60 62 32 49
85 99 2 68 68 84 14 12 30 90 9 30 53 52 69 33 7 41 43 85 52 51 37 76 71 45 99 55 77 53 79 65 97 70 87 44 22 29 99 24
53 13 59 21 99 5 97 56 25 30 34 16 54 77 59 20 11 67 74 79 93 76 54 42 90 61 5 24 98 6 4 53 53 67 15 61 57 83 10 86
44 58 8 75 9 7 59 72 60 66 34 71 99 89 84 16 98 85 45 11 69 86 55 18 100 67 81 71 14 21 59 44 33 75 57 15 19 29 20 68
21 31 90 68 50 52 75 8 5 35 3 90 3 59 26 29 18 95 96 8 30 31 38 92 60 89 18 93 83 21 11 99 97 4 61 65 75 76 1 24
26 1 30 57 5 48 25 40 69 49 100 73 23 43 32 94 94 5 65 89 61 16 87 47 46 81 77 42 35 34 64 96 99 64 62 27 36 48 92 25
47 76 75 2 96 71 36 42 100 57 96 66 71 3 43 53 61 21 41 67 32 39 72 41 46 16 98 61 50 28 58 69 69 63 70 11 62 52 35 94
50 83 41 43 38 18 53 97 43 39 71 15 96 86 53 41 49 10 72 73 5 46 36 1 82 80 21 74 48 3 32 1 49 43 65 27 51 68 89 92
99 65 92 87 90 17 26 15 53 84 10 64 72 69 97 86 53 95 11 52 84 36 8 94 98 31 24 98 20 37 42 25 35 66 16 43 13 67 67 46
16 11 51 56 59 76 54 41 10 36 11 25 14 36 79 21 11 50 66 29 87 86 98 87 58 45 9 45 24 6 66 96 16 88 46 65 47 34 34 94
77 97 59 78 56 46 90 7 15 33 35 46 49 8 45 54 3 68 44 18 77 23 62 98 30 61 65 93 90 95 2 49 44 6 22 57 71 44 95 15
59 33 62 55 15 85 75 93 52 3 75 70 27 35 46 81 86 6 59 45 40 6 51 44 80 54 39 22 74 99 83 28 78 59 7 34 15 78 55 45
47 66 40 87 16 20 62 47 85 98 35 71 61 93 49 43 9 62 60 75 12 62 62 35 69 14 87 100 40 37 7 23 72 49 46 36 86 32 56 35
69 96 21 1 39 88 47 77 17 16 75 30 29 58 80 62 19 34 75 91 36 7 20 58 73 81 73 82 96 42 50 30 19 28 94 93 78 97 45 97
15 66 69 100 28 85 98 2 21 4 7 43 31 50 25 37 87 26 100 89 14 97 38 14 4 100 79 30 59 89 78 67 81 27 76 67 11 63 70 21
31 91 69 27 73 34 63 8 22 92 86 15 79 82 37 31 23 88 26 74 40 60 68 86 21 23 61 31 76 15 9 14 95 29 16 49 82 80 89 20
1 57 16 36 80 54 49 42 88 8 71 18 29 13 40 18 21 55 62 53 55 51 24 11 74 22 1 89 58 71 4 75 79 43 6 64 64 10 90 95
49 51 44 99 98 33 40 4 55 76 81 27 61 69 86 63 40 8 10 13 88 57 8 9 62 79 31 99 58 30 78 53 82 76 43 42 25 98 83 70
6 72 7 53 32 92 10 33 44 83 36 1 4 4 77 98 70 1 68 6 29 9 72 2 61 69 37 97 30 47 73 6 44 35 94 58 38 55 92 61
98 27 15 22 20 13 86 98 72 41 29 84 28 83 26 80 26 46 72 55 92 89 81 21 5 75 67 13 76 3 9 13 77 92 96 23 37 82 32 2
62 28 83 87 93 45 23 68 19 28 48 62 12 99 23 40 41 81 33 43 50 61 33 84 58 8 45 70 63 48 4 99 45 86 58 74 46 47 5 38
76 80 80 21 74 76 10 100 51 21 55 34 96 53 20 27 45 19 29 1 20 67 53 50 88 67 26 100 19 20 10 43 50 43 1 54 80 65 43 35
3 82 15 40 50 51 40 77 25 57 97 61 74 94 15 71 96 88 63 47 3 50 32 72 92 79 100 72 75 99 47 91 14 82 67 4 30 66 16 44
13 17 53 97 31 8 26 73 45 19 87 79 38 52 30 13 75 53 45 81 59 10 69 89 93 3 9 71 51 39 51 13 39 52 76 63 36 61 29 82
23 80 83 30 81 80 94 47 96 41 1 71 34 58 86 3 6 83 25 72 99 25 21 26 92 12 58 93 56 72 3 100 1 53 23 72 68 17 84 92
94 22 89 39 23 96 37 71 52 53 76 7 26 37 41 3 29 99 67 86 38 63 91 43 76 6 83 50 35 74 96 50 40 31 54 15 27 84 94 94
45 53 66 6 60 18 75 22 100 78 90 64 20 59 63 74 7 91 10 56 54 5 94 36 32 59 45 37 62 69 28 2 71 32 55 35 96 94 43 42
54 61 77 53 51 26 14 84 94 99 92 22 99 34 54 51 69 47 100 37 67 20 58 33 19 46 91 42 65 19 44 3 93 12 50 5 80 16 51 69
27 86 20 61 30 66 54 8 35 56 25 91 88 6 34 16 21 16 27 85 9 91 92 59 38 50 51 2 69 7 62 59 40 45 20 71 95 25 37 11
79 41 77 19 49 15 4 88 36 60 69 77 15 62 16 99 16 24 22 77 51 3 30 64 64 54 35 30 75 96 70 11 100 32 95 16 63 1 15 33
47 18 37 36 89 84 79 10 39 76 82 44 91 92 33 14 14 78 27 68 42 86 54 39 22 68 30 97 52 13 86 67 8 9 6 97 29 23 85 42
16 12 98 70 72 6 35 19 63 12 93 37 59 47 88 85 90 62 67 5 44 81 53 19 74 80 2 3 68 31 33 11 97 45 18 36 21 45 63 73
25 51 41 27 81 77 20 5 49 4 35 43 25 23 81 19 32 20 50 44 89 37 61 23 82 100 75 94 55 83 90 3 20 37 20 41 61 18 32 27
33 99 16 43 21 58 17 59 31 23 32 86 90 2 74 86 27 86 13 5 58 65 93 67 17 99 56 62 100 11 61 75 59 21 95 30 4 73 55 26
4 41 90 65 41 6 74 82 55 1 92 15 18 72 52 9 59 38 35 49 21 50 8 4 94 23 96 22 99 36 43 22 16 81 10 19 32 61 33 25
97 73 100 20 23 86 57 3 19 43 13 63 11 24 32 50 64 30 57 79 30 86 83 58 40 44 22 37 65 29 93 27 55 51 82 65 30 47 26 10
95 93 5 41 92 65 28 26 30 68 28 13 3 67 45 99 88 6 53 20 62 17 81 15 80 43 63 24 9 93 71 60 80 83 17 98 36 15 62 76
32 82 88 83 51 54 72 74 78 51 38 64 70 73 86 75 11 37 60 95 29 51 86 8 11 97 66 56 27 2 76 88 97 90 40 10 45 73 57 44
12 80 81 12 61 79 5 24 68 42 64 60 90 44 92 75 56 68 53 3 36 44 95 83 63 94 15 86 45 49 2 28 89 63 26 10 53 100 29 39
26 35 25 14 78 65 79 64 79 15 41 37 3 85 68 1 12 5 65 18 39 67 87 97 88 18 51 86 70 21 82 38 63 5 90 100 94 93 86 67
43 18 45 44 41 40 5 60 38 79 71 15 28 19 16 4 28 10 65 73 30 36 59 60 50 43 53 95 91 17 44 52 9 74 70 18 33 62 92 70
60 72 11 52 32 56 56 82 74 86 7 31 5 77 54 65 34 99 44 82 87 91 75 22 34 35 45 25 9 54 69 12 76 19 52 24 15 17 17 73
33 69 20 53 43 9 51 56 41 85 30 97 66 100 97 26 45 29 53 45 85 48 39 69 79 52 43 68 4 85 68 9 41 100 60 59 91 91 78 64
37 53 92 1 24 12 53 71 68 12 12 92 94 17 10 22 94 75 19 8 80 8 84 70 10 35 11 26 4 20 67 34 94 52 96 22 35 89 7 80
99 68 4 74 63 16 92 36 19 31 78 32 53 15 5 47 47 28 30 51 92 71 75 19 98 94 28 52 23 35 85 27 72 69 76 5 69 5 89 99
28 90 98 44 60 18 96 53 25 92 57 71 29 34 17 86 56 87 70 65 56 39 9 80 44 87 93 23 89 49 78 37 8 67 52 31 36 81 26 23
27 88 48 16 57 44 77 85 86 73 91 80 92 24 43 77 46 38 96 81 83 68 100 12 59 26 75 73 33 25 8 96 4 5 54 66 59 77 57 16
81 13 100 49 44 95 36 13 41 53 56 63 88 55 99 60 8 82 18 37 20 21 43 54 40 90 92 9 12 94 26 5 10 22 63 30 28 82 3 15
70 67 17 90 82 87 91 27 30 50 16 90 72 48 11 46 55 48 95 78 70 29 33 12 85 50 68 81 56 100 41 58 56 15 25 48 13 64 36 77
16 4 99 92 64 34 68 48 30 27 79 34 51 86 23 68 21 69 1 46 6 84 56 2 99 82 87 36 32 16 97 52 4 62 24 91 53 15 4 84
100 12 68 84 96 70 89 43 62 49 17 71 76 14 2 15 79 96 13 53 47 39 47 85 66 55 92 35 5 64 73 56 3 62 12 21 95 95 61 64
41 40 90 61 54 18 47 60 46 92 15 49 31 12 43 57 23 95 63 12 21 89 20 89 62 79 25 62 44 5 41 78 42 78 35 82 13 18 74 28
16 87 44 73 11 58 40 82 25 77 79 44 70 23 84 18 26 40 24 63 97 50 51 12 50 27 80 66 22 57 18 55 70 82 16 91 11 47 81 44
44 40 61 39 11 99 58 57 84 48 33 7 46 66 26 87 31 35 23 81 9 87 47 58 60 50 84 18 44 45 48 46 10 5 29 43 100 44 82 65
72 94 97 84 64 88 51 31 80 53 88 71 62 1 62 77 16 43 9 34 76 50 62 73 48 26 2 19 97 96 7 14 44 24 95 34 97 100 29 38
28 77 76 78 91 52 3 9 96 35 9 80 30 69 75 79 59 90 66 43 29 91 13 49 24 62 64 10 8 87 43 8 25 47 89 39 85 89 1 68
50 99 35 40 83 99 78 35 54 79 29 97 46 34 23 32 19 81 7 60 85 43 46 46 20 55 46 31 47 85 55 95 32 25 64 71 67 79 7 23
54 8 64 65 66 58 59 63 2 2 17 53 73 26 70 84 50 11 25 42 14 6 2 64 48 30 42 48 78 73 31 48 34 91 100 32 45 97 29 99
