70
3
52 51 52 20 99 69 3 19 87 56 90 83 83 11 95 100 47 28 17 87 11 32 18 55 53 20 29 20 84 23 98 37 84 92 24 41 50 71 6 52 70 48 12 10 31 8 20 66 29 9 65 82 73 78 76 11 58 24 42 91 40 94 72 74 41 68 70 39 14 44
33 33 91 78 39 25 62 31 91 10 24 49 97 22 4 61 97 86 16 55 26 16 34 69 30 72 38 99 22 62 13 22 52 62 84 77 67 75 88 43 10 63 68 82 99 38 93 49 88 98 63 45 91 43 88 99 80 11 1 20 70 48 33 1 34 88 47 44 96 5
58 26 35 39 18 69 17 86 26 40 73 28 98 88 62 29 34 62 59 48 64 71 20 58 21 47 89 19 16 4 73 23 24 94 97 91 53 6 63 12 72 67 25 25 51 49 58 76 32 95 73 92 39 96 53 42 15 70 94 1 70 68 35 54 48 70 15 28 93 61
11 54 60 77 53 31 51 24 28 80 60 19 50 3 90 42 21 74 64 30 16 54 37 5 53 31 69 10 5 23 63 27 17 74 57 63 10 24 100 92 12 63 90 54 14 48 23 7 67 83 48 54 87 81 29 54 92 94 12 4 56 20 19 15 20 41 31 14 9 69
16 3 8 44 70 7 95 49 71 79 25 22 13 33 50 18 91 29 95 98 75 52 57 36 77 54 49 96 11 90 92 22 59 68 92 79 90 89 44 36 30 29 83 69 82 65 17 15 26 69 53 56 66 28 70 9 53 78 63 2 95 68 69 52 1 97 43 56 75 51
19 40 30 96 80 5 21 83 61 48 28 4 48 40 41 41 75 1 7 84 98 80 77 75 98 60 57 83 43 24 59 53 45 60 83 38 66 92 3 5 83 78 94 99 34 53 58 44 52 42 48 56 64 96 14 89 78 12 91 54 9 29 25 5 24 22 44 56 31 39
87 65 24 90 81 64 99 40 51 77 38 44 42 6 45 69 58 7 8 92 55 85 14 72 44 91 37 99 49 67 8 86 25 13 98 62 58 87 3 93 65 64 96 15 60 54 88 3 25 25 10 6 64 48 25 54 87 37 45 91 99 54 10 27 98 74 61 79 70 84
28 93 94 59 70 2 62 55 94 76 47 47 63 16 98 21 41 59 85 32 48 82 43 80 81 5 100 52 60 97 78 19 13 27 48 78 25 34 33 90 73 31 58 82 17 32 91 18 23 68 57 100 10 65 16 64 81 77 14 93 34 66 56 66 1 29 31 56 17 82
22 53 14 73 87 49 1 49 99 16 91 73 95 51 39 63 12 11 1 51 32 67 19 5 49 51 85 24 65 71 11 86 66 3 95 74 9 81 73 19 15 91 91 84 66 99 97 62 1 92 18 96 93 56 90 76 40 61 89 80 4 99 90 22 29 5 76 38 76 38
97 59 26 100 23 68 81 37 53 77 82 37 91 78 67 18 15 81 44 31 44 27 91 41 56 10 88 35 83 12 21 55 33 41 80 89 83 9 54 61 57 84 18 92 48 72 64 2 28 21 79 63 22 44 51 5 74 51 29 15 93 56 52 38 28 84 24 14 64 48
29 47 92 82 20 89 99 86 57 6 18 82 51 65 93 9 85 63 41 52 18 25 62 87 44 39 1 60 54 69 65 74 18 86 75 40 31 13 77 98 74 99 34 5 99 51 76 3 2 17 4 28 74 58 96 52 74 47 88 27 60 8 80 7 62 53 82 71 93 44
46 19 92 86 99 31 32 28 97 20 60 71 85 62 100 83 44 90 15 95 76 28 21 88 98 66 75 94 68 42 15 67 82 49 2 37 71 38 61 30 3 32 48 51 56 28 5 44 38 85 100 83 27 8 73 13 71 34 25 15 91 58 89 4 84 11 53 7 48 64
77 94 64 47 1 54 29 72 36 68 15 67 56 59 66 57 4 2 21 100 35 53 83 65 28 86 76 43 34 85 11 39 69 80 1 90 78 2 71 41 27 8 94 73 73 97 58 57 94 61 78 12 56 11 19 26 91 43 81 74 97 57 55 56 42 38 65 90 25 9
60 41 99 5 86 93 83 73 42 67 13 14 4 10 15 69 81 44 52 71 44 11 42 88 56 54 82 14 58 52 42 70 89 60 41 16 40 34 33 72 50 42 75 81 84 89 84 24 89 14 7 15 47 43 64 44 62 70 80 75 3 68 50 34 88 66 84 77 86 40
4 85 77 40 46 16 19 66 96 100 88 83 24 76 78 34 76 87 93 11 28 36 4 10 57 21 20 14 90 45 41 26 20 88 13 72 12 78 80 71 36 14 63 80 15 64 81 68 5 43 7 56 15 7 32 39 8 7 41 32 13 76 93 2 11 2 41 74 4 85
30 1 19 78 12 10 72 33 92 1 21 66 16 38 80 76 92 59 33 66 50 53 13 14 37 1 7 45 38 74 61 92 45 80 86 47 71 84 55 98 48 36 5 31 41 72 88 1 26 16 97 45 34 46 30 49 42 95 28 34 89 63 26 15 71 35 56 35 98 16
36 51 95 41 18 34 85 26 72 78 34 70 25 48 9 97 60 54 65 29 87 12 36 66 35 19 87 45 63 36 51 69 73 58 25 40 8 17 69 40 18 81 78 47 84 39 46 70 10 37 99 62 17 45 81 20 43 80 16 4 100 60 97 21 69 16 18 22 21 25
9 63 73 30 82 69 22 47 67 11 63 19 11 52 38 44 58 81 74 18 24 53 96 55 40 76 87 87 83 59 96 14 100 78 29 21 61 4 34 12 80 95 72 18 78 96 35 12 61 2 43 42 79 54 96 61 59 13 8 66 33 93 25 35 28 76 15 77 18 41
74 90 16 80 36 44 20 38 56 21 99 60 22 75 80 2 96 98 97 12 82 5 58 30 90 83 94 72 79 91 31 51 30 78 64 85 39 53 99 73 24 77 37 47 31 77 69 70 3 72 84 96 98 24 83 73 70 32 17 97 86 2 65 18 47 10 40 41 3 97
61 44 46 63 4 58 76 46 29 79 75 44 72 22 92 42 44 26 2 58 45 77 56 35 24 72 7 65 14 27 32 89 5 39 73 19 33 80 59 33 11 23 99 63 4 73 30 14 62 27 39 40 91 81 86 11 6 23 38 76 3 67 92 63 29 96 95 25 20 17
56 16 64 12 54 22 76 51 88 73 78 40 72 28 1 1 23 9 12 99 58 54 55 50 78 78 83 63 90 92 71 8 32 81 35 36 12 95 17 33 52 97 69 11 90 98 67 37 22 7 90 79 19 80 85 4 38 58 43 35 45 69 50 82 37 6 67 89 92 66
53 62 69 37 29 64 1 96 11 100 57 72 73 44 61 5 94 22 40 57 80 12 26 61 47 33 6 51 90 85 39 80 41 15 73 68 15 52 53 22 88 55 33 57 95 43 49 31 69 45 93 24 49 29 56 85 63 74 76 38 12 8 91 79 17 76 26 21 65 63
46 26 62 20 19 92 34 100 64 66 93 71 38 61 54 36 8 79 21 34 34 85 73 21 84 61 41 55 44 76 16 84 40 45 86 16 34 35 66 22 40 27 3 54 51 30 55 92 47 92 86 79 20 94 22 67 34 75 42 90 33 84 38 32 42 81 78 14 36 10
84 70 40 12 43 87 56 16 74 90 60 56 6 3 50 47 46 71 5 36 27 2 76 25 90 18 74 6 44 75 1 13 76 54 39 34 80 72 20 61 80 50 11 15 13 77 11 48 35 17 32 17 89 49 86 5 43 25 33 72 24 15 11 91 84 46 30 14 82 72
61 49 26 85 53 23 60 35 47 76 67 9 61 17 79 66 56 33 1 35 44 17 45 94 51 31 23 43 72 82 93 73 95 76 45 47 77 65 75 9 13 17 98 30 49 67 48 62 54 72 98 97 40 83 100 3 86 53 9 53 39 43 90 12 51 67 53 41 88 73
57 19 98 93 44 94 86 36 64 83 41 27 95 41 51 16 26 85 60 7 52 42 45 79 17 40 4 38 38 39 26 44 80 11 55 99 25 5 75 33 76 99 44 30 50 77 66 13 40 34 9 54 82 19 3 48 59 34 6 39 12 98 51 37 4 68 95 68 40 46
17 92 67 55 100 78 70 22 39 44 39 24 50 59 14 27 58 15 93 92 38 72 20 57 91 92 15 17 2 27 76 8 42 61 62 32 77 86 82 24 61 30 4 3 18 9 47 24 60 30 69 14 97 18 81 63 36 100 26 95 8 90 20 32 4 18 61 16 17 19
78 7 18 94 19 68 54 9 83 8 89 21 14 25 22 15 8 57 15 45 79 59 27 46 34 35 37 90 9 61 52 26 77 2 5 57 55 31 15 26 46 75 63 33 36 87 23 8 27 49 28 91 72 95 59 31 39 54 48 80 60 15 69 65 6 60 91 54 96 69
6 3 68 50 37 20 68 81 81 69 20 72 92 59 18 40 4 9 40 76 37 13 70 91 98 37 21 52 84 24 9 3 92 15 15 45 88 76 100 67 94 62 8 11 12 32 5 72 13 4 47 68 59 33 9 22 89 14 58 24 89 73 14 52 46 63 66 74 24 61
70 40 82 70 50 91 55 76 42 23 47 73 12 57 57 45 68 57 99 34 1 25 89 57 42 19 73 12 47 82 95 66 12 90 74 4 12 79 52 37 58 2 71 71 94 97 22 75 12 25 8 63 95 55 11 81 41 95 71 92 51 45 57 83 80 90 68 31 4 67
69 51 78 59 72 13 19 100 20 33 36 91 78 86 25 50 34 19 90 85 1 35 92 84 57 5 86 14 83 27 97 83 27 21 46 96 56 78 47 79 56 64 2 83 97 44 90 78 44 67 24 44 56 46 76 18 81 69 4 58 99 27 100 44 5 80 97 13 1 83
94 28 7 16 68 30 12 96 23 48 97 5 88 17 50 42 24 14 74 41 97 36 65 64 95 40 85 11 86 83 13 73 98 37 13 57 9 59 48 2 34 52 99 37 78 9 68 72 33 52 65 71 57 2 52 66 80 74 13 39 90 89 4 43 89 69 66 50 23 67
10 17 68 9 20 60 92 88 19 49 40 59 76 50 31 80 73 12 2 4 13 71 99 96 57 83 74 1 53 16 58 38 58 100 88 35 78 99 14 14 76 39 42 62 71 79 35 17 81 73 81 65 33 95 59 75 63 35 13 85 39 77 62 12 74 65 5 94 88 61
97 34 24 40 53 71 98 14 20 8 4 33 27 55 87 100 40 22 82 26 36 21 21 42 14 23 68 93 54 67 90 48 96 93 14 15 46 15 35 87 85 81 2 54 27 84 4 63 23 28 82 17 28 28 15 95 87 85 92 94 59 58 49 70 3 94 94 20 5 67
18 45 64 57 97 81 8 55 89 42 30 3 77 87 34 96 83 55 51 34 94 80 73 6 53 85 55 30 86 8 2 73 72 58 76 73 15 48 56 9 71 94 27 10 31 94 90 33 80 54 46 87 14 65 18 58 81 2 89 10 91 20 58 91 95 75 58 80 51 45
4 2 84 31 29 29 45 21 14 4 29 95 58 28 27 100 84 43 73 93 68 30 81 80 46 81 50 11 86 36 98 97 71 96 68 8 99 4 14 48 3 83 76 55 9 3 22 81 19 23 38 72 33 15 31 58 78 38 86 8 75 77 39 90 53 70 67 32 29 26
94 40 32 48 22 16 62 65 40 9 9 1 22 37 48 50 57 5 53 100 60 18 2 2 41 95 87 32 9 100 14 85 11 37 18 59 93 63 98 79 4 14 91 11 22 25 15 16 71 43 56 15 93 10 75 16 13 64 54 26 77 49 50 56 42 1 98 17 27 22
12 4 88 36 2 76 26 63 14 85 68 54 24 25 60 36 17 35 7 88 32 32 2 27 61 15 1 76 66 89 19 13 44 5 43 96 39 17 57 35 20 39 11 54 53 99 76 60 45 63 50 48 54 92 45 54 21 83 64 22 10 5 99 31 28 91 2 64 84 73
64 28 48 83 55 39 26 30 13 22 17 50 66 59 19 12 16 61 32 59 31 96 65 61 76 25 63 99 17 4 14 38 60 61 49 4 22 36 17 26 25 16 11 60 18 17 89 33 60 6 23 94 27 69 94 92 13 69 44 72 34 27 79 84 91 42 35 64 22 65
53 91 7 74 23 96 98 11 4 79 10 30 56 100 48 30 44 51 50 60 75 20 58 73 5 9 19 44 10 59 48 86 61 19 38 81 27 52 1 73 22 45 60 94 41 22 54 95 10 22 63 14 25 34 71 53 31 14 5 40 93 89 64 66 33 25 5 79 19 7
12 17 10 67 91 69 11 84 70 35 8 54 87 91 63 21 47 94 93 97 43 30 18 100 41 77 97 25 92 11 16 3 26 90 91 27 75 45 48 28 2 58 12 5 64 61 84 68 43 38 36 40 35 19 54 84 78 34 15 8 83 54 29 90 21 92 96 98 80 16
99 32 64 73 21 8 31 57 49 23 72 17 99 79 80 13 15 55 57 100 56 69 76 51 75 96 37 58 7 27 55 15 91 74 37 42 25 67 61 70 48 9 94 16 85 78 40 93 68 69 99 43 28 88 84 69 10 2 99 77 8 56 96 14 90 65 57 24 70 29
22 86 15 60 33 22 93 21 40 83 34 44 82 46 19 65 55 15 22 26 90 12 95 41 100 71 79 55 4 25 12 70 5 64 46 22 71 16 80 63 24 74 95 36 100 20 86 86 21 5 81 85 75 29 1 59 34 90 85 1 34 10 55 40 54 82 78 84 84 77
3 41 68 90 72 18 95 49 97 19 74 42 97 55 89 82 92 16 28 78 57 70 62 80 30 72 15 87 81 32 88 95 3 10 43 63 5 58 11 87 82 81 81 17 6 90 42 75 74 94 65 93 49 56 73 35 43 49 55 97 95 41 9 79 1 15 9 46 40 63
15 64 36 12 73 74 77 62 58 45 83 6 96 44 37 29 40 34 64 31 28 15 33 66 10 45 39 78 54 75 44 24 76 3 87 61 79 91 8 56 55 82 34 21 66 65 53 10 17 62 86 47 77 50 30 37 90 8 37 3 39 72 82 95 47 45 31 89 85 56
88 46 100 5 74 93 17 25 15 62 53 17 23 20 22 48 26 50 70 16 7 78 70 72 97 71 49 43 18 42 42 23 80 80 26 10 34 3 65 43 52 89 42 75 60 33 74 31 98 14 85 33 93 99 79 1 100 38 84 39 58 20 32 74 34 32 91 70 23 61
92 91 34 71 58 55 57 60 60 2 32 52 26 63 48 29 54 31 15 1 87 59 68 92 95 51 13 13 80 19 47 98 75 57 61 85 21 65 75 21 14 29 8 72 89 18 34 92 87 76 87 23 31 32 87 26 7 64 2 68 92 94 49 88 87 72 92 30 75 86
85 8 96 24 58 11 10 13 46 59 6 54 12 31 72 8 35 94 75 80 92 9 96 51 45 58 39 26 89 12 41 88 48 84 81 15 1 5 81 28 4 99 21 74 32 47 8 62 75 44 70 44 85 32 24 92 85 48 73 14 11 49 84 80 50 33 16 68 78 20
5 72 70 68 94 53 96 93 70 98 94 99 2 40 25 90 73 44 73 4 8 14 21 91 23 44 30 6 18 81 88 51 3 95 11 85 6 14 80 33 33 76 16 6 65 91 90 51 84 13 11 13 78 28 14 97 42 8 3 73 30 9 84 57 19 83 83 99 71 3
14 74 84 61 99 63 33 70 47 1 79 25 7 44 22 3 55 10 34 8 45 81 62 96 99 96 14 82 88 43 90 72 22 4 51 32 80 89 69 66 35 12 69 91 86 99 40 36 3 93 60 36 39 72 40 60 63 64 26 48 100 88 17 7 69 95 19 61 26 35
89 77 95 50 37 24 19 81 11 32 99 36 5 96 15 82 69 55 88 28 9 21 99 57 100 16 98 43 100 23 9 31 24 68 41 6 92 14 90 10 86 7 43 73 63 15 9 46 13 1 77 95 22 26 36 56 18 35 48 46 66 27 60 94 29 79 55 81 87 62
83 66 85 90 70 62 25 41 60 63 18 94 13 14 56 84 11 46 4 96 11 57 25 57 6 39 29 18 11 79 51 93 11 22 30 52 59 25 14 70 62 69 33 9 77 93 94 1 90 24 80 91 48 85 35 2 9 64 86 86 14 27 61 11 6 42 20 13 33 68
28 10 45 1 62 20 51 82 10 26 47 54 23 55 10 52 32 57 35 27 57 19 61 22 30 94 72 96 27 37 99 45 59 60 6 97 34 93 25 51 50 45 80 52 72 81 97 5 98 18 97 10 40 90 46 44 62 17 35 32 77 86 26 49 88 39 3 62 14 36
39 51 38 69 24 37 31 14 38 91 14 77 92 48 75 95 21 24 4 66 55 27 95 71 68 71 97 21 5 40 18 63 90 41 52 86 93 54 28 13 2 81 29 18 23 65 4 15 48 82 37 21 76 72 17 41 33 19 8 100 62 8 98 45 77 81 37 9 28 8
92 11 35 6 4 6 28 73 25 42 27 96 37 78 34 13 62 90 98 74 30 7 78 73 38 41 100 90 35 80 71 83 38 25 82 14 10 54 27 73 77 74 28 100 75 5 39 91 49 55 35 41 3 63 45 99 91 86 73 21 5 76 21 96 16 89 87 92 100 40
88 51 81 89 39 48 70 30 70 76 82 14 9 60 47 7 88 46 97 45 39 94 7 33 55 100 21 51 62 21 14 32 59 8 7 98 48 76 41 21 76 52 80 40 72 49 88 59 30 61 12 62 20 46 6 79 59 77 97 31 92 94 65 12 6 94 80 30 84 95
77 10 8 61 17 9 36 45 65 57 15 38 46 36 35 74 50 91 43 3 69 100 59 77 68 76 19 25 67 56 86 99 24 99 36 62 82 72 67 9 90 79 39 67 12 96 81 74 100 62 56 69 61 59 74 71 75 38 82 95 90 93 12 54 27 35 54 26 92 55
64 83 32 96 25 47 54 45 67 45 90 99 99 8 11 9 35 68 94 19 45 62 7 5 85 37 12 58 41 35 23 88 88 50 15 51 63 37 85 42 93 15 92 64 100 48 52 65 43 97 25 18 86 54 71 85 84 8 38 30 81 59 20 40 98 83 82 4 74 67
2 20 5 62 60 3 17 65 77 18 12 100 7 28 37 78 61 77 60 20 98 73 28 77 68 69 77 21 44 90 71 48 75 1 52 55 31 72 26 63 51 25 44 13 53 27 93 88 79 13 84 9 2 75 10 97 81 53 85 23 95 56 61 29 18 98 68 61 98 33
83 64 46 42 90 5 45 68 24 33 49 47 13 81 59 42 90 64 32 14 36 66 93 43 18 68 38 23 64 16 36 47 98 45 64 100 42 68 5 60 6 31 62 7 88 79 14 19 21 86 41 60 76 95 15 7 33 52 76 75 5 39 64 46 62 89 19 45 4 58
85 49 8 90 17 87 45 2 89 51 76 26 19 35 7 1 40 47 83 92 87 76 98 34 1 24 23 28 28 63 18 12 39 98 57 59 36 63 51 100 52 50 78 72 95 64 98 25 70 26 82 47 29 24 90 38 13 46 82 95 26 12 9 67 72 61 63 25 8 30
53 19 64 27 41 31 47 52 23 2 95 29 12 68 56 43 79 16 18 91 38 27 28 13 57 16 35 40 36 30 59 93 4 77 25 92 65 89 43 92 35 64 4 65 65 59 64 52 20 33 13 64 66 7 59 41 36 85 88 10 29 92 4 72 38 17 69 83 20 84
71 85 90 60 17 35 52 55 97 11 16 85 10 83 41 92 82 67 23 3 77 83 55 32 62 19 25 86 73 87 69 34 29 74 88 92 69 64 34 74 83 76 35 85 30 15 61 82 15 18 3 21 38 44 36 43 70 73 90 82 96 89 35 43 52 41 82 35 89 76
68 22 19 18 72 73 26 27 59 88 89 94 59 99 65 40 45 98 23 51 95 13 90 39 59 96 20 66 9 29 23 45 66 57 49 3 67 66 62 98 54 71 9 48 90 91 4 52 44 11 35 68 65 16 71 15 76 87 7 74 13 42 86 25 18 51 70 49 37 37
52 68 38 45 82 63 67 36 88 45 13 76 2 37 100 64 76 97 70 88 81 39 32 88 55 35 1 58 64 47 12 2 24 39 90 76 10 75 31 69 44 89 78 6 26 16 77 32 59 25 39 21 54 88 47 97 93 88 6 32 39 45 84 75 53 30 43 45 53 77
95 94 84 73 90 46 47 61 75 4 46 26 23 29 32 30 13 18 7 70 24 71 62 44 10 25 53 90 80 80 41 65 85 36 32 28 52 87 9 71 10 21 53 41 77 50 64 19 78 98 54 94 37 26 42 73 85 99 65 78 98 29 72 7 93 51 50 94 74 86
90 39 1 8 27 19 78 69 36 94 71 38 63 79 38 5 82 79 20 34 49 32 1 85 31 32 71 67 86 83 77 23 55 81 57 1 11 16 80 69 46 66 81 17 47 75 26 59 30 80 22 47 83 81 28 80 100 20 76 51 83 16 43 84 5 88 69 71 28 75
70 1 13 3 35 94 90 17 27 60 14 22 40 21 71 37 42 47 1 57 52 78 1 52 75 39 6 37 44 82 52 92 21 41 25 48 93 26 71 37 13 30 63 22 20 10 80 97 32 38 86 63 85 21 94 90 45 3 59 43 48 9 58 13 30 59 25 86 2 27
99 66 39 40 36 31 42 43 42 37 87 28 26 33 40 8 21 31 58 66 36 36 89 51 41 35 39 27 21 24 83 55 63 7 31 81 18 79 67 63 91 60 8 50 57 46 25 14 5 16 55 76 41 47 25 41 39 98 70 59 39 73 92 34 91 98 18 47 46 10
72 89 25 47 11 85 16 64 24 62 4 81 31 57 55 79 41 63 20 82 26 71 42 30 12 54 83 10 22 48 37 90 65 100 85 16 35 43 1 62 14 59 53 2 61 30 36 29 75 7 69 33 13 64 30 72 98 36 47 6 96 62 17 97 50 66 71 75 82 57
19 70 59 36 26 2 24 31 52 44 24 7 81 40 1 29 72 67 11 96 6 78 30 92 3 48 32 64 20 53 96 51 38 18 53 54 24 98 34 92 80 68 40 43 88 47 91 69 52 29 99 75 76 53 15 95 57 64 45 2 62 93 35 56 80 53 9 41 100 67
3 81 57 60 75 99 77 26 70 95 78 54 40 20 29 19 40 81 49 91 36 94 59 83 28 49 44 71 100 60 61 7 71 84 89 9 20 11 50 93 88 56 46 15 40 39 87 56 93 53 11 69 77 26 69 40 78 55 48 64 72 23 58 3 33 91 67 77 85 94
96 49 56 93 100 2 43 69 81 48 65 97 57 35 6 61 46 20 82 68 47 25 35 57 76 32 97 79 75 43 35 83 15 42 71 26 53 82 14 64 98 41 85 83 67 49 2 77 48 100 48 18 41 46 77 68 95 25 75 40 4 7 72 64 97 27 30 39 46 87
77 69 13 37 78 21 81 59 38 34 21 44 56 8 53 44 54 31 63 90 60 6 66 86 35 29 36 77 76 26 73 87 6 6 53 39 82 89 28 4 87 56 18 89 58 81 16 36 58 60 29 78 73 78 61 58 8 75 72 30 84 46 27 14 23 95 75 20 12 22
19 78 50 2 58 96 73 75 67 54 13 18 88 64 83 84 18 11 11 12 49 75 30 38 71 34 29 86 94 39 25 38 42 94 5 50 87 25 37 68 88 24 54 75 81 22 55 56 75 4 72 69 2 24 42 48 92 96 55 31 39 61 59 44 98 77 2 26 100 85
9 41 66 67 53 93 72 34 72 73 60 45 2 44 84 81 92 35 52 33 60 80 6 96 4 43 49 46 30 16 17 5 75 78 65 56 76 47 96 36 54 50 92 81 59 1 74 31 71 28 92 2 32 85 77 37 65 26 77 91 81 70 82 10 38 47 17 35 89 78
38 8 84 88 75 56 39 68 8 18 15 69 50 64 73 56 55 77 42 62 91 8 79 45 35 93 78 78 42 74 88 19 77 90 13 13 48 47 16 50 85 87 78 61 31 61 25 40 3 58 74 54 40 65 62 100 60 62 15 40 52 75 17 25 63 15 57 92 70 28
25 50 77 54 23 64 86 49 86 19 47 18 32 93 65 33 36 3 9 92 43 93 41 96 23 32 31 22 21 44 59 27 87 20 76 77 38 65 81 84 38 49 50 35 21 84 39 63 21 81 55 18 63 81 25 40 14 47 77 17 23 60 3 94 58 25 79 52 17 50
70 69 10 13 18 7 57 92 70 2 77 32 47 85 33 76 51 84 44 60 76 53 60 48 46 5 52 59 70 15 55 48 59 38 80 40 49 50 30 72 99 33 92 84 11 43 29 52 45 81 81 70 52 47 69 78 71 47 74 44 29 42 7 62 29 15 51 98 7 27
36 89 47 27 61 58 74 34 82 32 86 39 74 100 51 6 14 4 26 73 95 64 95 50 53 1 54 17 49 26 12 36 92 91 20 82 22 49 76 86 89 48 66 27 60 92 7 39 41 19 23 41 62 8 22 40 38 87 1 84 5 69 63 67 25 92 13 52 14 11
81 41 12 9 26 53 97 5 31 17 75 86 31 28 13 11 37 71 89 37 81 100 30 97 78 1 50 39 60 74 91 25 75 52 1 90 35 63 77 13 94 1 55 84 33 77 56 4 85 24 79 7 78 62 64 32 22 22 84 13 55 66 59 26 69 74 21 81 12 98
31 32 71 80 99 29 10 11 35 29 22 51 76 65 1 42 33 69 66 25 83 4 58 64 70 44 94 85 64 96 88 11 96 82 86 97 75 15 85 15 59 20 90 47 92 8 1 12 26 47 46 98 16 51 30 66 96 27 38 45 22 80 26 81 21 63 53 9 56 69
63 67 69 77 32 77 70 15 15 10 15 60 41 4 34 11 1 73 98 92 51 54 42 90 69 66 33 61 11 74 9 13 23 83 3 67 55 73 37 87 30 18 56 20 89 23 65 58 95 97 79 37 18 39 64 92 42 96 32 95 37 36 24 51 39 80 36 91 72 53
2 71 96 15 12 24 24 28 26 56 19 19 30 4 100 99 69 49 5 26 60 72 3 100 59 50 25 51 70 24 71 86 39 91 99 36 39 91 1 28 37 95 26 96 1 28 52 67 16 17 42 51 18 10 85 93 65 55 42 98 85 96 40 70 87 84 31 55 72 48
100 78 20 45 97 27 96 9 87 15 62 54 3 44 79 19 49 79 66 80 71 27 4 87 70 85 63 35 40 27 7 96 79 88 97 28 22 19 73 45 58 31 35 12 50 16 30 2 58 30 8 45 41 22 26 97 39 13 83 79 23 81 92 89 91 31 72 42 11 66
2 26 58 45 11 9 66 45 48 51 100 67 7 68 7 35 75 71 74 70 49 11 64 44 50 69 33 77 15 89 63 80 20 30 69 40 39 41 19 56 52 46 69 41 91 45 94 32 73 18 30 75 70 32 25 1 60 20 97 5 54 66 85 58 40 87 57 18 12 33
90 48 86 82 54 10 3 70 69 90 65 97 61 81 67 83 18 76 73 57 30 79 81 41 39 7 85 93 45 68 90 12 13 79 64 2 64 98 95 64 26 85 71 45 87 37 30 65 13 33 39 65 14 40 79 10 30 60 82 16 71 8 100 78 58 19 11 27 27 10
6 4 15 95 71 76 56 13 42 95 55 40 59 68 99 30 75 93 18 22 83 59 75 81 51 34 3 10 68 63 71 74 87 33 76 94 86 27 39 37 89 2 79 79 82 83 10 98 6 60 1 16 98 11 30 71 34 46 93 86 14 23 26 55 81 49 10 84 82 4
48 29 100 40 60 80 12 75 26 76 78 53 58 81 85 80 79 35 74 38 60 3 16 73 21 84 20 90 83 67 86 82 59 40 51 78 77 18 56 43 89 8 23 41 48 30 20 23 90 99 32 26 76 85 1 88 79 11 7 41 88 14 69 82 68 41 55 77 73 81
9 52 96 20 82 86 43 59 48 78 48 27 41 67 42 80 6 50 34 48 92 9 73 17 87 10 84 54 55 17 33 48 11 76 12 20 74 62 50 24 6 85 47 99 31 48 100 23 9 87 10 56 17 97 67 32 93 25 70 35 86 8 82 16 30 44 56 67 90 69
6 36 46 74 91 55 19 56 61 40 59 59 1 80 20 27 42 9 19 73 21 77 39 3 12 5 62 13 49 94 69 66 75 30 30 67 43 46 53 34 6 50 63 8 46 1 35 22 83 23 8 99 19 30 33 73 63 55 52 28 76 81 84 32 32 38 11 53 71 71
19 43 95 14 18 19 21 2 10 56 41 73 99 17 41 20 3 15 68 66 83 99 42 22 81 49 41 18 23 33 55 73 79 83 74 76 26 41 22 16 3 62 75 89 36 10 89 30 72 50 41 97 24 53 44 71 45 77 51 20 70 61 17 19 96 77 99 51 37 90
38 94 36 18 27 19 12 59 16 7 38 71 47 65 17 31 22 8 64 93 42 100 6 16 84 75 52 36 4 81 57 57 73 26 45 20 99 68 43 32 80 99 16 35 80 41 60 20 42 12 91 23 1 9 38 68 100 97 57 24 5 51 20 17 55 100 14 2 2 77
70 84 56 57 75 78 6 67 65 13 12 61 64 79 86 43 26 49 93 69 63 62 53 40 48 30 66 75 3 5 58 23 97 87 86 43 8 68 52 27 100 62 92 33 14 2 46 54 18 42 99 43 10 84 29 42 41 14 28 56 38 72 97 18 2 63 71 40 45 75
19 31 70 95 96 73 14 85 29 16 98 95 36 80 93 36 46 86 80 34 14 72 1 68 61 93 92 86 64 80 88 43 32 24 7 3 95 86 29 2 80 7 58 39 57 18 8 32 51 62 84 39 71 59 75 9 76 17 19 51 99 90 57 61 25 18 78 68 82 27
66 85 53 52 22 61 13 15 26 7 66 59 77 88 52 78 36 26 69 97 23 88 52 66 91 34 83 41 76 42 7 90 79 63 11 79 50 36 51 56 68 15 79 86 89 25 11 94 59 32 48 8 45 64 54 61 73 88 90 96 24 33 77 40 5 52 86 23 64 49
43 2 100 40 40 80 74 41 36 48 23 64 7 19 53 48 23 92 78 65 86 16 52 98 77 5 31 12 33 55 1 22 81 56 83 87 4 44 97 43 31 76 94 31 29 26 78 69 85 59 55 80 47 84 44 96 35 36 3 78 21 26 83 66 62 86 69 23 28 56
25 90 100 24 97 1 27 9 52 53 24 100 47 78 22 61 94 56 60 36 69 32 8 91 57 27 79 38 84 12 33 45 85 49 32 71 81 25 45 70 23 75 55 35 83 6 81 42 11 6 64 78 87 64 74 65 7 82 6 46 78 69 26 26 14 52 43 30 84 59
38 62 29 56 27 56 18 54 28 90 99 86 63 87 66 28 51 46 63 12 63 33 24 15 41 14 94 17 5 8 13 93 14 82 92 22 50 73 20 10 78 15 95 66 28 74 31 52 56 60 92 95 83 75 20 46 67 70 21 47 100 7 3 70 33 15 73 47 32 83
94 64 87 82 22 13 61 52 59 78 83 14 83 86 20 59 31 9 59 60 51 79 1 51 70 99 7 100 65 40 81 10 46 52 96 76 49 3 30 25 95 58 48 6 46 73 29 90 48 61 69 37 77 63 92 27 48 34 63 33 70 35 87 19 80 39 27 76 70 28
79 65 84 85 50 18 79 78 78 18 52 92 53 98 82 95 53 45 12 27 35 92 4 95 81 77 84 63 86 68 63 2 43 4 46 23 52 56 30 72 73 29 89 55 67 57 28 95 27 84 9 83 62 37 56 54 25 95 49 93 17 9 26 89 84 87 71 50 45 40
61 30 71 61 28 76 84 3 2 23 4 70 60 100 70 55 18 72 80 24 98 7 67 81 94 70 18 30 27 97 89 45 20 86 42 9 51 81 100 6 30 45 70 8 10 75 2 41 93 99 30 55 35 76 27 70 45 29 65 84 58 60 70 97 5 3 87 7 45 62
20 85 2 3 16 30 20 28 6 66 31 75 99 10 7 94 11 35 71 31 96 74 7 16 75 26 21 57 29 12 30 38 16 16 76 25 93 25 59 56 23 43 34 71 36 64 63 28 2 86 24 36 30 72 44 67 31 79 28 57 51 66 65 80 80 89 84 16 70 15
23 37 58 66 55 11 74 21 26 26 34 9 83 29 18 45 95 55 71 90 74 86 78 63 70 44 25 92 67 14 21 75 34 61 93 66 43 47 38 34 52 45 43 15 13 43 49 76 51 39 21 65 89 47 99 78 62 12 54 79 89 65 82 17 3 64 52 37 19 77
10 5 93 14 58 67 21 26 19 76 47 97 76 30 93 38 25 87 17 61 73 28 14 99 33 99 73 93 34 98 14 20 45 4 26 40 2 31 70 54 52 4 73 30 93 59 51 65 38 50 15 48 45 29 86 76 68 61 31 89 90 43 12 61 55 80 79 94 15 45
43 50 95 85 5 8 13 19 10 39 62 57 82 3 89 42 82 37 12 62 83 1 62 3 72 54 18 31 55 29 46 47 13 34 96 96 5 60 33 65 54 41 36 28 11 88 47 72 54 96 20 9 63 7 31 70 31 2 78 1 54 38 59 80 82 48 27 13 16 11
63 43 98 35 92 88 17 82 8 46 80 89 81 57 36 36 58 62 9 2 82 14 92 74 28 82 35 24 26 49 32 10 71 1 90 87 73 62 12 91 24 34 4 63 57 33 96 72 54 19 82 5 49 27 7 77 50 47 91 9 37 43 35 3 47 80 19 72 14 72
12 42 90 10 74 47 58 92 30 88 29 84 94 27 2 100 31 61 51 64 81 28 88 72 17 35 98 98 33 73 30 37 99 45 65 6 19 6 59 32 27 73 87 76 35 49 59 52 52 65 38 97 29 98 70 54 92 38 95 42 1 74 83 79 32 27 15 28 22 65
88 98 8 85 15 47 70 30 60 56 48 3 15 5 9 3 1 48 13 63 66 31 47 90 54 7 75 19 48 32 34 82 57 8 3 67 11 22 82 98 6 84 11 30 62 61 16 56 77 35 16 76 63 43 38 33 100 1 39 100 20 41 50 19 8 8 90 67 80 26
23 80 41 89 36 27 81 98 60 63 85 77 26 28 33 23 64 19 75 24 5 92 34 57 38 29 16 75 83 7 45 51 3 100 62 70 37 29 32 75 58 54 25 99 70 4 15 78 73 40 45 76 18 67 40 37 52 54 21 6 53 55 36 13 19 85 67 83 94 73
9 82 78 47 72 35 56 86 95 66 16 88 60 37 83 74 62 15 37 84 91 6 62 75 57 49 10 97 27 62 86 8 73 82 58 91 36 68 49 11 79 27 27 9 6 100 23 86 73 70 36 31 29 43 64 16 58 17 44 57 72 35 73 43 16 79 49 4 54 33
50 80 93 14 2 28 87 73 41 89 5 43 56 85 9 32 15 88 29 49 74 46 60 42 72 73 41 27 52 39 12 50 65 14 42 68 79 90 84 14 61 74 77 42 36 86 87 80 58 47 25 76 62 35 77 14 76 53 50 60 2 20 82 28 75 14 92 66 6 97
91 70 53 49 5 95 14 61 39 61 45 79 1 64 2 78 95 80 24 4 82 35 69 89 15 3 18 6 20 12 23 42 82 96 76 61 7 20 43 28 84 45 87 81 15 4 53 39 96 2 65 40 45 58 38 79 20 45 22 60 61 58 8 87 96 57 82 11 30 58
74 47 67 9 99 29 82 17 37 87 98 99 74 10 97 60 26 56 7 73 54 26 39 11 31 58 48 45 72 82 66 19 15 42 10 52 39 72 10 21 66 41 86 90 68 57 44 45 40 72 15 18 50 75 8 87 1 2 1 78 81 26 86 82 90 10 48 83 51 38
32 89 41 30 73 4 93 41 91 99 65 53 98 70 3 42 92 78 37 4 42 87 21 75 20 20 47 82 84 18 25 68 3 85 25 17 23 14 21 21 69 48 75 53 62 99 8 58 87 44 61 15 10 58 33 86 11 25 24 52 88 75 55 86 31 55 41 65 9 49
16 13 83 39 38 14 67 100 89 33 74 36 81 17 67 71 88 92 82 84 90 17 42 49 4 72 85 3 90 34 58 5 78 80 79 8 4 65 20 26 8 43 77 66 64 13 13 75 22 90 24 14 60 33 74 7 63 5 55 86 82 3 75 13 77 81 75 84 27 89
2 1 35 18 6 58 38 8 2 66 23 55 62 39 20 78 84 97 35 57 14 60 20 74 49 44 66 34 52 57 74 89 62 80 2 97 78 8 60 41 60 44 32 94 4 6 81 25 30 17 61 98 89 35 14 97 89 4 3 27 27 60 24 39 74 39 57 32 53 39
33 67 44 76 93 46 67 57 84 87 14 8 86 7 41 47 33 79 55 55 24 42 59 47 42 87 43 42 37 67 21 59 22 91 49 4 62 56 81 19 14 37 88 82 9 91 73 46 78 1 10 49 29 59 63 70 70 85 7 23 33 40 93 27 13 4 8 41 99 4
38 48 7 17 18 26 96 30 68 1 56 9 35 57 45 42 22 66 8 77 49 86 40 42 10 47 3 46 15 3 25 7 64 50 64 33 76 30 16 19 97 53 28 57 8 93 27 3 5 65 1 89 17 69 15 1 23 58 39 66 95 49 12 9 31 50 90 16 11 22
50 83 6 84 54 83 89 54 35 45 74 26 21 72 68 8 26 44 57 6 60 16 90 64 50 12 21 88 4 49 9 50 55 43 88 85 24 42 82 53 97 46 94 33 25 15 46 35 15 35 8 86 90 51 10 22 4 82 22 67 31 65 46 30 28 8 14 13 3 70
30 35 45 17 23 39 94 94 49 66 55 100 21 65 90 50 92 41 70 95 73 71 99 29 6 86 10 71 48 86 15 89 58 44 63 97 24 23 26 23 5 36 45 35 8 74 57 85 82 59 73 71 17 51 26 96 18 89 65 92 74 59 70 6 20 90 45 57 26 60
94 36 17 57 45 10 4 80 84 72 3 2 63 58 55 53 68 94 48 14 47 38 7 1 95 98 69 97 5 41 11 4 59 77 46 14 5 1 14 56 41 24 60 51 39 47 56 5 16 33 71 47 25 65 100 96 42 11 100 1 91 2 36 1 61 75 58 87 50 79
29 36 58 95 81 45 5 42 62 98 92 75 93 25 36 34 8 32 68 10 82 66 34 1 80 63 57 38 81 63 77 20 26 18 74 36 91 22 58 21 55 48 36 89 44 37 13 14 90 17 35 100 25 22 89 25 69 96 14 15 56 51 29 34 66 86 75 76 49 29
52 56 95 1 69 71 63 63 40 36 8 96 76 82 52 71 46 52 99 93 17 85 4 76 18 53 41 18 43 3 84 70 80 55 22 67 83 7 89 34 39 24 77 88 54 9 30 42 67 24 35 51 60 81 5 8 36 3 22 70 5 68 93 34 34 29 59 80 65 80
88 27 80 27 100 25 26 56 92 77 87 4 81 78 15 42 54 39 47 41 19 53 6 7 21 99 47 38 89 37 54 62 99 13 30 28 57 8 2 3 12 50 42 74 96 89 41 88 79 93 3 93 64 46 45 61 31 51 21 75 30 96 9 96 69 8 91 100 20 6
47 78 71 24 18 84 65 68 63 80 72 50 9 44 12 54 14 51 53 91 22 78 16 73 9 15 64 40 37 10 67 10 57 83 27 26 50 73 96 65 23 94 86 51 50 90 94 76 81 15 96 69 89 19 9 88 31 49 35 66 74 88 38 83 7 19 66 88 61 53
72 83 84 68 78 61 87 20 18 3 8 67 5 8 21 31 58 25 93 71 73 98 18 17 45 93 21 77 29 60 78 80 42 82 13 89 63 58 15 71 48 2 96 9 87 18 14 5 10 34 72 61 77 96 47 74 31 95 90 8 43 80 33 50 77 100 70 42 68 57
6 73 63 39 15 39 43 24 78 34 29 98 61 97 19 3 59 82 34 45 90 35 83 62 89 67 78 25 51 48 79 90 53 67 60 38 30 68 68 91 9 22 12 54 74 84 40 21 71 54 81 17 14 38 57 49 28 1 81 85 29 80 94 52 68 3 14 5 83 7
97 38 100 15 40 49 63 36 72 11 66 74 20 2 93 6 42 92 55 61 67 72 97 7 55 46 11 14 24 33 43 77 13 46 61 41 33 30 95 78 60 25 98 26 100 28 25 68 22 96 27 77 41 64 64 64 32 49 92 88 54 96 61 100 17 3 65 61 45 7
34 4 19 32 5 47 21 66 64 27 49 32 76 54 55 95 94 96 30 31 94 11 78 50 96 58 99 100 51 14 31 54 65 29 66 40 49 100 11 37 30 91 48 3 98 64 38 56 83 28 65 64 40 15 22 73 57 10 67 44 14 10 48 4 34 21 72 96 59 32
64 93 2 54 65 27 24 81 39 100 96 39 99 21 83 93 23 32 2 68 69 35 13 35 85 31 11 30 50 51 1 4 27 42 15 68 36 87 72 83 59 31 19 30 99 55 69 82 45 23 39 30 95 51 19 17 73 12 29 99 84 54 40 34 80 47 51 30 84 88
60 11 52 95 30 92 7 69 65 45 39 41 44 46 39 37 64 96 65 50 18 64 34 49 28 32 48 22 43 13 38 93 96 46 85 1 97 50 87 75 9 39 85 42 53 71 18 62 56 35 59 92 23 75 7 96 39 49 57 80 19 23 91 3 41 34 43 39 56 57
30 66 22 91 10 74 79 7 91 2 86 72 59 40 13 97 62 39 14 65 36 90 60 55 54 24 61 93 15 15 66 31 3 24 13 6 85 8 93 95 56 61 54 25 67 18 56 34 78 36 3 32 40 28 92 84 2 5 35 30 89 40 45 33 42 93 25 31 65 30
46 39 63 35 23 94 82 34 73 51 5 83 54 77 10 84 78 93 4 82 31 29 62 27 51 21 28 55 83 89 32 54 32 71 38 57 49 4 8 73 67 72 81 74 63 88 68 70 93 26 74 63 61 9 90 72 96 65 41 14 84 38 96 77 9 27 95 81 11 22
50 93 52 62 3 12 4 7 93 67 24 91 76 49 43 5 72 99 44 68 79 16 37 17 59 5 47 19 37 3 86 40 100 65 46 78 58 39 17 88 79 24 16 86 40 100 51 51 99 67 69 55 60 86 54 33 65 86 99 47 42 40 16 69 32 75 68 94 93 41
17 96 87 35 81 29 13 99 73 8 39 23 30 79 45 36 16 26 17 24 2 49 66 50 89 75 9 94 24 62 50 66 28 90 14 80 69 57 54 22 81 15 92 33 10 49 29 46 69 2 41 73 50 11 73 19 71 2 59 16 20 48 79 34 37 2 55 11 29 15
71 48 52 48 51 62 12 19 93 67 27 50 26 86 95 18 40 52 24 92 87 72 38 11 16 70 44 18 74 99 30 18 8 75 53 36 62 17 23 41 60 43 36 68 82 40 21 19 60 46 80 31 14 89 98 53 7 18 73 98 1 43 19 41 66 17 57 94 31 82
39 76 65 94 47 31 90 55 17 26 9 51 56 66 72 79 58 23 71 98 54 47 56 59 12 6 54 86 35 11 11 6 63 88 7 98 54 60 38 8 25 6 63 20 11 95 55 90 17 57 68 59 86 22 20 3 75 38 3 60 79 77 2 43 51 51 46 47 29 29
17 58 58 2 1 49 17 71 27 83 52 97 13 31 81 22 83 64 53 30 97 33 3 17 98 89 25 9 92 10 72 50 98 91 9 87 92 8 73 44 28 11 19 82 44 25 34 38 70 63 87 28 12 6 94 54 96 14 21 46 91 28 55 52 50 42 6 54 64 91
16 26 91 89 90 73 71 48 19 45 71 57 98 28 17 57 93 38 29 64 77 56 84 8 31 92 97 42 18 51 59 76 100 81 93 12 56 76 37 3 51 40 41 24 45 83 98 88 30 89 88 62 9 11 11 37 25 60 76 58 25 30 11 78 65 86 4 48 76 48
61 9 11 71 59 15 6 14 49 34 95 8 35 51 92 31 31 51 65 52 13 98 92 39 77 61 39 79 82 6 98 59 28 58 77 58 67 10 36 9 10 16 91 72 18 10 20 63 51 96 11 72 68 18 92 72 46 12 82 71 45 84 58 7 59 16 68 100 100 9
78 59 95 35 51 57 74 1 54 37 16 36 65 2 72 9 43 92 51 89 61 76 91 50 70 69 55 48 58 72 78 33 44 38 66 49 95 83 67 65 55 22 7 39 38 26 93 99 29 96 59 87 51 20 83 99 38 17 86 87 17 37 93 6 35 22 16 28 40 67
57 66 42 49 55 84 70 87 65 13 38 24 16 92 12 80 47 31 35 88 81 76 47 74 44 95 81 89 87 70 61 59 17 33 59 31 76 67 60 33 30 64 45 73 55 71 54 38 15 91 86 36 12 20 39 73 10 33 4 34 11 25 9 75 32 12 66 22 92 78
73 50 63 11 98 42 14 21 90 100 7 10 88 5 27 92 64 11 97 33 16 27 64 77 89 57 12 22 62 60 30 58 13 47 98 32 39 57 25 94 30 94 99 50 19 20 66 91 100 92 43 47 90 71 29 74 52 43 78 52 13 86 72 39 100 15 87 64 13 58
6 51 77 73 79 12 38 26 96 13 5 10 29 95 11 10 84 82 49 71 64 61 93 59 6 98 65 24 82 47 70 62 84 34 74 72 22 74 97 98 91 43 87 14 55 77 51 10 95 22 74 100 45 55 63 46 3 67 96 18 31 63 46 89 17 54 41 59 32 80
62 46 46 2 44 51 8 52 87 7 80 37 98 18 54 81 72 76 19 64 7 42 15 94 56 94 28 82 30 87 77 51 66 57 54 79 2 85 21 7 97 39 9 58 82 97 95 61 100 100 67 72 69 43 63 9 65 22 82 61 65 2 68 86 59 28 73 26 14 27
20 96 26 15 39 7 30 46 90 26 24 27 93 2 65 79 46 40 77 15 100 70 84 88 81 54 93 42 76 79 42 10 4 56 38 20 94 79 66 70 97 13 35 26 83 9 16 79 68 91 69 22 96 41 73 78 68 48 62 53 1 90 50 61 48 65 4 65 59 88
97 52 41 66 96 26 19 7 35 10 11 64 90 68 55 11 29 79 43 51 76 55 41 71 10 91 11 11 83 69 77 64 16 13 95 15 21 24 65 84 23 42 99 44 81 29 99 89 70 96 39 75 4 37 7 59 48 62 34 81 52 10 88 98 56 95 78 55 63 92
11 3 16 46 15 60 86 94 40 94 51 16 51 60 36 37 66 74 7 54 9 57 49 3 19 35 64 98 67 60 56 9 15 13 42 43 21 79 67 42 78 57 74 16 39 8 65 63 87 73 70 78 21 97 73 49 19 86 30 72 100 72 56 37 24 81 19 48 72 56
68 3 48 79 100 11 38 54 39 61 92 34 46 80 56 36 93 62 80 29 49 87 6 100 65 38 44 52 94 81 4 70 49 39 10 6 94 91 37 76 5 61 48 13 49 80 92 65 39 90 52 57 88 4 83 97 27 87 81 26 84 37 88 1 85 83 24 87 33 14
78 24 94 68 8 78 2 87 85 87 4 68 49 48 64 86 72 36 83 27 17 94 57 35 47 77 83 39 44 66 31 54 79 35 74 47 79 38 63 100 14 59 35 93 63 11 52 78 38 93 17 83 24 83 86 46 37 35 87 32 18 3 85 26 72 27 53 37 88 84
21 38 27 75 24 53 74 2 70 66 1 10 69 35 27 67 29 59 44 42 75 4 83 43 55 29 72 4 50 92 11 14 11 62 2 32 42 93 36 25 19 72 68 95 64 23 7 74 86 16 45 66 65 72 99 13 7 28 86 42 41 16 70 13 75 88 86 82 78 59
73 65 2 73 10 76 48 83 35 50 18 52 61 56 92 69 36 38 64 4 48 43 24 89 68 92 2 55 3 62 97 99 77 92 51 53 30 63 67 82 80 92 20 77 17 41 1 56 12 6 77 62 66 4 4 66 95 93 36 3 78 39 68 14 33 27 62 18 68 6
32 75 83 10 63 64 41 47 36 10 70 8 45 25 69 21 99 40 46 20 82 19 21 79 100 36 98 70 15 86 66 4 90 10 81 52 4 70 78 97 75 25 22 29 36 97 23 35 35 49 81 87 57 76 27 90 50 37 35 10 61 21 47 79 53 73 37 22 74 86
52 22 8 10 47 54 32 91 25 55 13 63 81 95 47 1 9 53 16 23 81 85 13 86 3 73 98 6 73 22 36 53 76 21 78 10 36 93 37 11 43 69 89 21 97 45 54 11 48 53 5 72 17 48 54 50 50 2 23 58 61 27 30 48 88 82 67 10 15 12
9 18 97 73 8 91 4 88 30 88 9 1 36 1 15 25 1 99 38 72 82 25 13 52 100 4 15 97 90 18 70 59 84 6 37 54 70 1 50 71 6 18 27 76 21 88 67 72 50 89 75 85 56 62 76 23 96 3 5 74 4 97 62 20 89 3 18 75 1 41
84 74 56 51 93 15 44 42 86 67 55 76 29 56 35 65 4 68 85 84 72 20 36 2 16 47 66 93 15 60 75 25 44 69 24 47 41 85 60 66 18 73 15 6 50 97 18 94 80 32 22 99 62 55 69 15 58 95 2 31 35 34 28 30 52 26 36 41 79 1
93 35 39 19 36 71 89 56 97 78 95 81 7 62 17 78 48 55 37 53 37 96 51 43 63 15 34 26 14 1 73 19 48 70 8 40 52 75 100 60 12 56 89 87 62 39 88 56 76 40 43 47 26 77 16 22 5 4 6 86 12 10 30 63 96 99 7 94 8 7
75 25 29 20 17 31 51 24 38 58 5 46 20 26 40 84 45 86 100 92 84 60 13 9 65 68 4 20 39 8 56 30 62 70 36 60 13 5 17 77 4 42 12 81 70 69 24 73 58 55 82 52 100 7 31 34 12 90 42 67 97 77 78 79 76 92 88 31 41 1
44 90 58 8 75 2 89 23 4 7 10 58 33 99 89 79 49 97 30 7 89 45 35 78 24 8 75 11 41 76 5 37 28 32 59 58 44 72 93 96 1 9 76 87 43 59 17 66 21 95 56 45 27 11 6 1 45 30 58 90 32 18 80 11 98 31 47 92 92 36
38 2 76 69 66 75 3 95 39 56 69 43 19 32 46 82 85 10 51 1 87 37 66 74 1 51 32 39 4 54 28 47 11 10 56 87 32 77 84 69 69 24 69 20 62 98 37 31 76 20 42 23 88 99 6 1 94 38 27 65 15 27 24 55 27 78 60 40 15 52
81 98 30 42 12 39 62 21 13 25 32 79 43 94 96 42 45 38 22 19 55 9 94 92 97 66 2 62 97 93 27 28 98 60 87 39 99 84 63 44 36 54 19 52 10 34 10 80 65 85 25 55 52 62 42 92 95 30 99 13 43 9 2 92 50 18 98 19 82 43
70 47 79 43 95 92 58 2 84 31 44 84 15 68 79 5 23 28 75 25 31 63 85 5 92 26 61 75 24 39 54 45 23 22 25 47 64 51 74 37 63 31 24 61 47 95 58 72 38 87 20 34 4 48 90 50 65 64 38 19 90 88 88 31 52 83 65 74 42 76
69 60 25 85 3 75 96 73 94 17 45 32 64 23 16 79 26 52 82 54 71 86 52 10 47 30 50 14 79 39 93 4 72 26 1 32 94 49 62 42 34 22 75 44 80 63 62 17 1 83 37 94 53 64 59 87 33 59 33 23 9 4 8 71 85 82 50 19 53 95
47 17 97 93 5 80 77 100 41 5 66 48 70 23 14 76 41 8 28 54 65 10 100 6 69 34 53 26 38 7 33 72 100 58 73 63 35 42 28 38 66 98 17 8 78 94 73 68 50 54 58 95 25 12 24 86 30 34 30 89 76 36 58 28 16 95 15 3 43 52
89 71 54 47 17 79 59 82 80 12 26 19 33 100 1 62 71 18 100 7 7 61 20 96 31 6 45 82 58 19 65 88 2 50 81 59 89 84 35 59 50 65 46 4 90 21 77 39 26 9 18 1 26 94 74 57 72 34 80 53 65 6 12 74 93 47 12 65 5 46
39 2 2 39 40 2 11 98 32 79 28 30 76 94 56 60 76 34 8 38 90 81 98 44 85 98 28 87 19 61 28 90 18 14 68 82 97 24 26 92 3 34 34 55 92 37 85 53 64 4 92 28 34 20 64 14 58 66 19 50 86 3 5 7 1 11 28 29 5 10
57 2 3 95 17 39 36 55 94 15 59 61 79 11 45 58 67 28 47 32 41 65 68 49 53 6 29 17 43 22 69 81 91 90 37 69 93 91 86 100 58 92 62 86 94 38 95 47 54 71 58 46 10 18 81 74 61 21 89 6 74 72 36 52 49 95 54 5 15 85
57 64 100 87 31 10 7 74 71 10 7 36 52 96 33 45 55 81 79 32 77 5 14 16 39 31 57 9 99 47 79 47 61 36 65 60 81 3 8 97 7 2 96 60 45 5 66 46 90 30 84 9 19 36 44 55 83 21 73 49 72 27 35 7 4 4 83 51 28 91
53 14 78 70 72 6 38 12 75 43 10 6 50 49 100 23 80 4 82 10 1 43 74 67 58 31 44 53 90 74 35 71 62 40 71 87 37 55 69 29 76 20 83 62 25 33 91 47 19 18 20 17 12 96 81 90 7 2 76 3 83 35 24 82 17 42 90 89 34 83
52 90 77 87 98 20 17 7 42 30 58 44 71 41 93 2 79 74 60 25 4 81 55 34 21 81 98 20 40 85 37 85 12 87 30 25 78 52 50 8 41 19 63 33 21 74 70 95 70 72 55 21 25 99 52 55 39 59 26 92 67 34 78 39 82 35 89 8 67 86
87 64 46 15 59 77 71 40 42 90 77 77 18 71 62 78 59 55 79 12 38 70 48 32 12 54 2 68 17 69 45 91 70 31 46 13 82 94 87 9 37 64 73 90 33 35 85 22 24 80 70 60 64 72 51 16 47 79 80 86 37 66 34 35 83 35 54 99 17 72
9 93 21 13 57 64 74 57 9 11 11 58 32 71 67 4 71 36 33 47 49 90 73 71 80 83 1 44 3 27 66 6 61 56 39 18 61 98 37 57 29 46 30 38 87 81 87 39 59 64 67 32 63 83 4 24 56 83 67 68 51 63 65 90 20 24 38 71 26 41
72 47 30 75 56 94 43 43 30 6 70 46 94 69 3 19 44 10 68 94 99 78 55 24 68 7 96 96 38 82 16 88 79 65 90 13 15 83 74 29 34 67 41 73 4 71 56 93 82 43 19 53 58 2 89 39 1 68 94 42 90 88 23 77 66 1 96 60 16 46
4 23 43 13 16 43 9 26 22 31 55 94 92 83 70 99 46 27 90 45 66 97 94 14 73 74 52 53 72 75 60 14 50 89 45 7 26 96 74 23 65 93 10 36 96 20 34 25 49 1 41 58 45 85 43 87 64 64 73 25 18 78 74 92 29 10 11 42 88 32
64 8 58 80 19 40 63 61 79 14 98 38 39 51 43 99 95 34 67 58 56 17 48 54 47 12 93 34 24 58 90 66 96 17 87 31 94 89 38 83 2 74 9 35 48 31 51 54 87 14 37 53 55 88 82 58 71 75 61 5 65 78 31 90 21 97 79 80 41 46
83 30 16 69 15 18 88 46 80 76 9 54 99 55 25 82 81 92 95 91 99 94 40 28 84 37 75 55 95 27 63 67 96 35 88 40 90 46 20 16 42 14 55 71 51 30 96 57 49 89 22 10 52 3 13 34 84 38 9 80 11 73 49 7 2 18 9 86 94 73
70 90 85 39 14 65 2 6 46 21 33 56 83 38 50 56 25 36 17 100 62 27 78 61 1 34 89 34 46 4 45 41 6 73 7 44 2 8 54 56 90 5 78 86 19 35 95 79 7 32 59 56 35 12 62 46 44 26 89 65 81 1 75 37 96 37 39 22 87 68
36 47 19 88 55 70 35 30 66 76 99 48 82 19 76 46 18 72 72 59 12 51 11 78 95 9 66 3 54 51 19 100 7 25 83 48 77 55 72 61 2 69 4 4 97 13 91 37 99 72 73 7 67 83 24 82 22 62 44 28 29 5 77 32 23 53 38 71 62 38
40 68 53 57 45 78 66 65 55 38 76 64 97 40 28 59 79 75 28 13 56 100 59 5 15 15 86 24 62 74 2 48 83 19 85 51 92 20 47 95 64 71 54 89 4 54 63 47 18 90 76 65 58 51 7 7 58 77 53 67 53 79 50 25 92 42 3 100 7 86
25 7 32 36 24 78 97 36 89 13 6 78 11 44 74 99 94 42 3 13 20 31 85 92 9 99 43 92 64 10 4 64 63 91 94 78 73 84 36 24 89 45 69 18 38 30 56 41 62 44 80 62 26 44 86 59 58 74 37 29 23 58 16 27 52 32 48 53 23 75
61 50 96 14 92 53 39 68 52 52 79 26 48 17 28 69 25 38 62 97 99 44 52 66 53 5 83 77 30 87 49 67 31 25 29 32 18 13 46 57 37 75 76 81 58 81 43 86 54 28 36 84 74 27 80 62 14 24 50 64 4 93 49 82 27 52 88 27 28 39
10 6 40 38 38 76 41 2 38 89 62 46 79 82 63 1 89 34 53 100 98 68 54 37 3 87 68 24 12 38 46 97 99 33 96 6 32 72 91 10 39 13 74 26 83 39 77 26 46 43 64 3 24 86 73 27 20 10 4 45 45 83 70 94 40 39 36 12 1 21
60 28 15 77 37 43 70 72 59 45 57 94 13 13 17 97 45 90 89 17 89 30 48 21 7 19 66 87 18 49 29 46 93 87 53 23 98 98 73 72 30 77 44 68 69 9 17 5 84 95 1 47 59 1 23 65 33 18 44 50 39 40 17 69 11 96 77 72 33 80
53 49 57 38 89 94 35 95 36 40 49 27 10 75 7 33 38 34 33 97 78 74 16 53 98 83 30 33 59 31 71 54 11 22 100 38 46 31 62 46 2 41 68 95 97 45 93 12 17 88 79 29 23 45 91 10 79 94 21 2 55 40 90 36 53 12 23 27 62 23
64 95 11 6 50 80 70 5 26 24 86 22 87 18 56 99 89 29 47 92 4 64 82 46 90 96 84 73 19 29 11 79 13 24 31 28 17 42 22 58 64 3 63 2 73 94 16 91 15 63 22 50 12 20 96 30 83 98 73 90 21 98 92 52 96 22 5 86 97 41
24 88 11 53 72 85 23 1 53 26 12 71 5 82 70 59 33 15 83 49 86 20 89 72 27 85 18 37 66 25 41 43 85 72 29 47 64 75 77 76 17 18 37 36 24 13 28 69 41 60 93 46 90 62 13 37 85 56 38 48 65 14 21 35 88 88 68 19 69 57
59 6 23 49 47 21 76 22 62 69 33 25 53 89 89 85 23 31 66 86 26 40 70 43 38 42 97 2 20 82 34 54 12 44 35 17 11 10 16 42 96 5 77 69 10 8 16 89 69 27 6 95 37 29 19 59 64 29 62 62 21 25 88 1 41 60 86 59 37 37
67 73 98 52 37 14 10 17 59 43 85 42 17 40 56 88 6 34 71 26 39 87 65 25 70 23 18 7 29 10 61 97 82 80 53 77 71 73 48 100 99 98 20 3 48 25 5 13 96 27 68 9 47 8 8 75 42 41 10 24 1 70 67 66 91 21 99 85 42 13
43 12 92 95 20 70 69 55 98 33 88 64 38 90 66 88 32 57 75 39 63 10 43 62 17 64 78 69 40 73 80 11 11 97 32 79 77 43 20 61 64 75 47 87 59 58 4 69 87 71 10 1 88 95 25 74 88 94 25 31 34 13 2 69 89 61 36 57 81 58
95 95 5 93 16 8 62 10 57 57 100 10 4 73 35 35 53 36 33 92 37 7 93 68 16 92 97 98 17 11 42 51 43 68 8 39 14 21 89 83 16 10 1 6 8 95 8 98 13 87 69 21 96 54 86 10 1 99 50 20 43 2 39 24 57 87 36 33 37 91
29 3 16 100 55 15 65 83 49 21 54 32 91 74 24 8 36 13 84 3 91 23 64 76 11 17 8 38 64 68 11 72 68 46 82 12 71 13 93 39 94 33 51 17 68 66 12 26 30 35 38 20 40 79 58 37 89 17 28 73 85 95 16 90 41 28 39 37 98 35
29 88 70 24 16 38 36 85 36 94 35 25 57 93 82 12 10 2 98 24 49 100 34 81 13 82 5 11 51 73 23 80 32 23 15 63 34 41 86 80 42 12 13 26 54 79 61 60 3 93 2 30 90 44 9 46 13 34 55 61 30 77 10 28 42 23 78 82 70 17
64 73 67 72 48 32 58 76 17 2 95 63 48 29 95 18 19 42 61 98 9 74 100 82 37 69 14 69 11 22 80 36 89 49 6 28 17 82 29 31 75 12 57 30 43 11 24 1 85 37 52 5 87 91 43 74 11 60 21 38 50 31 22 34 75 93 16 56 69 56
77 56 83 17 7 34 40 59 35 3 9 97 79 31 73 6 12 5 88 72 45 65 52 52 56 25 60 93 62 65 13 1 92 52 31 8 8 82 10 25 69 90 12 58 20 26 47 16 57 62 98 7 95 23 41 12 71 79 20 99 62 22 22 94 25 33 59 97 48 75
69 30 82 35 31 59 32 58 80 76 69 18 19 75 6 58 28 13 15 12 31 54 33 23 26 13 44 89 4 65 56 36 49 48 67 76 100 84 72 77 42 45 76 84 10 20 50 68 57 31 39 95 63 28 59 60 48 37 70 16 92 75 12 10 4 98 49 80 88 92
99 40 51 91 11 54 61 82 27 81 82 7 50 43 71 57 44 94 77 69 39 57 78 68 16 58 68 31 66 40 49 96 44 35 70 75 14 22 16 2 80 72 29 77 26 28 94 1 11 54 72 52 85 98 44 13 30 10 19 85 67 13 18 3 51 49 98 53 99 51
47 68 72 53 54 21 18 43 93 15 43 34 80 57 88 83 10 78 52 77 93 19 39 86 28 12 98 83 10 6 88 11 57 4 23 1 88 77 87 79 76 89 1 73 4 99 36 45 85 26 22 68 78 10 1 59 82 19 61 45 50 41 21 89 37 35 45 92 55 53
50 73 4 15 43 76 100 64 98 79 96 92 87 51 34 7 71 41 89 6 45 85 89 86 37 72 25 61 4 48 18 39 12 40 76 73 76 95 17 68 95 80 35 49 43 83 63 88 35 60 79 9 81 69 23 68 92 41 92 33 53 12 65 19 13 50 32 60 56 64
9 13 77 66 87 51 81 92 36 6 6 85 84 11 94 45 59 40 16 72 51 47 49 13 15 48 28 86 19 26 20 61 67 25 27 16 1 71 92 36 89 58 74 39 61 26 35 56 6 26 14 32 9 64 100 72 29 15 24 8 43 14 45 59 44 62 4 58 69 9
89 12 76 36 30 85 33 39 97 42 99 70 38 66 78 27 71 75 83 56 60 88 70 13 65 11 46 41 10 88 91 5 89 47 72 92 73 43 18 1 95 6 54 25 73 76 84 55 93 30 81 79 23 30 9 21 33 76 48 90 81 10 61 27 90 22 81 67 5 65
84 94 86 56 67 7 85 5 12 60 89 2 52 88 89 71 48 80 16 14 86 42 78 62 35 49 55 40 45 31 72 12 59 91 98 19 91 7 51 43 19 36 88 39 72 59 10 4 3 24 22 71 71 98 17 51 66 87 76 65 42 47 17 20 100 83 83 44 36 91
52 34 85 24 6 39 41 50 28 73 7 31 70 58 83 17 64 20 2 26 9 59 90 100 49 76 15 74 24 11 42 71 32 83 40 32 79 56 14 12 45 46 3 58 93 74 76 76 97 72 67 25 58 29 19 30 75 87 55 17 91 46 63 58 92 17 54 75 62 52
94 80 7 97 100 95 44 13 49 11 55 27 76 45 24 71 48 38 21 19 65 24 55 66 17 82 20 33 73 82 68 64 99 38 16 52 20 96 49 31 34 86 77 82 2 45 93 38 72 63 77 68 17 26 60 43 84 18 18 91 61 40 21 77 32 51 97 14 91 12
2 76 98 21 30 49 82 55 36 85 49 61 48 37 11 13 34 38 21 99 52 40 51 49 46 95 28 15 67 31 68 31 2 60 96 73 95 60 29 16 80 76 5 20 54 66 77 44 33 57 23 60 66 99 52 5 75 54 99 75 35 40 42 14 95 6 36 9 62 72
66 34 94 26 34 9 58 81 61 42 20 5 69 78 51 2 82 89 43 31 64 73 70 69 37 37 49 98 48 30 35 59 98 91 35 35 37 16 88 6 56 17 64 89 48 95 30 34 18 73 80 24 6 45 78 35 52 72 13 87 77 99 76 93 57 67 17 98 44 42
52 48 53 84 17 96 47 72 80 53 16 80 28 53 41 12 88 1 4 86 35 37 16 83 72 16 81 73 44 88 67 39 17 9 2 44 98 22 21 65 47 32 27 70 54 62 69 59 4 7 80 53 73 8 87 61 85 40 81 73 4 20 66 43 44 25 65 52 56 51
74 69 74 73 43 68 90 63 89 68 6 32 60 42 96 27 36 85 48 20 38 87 33 5 80 87 54 14 55 50 81 78 73 82 97 20 2 21 35 66 66 14 14 59 54 27 84 91 53 43 25 99 95 71 89 26 84 86 15 98 12 15 65 78 26 16 91 19 44 2
65 4 93 72 80 87 72 4 65 52 25 15 74 68 82 8 90 72 72 3 58 35 36 64 46 41 17 61 76 99 48 8 44 62 85 17 28 96 100 93 44 63 47 9 82 62 44 32 28 94 14 75 23 70 1 77 18 59 51 7 29 60 1 56 30 93 76 48 66 21
98 81 89 73 79 25 43 81 95 98 90 30 88 32 3 79 20 41 99 64 11 15 30 7 49 33 51 82 42 41 78 42 59 61 25 33 23 50 94 98 70 46 32 79 91 14 84 49 67 18 85 16 65 49 100 21 63 89 62 27 54 38 74 5 54 33 8 23 83 68
