40
3
88 59 77 75 8 69 34 23 7 10 26 82 96 41 53 21 42 44 84 43 47 13 58 44 53 15 76 87 75 16 85 4 29 42 63 76 33 6 62 49
52 19 66 69 56 9 63 56 29 58 52 22 79 41 29 36 77 35 75 57 32 11 77 70 15 73 30 18 54 35 99 89 39 10 13 70 57 27 60 82
89 21 38 32 46 91 87 73 88 77 51 92 1 43 84 74 71 68 34 84 10 36 98 70 92 99 83 18 92 9 64 26 70 21 24 65 67 40 97 40
6 37 38 17 93 43 94 63 29 63 63 10 91 17 15 36 100 18 16 68 87 16 26 81 91 51 4 72 66 29 76 78 79 48 55 33 6 94 99 95
49 51 33 80 21 19 42 58 2 88 2 97 40 28 13 61 45 41 62 15 51 48 7 93 73 56 60 83 57 87 32 28 37 64 31 12 87 82 14 57
27 78 32 74 81 77 61 88 79 82 52 28 13 83 60 93 24 38 33 2 63 21 72 59 96 100 39 49 26 87 14 76 47 23 75 33 20 43 83 16
93 34 16 86 92 4 69 95 41 18 11 34 68 17 9 1 77 99 25 70 81 42 58 43 51 70 31 14 100 2 36 31 37 48 20 14 81 44 23 77
38 58 43 64 57 63 86 1 100 3 72 44 29 4 80 25 30 50 83 76 39 5 10 53 59 59 25 81 57 99 59 96 46 41 79 37 42 12 35 28
58 77 78 15 93 69 69 7 24 55 59 16 80 37 82 55 28 25 83 37 25 60 66 33 5 76 52 22 59 19 5 91 10 56 44 99 44 14 84 37
13 12 4 46 89 78 99 41 2 40 39 41 44 10 15 72 62 43 99 48 90 66 72 27 47 54 93 13 91 15 8 82 1 40 2 95 44 93 11 74
55 9 76 92 70 96 27 41 65 92 48 50 95 79 84 94 44 18 41 51 83 76 62 85 56 26 76 66 51 32 92 78 89 33 9 14 88 63 10 94
1 22 91 43 33 50 40 78 95 75 73 8 23 19 37 95 27 70 47 60 94 45 88 4 46 95 60 5 2 76 85 81 94 76 13 17 78 59 91 67
51 92 32 35 27 60 1 37 34 58 74 64 40 93 52 18 11 19 25 88 94 51 77 32 27 92 10 12 98 48 31 64 40 46 74 67 32 67 15 10
92 4 18 46 2 72 19 98 15 67 88 22 59 48 62 86 82 27 81 89 49 65 95 24 11 81 16 64 46 84 52 16 35 53 35 1 59 64 13 22
74 16 90 30 38 97 23 45 3 78 15 25 43 5 49 35 85 20 21 6 74 49 73 45 65 35 45 51 74 47 70 81 39 17 65 35 24 44 79 35
84 54 65 24 49 17 53 55 64 71 25 62 7 80 14 98 40 80 50 31 65 16 77 11 15 12 14 8 32 1 79 9 62 77 32 87 95 52 73 65
61 16 60 49 11 36 76 27 62 96 52 48 85 80 18 82 39 86 83 7 56 26 71 22 59 90 6 17 18 29 1 49 92 5 62 61 34 21 68 26
65 56 33 46 79 70 45 75 60 18 58 51 60 72 58 88 25 75 83 18 13 62 19 13 24 75 21 50 22 37 87 37 100 42 45 38 21 93 8 35
11 41 76 66 17 16 87 70 9 28 91 40 50 6 61 13 42 41 39 9 98 71 21 85 99 47 13 69 8 95 88 54 68 36 83 29 12 66 14 23
51 38 88 44 100 58 52 70 33 91 10 66 12 21 34 32 2 33 45 57 71 55 95 68 46 27 46 80 54 84 71 6 94 76 58 40 17 95 64 37
19 2 92 80 68 31 53 91 72 19 76 94 38 44 28 75 48 31 40 73 94 19 1 32 82 53 1 26 100 46 55 93 88 62 81 98 9 46 37 74
45 75 9 90 35 85 71 1 93 10 64 14 77 79 51 7 84 64 20 18 3 86 29 1 32 68 37 82 11 68 54 39 69 44 4 8 3 58 43 41
20 77 77 1 20 80 98 80 44 70 89 9 57 37 69 25 4 54 14 90 52 34 77 74 53 72 7 87 17 72 71 16 16 90 45 95 88 62 62 78
77 1 63 45 90 81 68 88 27 83 37 88 69 59 98 68 81 67 37 6 59 18 17 75 20 59 97 11 65 100 78 60 37 38 93 76 57 81 58 80
48 64 47 99 97 91 40 13 20 91 97 87 28 52 69 63 42 4 71 18 38 69 15 80 63 12 44 73 38 64 4 9 7 70 55 21 87 9 51 8
67 56 80 2 100 50 26 75 71 28 50 1 54 51 88 67 65 85 56 7 41 50 68 89 75 86 76 2 42 69 33 79 33 11 38 64 79 44 53 27
19 83 33 84 83 87 52 52 83 70 21 54 89 35 76 38 34 70 87 67 61 61 94 74 5 96 90 70 61 34 21 68 46 69 11 81 69 76 7 38
40 67 2 78 45 91 92 16 22 98 85 12 68 92 43 72 87 29 63 72 56 12 90 8 25 28 3 4 62 32 62 90 64 99 76 59 100 71 70 35
91 30 25 33 32 52 70 60 29 13 93 21 16 12 22 27 83 49 24 18 12 83 72 13 48 36 65 10 41 4 65 21 91 21 42 2 11 50 12 11
92 86 43 38 26 70 42 39 21 49 40 24 89 77 8 73 29 20 58 10 59 54 65 13 65 3 34 27 100 49 41 69 28 43 17 61 77 50 16 85
56 24 23 62 83 93 16 97 72 42 47 72 89 64 10 55 19 97 60 63 99 97 40 65 91 36 53 52 58 33 66 62 18 28 22 2 76 89 47 1
82 11 31 17 91 25 77 86 11 6 52 17 22 74 15 15 18 16 12 31 81 78 61 46 66 51 54 54 95 15 42 40 43 74 34 69 91 42 7 91
27 59 46 12 24 92 66 10 64 100 19 80 57 11 81 78 66 90 67 76 95 29 98 42 26 49 39 83 62 66 28 92 47 18 67 34 81 8 54 50
57 25 56 8 11 24 48 45 45 95 15 14 36 14 35 32 83 17 68 59 45 49 33 60 74 15 96 73 38 39 13 15 87 92 67 41 51 56 2 18
24 53 22 49 63 10 10 78 29 90 56 84 48 3 46 71 69 25 96 66 7 63 80 9 61 73 11 43 2 2 72 67 12 92 18 86 97 11 60 63
8 35 76 28 69 36 28 67 82 49 66 10 24 25 46 2 81 8 1 92 76 72 83 22 46 22 31 86 63 59 75 76 55 35 22 96 89 87 14 100
50 80 58 51 56 47 26 53 49 86 58 68 3 21 15 17 6 64 7 43 39 69 35 11 64 30 94 59 49 19 97 62 65 39 33 37 29 84 17 77
93 73 8 92 27 67 81 12 40 29 61 51 46 97 2 27 94 33 90 69 27 46 84 90 3 17 11 43 46 35 34 21 12 48 100 73 100 39 51 31
77 37 28 5 70 9 16 86 87 95 90 30 68 86 43 64 92 41 47 94 66 52 100 90 81 92 1 10 82 23 55 22 86 57 92 47 43 84 94 4
29 45 65 40 28 43 15 77 92 66 16 93 96 59 26 9 28 13 2 69 48 68 5 15 40 46 87 36 26 3 98 40 83 44 88 44 39 47 26 83
34 74 65 12 76 80 11 80 26 78 39 47 42 31 43 21 76 67 76 62 73 76 11 70 86 11 40 56 90 48 23 93 28 87 19 11 100 61 19 48
93 44 59 60 79 55 40 93 45 74 77 70 7 82 48 81 25 69 64 38 17 10 72 27 4 11 5 96 48 27 85 19 91 75 94 85 52 89 76 3
67 57 20 47 40 75 25 78 93 41 75 99 4 100 12 52 94 21 42 14 64 48 23 27 23 98 10 5 90 57 92 22 47 77 44 59 66 19 78 96
69 73 20 91 83 23 95 5 61 16 86 33 99 81 79 53 57 17 98 4 96 65 90 53 35 58 96 4 84 34 3 17 16 27 80 40 26 48 20 90
59 24 67 99 1 4 6 10 51 90 69 44 25 61 100 5 26 54 73 75 82 88 95 96 81 51 60 84 30 14 59 90 13 30 80 90 44 18 10 62
38 34 59 70 12 98 52 20 36 52 67 88 69 47 17 66 84 7 69 11 24 38 8 41 71 29 5 43 97 75 62 78 98 39 61 3 36 89 37 84
54 88 47 5 77 79 30 50 35 45 10 40 53 86 90 94 62 17 64 70 73 68 27 55 26 96 14 2 52 89 42 16 15 73 51 92 41 20 1 17
39 8 74 80 83 84 90 47 73 91 52 86 41 30 75 7 27 43 99 22 17 14 90 77 21 59 45 80 64 61 98 71 97 98 25 87 1 46 90 98
98 100 99 79 61 89 92 98 45 94 18 81 16 67 91 85 12 57 80 26 42 1 73 44 13 91 100 45 64 68 59 75 82 9 55 1 36 63 47 38
48 59 42 61 27 45 21 65 21 7 45 3 7 58 94 16 61 44 10 10 53 75 32 71 73 91 27 67 3 57 56 72 79 23 73 20 31 70 58 56
74 41 15 70 19 62 50 10 34 20 77 79 1 32 85 65 37 64 43 27 82 62 14 15 12 11 56 79 49 17 99 47 85 17 51 72 58 16 11 82
55 51 42 52 1 29 11 55 81 92 96 50 43 58 61 20 57 95 67 48 36 98 63 98 54 7 43 43 89 82 88 63 51 32 8 42 60 74 63 24
27 86 71 83 36 49 60 92 27 50 54 38 20 58 52 47 95 79 8 94 2 85 44 80 82 40 9 50 49 2 17 83 72 55 4 11 46 67 88 37
3 15 55 65 36 18 37 60 88 40 85 33 58 51 39 42 65 72 77 1 99 62 21 96 13 59 59 4 36 6 88 22 99 40 70 27 73 98 12 54
89 18 7 8 45 38 80 33 19 73 59 24 53 19 39 84 68 15 8 30 84 71 44 65 92 46 2 95 90 71 64 27 100 41 27 47 11 7 97 2
79 50 75 100 81 10 60 26 62 72 39 32 14 50 84 98 18 3 22 19 57 72 80 56 65 45 25 96 79 35 41 39 17 77 62 3 22 86 34 7
99 87 40 38 43 58 94 50 98 28 25 90 74 7 19 46 23 54 44 10 46 30 43 65 49 28 49 9 74 45 26 90 65 82 96 15 65 31 79 78
24 68 52 8 27 21 44 65 5 92 78 72 19 6 80 23 26 58 58 39 50 2 70 22 64 38 15 59 33 45 76 23 71 21 47 30 8 98 1 75
89 12 40 45 72 8 63 64 12 40 53 97 41 25 96 63 77 4 100 86 68 19 81 25 85 99 5 15 20 9 24 85 66 32 20 96 97 76 17 43
30 30 95 7 77 61 17 17 14 76 89 46 9 83 8 76 70 83 7 99 44 98 31 78 77 44 46 67 77 52 68 59 11 66 4 59 7 70 92 17
98 94 86 45 83 69 96 3 62 93 85 77 33 82 32 11 93 28 30 60 86 76 31 67 53 7 27 14 79 94 95 14 7 17 56 71 8 100 75 67
56 51 99 42 37 61 20 95 73 20 17 75 21 13 10 71 70 66 18 36 28 41 96 66 29 75 75 53 44 4 57 33 91 12 29 99 98 9 80 21
2 70 2 73 33 24 50 92 96 51 93 21 26 82 26 22 65 41 2 12 61 40 39 36 77 60 91 55 2 35 49 52 7 71 47 85 32 100 51 60
57 21 35 61 89 23 78 79 2 73 63 6 87 57 68 86 90 65 40 13 97 61 32 96 7 83 7 25 80 10 88 19 92 4 63 89 78 25 4 2
56 83 34 67 35 78 75 4 67 31 56 36 24 83 7 91 27 12 76 17 74 9 62 36 48 51 55 6 84 62 79 39 42 36 15 98 73 67 49 79
10 10 17 7 36 45 29 34 51 16 37 64 23 75 98 96 71 46 60 41 95 1 95 11 40 57 78 56 57 88 39 99 50 97 65 14 54 70 86 93
83 44 45 32 74 96 67 42 83 95 53 7 16 72 95 57 45 50 99 80 20 81 88 57 92 65 35 67 7 2 58 61 45 91 33 2 88 35 25 84
13 20 47 7 27 56 76 56 38 37 11 44 13 76 46 61 38 46 69 49 68 9 16 100 83 20 91 52 25 80 9 50 29 35 13 79 96 69 35 56
78 2 67 75 22 36 36 44 93 79 95 36 91 82 50 48 74 58 7 97 62 72 79 13 97 43 8 87 67 75 69 9 21 39 83 82 80 45 62 57
24 23 13 42 53 56 82 8 71 47 4 58 76 31 44 40 80 37 44 58 3 82 53 58 58 31 14 50 2 96 7 83 50 36 78 15 39 16 73 86
63 91 61 45 67 3 53 36 42 43 56 36 83 98 74 82 26 31 18 47 79 61 19 37 61 2 72 70 61 37 76 78 85 59 57 73 67 17 31 13
87 33 47 28 38 74 86 77 88 36 100 86 100 20 11 13 30 96 98 59 6 87 10 13 51 3 89 57 24 35 46 55 26 9 44 13 2 20 28 91
32 88 87 97 74 50 26 79 43 22 15 83 4 17 21 30 78 50 48 61 9 16 16 26 49 28 96 73 93 93 31 71 13 82 60 96 19 87 74 27
46 52 100 55 8 83 81 84 90 84 80 17 41 63 66 82 81 81 100 41 19 52 19 53 80 63 97 78 6 61 74 22 31 48 54 57 12 37 35 61
46 24 20 70 24 20 60 83 70 56 54 11 61 32 48 65 59 14 31 88 21 77 27 26 14 55 66 95 8 75 51 72 69 41 13 56 83 84 57 41
26 34 52 60 57 58 92 35 9 68 60 69 68 9 89 59 43 48 23 80 29 92 84 99 18 90 61 94 42 10 100 83 77 85 2 95 67 13 25 48
39 16 1 15 79 43 20 71 19 82 68 12 74 13 43 47 98 1 59 93 99 70 96 46 3 85 15 13 94 60 53 32 32 81 10 8 11 94 34 39
88 63 99 71 93 16 62 59 80 81 23 59 19 26 64 15 62 74 22 92 59 80 7 47 16 70 84 35 23 100 29 71 74 27 77 72 54 67 84 16
91 44 29 38 97 68 66 15 57 85 59 47 8 47 80 41 39 74 75 56 4 40 58 32 99 43 81 29 60 31 87 62 91 50 16 87 83 45 81 77
36 96 60 34 43 1 94 71 80 4 13 96 25 10 39 87 64 46 91 33 1 32 82 66 4 3 91 14 58 90 92 85 26 11 60 10 88 63 92 72
33 90 100 72 29 28 5 99 50 58 86 30 7 98 46 52 80 9 11 5 57 21 24 4 7 21 17 14 24 93 99 33 26 43 75 32 74 75 64 48
15 28 55 21 25 29 1 90 92 89 85 12 67 42 80 43 20 56 69 50 20 17 11 40 68 9 6 14 74 4 47 42 81 71 64 41 22 41 94 45
63 40 35 27 50 14 11 4 34 69 68 65 11 80 14 79 11 18 12 81 66 38 28 71 61 16 9 57 76 93 76 61 26 31 24 83 57 70 1 60
24 63 10 34 45 84 10 100 21 24 24 19 83 100 66 6 13 89 75 45 42 91 19 26 36 74 39 23 45 16 90 50 92 13 15 86 38 82 50 100
50 10 87 61 68 94 68 55 21 64 71 87 76 73 24 67 84 13 63 7 38 51 51 10 2 57 41 5 25 31 30 63 62 79 46 15 72 13 22 72
38 13 84 91 14 51 98 13 36 87 50 15 64 17 39 65 54 100 20 9 85 46 32 56 94 32 58 61 47 3 88 40 89 86 28 69 46 49 27 72
32 82 82 20 27 56 79 28 13 26 65 98 13 73 23 23 88 33 77 19 33 82 73 41 35 82 82 55 69 15 63 20 75 64 8 16 60 3 16 3
35 11 40 51 51 69 94 34 63 8 23 74 98 87 42 99 61 15 85 5 89 75 52 79 87 61 50 33 89 95 4 61 46 47 6 60 25 29 81 35
2 8 15 12 59 35 73 99 14 42 82 60 97 37 88 22 13 21 9 84 90 5 13 89 49 33 72 78 19 11 1 3 72 54 84 100 17 80 20 69
33 88 90 69 97 62 24 76 32 9 86 83 94 62 34 56 55 3 2 40 8 28 55 12 38 25 12 52 34 41 89 59 7 24 36 22 84 74 15 53
56 76 72 95 71 87 57 79 90 81 76 96 4 25 95 81 4 56 53 15 77 29 23 75 99 56 100 59 31 98 33 65 24 16 43 4 85 36 13 64
25 30 29 36 62 12 6 37 36 65 66 70 65 8 92 56 60 12 25 65 89 21 5 51 70 20 5 59 100 23 26 68 42 10 69 2 16 3 100 23
38 51 89 57 8 100 38 69 89 39 89 68 9 67 9 9 76 7 18 58 9 51 58 69 50 51 51 47 61 47 86 5 66 98 78 74 25 58 93 87
80 73 48 56 80 28 28 31 11 66 64 22 91 90 32 46 47 53 26 40 55 35 66 88 22 67 12 52 76 24 89 38 74 84 35 50 40 55 37 12
6 59 47 47 74 75 49 19 72 35 51 3 95 51 29 97 4 37 50 80 72 5 46 63 87 63 13 62 44 85 11 45 53 88 79 31 73 88 33 45
70 39 5 5 2 86 48 96 25 44 79 37 32 34 95 30 3 95 24 99 92 24 38 32 53 28 78 7 7 43 77 93 42 66 41 24 75 52 78 79
68 93 64 39 33 6 12 77 30 1 66 55 34 19 8 21 12 27 72 26 5 89 97 20 12 6 35 4 78 28 22 90 82 63 87 78 39 64 73 4
16 1 58 39 19 71 93 26 14 79 52 87 6 13 60 25 72 26 81 67 25 22 87 79 65 17 36 74 82 18 46 6 21 17 10 33 88 63 8 28
55 44 48 27 2 5 98 51 52 23 57 79 35 11 79 92 91 57 75 5 12 88 1 75 3 85 63 24 64 19 56 27 75 79 40 5 88 60 3 66
52 58 21 4 33 43 28 14 20 63 4 57 40 16 99 61 69 80 65 63 4 63 43 10 85 31 34 99 51 95 80 96 13 39 87 83 33 61 23 16
46 80 15 35 87 59 40 73 80 83 92 55 8 11 50 73 73 43 12 28 100 34 76 94 76 91 61 43 96 75 72 32 63 16 61 48 69 62 70 18
1 71 68 94 93 68 25 18 78 59 71 96 16 31 31 92 19 87 60 76 34 22 91 21 51 7 27 97 78 39 46 6 82 1 48 64 15 39 10 58
33 26 40 13 55 2 80 11 54 69 25 77 25 26 51 85 16 89 93 15 42 80 69 83 34 67 57 65 32 88 98 19 62 27 47 63 45 34 21 11
72 47 47 10 79 10 9 86 51 26 98 55 62 87 59 96 97 69 31 24 36 41 31 78 13 90 53 15 55 16 76 93 6 71 65 70 97 40 50 77
48 66 45 78 48 22 37 63 37 80 41 70 31 35 11 22 60 2 94 42 26 84 35 12 73 22 75 54 24 62 41 47 70 69 35 22 79 91 11 44
37 44 50 76 88 62 19 93 35 75 68 73 14 76 37 97 92 7 18 63 69 41 98 2 45 54 61 38 58 32 43 19 56 86 72 78 6 2 25 89
47 20 91 90 82 65 43 49 87 89 36 44 22 100 86 78 54 43 63 28 24 53 3 20 58 63 50 43 57 89 13 33 63 88 95 17 15 76 100 59
48 87 53 48 54 1 35 99 17 48 34 98 32 77 21 47 7 94 52 41 94 25 31 56 20 93 22 68 23 99 3 59 93 63 5 3 80 81 81 40
3 51 96 58 90 87 79 49 78 45 54 65 90 33 92 42 10 32 99 26 57 52 71 2 44 90 70 18 18 14 56 99 3 7 89 81 78 51 90 9
90 6 3 93 86 47 10 33 96 35 27 47 64 40 30 79 23 37 44 62 19 68 45 13 74 85 76 98 48 57 93 90 62 30 49 58 23 24 55 85
35 15 16 31 83 77 77 34 86 61 25 40 79 33 11 92 24 2 45 27 84 27 81 1 52 70 37 47 52 89 64 25 31 82 37 19 60 57 73 98
50 67 100 54 86 100 50 60 85 58 45 46 19 92 62 71 59 54 99 84 75 32 80 86 14 83 93 87 61 86 69 68 2 71 46 59 64 96 69 44
33 10 77 61 64 21 24 99 67 49 33 41 25 16 49 29 99 11 20 83 100 15 63 25 14 14 21 10 64 39 9 74 80 9 21 97 1 5 17 17
59 40 89 56 57 68 1 73 19 85 27 68 94 1 39 22 56 16 24 64 60 40 36 96 71 37 51 38 4 22 40 38 86 99 65 22 6 54 66 80
23 31 38 58 63 92 16 60 4 51 10 52 11 78 66 75 5 22 59 56 4 92 80 93 1 34 31 86 60 32 97 5 48 58 91 58 84 39 4 59
56 6 94 25 42 30 9 75 86 83 92 20 32 88 53 69 69 77 44 59 6 43 23 40 34 26 94 1 14 80 58 71 91 32 62 98 1 72 92 80
4 72 54 98 62 29 47 86 16 34 3 8 76 17 22 60 49 74 48 97 74 82 83 49 88 11 49 63 2 55 27 19 28 57 28 6 3 54 46 63
60 62 30 9 65 97 73 68 41 18 87 60 71 81 11 79 15 1 73 83 5 56 68 23 52 36 100 39 20 58 17 2 47 96 64 34 96 91 41 23
68 30 53 31 69 32 82 92 10 44 20 69 100 75 86 41 18 91 10 32 85 71 56 12 3 69 94 88 95 10 12 68 66 3 1 28 7 25 40 1
40 18 14 65 34 5 9 82 80 71 87 4 4 32 65 82 72 17 85 54 50 81 100 53 80 13 45 83 14 76 44 84 90 79 76 54 98 92 33 80
