80
3
3 73 49 8 60 94 22 69 37 5 39 61 86 81 92 30 27 27 14 78 14 30 27 40 75 83 34 66 65 23 28 74 16 23 5 64 75 85 20 48 21 88 24 80 15 67 4 78 2 78 40 69 52 59 52 20 70 45 75 74 99 36 51 53 15 78 60 9 35 45 68 33 51 92 82 39 12 87 32 51
34 19 32 88 11 70 29 16 58 48 91 52 79 13 25 5 30 57 42 9 28 45 81 22 48 13 32 45 46 4 71 62 91 58 66 5 60 5 49 57 77 33 56 100 2 51 90 83 93 10 5 39 43 90 79 37 15 42 99 12 64 30 1 53 10 77 90 16 29 1 1 90 6 80 55 36 40 57 15 100
8 89 66 93 9 85 79 60 78 57 31 23 89 46 85 29 27 73 72 69 78 65 3 35 54 17 56 91 58 81 95 28 83 37 85 16 77 38 83 62 5 73 92 52 43 100 5 56 12 15 100 61 2 65 33 59 59 35 73 42 19 7 7 86 30 18 78 46 15 67 98 63 94 88 16 24 37 48 93 6
51 31 99 70 81 5 20 88 55 87 95 26 58 67 28 14 95 99 42 88 43 37 17 59 84 77 35 75 26 68 72 45 91 48 33 34 15 26 63 56 20 66 4 93 22 27 83 22 23 61 56 80 5 2 71 59 20 44 63 36 55 22 34 86 58 36 46 15 80 29 22 94 38 89 96 98 55 27 78 34
76 29 97 43 26 32 3 5 93 93 22 71 71 91 61 94 16 15 86 59 40 7 50 18 16 70 6 27 44 48 86 29 9 97 76 61 6 58 2 97 35 95 21 88 66 98 79 88 79 28 62 24 51 60 24 18 67 56 79 61 100 43 63 32 40 33 25 2 32 2 86 9 46 4 77 54 81 26 71 79
8 16 41 41 49 99 59 90 6 74 59 53 95 90 65 31 75 4 44 90 3 31 57 56 65 6 61 36 99 56 29 75 87 16 23 4 86 19 33 12 95 71 52 98 51 52 27 68 14 49 8 3 22 99 4 59 97 38 22 94 98 3 48 47 65 41 68 45 42 4 60 47 6 34 7 78 78 17 100 7
77 17 98 29 98 89 33 38 13 5 53 37 89 22 99 97 23 42 43 37 12 93 58 52 44 37 48 32 100 30 19 56 14 95 57 22 99 2 63 53 88 5 41 54 58 66 37 34 12 55 91 50 97 95 96 86 82 39 89 26 11 24 6 1 9 33 67 72 25 96 92 20 52 61 79 18 55 16 66 91
85 49 21 89 23 19 47 11 39 100 85 83 93 24 84 27 92 88 18 54 21 71 46 28 70 81 95 45 57 70 94 42 90 70 61 67 87 23 71 3 59 97 41 58 11 21 9 47 98 88 31 51 52 6 81 62 52 13 42 37 92 27 94 3 46 42 61 79 36 4 30 89 66 39 51 57 50 34 75 91
2 71 79 65 36 99 18 91 44 19 2 78 4 13 22 91 89 64 14 74 1 32 96 22 84 13 12 64 1 22 90 60 22 38 99 87 2 63 83 6 50 75 66 5 100 17 55 89 41 91 3 65 77 20 92 63 34 87 48 97 51 63 50 4 45 96 41 68 70 48 2 7 53 10 50 70 34 2 18 98
11 85 41 53 38 55 23 70 88 96 74 99 64 51 42 97 34 50 97 73 49 32 16 28 97 11 7 58 37 59 19 62 95 98 82 47 78 59 3 82 46 80 30 35 45 33 87 91 76 32 12 16 91 48 6 76 59 67 95 41 75 33 97 3 32 49 13 16 21 55 83 71 86 95 71 52 61 82 57 41
88 69 38 85 25 5 67 50 73 3 56 29 25 96 43 20 57 8 67 10 20 74 6 55 31 19 16 18 12 69 67 64 90 53 6 22 20 4 74 58 81 28 70 1 80 25 52 89 87 49 10 36 72 48 14 33 19 38 55 97 87 77 76 59 41 90 80 83 13 8 58 69 26 59 8 26 3 91 32 30
47 76 17 84 99 77 70 92 14 32 10 45 60 66 29 88 29 27 48 54 52 35 25 98 38 60 6 55 54 91 76 36 59 3 21 23 51 79 46 1 94 32 9 25 78 34 4 39 93 23 58 77 11 39 61 27 29 12 42 36 88 8 100 58 38 71 38 55 18 42 32 80 46 18 33 34 97 3 33 48
28 1 67 96 99 1 99 50 80 39 3 100 34 92 26 39 75 42 48 35 53 81 65 14 35 97 94 84 1 40 64 76 15 74 91 9 86 89 82 97 7 60 27 91 63 1 96 95 11 35 34 67 1 82 74 13 28 33 50 19 4 28 19 63 49 31 24 43 76 35 12 66 21 86 73 48 23 94 22 58
21 18 68 64 23 55 99 48 21 49 77 68 71 23 1 91 86 33 47 34 18 35 58 42 66 100 80 95 49 75 95 30 91 12 84 7 51 12 56 16 76 42 64 66 81 1 92 13 39 70 32 27 67 49 22 75 12 49 98 32 79 84 2 40 17 52 71 88 71 73 94 64 47 8 17 14 41 45 39 42
49 66 89 82 58 30 24 27 32 34 80 59 22 67 27 95 29 33 98 92 74 39 90 73 28 30 21 91 81 100 5 64 58 52 9 16 90 80 92 14 59 35 30 92 45 85 15 53 86 83 92 54 91 14 66 98 81 45 43 4 22 90 1 23 52 29 87 95 32 99 30 94 18 41 10 87 89 74 100 77
38 1 74 77 20 90 22 26 27 72 69 55 12 54 30 75 52 65 1 5 67 18 28 71 2 47 75 2 60 59 93 44 50 29 76 96 93 12 64 69 50 31 58 59 50 19 54 30 38 52 61 49 54 64 87 31 11 36 37 34 28 91 11 81 20 48 33 59 70 46 53 37 10 88 17 32 47 74 89 72
13 13 9 96 98 25 29 36 37 60 50 67 49 31 84 1 80 18 26 94 39 55 53 89 61 99 78 4 94 94 7 22 36 89 90 77 50 20 95 2 75 43 67 57 49 65 58 64 96 28 82 82 54 51 57 14 17 35 16 75 64 16 34 58 69 10 6 25 64 22 26 93 4 85 94 90 47 33 5 8
83 39 33 9 8 77 98 72 34 16 6 65 60 67 84 64 67 35 23 22 76 63 18 83 39 27 82 48 67 69 1 61 11 1 8 89 94 88 23 7 42 63 78 8 46 19 35 52 33 90 84 65 1 93 25 49 97 72 18 89 56 50 56 67 68 79 37 73 85 92 10 83 7 77 35 44 42 55 28 59
98 55 36 45 85 16 47 52 85 47 85 46 83 21 84 78 82 68 29 41 100 61 17 52 26 96 19 63 27 91 74 13 73 21 54 87 76 65 55 48 38 28 54 24 54 97 78 84 76 73 44 88 90 5 97 8 67 88 43 80 26 77 30 35 57 64 40 87 94 46 7 70 32 80 12 31 15 6 38 47
82 34 22 34 34 34 34 44 64 11 84 72 37 77 56 24 37 1 14 56 53 3 80 47 70 32 86 2 93 99 76 63 81 16 9 33 35 78 58 100 32 10 39 41 96 38 38 33 94 89 30 90 4 40 2 90 17 37 64 87 15 64 69 69 90 10 34 62 85 58 70 13 100 9 58 47 57 75 40 59
90 92 53 16 64 43 70 65 59 45 88 24 34 60 56 24 38 53 64 41 56 16 29 65 28 68 81 14 30 59 97 78 76 75 32 66 8 34 73 3 43 83 89 19 80 47 76 1 84 55 54 18 18 90 60 12 63 54 15 79 28 40 8 79 19 47 45 3 62 49 4 39 92 45 14 100 98 55 46 50
97 86 5 25 20 92 31 65 71 30 92 45 54 85 91 16 55 97 31 38 29 63 61 42 87 6 53 25 8 36 67 85 83 72 63 78 100 79 31 70 31 8 27 45 17 73 59 59 46 34 54 56 44 12 12 83 26 87 89 87 86 38 64 35 45 83 41 53 65 79 85 17 73 62 8 52 48 42 35 87
40 51 11 66 62 23 77 36 20 73 59 31 62 100 1 51 24 66 4 10 100 2 75 40 71 7 66 56 19 100 54 8 57 36 37 73 100 17 45 94 13 13 93 3 57 79 77 91 76 60 58 83 69 40 42 97 94 1 65 9 78 4 42 70 60 58 24 87 36 1 82 7 31 93 74 83 73 37 73 65
26 76 39 21 7 20 84 48 46 1 71 18 21 3 14 86 100 56 34 85 28 52 66 1 27 50 1 96 57 91 29 4 9 41 99 1 46 70 45 39 81 30 52 33 25 88 81 80 59 50 27 68 5 61 40 85 70 38 46 47 47 50 96 42 78 28 36 40 97 12 74 95 15 17 35 93 26 98 12 91
44 71 23 46 60 26 6 73 66 36 78 42 87 24 19 18 20 58 37 2 84 42 74 1 91 55 79 10 30 2 91 1 70 98 66 1 87 14 78 57 17 49 64 4 77 37 4 80 90 59 72 34 67 86 30 33 82 25 94 99 68 63 29 41 72 5 80 69 6 46 75 39 70 33 3 84 96 28 2 38
67 21 13 28 6 67 5 61 81 35 59 41 11 34 48 55 68 10 44 33 4 56 93 38 94 95 14 25 75 91 37 77 86 60 78 99 62 26 9 94 36 11 2 65 60 21 10 80 88 62 39 22 65 29 85 95 31 8 64 55 48 40 37 90 30 54 30 22 18 40 98 79 17 93 27 48 57 50 59 63
42 64 60 87 7 98 70 47 84 69 44 86 58 52 14 29 38 18 56 25 61 19 70 66 98 65 35 99 30 60 31 99 22 3 88 30 24 64 35 73 22 44 80 23 94 27 51 20 99 98 76 77 34 69 48 78 20 73 51 15 64 59 10 31 18 26 22 33 95 8 7 23 18 12 17 80 36 44 38 10
6 11 60 24 28 20 60 7 49 77 16 35 72 59 79 94 22 16 29 82 41 76 62 33 25 60 52 15 29 91 81 69 45 31 34 2 93 2 78 22 5 37 55 78 75 77 38 29 60 30 94 75 68 17 20 94 34 27 56 88 17 8 47 30 21 54 96 34 56 60 52 33 26 28 53 98 53 16 32 18
19 69 51 93 72 42 19 100 27 8 69 14 43 88 89 99 41 5 64 73 5 79 76 2 43 70 38 90 28 99 87 81 61 18 75 28 82 95 22 37 21 32 95 50 59 20 72 32 5 26 46 51 33 81 63 7 51 18 95 100 20 44 24 3 72 97 85 62 19 22 70 83 21 23 93 85 91 15 25 35
4 8 79 82 90 45 78 96 90 73 46 59 61 24 43 28 62 23 62 47 42 2 84 46 98 9 83 82 24 57 62 17 68 10 56 94 72 22 23 46 36 69 80 48 47 6 97 19 15 91 16 32 16 13 45 22 5 56 22 1 49 21 36 79 22 37 42 97 87 50 92 30 62 96 87 60 32 69 36 54
74 23 51 85 73 70 70 84 61 68 17 24 58 17 15 66 41 36 29 25 86 84 27 24 58 49 70 72 20 17 65 55 19 20 63 83 78 35 92 87 55 23 94 95 69 11 17 31 67 31 66 30 16 19 26 91 67 56 15 13 21 8 54 11 85 7 100 89 44 26 76 47 66 60 77 68 10 1 47 55
100 61 26 78 87 26 82 50 37 55 98 80 89 6 5 18 28 17 77 23 70 17 78 60 27 59 61 10 31 39 95 76 97 6 33 16 83 90 1 83 44 24 34 55 6 15 93 16 65 82 84 60 68 17 58 32 10 14 45 79 18 82 18 91 77 48 98 80 85 26 53 31 9 76 63 70 17 10 25 91
21 30 99 70 32 31 19 81 30 49 97 56 6 79 96 81 73 60 55 74 65 53 19 41 54 91 21 90 54 30 21 58 55 77 48 10 15 73 62 4 48 14 85 9 28 58 46 59 48 36 55 81 14 69 48 78 19 85 71 28 67 59 61 62 40 1 35 24 51 80 97 33 63 76 78 87 57 42 85 70
49 92 53 30 2 15 8 10 70 3 64 70 81 82 57 91 51 40 57 1 96 66 56 38 69 84 33 37 16 93 100 8 15 62 82 10 45 3 53 78 68 99 94 64 54 28 28 51 54 32 36 50 82 49 58 53 57 87 74 87 92 45 20 52 39 60 3 94 38 55 3 33 92 4 38 70 26 40 80 56
59 47 29 21 80 9 54 83 91 85 75 50 69 96 44 96 49 50 61 16 99 92 73 47 61 87 77 48 49 61 62 56 65 66 58 83 74 54 87 33 85 91 85 60 25 77 80 39 56 54 61 27 64 21 87 53 93 5 13 79 7 31 47 21 86 20 20 83 76 7 99 52 92 61 7 92 22 73 57 43
5 44 44 79 67 54 62 48 12 43 90 63 9 44 77 30 33 72 90 16 66 27 83 56 66 50 21 68 93 52 91 26 55 77 13 35 39 19 2 44 59 77 8 49 43 38 28 1 3 43 36 64 48 16 37 13 94 47 48 63 71 79 31 65 6 65 80 58 73 20 100 84 95 22 16 43 28 84 52 73
75 61 22 1 33 67 93 33 50 80 76 76 64 61 9 49 20 64 12 90 11 19 20 75 67 8 92 19 10 3 4 20 65 94 91 96 83 16 27 52 91 28 58 15 40 51 94 81 40 25 66 97 95 49 72 78 52 81 45 80 77 25 5 52 4 28 17 10 76 46 8 61 45 72 50 41 75 80 45 28
59 82 13 36 15 28 91 55 87 43 34 92 27 91 19 4 31 43 31 66 12 2 37 80 45 5 42 88 23 51 83 14 100 30 62 91 26 79 44 76 62 61 49 90 67 27 26 98 66 96 3 24 56 32 3 15 12 95 59 67 28 63 85 36 59 65 73 3 73 82 85 16 99 4 35 1 81 63 42 26
5 17 73 53 59 24 3 18 88 26 76 57 36 45 15 99 26 25 75 95 19 97 78 95 10 37 86 42 82 78 74 83 68 80 43 59 42 24 99 16 6 10 90 22 27 4 33 38 49 28 50 64 77 43 59 80 85 50 89 55 55 100 40 30 45 11 39 18 26 46 80 81 84 35 60 11 54 68 42 84
92 77 55 3 7 77 39 81 73 85 75 75 90 46 85 87 63 72 91 42 32 90 24 23 9 26 78 60 54 43 100 81 95 16 94 4 56 42 45 84 35 78 66 56 46 3 75 36 12 86 67 57 22 72 20 33 49 98 29 35 77 18 2 49 49 12 28 97 85 61 2 74 46 18 94 27 26 27 8 75
4 61 66 13 100 10 48 21 54 21 65 68 68 57 39 45 7 60 61 38 67 16 1 25 36 62 27 31 93 91 50 39 97 92 24 34 38 62 93 3 100 63 26 83 9 29 59 61 52 80 76 20 86 11 3 72 44 74 87 94 90 56 99 5 94 99 87 37 65 63 69 67 83 4 8 31 10 68 74 19
87 84 24 100 19 36 31 29 3 66 57 65 43 26 73 19 97 17 76 11 71 54 30 46 22 61 13 67 32 55 23 93 60 17 12 18 69 70 74 59 92 51 82 35 88 15 22 23 17 27 88 23 92 79 7 16 34 55 52 25 56 95 35 5 84 12 15 80 92 42 62 25 36 52 75 43 39 39 76 82
50 42 92 47 40 31 57 97 57 43 71 92 22 43 3 92 66 63 72 41 36 59 98 18 48 95 78 66 14 60 69 67 6 5 57 39 20 38 56 77 86 91 35 20 54 12 29 80 41 60 3 48 63 24 43 67 24 18 18 6 94 79 85 44 89 29 20 40 35 4 62 68 84 100 66 56 87 36 100 11
87 26 9 34 79 90 42 13 28 1 53 42 86 27 37 76 2 92 6 51 44 37 37 38 37 25 10 53 95 92 89 36 18 7 28 24 58 73 64 80 51 68 43 94 63 61 73 42 77 44 81 52 36 30 34 24 20 64 4 54 60 91 29 95 78 100 70 72 60 30 4 2 34 33 35 20 74 43 68 69
77 32 92 77 48 58 17 80 16 26 52 96 35 91 23 83 57 67 52 20 58 33 38 95 8 64 17 6 58 38 55 53 62 18 49 32 80 77 22 82 89 67 43 52 63 50 69 10 91 43 66 45 61 7 67 7 86 61 43 39 15 43 15 98 6 89 73 5 24 80 14 29 7 27 92 91 33 74 70 43
96 76 37 68 57 8 93 57 91 94 12 62 53 73 50 54 16 30 12 68 50 7 81 78 17 96 75 11 2 97 36 47 60 72 98 100 95 60 15 40 2 94 68 40 83 98 32 42 29 34 81 53 81 49 76 1 1 30 99 3 45 37 82 94 64 90 25 21 50 99 54 16 33 97 33 5 70 84 20 27
32 78 75 8 32 29 79 71 69 64 56 56 95 1 64 73 63 6 80 38 47 40 5 82 4 66 4 46 51 14 50 30 66 24 64 65 57 16 64 76 4 26 18 18 24 69 26 59 96 34 20 76 30 34 93 83 95 42 38 46 43 36 46 63 10 89 65 70 32 77 77 22 10 21 25 4 7 37 17 79
89 83 81 41 8 1 88 16 71 27 67 55 2 69 61 65 72 40 17 30 32 61 21 6 10 64 59 90 81 48 49 76 46 1 73 80 24 36 56 87 8 32 10 20 59 58 41 70 20 40 7 83 39 24 43 64 78 8 90 60 91 99 100 7 11 86 77 100 27 2 69 54 96 35 60 8 6 86 26 18
49 23 90 12 56 68 73 14 44 98 32 6 84 78 98 5 48 21 32 7 38 39 47 32 40 2 34 35 79 33 27 25 52 11 49 98 64 8 61 34 48 53 88 94 3 28 21 73 71 100 78 59 9 20 80 21 6 59 20 67 47 66 54 32 56 60 6 75 20 26 48 79 65 69 81 79 62 75 98 64
89 3 74 48 100 51 63 62 60 51 99 51 95 99 40 7 74 100 26 11 94 18 69 30 72 96 3 34 76 49 87 79 64 39 97 95 10 91 83 72 48 56 5 3 44 17 9 23 10 11 1 15 58 29 94 64 22 32 65 100 15 56 21 9 60 33 68 23 61 16 55 12 100 1 50 1 9 90 15 71
15 63 86 88 76 57 12 25 68 41 27 21 37 65 85 59 4 78 45 39 63 49 92 68 14 97 60 100 65 80 22 79 41 59 17 56 27 71 6 41 13 9 8 9 31 85 26 10 100 42 3 36 7 21 91 3 47 68 7 30 96 88 86 86 86 12 46 75 2 32 2 68 27 78 10 60 14 60 1 95
54 78 54 79 52 27 70 68 72 98 42 77 28 61 96 22 14 25 55 34 41 40 3 24 54 68 97 8 100 78 37 4 67 69 7 94 77 37 38 8 86 40 15 49 36 65 33 25 84 43 12 90 71 61 63 65 7 79 11 42 39 34 73 58 22 12 22 85 42 99 77 58 67 76 27 56 60 40 60 20
66 52 58 60 81 81 36 4 47 77 4 71 76 8 91 14 38 90 52 58 68 31 75 59 13 13 96 10 43 41 19 71 33 87 66 45 26 29 60 7 9 93 2 65 8 15 71 17 30 63 79 32 19 87 97 62 62 64 8 5 65 3 65 66 65 3 65 29 72 19 27 8 33 20 22 18 35 29 74 11
50 5 70 38 56 92 30 8 25 13 9 59 72 14 30 62 13 84 56 81 80 71 77 81 47 5 11 71 97 17 16 8 88 100 9 56 2 45 96 92 14 6 52 31 11 29 57 93 89 40 63 96 68 7 13 89 62 93 35 87 81 93 77 58 38 79 40 88 35 20 88 75 88 94 49 87 98 41 62 22
82 78 49 3 84 9 53 100 40 46 38 79 92 44 65 60 30 88 69 92 13 17 6 55 93 23 11 9 59 89 45 41 48 77 65 40 63 23 82 60 23 90 73 48 97 48 81 84 60 56 25 20 78 52 64 24 35 66 76 48 8 40 21 94 48 4 2 5 72 79 91 23 58 39 60 11 98 43 73 41
65 87 35 51 45 30 12 64 6 44 78 37 7 45 83 68 14 63 68 69 50 27 54 3 24 48 95 92 68 36 49 36 72 73 65 67 8 79 2 17 51 48 30 79 8 34 47 40 52 71 25 27 11 96 80 14 4 60 37 13 79 84 21 52 91 59 97 31 42 42 39 68 40 18 29 52 25 72 49 88
20 37 96 75 16 9 100 91 62 43 13 11 34 30 23 12 37 27 77 40 24 4 90 74 18 61 83 75 24 30 41 21 95 94 65 62 88 70 33 67 69 37 85 73 58 80 52 59 11 3 3 73 5 60 36 2 54 72 96 21 14 98 8 56 77 94 32 55 63 2 18 33 93 47 61 41 19 82 28 37
82 55 21 6 62 57 29 10 33 78 78 15 50 71 18 71 48 49 36 76 82 84 28 8 46 69 67 61 17 6 66 27 37 20 5 98 33 79 60 48 89 21 25 24 100 92 68 43 29 73 39 26 45 89 97 93 58 1 49 38 91 97 83 71 9 46 2 40 1 54 27 1 80 23 64 84 98 94 44 22
82 11 66 30 48 86 93 29 12 86 47 84 94 99 71 45 27 51 85 99 92 48 51 87 5 3 87 76 82 61 81 88 53 83 27 21 53 46 24 53 58 86 34 37 59 36 76 10 16 86 12 79 80 66 91 63 60 74 77 6 70 82 77 16 33 83 17 100 48 64 16 81 28 34 10 83 73 17 36 82
71 99 14 90 78 67 22 38 13 81 19 96 39 86 52 68 68 70 87 43 4 68 27 14 93 64 64 28 21 70 64 85 72 48 17 77 56 22 57 46 65 82 99 65 7 54 22 94 3 70 35 93 27 80 29 73 26 2 31 24 16 73 24 30 8 53 92 33 43 68 73 39 46 63 28 60 85 31 11 92
17 94 24 17 41 64 12 64 22 82 100 17 13 62 10 100 70 93 2 98 77 75 65 49 37 78 36 72 56 64 31 71 20 27 66 45 30 36 95 61 43 40 42 12 34 45 79 15 72 99 35 4 79 98 16 76 60 84 92 15 51 66 20 99 47 24 28 74 51 21 69 5 56 74 91 71 52 64 61 73
100 22 83 71 87 74 71 46 83 49 39 57 38 72 25 59 59 55 38 47 21 85 31 90 61 50 30 9 77 71 67 4 61 3 4 29 36 28 93 85 9 56 57 2 93 51 50 34 67 5 53 72 27 23 72 5 79 24 42 69 43 91 94 94 46 44 78 14 8 66 65 13 88 74 37 12 40 78 66 20
74 30 8 15 53 67 26 90 39 7 16 37 9 31 28 61 97 73 62 39 26 15 97 86 79 45 84 13 35 88 49 45 66 96 88 12 85 65 12 15 81 27 18 68 80 44 95 61 5 12 20 62 28 51 21 26 15 76 70 28 30 63 26 10 41 73 38 49 98 97 81 14 63 76 85 44 50 18 3 31
34 97 12 1 90 38 46 57 48 12 26 88 52 83 86 17 58 85 9 80 4 49 27 25 81 96 49 52 96 84 79 35 33 83 26 65 84 19 90 72 73 59 47 96 5 25 27 22 19 34 50 33 57 67 1 21 5 46 28 88 24 13 98 38 74 94 61 14 76 71 17 98 16 11 3 70 69 100 86 90
2 79 39 29 28 28 13 43 71 4 82 88 35 6 88 19 61 95 79 72 97 89 73 34 29 60 93 30 14 81 92 17 83 4 21 24 72 8 44 48 85 9 54 98 29 44 24 23 12 23 38 99 3 49 27 11 57 49 55 70 49 94 49 36 56 13 36 49 54 30 17 66 69 36 41 37 75 54 93 9
40 14 92 75 90 38 78 71 21 83 59 9 20 52 3 98 31 36 49 60 85 89 30 39 57 32 70 25 43 77 100 21 12 55 55 70 11 26 42 37 3 98 99 47 30 30 14 95 28 40 59 29 18 62 54 64 35 15 62 74 64 12 98 37 20 9 92 66 34 94 30 52 65 61 88 56 32 44 56 58
1 29 23 35 44 79 87 95 68 52 50 44 53 11 21 1 56 99 29 37 33 47 64 71 85 11 41 23 6 14 7 5 3 34 31 35 24 54 33 93 79 75 8 19 19 13 65 69 55 42 41 4 49 71 88 100 98 35 64 44 40 84 51 23 48 77 38 74 69 7 39 94 86 92 91 77 68 64 97 94
26 51 2 3 35 75 48 22 64 22 100 50 6 41 66 95 94 14 20 28 60 20 47 14 58 16 47 53 33 13 74 9 14 21 5 88 2 57 81 39 22 54 52 28 58 26 9 5 81 30 78 20 5 27 14 13 98 68 52 81 45 36 71 67 65 27 37 58 13 14 15 33 51 43 32 30 66 24 71 87
25 39 24 42 24 34 24 6 69 3 86 9 65 73 36 31 15 9 88 72 22 95 7 47 6 60 32 92 51 58 51 32 52 91 36 58 72 60 76 84 71 61 48 30 79 5 20 7 49 33 73 44 62 77 42 70 86 12 61 99 59 78 55 62 93 93 3 14 19 81 43 35 3 17 5 69 94 21 39 72
94 55 2 38 63 36 57 50 30 65 25 7 33 85 55 61 84 46 3 29 54 11 62 47 40 88 21 51 68 21 90 90 15 25 83 31 91 61 10 63 78 28 83 36 24 45 96 29 61 56 56 21 78 84 75 72 52 64 14 87 56 26 52 58 81 82 4 15 51 5 70 100 28 83 64 69 28 53 16 38
4 88 75 96 14 73 95 90 92 37 14 65 67 86 3 6 100 9 13 35 74 6 68 14 78 27 1 29 35 75 22 67 45 14 90 27 69 26 24 54 77 48 78 53 79 20 28 10 40 99 95 51 23 32 99 48 51 35 85 46 4 83 32 24 18 72 83 84 92 93 94 31 24 97 23 70 65 82 98 76
93 4 51 22 41 2 53 22 27 33 22 33 82 90 50 19 38 61 62 94 98 51 14 97 13 73 38 46 96 46 96 75 35 4 7 87 48 40 72 79 94 52 51 7 18 41 80 35 69 88 24 57 83 13 7 47 69 32 23 36 60 52 38 89 73 13 74 22 22 60 25 38 90 81 82 35 57 59 6 66
61 78 99 57 72 5 69 42 16 2 14 24 54 78 9 59 56 32 16 74 58 26 42 45 100 20 91 9 49 99 53 58 33 45 25 41 19 93 15 78 32 24 5 78 63 96 38 33 64 88 99 6 5 7 33 3 2 60 90 24 53 42 98 86 26 8 25 34 71 67 90 76 3 89 48 58 79 11 36 33
5 19 13 59 30 65 15 35 5 44 12 34 33 26 95 20 30 75 64 55 48 34 74 52 9 61 26 54 32 3 56 51 6 90 100 93 35 91 28 37 74 47 10 42 79 56 10 83 55 3 63 98 53 27 39 91 96 5 14 59 86 96 57 37 10 87 27 51 33 94 98 47 46 65 23 88 32 61 20 2
41 13 66 94 37 35 96 81 65 54 92 39 66 47 70 73 50 52 64 45 98 50 29 42 52 44 38 30 54 48 33 89 72 11 76 79 71 65 38 61 89 56 68 74 45 54 32 94 19 34 22 66 83 47 53 69 62 21 49 43 69 28 19 85 73 87 78 86 7 59 3 91 67 16 21 38 55 43 10 98
25 85 27 75 41 35 69 93 72 56 25 80 68 37 66 76 66 88 36 81 27 68 9 36 22 86 17 89 77 98 27 61 9 46 85 10 73 54 23 29 47 99 29 54 34 83 54 81 39 59 27 96 71 36 63 55 34 87 50 44 15 53 90 77 99 84 3 31 36 18 5 38 18 4 45 99 13 64 21 9
15 88 23 54 91 13 68 45 68 80 68 24 10 16 6 62 93 95 84 59 30 71 28 57 51 58 33 14 20 45 90 32 3 86 55 15 60 41 37 80 93 5 18 97 65 74 82 62 10 26 35 35 11 32 56 85 25 52 88 8 70 85 11 89 95 93 8 98 44 67 61 12 59 74 26 10 31 22 96 41
76 98 3 53 98 50 51 75 18 36 86 12 77 49 70 15 28 4 72 35 12 95 26 38 100 20 100 98 52 79 13 1 94 51 17 75 67 28 94 82 37 58 26 41 81 81 15 82 17 70 38 87 96 65 69 30 58 58 90 69 3 50 8 71 8 24 69 2 2 6 65 8 76 62 22 63 22 94 5 64
24 67 72 68 22 75 100 4 50 86 90 84 96 53 74 76 25 33 40 75 99 67 52 51 19 94 32 67 82 29 51 62 96 5 66 3 64 72 18 83 34 66 29 63 18 28 98 76 17 73 67 75 29 62 65 53 93 71 11 98 12 12 79 37 71 89 67 54 20 35 33 20 38 43 52 74 41 2 72 62
77 43 50 93 29 31 45 4 97 34 43 33 43 16 97 82 69 14 49 43 50 56 2 63 32 87 73 92 99 27 51 76 19 78 4 86 94 29 80 2 47 3 1 2 12 53 3 26 85 31 40 17 28 95 100 52 89 79 100 52 36 27 71 36 40 34 84 90 18 84 34 65 9 22 36 70 35 84 48 16
88 49 27 41 22 93 4 30 72 1 60 87 90 9 75 94 48 58 72 27 40 66 81 14 35 29 51 30 79 11 34 6 80 4 32 32 19 53 44 52 84 65 27 20 2 21 44 11 52 8 56 26 29 20 63 74 58 94 92 34 19 57 47 78 7 44 28 31 72 16 43 100 91 13 12 61 95 22 77 71
100 91 80 19 19 20 72 95 69 67 86 30 88 36 69 55 52 4 90 99 49 54 32 89 45 70 59 67 9 61 62 11 62 65 74 98 14 36 69 29 80 15 8 50 85 42 73 34 46 30 36 90 95 55 94 44 76 35 64 39 98 71 8 61 90 42 11 53 74 35 11 48 40 58 33 66 7 19 32 39
88 17 17 70 65 56 92 23 60 91 85 20 68 92 10 62 98 83 41 74 39 56 88 28 77 23 92 4 38 95 18 38 54 23 99 50 63 77 48 98 23 1 3 23 49 83 81 39 12 84 20 35 30 42 82 15 38 93 97 82 26 15 89 93 84 23 45 98 78 88 58 32 73 50 5 50 52 19 90 97
35 17 70 89 72 4 12 42 15 67 82 63 48 90 65 4 35 33 26 10 9 85 94 71 13 93 37 8 79 6 54 100 42 99 74 10 31 15 98 79 65 18 51 94 12 17 33 58 7 50 2 26 78 84 6 1 6 8 25 14 99 25 98 81 38 71 3 44 64 10 14 82 76 63 41 57 64 9 71 37
86 89 45 55 11 85 54 94 84 80 23 32 3 89 89 21 62 42 24 47 95 8 98 89 79 33 89 97 37 37 26 57 73 38 75 100 60 32 48 2 30 85 51 35 47 20 97 60 38 3 50 10 22 79 37 47 10 63 54 62 67 36 96 12 35 89 76 49 78 35 56 57 75 99 88 51 3 71 9 72
8 96 87 19 92 80 61 15 80 77 34 49 8 63 75 73 22 12 86 87 62 100 50 67 57 87 5 91 36 40 49 83 45 52 60 60 47 47 88 34 57 61 1 65 28 75 84 39 3 33 17 87 13 99 29 91 10 57 25 32 26 64 9 75 36 50 16 36 74 53 10 35 79 68 71 28 17 54 89 93
54 42 62 26 67 98 56 36 80 11 96 86 19 98 25 97 52 33 11 10 74 46 42 67 32 75 72 17 54 14 42 19 91 68 69 64 55 13 35 5 18 75 40 87 81 24 36 79 49 98 21 1 9 3 50 29 30 46 28 3 67 79 25 66 12 64 16 70 1 38 12 20 74 20 53 96 36 3 23 81
53 96 8 19 18 56 41 13 39 24 90 45 77 59 6 50 13 4 71 31 46 18 3 60 5 4 58 31 13 34 27 89 46 10 24 30 40 32 26 9 72 14 25 41 59 18 48 71 5 48 65 81 56 40 93 60 27 49 67 48 6 97 48 60 61 99 69 1 34 77 86 14 87 1 74 58 33 20 25 51
60 100 77 64 90 72 7 55 63 66 29 52 66 6 83 25 67 86 19 52 91 54 97 46 99 3 2 2 80 38 22 69 28 34 20 18 78 44 100 50 94 47 65 70 12 85 8 21 86 16 86 45 50 39 6 5 92 11 52 92 79 11 9 89 32 87 68 1 48 20 59 17 36 12 79 57 15 61 65 43
9 81 36 78 56 6 48 55 72 48 35 8 34 51 50 20 1 18 93 35 83 25 44 66 13 40 96 30 20 34 23 28 54 49 28 29 77 16 14 44 69 25 40 78 48 56 59 40 70 13 42 82 77 47 57 58 8 59 32 47 55 38 78 17 55 46 61 2 9 100 60 8 12 4 1 81 30 83 100 6
78 89 37 62 82 19 19 26 71 13 93 23 67 71 61 46 54 49 10 8 45 58 64 4 20 27 34 12 79 38 18 46 43 54 19 33 32 99 23 1 52 86 36 5 18 66 39 16 96 55 94 30 5 2 37 74 70 1 42 58 57 5 24 8 5 1 54 60 99 78 76 5 12 100 73 17 18 30 40 64
50 31 97 89 99 30 11 14 41 19 2 69 69 37 23 58 58 13 81 56 89 76 53 80 8 7 72 42 69 8 91 56 77 29 80 18 16 44 77 41 34 83 76 84 64 50 89 98 81 94 7 25 73 18 50 1 47 14 60 24 98 78 69 28 73 96 94 21 81 40 10 55 34 86 30 57 22 53 49 28
66 44 52 13 80 25 29 41 52 92 96 31 73 10 59 5 56 47 51 3 54 93 86 24 46 68 13 8 98 91 9 35 45 12 20 29 48 96 24 55 78 34 4 12 10 85 1 48 90 22 64 72 69 85 19 37 97 92 2 45 24 43 17 10 49 37 74 38 51 24 4 40 61 18 38 100 68 75 48 80
94 52 51 48 97 27 59 81 72 33 63 54 88 8 99 15 72 47 98 27 45 9 61 8 82 62 4 7 86 63 45 30 38 94 75 78 7 7 35 94 39 70 3 54 82 66 50 25 83 31 83 74 96 14 7 37 10 67 79 100 91 76 24 34 76 45 55 5 95 99 47 51 36 88 64 6 36 58 35 69
86 10 34 3 100 99 45 58 69 96 48 78 45 96 45 3 38 56 9 72 38 50 57 42 31 41 47 99 38 71 27 23 32 58 29 73 95 96 75 51 61 65 62 21 40 72 31 68 6 56 82 72 50 85 53 37 74 7 85 50 87 90 26 67 55 20 90 60 92 23 37 67 15 81 66 28 71 71 9 12
69 7 96 2 64 78 76 52 65 8 77 6 98 46 30 34 93 96 5 14 36 76 97 2 52 47 26 83 25 67 73 96 86 4 49 16 20 13 39 21 95 29 34 41 80 5 25 36 53 48 58 31 7 34 18 18 51 68 74 15 8 68 48 70 33 79 61 27 76 76 4 70 19 99 25 5 74 39 81 92
14 72 25 23 41 71 100 5 30 12 43 58 56 47 35 41 58 43 87 79 91 18 75 42 66 53 49 34 16 9 21 79 70 3 31 2 20 85 85 10 82 19 84 51 79 27 28 74 92 73 19 81 66 28 78 58 65 12 14 53 75 31 35 26 90 33 23 39 23 26 44 98 31 33 38 55 22 98 50 70
37 63 57 9 84 32 22 63 26 3 66 10 69 42 59 65 1 22 1 24 54 95 79 18 60 81 80 91 31 97 52 49 81 4 26 20 74 36 71 2 71 43 2 71 24 50 12 76 26 23 52 11 2 41 73 32 4 24 13 38 18 50 54 12 93 61 9 23 56 91 60 73 81 13 99 69 52 1 12 34
99 54 59 95 78 35 47 97 67 88 52 8 5 99 62 8 79 37 17 26 11 5 30 12 25 70 76 91 60 17 42 91 36 53 67 59 89 39 96 51 99 60 95 76 83 69 21 6 15 42 59 39 90 3 56 50 65 44 66 28 64 81 81 13 33 74 77 93 47 3 38 10 87 49 61 41 92 60 84 72
57 83 38 25 58 1 52 90 53 55 55 100 84 85 82 97 74 56 72 59 52 93 18 84 100 71 40 17 70 3 59 15 36 86 32 42 22 17 34 28 31 89 99 32 70 50 94 20 78 72 66 65 88 54 17 21 3 51 82 24 8 12 10 86 83 86 95 88 5 64 71 82 32 19 29 78 17 38 4 97
50 69 19 31 98 10 72 22 88 37 99 72 71 27 49 64 41 90 24 38 10 57 91 33 2 66 77 5 11 86 79 9 25 49 21 47 10 54 67 91 58 93 46 33 18 97 51 67 61 12 24 66 84 37 87 85 56 70 25 40 98 80 54 76 20 20 54 8 24 26 2 97 59 53 42 37 14 9 28 69
82 66 21 9 54 16 64 32 89 17 92 30 54 56 66 77 100 86 1 62 15 98 66 12 56 4 25 76 36 62 73 67 41 88 33 73 38 64 21 54 90 44 45 52 89 87 83 5 29 52 93 74 49 16 35 78 3 37 96 52 35 87 24 59 64 5 92 35 62 58 60 69 7 45 41 62 38 69 99 93
80 37 36 1 9 8 4 68 83 8 86 88 50 1 56 74 64 90 100 46 63 49 96 50 23 78 84 1 21 93 89 11 14 92 55 96 14 26 41 69 71 41 43 1 87 54 45 32 89 14 46 32 46 54 63 48 59 63 88 52 96 14 90 12 43 55 25 19 92 85 73 18 8 11 18 20 7 11 79 15
35 29 16 67 95 7 51 53 40 13 7 69 81 27 12 43 85 39 80 55 45 70 13 94 20 1 45 91 100 82 34 10 88 10 84 49 6 77 84 80 54 26 13 41 45 98 72 42 18 1 55 41 11 77 72 71 94 46 45 5 27 3 37 50 55 80 3 32 18 75 42 31 8 3 92 55 65 97 76 19
25 90 8 81 58 41 88 47 26 78 78 32 70 98 52 51 94 55 16 72 78 86 29 92 40 85 6 26 54 46 91 78 29 4 71 48 84 45 53 75 22 59 80 66 29 6 59 92 6 71 40 48 9 88 1 56 100 79 78 22 17 93 20 37 67 67 44 57 24 25 68 37 2 18 75 31 93 87 99 73
15 42 24 15 28 6 27 81 61 12 59 98 91 98 41 95 11 38 57 81 58 67 58 45 53 43 98 6 93 36 1 68 95 10 38 21 39 14 87 53 94 33 9 19 25 77 89 85 92 62 82 27 73 92 48 39 63 19 97 18 33 38 34 48 37 20 44 64 42 3 12 44 2 45 10 79 83 86 75 45
19 77 7 56 47 44 5 99 81 98 12 42 82 72 48 55 54 71 99 5 95 91 13 73 81 17 28 63 93 53 76 100 46 11 30 72 86 29 2 38 48 51 40 10 9 38 99 59 77 69 48 51 33 23 99 33 42 60 6 52 52 60 91 43 73 32 53 35 70 88 44 42 13 19 95 15 59 30 81 98
11 27 91 45 11 77 95 46 30 46 83 92 26 49 13 54 95 26 74 93 75 61 21 75 67 70 60 92 70 44 31 32 48 71 4 80 73 57 92 65 30 89 57 92 25 51 3 88 97 43 81 100 45 58 76 11 38 64 62 79 59 63 84 2 93 14 40 75 100 76 96 47 36 84 1 49 36 9 24 61
29 52 38 94 89 100 78 58 28 15 22 28 70 7 57 63 77 97 32 8 45 35 39 72 76 76 70 99 23 59 69 21 56 8 93 44 68 11 62 44 47 23 29 42 95 80 37 48 39 69 50 25 12 80 43 75 70 96 33 85 13 71 49 74 47 89 96 57 73 86 90 23 48 89 53 94 47 36 70 35
17 3 9 17 49 28 24 99 61 71 93 49 65 74 56 66 76 70 67 97 81 36 32 17 90 54 3 53 83 53 40 21 68 51 8 50 94 54 51 73 85 54 4 80 52 54 57 9 3 73 51 11 36 13 51 29 64 84 75 33 46 99 25 87 31 89 34 88 70 55 24 2 58 65 20 99 80 52 29 10
92 13 47 50 80 57 74 36 48 26 26 50 44 91 88 21 69 98 56 81 94 13 32 49 96 31 17 24 85 81 3 80 13 94 45 90 25 45 88 2 42 58 64 71 34 23 52 97 43 98 35 23 8 88 83 38 16 79 44 68 96 28 3 43 20 83 14 74 15 36 15 10 51 16 34 67 79 17 33 9
36 71 31 52 60 96 71 99 67 56 98 57 32 88 11 54 31 52 82 100 44 20 73 9 52 56 63 47 77 56 44 53 34 71 74 21 84 53 25 90 94 87 75 14 50 7 70 79 3 86 84 97 52 17 75 44 22 71 90 27 7 9 16 81 69 21 51 59 63 1 15 74 41 76 56 54 68 25 31 3
24 26 12 3 26 37 42 8 84 19 34 86 52 68 65 3 9 89 67 28 24 45 6 54 89 66 17 34 28 80 75 94 46 14 50 77 77 20 3 81 78 61 11 57 70 31 40 16 58 41 54 76 20 24 79 91 33 66 90 12 15 68 49 45 33 44 53 79 35 20 55 1 62 87 59 74 81 66 100 65
65 82 47 4 50 13 100 17 45 33 56 34 5 65 8 83 37 90 12 71 98 92 78 60 14 83 59 73 7 37 22 12 69 8 53 9 56 56 27 50 85 71 70 96 5 91 52 76 26 99 57 14 2 12 34 52 46 75 94 75 83 86 55 99 83 60 22 50 30 42 54 91 90 53 79 12 35 27 15 84
10 44 39 20 44 84 72 67 89 45 72 41 61 36 100 52 53 77 71 72 66 52 63 21 4 73 38 18 88 46 74 67 11 85 62 29 98 1 39 65 73 6 94 10 21 48 91 6 27 26 24 56 15 53 76 18 31 63 1 5 54 2 82 75 64 52 83 4 69 40 78 19 44 65 33 1 36 56 98 84
27 43 69 96 61 36 83 7 86 44 78 73 72 85 22 19 40 91 64 13 53 39 43 75 71 13 90 97 100 70 15 21 70 69 49 85 100 3 25 62 48 16 46 40 86 47 23 23 10 44 91 81 71 69 73 6 48 66 64 95 69 17 53 46 30 32 32 85 13 5 16 43 66 81 72 1 95 94 15 47
94 85 24 85 75 97 55 22 43 19 94 7 29 30 97 71 21 34 49 40 48 65 8 9 37 89 26 10 99 44 84 31 22 4 13 43 35 54 42 80 76 81 29 49 22 81 36 68 81 81 40 23 49 82 1 1 66 81 14 81 19 42 35 22 40 32 78 66 65 84 79 75 11 91 36 14 24 47 34 18
31 32 22 88 23 47 54 17 22 40 94 82 89 38 44 73 68 34 34 59 60 58 55 20 60 62 27 86 59 76 86 20 74 62 38 96 87 2 20 96 44 90 55 21 32 95 6 18 91 47 38 18 2 65 30 37 49 7 73 80 24 12 38 87 61 75 66 92 90 89 7 69 34 35 66 78 48 52 36 35
2 94 81 82 38 11 48 5 47 66 39 14 68 55 23 13 74 31 89 30 40 2 76 62 27 3 8 75 93 94 84 49 21 38 33 99 68 62 55 27 15 36 62 83 41 66 80 28 53 34 1 3 5 65 16 22 61 36 40 1 47 55 41 61 23 86 67 69 11 81 6 95 39 98 88 26 6 5 27 56
41 1 27 76 72 84 39 84 19 72 26 34 66 77 27 89 74 74 22 9 55 16 83 50 46 25 4 60 23 9 5 31 77 73 49 68 48 1 99 4 81 26 40 80 98 15 5 79 49 25 11 49 37 3 93 4 60 95 2 93 25 77 14 39 81 2 23 68 64 5 64 95 48 46 27 46 96 53 57 94
71 75 46 34 95 43 67 41 22 78 60 64 63 66 20 20 81 75 43 33 14 77 92 87 50 26 11 24 93 83 71 93 58 72 97 60 54 22 24 67 24 86 65 52 19 11 62 15 61 95 98 63 26 94 80 72 61 82 9 86 80 44 90 18 82 13 52 52 44 27 37 33 34 85 17 23 25 6 68 33
38 13 100 51 24 64 73 1 84 29 40 55 59 54 80 24 54 37 80 86 2 43 24 52 45 61 52 61 12 81 8 53 67 93 52 33 34 7 69 19 56 46 73 35 27 13 55 79 13 84 17 79 60 6 53 22 18 26 54 4 42 12 65 33 100 30 23 13 42 91 40 88 81 34 24 2 25 14 12 49
42 38 6 66 86 76 15 32 6 86 53 28 11 43 93 39 13 1 33 62 28 74 78 71 17 4 29 24 48 70 65 74 5 62 65 8 48 26 11 86 52 9 68 99 86 54 18 58 34 72 98 97 21 44 80 85 67 87 43 87 58 49 59 8 78 84 41 81 80 63 39 100 73 90 54 24 86 52 58 1
68 90 29 62 75 84 11 3 97 85 3 18 48 16 8 49 23 36 51 80 87 38 18 36 99 32 78 63 98 82 65 15 22 36 99 3 31 93 38 44 25 61 31 91 59 73 31 85 68 76 92 41 89 67 85 78 8 49 38 25 77 61 37 45 13 31 55 11 66 90 66 64 44 12 86 59 41 13 82 18
51 25 66 21 44 82 9 16 78 10 51 97 44 41 35 36 10 51 27 56 88 58 85 71 68 22 71 86 72 33 1 46 49 43 100 11 19 68 45 54 27 36 93 48 65 16 3 33 59 84 21 77 10 21 37 93 26 55 18 32 99 29 52 91 62 40 75 51 50 91 38 18 47 44 48 62 91 81 11 87
17 5 7 100 61 67 95 39 55 15 75 57 30 27 7 91 60 60 88 29 3 75 13 23 65 77 82 17 42 61 3 17 54 96 62 68 100 72 52 11 46 27 52 6 99 92 67 57 9 6 28 78 7 86 14 9 4 26 83 97 56 72 100 23 32 23 9 54 43 48 72 67 27 61 35 39 8 36 21 66
22 61 27 43 94 41 100 15 1 76 28 26 67 4 27 18 73 86 88 81 11 42 79 43 78 30 12 49 14 78 15 33 23 41 79 41 49 98 88 91 89 100 31 94 59 89 17 11 65 42 62 42 46 99 94 91 55 42 3 85 32 51 41 73 4 26 74 89 57 15 19 16 58 74 63 51 14 59 26 42
91 63 58 81 100 90 35 89 52 49 91 58 49 36 12 39 76 47 50 86 85 60 81 94 95 17 57 65 30 13 62 44 22 68 40 45 87 99 100 51 27 76 91 42 19 1 78 27 5 31 76 52 93 74 16 61 31 43 19 35 5 64 69 14 60 87 2 82 62 58 78 4 49 9 39 46 69 5 19 78
41 75 49 90 62 96 83 98 73 65 15 3 58 34 5 19 63 76 49 40 9 82 6 56 13 37 62 67 37 5 16 41 60 12 61 21 53 81 12 68 30 87 98 38 25 96 99 54 71 76 30 43 56 6 35 97 45 14 83 48 27 78 64 21 45 5 60 17 90 5 41 21 11 91 76 85 59 5 59 50
8 22 72 98 68 44 10 30 54 35 49 93 12 18 49 2 98 6 65 49 62 67 65 18 26 72 55 79 26 5 30 17 68 74 48 7 45 8 57 39 88 10 24 57 79 97 62 43 21 62 59 31 97 27 34 96 37 32 42 99 70 30 39 74 35 97 53 42 1 12 69 100 90 76 55 65 21 81 6 75
38 44 66 75 76 16 86 56 12 75 16 42 38 42 56 56 25 52 24 25 46 5 89 76 76 100 4 70 86 41 65 44 62 23 9 61 89 54 75 86 79 93 49 59 96 89 7 44 30 84 66 82 14 17 59 34 73 73 95 99 10 90 1 36 9 78 59 8 84 39 49 55 50 63 45 27 21 90 81 82
4 98 35 79 82 70 27 92 35 13 52 13 44 52 64 17 18 52 81 72 91 87 40 71 56 8 62 49 57 79 59 48 19 70 96 64 49 88 1 46 6 76 89 57 74 60 66 55 48 23 79 40 71 57 26 61 54 12 88 93 11 39 92 37 22 3 18 80 5 80 26 37 36 47 5 10 85 64 62 62
22 7 54 45 21 49 42 87 21 86 29 70 85 8 5 67 91 79 53 31 65 25 38 20 46 23 5 4 11 60 64 64 90 97 69 31 6 39 16 19 72 48 66 29 32 83 28 11 90 63 16 10 15 82 19 33 60 9 82 12 52 3 37 64 55 62 25 94 8 65 78 70 77 89 59 60 63 9 24 22
88 60 100 17 51 55 74 50 99 89 41 3 20 58 12 73 12 79 51 82 82 47 41 47 17 36 56 69 46 30 90 99 35 60 3 92 1 77 85 77 52 16 72 53 83 97 57 67 54 12 75 53 39 11 13 55 23 39 10 75 30 64 58 48 5 67 34 17 32 100 74 23 32 82 49 61 29 45 24 68
59 82 63 44 99 54 38 66 44 60 38 71 25 34 8 48 23 63 48 26 87 56 26 100 43 8 57 62 86 90 78 10 31 9 25 7 58 93 80 83 100 70 77 73 86 42 44 99 15 96 5 67 88 32 28 96 22 53 3 33 66 17 23 52 3 16 59 69 15 100 16 74 23 48 52 82 41 84 44 55
18 92 46 21 99 4 34 92 80 39 6 59 82 38 9 5 99 71 29 5 72 40 82 75 16 4 14 85 48 23 66 38 35 87 53 71 58 47 3 24 78 34 67 61 87 80 60 13 52 49 100 39 99 13 87 82 16 37 2 79 95 66 42 39 96 34 2 5 51 95 13 33 8 16 78 86 100 7 53 97
42 51 61 18 29 9 50 21 83 100 83 5 15 27 69 16 1 63 6 1 59 78 15 76 32 83 84 64 26 2 78 42 94 92 4 27 53 46 19 60 45 60 23 90 78 51 1 70 66 57 78 58 9 3 70 34 25 16 26 12 47 89 87 69 47 80 30 98 8 47 39 17 99 41 38 57 41 43 68 34
13 77 30 47 86 73 10 98 33 30 93 67 85 17 73 24 18 93 15 75 17 27 1 55 97 68 86 57 8 18 1 75 37 64 20 12 99 99 33 33 11 93 24 89 33 6 43 16 16 72 64 69 36 27 92 37 71 63 61 62 44 51 21 11 60 44 39 54 20 12 89 80 39 3 54 79 26 72 86 57
40 40 74 68 78 72 52 75 33 78 18 98 5 59 68 63 93 31 73 80 76 18 92 80 71 64 27 52 15 10 71 2 45 86 90 15 72 86 90 18 59 33 4 21 18 44 8 68 32 39 4 99 28 86 54 86 30 57 80 74 71 89 8 34 54 37 31 57 48 36 33 37 61 21 35 86 48 1 9 93
83 87 47 97 63 51 88 89 64 68 33 75 66 49 81 22 78 61 13 28 53 11 12 87 63 52 13 41 6 24 15 89 6 55 3 91 24 12 62 65 65 72 73 45 84 22 79 21 30 57 89 7 30 53 8 95 22 9 45 18 5 16 1 74 69 76 90 83 2 68 26 11 90 54 12 3 50 28 12 3
25 45 14 66 19 33 55 30 34 13 28 65 55 43 94 98 17 92 41 28 54 100 3 42 23 14 34 57 41 9 2 22 9 55 29 9 58 35 81 78 39 9 1 44 52 15 17 22 38 63 57 58 41 11 66 9 8 69 73 62 9 87 10 36 15 18 37 48 100 52 60 45 100 8 95 85 80 47 58 40
40 78 53 50 59 44 15 5 14 77 43 90 1 98 63 95 46 98 56 12 96 19 75 44 19 22 62 95 20 18 85 46 80 43 92 6 49 52 24 64 47 25 35 38 97 69 84 40 48 60 23 94 89 49 59 38 93 41 62 40 43 98 9 53 68 74 74 54 60 41 86 3 26 1 26 75 56 40 66 77
12 73 23 72 72 57 77 56 22 26 46 100 97 54 85 66 69 74 71 98 49 53 48 38 5 89 30 4 73 95 100 22 70 52 22 65 90 54 38 92 1 98 30 21 98 63 15 48 43 5 27 61 46 48 12 96 35 83 14 66 33 1 9 54 56 47 82 28 54 39 97 39 66 87 9 45 34 41 25 13
11 86 2 41 53 43 10 40 2 73 31 38 44 100 15 25 41 69 80 73 9 4 49 93 29 53 67 84 77 2 67 18 10 37 36 70 79 77 65 11 63 76 97 90 12 71 90 90 62 79 3 53 64 27 3 63 62 65 33 66 79 78 33 27 6 8 31 36 90 10 92 32 18 35 52 84 80 87 71 59
32 77 21 37 84 92 74 39 36 11 62 26 15 88 60 40 66 45 3 71 61 60 97 35 1 86 50 28 92 43 12 1 77 13 31 90 42 96 35 24 55 66 91 45 80 79 9 32 17 66 65 48 33 33 11 76 29 43 15 10 90 8 82 48 94 63 13 80 89 31 9 98 88 89 76 79 50 25 78 91
76 23 39 8 56 71 91 6 2 10 25 26 31 44 45 58 33 30 23 33 55 73 4 73 78 64 57 52 73 28 61 77 72 32 71 79 25 22 44 21 3 78 29 35 65 52 90 63 11 43 47 25 63 68 53 32 25 78 49 19 9 75 93 17 80 61 28 40 88 42 25 50 23 29 4 74 52 70 93 27
37 34 72 67 80 90 42 11 62 97 87 58 21 84 20 30 43 18 10 100 88 65 25 65 92 4 3 76 48 48 9 62 50 7 76 58 52 5 46 14 11 1 31 84 79 59 54 96 7 10 48 63 13 85 97 53 65 16 98 35 3 95 7 53 43 65 65 20 61 19 15 36 30 45 47 17 99 72 15 30
27 15 89 50 50 75 73 90 48 55 86 92 24 68 1 93 59 59 77 28 10 88 62 11 27 85 7 63 6 21 36 92 54 34 53 59 44 55 9 35 56 29 72 87 49 17 89 98 79 75 16 7 3 52 31 88 65 88 11 82 1 69 66 11 91 64 21 38 48 61 42 82 29 88 29 75 50 12 71 42
11 42 26 7 12 37 51 51 22 64 12 81 81 100 38 49 100 28 100 1 54 36 52 4 93 51 42 24 41 42 59 66 94 70 49 96 61 39 82 17 65 63 31 21 24 23 44 84 72 78 4 17 69 88 99 11 11 14 16 19 63 66 83 95 20 31 41 77 32 28 37 21 14 86 40 11 20 3 5 56
88 38 99 2 23 91 2 94 59 25 61 7 96 68 32 28 31 33 77 63 73 59 78 69 59 77 65 49 52 58 12 96 21 95 90 99 80 42 66 33 59 46 99 48 36 7 98 19 32 59 94 58 61 41 47 9 64 28 21 93 9 12 59 44 23 98 7 99 45 7 31 18 12 96 80 43 7 23 62 28
78 8 73 97 48 91 73 56 59 98 94 60 27 65 73 79 55 6 71 18 6 67 10 92 42 60 81 20 73 71 28 87 38 36 33 98 44 60 41 75 49 60 69 9 69 42 89 45 49 77 81 91 57 66 79 99 90 95 32 49 59 4 19 20 32 44 49 24 49 6 31 8 94 31 100 85 72 80 68 17
37 42 36 6 85 42 56 50 97 26 24 53 39 82 65 3 37 99 30 79 62 92 94 75 41 36 25 52 64 81 63 98 36 39 34 42 29 41 82 20 95 1 8 61 21 4 95 72 30 10 38 66 60 62 29 38 92 72 48 69 51 5 24 63 58 19 61 20 4 7 11 98 65 22 31 84 63 33 27 90
65 83 76 94 92 56 54 21 15 75 6 5 3 67 67 20 73 59 64 65 27 68 29 86 9 10 40 45 75 70 59 20 54 47 100 74 46 72 15 54 60 36 60 67 92 66 33 81 100 53 9 4 27 92 88 23 43 78 37 63 93 11 5 45 19 1 25 80 24 10 64 51 2 69 69 46 10 49 93 85
1 14 47 57 28 96 52 67 5 41 46 85 13 68 17 48 5 14 70 69 65 96 22 26 13 19 40 75 86 19 9 26 77 99 13 28 31 6 33 85 86 19 90 44 31 39 87 52 73 44 72 14 14 91 27 69 72 6 53 45 25 36 58 74 63 61 64 93 20 1 90 49 59 79 60 52 20 48 48 77
60 14 73 35 3 98 87 46 84 59 14 10 23 7 56 61 29 61 38 36 8 51 26 91 8 80 97 83 47 25 74 63 52 84 5 92 6 30 22 23 33 35 93 16 55 14 27 15 45 91 92 73 87 9 91 43 5 1 4 74 2 7 39 40 92 62 83 1 3 35 15 33 18 10 5 68 46 12 2 54
38 48 53 66 75 88 56 100 88 98 54 70 57 63 57 53 65 56 65 38 78 29 27 10 34 18 64 29 93 17 59 43 52 92 79 83 92 57 42 93 89 52 10 59 76 59 39 93 95 36 18 63 63 11 74 4 93 81 89 29 93 35 66 81 57 8 91 22 69 46 21 99 56 69 93 90 86 92 71 35
24 87 44 9 36 38 21 64 86 87 41 21 36 92 18 85 73 50 58 10 27 90 80 91 30 5 85 13 41 93 99 46 3 56 67 15 40 73 97 28 29 57 29 9 61 3 35 94 5 28 61 75 21 52 4 64 5 3 1 91 52 89 53 27 48 48 21 21 79 26 59 51 28 73 92 50 74 66 48 89
88 93 36 30 63 66 35 43 84 83 14 77 14 79 24 16 81 61 30 36 98 30 48 95 81 83 50 4 91 89 49 40 31 55 71 56 59 37 61 53 58 76 35 85 57 73 86 97 21 78 5 11 19 69 10 52 94 77 46 77 48 51 31 13 41 54 69 86 75 44 57 62 38 68 43 48 8 63 50 36
3 16 37 9 55 100 29 12 19 41 47 94 64 43 46 60 97 6 68 39 10 53 22 37 55 6 32 4 86 61 50 58 74 40 79 41 20 35 72 17 100 48 85 43 53 98 69 92 12 42 44 11 64 69 3 10 97 28 31 44 89 99 53 94 22 35 27 22 61 82 91 12 98 76 29 84 61 50 37 58
44 3 9 82 16 61 15 37 29 58 52 47 4 82 4 62 92 87 38 39 85 90 33 95 71 20 4 78 43 19 34 61 17 68 82 95 96 54 87 93 90 59 25 53 3 67 22 61 96 65 96 79 88 36 47 8 59 8 46 88 30 23 73 52 60 88 27 51 68 53 39 10 76 96 55 2 25 67 95 85
37 89 83 86 61 54 85 44 21 75 30 32 37 75 28 63 38 39 71 93 2 14 80 33 87 86 14 68 24 34 81 8 77 49 7 8 72 92 31 80 78 24 91 76 66 99 66 32 43 89 41 44 96 33 63 50 53 53 8 11 53 51 18 74 90 45 35 91 39 6 89 50 12 34 34 67 61 96 27 12
66 11 49 17 7 74 53 53 53 62 69 27 75 92 63 85 16 40 98 60 25 34 55 95 79 48 19 34 52 66 28 7 2 23 21 72 49 46 89 54 30 3 4 73 73 12 4 34 30 66 38 7 33 38 99 22 83 95 21 83 57 74 1 15 63 51 98 5 97 64 51 53 20 72 76 58 25 29 19 99
4 53 11 69 92 75 44 12 27 54 20 22 1 51 42 12 31 78 56 66 70 84 53 92 94 12 52 11 61 7 18 60 29 24 77 45 33 80 9 72 99 73 68 62 18 21 67 96 70 96 63 1 99 99 100 78 33 72 32 16 13 82 48 53 74 67 96 52 29 1 10 11 30 83 53 1 58 70 23 30
87 74 37 39 64 42 96 27 14 41 90 23 70 87 82 37 38 68 71 4 59 94 26 39 8 78 40 14 27 68 45 6 24 31 90 59 45 37 28 86 86 27 69 95 36 10 9 100 94 62 54 30 68 36 28 59 57 82 44 44 87 47 2 99 4 88 14 67 2 61 31 15 68 38 84 48 38 68 77 11
8 6 97 68 87 70 12 8 58 40 51 60 54 93 64 94 2 44 59 69 70 65 46 46 93 50 62 26 55 72 14 11 22 40 29 87 20 25 18 68 94 21 42 59 1 13 1 15 40 47 46 99 3 24 22 57 11 72 84 76 62 22 61 13 5 71 12 51 42 13 57 28 24 77 55 23 100 34 91 85
72 89 94 96 7 8 32 22 72 100 75 30 55 40 83 40 71 87 32 77 34 35 99 54 53 82 34 4 31 83 28 62 35 62 76 14 100 80 91 78 67 77 80 47 42 20 4 60 44 83 73 34 99 18 9 20 70 85 59 79 91 64 43 12 68 58 87 51 76 35 30 14 21 65 92 47 63 1 57 55
13 48 92 94 4 17 70 84 78 53 42 8 68 4 76 66 84 3 41 47 60 99 40 18 37 39 44 56 87 8 15 86 81 99 32 74 100 66 13 11 86 63 72 46 30 45 5 91 82 12 95 87 23 86 32 51 25 45 73 53 7 29 62 36 25 19 91 6 78 27 1 99 49 46 22 53 34 41 71 92
42 24 46 57 41 75 59 92 89 4 74 38 96 20 44 72 65 67 66 37 51 99 63 21 74 71 43 71 94 27 87 85 76 47 11 97 62 99 34 97 73 8 23 44 93 9 11 75 87 18 89 46 39 16 48 36 43 18 66 85 24 22 59 42 83 69 46 94 70 76 72 52 17 51 100 48 88 74 46 68
17 96 21 47 66 4 6 37 47 62 25 53 96 40 42 6 94 93 8 77 43 28 90 89 61 74 79 8 9 61 42 32 60 68 11 36 30 73 20 66 89 8 22 23 66 55 84 89 88 15 35 8 45 70 12 77 29 82 90 78 93 89 78 26 42 58 53 51 18 10 69 71 13 68 86 64 30 70 87 83
56 80 59 95 51 60 96 50 50 73 22 64 43 90 26 42 80 55 99 37 95 99 10 62 41 55 34 10 94 71 62 26 34 17 45 85 67 54 86 27 91 96 15 42 64 60 10 82 99 1 84 13 25 33 59 90 72 17 60 71 92 3 17 6 70 86 56 29 32 58 66 73 78 70 70 71 81 62 79 5
52 11 94 87 44 11 59 88 89 79 86 57 10 33 14 88 14 1 97 57 14 17 3 87 27 53 64 24 1 66 19 21 15 2 94 55 46 76 33 98 3 19 46 28 81 86 52 47 55 47 25 3 34 56 9 33 77 64 89 1 7 61 88 48 92 17 86 82 54 56 51 26 20 64 33 35 34 48 21 54
1 92 36 24 59 93 96 79 29 1 26 28 44 13 9 2 33 34 82 71 56 55 22 61 16 97 59 55 11 7 39 46 28 36 4 46 25 62 63 27 31 45 32 39 99 8 64 45 39 37 35 21 76 34 20 6 50 88 45 71 32 17 11 83 36 60 64 93 94 88 55 73 73 92 77 98 1 21 53 36
92 10 95 37 18 2 41 27 99 6 15 45 52 18 45 81 50 83 62 16 68 72 46 34 12 98 9 23 8 26 69 43 58 50 67 28 83 33 3 35 31 30 65 57 64 83 95 5 85 44 61 48 11 45 56 87 7 35 54 91 29 40 15 65 97 43 14 46 11 81 72 10 69 89 92 74 39 46 44 37
89 94 47 71 71 78 66 94 69 4 58 8 69 68 71 12 92 67 39 87 45 10 73 10 32 12 81 51 59 73 8 78 11 11 75 75 90 24 100 30 2 1 43 74 19 71 43 90 77 60 54 70 21 28 61 21 50 4 2 40 44 99 8 92 1 60 33 80 85 9 47 92 8 43 85 3 5 88 32 71
93 44 27 31 27 35 57 22 36 62 100 9 100 4 100 49 10 88 80 66 12 34 41 40 55 56 90 11 41 43 48 32 48 96 51 30 61 89 34 18 87 98 85 5 81 32 15 20 91 65 36 27 94 54 21 20 89 81 55 100 90 44 81 20 58 44 90 33 66 18 12 14 36 66 80 10 5 67 92 16
40 16 56 97 18 67 88 59 69 100 6 34 32 3 66 30 9 13 62 12 98 8 9 88 66 33 34 84 5 24 22 37 80 12 17 6 23 7 60 2 94 94 49 30 66 21 47 71 36 30 26 97 52 65 15 37 67 95 96 16 60 74 35 98 84 62 79 30 61 44 84 44 21 24 49 9 81 92 75 59
13 1 68 46 5 93 88 84 14 62 20 11 8 40 81 8 16 1 82 14 87 21 49 77 73 69 7 66 82 40 52 85 5 2 100 44 38 30 30 30 82 16 67 88 95 74 55 35 64 44 93 51 82 36 45 81 6 94 9 68 86 38 57 29 26 51 48 100 90 5 85 94 50 19 41 21 53 17 58 29
88 74 21 26 24 83 58 96 40 14 17 84 25 46 1 90 71 21 88 24 86 38 90 24 11 22 95 27 96 33 29 85 41 49 64 65 30 15 35 2 79 67 73 16 52 58 48 64 82 95 40 15 42 83 14 45 90 20 29 12 5 92 4 16 39 99 3 67 88 28 93 75 87 82 3 47 35 52 54 91
99 51 56 68 68 75 2 31 73 44 42 1 97 29 10 59 29 55 19 16 23 86 20 31 55 75 96 17 93 44 77 90 27 97 17 99 97 14 59 33 16 59 91 39 5 7 86 50 66 40 51 97 2 78 3 100 80 55 81 48 62 96 89 12 16 4 100 11 47 27 78 67 51 65 15 69 8 7 16 29
22 29 75 16 5 53 86 8 64 93 84 36 63 5 41 8 10 20 86 21 16 97 7 75 76 10 16 94 83 84 84 61 10 35 32 14 17 15 76 10 48 53 35 6 55 37 89 19 15 38 85 49 19 39 78 24 96 88 77 94 93 84 32 5 51 10 91 95 71 81 81 41 14 50 1 76 94 52 19 85
75 77 24 15 91 51 4 56 42 20 85 19 83 32 21 33 41 22 57 90 7 5 27 88 96 67 73 2 78 9 93 24 63 25 47 83 12 39 7 65 68 22 59 41 64 99 6 73 40 97 4 7 18 44 4 70 18 16 11 66 48 61 46 97 94 36 21 46 41 32 28 3 68 26 22 39 89 97 56 23
22 35 91 42 40 3 57 91 19 89 87 84 80 88 7 76 86 36 40 41 55 60 5 24 74 68 75 68 5 70 33 2 47 55 68 36 2 100 78 99 17 26 58 83 70 27 40 46 8 40 22 61 51 41 35 8 59 99 48 63 8 4 77 9 12 5 100 70 70 40 50 14 79 28 65 67 22 38 65 62
29 35 82 53 59 91 77 26 63 57 92 60 64 63 88 52 31 50 75 38 29 4 37 59 83 12 20 91 24 9 57 69 73 88 2 84 24 64 40 76 84 61 46 29 70 36 7 92 48 86 82 16 78 69 18 25 71 98 89 41 98 92 95 60 34 9 85 4 37 89 99 24 5 24 55 83 24 37 67 68
81 49 17 91 88 63 24 95 97 15 84 66 70 11 52 30 37 69 32 59 63 4 54 53 11 33 7 20 48 50 60 57 7 39 51 45 33 64 70 7 73 58 34 28 62 15 37 84 49 13 45 14 37 93 72 82 90 12 26 52 24 4 53 62 55 6 78 54 70 81 43 29 95 97 2 55 69 47 76 11
61 56 5 53 44 18 9 11 49 62 1 99 97 21 87 44 44 78 31 72 31 44 87 68 58 29 92 50 74 53 80 19 98 15 56 34 54 54 30 9 86 64 96 55 10 84 84 32 26 8 78 25 21 84 14 48 17 91 94 21 81 87 90 33 14 69 86 32 50 50 53 45 80 68 48 58 19 88 10 12
3 29 5 68 83 97 50 14 95 98 95 18 39 98 24 31 48 64 78 83 40 96 1 34 25 22 86 9 40 35 63 77 91 95 25 98 28 15 92 65 97 19 52 90 72 51 95 39 20 32 38 38 61 48 77 49 38 55 1 35 91 15 54 7 78 11 29 90 56 34 61 22 3 5 39 23 81 35 17 52
48 80 55 29 71 86 86 93 99 85 4 90 80 67 70 14 28 58 62 57 3 39 45 84 82 97 8 65 62 24 53 37 98 33 57 46 72 90 83 81 82 29 21 60 81 95 18 12 34 82 73 25 90 63 15 94 66 8 31 26 36 56 92 77 54 70 34 79 27 6 38 69 54 30 29 79 17 27 7 72
85 11 48 52 24 98 13 49 10 50 38 26 56 10 48 79 6 51 46 53 14 80 83 83 55 59 69 9 2 2 19 72 96 81 67 49 9 66 24 62 92 79 66 75 62 85 94 72 83 87 70 34 65 11 68 19 17 70 96 27 54 74 16 70 60 37 81 27 69 58 61 36 71 11 55 78 20 72 69 72
86 31 58 93 5 27 1 64 81 41 31 42 84 79 44 34 49 99 74 59 59 6 68 65 54 6 21 48 43 62 64 81 66 7 95 76 95 95 94 98 71 50 85 26 5 11 47 80 48 47 81 65 59 53 7 9 54 11 64 54 100 93 49 73 99 95 91 95 58 60 25 99 55 6 40 86 14 64 74 20
63 10 41 56 67 29 42 85 98 11 86 83 45 31 2 48 41 49 94 84 47 15 23 31 59 68 70 58 65 74 81 3 42 14 60 42 71 91 57 38 30 55 21 55 48 54 83 32 57 73 59 86 65 88 33 69 74 92 94 60 82 13 84 44 4 81 77 4 5 50 77 90 29 9 26 12 85 25 65 66
92 58 31 62 75 11 88 61 8 87 79 90 60 90 51 48 83 77 50 98 8 12 21 69 56 20 64 35 82 19 68 14 44 5 1 46 13 7 65 7 15 86 96 12 70 48 39 29 28 79 78 78 61 52 68 25 34 90 2 68 34 15 82 15 53 89 1 38 51 95 75 26 58 58 13 9 2 60 65 13
57 94 54 67 81 39 41 77 98 10 82 59 44 10 51 7 81 87 12 45 87 80 47 5 85 60 96 43 22 80 52 30 85 19 87 73 42 83 54 75 68 59 46 56 44 80 70 40 18 74 48 54 91 88 37 62 15 92 39 33 12 75 29 89 67 1 85 56 18 19 19 83 67 16 86 82 33 18 96 80
14 69 19 66 88 13 16 37 39 55 49 21 60 13 61 71 97 73 5 85 47 31 51 54 60 61 83 80 7 6 55 100 14 99 19 21 74 18 74 51 55 42 76 6 36 28 52 67 53 62 44 71 17 60 25 51 75 29 84 36 50 85 39 75 51 30 32 90 61 81 44 95 53 41 3 21 58 43 94 99
30 22 75 89 24 1 74 13 73 18 66 30 66 75 24 59 94 87 79 48 60 18 27 82 82 18 94 46 10 81 80 57 5 73 47 56 8 58 55 1 75 21 18 25 48 43 12 37 2 35 61 14 3 100 3 37 62 88 33 15 10 63 76 24 3 37 28 3 6 74 58 85 26 49 64 7 9 3 77 19
15 58 8 49 86 36 20 30 23 73 8 68 10 58 60 45 70 7 36 10 64 64 11 17 74 75 87 59 69 35 38 65 52 91 66 67 65 78 33 49 77 51 62 13 87 65 67 66 50 26 44 63 11 29 65 77 91 83 81 53 28 30 83 22 89 78 9 33 98 79 40 63 50 41 16 8 43 87 87 20
64 48 31 25 66 84 97 91 97 96 39 20 65 59 20 45 90 14 36 99 47 92 61 31 47 90 34 98 19 86 84 83 54 99 31 57 35 44 35 51 82 55 81 99 54 70 96 44 35 86 88 43 51 68 34 7 33 50 22 92 46 14 67 23 28 83 47 26 83 9 70 56 1 44 55 50 60 66 80 37
65 2 46 7 60 93 97 74 10 35 51 86 76 18 76 80 7 17 58 37 31 65 81 51 81 91 24 89 59 27 76 39 12 79 84 91 18 68 29 39 15 92 93 86 70 77 43 71 2 22 86 92 86 51 43 45 34 72 9 84 97 47 91 23 97 8 92 23 84 4 63 27 91 82 32 5 65 50 34 74
41 94 36 3 95 6 42 6 6 87 83 80 25 65 5 21 20 34 26 80 84 21 40 60 36 77 75 19 24 26 10 79 62 26 3 95 9 96 77 92 12 10 34 16 84 79 32 74 58 36 14 79 91 27 82 74 75 50 7 83 96 75 82 35 73 86 39 23 80 10 49 19 90 4 23 68 32 17 94 81
89 96 66 96 68 9 65 87 98 56 39 54 92 6 69 55 58 19 18 63 77 60 64 9 30 44 91 9 42 84 20 10 30 62 84 49 75 51 63 33 27 40 77 49 78 72 29 56 5 79 29 72 11 71 97 88 70 87 69 94 52 47 49 7 52 100 77 21 58 100 66 13 38 24 29 36 42 85 12 83
22 95 71 23 20 2 84 39 77 2 71 72 33 69 82 37 33 43 11 39 75 48 93 51 27 68 19 66 96 46 86 2 95 18 38 81 67 72 91 8 75 90 49 96 45 66 41 2 80 33 42 89 53 67 83 75 21 63 44 3 45 12 75 57 75 33 36 55 97 34 32 94 9 100 13 56 51 66 50 95
2 41 76 78 87 72 60 32 67 50 8 54 18 92 63 99 94 26 40 35 85 55 32 75 74 52 51 69 73 69 99 3 87 15 79 88 54 72 49 22 64 5 61 47 43 81 61 11 41 55 69 95 36 52 8 38 2 99 19 1 21 41 31 44 84 9 71 37 60 95 2 42 54 27 3 48 7 7 82 32
19 41 62 48 49 98 75 65 52 53 70 80 68 43 46 9 41 20 93 67 8 23 16 90 34 90 85 76 80 55 51 74 78 2 40 52 75 63 11 79 8 38 1 7 80 8 27 3 1 74 52 70 64 31 16 1 80 64 11 77 29 30 43 100 30 78 90 2 39 67 6 29 56 69 53 97 80 64 15 67
20 12 21 68 16 93 94 4 37 3 72 34 90 100 96 22 97 76 6 58 89 52 74 87 57 99 66 31 99 74 37 61 29 27 14 58 64 14 35 64 38 62 64 42 3 5 87 74 72 73 9 64 13 39 9 23 13 6 70 2 74 96 23 3 75 3 6 52 26 34 47 21 19 63 2 12 79 82 34 94
53 90 40 26 17 3 26 34 17 65 100 90 91 12 35 59 53 70 17 86 30 84 23 34 93 6 35 15 24 15 25 79 89 78 50 57 18 9 55 28 54 99 19 75 7 34 79 76 14 17 81 7 64 68 68 1 84 66 55 11 99 73 53 46 95 18 64 44 79 44 58 64 38 23 86 100 42 38 99 93
77 24 39 71 83 21 90 51 93 33 55 87 96 6 20 57 18 20 32 30 81 46 68 97 19 61 66 23 26 74 60 40 25 20 99 98 67 39 97 71 84 92 88 71 34 60 31 7 12 80 74 85 43 67 44 53 26 33 45 47 58 10 82 42 8 76 49 1 21 67 88 68 58 26 87 58 45 62 22 59
3 77 78 11 35 80 56 89 20 93 37 46 50 75 22 73 96 94 55 23 82 4 14 17 52 64 71 73 6 42 68 59 42 25 21 68 80 61 57 68 22 88 32 63 49 13 100 86 59 6 76 23 81 76 76 81 89 33 18 9 89 83 68 26 92 96 95 51 29 6 89 61 100 16 40 66 65 28 5 9
96 91 41 18 30 33 17 74 21 92 99 25 99 29 41 38 5 39 60 51 43 90 1 82 53 88 30 60 73 69 53 65 49 21 98 87 60 75 74 71 88 95 23 16 5 33 40 68 71 62 18 89 67 64 75 1 10 62 59 39 56 39 98 9 57 14 98 28 20 81 57 99 100 17 28 2 7 12 37 48
18 42 2 38 33 86 31 10 20 77 29 21 66 67 44 15 50 44 36 49 6 60 52 72 47 13 78 79 55 48 71 64 79 56 15 61 85 41 21 38 8 93 43 57 69 46 19 16 75 31 53 62 10 37 92 24 63 15 29 48 64 84 13 64 45 78 87 76 18 6 42 67 70 87 20 50 6 97 6 86
42 70 42 45 72 11 60 26 49 30 5 18 34 7 83 10 93 27 56 72 88 50 62 2 6 4 3 1 50 41 22 86 100 91 91 84 23 33 20 81 49 24 18 39 15 70 65 80 91 56 85 29 14 64 42 50 25 10 9 62 92 81 84 45 47 89 14 68 23 30 16 31 80 70 15 87 4 39 68 68
67 4 70 2 70 97 40 82 41 35 62 22 30 82 29 84 70 45 24 86 95 5 95 100 21 29 69 11 91 98 14 88 10 87 31 83 71 1 41 42 3 64 3 9 75 98 34 13 82 69 58 15 57 19 46 25 62 35 27 17 66 39 70 78 67 79 35 17 40 64 51 59 25 49 22 18 72 42 79 90
76 81 83 36 28 42 44 26 85 11 32 52 100 56 19 48 25 71 76 13 75 8 56 47 92 67 30 65 26 32 2 86 45 100 22 53 19 47 55 13 49 67 17 11 26 58 83 92 23 62 4 65 50 100 32 16 25 72 16 19 92 19 26 58 42 68 33 44 100 93 69 39 86 45 68 46 36 89 83 80
29 23 39 98 66 45 12 3 35 9 63 83 65 77 74 41 69 88 37 68 36 51 25 26 81 21 55 18 51 37 58 5 86 65 98 45 39 69 26 28 79 43 34 15 4 64 18 76 87 44 71 18 13 95 11 47 54 92 54 60 97 22 20 91 31 47 74 4 24 18 99 61 96 13 91 81 17 38 5 90
9 81 43 40 100 95 100 60 16 1 39 26 59 86 76 73 61 36 84 99 40 17 96 50 59 72 62 48 55 43 58 21 49 10 32 14 60 23 58 54 37 91 52 69 94 83 42 52 61 93 38 73 35 36 46 50 73 79 100 13 34 12 81 64 80 82 91 100 61 36 64 74 25 60 95 90 50 83 36 19
18 79 6 46 88 85 86 88 88 88 87 42 58 22 24 95 19 54 62 88 94 25 80 54 75 47 86 52 46 56 63 32 47 83 57 42 10 96 72 81 45 44 57 97 64 10 25 65 28 8 38 80 19 14 23 14 19 49 96 71 64 17 100 7 3 65 90 48 81 69 13 78 83 82 83 72 66 46 85 58
100 89 1 85 83 10 36 7 27 15 17 58 80 5 4 16 38 98 61 17 6 7 15 96 55 90 100 37 71 100 84 66 33 65 65 96 76 24 34 66 25 76 39 54 31 33 57 70 93 77 90 18 24 24 42 55 6 41 60 71 90 37 45 44 27 25 74 58 54 11 66 81 38 87 14 54 55 97 28 14
53 11 41 16 99 31 34 35 87 45 39 43 58 27 55 34 22 97 32 69 86 81 43 84 76 51 53 56 62 100 42 58 62 75 30 56 99 13 80 100 40 82 72 71 83 16 90 5 35 79 63 75 84 19 8 16 7 97 72 16 29 83 82 89 39 77 19 9 11 98 62 89 8 53 95 46 86 90 58 5
51 85 67 83 33 52 41 17 29 97 82 27 4 13 70 19 52 39 8 19 15 80 96 12 67 35 76 80 95 69 30 12 42 67 76 48 28 61 8 97 46 91 35 69 82 22 67 32 91 26 54 77 26 26 93 40 52 40 20 39 42 7 85 77 28 15 18 32 90 77 18 34 2 93 20 62 9 84 98 70
10 50 39 80 60 89 62 46 13 39 33 38 11 43 91 70 71 74 82 43 88 4 74 43 70 13 84 40 16 56 84 96 27 39 50 93 46 17 8 82 60 42 7 97 19 28 15 86 50 98 48 69 60 52 21 24 41 24 68 61 56 74 90 87 91 44 61 69 69 55 59 23 68 4 39 77 91 9 71 42
26 55 31 17 4 20 15 31 61 98 67 60 44 100 32 79 21 56 5 29 53 40 47 97 69 49 55 5 48 82 71 20 94 36 75 3 6 9 95 94 67 55 97 48 4 85 12 52 88 92 82 96 100 88 35 76 50 93 64 75 21 87 20 37 16 89 47 55 35 31 81 45 97 63 57 56 72 6 48 37
44 83 35 57 19 64 3 99 20 15 56 89 91 100 4 15 90 76 95 23 24 22 73 41 9 5 82 71 15 22 50 35 14 83 35 44 12 61 33 12 17 71 59 94 95 70 14 50 3 48 56 97 59 87 80 87 83 16 67 6 53 17 72 23 88 70 4 4 5 28 20 79 90 32 23 72 52 40 23 6
53 47 9 18 57 95 53 83 93 52 54 69 90 61 10 94 27 78 94 27 92 69 12 44 97 54 78 80 42 9 41 9 39 10 23 35 54 86 4 11 63 51 74 80 6 64 25 31 49 68 100 45 4 64 34 48 76 74 60 29 24 57 1 78 96 30 29 19 86 27 62 94 70 99 12 85 62 19 100 69
87 82 73 6 37 18 26 61 52 9 17 74 31 39 82 46 73 32 10 7 11 35 62 13 45 84 6 30 11 73 56 68 95 49 56 32 71 72 81 4 9 45 51 55 61 44 90 55 5 94 53 8 74 34 55 24 41 91 14 17 69 53 100 45 25 67 77 80 83 42 85 87 90 57 90 25 97 82 34 70
73 85 10 46 79 89 96 60 57 38 2 70 81 93 10 93 100 24 87 44 6 91 72 66 100 54 1 77 3 61 59 56 79 49 75 64 100 28 29 82 12 12 62 64 48 70 72 84 39 42 90 94 14 36 45 92 48 36 22 4 90 48 24 28 88 39 43 95 32 96 15 71 87 3 91 25 27 45 72 62
58 1 50 9 10 80 83 3 57 88 79 94 56 12 76 85 41 59 8 65 93 48 1 38 49 52 86 25 4 66 44 69 88 87 44 9 43 42 55 49 56 50 58 60 52 97 48 76 64 39 73 80 20 45 82 45 22 99 69 68 78 89 82 48 6 4 24 62 84 1 11 67 64 30 3 86 13 96 7 60
27 27 64 73 37 11 31 51 81 95 18 75 72 51 69 6 8 10 100 50 85 5 88 58 66 68 93 94 66 26 97 73 81 89 32 16 72 78 64 60 61 94 22 61 3 61 2 72 30 42 73 66 35 22 67 71 68 88 13 61 6 24 70 70 52 35 59 4 39 27 65 81 58 7 7 63 6 94 81 88
4 95 72 72 22 78 49 60 36 35 84 71 93 60 38 52 43 82 80 12 51 1 56 5 95 92 32 60 96 61 54 67 30 21 70 77 26 26 1 86 11 72 15 52 15 81 8 19 86 32 25 69 49 55 72 46 82 91 30 96 6 56 78 87 76 62 90 59 97 30 38 63 79 41 62 20 73 42 9 61
96 99 24 15 90 35 28 86 99 55 74 81 69 43 59 32 58 51 26 90 2 95 34 42 96 19 46 35 97 92 70 80 32 93 4 40 91 6 33 52 51 79 94 21 38 26 27 4 91 83 55 87 6 64 39 56 99 67 70 32 4 77 37 96 21 6 26 33 91 91 37 23 35 73 55 13 12 58 30 66
19 75 35 34 71 38 81 29 64 23 15 64 50 41 16 69 40 85 18 44 83 77 6 63 73 84 56 83 20 91 5 49 31 26 80 36 54 50 42 54 44 44 67 59 24 89 42 94 92 32 64 1 87 12 84 53 23 49 27 28 3 62 33 83 78 85 27 58 12 58 66 26 16 16 12 90 66 91 28 37
7 56 85 68 69 85 30 77 92 53 35 76 87 5 49 45 4 71 83 28 32 50 67 64 93 8 42 36 27 61 38 13 24 29 83 76 36 96 42 78 6 31 57 52 29 95 39 30 32 21 52 47 50 13 30 29 73 100 89 10 46 95 34 4 14 28 50 2 98 61 27 35 22 48 32 52 21 37 30 35
52 53 49 16 75 50 87 53 8 23 98 32 96 88 9 16 23 32 99 74 16 52 38 76 99 97 58 25 34 54 13 25 8 96 84 73 27 11 49 54 19 90 2 51 69 97 13 2 57 14 22 65 6 72 40 39 53 22 2 90 89 32 91 57 18 36 39 61 41 69 100 82 6 97 84 51 80 59 17 65
46 25 76 30 92 44 72 52 51 41 45 74 97 56 53 38 77 5 28 95 97 90 48 58 29 89 28 1 79 7 85 37 19 87 68 46 2 26 54 78 22 73 100 68 77 65 94 67 66 27 87 88 85 100 83 48 73 54 73 16 86 47 57 6 8 57 70 84 67 40 21 77 28 59 35 29 71 10 56 53
83 55 16 36 80 7 4 79 35 92 49 47 84 60 100 58 75 52 53 37 79 71 88 70 54 2 25 95 41 95 98 72 34 45 94 88 47 47 25 69 13 88 16 42 37 18 6 5 17 5 99 3 25 12 32 77 2 5 28 76 92 77 73 100 52 21 93 21 73 62 93 75 72 39 72 79 41 80 97 22
70 87 58 49 72 76 53 61 70 10 40 56 1 77 32 30 88 23 44 28 71 53 20 10 82 27 15 36 27 60 38 32 41 1 25 94 92 49 85 54 64 57 43 5 58 69 14 76 88 51 54 63 35 44 98 16 16 45 75 6 21 90 86 87 29 98 81 69 58 76 66 28 86 94 39 8 95 90 83 81
66 19 41 91 13 56 81 1 27 30 53 17 64 83 63 81 7 5 83 63 90 40 84 95 79 32 29 15 35 9 27 17 39 67 48 77 18 25 58 100 23 96 3 41 39 38 51 83 59 65 82 3 71 21 66 58 31 52 81 67 28 36 16 81 28 13 64 60 68 75 21 9 79 16 3 10 38 71 95 45
46 34 5 19 38 61 28 72 30 17 30 61 34 64 87 2 57 83 41 38 95 27 4 93 93 24 5 75 13 87 3 28 99 43 62 79 43 79 46 28 100 53 43 88 41 18 28 32 78 83 99 42 3 1 60 62 78 40 12 59 85 84 92 38 74 33 87 52 67 84 21 30 43 61 9 88 25 35 22 76
62 11 71 28 27 30 66 34 47 71 36 40 55 93 82 16 6 92 89 60 41 95 48 28 52 8 78 17 49 60 68 47 28 36 18 87 46 7 56 87 5 91 12 71 68 1 36 50 88 92 39 42 89 7 42 90 54 98 27 34 52 40 97 78 77 99 13 86 96 77 75 52 78 7 89 64 6 24 46 14
1 37 41 19 79 54 18 58 12 99 31 56 62 80 48 30 39 84 12 11 33 36 82 82 44 42 100 72 9 39 35 61 52 46 75 63 98 30 28 28 28 27 72 90 88 88 65 54 11 27 25 42 15 55 48 71 50 11 78 62 6 69 39 62 60 45 98 69 83 99 89 12 100 72 4 8 43 77 48 46
82 60 79 1 55 55 74 59 85 27 2 69 48 1 35 45 8 98 6 4 57 50 90 50 7 96 2 40 46 18 54 46 30 38 49 14 83 84 22 93 53 27 50 58 91 94 10 87 75 21 83 75 90 2 79 53 85 39 93 77 7 100 56 61 72 21 97 79 34 4 59 72 65 68 1 98 80 92 38 74
17 45 9 67 33 70 77 2 78 99 66 46 38 43 4 5 56 95 83 68 22 57 27 22 39 27 9 85 81 20 73 23 65 38 35 71 18 6 80 29 2 2 91 89 94 27 19 40 77 10 55 40 88 98 45 69 21 93 26 56 26 35 36 25 88 18 13 88 14 98 11 16 8 92 58 55 23 48 34 75
37 36 74 56 63 35 70 97 90 29 79 99 8 22 94 75 57 79 75 22 6 39 29 99 99 87 98 24 39 8 25 31 3 50 16 29 30 75 80 67 27 68 61 98 79 43 100 87 37 61 86 42 53 30 51 32 81 6 82 8 35 27 91 47 16 75 26 47 38 81 34 30 90 69 81 49 77 84 1 58
