100
3
56 28 44 67 51 96 7 96 33 22 63 85 51 96 70 57 88 96 42 28 49 65 35 89 3 38 84 47 8 99 72 76 49 37 64 100 18 45 54 76 67 95 82 79 56 30 28 94 55 80 92 47 38 51 95 58 91 100 94 38 31 70 74 85 8 40 77 88 5 7 15 77 97 37 62 10 21 5 9 9 78 10 86 40 9 75 88 89 26 49 32 39 44 55 14 65 3 27 68 86
55 19 76 13 98 2 64 59 47 44 76 28 50 67 63 32 58 15 64 8 55 50 31 54 30 76 83 57 35 19 1 70 42 68 14 16 3 8 8 74 69 94 54 99 4 83 98 21 6 95 94 79 63 31 86 10 7 7 79 84 11 18 40 55 19 8 34 91 44 8 46 75 24 74 28 56 39 97 29 58 8 35 43 85 23 52 91 2 4 80 74 20 42 82 10 43 82 69 27 2
72 10 84 31 41 27 38 81 52 74 15 59 28 58 53 75 68 69 58 83 27 30 69 92 68 18 64 63 34 59 60 93 2 84 36 77 7 34 29 18 92 18 13 65 23 91 16 50 82 1 78 86 66 44 84 99 100 86 34 27 3 13 70 22 65 56 11 16 14 60 39 23 46 41 73 40 66 35 15 49 80 47 45 70 64 2 32 7 90 41 19 2 45 95 11 26 20 16 6 100
40 94 8 25 30 1 48 38 84 76 6 31 67 100 2 3 72 50 29 99 88 48 65 50 60 55 28 35 82 78 79 42 67 13 23 41 72 61 69 78 49 14 4 90 51 12 16 88 2 67 14 13 60 99 2 5 42 53 7 41 65 34 46 20 83 92 80 42 84 67 7 8 45 36 56 84 77 92 81 86 93 9 93 54 38 2 24 40 9 23 52 98 81 45 27 8 50 20 4 68
55 53 86 95 24 84 80 24 13 44 99 100 43 39 89 20 39 50 70 65 2 13 24 55 62 45 19 58 24 65 32 78 28 43 59 63 31 24 92 53 50 46 69 84 67 72 38 5 28 24 99 10 30 13 46 78 59 56 83 42 12 92 44 68 19 6 59 38 61 24 72 17 6 56 100 100 51 48 76 22 97 71 2 61 76 37 81 71 39 19 79 87 54 86 94 58 40 35 44 74
51 69 16 18 34 89 47 37 42 24 96 39 93 67 67 44 36 95 76 29 12 28 88 19 82 37 3 56 23 13 32 85 57 80 21 78 21 91 42 45 88 59 39 38 30 92 98 87 62 24 79 47 51 9 60 28 66 45 68 56 47 66 79 47 80 1 98 51 6 43 7 87 63 5 8 93 95 50 49 85 9 7 83 19 96 46 24 91 17 54 5 35 91 82 99 25 72 22 73 58
23 14 1 27 51 85 1 74 39 67 4 19 62 19 66 74 44 69 99 3 79 87 11 78 27 97 7 63 46 24 91 56 66 78 87 33 9 14 92 50 76 70 24 49 57 83 85 38 75 70 50 94 48 83 48 22 66 38 58 73 30 34 23 57 70 84 3 93 54 46 39 52 30 13 36 74 35 21 15 65 74 51 23 88 46 97 50 43 89 71 96 12 89 67 97 62 5 29 59 86
94 17 96 31 3 61 6 86 30 14 39 99 12 18 18 83 70 91 96 25 51 70 7 94 96 82 92 47 13 89 10 25 94 56 94 17 10 85 15 19 23 52 97 4 2 8 98 81 85 29 43 43 40 32 10 47 49 65 20 42 70 11 20 91 25 77 47 26 48 26 70 37 76 48 1 97 57 30 15 96 10 80 3 57 72 23 5 77 81 83 10 91 4 72 49 84 16 40 48 63
2 31 55 75 52 57 3 90 55 91 37 40 28 44 61 5 74 32 86 22 49 42 49 35 97 1 59 52 84 55 13 18 94 36 40 71 71 27 61 44 30 23 12 62 33 70 36 62 61 43 70 45 95 74 83 48 30 66 54 26 71 71 48 4 92 9 15 78 37 67 20 76 73 68 78 29 1 67 86 23 19 70 38 31 43 79 16 25 94 14 21 42 25 85 100 43 100 54 57 55
9 13 9 19 24 20 42 36 29 12 48 68 54 55 56 31 40 40 78 13 11 88 30 79 9 50 26 68 1 36 72 80 69 42 74 73 25 48 22 12 57 63 55 7 85 58 63 45 94 43 54 10 6 18 63 26 88 59 20 36 15 13 53 1 93 13 51 7 76 73 60 57 22 90 16 3 79 4 88 71 37 33 54 52 38 60 92 89 73 82 13 14 16 68 2 96 13 64 13 15
31 70 24 57 92 98 20 55 46 36 40 61 45 88 93 54 60 100 30 4 47 69 86 2 78 46 28 94 70 79 67 98 76 27 5 87 59 71 63 9 24 30 79 54 84 15 36 43 95 76 82 69 39 24 76 2 64 91 8 34 18 92 34 66 47 73 13 5 64 28 52 82 61 50 73 1 81 9 48 41 23 69 91 27 81 78 29 24 27 40 48 70 64 80 2 5 99 18 48 86
4 4 24 3 20 96 48 26 93 64 42 22 58 87 93 68 46 47 38 68 71 37 18 14 68 43 22 71 95 9 13 82 27 7 19 84 91 89 38 50 6 55 37 78 63 22 22 12 14 58 41 86 60 13 29 54 19 93 82 8 60 40 93 33 39 48 22 77 24 46 17 84 27 15 89 21 1 1 26 76 76 20 40 77 6 33 21 19 15 30 81 69 46 2 37 63 28 45 38 22
48 15 49 71 62 53 13 63 3 38 44 51 57 39 43 45 60 28 10 47 4 65 72 15 32 34 48 11 70 49 47 16 12 66 10 20 60 25 80 68 41 12 73 55 40 92 53 13 6 23 62 3 37 5 77 49 35 39 56 83 33 77 22 70 2 97 14 29 47 38 61 2 49 64 4 30 30 96 78 30 27 8 49 35 50 70 14 28 1 70 10 58 92 4 40 53 80 77 85 28
61 3 62 99 42 47 76 54 23 59 52 17 13 18 34 95 2 45 72 20 73 91 51 65 27 51 79 3 1 51 55 80 92 34 94 25 3 14 88 13 15 85 84 61 22 83 94 57 41 67 78 38 89 49 51 3 65 96 95 9 46 15 9 58 95 92 62 36 7 2 81 58 91 20 71 43 34 57 91 97 40 24 33 61 79 36 12 1 19 92 54 94 78 80 81 40 49 79 57 12
47 83 77 97 12 31 70 46 64 12 96 56 27 24 30 72 72 58 13 74 67 22 14 82 73 13 65 7 48 53 3 99 22 72 75 30 52 42 50 62 91 73 64 78 68 27 71 30 91 42 8 72 18 100 80 1 40 22 30 22 34 63 8 69 92 53 30 81 63 27 6 75 67 1 84 18 75 7 31 16 18 17 35 24 49 89 91 100 9 98 78 20 71 34 18 20 55 84 98 23
39 63 66 15 16 35 38 29 95 42 1 97 58 73 69 36 8 37 16 98 74 58 90 45 97 31 27 24 48 67 15 38 22 46 54 66 21 52 20 79 61 22 37 36 39 57 33 44 16 82 21 70 80 32 88 67 89 90 10 60 18 13 33 85 79 73 85 81 3 3 43 49 49 50 14 87 35 42 56 77 88 48 34 4 25 64 50 70 10 77 66 9 48 72 48 45 4 8 14 78
87 65 74 38 71 70 64 63 6 61 88 52 93 72 10 5 47 5 1 67 6 89 85 20 13 95 76 90 2 30 24 72 96 29 93 99 27 45 24 23 96 98 14 24 93 32 55 92 44 2 4 12 8 56 83 19 61 61 76 90 12 92 22 11 84 63 66 91 58 92 54 23 61 77 26 40 5 30 43 56 74 29 95 35 93 69 82 72 75 11 3 99 97 59 53 74 80 81 25 18
57 93 45 12 7 18 16 22 24 17 7 6 22 77 67 84 11 85 62 64 99 8 19 91 2 22 54 19 22 40 4 83 56 82 51 50 1 99 12 58 83 95 76 26 57 90 8 32 46 19 22 10 5 2 56 85 58 43 16 19 66 5 8 99 9 60 27 76 58 99 41 48 49 5 55 75 67 26 51 67 54 8 34 10 41 27 69 20 11 32 91 84 67 15 58 46 36 8 63 32
11 45 13 46 99 55 34 82 13 100 74 11 33 55 38 12 25 8 32 49 93 62 93 97 93 100 86 45 26 88 71 23 31 11 35 31 13 68 10 11 95 8 58 24 39 97 15 40 37 92 12 28 92 70 54 36 70 55 31 66 83 68 84 10 12 50 64 70 92 23 50 60 69 30 58 10 44 63 1 61 52 7 62 81 99 12 59 16 98 48 55 82 78 74 70 28 25 54 22 93
73 61 71 29 37 3 38 77 9 31 80 26 100 58 12 88 30 5 64 6 75 68 59 47 78 69 10 44 47 88 44 60 17 12 12 99 86 81 50 9 10 6 49 58 7 31 61 95 68 50 93 98 61 56 18 85 11 83 46 34 54 25 43 17 75 11 2 23 37 70 49 68 62 22 90 69 30 1 11 75 84 50 4 86 99 54 44 61 4 72 98 26 85 53 90 32 79 8 8 67
71 92 97 92 27 32 17 64 56 53 56 68 70 80 95 35 54 2 49 52 49 28 37 61 61 91 21 84 70 26 28 61 89 83 7 33 25 77 33 26 41 73 57 11 38 52 4 49 22 80 78 70 92 72 91 65 84 93 22 7 24 3 61 4 73 2 46 95 36 74 96 17 88 65 78 30 51 93 23 87 86 70 71 94 52 15 60 5 60 97 25 84 88 55 84 12 32 83 94 79
24 66 80 75 76 61 64 20 31 100 81 74 32 22 84 14 19 6 72 82 98 61 88 100 52 25 3 15 51 9 19 40 29 93 24 76 37 39 71 92 27 82 65 73 87 69 81 97 49 14 26 8 89 10 79 41 28 51 58 84 66 64 8 84 84 63 72 53 68 29 71 12 59 94 45 35 43 18 49 34 39 73 15 82 39 44 76 68 16 6 20 89 42 45 83 24 53 34 16 83
97 10 47 94 73 100 63 53 100 45 8 14 65 55 89 46 59 87 13 19 26 47 9 29 33 53 17 36 63 43 38 91 2 30 91 74 13 50 35 9 77 97 42 93 79 91 51 64 10 69 35 10 46 99 29 65 63 91 58 52 42 52 24 24 34 92 81 76 11 42 86 3 81 15 68 51 3 49 38 100 63 22 52 12 18 54 98 31 18 99 88 89 16 70 29 14 65 25 40 55
33 90 73 35 4 87 85 2 41 100 51 10 23 41 38 25 41 46 43 66 73 7 67 33 83 91 57 98 33 33 3 72 9 12 39 25 9 37 89 86 89 50 7 70 81 98 68 32 33 79 65 90 32 99 18 70 40 39 11 32 97 87 72 38 24 19 51 54 12 33 83 2 11 51 98 5 33 14 79 79 50 59 28 74 82 96 30 44 81 71 13 55 92 59 19 42 24 13 42 62
21 62 71 60 100 97 37 42 2 60 60 70 83 7 53 58 33 18 74 69 56 8 7 58 94 81 51 75 66 98 11 38 67 6 1 53 65 62 61 18 67 33 100 28 43 27 50 48 93 4 47 61 8 55 39 68 16 1 94 56 25 95 48 7 88 96 20 23 9 1 40 96 13 25 51 62 5 35 92 44 58 75 71 32 32 6 27 56 12 51 13 31 58 12 9 66 100 79 73 50
11 14 64 43 27 87 21 36 30 61 69 73 25 32 62 53 76 2 31 22 37 31 49 8 66 15 31 36 14 74 43 64 79 60 52 62 59 31 43 88 48 66 48 13 68 57 1 61 14 52 1 81 31 7 45 92 98 19 68 23 35 28 4 62 77 44 86 28 40 94 94 27 78 60 98 26 5 99 18 36 37 28 72 52 68 36 30 20 99 84 23 100 7 83 7 43 19 48 7 65
88 88 86 57 44 98 7 51 77 33 77 83 59 70 10 27 5 55 27 42 15 70 56 87 92 97 92 92 26 13 64 70 22 98 29 56 4 88 40 22 77 31 14 88 12 50 35 51 67 58 83 92 34 80 41 52 91 22 30 4 51 21 89 92 86 13 13 90 25 40 87 98 56 32 29 78 83 73 39 60 46 46 63 38 6 12 31 22 38 12 44 10 98 71 99 78 37 10 36 99
43 70 54 70 21 32 83 68 8 65 5 85 93 65 30 33 24 89 8 82 90 38 21 40 58 52 1 40 53 48 85 71 20 23 65 93 7 85 8 91 48 33 58 84 51 29 27 67 78 13 20 31 1 52 100 42 43 81 11 15 10 66 76 88 55 4 48 1 10 66 60 38 53 45 83 51 44 64 59 64 45 21 21 1 10 10 40 6 82 41 18 61 52 99 19 62 48 92 12 57
65 10 27 43 13 95 7 11 56 71 96 83 22 72 83 66 48 33 23 33 13 32 92 91 93 29 25 27 72 79 79 78 30 22 29 81 1 30 100 40 52 86 3 19 84 62 81 61 70 20 11 25 18 98 78 34 74 45 13 14 83 36 53 63 5 82 81 82 56 67 92 27 52 83 89 91 7 92 14 21 67 74 76 63 85 90 39 10 91 53 7 63 67 7 99 49 95 4 40 5
70 10 22 66 91 25 66 95 85 23 30 44 25 90 55 2 14 36 57 75 92 76 88 38 75 69 73 78 3 72 32 90 83 22 39 67 97 3 56 35 97 9 93 30 38 81 74 98 45 26 8 99 76 16 44 75 46 46 88 30 44 70 37 33 83 59 71 87 42 80 52 70 26 1 57 80 7 71 39 83 50 10 40 49 10 79 62 26 8 58 99 77 97 85 25 1 78 8 99 80
86 5 100 39 78 4 21 24 62 14 48 72 85 13 30 81 1 81 42 53 96 38 57 30 26 16 80 6 40 70 46 42 24 89 63 75 7 27 12 16 60 45 6 32 31 26 63 77 29 75 24 75 51 91 30 79 90 68 55 36 19 37 7 56 70 97 75 81 97 88 5 56 78 54 49 47 60 45 7 64 78 92 88 74 57 39 31 5 27 65 85 94 38 24 72 43 22 31 76 2
91 43 71 31 38 90 10 4 93 1 8 12 94 57 28 82 55 96 73 97 14 78 65 16 27 28 75 37 98 60 25 5 29 85 61 2 36 12 60 80 26 31 36 56 11 86 88 84 43 92 15 74 67 86 40 48 80 67 81 78 16 40 64 59 40 85 52 8 86 15 92 18 10 12 92 60 83 14 51 38 52 56 78 94 55 89 34 70 92 7 69 8 53 17 11 36 60 12 55 61
66 15 82 89 95 98 17 31 51 27 90 77 74 23 80 8 2 49 20 13 100 31 90 32 80 80 59 4 89 68 86 80 75 54 9 98 42 69 81 3 1 22 20 89 38 25 73 69 83 10 47 46 56 48 63 4 50 87 25 47 30 46 14 71 95 63 35 98 75 43 64 52 42 45 77 19 18 37 28 45 39 28 36 15 50 6 5 39 43 97 24 55 44 88 13 28 73 18 65 98
4 31 1 48 1 83 65 18 25 48 62 12 53 65 14 22 12 33 74 97 45 87 40 89 7 55 22 95 36 34 70 7 21 70 86 8 70 58 80 89 86 73 49 9 76 76 26 52 90 95 11 16 4 43 58 59 2 23 74 25 66 95 9 80 19 76 76 17 94 54 44 64 49 67 92 77 47 43 3 56 65 12 55 56 20 47 89 77 83 96 74 2 73 47 55 14 52 72 58 50
36 86 90 62 31 79 96 82 14 20 31 48 47 25 43 48 26 100 3 82 74 39 18 68 19 63 83 62 55 28 59 96 30 37 70 46 58 87 89 91 20 94 19 90 91 30 39 4 93 1 73 58 52 29 28 5 28 82 61 46 98 84 15 52 99 71 14 79 56 3 82 16 40 97 65 90 75 26 94 10 46 36 63 60 8 47 51 1 83 40 14 25 82 100 26 55 77 95 6 30
77 98 85 28 99 51 51 35 70 45 62 12 30 72 71 73 41 80 37 57 43 82 53 49 51 59 80 56 51 95 42 61 65 34 100 76 83 96 75 91 77 82 64 95 90 87 46 45 77 22 78 80 61 84 97 26 22 36 78 47 98 100 50 92 71 70 5 43 54 65 10 60 15 2 21 89 9 70 22 91 57 89 32 30 4 44 40 7 40 76 27 31 56 47 59 66 24 47 66 26
13 97 15 62 82 88 28 33 42 31 92 64 83 75 59 11 94 44 79 12 84 11 37 96 40 95 13 41 91 25 26 93 91 87 69 7 16 100 96 80 65 16 28 32 61 68 9 8 23 19 47 18 4 14 53 57 90 53 12 1 19 68 42 42 67 62 59 54 38 38 41 26 46 45 81 27 79 6 99 41 34 34 53 17 67 94 21 50 11 2 52 67 29 63 53 58 23 4 61 78
10 40 14 100 54 20 5 92 38 66 43 62 81 9 13 10 54 35 23 30 97 30 63 58 88 81 82 94 7 83 47 96 58 77 13 73 44 66 35 50 89 63 31 63 92 82 32 45 32 7 97 71 24 56 70 80 85 62 77 50 91 76 59 11 88 79 36 37 83 100 88 13 38 20 53 39 88 46 60 53 15 12 38 35 16 34 82 71 11 44 57 20 85 53 2 53 74 49 53 45
58 56 97 92 20 95 61 85 76 93 44 18 94 1 45 61 63 48 51 35 21 3 96 98 49 90 31 19 81 33 85 91 4 23 39 53 77 9 26 26 98 73 3 26 48 35 31 46 4 90 73 60 11 41 67 82 15 95 79 63 72 91 16 60 33 54 97 23 10 95 61 79 66 67 88 56 93 63 93 50 37 89 97 33 71 96 97 42 92 11 53 94 7 80 38 26 6 2 86 1
78 56 19 70 5 70 77 89 45 51 21 88 96 79 14 55 4 46 57 73 48 12 14 56 51 24 14 67 16 20 20 23 43 69 69 67 58 5 13 43 48 57 91 69 9 91 49 28 16 80 100 9 43 55 97 80 32 97 77 80 33 46 89 21 71 24 78 77 74 17 70 47 15 18 62 89 23 36 33 45 80 55 22 34 8 4 48 15 13 60 38 50 100 77 51 22 53 93 32 39
21 27 4 7 14 85 78 1 42 13 71 13 49 9 6 46 28 44 55 6 35 77 4 20 26 33 17 35 26 62 25 21 22 82 76 51 51 22 76 77 88 76 81 71 55 29 92 74 33 50 85 41 89 78 58 49 55 87 43 52 16 48 38 68 71 71 5 9 66 67 7 78 20 2 8 48 19 15 86 55 34 92 81 90 48 19 99 82 30 11 61 58 4 38 24 76 43 83 94 6
19 97 22 85 14 14 54 50 22 56 10 2 34 69 95 94 28 59 35 63 42 85 76 23 26 3 61 1 25 13 87 23 31 32 9 70 25 47 53 14 20 87 37 43 92 48 37 25 60 28 99 79 26 100 95 6 81 26 54 85 93 21 99 5 24 91 13 94 21 4 73 70 93 87 4 98 77 72 81 95 85 68 29 26 37 77 69 46 40 98 25 52 96 16 29 99 13 62 55 80
11 36 65 55 43 75 32 76 84 64 94 36 15 96 72 14 22 59 21 32 61 46 45 42 8 69 15 49 69 20 91 50 81 67 79 64 48 1 91 28 29 75 29 89 84 34 17 19 84 47 79 86 16 56 50 38 64 67 76 38 23 97 33 26 97 56 53 34 59 39 5 34 74 39 79 14 75 36 38 69 33 96 81 83 2 41 61 50 29 62 91 17 87 60 7 12 10 92 62 100
46 50 62 34 63 82 38 21 99 16 45 41 95 81 50 56 50 69 93 64 76 41 49 8 17 71 12 4 10 81 73 88 91 14 3 62 34 52 56 92 45 86 56 22 69 27 84 17 61 78 59 51 66 100 77 65 67 72 73 85 37 37 91 3 59 2 60 62 68 24 26 16 16 57 57 95 66 39 3 64 15 82 68 66 52 22 57 10 56 31 93 93 18 75 1 42 25 73 90 85
3 30 39 85 5 83 9 100 55 10 31 19 37 96 31 49 77 16 32 69 21 80 47 58 32 65 59 20 85 28 19 77 61 85 34 81 42 67 41 8 7 3 93 88 44 43 73 80 22 61 6 86 64 54 85 44 26 62 35 50 13 76 26 49 14 72 10 62 82 4 83 55 16 35 98 92 49 84 2 12 24 23 30 16 25 86 37 45 11 35 59 18 75 6 87 59 4 62 34 54
59 91 96 1 57 20 94 88 96 62 50 10 47 33 24 51 16 51 74 40 7 49 71 41 13 36 16 78 94 41 25 4 81 72 76 33 88 35 60 66 65 25 87 67 10 14 69 47 34 64 41 72 98 18 97 53 69 87 24 10 48 63 44 10 86 98 31 83 61 62 82 86 91 69 34 16 37 31 21 27 64 58 75 54 59 52 21 84 63 97 41 81 91 6 36 80 17 78 17 60
29 93 38 47 95 65 94 45 45 20 80 57 23 79 59 82 12 69 86 18 62 22 83 49 8 65 66 97 3 86 43 23 99 5 93 91 92 75 97 52 54 84 58 42 70 19 78 40 67 99 49 37 57 99 16 18 64 14 4 36 65 71 94 5 23 83 76 67 42 53 12 7 34 26 22 51 4 98 17 4 77 44 34 7 89 99 96 88 22 41 94 61 34 48 34 82 85 69 80 49
59 54 33 23 84 27 74 17 5 64 20 44 68 54 85 60 95 39 46 74 77 9 86 25 95 95 10 5 100 72 40 88 27 89 18 42 73 31 75 1 46 99 50 55 5 8 100 18 96 73 68 18 61 51 51 26 35 47 65 18 5 45 41 90 44 10 4 34 54 10 18 56 73 5 60 82 56 52 43 60 79 27 84 79 38 28 43 30 23 86 76 32 11 68 27 81 28 2 15 81
80 96 97 100 34 23 17 73 88 24 29 64 26 34 38 87 19 64 42 6 92 36 77 46 78 35 12 32 23 22 44 70 75 31 57 6 80 97 89 85 68 66 26 96 41 27 19 41 76 47 40 98 98 88 46 14 90 99 81 91 76 88 34 2 46 87 48 63 44 39 87 94 83 73 14 51 71 62 99 55 68 69 55 31 42 66 76 55 26 22 56 5 2 23 64 23 97 11 89 15
19 78 36 89 83 42 24 98 88 64 86 7 14 86 52 2 8 63 33 98 81 34 74 11 86 33 54 49 8 87 12 34 95 96 8 30 37 40 37 60 18 33 93 82 85 64 47 5 31 77 69 23 46 6 31 51 37 80 61 56 48 46 39 15 99 29 84 56 49 42 97 52 8 71 62 33 92 51 24 76 61 23 46 45 65 78 46 43 96 44 44 54 33 57 95 35 48 42 90 6
9 7 55 14 18 6 75 34 94 87 32 9 89 17 62 13 55 69 40 88 35 47 16 38 41 28 1 26 22 41 54 37 75 68 46 75 96 41 73 30 1 76 86 88 90 58 66 26 65 60 70 44 15 4 25 77 86 77 61 22 43 32 81 45 51 57 13 45 85 23 4 44 47 48 50 48 85 98 85 82 14 72 57 66 29 51 36 46 6 18 24 13 53 86 22 56 92 76 35 97
28 99 17 25 52 76 40 29 20 45 47 79 62 6 41 45 5 7 42 43 9 50 2 91 64 24 5 74 23 5 14 24 86 26 22 37 63 68 82 52 92 100 43 18 65 41 88 48 64 65 2 26 35 64 42 62 97 1 60 87 30 83 70 52 47 35 87 9 88 43 64 13 65 99 89 92 53 86 26 48 37 28 5 25 34 79 78 92 30 18 99 46 49 15 5 47 14 27 97 56
37 16 28 29 63 49 3 18 88 74 60 86 64 13 50 68 26 5 87 62 58 13 53 31 41 7 13 45 75 70 47 52 29 62 23 65 50 67 12 97 99 84 94 82 33 100 43 55 57 45 44 48 2 55 14 87 23 69 30 24 90 14 63 50 80 34 47 6 77 73 75 53 68 71 37 72 44 19 19 49 31 44 32 84 93 45 68 80 61 37 18 78 54 86 53 63 29 78 17 23
49 76 23 26 15 28 83 44 29 6 32 45 18 96 8 4 32 88 59 55 98 17 24 13 65 49 16 54 33 16 6 50 25 58 76 49 64 32 3 66 41 7 64 23 65 66 47 61 34 13 57 10 81 37 35 17 13 99 48 25 37 74 86 68 45 9 2 46 56 15 23 73 13 97 56 41 11 95 67 5 28 3 35 61 54 75 24 33 27 82 93 83 66 93 29 77 73 69 51 22
79 36 12 80 51 100 33 45 91 40 22 72 16 6 28 95 13 83 12 58 59 49 90 52 52 91 89 10 38 78 48 44 76 46 5 57 40 64 35 28 79 1 43 49 1 82 64 68 73 51 47 2 98 11 18 13 61 49 65 46 95 53 69 23 10 21 73 15 83 96 30 1 77 57 63 53 28 22 38 53 33 98 41 22 32 9 47 14 50 14 59 37 87 13 71 53 80 83 59 5
50 70 28 89 64 22 13 99 53 11 49 28 40 56 36 44 95 65 79 14 94 28 76 61 15 14 48 38 88 47 85 19 81 84 46 71 18 92 53 63 25 92 48 22 16 54 26 40 54 78 11 21 40 89 10 53 27 79 79 76 12 9 20 11 54 11 25 57 61 77 62 16 60 76 52 97 85 93 36 59 88 19 15 61 23 97 44 70 100 15 21 45 85 10 1 43 29 82 74 74
59 85 37 13 24 26 62 34 43 52 61 76 78 55 75 61 92 45 78 84 73 100 58 57 51 4 99 45 52 26 91 79 39 98 36 2 91 60 71 27 6 34 78 17 20 60 4 70 43 25 13 5 59 87 85 46 95 18 34 31 21 56 92 40 76 7 19 44 28 14 98 20 26 32 46 63 59 91 71 65 81 1 85 33 40 70 93 24 57 51 25 86 60 96 36 41 68 48 92 47
66 91 95 56 31 98 60 92 63 84 46 57 70 41 77 18 52 53 71 2 43 16 4 94 39 17 37 81 72 68 91 58 97 31 28 43 44 58 82 7 13 39 32 10 96 96 82 21 19 66 16 27 24 61 53 15 6 9 72 15 97 26 98 55 74 49 41 44 20 38 82 49 42 72 14 88 28 62 64 63 20 17 66 42 80 98 91 53 37 32 50 16 26 69 50 36 47 99 51 59
19 82 49 12 33 35 46 27 16 67 22 81 4 93 9 98 76 91 38 5 45 73 50 99 47 2 1 56 64 72 31 62 38 24 26 87 80 80 94 93 46 43 3 79 73 29 40 42 26 94 91 40 52 91 44 83 14 12 71 60 30 57 87 83 52 4 83 27 49 29 55 2 80 49 86 11 58 94 79 52 7 41 6 95 56 30 43 58 62 98 18 74 97 33 70 71 99 64 93 7
3 69 9 57 63 87 52 4 70 82 25 76 78 88 48 91 100 49 28 70 12 83 65 44 69 37 76 38 1 23 48 67 73 81 17 46 30 46 76 29 89 73 42 54 61 51 96 27 1 89 60 41 45 59 77 34 27 44 17 27 74 9 35 56 17 15 80 22 12 65 7 94 94 90 31 88 83 40 78 79 40 56 76 47 83 3 64 48 63 46 96 18 50 43 30 75 6 32 73 66
46 92 94 44 80 94 62 57 14 27 12 36 67 54 21 94 37 55 5 54 100 61 29 40 81 62 24 46 38 25 100 9 79 4 86 13 11 98 87 44 81 72 37 37 28 42 93 71 99 5 80 25 54 11 52 40 17 78 27 59 14 15 4 72 47 33 11 54 82 29 40 61 19 43 89 60 79 99 53 14 98 11 98 57 15 91 20 4 76 59 43 10 84 89 16 66 38 45 33 11
50 76 74 17 54 7 89 34 48 91 2 33 85 81 93 14 21 93 1 87 86 55 5 16 82 52 91 84 8 82 58 69 56 44 84 15 75 86 22 88 26 67 45 54 7 26 38 31 18 98 63 36 29 60 49 47 27 58 80 26 56 26 72 30 91 45 39 43 39 39 16 84 47 72 56 94 57 23 23 70 92 46 45 79 58 99 36 71 83 95 5 5 60 31 49 10 82 27 56 55
63 89 6 53 69 21 5 33 68 84 92 71 76 76 58 14 86 96 71 92 31 49 81 3 26 96 7 17 100 4 100 20 13 7 1 56 90 100 79 23 14 57 29 63 1 3 89 62 68 7 50 78 23 25 66 28 82 54 76 9 1 17 85 89 38 51 84 44 41 91 46 69 4 17 32 10 96 16 73 98 57 100 73 89 49 19 54 65 69 49 64 34 38 47 75 25 79 11 88 57
67 75 99 19 94 41 89 46 100 4 78 22 79 34 62 43 16 14 67 27 60 67 17 8 96 6 10 6 84 28 64 55 53 99 25 24 40 74 60 62 78 65 97 17 78 17 36 19 53 84 58 76 25 81 10 45 87 93 25 99 51 38 94 62 93 44 56 67 39 26 50 18 61 31 73 71 69 93 92 38 70 72 91 23 56 35 29 51 24 24 50 25 64 68 41 43 48 93 85 66
67 63 97 70 60 34 18 22 41 45 83 65 20 31 54 16 38 80 10 22 67 69 81 12 54 12 89 16 21 59 26 17 46 8 79 58 65 97 56 70 59 12 19 18 36 24 35 63 46 59 97 42 64 18 47 5 81 39 69 2 96 46 26 89 26 78 14 81 1 17 20 35 84 98 44 15 24 38 67 38 15 61 67 66 63 4 60 14 47 27 95 68 48 71 50 43 42 99 17 25
36 85 14 90 6 15 54 44 18 77 8 24 60 89 71 70 68 62 17 50 38 3 49 95 83 32 52 24 21 61 94 40 3 53 91 19 43 85 2 16 2 80 26 33 43 98 85 73 21 23 70 18 8 58 71 16 37 94 39 97 88 47 38 51 5 67 49 67 6 39 47 17 31 5 18 8 90 48 11 82 31 94 16 46 35 85 42 66 46 88 69 10 59 1 87 85 73 77 84 14
4 48 26 23 12 55 77 46 36 28 64 22 25 18 83 63 50 70 66 1 93 70 79 89 83 87 59 37 65 90 72 9 15 67 35 14 18 17 12 17 60 72 96 27 21 14 83 18 77 46 59 11 20 91 29 69 69 57 93 55 78 51 63 48 84 43 45 32 26 31 15 1 97 44 86 59 22 14 73 71 76 50 51 59 2 29 13 30 74 77 41 77 11 35 40 35 17 95 10 90
48 19 28 95 62 7 91 65 76 99 55 86 35 6 3 73 43 78 52 43 95 68 54 78 89 39 86 32 57 26 3 82 29 96 2 87 16 11 58 15 78 12 10 6 74 97 98 48 30 22 42 25 38 1 68 31 25 32 65 19 1 46 57 8 80 43 64 54 37 48 32 67 7 33 36 4 12 6 41 67 94 42 32 87 14 18 66 42 81 21 68 88 94 83 86 35 5 22 79 93
92 44 50 5 54 79 16 55 92 23 63 22 59 4 20 100 74 29 40 12 94 31 70 57 57 6 83 58 30 83 72 31 2 71 42 14 89 88 33 98 8 12 55 10 37 59 20 49 31 64 78 98 9 33 71 67 13 25 61 81 83 82 28 62 73 39 57 48 33 7 46 91 71 68 21 37 79 5 7 23 97 48 75 4 24 37 50 76 21 43 88 62 40 28 86 63 18 98 46 19
30 4 6 23 10 87 36 30 67 26 72 72 51 60 7 98 48 44 82 19 50 54 16 76 79 47 85 29 7 53 32 36 36 72 11 47 97 94 75 70 70 8 6 23 87 72 52 41 8 14 14 51 96 78 33 57 30 63 46 6 64 8 18 10 2 35 92 88 62 89 16 6 76 10 53 7 59 38 88 3 96 95 15 60 7 80 47 72 16 55 26 13 35 92 61 19 86 58 24 40
72 8 2 57 87 48 5 75 24 9 77 4 97 50 84 73 28 87 95 8 69 97 91 55 94 56 16 67 100 23 5 8 78 94 30 49 71 15 50 53 77 2 92 66 18 67 45 20 39 95 16 93 35 88 74 98 97 17 48 73 72 43 17 28 20 8 22 74 50 39 39 39 82 97 33 71 27 93 53 32 86 77 91 75 24 88 90 87 67 78 28 20 62 36 62 20 1 13 61 39
5 9 19 34 7 38 71 49 24 8 36 7 64 72 40 70 61 73 98 13 29 60 45 62 46 20 59 20 96 44 68 91 77 74 15 7 40 45 84 23 18 54 50 71 84 9 11 13 81 6 58 28 95 28 72 83 66 85 44 98 10 84 51 42 2 56 47 58 35 39 69 23 71 56 58 71 79 63 49 24 39 94 24 11 7 7 80 65 53 20 88 26 41 19 4 47 89 41 23 75
36 45 21 4 17 77 84 43 48 58 87 3 13 41 89 73 89 12 96 6 11 26 81 30 56 45 86 19 13 73 68 15 92 68 49 91 12 72 86 54 3 38 79 86 76 45 76 30 15 76 16 26 25 82 26 40 41 27 26 41 87 78 8 80 38 99 46 11 79 85 39 10 6 84 8 31 47 58 40 89 87 51 18 95 22 42 61 31 87 82 73 8 34 32 81 77 52 18 66 1
46 3 74 68 97 52 62 15 29 95 74 94 65 9 11 65 91 48 71 98 73 49 27 91 79 22 55 40 81 28 66 20 96 89 34 14 70 65 12 19 16 96 25 53 9 83 1 67 8 19 94 34 23 60 42 9 42 84 47 87 28 7 75 97 78 36 45 15 55 78 9 91 27 21 37 10 53 94 70 96 71 57 33 56 46 72 100 96 14 29 84 69 10 93 7 65 26 20 60 94
84 6 47 95 90 83 98 55 97 31 52 99 41 38 26 68 46 23 45 41 18 33 88 40 4 94 23 3 60 26 19 72 44 95 60 50 69 28 37 92 12 96 85 92 78 37 86 60 72 37 56 69 44 54 26 58 96 48 31 71 53 98 73 84 65 78 35 45 15 70 34 5 6 68 61 42 98 89 70 30 72 85 66 98 20 30 11 92 52 24 39 47 28 34 48 71 34 67 74 50
17 49 12 91 52 71 22 44 76 70 58 98 6 27 20 80 7 18 52 43 1 31 34 37 22 8 46 93 56 66 94 61 86 41 55 52 76 100 26 3 53 49 53 23 48 80 82 51 82 7 5 64 66 58 95 1 80 62 28 62 100 78 40 92 75 61 23 30 76 28 92 77 37 8 6 73 34 46 84 31 63 23 71 75 47 76 71 54 20 64 92 51 91 88 75 9 30 34 23 47
25 37 25 86 78 7 21 73 12 39 27 18 40 92 64 18 20 63 2 89 28 60 71 83 88 93 90 93 10 18 72 49 62 48 35 3 98 28 66 12 31 59 11 96 25 9 93 65 98 51 38 39 15 33 41 93 22 45 92 84 9 65 24 44 54 95 23 65 65 4 9 57 80 48 22 28 43 55 96 73 37 5 76 39 68 58 59 42 50 49 75 32 14 75 21 75 37 75 4 35
94 99 66 1 41 2 81 52 37 52 56 6 32 83 64 95 3 99 43 38 66 73 75 18 89 59 47 78 95 45 56 39 12 30 93 70 38 54 13 67 40 50 68 70 71 84 47 86 20 77 89 63 32 4 56 82 2 92 71 9 59 70 35 32 96 97 66 93 64 71 66 6 61 12 78 39 9 43 45 50 86 8 68 8 39 5 73 8 3 51 84 63 50 23 88 97 30 67 64 43
60 71 44 36 23 86 62 2 98 1 45 4 23 98 9 46 90 18 61 4 80 41 84 54 12 78 58 8 65 97 28 97 58 28 5 83 66 76 59 11 42 72 81 83 16 64 80 11 58 29 92 40 47 89 6 88 84 81 93 23 59 64 83 62 14 54 53 21 38 35 95 86 18 73 91 54 68 17 94 87 31 21 79 59 46 20 83 54 14 54 78 75 17 89 26 97 58 42 36 92
28 24 79 49 9 55 10 23 39 98 47 84 81 53 77 10 58 60 24 100 9 8 65 82 67 45 43 52 51 81 10 50 42 39 65 28 46 55 35 13 54 39 95 43 74 9 40 97 91 32 35 69 3 65 96 50 50 100 79 80 71 28 94 89 62 78 17 12 100 44 52 79 97 50 47 92 66 3 48 85 3 30 6 15 98 89 4 13 94 100 76 5 6 39 51 14 69 95 88 10
76 45 69 51 21 43 93 39 83 1 9 81 33 42 17 99 20 72 1 38 81 60 3 69 59 53 48 33 21 80 20 32 63 35 25 59 26 87 46 88 58 75 35 85 20 14 79 4 57 76 100 53 53 23 59 52 20 22 97 83 37 89 28 1 21 3 62 48 36 53 30 85 46 65 29 70 12 5 30 27 88 66 65 4 69 60 2 32 84 87 75 29 26 87 47 64 41 63 66 24
37 34 21 10 66 65 10 82 2 49 89 44 28 47 64 67 96 82 40 21 2 52 2 26 41 63 63 69 14 75 70 26 10 73 76 25 71 54 84 3 19 67 78 99 40 11 60 58 33 35 94 22 36 10 54 82 11 57 86 12 7 90 48 47 75 40 91 94 61 48 63 88 47 3 29 15 39 25 55 66 26 77 23 17 2 8 38 19 27 100 59 10 65 69 71 77 6 25 88 58
87 50 22 58 18 85 22 73 25 45 30 32 57 57 1 54 55 37 6 84 14 23 25 47 41 68 16 22 37 10 72 72 68 66 73 38 25 74 31 32 75 41 62 73 99 77 86 19 53 7 93 69 71 90 67 90 61 65 58 68 98 100 66 61 4 83 34 27 45 53 5 85 85 85 2 56 41 58 61 42 59 64 29 42 18 31 54 84 10 67 63 96 5 79 83 33 18 87 57 88
77 82 57 14 31 37 55 25 70 35 36 3 74 35 99 90 97 91 13 8 64 58 24 94 61 87 7 32 87 30 73 28 19 53 13 24 52 54 9 4 53 34 34 96 70 67 57 95 22 97 81 52 34 83 86 24 87 13 61 70 95 45 80 52 95 91 2 42 85 3 87 1 17 3 85 29 79 84 44 40 7 55 35 73 14 20 96 95 96 9 56 9 56 35 59 47 63 83 55 23
26 61 79 79 15 30 75 35 13 94 100 59 42 88 52 77 24 69 22 56 75 48 13 73 72 63 95 98 1 31 19 64 76 23 98 77 51 55 6 66 57 33 9 29 91 91 91 42 23 48 84 53 43 32 64 93 24 80 97 71 5 28 26 95 26 26 11 9 60 15 39 7 49 86 45 50 1 49 76 86 51 56 78 9 68 4 99 11 68 73 14 6 26 89 66 20 89 6 99 56
36 34 10 69 25 69 29 55 42 63 95 46 42 7 14 99 96 91 63 28 78 73 27 69 80 69 20 64 94 17 44 82 27 56 45 28 33 73 27 75 77 66 8 12 4 3 23 49 53 58 4 38 56 21 27 46 46 26 80 86 59 66 51 72 80 59 64 47 84 45 4 54 35 46 74 44 96 59 43 6 75 10 78 84 29 20 74 23 78 45 1 61 44 56 24 50 40 68 80 20
40 89 78 61 62 90 22 20 41 59 89 97 43 56 63 43 1 66 18 89 30 51 18 75 42 66 26 92 52 18 56 14 54 78 30 73 33 51 51 100 24 50 79 80 70 16 45 35 39 81 52 40 84 49 77 33 11 15 65 12 86 82 16 96 43 15 43 56 59 70 78 60 94 39 9 44 2 67 94 25 40 73 54 32 37 63 67 69 70 99 86 68 97 90 95 10 69 49 61 9
26 60 58 98 3 100 32 87 69 46 33 66 38 38 92 41 30 42 97 60 55 93 14 33 2 8 17 80 1 46 79 10 84 4 57 4 93 59 92 9 95 90 42 83 33 86 92 57 88 23 79 49 20 16 77 100 97 15 58 1 81 48 25 94 35 87 12 23 94 28 17 18 13 34 18 37 70 50 57 37 38 45 38 94 14 98 67 22 79 28 85 13 82 36 88 6 13 78 90 23
56 61 86 27 61 43 93 88 95 89 89 75 51 91 13 29 97 23 31 40 88 23 11 19 64 11 31 24 16 46 66 67 12 4 96 35 10 56 67 14 88 61 52 44 55 66 10 34 82 66 85 98 6 47 6 23 4 54 40 99 74 43 85 40 91 87 62 52 48 50 42 83 9 93 64 41 48 75 100 50 43 18 71 36 25 48 7 77 6 48 52 78 42 95 36 7 20 10 86 53
73 91 26 21 52 69 4 97 4 50 74 79 28 22 45 96 14 44 40 100 7 53 92 57 69 4 46 20 74 5 77 100 27 96 19 92 66 54 12 97 63 24 26 26 51 11 99 19 96 60 3 9 27 96 12 78 12 59 33 84 20 79 31 8 32 94 95 24 26 89 96 43 60 95 66 4 64 50 31 10 38 30 35 62 70 66 3 4 55 71 73 64 48 27 5 25 55 59 81 77
26 98 84 56 4 100 49 58 18 4 38 56 36 27 41 75 74 61 51 64 30 41 15 66 49 98 17 77 81 92 24 100 44 51 53 30 66 38 99 82 81 66 16 79 57 25 94 59 7 73 48 67 83 50 82 29 84 39 100 15 89 53 37 6 12 73 60 80 97 49 33 46 12 12 64 61 33 32 43 46 34 97 61 12 60 33 30 26 34 100 90 16 96 71 91 56 58 44 90 16
5 28 65 66 59 79 47 34 78 15 43 69 73 75 87 38 38 68 45 23 27 19 6 2 94 82 14 19 51 85 70 1 48 94 9 85 34 15 27 48 76 37 39 59 75 94 9 21 12 30 92 11 18 8 95 91 79 80 63 23 90 100 43 71 38 33 71 77 23 6 15 68 39 43 58 47 89 91 85 45 67 83 84 69 21 73 41 39 79 80 8 90 82 41 79 53 14 7 37 18
58 61 63 23 84 38 3 54 87 43 93 12 77 39 80 93 72 51 54 57 37 91 14 39 34 90 97 21 13 62 63 78 47 46 81 74 56 69 99 43 7 54 99 6 34 48 9 21 41 87 94 18 58 87 56 56 77 16 49 65 53 40 43 8 55 29 60 19 52 98 49 83 92 61 27 40 10 77 58 90 3 22 53 32 39 93 58 69 90 67 59 5 66 54 68 74 97 57 21 25
57 49 57 72 93 79 18 6 48 77 35 18 91 18 78 29 12 50 17 8 21 74 29 13 46 36 10 19 40 83 24 76 39 50 68 45 79 54 63 75 18 8 51 25 77 46 43 9 36 100 10 22 37 97 35 24 65 28 25 80 38 89 6 42 60 81 40 93 84 36 66 80 9 88 24 52 44 5 15 82 65 66 61 20 43 30 76 72 15 44 84 32 97 18 64 38 58 35 85 61
63 95 57 8 41 85 43 100 40 59 27 44 75 14 78 61 57 64 99 49 66 63 17 36 39 57 18 92 84 69 87 19 30 52 82 11 6 40 74 7 34 89 14 82 66 64 36 80 9 74 73 96 90 69 75 53 98 100 77 72 100 5 64 10 21 26 66 18 45 68 85 82 41 32 71 27 92 75 77 30 12 8 52 49 78 83 10 70 37 54 66 22 85 46 72 43 77 97 15 24
87 64 61 82 30 68 15 41 32 74 62 94 81 78 8 23 47 72 61 70 47 51 42 69 93 48 59 18 50 20 73 93 41 14 48 74 12 55 4 18 67 97 14 75 24 40 51 35 51 60 63 64 27 1 88 90 36 35 18 75 66 39 59 14 76 88 89 75 64 48 100 75 91 70 86 30 49 42 9 97 22 45 89 98 9 50 30 93 79 28 92 50 46 97 99 70 87 91 1 4
41 43 70 42 65 71 62 73 50 76 29 13 39 24 6 41 71 15 35 81 41 36 9 19 26 97 57 5 42 76 17 12 32 53 14 100 25 98 24 62 79 10 77 27 56 19 57 78 69 82 85 73 90 96 90 72 60 36 57 43 35 57 86 33 53 22 80 40 23 43 51 84 60 30 74 18 94 47 65 27 42 36 15 92 31 46 45 28 20 44 83 72 1 85 54 82 99 74 57 45
52 64 100 54 13 48 76 87 75 46 45 16 83 28 58 99 4 56 52 17 30 40 32 34 75 26 48 56 25 27 53 11 41 35 77 70 55 1 48 41 34 10 60 29 63 26 49 93 30 53 83 66 96 39 80 10 93 42 8 95 59 63 40 39 58 42 100 2 88 9 65 57 28 54 43 49 83 51 92 24 95 82 76 19 69 12 43 30 87 1 10 49 83 19 12 52 13 40 75 59
90 43 31 33 40 4 26 70 27 68 54 74 27 6 77 9 64 21 74 21 79 68 81 4 27 47 2 95 66 54 55 89 84 42 88 6 66 98 23 22 10 82 31 35 36 51 1 1 3 43 79 81 47 13 92 90 11 50 79 82 63 94 69 42 76 31 29 73 74 62 35 50 77 89 80 30 85 95 51 29 52 21 18 37 51 94 83 90 32 45 2 65 74 34 90 64 13 62 86 14
51 20 3 53 37 44 18 77 97 63 95 15 97 97 88 71 34 62 16 97 32 92 31 60 10 4 25 99 2 40 74 95 54 28 55 52 9 40 47 48 42 55 42 40 31 96 77 75 34 8 54 79 44 3 76 48 29 85 79 98 52 1 48 57 3 45 73 51 88 79 35 36 76 83 46 99 57 79 34 95 9 91 41 54 61 57 83 45 68 12 75 7 19 97 25 5 96 30 11 44
52 83 63 35 79 27 39 97 81 55 59 94 96 14 8 20 89 52 68 28 39 67 83 10 61 51 84 4 1 30 52 40 57 16 88 23 89 13 80 52 27 47 93 55 41 96 64 78 55 14 92 23 23 98 8 24 31 44 97 39 92 80 50 64 75 5 17 45 47 29 39 58 17 3 11 68 49 95 72 85 55 39 1 31 52 27 97 84 19 22 27 30 84 38 32 68 43 37 53 12
59 95 44 45 84 62 25 34 93 69 63 84 64 36 16 52 45 28 25 82 92 67 93 2 22 91 95 95 98 44 18 21 29 87 98 33 11 65 22 67 33 42 91 64 21 73 26 54 35 64 45 6 90 3 52 2 90 22 83 75 38 2 91 23 46 86 8 52 47 56 67 84 59 67 93 86 71 9 44 35 93 23 73 40 60 24 48 5 24 21 14 51 79 68 29 26 8 33 48 84
14 1 40 95 87 89 91 68 16 78 9 88 60 92 48 35 75 14 100 91 95 94 65 98 5 39 45 16 27 4 46 56 65 71 12 49 37 28 36 78 5 36 69 52 86 73 51 32 36 89 78 100 12 61 64 40 93 61 26 57 12 19 6 96 94 33 50 80 34 40 44 86 16 62 38 61 54 93 64 48 21 56 45 33 4 58 1 81 44 21 87 46 64 91 99 16 100 84 40 98
58 9 23 93 60 87 68 69 99 76 68 74 74 85 49 48 83 4 46 53 66 99 11 91 93 1 59 80 56 73 95 100 73 66 18 52 10 48 43 18 100 62 37 18 56 96 15 86 87 55 85 87 56 43 98 9 80 3 31 15 90 75 4 92 67 91 21 12 7 66 77 39 93 50 5 89 7 44 65 55 22 20 10 61 17 6 36 48 22 15 4 55 29 1 69 9 97 58 44 48
8 78 41 60 89 72 36 61 18 73 92 73 28 22 66 94 30 4 90 57 60 58 33 67 21 73 54 31 96 9 73 52 50 100 35 97 74 33 90 2 27 58 10 92 62 11 95 88 15 75 41 94 23 72 30 66 49 88 4 51 18 77 42 3 46 23 29 8 76 83 85 75 11 4 11 7 10 84 58 63 64 61 67 48 22 24 74 97 28 66 14 94 1 72 45 19 68 80 32 70
54 51 70 42 9 14 81 14 14 70 15 78 67 49 9 37 94 50 9 40 55 13 37 78 22 69 28 63 85 38 63 98 34 48 62 85 84 76 47 16 18 94 37 95 91 1 18 70 75 83 18 54 80 8 4 67 67 20 29 72 96 43 79 13 3 66 39 39 42 86 5 5 29 7 96 32 26 51 28 85 99 83 24 91 13 11 15 17 87 9 89 1 81 12 86 26 93 49 69 74
66 67 29 22 85 49 32 58 85 33 62 51 30 84 91 41 25 73 55 19 56 25 42 99 60 58 30 93 50 41 12 56 47 6 88 98 94 6 70 1 64 19 2 37 81 4 59 75 26 92 67 45 74 47 11 68 99 37 89 37 23 82 48 72 35 87 88 12 86 53 79 43 91 59 5 64 58 52 90 87 70 80 47 74 92 67 14 5 47 2 75 81 62 55 86 60 69 90 34 23
22 10 98 68 63 41 62 56 98 4 91 55 86 64 51 95 68 1 90 7 88 86 48 98 60 90 74 25 64 73 24 72 80 34 96 13 78 23 38 14 57 60 100 70 36 78 47 22 50 36 12 55 43 63 46 54 82 30 81 78 31 27 86 4 13 52 75 74 6 91 65 40 83 56 48 97 93 61 55 27 41 98 62 18 20 58 29 27 60 37 43 36 63 59 7 43 65 32 70 71
18 85 70 98 7 53 29 78 22 99 68 45 38 47 64 83 73 28 25 78 58 11 47 68 51 99 4 11 91 68 6 26 20 36 100 93 70 44 55 66 71 83 20 100 13 86 53 81 93 84 19 59 87 43 41 54 87 84 65 44 83 42 16 42 45 79 28 23 57 87 45 47 45 64 60 8 72 33 33 95 25 25 42 94 17 35 39 63 68 16 81 51 48 45 84 44 56 47 88 13
91 8 35 62 23 49 97 92 98 95 21 75 1 99 32 71 97 19 40 5 59 2 54 48 74 32 13 80 84 88 28 22 24 25 59 10 21 82 24 9 30 54 100 44 26 53 19 15 41 18 32 51 10 47 54 87 97 32 89 16 81 39 25 54 21 40 28 58 21 94 76 54 46 43 68 6 34 56 8 37 85 45 34 45 26 83 38 9 88 17 70 23 31 34 45 74 84 33 44 33
92 54 19 81 57 9 58 86 85 18 82 19 98 67 78 57 37 37 89 90 16 74 42 29 42 92 4 2 38 33 84 16 70 30 57 75 77 3 70 32 59 25 93 38 71 3 27 7 100 31 4 97 47 2 4 4 29 89 80 88 41 3 13 78 19 98 78 86 17 95 10 83 50 48 39 42 58 57 50 26 38 65 76 66 87 26 77 21 100 40 55 68 64 27 72 65 85 20 86 88
60 80 96 14 56 49 28 83 38 71 61 29 86 42 34 61 41 87 99 11 48 28 41 94 83 50 44 92 85 8 17 76 49 19 9 27 95 62 17 48 92 14 63 6 23 65 23 12 40 30 74 97 95 16 48 44 80 51 19 88 23 29 68 9 13 22 99 23 46 97 79 6 96 34 84 5 49 11 60 51 4 80 88 34 87 67 71 79 77 6 36 60 86 74 76 44 23 19 30 2
41 46 61 76 76 63 59 64 100 19 1 11 87 91 50 93 21 33 82 59 79 8 6 38 31 67 94 77 77 91 85 63 83 46 30 20 78 82 78 28 20 89 30 18 31 32 62 18 73 8 48 36 62 74 35 76 99 67 67 41 15 53 22 25 3 99 37 64 14 75 47 92 35 24 96 72 11 76 41 66 56 22 16 59 41 75 92 33 78 40 30 94 96 31 42 6 52 46 59 46
65 76 34 95 75 9 96 30 30 4 90 51 75 9 37 99 86 32 44 29 9 54 68 15 47 70 10 40 31 95 91 40 64 16 31 17 74 91 1 82 2 6 58 20 5 24 44 18 72 23 51 43 55 81 23 76 62 76 68 50 47 81 58 80 1 41 51 59 26 89 67 86 20 91 34 10 93 94 83 21 88 63 64 22 65 98 28 16 56 94 21 83 10 58 91 59 59 33 80 73
38 62 14 32 82 86 21 91 16 32 65 58 70 50 4 96 64 77 4 72 64 91 33 76 12 1 69 77 38 76 11 85 13 16 75 44 38 80 12 93 33 88 100 18 68 49 1 98 49 82 98 93 91 87 40 49 64 68 62 8 20 5 88 82 6 33 77 4 25 40 26 12 41 78 3 61 23 10 69 90 71 30 40 82 68 18 3 4 87 57 53 33 42 47 58 23 74 62 82 10
29 94 34 20 58 44 89 48 83 83 14 1 45 76 54 100 75 93 39 45 80 40 67 68 18 57 33 32 28 27 46 89 21 77 61 67 63 82 75 40 3 41 38 83 31 42 4 5 90 91 85 46 64 42 14 17 78 78 64 26 36 28 3 70 39 98 49 38 48 73 73 64 65 20 88 70 86 57 90 36 84 25 40 76 55 67 94 100 22 15 5 58 10 27 74 11 84 10 34 59
62 57 77 43 23 74 80 63 20 74 64 93 46 22 91 2 53 51 16 14 98 48 34 17 50 83 29 53 31 93 9 53 2 1 33 97 54 45 1 3 59 83 10 71 29 88 91 79 89 37 30 99 77 26 8 91 88 15 53 51 61 29 95 55 98 99 53 79 29 2 6 4 41 94 29 92 30 97 23 71 77 85 54 24 80 84 39 93 56 85 62 83 2 37 26 96 28 10 80 63
98 18 88 48 65 49 55 24 25 19 51 94 94 56 19 43 12 56 15 1 64 42 80 56 39 63 9 51 58 94 44 93 78 55 51 26 9 79 53 55 82 13 48 95 75 51 5 76 70 86 45 83 67 13 14 93 35 65 42 27 28 37 32 8 55 32 68 55 63 12 52 45 78 94 64 86 94 79 85 49 96 44 62 21 11 18 97 5 43 45 7 45 38 49 23 2 20 37 82 60
42 51 47 53 42 32 83 78 46 6 86 69 86 13 46 26 1 71 41 1 57 46 97 70 34 16 73 6 3 18 57 19 39 21 82 91 87 69 73 81 86 13 39 4 25 40 10 96 36 53 42 4 40 84 1 84 6 85 62 71 49 55 92 73 82 42 55 40 69 10 74 39 57 1 1 67 26 99 30 27 71 9 20 3 19 52 8 24 85 70 68 30 81 15 24 16 26 98 54 76
5 44 59 93 71 46 71 97 37 10 61 53 98 71 8 28 83 28 36 96 2 78 72 13 6 42 85 96 28 40 7 68 65 88 43 58 49 22 42 62 54 59 94 87 80 30 49 17 19 96 95 49 82 62 55 14 79 76 73 60 87 29 7 86 99 21 72 94 39 2 86 32 14 86 86 65 41 23 10 21 8 31 47 80 97 35 50 77 92 31 58 62 21 65 28 86 54 14 53 28
13 23 81 71 99 25 87 76 49 58 17 21 18 98 63 43 31 88 62 32 57 89 48 39 34 98 16 8 100 98 77 45 97 35 73 14 7 72 53 87 54 28 85 62 63 49 4 73 64 1 89 55 18 98 22 48 49 40 84 76 95 6 92 65 38 27 80 87 9 13 81 60 81 41 17 16 2 95 75 65 89 21 10 74 82 11 25 1 33 6 94 62 75 85 56 57 86 57 44 24
75 88 76 29 78 96 42 23 2 55 12 25 80 50 6 75 28 7 50 59 76 42 16 84 59 39 61 60 72 58 77 43 17 29 85 94 67 14 93 45 17 11 74 17 13 93 71 87 43 28 59 65 11 17 40 10 37 39 60 100 41 59 49 73 30 51 45 57 5 16 59 83 18 58 25 97 5 88 69 85 80 15 33 16 59 95 54 24 81 48 3 88 47 77 21 93 25 76 69 23
47 77 49 68 65 85 68 75 63 43 16 71 46 76 16 24 44 21 33 92 85 77 41 40 39 57 50 1 39 85 72 29 92 7 19 60 80 60 61 4 64 60 11 40 66 56 33 72 90 34 41 39 41 15 97 2 60 67 96 83 69 28 29 56 84 76 4 67 65 94 66 50 93 23 37 51 51 23 27 45 34 23 80 52 15 20 86 64 10 95 94 52 85 1 94 55 29 4 16 72
11 6 77 35 20 85 40 45 63 15 50 86 82 15 46 77 21 23 96 15 89 38 48 10 77 62 90 20 85 12 90 22 18 79 15 70 27 64 81 48 4 61 6 8 76 98 79 76 12 43 79 99 16 25 7 50 78 4 95 74 62 12 8 50 84 100 90 82 79 23 31 68 18 24 70 80 10 58 19 66 46 17 93 38 56 69 23 98 70 65 68 90 11 58 1 43 16 62 69 67
55 96 79 31 26 11 74 85 35 26 86 4 97 100 46 19 97 8 47 95 14 29 71 41 99 95 89 34 55 22 86 68 3 52 71 82 37 70 44 80 22 95 71 81 14 38 28 75 10 16 40 41 8 74 43 92 15 16 7 82 13 27 36 92 72 8 69 70 47 51 73 47 24 7 6 69 14 83 2 86 11 96 97 28 38 86 14 77 65 70 79 20 60 21 43 76 67 29 71 50
43 54 45 80 91 16 32 95 55 51 32 26 49 55 12 51 88 89 9 28 67 18 1 88 61 91 58 3 94 29 69 27 70 38 94 54 54 93 51 2 4 86 68 100 92 93 58 1 51 2 60 100 70 44 12 95 60 4 92 80 14 54 98 63 17 3 45 66 62 69 97 95 21 80 26 24 90 5 80 41 66 16 70 36 85 11 56 100 16 38 25 100 10 3 96 2 97 3 42 10
70 95 31 56 2 79 54 33 72 27 53 46 89 14 38 27 17 93 79 10 38 70 33 44 80 37 56 96 51 7 48 85 9 12 72 17 45 6 2 64 74 3 71 40 40 12 98 45 9 64 8 82 52 72 7 76 29 72 3 27 84 6 9 1 86 10 28 97 72 54 66 70 66 1 9 51 89 93 88 25 89 58 16 67 31 1 25 60 69 94 86 2 4 78 22 30 4 64 25 51
93 59 34 39 77 42 50 6 77 57 85 62 1 78 82 19 74 27 44 33 27 33 97 21 73 83 57 38 60 62 51 3 3 80 8 56 12 11 12 23 68 35 73 74 67 71 25 74 95 50 66 33 34 64 35 67 43 98 22 79 96 2 43 1 74 79 53 18 11 56 42 57 31 75 34 90 64 15 44 52 97 37 55 27 84 69 34 93 19 98 58 17 96 3 79 49 20 84 94 23
8 67 92 18 90 95 3 85 66 53 8 20 22 6 22 67 90 92 50 83 96 80 53 62 20 57 56 86 26 32 63 40 64 93 31 25 41 89 21 2 26 20 40 32 15 77 2 47 24 23 7 14 19 51 71 76 69 17 96 78 21 70 26 55 1 10 76 78 64 4 84 56 99 25 71 44 84 73 56 41 70 45 13 29 25 48 9 23 57 79 82 32 17 69 23 31 79 59 32 80
80 7 24 53 12 89 63 14 29 64 11 60 71 56 68 55 52 83 89 42 83 87 70 45 44 68 86 5 43 42 48 86 64 27 2 61 46 98 95 62 47 94 2 78 65 15 84 20 13 63 23 50 64 40 94 51 96 23 56 50 82 73 11 54 82 67 38 39 74 61 72 50 64 76 62 50 28 2 84 12 55 39 36 90 73 57 79 72 26 84 86 28 33 57 10 36 70 12 15 59
33 73 95 14 49 66 17 24 95 67 43 92 85 26 85 94 89 13 44 4 39 8 68 31 35 97 27 70 49 11 90 12 71 1 16 80 11 25 13 11 66 1 59 81 9 66 24 41 18 98 23 36 47 10 70 70 6 21 45 40 66 91 90 55 88 93 92 28 58 73 27 86 71 52 32 55 89 17 24 55 21 16 66 44 55 17 15 96 78 62 69 94 52 28 25 83 60 62 84 61
77 47 10 47 16 54 72 34 56 84 40 15 17 40 66 83 11 75 41 93 81 75 98 35 26 76 100 90 17 98 3 88 98 94 80 15 39 55 88 12 55 2 63 92 38 92 64 80 81 89 92 80 83 22 78 51 34 33 50 75 70 25 74 23 52 51 62 21 22 85 10 24 98 83 79 35 69 60 43 87 44 100 33 97 15 59 50 99 89 28 66 50 64 9 76 50 48 60 97 20
82 59 74 64 96 57 52 48 51 54 23 76 17 24 67 66 56 99 21 27 74 40 23 17 20 31 41 5 66 67 83 17 48 86 80 96 70 12 61 80 15 90 78 6 53 46 89 82 67 71 65 86 10 47 35 43 80 16 15 70 29 92 76 4 9 86 9 23 93 6 98 32 6 14 22 44 58 24 78 1 38 58 60 23 40 65 99 77 39 10 34 28 81 45 52 44 10 35 33 54
77 29 41 1 90 99 1 68 26 9 96 100 55 73 77 85 96 51 71 47 61 89 76 70 100 94 59 85 6 72 3 30 77 12 54 60 50 69 86 17 88 36 4 41 48 85 58 69 77 84 86 8 40 62 48 67 31 4 29 34 38 15 45 27 8 8 96 20 23 73 91 84 1 10 15 31 47 34 40 64 69 5 80 90 14 9 74 64 31 54 94 30 95 92 54 97 97 15 53 97
70 51 10 31 72 18 12 55 90 40 17 95 98 17 37 98 86 77 71 36 55 31 38 65 65 25 89 24 81 7 30 68 58 76 35 13 88 79 33 18 4 68 80 38 28 87 67 83 40 44 98 73 36 14 13 55 44 4 61 63 10 26 61 36 18 21 29 76 9 19 4 9 98 69 61 41 4 34 100 31 18 37 75 58 66 8 19 89 61 44 54 12 67 53 86 93 8 32 85 79
38 7 66 9 24 13 4 16 20 85 88 72 29 63 66 81 2 85 86 14 15 41 47 21 4 91 28 25 86 14 64 17 46 24 12 63 85 8 31 91 13 55 62 98 87 85 12 96 56 93 58 29 76 10 6 96 81 90 69 81 79 30 8 15 30 12 81 43 40 75 89 67 39 34 100 16 53 89 48 43 71 4 22 61 53 78 3 27 66 29 74 30 87 90 27 93 41 87 45 16
3 73 46 84 47 88 73 47 12 36 96 37 76 22 30 98 73 35 2 40 26 17 84 56 27 45 20 11 43 75 79 79 79 53 34 56 9 52 97 54 36 39 24 82 14 51 77 35 74 52 58 7 19 7 67 56 66 98 81 63 12 93 59 81 6 11 26 7 13 53 62 32 55 90 20 96 74 21 1 30 95 84 90 11 26 100 49 46 44 96 38 60 67 18 47 49 88 30 60 24
86 85 23 40 60 52 49 11 62 37 29 49 40 66 25 96 85 75 53 89 38 33 47 94 47 7 57 57 14 17 80 36 19 67 67 78 40 17 20 65 21 62 6 62 64 90 42 30 22 4 26 93 50 45 92 40 77 52 22 52 7 58 19 38 98 91 55 29 92 57 98 90 92 63 61 100 82 47 95 77 91 83 91 9 11 67 52 35 76 80 38 36 93 27 42 23 85 92 50 27
72 7 59 88 60 86 71 81 70 65 100 61 62 34 64 34 53 44 43 65 100 95 9 79 55 54 3 73 39 38 9 88 50 73 84 56 56 65 29 16 6 89 5 37 50 86 29 60 65 34 8 33 12 99 100 91 6 22 71 96 67 27 9 79 2 89 45 55 59 13 99 64 40 96 38 51 62 92 26 35 78 13 71 18 89 35 63 19 100 5 68 72 2 98 91 43 2 47 78 66
32 50 22 13 98 64 66 23 52 48 49 45 2 63 76 21 92 49 53 88 56 89 66 57 70 57 19 93 74 90 60 28 20 63 51 83 52 11 13 80 5 85 49 96 56 39 5 94 39 93 90 5 63 30 26 64 50 66 97 49 92 97 14 56 47 63 9 45 61 55 41 6 84 17 18 16 81 10 10 94 48 79 41 58 93 45 39 20 87 43 78 71 48 29 53 94 5 99 43 81
76 58 93 58 72 93 47 73 6 23 94 51 13 55 22 41 40 74 54 19 84 11 75 81 34 84 2 90 38 13 57 71 23 55 5 42 90 28 33 4 100 72 41 18 90 7 63 54 61 87 71 52 17 20 72 4 38 9 11 41 100 16 21 5 94 85 67 94 50 52 59 40 88 76 30 5 25 27 99 3 67 20 31 51 90 70 53 39 39 11 46 60 65 48 31 76 33 21 16 53
93 43 25 52 28 54 41 63 57 59 71 17 67 63 37 50 21 18 57 70 82 37 95 97 33 90 15 18 77 44 77 74 77 69 22 58 39 12 85 26 75 3 36 40 58 32 4 12 25 18 62 67 83 22 27 51 84 16 51 68 77 42 98 33 20 43 42 79 37 16 74 32 11 34 73 27 18 43 9 36 97 74 30 61 29 4 33 24 22 41 91 38 19 40 15 98 46 52 10 75
46 83 56 80 96 93 92 59 85 20 95 6 86 4 68 97 54 9 70 57 35 43 74 90 100 16 47 44 14 8 50 17 67 28 19 89 14 93 74 32 43 72 100 57 70 59 14 76 22 6 65 52 57 81 26 73 12 74 90 91 57 18 98 51 76 70 100 94 18 66 66 55 35 69 78 73 73 10 69 80 6 2 42 41 5 57 4 8 43 30 7 90 3 89 22 62 58 8 55 87
46 5 69 49 96 32 4 54 14 35 20 57 2 58 94 44 54 41 45 12 64 9 44 8 69 54 52 36 30 16 100 32 5 29 92 8 34 28 21 21 92 63 16 22 12 39 27 8 51 17 91 74 21 43 81 100 78 64 28 28 52 67 59 81 91 79 38 89 38 27 38 99 52 22 38 12 50 96 43 42 86 20 55 86 34 73 78 6 82 44 37 89 84 88 63 82 44 42 84 12
9 87 60 27 50 17 18 31 48 45 8 28 30 25 1 58 32 78 58 14 69 40 66 35 84 15 65 74 40 6 82 44 92 86 15 90 72 58 36 2 38 26 29 91 87 64 62 59 14 51 45 49 47 27 87 29 60 52 42 93 51 64 53 11 82 22 29 96 83 90 37 71 88 44 42 22 58 5 88 73 36 68 95 46 37 80 78 96 72 81 41 59 80 49 69 43 12 90 34 67
84 85 14 19 16 63 35 63 45 69 62 31 95 77 40 17 36 5 99 35 19 95 43 65 78 91 68 97 99 76 3 52 38 8 53 94 85 87 48 63 33 89 4 97 80 36 20 50 61 69 36 21 21 15 21 72 60 94 61 75 50 92 27 61 3 40 70 49 67 55 10 9 71 78 63 87 26 65 20 96 39 39 57 42 2 93 82 71 9 69 61 98 6 38 70 49 37 4 21 56
26 94 63 68 2 39 47 44 56 16 98 99 76 99 96 31 3 81 88 90 99 25 45 82 7 66 39 99 82 89 64 14 63 44 9 78 16 28 84 56 80 64 15 46 49 28 69 95 43 8 52 83 93 29 14 32 26 44 19 14 8 47 96 94 56 59 81 72 71 30 62 35 59 100 16 58 91 56 20 37 66 32 8 73 98 11 39 47 26 69 45 53 58 45 78 21 46 72 82 19
61 58 11 98 60 34 28 28 58 95 30 34 71 27 82 55 80 71 64 58 20 21 76 38 69 100 26 63 1 6 38 66 73 33 62 82 62 48 37 91 82 47 53 30 47 96 40 18 78 14 62 21 37 44 21 13 77 32 53 41 74 62 85 97 89 97 19 82 23 56 25 55 27 20 56 7 76 76 98 31 61 33 13 6 19 12 53 13 45 8 77 11 14 88 27 82 87 53 40 73
36 22 66 100 22 71 95 3 60 38 78 30 27 17 43 22 65 63 98 78 9 72 99 64 95 67 71 8 59 38 28 63 45 59 20 3 10 53 39 47 76 87 44 49 73 40 1 23 1 97 12 23 28 78 36 98 13 97 35 47 25 91 41 61 80 23 79 38 69 46 70 85 41 4 53 73 21 68 81 58 97 84 33 93 79 29 45 27 72 91 9 85 45 85 31 32 80 48 66 71
53 83 95 77 46 75 98 41 51 42 6 93 37 27 63 95 5 61 86 48 82 94 3 70 85 69 66 95 30 96 89 69 10 3 65 78 62 49 70 21 88 75 83 29 4 5 41 47 88 95 39 45 75 30 14 37 69 98 82 71 43 1 48 87 99 97 79 2 8 10 100 61 12 74 45 50 86 7 53 57 1 38 5 70 82 38 28 65 67 41 87 16 38 32 48 97 5 7 64 49
77 49 28 73 26 30 21 18 8 10 7 36 60 56 29 54 49 72 20 58 46 29 66 87 2 77 88 85 5 86 78 36 36 10 5 27 36 84 15 65 90 4 55 85 47 52 29 65 6 70 98 63 17 56 56 15 86 66 40 50 7 49 82 35 20 22 28 48 57 20 94 7 90 96 58 38 90 14 72 54 5 46 79 60 57 80 78 26 76 11 46 8 61 26 12 77 88 78 84 20
84 54 56 14 93 83 81 21 93 74 43 19 21 5 81 34 71 54 62 86 59 14 53 34 33 38 20 25 85 95 8 53 85 2 36 6 98 23 35 17 37 29 66 39 16 8 69 2 52 92 48 22 8 62 7 8 42 53 83 3 60 55 72 96 42 41 30 65 55 57 73 55 43 39 52 29 92 35 86 10 53 72 84 68 49 45 29 46 10 49 41 5 77 70 54 23 69 54 77 53
96 80 66 9 39 35 76 61 43 98 44 73 15 57 50 2 16 15 94 92 8 30 28 82 91 95 56 79 75 49 8 99 43 75 78 31 34 51 77 38 68 44 43 74 56 25 100 86 72 59 59 14 97 32 84 71 51 86 16 37 54 74 61 83 61 86 99 2 63 23 4 31 36 46 15 29 74 92 53 43 56 76 27 20 57 72 34 35 1 13 62 84 9 35 57 35 65 19 89 79
100 22 67 8 23 56 40 20 64 100 1 33 23 48 87 36 53 10 48 28 18 16 86 71 72 90 35 94 23 98 60 88 77 31 84 92 73 75 28 58 85 34 98 14 86 83 41 9 22 91 94 4 42 3 71 80 1 86 57 27 63 21 84 3 20 60 18 19 19 73 50 20 54 26 93 70 85 36 30 22 28 29 74 88 82 69 5 80 53 32 76 5 52 63 14 37 97 45 11 7
3 91 31 18 53 27 14 35 32 1 96 75 71 79 65 84 6 56 79 74 6 90 58 40 52 31 14 86 44 21 54 85 18 83 15 32 16 53 100 76 47 67 83 46 4 6 81 60 34 62 79 74 19 30 25 10 15 63 46 71 67 76 6 54 86 69 95 81 42 22 56 16 5 27 58 88 3 33 33 89 47 5 100 14 65 77 13 82 67 68 13 32 3 93 41 40 50 36 60 12
72 93 71 20 11 79 14 16 34 46 18 67 35 23 44 12 23 29 86 49 26 36 94 61 59 65 11 62 43 61 27 38 59 62 86 24 71 5 8 95 15 18 64 84 56 92 19 4 28 39 82 17 60 81 97 96 6 83 30 44 9 15 64 73 3 3 63 48 29 89 75 95 57 21 86 32 23 77 89 56 88 45 53 67 34 35 49 60 3 87 17 60 8 38 75 72 45 38 80 32
73 26 27 48 83 94 67 61 84 63 42 15 85 26 10 84 13 30 33 15 58 23 45 32 29 90 37 71 18 47 44 5 64 1 18 79 13 55 68 41 63 50 42 15 53 57 32 15 69 18 41 18 50 71 69 86 70 13 77 17 39 32 38 44 28 13 47 3 40 57 63 24 50 51 49 13 72 50 82 53 3 62 20 95 12 30 92 68 56 20 39 79 4 83 24 29 48 94 72 77
56 43 38 63 74 56 77 85 34 65 17 26 74 40 10 79 50 79 62 51 98 4 97 56 18 23 79 3 91 83 74 81 87 91 8 6 23 95 48 72 26 14 19 93 93 30 11 62 73 40 82 97 41 62 69 74 46 15 38 2 13 60 59 57 75 47 65 89 23 100 98 87 72 15 12 98 76 43 63 44 28 6 77 18 72 10 44 96 1 42 79 54 66 76 95 91 100 78 92 33
16 72 58 60 7 67 90 81 82 20 93 23 89 81 54 14 86 22 74 35 33 38 55 9 57 14 19 94 13 45 77 16 67 41 13 86 96 78 19 51 18 54 65 1 59 4 1 76 8 23 88 35 43 10 64 25 86 13 32 11 86 3 25 5 71 40 22 37 80 76 14 82 17 30 75 39 14 85 44 94 92 25 23 3 73 29 5 74 73 2 19 37 74 92 94 54 29 29 90 36
84 57 70 86 98 33 20 62 92 57 66 93 9 81 24 57 79 97 34 86 38 48 99 72 69 12 75 34 3 91 86 93 85 13 21 31 28 6 52 23 26 98 65 97 100 42 58 17 43 74 13 38 96 16 30 1 10 88 70 8 95 87 90 29 70 79 99 64 78 11 88 42 36 52 81 13 28 45 18 59 55 9 73 57 95 8 45 90 4 92 3 91 77 80 79 64 31 26 23 37
33 4 22 98 86 17 33 57 24 62 79 1 74 21 97 92 57 65 85 27 13 42 93 12 98 52 5 6 24 88 33 10 94 36 56 51 74 81 48 65 7 7 63 43 75 82 36 72 55 45 92 17 24 10 13 43 40 13 8 19 17 23 66 55 4 81 58 49 44 54 33 78 97 4 25 86 25 59 99 74 77 69 69 57 9 82 6 60 81 12 17 56 19 10 65 9 24 6 58 41
97 49 30 80 97 41 81 75 67 82 79 77 34 67 68 54 30 83 87 44 52 4 78 75 84 76 19 45 24 59 35 26 10 28 55 9 83 5 5 86 91 14 34 26 86 64 2 13 93 29 38 12 14 25 68 24 56 46 75 55 59 90 13 21 97 26 32 79 66 18 46 31 46 96 24 15 82 39 27 51 100 59 65 20 19 11 2 94 1 78 98 18 96 53 38 36 42 31 63 97
23 92 42 86 55 50 95 46 9 32 82 77 15 17 86 53 72 65 9 37 39 69 76 67 68 44 74 57 71 53 88 45 36 5 64 51 56 51 79 9 60 63 24 6 93 29 91 81 36 64 71 5 70 24 51 91 16 69 42 82 34 36 29 88 44 17 69 50 35 44 28 35 90 90 47 83 39 60 94 40 19 8 82 70 21 89 27 55 13 70 25 21 36 40 52 88 24 94 32 67
97 1 46 18 61 62 40 72 38 84 46 91 21 16 27 9 59 72 98 73 77 85 3 25 23 52 39 24 87 55 77 72 78 77 48 54 38 63 29 97 75 24 55 26 88 29 38 4 32 88 51 89 2 22 3 87 39 55 67 19 56 18 62 64 63 24 80 92 23 65 60 10 78 19 62 48 58 100 1 41 74 56 81 26 15 30 60 86 90 44 90 27 74 27 10 39 48 12 75 22
15 76 71 46 81 16 32 24 40 11 47 95 12 22 67 75 89 56 90 42 30 77 30 50 56 89 13 82 11 10 94 47 27 7 86 62 82 35 26 44 26 5 48 80 7 89 74 33 85 51 44 18 29 9 54 89 74 94 41 59 67 96 2 20 78 78 15 60 59 67 99 63 79 72 92 92 75 28 20 94 87 90 35 16 12 20 72 45 6 74 12 22 53 75 38 60 5 77 85 90
96 94 13 27 62 9 84 57 78 76 34 36 47 21 54 21 61 86 45 68 64 41 98 13 83 63 50 50 11 85 97 95 53 25 27 25 48 90 32 19 42 23 47 5 55 68 3 26 16 16 48 48 41 26 54 46 16 35 24 59 51 94 33 49 77 80 42 2 66 71 62 58 52 54 13 95 38 7 95 58 30 37 72 27 16 79 26 58 69 13 4 82 86 7 85 5 44 18 32 63
27 13 77 9 68 56 21 72 80 47 92 73 54 8 36 24 18 3 20 93 99 28 97 43 8 49 16 18 60 42 69 77 55 86 14 60 60 30 70 60 18 3 77 35 13 28 15 61 39 84 9 31 54 26 43 89 69 57 57 65 25 28 25 69 69 89 96 86 34 13 47 70 64 18 47 83 60 75 16 22 92 48 56 45 14 38 15 79 70 23 39 45 39 61 90 49 86 43 30 20
37 23 75 83 7 4 23 66 95 54 26 91 41 32 94 52 96 97 48 3 51 6 53 25 55 97 19 87 94 13 74 56 7 56 71 6 98 71 30 20 41 1 72 54 78 19 63 37 41 99 83 30 92 25 11 79 84 57 74 35 24 40 30 70 85 73 84 27 28 21 45 100 79 57 98 34 92 56 4 97 36 19 93 80 23 54 35 54 48 69 100 65 20 68 76 27 76 6 3 28
34 2 54 39 62 94 6 87 18 33 4 90 97 34 30 21 90 91 19 56 66 94 53 50 21 43 10 72 28 44 81 13 98 96 13 23 74 97 68 3 42 45 47 37 27 93 71 37 66 30 51 68 45 86 23 3 9 15 95 23 53 59 2 70 25 60 61 26 59 89 40 83 16 6 55 94 65 47 77 48 8 79 88 33 5 1 86 70 26 56 59 29 16 69 83 86 30 7 44 24
85 97 27 61 33 47 22 35 58 79 29 85 45 15 23 54 50 89 97 10 27 73 52 23 72 13 25 38 85 57 100 46 67 83 40 27 96 15 17 84 51 86 100 56 72 68 61 65 100 53 53 32 69 77 74 100 98 76 48 90 82 26 52 36 19 94 9 13 38 17 25 51 98 41 39 3 77 95 83 70 5 31 72 13 88 95 50 95 56 93 77 2 67 13 11 80 28 59 58 13
29 17 59 85 68 90 29 62 95 11 8 57 43 44 29 52 45 21 2 69 22 32 58 84 95 78 61 77 10 8 98 68 47 97 73 33 92 35 16 46 14 15 56 52 79 19 82 77 71 9 75 11 79 51 37 85 99 59 72 39 40 53 90 41 57 51 9 20 58 10 51 29 77 81 63 8 16 87 60 31 62 89 11 27 62 8 33 40 36 87 5 43 93 79 67 55 61 9 41 71
33 59 7 68 73 77 98 31 93 91 42 6 66 25 88 75 83 98 84 37 88 74 18 59 46 2 32 36 40 15 2 78 56 56 79 51 60 78 76 36 34 68 2 96 22 44 36 82 40 14 56 69 73 8 32 34 15 55 26 96 76 20 24 28 12 17 19 22 56 33 85 18 19 17 2 69 32 44 83 91 21 49 3 83 17 47 98 77 24 8 71 66 27 6 65 75 8 44 45 77
23 21 49 81 1 5 34 13 59 88 40 93 7 95 29 34 80 52 21 62 47 21 74 71 94 52 39 66 6 46 10 70 59 71 35 79 58 6 49 98 71 50 14 27 16 74 84 21 41 24 89 47 1 21 37 45 13 49 89 37 96 45 36 90 97 99 12 87 35 55 1 74 31 41 62 22 22 2 27 46 14 7 80 52 63 75 49 51 68 21 73 36 3 74 66 78 18 100 88 14
33 9 25 20 31 21 13 82 52 7 75 19 8 43 45 85 85 20 28 97 32 60 90 94 30 68 32 62 72 41 88 40 81 89 45 10 48 53 12 22 84 3 34 59 27 11 31 95 46 55 19 77 36 70 31 7 64 26 71 93 7 16 26 97 22 77 43 49 17 60 11 29 93 77 42 55 25 81 52 10 100 7 54 96 24 47 100 83 70 97 100 52 4 100 71 36 86 65 18 65
45 90 84 11 92 62 50 56 6 21 65 15 17 60 2 16 29 30 3 75 39 100 70 53 27 59 22 73 99 59 71 57 13 66 78 41 54 47 49 37 93 5 17 72 49 44 84 61 28 88 49 7 46 51 20 2 61 88 46 56 67 24 22 84 18 82 74 97 84 84 20 68 4 68 49 90 33 15 56 80 68 88 15 7 40 15 24 7 76 96 28 84 46 82 57 82 29 87 38 14
40 24 52 5 1 86 77 43 62 84 36 38 1 73 21 50 22 57 7 46 63 25 100 64 24 83 77 37 39 96 56 42 87 97 5 50 4 11 40 25 41 95 51 12 59 14 85 18 12 25 67 25 20 20 85 25 26 27 77 42 93 17 8 51 43 59 11 88 7 12 86 69 68 37 67 38 90 54 100 49 88 87 92 26 17 100 49 83 97 56 34 67 13 10 13 90 79 27 7 35
8 99 18 60 53 29 19 86 97 14 14 46 51 69 60 31 89 86 36 70 33 46 42 37 32 35 87 43 59 30 52 94 50 55 27 99 32 35 41 64 32 29 31 43 91 64 62 90 18 92 15 1 52 13 62 75 30 79 26 9 8 6 99 79 45 23 47 51 46 24 62 5 45 72 58 89 5 55 64 53 76 84 85 7 38 73 3 14 86 66 78 94 28 44 65 97 75 36 84 89
93 20 3 87 80 7 40 42 13 92 30 67 41 14 72 62 79 68 53 19 45 59 45 51 15 88 56 23 20 11 10 64 89 38 7 44 7 98 54 63 48 33 21 77 13 91 26 69 81 16 7 97 30 89 17 12 58 26 98 23 49 44 97 77 47 10 87 33 26 30 59 85 70 15 95 71 64 44 2 71 51 90 24 49 54 13 71 56 96 17 100 55 73 47 84 85 13 69 54 57
86 63 81 20 69 7 89 64 51 77 1 93 66 51 37 62 9 73 11 12 23 70 95 53 44 28 1 20 59 28 82 90 81 23 3 43 23 88 13 31 16 90 94 59 91 20 43 62 86 19 16 92 86 75 49 49 44 44 68 55 47 59 89 50 85 87 66 48 4 45 98 62 26 85 33 83 97 16 79 55 83 48 68 95 46 45 81 59 82 95 47 56 97 53 87 65 58 74 19 79
39 75 88 81 68 90 37 20 41 13 67 25 62 29 52 32 36 100 37 56 24 83 5 51 53 5 50 14 1 20 51 30 9 29 99 26 9 31 84 90 46 57 27 44 62 10 5 67 95 87 11 13 36 8 70 1 63 84 23 27 56 99 91 44 85 73 80 90 12 39 14 67 35 38 93 32 39 57 49 20 88 90 34 56 27 40 49 56 33 61 54 5 47 46 77 54 11 9 18 61
7 10 50 27 98 48 15 20 77 97 84 76 68 40 18 93 68 74 79 43 80 60 48 46 53 59 33 45 41 24 51 37 76 32 93 43 8 60 22 26 82 48 15 66 75 54 3 54 55 96 35 61 45 57 80 99 38 45 6 97 41 48 87 46 11 34 77 84 10 31 39 53 85 36 95 50 37 69 15 74 60 9 99 29 85 41 8 9 95 16 65 83 63 96 22 88 72 5 88 71
17 89 69 75 4 62 99 84 54 86 25 13 14 73 61 96 18 68 39 35 20 1 87 51 64 70 86 45 48 1 78 73 88 97 38 2 45 76 59 40 37 31 59 9 90 46 30 8 52 12 83 22 13 13 52 27 34 66 9 55 8 96 4 1 45 49 67 100 45 99 6 98 78 28 84 94 36 1 63 55 33 43 94 8 37 13 72 10 88 10 15 4 16 68 13 94 71 39 51 94
72 89 80 77 41 71 30 70 87 62 75 27 25 2 11 2 7 83 65 37 85 53 15 83 91 33 16 88 81 54 94 82 68 12 90 21 2 24 85 41 7 23 73 20 59 54 70 13 92 44 48 13 94 35 19 71 2 52 64 20 86 65 97 57 80 42 79 8 42 88 30 60 58 1 58 9 84 60 16 98 62 52 87 10 35 35 48 25 1 52 97 91 23 62 51 12 67 7 16 4
88 56 59 61 9 80 68 72 68 17 23 45 65 6 17 35 23 93 77 75 2 38 55 9 39 48 1 72 76 93 3 70 46 73 13 72 99 73 48 94 59 4 61 25 91 24 15 11 54 43 38 53 45 41 78 63 29 81 90 98 8 76 96 73 95 34 47 50 19 56 31 4 4 41 49 100 56 67 18 41 88 8 32 12 20 81 32 28 87 13 93 47 87 43 46 15 75 26 64 2
13 69 27 54 13 82 61 1 1 2 97 18 39 17 30 43 97 56 58 12 45 35 56 73 68 11 22 15 40 42 33 57 61 90 79 97 10 5 82 78 51 52 78 56 70 26 60 55 37 82 67 31 74 63 8 68 31 17 94 12 6 58 15 25 73 30 90 6 36 16 91 4 61 97 40 60 87 9 57 32 74 74 4 73 76 61 54 89 76 6 35 84 27 51 36 93 18 75 60 29
48 28 65 7 56 50 25 53 20 47 51 75 63 27 51 65 44 88 77 40 100 98 43 32 81 74 41 62 29 47 80 63 85 1 1 83 17 85 43 59 83 52 13 70 44 8 85 90 85 95 29 9 31 67 26 74 48 10 54 78 63 31 58 90 11 92 61 94 12 39 52 5 67 37 11 14 65 2 89 39 52 52 24 84 78 87 8 5 22 35 4 84 97 92 6 63 89 37 93 66
11 37 56 74 56 77 88 65 41 16 67 1 19 42 17 45 15 49 89 66 91 43 35 10 49 97 9 43 22 31 20 85 27 15 98 34 12 21 66 69 35 70 49 61 39 90 1 70 30 67 25 94 70 80 27 91 91 2 60 98 3 100 95 45 39 53 85 16 9 17 76 10 32 4 91 23 85 52 73 68 39 57 47 85 13 10 85 93 24 7 47 19 10 38 57 35 29 81 52 69
23 50 78 31 92 59 47 85 98 58 22 46 49 31 70 62 18 1 34 52 15 4 21 30 16 7 31 15 89 27 97 82 23 10 31 77 87 67 39 41 16 31 8 45 87 40 9 19 11 40 74 57 80 42 15 28 19 41 19 21 15 33 18 26 79 28 47 97 35 97 5 1 79 16 51 48 9 16 28 58 36 100 48 3 79 34 27 30 5 1 12 96 80 12 57 55 94 56 63 97
32 95 42 73 71 27 65 61 92 90 47 96 90 32 71 56 40 30 71 4 60 10 44 28 100 32 14 11 10 66 65 77 42 70 30 80 98 17 78 72 27 66 90 34 28 45 48 79 72 98 33 7 20 57 84 84 79 29 81 32 55 28 27 16 55 37 60 1 72 69 47 44 62 97 90 34 81 18 5 72 9 78 89 40 53 15 19 94 12 30 68 20 85 32 71 47 16 36 100 15
17 57 97 62 25 76 38 79 88 32 93 78 33 10 24 29 58 1 20 28 90 23 55 16 47 46 72 67 44 30 44 18 32 100 62 8 75 46 17 62 96 81 82 6 35 35 17 11 59 41 2 13 83 27 1 15 88 16 27 11 79 56 76 83 27 83 91 64 90 59 6 69 70 63 52 67 50 84 10 53 57 91 66 4 86 15 22 96 97 70 100 98 1 30 41 64 75 23 66 84
23 79 11 46 58 75 95 14 63 68 75 39 70 16 33 1 61 86 9 29 15 27 30 23 68 51 54 80 69 66 26 4 92 66 88 64 45 37 78 64 94 34 10 94 97 34 46 16 82 94 4 64 82 81 59 44 57 80 58 63 56 43 9 3 58 34 58 36 63 39 57 71 74 11 52 3 80 8 10 89 57 58 62 66 72 69 44 12 46 67 78 69 12 1 63 46 85 67 46 5
64 88 45 82 27 86 19 70 91 5 11 52 73 10 69 94 6 56 72 12 80 8 77 49 50 49 58 94 82 57 2 83 41 85 80 39 94 44 36 44 32 94 24 67 10 88 85 78 18 96 4 55 25 77 47 32 6 64 84 100 77 99 80 27 3 39 81 69 95 32 80 73 49 17 70 45 69 83 91 23 80 54 50 99 97 13 21 80 64 27 91 75 87 55 96 68 52 72 100 91
91 26 100 67 97 91 99 52 71 17 48 21 63 31 43 98 8 61 37 64 33 95 92 14 27 37 35 32 100 75 82 60 41 3 38 2 9 83 15 22 65 42 89 66 43 42 48 9 72 46 40 74 82 11 10 77 35 26 31 35 63 90 69 77 64 58 87 68 13 91 59 53 3 88 55 64 40 42 51 41 93 18 62 8 100 39 77 48 22 24 59 57 41 70 45 46 76 11 7 22
93 30 18 13 42 71 43 11 98 80 42 3 33 25 97 68 9 52 17 75 33 81 47 44 33 96 10 91 16 74 27 84 33 85 90 61 22 79 23 49 18 54 57 42 17 73 83 87 5 29 56 47 31 73 87 95 74 92 95 7 74 83 60 36 85 42 25 1 22 99 88 2 47 65 9 47 12 96 24 57 92 39 20 13 91 19 26 51 5 52 85 100 95 10 3 30 73 71 43 72
82 79 64 82 15 39 92 25 90 39 21 19 41 67 74 13 12 26 68 23 16 80 91 4 35 15 29 59 33 83 91 98 100 5 93 69 28 48 58 89 4 48 46 39 61 69 10 29 64 49 26 43 72 23 30 63 90 67 21 90 80 48 42 91 75 33 28 81 65 85 26 12 54 27 84 84 98 90 57 6 12 23 16 64 12 40 1 95 52 20 35 20 60 40 33 2 55 11 10 23
31 67 17 86 44 13 68 68 35 68 49 5 21 47 72 52 51 30 54 97 60 12 73 13 44 68 3 43 82 71 15 53 23 52 12 35 25 37 91 56 19 25 48 62 31 46 99 48 86 18 25 20 5 6 47 96 90 70 56 83 10 13 57 43 87 27 39 99 83 41 66 25 43 43 55 68 2 34 35 35 38 18 18 38 84 7 95 29 100 99 15 84 43 59 43 86 23 42 54 50
11 22 19 33 84 25 43 56 93 38 8 71 70 76 100 2 80 39 49 97 66 1 79 96 42 28 70 21 44 25 5 3 46 24 25 22 64 71 3 5 7 9 79 82 67 68 27 96 17 23 72 25 41 66 46 1 9 13 2 63 32 83 90 82 46 63 92 41 82 24 28 47 54 82 21 52 1 38 66 34 43 85 84 8 10 76 71 93 76 67 57 45 83 26 76 59 34 31 51 70
61 62 37 39 28 53 86 82 6 18 10 20 18 27 90 40 55 84 38 22 11 10 78 85 62 78 16 83 60 91 15 61 12 27 91 13 18 54 28 37 63 26 90 54 41 66 8 10 40 47 46 2 25 39 85 88 100 6 79 69 89 19 42 55 51 50 94 49 90 23 36 23 94 71 73 74 13 6 48 34 70 51 93 63 39 10 76 79 25 90 28 14 13 93 69 21 87 49 14 61
84 92 50 80 9 94 47 51 23 80 90 3 90 69 92 79 11 16 41 4 34 26 60 17 39 30 46 10 75 60 87 3 46 29 11 72 1 41 76 49 32 7 94 38 72 27 10 6 32 20 77 86 72 75 81 96 61 24 2 24 29 59 37 44 100 10 90 53 52 56 51 25 29 84 93 78 46 78 36 57 97 98 4 55 73 4 27 48 73 22 65 43 10 87 59 10 4 50 38 17
70 61 33 42 36 40 60 53 39 31 89 6 86 49 98 73 98 44 81 84 14 99 89 100 76 92 21 3 99 33 86 3 10 73 59 12 28 96 70 60 96 27 33 34 2 98 20 98 37 97 90 79 19 82 74 97 40 44 84 81 31 79 69 56 71 69 48 82 33 89 17 86 64 62 44 76 66 92 99 73 88 55 98 94 95 35 80 77 69 90 82 48 49 30 65 3 91 44 88 7
45 69 90 57 35 39 5 55 54 16 75 99 44 3 89 70 45 55 64 23 25 60 78 63 82 97 58 87 19 76 67 81 80 72 36 69 21 11 95 14 5 25 88 17 38 27 43 83 9 80 90 53 40 36 60 20 20 45 99 17 83 26 44 82 14 90 67 8 80 45 86 61 72 37 91 44 88 95 65 55 17 26 69 10 76 3 18 62 87 27 97 91 53 20 67 90 18 95 16 86
9 52 56 51 44 24 88 78 89 89 92 21 39 40 82 36 36 97 13 88 6 11 7 53 7 51 69 32 29 19 30 43 36 16 16 36 10 32 73 62 50 91 54 7 37 4 7 33 48 49 72 43 71 1 77 92 25 51 68 22 18 22 38 37 93 11 37 13 75 37 12 46 28 44 21 21 53 30 87 38 12 73 7 36 83 1 46 4 55 89 7 95 24 76 80 38 8 96 76 95
70 67 63 94 3 44 66 56 8 61 42 74 32 13 28 87 87 62 47 64 12 29 64 79 6 1 22 76 16 36 3 4 29 82 97 74 12 57 65 97 2 72 9 65 72 71 34 56 72 70 75 72 69 13 75 65 52 11 33 70 16 46 19 54 56 61 24 61 87 17 86 29 91 64 54 36 79 27 20 20 68 100 95 34 98 55 61 76 28 69 34 11 92 97 22 90 42 91 8 37
90 69 41 87 60 14 34 18 81 9 46 88 86 63 84 19 17 33 34 72 98 40 58 86 21 38 70 40 78 56 83 18 7 29 85 68 79 16 14 62 53 44 5 47 21 22 45 71 28 31 10 50 51 67 29 68 17 35 21 95 52 28 88 37 100 83 70 74 30 98 36 47 79 15 33 74 1 47 13 13 32 27 28 10 21 77 29 40 96 64 71 62 67 31 92 12 92 76 9 11
6 16 31 48 9 79 36 46 89 65 70 34 97 7 20 53 28 82 8 5 23 52 83 78 3 86 20 29 41 56 70 94 46 86 85 9 60 99 66 78 42 58 27 53 93 13 23 1 56 83 32 6 21 5 22 8 83 8 88 53 81 20 45 52 95 18 59 43 86 53 8 69 48 52 18 3 68 44 63 14 93 35 64 72 12 4 11 55 4 28 9 18 26 69 13 34 19 11 29 16
22 10 52 51 26 1 38 7 71 43 79 40 17 1 9 68 2 8 40 20 23 26 21 74 4 40 1 69 28 65 29 22 18 94 17 9 22 47 28 70 30 91 64 84 37 42 60 67 8 51 37 15 66 40 49 48 11 17 53 6 20 32 53 58 73 99 95 38 88 1 68 64 55 35 8 59 57 91 52 63 56 100 1 65 61 7 29 96 92 89 8 57 53 9 71 100 78 51 76 28
83 55 75 22 55 9 51 30 51 64 80 49 56 74 17 28 96 27 7 36 21 28 19 66 26 42 27 52 81 12 36 11 77 45 86 31 42 16 67 54 58 20 23 86 78 19 10 26 59 39 4 95 59 94 77 52 22 32 44 64 50 22 12 89 68 59 3 51 28 87 8 5 92 70 24 22 89 17 29 19 62 56 100 75 92 64 93 61 66 2 4 14 90 41 19 66 18 77 37 85
33 56 45 13 21 32 71 79 65 35 95 10 26 37 17 100 69 51 55 71 16 82 96 40 75 52 4 66 11 7 1 52 100 32 14 43 84 99 40 70 32 87 38 52 71 23 3 80 11 86 86 62 45 94 8 35 8 72 41 69 25 19 45 10 82 92 68 9 73 23 2 87 62 15 42 42 51 92 19 86 5 93 18 17 80 48 38 29 100 81 56 80 68 28 42 100 69 71 78 12
97 93 3 63 38 18 20 79 85 11 54 54 19 95 80 93 70 46 15 10 33 98 45 81 68 62 47 54 56 20 27 67 53 56 76 77 57 51 40 35 91 37 92 36 89 26 2 53 52 31 91 93 41 15 13 51 16 74 87 68 37 33 3 32 68 94 82 79 30 65 56 63 3 29 40 35 65 83 61 33 47 78 29 20 85 60 45 42 33 29 68 70 82 49 81 40 95 100 9 44
30 22 93 14 98 54 97 40 58 77 14 20 35 86 72 68 56 85 57 18 72 86 97 57 33 32 91 24 8 81 2 9 78 1 50 7 89 5 13 60 57 74 5 7 100 97 70 81 48 18 18 55 91 75 76 63 66 16 80 42 27 60 90 1 27 62 20 85 32 31 66 96 16 95 2 65 8 98 30 5 49 26 66 8 96 17 1 14 55 6 69 34 4 38 97 44 82 98 4 5
29 34 71 15 26 22 62 20 35 39 10 18 81 52 38 74 32 47 88 50 8 61 97 82 38 42 90 8 51 46 42 57 14 26 72 60 8 45 39 40 51 91 82 6 47 98 17 8 28 74 87 82 41 82 60 11 90 73 7 53 44 33 69 59 76 94 60 47 16 72 66 82 53 21 91 43 33 30 42 26 22 21 58 14 16 35 58 48 86 78 39 68 11 15 36 40 13 19 50 62
17 73 39 64 83 9 17 71 17 28 58 48 16 15 54 21 80 11 44 84 29 24 62 87 93 53 84 59 41 54 74 82 51 52 8 52 13 99 34 2 40 64 79 51 14 30 72 52 26 88 58 60 100 45 5 51 22 30 6 53 75 74 44 36 75 95 65 21 1 32 56 6 17 44 34 48 91 91 90 78 20 23 14 82 48 9 68 71 90 100 4 24 78 54 56 30 40 74 79 21
26 46 35 83 98 23 5 49 75 6 69 17 44 59 35 47 28 63 32 7 54 86 21 100 44 98 11 56 87 79 56 49 47 80 89 15 43 28 44 82 2 52 59 60 39 16 97 94 27 24 39 85 42 66 1 21 88 62 90 5 7 67 75 10 99 8 62 6 51 35 62 74 100 19 58 16 73 98 22 70 12 52 33 80 71 15 73 35 8 37 4 81 31 33 81 45 46 67 89 85
29 25 98 53 33 8 94 100 51 8 55 55 48 53 28 81 4 36 13 64 97 44 67 60 28 90 46 48 11 78 6 10 45 33 8 55 59 15 52 51 13 51 85 17 87 79 56 85 69 82 50 85 81 29 99 44 5 3 27 88 24 92 1 54 83 60 33 89 61 35 100 35 84 53 22 2 35 31 43 32 9 19 94 79 77 23 45 82 97 34 34 33 85 64 1 50 49 61 25 40
74 61 97 99 84 43 76 55 69 85 13 31 27 1 51 60 83 81 23 6 35 2 93 66 59 39 36 97 39 30 94 95 74 39 55 14 30 13 87 40 90 25 66 51 74 89 58 43 63 48 79 97 88 100 29 63 46 4 55 12 41 57 44 60 4 39 30 6 55 90 88 63 87 23 68 80 98 56 17 65 14 73 20 74 76 62 11 50 55 31 84 53 90 71 81 44 96 90 71 77
12 40 97 83 96 96 11 46 60 72 49 19 12 63 67 86 46 76 46 35 39 30 80 73 26 94 93 83 95 57 3 62 38 5 91 27 5 64 34 96 45 51 97 50 100 65 52 17 89 5 92 67 75 80 99 14 95 69 36 25 3 84 79 57 51 57 61 46 22 42 16 95 7 95 27 62 8 33 23 49 62 36 99 29 14 50 54 62 56 62 92 59 44 62 62 86 39 22 21 79
47 14 26 56 24 35 36 84 13 59 97 23 66 72 24 1 91 28 30 15 43 83 20 52 28 49 46 97 90 32 82 48 66 46 3 93 66 20 28 23 29 33 63 2 84 66 52 95 66 83 82 7 56 63 77 92 9 88 1 51 7 94 89 4 5 23 16 73 97 24 24 14 30 72 52 85 70 75 6 59 16 55 80 24 43 47 100 41 28 11 5 43 34 76 65 73 73 96 79 46
99 58 1 66 48 60 51 49 22 73 71 81 96 17 35 8 59 95 81 41 30 55 92 73 55 1 76 31 53 4 88 11 17 97 12 44 86 28 95 15 46 58 30 92 97 78 92 70 97 19 53 39 38 21 73 85 31 1 94 39 50 69 77 97 36 88 74 73 81 29 99 46 44 38 22 61 59 100 31 55 42 96 31 62 50 38 87 34 63 17 77 84 87 67 29 17 12 49 24 97
28 12 57 1 50 58 21 76 43 87 52 56 25 58 99 48 18 5 64 76 22 44 64 75 80 44 74 31 27 12 25 7 2 88 1 22 75 71 31 76 83 78 42 63 64 72 73 12 64 76 48 7 22 42 19 90 8 79 3 15 42 34 28 58 54 21 26 48 63 47 93 21 80 85 96 34 32 53 95 5 4 51 65 66 58 7 41 98 42 69 32 23 79 38 30 82 52 7 94 62
23 51 42 22 88 32 74 61 25 86 4 32 58 83 52 50 2 79 58 88 46 19 39 51 27 83 70 57 39 61 23 37 99 1 64 100 55 56 72 70 54 29 47 35 8 85 48 58 1 36 95 41 6 57 32 69 66 47 49 23 22 41 66 15 66 59 23 57 52 4 88 51 30 88 38 58 6 34 37 91 37 26 4 59 72 34 60 22 61 9 24 100 44 3 96 40 20 40 57 31
66 34 59 46 44 42 40 14 62 60 74 45 32 71 40 63 6 66 72 56 7 31 19 63 33 51 63 52 59 2 56 90 76 98 66 30 53 81 82 37 28 14 83 79 82 51 41 91 47 21 99 36 44 83 40 28 89 94 85 8 33 61 80 36 48 89 91 45 89 81 51 90 58 70 43 92 14 18 33 79 80 29 2 88 58 86 3 42 18 35 91 26 50 33 83 35 54 62 7 90
56 64 58 80 9 68 15 37 4 34 81 63 42 34 90 6 71 74 23 67 71 62 59 79 67 43 91 68 53 96 98 42 37 82 37 78 29 57 56 89 39 51 79 66 97 88 38 62 59 20 55 57 50 85 58 50 92 3 51 15 13 38 20 52 11 14 27 26 72 83 35 16 24 70 31 79 24 30 2 92 29 72 63 30 45 79 29 5 20 65 76 33 43 29 47 45 16 5 46 39
57 16 48 23 17 20 11 64 66 42 5 68 23 26 29 99 20 85 62 51 91 65 65 5 26 97 68 15 43 72 4 58 94 82 98 71 82 44 50 46 88 99 37 59 42 67 58 59 51 59 37 53 57 94 22 65 11 34 67 9 95 64 75 14 35 17 73 64 27 19 14 89 62 63 44 42 36 84 75 26 80 23 71 10 59 82 71 78 60 86 98 23 32 61 43 15 92 19 54 84
46 19 51 3 39 12 8 17 59 88 75 97 98 42 26 98 1 60 86 54 7 79 56 100 100 52 16 26 87 99 48 98 29 67 15 95 65 12 17 19 18 73 56 51 27 51 94 25 54 35 88 98 76 4 7 34 42 32 40 56 58 63 22 13 56 32 91 30 83 93 99 87 53 16 49 62 99 42 39 86 35 19 65 14 69 39 88 59 73 7 59 5 83 19 87 59 69 83 50 31
13 7 55 15 36 6 92 79 22 39 14 57 86 79 6 80 7 46 16 69 9 8 86 1 38 64 30 83 86 69 99 44 80 89 70 85 84 90 44 57 87 30 37 62 76 57 92 98 50 96 92 65 3 29 11 2 55 85 26 55 92 75 69 13 13 58 84 73 83 47 49 52 29 69 36 5 30 24 4 90 69 2 34 93 10 45 68 11 6 9 7 79 87 41 53 61 61 64 8 3
22 32 82 89 19 42 53 24 23 52 67 83 17 10 67 11 27 43 70 10 95 13 73 75 70 24 21 29 42 20 6 82 100 66 29 13 21 95 4 94 9 31 98 98 27 66 24 84 57 50 88 7 96 99 97 60 77 98 52 52 28 26 17 64 87 44 41 41 55 57 62 43 40 86 72 5 55 39 28 87 22 46 54 28 37 79 52 91 98 36 63 44 70 12 9 40 97 69 36 88
11 73 91 67 65 91 51 34 38 94 2 76 54 36 81 94 28 47 18 17 47 42 71 43 96 22 7 72 32 47 43 21 37 19 13 85 79 22 76 8 58 75 27 52 52 61 87 28 100 83 38 39 28 68 68 94 45 32 80 40 97 98 75 76 43 38 41 87 6 28 41 57 30 2 41 12 5 68 65 29 89 3 39 63 98 42 34 13 82 99 92 97 71 36 54 35 32 75 37 10
87 90 89 89 27 72 59 23 21 49 65 63 7 54 34 43 19 25 51 59 86 70 29 53 22 31 2 12 24 51 13 38 79 41 66 42 78 98 76 44 51 42 54 91 78 37 99 12 88 98 94 41 55 99 37 44 24 64 27 57 16 3 21 4 87 59 10 6 88 75 29 56 25 39 29 11 16 14 86 88 6 60 73 44 51 7 60 51 85 38 9 35 23 57 89 70 63 60 30 27
46 25 61 42 9 51 67 21 7 87 19 69 69 68 81 68 66 96 67 72 49 86 35 20 20 68 58 64 84 33 53 16 69 9 60 31 91 2 94 23 94 88 25 84 65 51 27 33 2 13 100 53 38 93 31 80 76 74 98 17 70 48 58 39 15 27 100 6 78 85 50 58 68 35 61 95 1 69 73 40 81 55 29 8 64 73 95 80 53 44 56 74 39 75 44 89 26 90 79 36
18 38 35 78 4 18 100 37 91 36 27 71 5 55 51 98 83 25 97 39 13 27 21 70 41 100 25 70 97 97 70 36 63 81 64 27 63 42 88 26 81 40 83 68 55 52 9 11 47 35 77 65 84 32 46 11 7 100 86 15 22 49 61 3 48 45 53 96 65 42 17 6 14 14 95 48 4 72 99 32 97 5 94 51 10 30 32 31 60 69 95 57 65 6 52 15 56 78 77 10
34 94 91 46 20 30 37 16 32 71 94 47 61 57 43 99 19 30 69 24 60 44 36 57 51 10 3 95 77 5 47 94 39 18 33 96 42 41 13 73 99 23 37 94 76 5 19 27 80 80 53 20 46 16 12 72 9 88 87 83 62 24 16 2 97 38 27 85 97 20 42 7 9 38 78 58 34 31 77 68 68 42 74 59 42 69 89 73 94 93 33 68 46 54 15 92 44 25 98 96
83 33 69 3 75 73 52 51 61 20 92 100 11 98 44 55 29 61 100 63 93 8 20 55 10 89 90 72 93 60 14 91 43 95 86 98 97 23 77 3 37 38 53 94 66 83 34 13 25 95 58 13 74 12 90 94 23 97 94 12 86 99 63 37 55 7 60 48 34 54 52 84 4 67 98 80 61 63 93 50 86 28 62 94 71 20 36 94 30 13 41 92 53 30 49 13 16 100 72 64
87 60 83 66 37 72 69 23 74 2 27 18 80 54 84 80 13 75 70 60 15 42 44 52 5 81 59 98 14 95 88 14 61 72 27 4 56 88 27 71 86 16 6 91 36 22 38 5 16 95 90 100 19 28 70 45 1 58 8 51 90 12 70 44 65 42 76 61 43 35 62 61 10 78 9 66 54 95 34 69 8 2 46 67 22 10 50 67 26 31 85 72 2 81 92 89 53 54 61 84
16 1 19 92 82 50 90 34 96 17 44 80 37 54 31 1 87 47 54 79 44 85 25 68 90 72 97 60 60 47 82 68 44 49 56 30 34 20 72 53 44 96 9 21 44 14 78 3 4 11 82 19 32 84 84 4 75 75 22 53 59 64 89 6 7 6 91 11 35 59 29 53 78 33 17 64 50 99 12 100 31 66 18 75 84 90 55 24 63 23 63 93 92 20 11 84 26 59 63 60
18 43 34 84 77 80 60 26 63 90 92 31 18 85 63 11 41 1 16 22 82 12 53 85 25 82 49 3 15 17 93 69 84 91 94 27 14 16 100 24 25 83 32 93 86 37 63 31 83 12 28 1 20 81 73 86 91 70 35 78 37 15 12 40 52 18 63 46 81 71 98 96 1 17 3 62 21 20 4 27 7 21 51 22 21 1 51 60 29 63 78 41 93 77 87 66 13 46 26 70
22 98 9 46 37 60 22 37 68 82 81 27 63 48 28 99 90 59 38 94 51 93 85 37 40 31 32 69 20 89 8 99 87 52 52 36 55 25 28 83 91 51 25 71 61 30 23 42 27 99 65 21 90 14 49 100 93 3 49 37 14 20 4 67 11 19 58 79 27 42 81 54 57 25 68 90 74 90 70 81 70 56 3 85 92 57 97 77 86 62 92 28 86 2 13 11 47 36 38 86
85 66 63 50 78 38 43 84 98 61 30 74 68 16 42 61 5 36 14 12 66 5 47 38 39 12 24 67 67 49 68 2 38 71 39 6 19 23 83 47 28 95 1 85 35 76 90 50 62 42 58 80 11 76 9 23 24 4 67 63 12 27 64 79 25 30 59 28 85 26 1 56 58 94 5 53 70 96 74 86 64 40 54 44 43 60 2 91 60 70 99 43 69 67 53 80 13 75 70 8
75 9 99 35 74 11 68 28 29 90 86 27 89 6 18 8 85 24 26 97 11 17 80 14 5 75 74 59 86 13 67 30 62 47 83 19 50 18 59 84 58 49 14 96 15 16 99 4 26 23 19 75 58 90 29 11 97 42 93 3 42 21 86 56 21 27 23 80 77 86 50 81 43 29 84 79 87 47 32 28 1 88 6 65 14 28 38 4 2 99 97 18 47 73 74 15 74 6 60 58
48 50 50 26 12 100 90 13 46 32 24 49 42 65 56 93 18 90 44 55 3 44 2 4 87 40 47 28 55 6 75 45 35 63 50 76 68 57 80 49 81 38 91 23 80 2 77 57 83 73 56 58 17 31 29 6 83 1 15 70 89 46 10 51 86 79 18 24 91 86 93 1 25 89 7 88 70 12 54 10 73 98 44 74 60 29 12 99 3 40 24 54 94 15 8 29 83 92 75 43
25 66 58 79 53 29 25 4 65 73 39 92 39 92 29 42 29 79 26 45 43 33 59 46 34 88 38 58 47 17 60 64 57 49 42 99 14 41 19 15 57 18 85 21 30 89 14 63 54 72 38 3 47 43 11 25 46 28 71 69 35 49 91 15 82 43 91 47 57 72 92 10 26 79 99 16 99 35 57 99 12 62 58 83 18 78 64 76 48 13 42 60 53 6 46 98 66 37 22 51
95 62 64 30 38 54 17 66 60 15 46 48 96 23 95 14 71 87 37 34 88 55 98 1 19 100 17 59 83 97 16 17 25 41 73 49 20 35 50 30 6 41 87 8 9 92 23 10 31 86 94 84 77 56 86 91 19 73 13 26 65 89 31 73 72 36 4 31 19 59 93 97 47 67 83 39 2 31 14 74 83 68 7 45 59 71 71 85 11 5 25 18 70 16 18 100 76 15 43 41
51 43 90 80 27 98 88 46 32 75 91 14 29 71 78 74 27 23 48 50 72 50 11 75 49 33 9 71 7 93 58 67 90 90 49 8 66 93 72 99 51 89 20 35 85 10 73 56 23 53 43 93 83 13 29 9 58 72 67 25 57 35 76 95 53 67 75 48 62 2 27 38 59 77 75 42 51 16 66 99 88 93 41 10 89 94 15 11 25 9 34 64 41 42 70 15 4 59 15 18
34 57 84 66 55 20 79 38 33 1 98 47 86 20 10 5 41 10 98 33 66 94 15 21 7 44 72 38 7 4 91 94 83 90 97 15 76 77 79 85 46 23 97 40 80 28 71 27 11 91 71 86 76 93 17 90 56 34 19 87 43 48 69 96 67 49 95 19 61 12 75 21 15 58 100 76 70 49 25 67 14 9 64 30 13 53 2 60 45 37 20 81 99 47 41 68 100 91 63 98
1 18 96 41 42 96 55 28 94 40 33 21 19 24 58 3 33 36 98 25 77 99 20 54 46 53 93 26 64 73 89 37 6 45 40 21 6 40 72 52 6 4 61 61 20 49 11 33 48 5 91 93 99 24 59 52 25 32 41 43 77 58 32 44 7 92 36 35 63 90 70 18 56 77 82 3 90 81 29 47 57 47 56 73 6 71 9 17 77 14 65 91 47 29 63 67 15 52 39 9
39 48 26 70 60 89 12 85 1 47 48 60 67 88 97 37 98 44 49 32 12 90 3 24 55 89 33 9 44 15 45 37 29 26 2 91 85 25 72 13 65 28 86 19 15 19 1 77 14 57 97 100 98 75 52 1 58 96 14 30 87 56 38 52 50 1 70 19 52 61 16 11 1 11 24 64 36 29 4 29 71 79 21 27 81 87 18 41 78 50 21 29 43 22 68 56 66 83 93 19
38 7 21 81 10 66 16 78 89 55 67 46 55 75 70 52 31 63 61 96 66 7 64 17 60 66 7 69 25 31 57 96 40 30 71 83 92 16 1 19 60 21 67 95 57 44 37 40 28 9 34 64 10 77 96 99 38 50 84 30 94 97 5 99 7 96 79 93 100 52 25 2 82 22 6 24 25 17 30 87 35 91 33 51 87 55 2 73 35 30 54 20 19 79 49 66 19 97 48 94
65 91 71 76 72 35 19 24 64 9 75 20 61 26 84 73 47 40 4 93 39 95 45 100 24 45 69 54 51 13 74 84 29 48 97 98 63 89 33 84 33 36 55 13 3 49 95 66 50 28 7 82 29 74 84 93 23 5 27 96 47 29 62 58 97 68 5 47 20 48 58 6 83 78 80 63 53 53 68 41 6 56 55 11 65 94 53 87 38 36 27 57 3 45 53 18 16 27 40 19
4 89 36 13 41 90 34 17 2 35 5 51 34 10 38 57 49 48 35 64 4 68 100 17 16 57 62 70 86 77 33 17 3 26 63 47 28 29 83 76 7 68 20 31 77 7 94 78 3 19 42 50 2 38 91 19 31 24 95 39 2 97 50 13 94 55 91 49 68 90 25 42 51 39 72 74 62 77 75 72 86 55 99 31 19 50 36 94 50 10 28 64 2 8 81 71 60 67 82 52
29 90 14 52 66 37 52 4 70 30 14 10 94 41 11 34 4 56 45 69 2 13 26 85 43 72 53 48 87 77 49 9 89 97 83 97 77 9 50 18 96 4 5 60 49 71 26 89 43 98 47 3 24 97 73 73 86 34 30 10 45 33 47 75 95 2 12 51 22 32 81 82 88 82 58 71 26 20 100 93 3 58 39 46 31 86 42 20 26 5 70 10 27 73 58 56 62 77 78 27
33 15 73 19 41 61 64 90 35 79 16 42 73 80 61 3 90 70 90 26 75 87 71 28 68 11 72 6 67 84 81 62 15 2 69 86 41 58 64 61 41 19 66 66 58 36 36 45 52 37 66 12 3 25 72 19 91 2 84 29 99 54 79 51 4 65 95 68 22 47 9 84 17 68 49 87 54 72 49 47 85 60 84 90 5 67 18 86 68 1 48 65 76 25 66 11 31 70 18 100
52 75 88 44 76 3 50 87 64 56 29 40 32 63 6 77 42 65 42 13 18 32 33 16 17 35 6 100 90 41 64 7 59 14 89 23 17 62 84 90 33 26 96 98 73 14 64 5 19 84 79 55 53 12 24 65 20 73 23 81 69 6 97 86 24 21 53 59 37 49 83 71 74 45 97 90 34 27 43 69 67 8 26 44 39 98 26 4 45 96 61 16 61 90 8 2 99 13 21 41
87 40 66 49 47 75 100 63 93 66 23 87 74 32 95 47 22 81 28 91 67 82 37 57 33 4 34 8 98 33 77 31 76 81 75 77 48 48 32 58 62 13 18 69 22 16 50 57 13 46 7 56 46 78 15 46 77 46 11 2 39 38 13 88 85 72 6 48 95 29 9 75 6 61 32 96 85 44 71 37 16 65 17 16 56 85 63 19 90 3 88 78 53 79 76 79 99 68 90 45
90 32 45 44 64 44 93 96 5 72 15 60 60 35 46 34 38 91 77 80 67 66 2 42 91 89 19 77 83 71 6 61 72 32 83 78 57 28 83 37 49 54 3 50 25 18 15 92 76 70 40 35 80 1 73 88 8 2 38 22 9 44 52 47 1 4 23 39 80 15 100 88 2 73 62 89 70 4 57 80 41 17 68 33 1 8 1 69 82 98 93 12 65 46 83 7 5 98 15 1
26 25 90 81 95 97 22 88 67 17 54 42 48 83 74 39 29 34 24 57 72 52 27 96 75 65 89 61 36 92 91 24 43 16 84 14 27 58 24 97 89 12 18 49 10 76 21 81 18 38 53 7 31 80 83 48 82 37 89 97 41 60 13 1 31 26 36 97 72 97 3 5 83 50 93 93 96 22 70 8 64 28 12 34 24 55 66 45 75 82 47 37 30 71 63 73 77 65 64 49
59 32 97 40 77 25 76 24 56 26 89 6 48 62 58 49 56 29 62 86 43 9 20 46 81 34 59 98 68 32 62 62 97 44 85 73 99 58 43 57 1 35 82 22 26 97 48 24 60 6 11 71 36 94 31 35 44 3 59 81 53 95 2 35 99 24 68 95 78 52 84 88 62 5 26 56 77 25 72 70 71 91 69 66 46 24 56 38 86 90 80 14 89 53 77 23 2 30 23 44
69 89 75 44 2 37 95 65 55 66 10 11 63 64 97 42 65 45 98 12 34 49 79 22 70 72 40 64 44 45 36 83 5 41 4 10 54 37 27 61 73 11 64 37 25 67 53 50 4 24 59 20 58 75 7 62 7 18 28 35 23 8 28 48 14 29 87 49 81 27 16 79 14 61 99 98 14 90 12 89 97 28 72 34 58 11 18 86 44 89 60 77 22 84 89 61 73 59 76 71
4 9 88 45 26 80 3 64 58 59 55 79 16 34 37 69 75 19 95 39 57 76 97 30 80 19 52 30 10 66 33 11 48 92 89 20 85 91 96 43 15 41 16 77 79 5 20 12 96 41 72 82 20 70 91 10 68 4 58 63 1 34 98 71 79 44 4 71 16 77 27 6 75 71 71 84 77 65 85 14 61 19 54 1 43 33 28 62 48 85 56 64 39 88 52 45 42 33 50 20
82 83 11 58 57 33 25 75 31 79 51 8 71 59 53 55 90 12 47 76 5 28 59 28 91 83 55 23 96 43 88 86 75 6 52 22 59 75 52 27 45 29 58 47 48 80 47 72 61 27 77 95 1 71 7 24 8 98 96 80 36 45 13 35 100 65 56 39 66 68 42 72 19 17 77 2 13 75 67 55 27 45 94 33 59 19 80 25 17 96 73 70 98 87 100 65 52 46 59 75
11 20 62 24 74 74 75 67 85 86 65 40 33 19 18 39 41 69 97 73 96 38 12 75 55 78 18 77 7 35 36 21 59 27 38 58 100 65 87 83 24 79 75 22 63 28 100 21 88 31 77 82 35 3 67 38 4 8 29 99 77 45 8 84 5 74 15 44 89 56 70 76 48 63 78 13 79 17 63 24 4 70 34 68 100 93 37 44 67 17 55 94 7 97 28 35 78 96 100 62
96 97 77 91 23 81 48 51 38 2 46 87 67 63 97 100 22 45 26 96 66 77 82 64 22 82 12 46 49 74 23 35 40 27 11 97 11 14 40 91 88 40 21 11 74 25 42 19 21 53 91 28 90 92 6 18 58 65 81 43 63 64 88 29 38 16 73 33 6 97 9 62 16 73 18 1 36 52 52 3 34 45 11 69 20 19 61 7 64 22 96 39 9 36 81 57 73 56 70 29
21 24 71 26 79 18 78 93 17 82 26 9 89 78 42 44 5 17 58 19 69 89 42 7 1 16 32 2 50 17 5 24 18 95 3 61 22 91 20 52 100 4 43 3 23 85 27 86 51 87 4 60 91 90 1 3 58 31 54 51 45 25 92 73 16 61 9 57 94 100 16 32 8 85 66 34 25 16 40 59 33 11 62 46 95 73 77 90 15 50 12 74 1 53 84 15 86 66 62 38
41 76 5 13 20 22 25 31 51 63 53 57 99 32 75 33 8 39 91 29 63 19 16 93 92 12 30 83 16 89 15 99 79 18 33 32 63 4 68 57 94 76 54 70 3 33 62 31 41 84 37 77 67 65 90 97 49 86 50 13 25 57 72 1 13 7 77 91 33 29 2 16 42 69 97 67 63 92 45 32 15 50 32 12 28 77 75 46 28 31 70 79 83 58 1 58 95 2 27 38
26 58 88 38 70 57 97 11 82 93 52 76 65 40 29 32 7 28 26 66 49 18 51 12 64 88 65 8 9 16 60 9 65 63 72 66 97 26 25 77 1 65 84 2 38 87 2 11 4 98 22 28 95 79 66 77 86 1 27 51 52 28 28 86 16 27 54 40 70 17 92 40 19 43 60 57 99 37 21 95 33 31 22 49 81 86 65 73 18 77 57 18 95 97 80 93 73 83 47 22
91 57 65 19 64 87 9 78 26 12 40 22 33 91 79 13 99 31 1 79 12 19 32 74 77 7 100 42 76 14 97 49 60 12 27 97 36 87 58 38 21 86 89 6 56 51 66 68 86 26 12 46 17 67 86 87 71 60 93 9 25 87 35 62 10 11 80 61 65 93 15 30 95 26 69 86 71 55 7 6 50 35 89 6 39 40 19 20 5 24 88 58 91 46 20 1 97 92 2 39
65 65 99 24 50 93 64 47 1 48 42 58 7 32 76 68 7 52 66 30 8 42 86 27 74 56 29 38 68 21 33 81 59 23 71 65 57 57 5 87 51 24 23 89 84 57 24 61 81 5 41 65 38 81 70 63 91 26 20 29 66 27 2 87 66 13 19 98 54 27 73 7 62 1 66 41 80 94 32 81 76 93 34 35 60 30 76 92 39 75 37 4 89 47 43 23 14 81 47 95
40 29 69 49 13 39 79 72 86 37 78 92 52 85 39 2 39 71 18 52 55 3 77 12 2 52 35 35 88 92 29 44 39 80 85 55 93 38 21 80 45 17 73 71 29 55 3 87 12 32 78 90 38 86 4 58 100 31 18 18 96 61 88 20 23 39 24 4 6 21 32 61 57 23 86 24 32 44 72 97 37 35 43 94 57 25 68 2 40 62 59 76 33 18 29 81 12 35 87 97
82 35 49 99 8 78 44 25 98 65 60 46 37 77 61 55 64 31 82 9 10 24 22 30 55 3 2 63 86 29 47 83 15 83 59 17 44 50 84 90 96 90 66 90 12 79 100 99 79 57 91 93 58 49 77 93 36 11 89 45 3 94 54 69 96 93 43 69 83 71 37 95 62 7 55 92 55 46 75 33 76 67 56 94 94 19 27 78 67 10 89 10 21 1 73 2 9 80 28 48
68 14 88 10 35 66 100 59 22 62 63 58 19 26 59 25 63 69 81 24 93 51 6 70 82 2 43 10 94 41 12 2 43 28 48 90 27 21 1 47 89 79 16 17 65 25 18 76 15 20 41 26 78 36 11 37 38 84 24 58 56 37 36 32 73 78 86 1 20 3 30 97 76 11 25 83 23 35 40 17 45 20 68 45 18 40 75 62 74 23 58 25 29 23 50 75 71 13 83 100
1 31 58 83 10 89 81 60 96 6 38 58 16 60 30 8 68 94 66 30 23 53 86 12 42 64 96 90 78 9 90 77 48 22 34 46 63 56 80 62 60 48 98 33 66 75 61 24 35 71 57 78 64 25 80 75 46 59 100 5 37 6 23 64 82 2 93 90 49 76 78 43 7 66 12 4 93 57 80 65 26 83 7 17 55 42 52 78 68 95 19 47 36 62 65 39 81 85 72 59
99 93 58 6 49 69 1 1 60 5 30 11 36 22 20 100 38 52 34 74 68 57 71 50 9 12 29 21 63 37 22 40 44 77 71 76 7 27 16 60 38 51 59 8 80 78 26 17 95 82 9 69 57 54 56 9 30 67 64 58 81 25 42 33 99 31 39 100 15 39 80 7 28 85 3 61 69 44 59 45 22 18 19 43 11 17 54 63 21 21 66 32 96 29 32 49 89 98 65 87
92 34 58 38 73 10 65 10 35 11 31 94 92 26 14 52 55 35 88 95 21 50 14 30 4 85 68 70 75 84 3 39 46 23 13 39 25 51 33 55 24 43 73 1 59 79 37 61 31 59 20 42 15 66 97 70 33 19 68 9 1 63 80 99 43 93 64 85 80 57 24 89 41 5 22 39 14 42 57 18 1 98 63 65 97 22 19 60 1 65 91 8 30 19 11 75 37 36 100 17
24 10 95 82 91 65 40 82 74 91 85 24 10 100 37 42 1 18 25 10 83 52 99 98 32 94 21 33 19 34 46 12 75 7 50 99 98 79 28 84 27 28 81 3 28 27 55 92 4 74 20 60 77 30 74 75 99 76 58 72 50 80 83 23 69 68 61 86 64 92 79 44 60 39 4 62 68 89 36 14 44 86 90 78 12 30 22 51 13 45 36 83 28 30 78 40 58 76 75 53
25 19 26 52 63 65 74 71 25 2 92 85 75 33 65 44 47 37 40 89 39 26 51 95 72 77 59 98 18 68 6 95 46 12 92 94 9 37 28 1 16 23 57 20 93 71 74 15 78 79 88 83 81 85 40 86 71 68 13 88 91 63 46 67 25 93 68 25 63 20 17 14 76 58 54 37 35 54 69 38 72 100 81 98 67 86 26 45 87 47 64 39 94 100 1 82 55 78 63 90
58 3 36 81 89 32 36 54 82 83 78 59 54 84 7 64 57 66 14 76 51 18 23 93 45 64 32 43 6 52 25 68 100 84 14 57 90 42 64 67 52 78 88 27 52 15 8 93 92 44 88 51 31 51 51 4 62 26 76 78 4 94 20 18 57 38 72 63 83 75 71 5 61 89 22 13 64 73 60 43 3 94 15 52 77 58 39 11 14 81 56 76 85 7 85 84 17 25 6 92
62 51 21 83 78 80 43 25 67 76 4 77 81 57 13 70 49 75 6 56 16 16 81 59 48 29 61 37 16 81 32 30 34 92 6 22 73 24 24 61 3 63 96 89 29 44 74 69 6 41 48 68 67 100 36 84 6 16 73 68 38 90 78 60 98 16 81 64 33 37 70 59 52 43 79 72 49 77 1 72 13 99 5 96 63 100 40 37 95 93 83 88 16 82 88 70 76 80 62 47
51 61 68 84 7 46 58 14 49 89 51 84 12 78 12 12 91 85 92 15 18 42 35 64 99 1 87 13 63 92 72 61 82 66 67 76 16 70 37 80 23 45 77 15 31 83 19 1 35 15 52 97 100 16 57 63 69 88 60 52 60 43 81 11 50 89 88 47 41 66 20 97 92 54 4 56 27 27 7 26 45 54 58 87 76 36 28 38 64 85 37 89 72 89 22 7 30 20 57 71
1 26 90 40 71 48 31 15 28 41 20 8 85 29 34 4 40 88 80 3 6 94 83 3 9 28 52 44 77 26 27 83 93 82 71 60 83 74 57 52 84 33 38 11 17 82 53 78 12 67 19 1 19 11 13 85 66 98 26 46 9 39 28 95 85 59 32 32 10 39 19 16 75 66 59 93 81 99 91 63 74 1 93 91 52 83 8 49 48 89 63 84 11 65 25 42 17 31 85 11
14 70 4 21 4 24 18 32 34 32 69 48 71 79 19 79 54 99 30 30 79 53 47 59 58 94 76 53 93 67 40 19 67 62 53 86 97 40 89 63 56 44 31 19 33 98 78 36 40 22 75 55 9 35 9 10 78 34 54 33 51 95 96 5 50 59 90 16 60 28 18 25 6 72 2 65 92 99 90 66 63 16 43 89 21 93 94 22 35 56 66 18 5 97 64 2 42 76 77 65
66 12 44 75 81 64 53 51 95 46 46 95 50 51 28 68 95 68 83 69 31 15 67 89 48 13 9 42 69 98 91 11 4 86 5 86 43 11 78 43 87 76 83 89 30 62 45 28 94 80 33 98 36 86 2 30 63 21 60 41 12 59 19 38 72 78 59 11 16 79 6 21 18 74 35 33 6 25 18 12 99 31 100 84 2 40 90 40 40 94 60 47 57 26 83 36 68 45 8 94
75 43 52 87 14 49 6 92 83 97 58 24 1 61 64 33 68 97 77 95 61 27 41 99 5 19 57 9 14 73 36 2 21 92 24 100 83 73 22 65 50 56 52 33 11 97 95 54 82 91 82 27 36 90 78 17 73 3 43 71 63 19 8 7 98 100 45 31 33 2 35 22 71 3 72 42 99 39 33 4 25 88 23 7 41 79 51 74 19 99 66 82 79 24 30 23 49 36 10 32
28 21 95 3 49 74 88 26 80 54 14 4 86 2 67 97 43 40 30 39 76 59 19 80 61 4 73 85 96 94 86 35 71 58 39 37 71 64 94 34 79 47 50 83 6 53 50 42 29 80 96 74 75 49 28 33 5 15 15 54 54 52 66 54 10 98 34 93 27 51 97 7 15 31 24 33 49 43 24 50 63 12 88 98 2 93 71 69 54 8 49 19 45 95 87 15 50 30 35 7
38 21 3 6 63 34 85 82 20 22 71 40 32 42 26 96 87 43 86 21 71 75 12 8 56 53 27 56 67 18 25 87 29 65 7 96 9 67 32 15 7 84 7 37 69 2 96 51 79 12 50 32 9 36 12 86 3 60 19 37 77 4 93 23 83 2 2 3 68 20 60 9 52 52 51 100 90 56 75 5 74 31 34 80 8 84 66 45 37 34 28 39 94 72 91 72 52 7 10 8
12 83 37 7 28 60 86 37 13 87 99 20 4 89 30 97 34 9 27 67 8 43 1 30 57 60 98 88 64 49 65 46 17 48 58 26 56 45 70 6 91 43 6 17 14 64 51 40 77 75 89 83 53 84 73 43 100 79 44 15 4 40 73 52 70 55 55 69 19 49 15 18 95 15 39 19 15 75 23 40 79 61 63 23 96 36 47 19 49 86 29 43 72 93 7 2 48 7 43 93
99 80 86 23 80 73 68 75 98 29 41 90 50 86 69 71 90 78 29 40 42 78 10 37 56 57 16 81 40 80 47 47 46 89 31 92 40 20 14 31 6 30 43 64 5 89 44 53 95 22 90 76 70 24 10 52 36 7 55 97 60 63 89 78 54 12 62 13 79 77 68 55 51 34 56 83 67 49 74 15 33 27 88 78 37 28 76 10 47 73 40 53 74 55 91 82 39 64 60 82
44 14 27 67 4 67 82 90 69 13 34 69 26 76 37 72 59 1 43 41 75 42 22 64 80 75 54 69 15 50 78 34 1 40 99 30 91 72 17 6 12 61 84 38 16 73 64 38 44 10 3 91 36 23 1 84 100 66 32 58 31 44 27 29 73 35 85 58 32 11 3 91 51 41 62 91 13 86 69 25 78 55 98 27 98 29 84 80 28 85 76 65 4 44 76 96 2 36 69 53
79 85 10 69 87 42 85 35 94 58 75 68 1 59 51 66 52 15 70 58 35 60 2 69 50 97 50 74 49 53 15 3 91 18 96 7 66 75 64 12 29 89 30 18 29 97 37 68 83 50 59 61 95 61 11 57 54 86 17 83 100 65 6 87 60 9 62 34 85 42 33 23 89 96 93 71 53 52 99 99 91 71 38 22 48 86 40 46 98 1 40 39 33 43 73 43 31 92 46 62
3 1 46 50 72 84 6 54 98 71 47 18 91 29 2 21 67 85 31 79 91 22 9 73 52 76 4 42 18 74 19 12 36 76 48 70 43 14 60 95 51 26 85 91 87 65 50 95 18 57 96 1 84 70 20 10 18 2 81 9 94 21 20 62 58 93 46 88 88 36 85 35 91 57 54 25 44 73 76 2 49 51 38 33 95 13 21 85 60 99 3 6 82 3 28 81 6 28 99 52
10 16 54 15 42 98 92 17 55 66 50 43 14 70 36 10 91 95 2 99 4 13 53 47 28 35 36 16 68 93 49 4 41 35 56 97 61 11 66 8 10 3 41 41 83 46 59 8 42 57 73 3 93 63 91 15 4 61 80 98 65 53 46 1 100 7 23 61 28 97 10 67 17 54 92 49 56 76 47 73 31 65 19 42 94 12 82 70 87 94 11 71 76 61 34 8 43 64 20 92
56 57 7 35 7 75 33 10 56 45 10 88 21 50 1 15 42 31 64 3 44 23 42 54 35 58 56 57 98 75 83 16 20 87 82 79 85 9 5 41 1 74 18 98 64 2 5 7 32 31 22 94 90 28 70 43 48 13 13 89 18 45 30 39 57 100 26 84 79 75 48 72 97 81 91 21 72 31 61 59 16 7 6 63 91 17 94 31 30 32 86 80 48 42 96 44 15 7 3 29
28 45 18 52 49 18 98 3 13 75 35 51 62 84 84 44 34 26 57 2 54 64 85 99 86 72 97 4 20 78 42 54 26 36 61 74 42 96 99 9 59 31 31 55 26 60 29 11 66 98 20 79 32 41 35 20 87 79 62 60 58 36 91 89 2 3 56 97 55 84 50 25 2 4 5 59 18 83 47 33 38 73 14 69 50 97 25 45 88 66 68 59 56 50 88 89 45 85 82 86
57 86 26 29 53 31 46 74 77 57 52 51 90 67 92 79 40 52 40 61 75 82 92 73 67 59 85 26 35 34 87 13 84 97 67 100 70 87 99 83 43 38 72 69 41 24 86 4 21 31 78 72 81 48 27 1 36 97 54 5 14 77 18 74 76 8 72 46 20 56 32 42 89 90 83 70 19 27 49 44 36 81 89 93 80 80 44 50 3 67 81 58 44 72 74 4 81 73 23 60
28 38 86 40 67 96 67 31 71 25 54 5 62 32 5 21 33 73 95 17 46 24 20 37 80 48 59 55 67 20 47 46 55 13 55 34 1 1 99 89 84 13 12 55 43 4 14 87 52 58 99 42 99 45 17 77 63 75 93 86 13 18 70 55 71 58 31 62 45 39 48 25 14 60 60 47 96 72 93 44 76 85 78 81 95 66 67 52 91 94 21 87 6 33 98 84 16 24 20 24
47 21 90 94 83 31 28 30 14 52 67 11 29 34 9 1 98 56 13 52 92 46 11 90 8 4 36 9 66 15 100 56 13 54 7 55 13 45 75 78 31 75 37 30 75 5 68 92 58 54 95 42 63 13 40 59 60 29 45 6 54 40 100 19 92 36 44 4 95 42 46 72 66 93 87 98 52 64 41 46 83 88 85 68 61 62 70 69 51 34 87 17 52 79 8 45 100 17 48 64
27 100 65 10 20 49 27 38 72 96 74 33 41 79 15 45 68 16 34 44 42 100 92 27 72 11 32 5 7 98 52 92 76 84 46 13 36 38 4 32 39 30 33 11 72 82 5 62 9 3 6 96 99 2 64 52 64 13 97 24 10 87 13 89 48 80 5 28 92 34 7 65 12 90 11 78 75 99 31 10 98 84 60 91 53 9 52 31 89 52 99 98 75 16 66 53 84 38 43 69
23 100 66 24 100 37 64 17 13 39 27 70 80 85 64 3 60 100 78 9 14 100 90 13 35 39 77 18 67 64 14 13 51 5 35 55 27 6 92 90 75 33 9 16 24 19 71 80 31 44 44 47 20 23 16 67 59 26 82 98 29 64 98 60 82 76 72 55 76 25 69 9 86 55 4 28 43 13 69 57 47 62 40 97 2 99 10 68 2 99 26 18 98 44 88 79 46 64 54 90
76 99 34 46 23 58 14 28 23 74 11 82 3 9 43 44 57 70 69 12 63 96 15 89 15 24 89 90 63 55 29 97 3 45 72 87 53 86 41 18 57 64 79 76 9 98 80 75 70 53 88 45 27 1 44 92 87 64 99 43 23 88 65 49 24 22 16 48 42 84 16 59 31 17 37 1 11 86 55 47 62 37 97 70 91 30 50 46 5 52 53 33 7 23 74 48 38 57 50 36
98 65 72 98 90 80 35 9 3 30 29 30 97 62 39 79 31 63 39 32 52 68 41 65 46 28 58 23 75 100 52 57 18 96 78 29 86 35 1 19 13 69 56 18 35 9 9 46 36 7 17 55 32 48 20 100 34 63 91 34 83 35 89 4 33 25 63 98 91 90 58 34 65 23 65 17 68 5 34 1 85 51 16 96 75 5 40 15 3 12 61 65 30 63 28 100 59 39 81 17
20 41 75 47 1 42 10 35 54 66 2 36 85 15 34 51 20 51 25 12 65 88 58 80 19 91 92 7 49 37 26 22 21 26 58 9 86 10 56 9 45 27 5 25 84 8 15 87 48 78 57 51 38 63 99 95 85 14 21 60 54 8 97 45 58 74 100 66 23 57 4 43 21 10 61 86 29 23 76 35 80 92 26 89 80 32 71 74 28 65 16 51 63 48 46 43 70 3 67 44
26 52 5 18 83 71 57 90 98 78 44 58 88 1 13 20 80 60 88 25 27 80 15 64 30 46 93 96 4 4 30 52 90 39 38 36 60 89 4 95 46 76 57 87 18 20 44 2 59 47 17 48 67 31 47 46 80 56 40 17 65 77 3 45 73 28 5 96 5 14 53 36 73 74 79 48 85 86 82 36 90 11 73 13 44 77 97 56 61 8 67 69 36 98 51 7 67 68 8 17
40 26 9 99 79 79 37 77 1 81 7 78 70 52 29 56 57 86 91 98 30 59 15 84 75 93 61 1 71 76 40 90 17 17 31 80 100 27 10 3 74 25 84 5 15 98 18 25 84 46 71 59 36 18 57 42 35 90 84 25 86 36 76 82 27 58 81 36 69 51 74 26 45 26 12 12 36 20 19 38 85 20 32 87 59 73 53 2 42 76 36 94 46 2 49 39 32 52 28 81
