90
3
45 89 64 14 4 4 88 51 96 49 55 17 20 53 25 64 60 47 15 33 80 20 74 93 70 25 90 45 32 67 75 11 2 92 67 56 38 62 61 33 40 80 14 89 28 91 94 25 40 69 29 30 69 16 51 64 100 54 68 72 25 53 42 49 49 98 58 37 87 64 15 58 49 59 85 5 70 32 12 6 20 26 78 8 64 18 10 53 50 57
64 54 98 69 68 52 19 7 19 6 24 83 68 65 27 84 27 22 35 66 13 17 23 86 81 16 61 37 77 29 96 21 75 76 43 12 10 2 68 50 54 54 33 100 21 100 95 65 74 73 70 9 12 51 10 32 26 36 59 33 99 73 7 3 15 62 9 18 31 83 33 7 64 34 62 54 96 68 26 22 21 83 78 26 48 52 70 90 72 96
81 38 68 21 3 61 2 57 11 6 81 36 94 10 30 25 65 91 35 11 35 13 70 35 25 74 53 69 69 66 46 82 65 56 43 94 53 64 89 44 87 79 3 79 32 93 52 9 36 44 27 89 94 60 90 68 43 86 95 34 83 42 71 7 66 33 84 4 36 72 10 63 53 64 25 65 67 20 96 19 37 5 10 95 9 49 38 24 19 51
87 11 19 33 64 46 89 41 89 45 27 4 95 29 9 44 32 41 61 59 51 80 30 7 59 96 37 58 22 71 53 33 26 15 26 89 96 17 81 81 79 1 73 60 69 54 10 77 47 32 4 78 29 39 45 71 72 29 78 55 36 80 67 3 58 69 87 1 61 40 11 76 94 100 5 1 53 18 46 61 46 46 56 96 55 84 92 70 98 81
76 79 57 19 91 62 6 41 46 50 28 56 90 4 70 21 74 91 78 8 58 59 45 5 63 42 61 56 40 98 32 20 20 64 27 84 81 87 93 20 54 22 93 85 66 17 84 56 5 50 8 87 83 63 37 6 3 38 13 57 28 91 46 17 14 93 72 13 25 67 85 60 48 40 47 20 46 74 23 59 48 70 41 25 31 74 82 16 79 1
62 99 98 67 9 79 87 33 16 13 24 31 100 51 17 32 25 40 49 19 31 70 33 72 7 91 25 60 48 37 54 51 47 82 30 35 63 63 16 6 2 12 97 61 35 39 9 21 99 13 80 84 88 21 53 78 32 72 18 13 56 26 100 16 40 65 14 4 55 49 18 7 2 30 85 8 2 91 99 86 33 16 99 45 77 72 13 50 52 11
39 14 15 41 91 7 84 12 45 41 3 13 15 76 54 47 7 23 4 54 86 78 100 77 44 41 14 46 22 75 44 23 37 66 76 67 31 62 84 88 15 94 47 12 32 20 22 41 89 85 58 22 60 37 35 90 21 48 25 15 17 27 17 38 30 83 43 8 58 30 95 99 43 100 1 6 41 95 29 24 78 30 30 59 99 70 98 70 74 14
7 3 76 75 42 94 66 89 69 86 59 73 99 54 26 29 46 32 5 82 85 75 36 7 53 34 70 69 10 59 34 6 58 9 14 93 2 82 87 57 81 80 27 29 3 77 44 31 81 2 72 83 66 83 58 94 64 98 19 67 73 71 25 79 100 89 75 77 72 20 64 21 54 81 77 37 24 8 57 85 26 39 34 64 37 75 68 24 90 79
71 91 52 91 10 68 19 35 87 55 86 70 5 37 20 78 84 99 73 37 100 6 70 63 82 19 36 46 86 39 78 49 85 74 97 20 19 12 36 29 29 48 48 72 88 15 82 10 27 86 79 35 10 55 6 10 56 6 40 98 54 89 20 73 1 35 52 6 18 99 45 47 63 25 15 86 46 60 56 24 54 8 55 37 100 63 62 19 59 69
92 39 34 48 52 22 95 31 38 25 18 86 47 57 13 1 54 50 91 67 65 91 40 17 66 10 53 75 98 13 42 1 32 48 49 34 37 2 61 80 74 100 76 71 54 94 78 16 21 3 35 98 30 83 58 90 6 15 37 39 27 44 50 78 51 74 4 16 40 41 16 61 57 40 7 23 22 44 96 7 18 1 40 50 59 46 2 78 96 82
68 62 91 24 8 59 4 49 13 59 23 98 29 41 7 26 51 56 36 38 50 83 94 59 100 1 1 27 49 24 78 44 97 75 66 10 35 97 100 16 57 68 75 11 58 45 44 45 40 16 53 89 76 8 45 36 98 33 2 60 84 77 73 93 42 57 89 77 89 94 81 40 84 11 8 15 73 13 94 90 10 26 84 88 67 93 22 8 16 63
99 73 13 41 35 3 74 96 21 73 32 26 31 92 75 8 95 41 100 16 27 73 35 98 89 35 80 84 55 70 51 29 64 6 26 5 30 60 67 20 3 89 8 35 84 95 24 33 42 79 51 56 79 86 35 73 13 11 20 66 1 11 58 85 68 86 46 43 50 16 97 38 70 84 55 34 72 53 26 9 83 58 68 36 96 25 69 22 73 34
56 6 13 81 62 27 15 80 71 73 31 17 93 70 43 11 31 76 7 28 90 24 19 7 63 25 74 41 48 95 99 25 38 77 38 32 78 22 92 66 51 23 80 35 41 12 26 93 26 63 98 52 24 15 65 36 75 30 99 38 93 88 17 59 49 40 40 4 44 22 61 12 10 47 60 67 85 66 90 66 80 38 4 22 28 1 87 50 47 10
38 98 81 75 57 79 78 55 52 61 17 73 57 24 48 66 26 80 5 61 26 95 2 5 16 11 27 80 48 5 19 10 10 5 12 29 22 10 61 10 79 70 25 76 6 18 68 81 59 91 96 48 90 47 18 93 59 64 28 34 83 12 74 54 11 6 89 82 19 23 66 35 84 52 35 100 61 75 22 66 53 39 83 40 76 10 21 94 76 86
96 85 24 90 88 55 4 72 75 50 19 70 81 80 81 60 44 26 85 69 74 20 71 70 30 5 56 35 57 59 79 94 99 95 86 33 10 12 55 50 83 30 53 60 14 44 48 73 34 92 87 40 64 70 17 88 4 51 23 44 27 28 64 8 45 27 54 4 27 43 42 70 59 84 70 83 30 20 85 26 51 98 43 90 30 67 46 73 68 25
63 61 18 45 80 38 41 80 69 4 82 47 3 91 25 4 42 55 79 33 79 23 37 72 79 12 25 3 41 68 23 53 11 51 80 39 90 59 23 72 17 4 57 68 81 94 44 1 62 27 40 19 48 34 23 48 87 3 35 26 87 32 52 8 26 11 90 50 99 42 52 10 2 36 80 1 55 37 86 7 5 58 100 32 85 53 75 63 72 27
53 42 79 37 80 26 76 95 44 51 52 75 95 91 1 75 39 75 18 59 87 17 64 48 97 49 97 65 97 43 20 5 30 7 19 84 44 24 71 4 46 73 27 45 65 57 89 65 77 91 57 28 100 34 66 34 80 97 96 88 7 62 93 86 51 89 13 58 18 74 78 28 29 68 53 95 48 52 78 55 24 10 29 78 91 91 11 98 98 96
31 18 68 70 78 44 1 37 57 53 45 84 70 60 40 11 20 52 49 17 67 19 80 54 18 58 6 53 50 71 52 14 55 8 88 100 9 98 24 34 80 41 67 78 64 45 3 16 73 51 56 98 98 47 85 13 79 27 2 96 48 34 99 34 93 68 13 3 36 64 12 6 28 85 11 37 69 76 91 37 21 54 66 65 50 68 5 40 60 41
41 43 85 60 71 97 86 98 73 39 11 27 25 15 69 43 4 79 59 19 38 79 45 22 19 75 8 56 18 30 67 53 54 59 65 4 39 93 6 90 74 1 11 95 41 35 23 44 83 7 36 32 66 86 18 45 37 40 22 70 18 99 83 87 2 78 81 33 45 10 25 4 44 24 67 75 44 57 38 63 41 32 34 85 76 89 65 76 90 61
68 64 23 8 34 69 34 41 64 53 77 95 40 27 69 29 35 46 5 16 62 58 47 11 45 97 30 97 72 88 29 75 51 12 32 9 4 61 25 70 62 18 28 27 84 9 50 80 20 18 58 59 66 90 35 32 89 97 50 32 75 100 75 76 44 95 84 95 78 90 49 25 36 36 92 17 60 50 53 59 78 22 41 34 37 23 81 50 99 87
22 11 28 57 9 59 40 95 92 16 25 63 13 91 78 78 68 80 89 30 51 3 86 8 47 45 67 95 89 12 95 27 4 47 52 54 16 7 83 99 66 6 67 9 4 77 82 65 1 92 72 39 31 26 47 38 73 73 8 75 68 30 36 9 1 9 61 28 61 100 56 29 59 10 91 79 2 29 38 44 27 15 22 39 87 81 10 66 97 39
39 97 60 69 75 84 19 11 77 64 60 66 55 83 96 93 14 42 40 3 8 98 99 58 40 12 56 24 43 32 13 79 64 53 47 24 57 58 4 34 70 54 23 42 20 65 45 23 32 60 56 80 95 60 61 98 16 69 85 23 45 93 30 33 9 72 65 84 92 22 44 91 25 6 34 49 20 73 59 14 99 93 82 32 47 16 41 76 17 93
93 83 3 9 100 3 15 22 89 87 47 25 89 37 43 11 74 68 1 51 60 7 15 46 25 39 55 99 75 33 42 100 59 31 65 48 6 59 27 58 56 86 90 87 94 4 75 51 41 55 25 72 91 64 62 67 1 53 78 34 21 20 24 48 17 39 62 73 9 59 27 96 32 56 86 75 19 82 38 12 92 20 13 9 13 31 6 64 82 12
69 91 34 20 22 41 94 76 51 16 29 96 35 59 100 74 16 41 2 86 18 45 51 31 19 69 55 95 5 24 70 39 82 7 3 56 5 33 85 7 43 1 40 49 20 98 46 82 83 31 76 68 6 11 27 23 27 60 33 90 77 2 50 43 41 4 39 73 83 25 53 34 75 21 10 13 21 80 63 71 70 55 92 88 75 77 76 35 9 27
33 60 42 21 43 10 56 4 99 59 16 91 37 38 85 13 98 87 59 95 50 70 25 87 88 47 62 71 28 10 2 2 78 79 60 19 18 13 9 15 7 47 57 4 99 30 84 62 99 50 3 11 85 33 32 88 96 59 83 34 17 57 73 53 38 63 7 80 31 92 57 74 8 89 14 58 30 72 66 97 16 2 34 86 41 61 85 16 66 90
33 50 73 14 24 67 100 47 95 93 77 29 93 95 95 31 27 37 43 30 14 47 15 99 34 25 45 97 19 2 96 41 14 11 64 87 49 39 61 51 83 45 74 86 8 42 81 98 46 19 4 45 21 91 64 85 39 100 26 66 4 14 80 17 19 89 65 3 28 41 50 30 79 52 92 91 36 74 60 11 99 40 76 16 11 95 95 34 50 38
72 75 7 97 36 82 46 73 10 90 16 34 8 78 48 12 5 17 10 97 95 81 69 34 57 38 11 86 86 17 10 13 87 53 50 9 67 56 14 92 64 91 84 82 46 88 8 48 30 67 69 2 40 84 51 45 9 82 88 8 69 90 100 23 77 76 22 86 62 34 72 15 67 25 18 14 92 94 66 23 19 46 5 93 86 92 56 16 59 27
22 9 42 39 72 3 68 32 84 29 44 30 17 94 75 42 26 11 81 3 63 41 53 6 93 3 51 28 33 7 15 66 27 24 35 72 46 60 27 56 96 43 66 88 91 32 6 59 84 80 90 15 37 56 48 89 99 83 16 7 10 3 92 61 21 44 46 56 4 22 34 15 65 56 25 76 30 12 37 46 90 41 54 21 73 29 71 85 36 30
20 51 84 33 78 66 57 93 100 27 18 24 76 27 24 76 31 95 21 99 98 17 49 99 21 6 23 85 59 57 82 75 78 67 50 98 35 49 2 93 53 96 32 39 19 25 26 41 73 72 5 9 25 87 60 3 31 76 71 85 72 92 41 27 100 89 32 90 93 98 23 54 54 32 44 63 78 44 82 80 41 60 62 75 80 9 54 9 24 62
86 92 64 94 44 34 4 24 14 15 56 33 19 82 9 8 94 37 10 37 3 69 8 91 39 99 99 57 49 28 15 59 68 68 90 90 77 10 90 63 54 55 95 93 9 28 28 32 22 88 61 99 69 62 49 93 87 13 85 62 78 49 65 36 48 58 60 84 61 68 19 89 72 28 65 95 45 8 30 61 52 100 19 8 40 83 13 99 83 98
97 17 51 40 37 82 5 1 73 54 65 42 86 1 67 13 67 22 66 29 6 78 21 3 91 22 45 59 20 71 8 43 33 27 26 29 2 54 92 17 10 39 55 25 14 1 69 1 1 75 33 51 52 67 42 31 89 66 31 30 28 3 50 10 91 82 49 22 97 59 33 54 93 34 6 83 10 36 97 68 92 87 95 39 44 34 34 83 29 98
27 10 31 76 15 51 31 84 48 12 31 84 13 11 14 2 95 92 12 92 67 15 63 54 35 85 30 3 63 34 98 74 38 71 38 47 97 84 53 13 60 88 17 22 1 63 37 48 7 56 90 45 46 18 94 17 80 19 3 68 30 42 97 44 86 64 75 6 43 91 35 46 13 1 67 11 68 80 36 4 92 1 100 16 52 38 41 81 32 36
68 32 97 78 71 16 27 38 8 81 16 29 59 27 63 92 52 61 17 23 76 22 36 28 43 32 1 91 69 54 70 91 88 49 76 92 39 13 92 20 84 53 93 91 9 57 31 2 1 45 64 79 73 96 77 45 18 67 49 2 45 99 2 51 95 46 87 15 92 11 56 51 73 91 88 99 71 99 57 86 3 18 49 85 87 78 29 20 40 41
70 48 28 34 16 66 52 25 88 66 14 46 82 4 98 5 92 81 48 71 80 99 82 52 50 13 6 97 48 20 41 62 62 2 50 85 19 16 98 5 89 12 60 54 7 55 25 67 61 19 76 19 50 35 35 23 4 24 75 17 38 62 5 63 63 19 93 20 61 91 77 86 71 20 62 60 90 17 98 99 87 79 87 36 79 91 92 13 79 27
88 71 66 39 34 19 57 95 25 61 67 2 10 16 8 30 4 86 31 76 4 11 73 98 88 20 47 80 45 11 63 33 60 87 49 60 85 49 20 5 9 83 42 62 84 100 99 6 46 42 86 99 82 26 54 36 85 82 21 44 9 70 1 74 16 92 19 80 44 47 49 1 12 66 44 85 75 1 47 51 18 22 78 33 78 80 39 91 91 11
86 33 98 89 40 78 63 22 80 39 39 27 99 59 75 51 29 50 93 20 96 38 23 64 23 69 79 22 25 45 68 76 78 1 13 67 94 71 5 57 60 72 75 37 5 77 85 64 14 99 2 95 70 94 90 33 17 71 61 67 23 1 71 69 33 43 65 57 31 97 74 26 95 15 83 94 96 8 50 48 82 76 97 52 11 23 27 90 16 74
22 89 9 81 64 58 81 44 26 13 17 25 9 98 46 64 15 77 22 98 73 93 68 100 98 91 71 13 44 85 52 27 96 90 13 36 75 70 82 4 70 89 52 65 56 64 82 69 93 54 61 51 68 65 86 74 42 46 40 7 44 5 46 2 5 6 26 72 76 84 39 97 3 3 44 65 17 98 52 58 27 19 69 43 61 50 23 2 86 29
56 88 34 12 91 83 3 85 33 91 5 73 82 93 2 85 71 95 7 40 62 20 57 73 15 16 98 31 1 37 73 27 94 24 85 78 47 6 28 84 20 55 80 100 42 60 87 33 43 62 33 2 46 62 75 3 36 49 12 53 87 22 81 64 87 86 63 35 28 74 86 12 67 14 92 63 59 56 33 39 16 10 89 57 79 81 55 44 36 96
37 58 67 21 26 30 8 50 21 22 58 87 53 26 33 77 44 97 88 35 2 50 23 53 62 35 43 19 88 21 57 74 96 100 31 33 17 91 44 52 29 57 43 73 65 27 89 91 73 5 44 47 10 9 99 94 89 79 71 32 43 27 41 38 42 77 76 21 31 28 10 76 31 38 16 37 10 80 18 93 8 82 48 47 81 68 64 77 96 73
67 86 73 56 31 8 24 40 84 58 74 45 72 29 80 82 71 6 39 19 81 48 17 75 26 67 17 14 77 28 75 58 84 49 14 9 51 92 76 71 21 26 18 8 3 76 91 76 83 24 15 96 36 86 97 9 60 48 40 16 75 26 91 92 20 53 66 91 66 13 42 68 36 94 48 97 43 64 83 99 97 61 15 59 46 23 81 67 51 72
40 68 16 25 65 72 16 83 58 97 79 89 22 29 32 96 88 11 43 68 85 25 25 52 94 79 11 52 1 84 67 41 61 23 37 35 59 62 34 8 38 29 56 60 46 20 44 18 91 82 81 93 2 58 64 84 11 47 52 45 64 32 68 68 67 43 83 79 38 90 32 33 60 18 69 82 12 36 79 51 89 34 16 94 37 7 91 27 67 49
46 74 42 42 73 27 26 49 4 62 78 29 23 77 62 25 78 30 58 68 46 24 64 39 31 48 26 25 39 94 63 8 66 40 5 51 64 4 43 20 63 15 20 35 46 94 70 20 53 6 40 95 6 96 34 45 36 22 58 83 32 62 67 65 66 88 70 15 19 60 25 47 85 49 73 33 9 68 50 86 79 38 43 17 78 2 38 44 95 6
81 72 36 65 11 89 21 62 28 28 50 3 10 56 81 40 60 59 75 80 53 54 14 15 92 6 53 21 17 23 80 9 9 83 58 17 43 26 67 92 100 34 76 1 96 25 54 80 72 16 70 75 87 83 41 87 93 23 76 73 80 63 26 6 66 21 70 58 99 43 14 11 82 39 34 2 37 70 29 7 77 30 85 9 72 25 56 16 49 63
69 56 21 61 15 28 59 11 33 77 4 8 55 85 29 3 50 84 73 81 92 86 20 36 10 29 78 46 48 55 82 17 25 25 28 72 70 44 57 4 87 48 12 62 74 59 44 17 35 30 89 84 23 75 63 60 95 76 55 5 29 69 25 70 79 82 43 96 35 55 39 54 3 100 70 22 39 45 81 54 81 87 52 70 20 6 63 34 59 36
44 3 37 51 81 21 40 90 12 86 24 58 64 9 23 91 93 49 29 47 21 87 45 19 38 20 44 99 89 77 85 77 20 93 12 99 1 91 52 97 72 54 8 27 90 7 92 74 46 77 6 16 96 74 94 86 5 93 55 58 93 95 8 82 49 10 20 29 66 75 92 27 97 41 17 80 31 95 59 66 42 52 50 51 25 98 96 20 94 27
46 78 21 44 81 43 74 94 22 83 74 30 27 96 97 71 30 13 35 64 18 78 24 27 21 74 4 92 50 86 69 98 42 81 38 38 46 68 23 11 42 38 47 78 23 46 10 3 50 47 6 10 18 75 45 99 44 50 57 27 70 60 93 36 78 23 84 51 91 37 52 56 62 49 72 5 2 45 78 25 54 65 61 22 89 94 53 66 2 45
19 1 41 18 35 12 49 100 15 53 92 82 82 43 4 76 45 30 26 86 20 43 92 37 63 83 15 49 97 67 91 94 12 1 74 80 13 48 84 19 4 20 75 57 33 31 90 63 78 61 82 96 6 46 62 37 94 52 16 51 3 72 6 75 34 12 1 42 74 97 82 93 52 73 99 58 94 20 14 3 71 23 48 78 54 36 7 84 37 20
66 17 18 7 13 23 99 7 35 14 14 94 53 63 72 20 79 22 83 40 12 42 59 95 62 58 31 32 3 21 44 16 86 100 31 74 10 10 38 18 51 37 75 57 86 67 95 45 36 15 100 37 39 17 70 29 84 42 76 66 65 77 23 79 5 24 76 36 72 87 71 72 71 97 24 35 28 72 60 15 76 17 3 8 99 41 67 3 24 100
15 57 11 42 20 44 38 41 79 24 10 20 46 31 72 87 74 39 96 71 21 31 19 58 65 55 55 65 51 28 37 70 27 59 96 35 68 77 34 85 53 54 89 75 96 11 41 23 18 94 82 40 67 56 71 2 41 86 17 85 92 62 40 48 86 46 99 64 96 46 78 54 14 80 23 30 17 50 59 49 41 76 49 59 75 32 86 85 63 9
85 85 62 25 52 12 86 29 14 45 11 48 21 36 96 35 40 73 12 32 81 29 52 45 53 61 27 14 73 17 23 30 100 81 37 29 53 67 7 27 100 23 100 81 77 66 100 40 17 37 74 33 25 24 93 36 4 70 34 16 27 75 5 67 25 89 25 1 65 98 1 96 85 5 9 95 56 39 48 63 30 18 29 48 4 13 67 47 2 49
16 69 30 49 87 75 13 20 97 80 87 88 61 66 68 19 28 71 6 46 57 94 86 5 99 29 99 87 67 36 37 80 50 97 76 87 72 49 100 90 71 90 59 91 33 44 54 34 11 84 85 7 93 87 53 75 60 53 48 55 58 38 40 57 43 88 93 84 89 91 86 54 23 59 22 71 62 92 83 87 35 5 53 33 33 11 62 79 20 21
79 88 91 43 73 48 23 93 46 54 28 94 10 33 66 18 40 97 5 63 30 23 92 19 58 47 68 90 84 46 52 9 66 56 68 57 76 43 65 5 58 42 49 31 49 25 70 34 84 42 30 39 31 96 54 100 21 5 11 52 59 47 41 46 12 97 89 1 57 44 88 73 74 4 96 93 60 39 49 70 70 21 11 73 1 80 13 23 63 5
63 53 12 74 83 63 86 80 44 83 88 13 59 81 86 25 54 68 16 97 9 73 21 25 48 67 51 43 93 90 5 69 48 100 59 15 34 86 95 57 83 40 34 6 53 94 1 74 51 74 62 62 82 69 39 52 32 16 62 69 83 92 48 32 38 19 15 39 11 55 78 98 4 67 15 25 60 31 28 6 99 65 69 86 74 36 66 54 59 30
45 3 75 9 46 52 91 88 74 53 51 11 69 25 88 93 85 89 15 13 11 57 82 19 82 22 85 43 1 66 61 85 67 4 12 37 76 85 28 57 53 96 56 70 11 38 78 40 80 25 9 71 32 73 46 53 53 25 17 65 47 32 73 38 61 59 17 82 4 53 18 89 72 17 74 36 45 97 96 46 98 22 5 68 9 87 58 71 61 54
55 83 58 50 77 68 64 66 97 67 97 16 95 43 18 31 42 38 87 80 31 10 44 53 44 6 64 25 48 23 65 95 15 56 41 92 9 24 89 50 69 24 20 93 51 67 33 89 69 14 4 68 38 59 3 18 81 77 1 74 28 14 44 21 84 73 46 40 82 5 20 37 57 35 86 58 94 49 55 59 90 90 55 72 88 11 72 27 52 58
52 99 29 19 38 24 6 75 87 31 87 58 41 61 26 75 22 23 22 69 76 56 97 92 25 38 64 78 73 36 55 40 40 33 72 46 48 40 51 31 75 2 21 59 57 82 55 61 71 39 79 55 58 86 23 80 14 57 85 28 66 57 49 41 18 86 89 15 96 30 36 90 59 51 51 67 19 28 9 14 38 56 63 93 96 65 60 85 32 41
22 80 48 10 51 46 24 60 80 65 67 56 79 72 62 39 52 4 54 79 74 14 5 49 84 52 32 86 69 31 35 74 4 14 75 50 71 77 38 65 36 38 3 44 73 43 86 30 98 82 41 56 15 81 90 18 7 21 44 68 32 93 50 83 8 71 55 64 74 17 20 45 71 70 96 16 73 9 44 67 60 43 69 89 38 20 3 70 75 91
89 94 57 20 1 69 82 78 54 89 51 83 24 12 97 22 10 100 96 73 24 19 22 48 89 46 28 53 51 67 60 81 54 40 59 46 27 68 73 95 77 54 84 50 47 82 62 100 37 31 57 45 41 77 26 52 19 20 70 70 61 95 13 6 16 71 5 55 79 65 69 52 61 39 65 51 84 37 91 13 65 63 20 65 22 49 32 30 89 53
56 66 1 80 11 61 76 9 19 96 54 71 68 4 58 11 30 16 96 40 2 1 88 5 57 90 89 43 61 24 98 95 38 19 95 52 40 37 57 24 63 48 5 53 98 46 51 31 70 30 93 54 12 23 6 72 97 6 68 65 59 98 77 4 88 97 65 58 58 87 69 60 78 65 60 11 62 86 83 94 88 69 50 81 38 70 82 14 50 70
58 15 89 62 46 3 5 30 67 62 94 3 33 44 39 80 91 24 23 1 66 16 15 63 87 55 10 85 71 40 72 46 66 27 35 76 15 11 31 38 8 72 62 21 80 15 59 50 58 64 92 36 42 54 30 48 49 41 40 49 46 100 19 13 66 90 68 57 11 26 13 20 68 14 15 24 45 90 16 72 88 57 66 67 23 91 88 75 1 23
76 64 53 40 83 25 61 3 6 6 63 16 65 58 42 95 2 81 79 28 34 20 81 28 20 42 91 5 73 52 39 58 50 1 10 50 85 3 50 46 80 1 28 5 44 59 70 7 26 48 96 65 80 4 87 25 16 53 88 66 60 18 15 88 90 20 42 54 6 6 69 29 11 39 13 61 79 87 84 21 80 17 36 98 39 73 18 29 83 71
62 28 2 38 23 15 16 73 28 1 2 28 92 85 96 36 71 67 67 92 65 57 47 11 64 89 72 14 27 92 43 94 89 58 99 97 52 6 12 60 62 8 27 98 92 41 49 87 65 50 7 30 42 37 64 13 92 70 78 25 14 24 90 54 99 24 80 31 73 61 97 83 64 54 52 2 25 97 68 56 71 30 68 91 56 71 20 70 52 67
37 84 69 79 87 34 9 17 74 30 3 16 19 87 34 49 77 41 4 94 88 71 30 26 92 8 75 64 98 54 88 37 86 25 30 64 34 8 84 93 28 31 80 6 30 38 98 1 53 78 73 54 59 7 3 54 24 40 55 97 99 9 39 60 62 10 83 91 25 66 41 23 100 17 81 23 95 50 13 35 76 37 70 46 64 14 68 83 46 86
23 22 13 92 43 5 73 29 71 28 67 85 87 6 48 90 62 17 77 81 45 100 96 41 47 92 69 30 15 71 27 63 37 79 99 53 14 59 43 75 61 72 62 95 8 21 50 55 100 9 12 52 74 80 18 28 32 86 62 18 86 46 24 80 18 81 19 87 55 13 82 72 79 28 73 18 62 32 95 48 6 84 74 2 4 67 87 15 37 92
67 77 90 21 67 87 29 51 100 13 100 13 21 20 49 98 27 58 24 48 27 51 76 95 8 70 84 35 28 80 74 7 98 47 62 95 87 71 27 96 6 70 27 45 75 26 32 18 26 59 98 94 91 91 23 61 97 46 51 40 16 71 53 36 18 24 39 82 69 58 16 79 12 55 79 6 41 78 77 64 77 2 18 52 62 96 36 62 52 64
78 2 55 40 44 1 55 64 96 51 54 81 58 42 1 20 42 74 46 73 47 90 86 97 9 51 5 61 82 62 90 82 26 10 93 49 25 60 68 73 17 59 87 27 10 26 22 87 64 84 28 56 14 37 84 61 77 46 82 79 41 24 27 19 10 48 10 67 9 25 86 97 71 68 94 43 53 80 86 37 44 89 98 67 21 19 28 90 75 9
78 86 22 28 61 57 78 84 41 54 51 60 54 11 54 16 40 88 20 9 56 55 83 89 50 80 47 75 78 57 31 5 83 7 34 66 67 1 13 45 88 99 62 51 36 58 55 67 53 89 41 70 6 50 84 29 59 45 5 41 85 21 60 10 85 48 42 79 38 79 71 14 31 61 28 42 39 28 65 68 90 10 88 68 14 13 71 12 70 79
42 79 72 7 85 25 65 93 51 49 97 68 91 78 74 41 1 53 93 85 61 19 7 100 89 24 77 87 27 5 38 26 40 13 48 2 30 16 80 80 17 61 89 50 56 95 47 8 22 85 23 78 36 49 26 42 8 61 16 91 99 71 19 9 47 43 20 3 64 4 7 12 3 16 87 68 66 37 11 27 45 9 78 62 97 15 90 48 55 24
68 89 22 37 55 88 50 21 22 34 85 34 88 18 94 12 23 93 59 36 53 72 56 8 94 45 14 33 81 92 12 35 56 81 42 11 94 69 79 11 58 88 21 32 78 90 98 15 72 3 44 36 43 25 40 61 10 43 7 20 12 88 96 99 84 87 42 70 15 91 92 86 23 77 2 7 27 4 88 46 75 22 15 57 94 14 42 97 21 19
36 21 87 41 34 48 26 54 37 31 94 50 41 15 69 81 44 5 42 38 38 53 15 4 5 13 92 17 3 17 47 48 51 35 44 71 37 84 52 49 9 78 87 33 50 73 26 1 36 9 59 60 14 20 64 61 28 11 38 11 31 35 70 46 7 60 48 16 46 21 63 40 22 19 2 61 28 57 91 82 89 90 22 29 26 95 93 35 55 47
73 66 47 34 63 32 11 80 32 80 87 48 15 46 33 27 32 24 97 89 34 28 29 93 67 5 86 36 72 39 2 54 71 35 33 52 84 81 75 46 9 45 85 99 55 18 93 39 6 43 73 11 94 73 71 41 65 14 9 57 1 29 19 79 71 90 3 38 55 99 47 8 9 58 45 26 42 9 77 76 74 87 15 26 18 9 33 45 15 10
69 88 26 97 81 87 12 22 33 72 58 65 27 10 43 18 90 66 2 14 52 7 91 34 93 8 13 48 21 48 90 76 76 86 72 49 91 98 65 84 82 94 92 96 5 41 53 69 85 93 71 12 60 58 79 25 51 12 17 31 42 22 13 25 95 1 42 30 84 39 59 72 56 97 99 23 75 92 51 98 41 85 12 15 56 47 8 31 86 17
10 76 80 5 14 42 27 64 82 40 75 50 5 66 89 99 29 67 43 85 26 65 24 42 17 56 6 17 36 28 69 15 30 51 72 66 34 7 40 85 64 53 3 40 96 21 86 79 58 5 31 45 96 24 50 19 77 5 67 100 48 25 52 25 27 38 85 33 47 29 69 83 81 35 92 16 70 92 16 26 13 42 75 42 64 46 94 46 34 47
28 38 34 72 99 91 97 99 80 9 56 31 64 71 86 96 33 10 91 18 76 44 38 30 18 8 80 91 26 45 84 67 78 38 15 100 56 48 19 87 15 91 8 77 7 28 98 64 12 13 95 4 8 3 24 55 13 46 86 14 73 81 34 52 46 34 2 98 75 52 20 15 70 55 22 27 58 38 29 43 71 89 94 98 58 99 34 44 15 7
19 39 38 4 96 47 17 90 71 85 5 41 40 54 7 27 36 13 18 80 55 52 87 5 24 49 49 86 78 32 69 46 50 51 53 19 96 8 45 27 58 39 17 13 56 65 65 44 99 40 90 32 66 2 61 65 88 25 25 17 68 15 6 15 84 30 83 19 20 61 75 15 79 19 25 36 41 43 50 13 48 29 6 66 64 26 12 40 49 94
96 57 1 76 88 6 96 48 44 56 64 6 5 21 93 92 14 24 16 47 46 25 57 44 49 93 56 30 96 18 67 35 1 46 60 33 66 80 33 55 35 99 60 6 18 68 37 88 34 9 98 48 3 52 96 22 2 81 25 33 16 75 22 89 2 38 18 98 22 96 69 89 81 28 97 39 45 16 45 43 55 45 67 80 70 72 17 38 7 99
8 49 65 20 78 17 99 76 97 27 26 99 93 13 1 18 51 38 79 26 35 90 95 59 71 39 93 79 22 31 55 45 94 47 84 82 29 29 64 33 7 97 38 7 49 40 43 57 70 88 21 46 15 39 15 7 12 42 82 99 66 98 43 10 42 6 93 91 66 40 56 93 81 54 16 44 69 64 98 34 45 86 19 18 46 81 10 100 1 6
94 7 75 55 39 4 80 29 55 23 11 70 98 15 81 40 90 14 80 43 25 57 89 21 18 38 8 27 89 71 15 2 97 77 61 44 63 81 81 83 69 64 44 64 59 58 93 89 7 47 42 69 20 62 67 32 1 3 82 20 61 77 34 52 73 35 15 84 60 26 93 5 1 88 40 90 30 37 95 51 86 56 16 37 37 88 39 62 70 98
68 48 96 60 32 14 4 41 46 42 82 58 42 31 52 13 85 99 72 77 35 68 68 96 71 97 63 64 30 10 63 12 79 78 36 2 6 16 19 91 5 4 68 55 92 42 27 80 16 18 99 29 38 71 98 39 21 40 95 83 23 11 38 19 80 45 14 29 47 97 16 95 32 9 97 100 54 54 69 36 27 15 55 93 23 82 70 44 32 18
51 5 49 54 48 87 4 89 19 85 80 95 25 32 20 10 31 92 63 94 88 82 14 34 92 63 23 1 63 8 10 43 82 91 75 6 25 85 23 18 33 5 80 65 17 29 24 3 92 67 95 76 30 39 76 87 93 18 80 80 49 28 93 93 29 44 24 29 92 1 66 97 5 70 33 32 74 28 39 56 78 83 91 90 38 75 67 97 57 12
9 9 16 82 50 27 20 77 10 54 38 55 4 88 20 27 57 70 39 46 52 44 32 29 20 47 27 98 16 26 57 70 76 62 32 61 40 29 19 3 62 44 10 71 3 29 43 3 62 54 77 84 33 17 49 90 42 70 86 30 84 96 63 8 35 61 70 87 2 2 42 19 42 91 76 54 61 32 73 51 30 45 72 36 73 82 82 38 24 66
23 12 13 81 90 6 8 2 65 78 84 5 20 34 59 16 77 74 48 34 72 90 87 59 63 34 26 39 33 18 55 46 91 18 81 19 38 31 25 81 11 100 65 15 93 41 62 72 9 52 19 68 10 8 9 48 70 75 62 14 94 47 76 80 42 38 52 50 6 18 3 11 89 94 78 22 30 25 30 65 20 49 85 31 38 56 99 22 55 50
79 60 44 43 61 65 67 37 25 83 100 72 58 33 7 58 68 1 87 67 42 78 89 98 55 8 17 25 3 35 48 39 74 8 38 24 25 34 6 37 12 34 90 36 63 7 69 47 61 78 84 73 50 32 37 21 76 85 62 76 100 33 56 40 90 72 4 52 9 53 63 44 59 2 94 80 40 87 58 35 12 55 3 23 78 32 20 32 72 7
7 39 43 40 40 87 22 22 77 54 7 29 3 68 87 43 18 28 65 38 58 23 44 12 31 58 97 40 40 74 76 2 37 34 27 60 75 67 25 74 39 44 12 21 77 53 54 45 83 35 67 33 70 60 49 56 62 93 64 86 3 68 86 44 37 93 82 48 52 56 46 63 87 47 94 90 25 58 37 6 67 14 54 68 29 30 8 85 27 60
95 86 34 75 84 93 21 10 14 62 78 100 29 63 3 17 38 55 64 65 93 77 16 12 26 89 73 70 60 100 59 87 79 45 72 48 9 31 93 100 67 100 13 90 55 24 4 30 25 85 37 23 60 69 35 98 76 55 73 44 46 16 32 70 92 11 92 73 46 99 45 69 87 6 26 32 46 8 84 11 11 20 75 93 9 81 69 45 48 28
56 28 52 12 67 71 12 76 16 37 76 47 18 29 59 6 89 13 11 42 59 38 70 86 71 71 40 65 5 56 24 87 67 43 10 86 85 10 21 43 60 12 39 92 48 43 54 17 87 78 93 22 35 4 61 63 6 25 86 28 39 29 50 17 90 32 97 31 1 76 27 29 47 74 48 43 42 81 100 63 38 53 11 55 56 20 8 68 31 50
7 35 96 39 60 38 76 65 74 29 98 83 12 55 24 41 85 36 36 83 59 34 2 33 95 42 51 11 8 36 44 30 3 23 73 11 85 83 43 76 89 5 46 43 26 13 57 57 98 16 57 83 71 1 27 90 73 73 39 77 28 88 30 25 94 14 75 90 69 68 12 14 63 99 81 54 51 29 88 63 97 86 2 82 26 89 16 39 77 85
51 22 52 52 67 70 85 93 78 75 17 38 51 76 75 22 22 22 86 74 34 65 100 74 45 10 1 84 8 60 56 22 24 4 68 86 46 89 41 80 86 77 16 12 67 59 66 67 73 57 65 96 43 57 62 30 74 25 75 90 90 43 95 71 53 35 28 97 78 100 100 26 40 60 41 58 19 70 24 56 23 4 35 44 63 54 58 72 45 45
49 52 19 88 89 14 61 18 59 56 92 67 89 2 85 86 37 24 79 36 40 33 5 92 54 47 61 38 8 39 88 93 46 60 52 30 15 84 8 52 20 43 6 96 10 35 32 72 79 11 85 88 56 77 67 38 39 49 73 76 37 70 74 26 60 3 48 81 75 51 24 38 7 55 52 33 1 35 39 28 85 26 16 54 33 95 25 56 72 60
26 89 3 72 97 34 1 84 28 73 4 75 21 19 57 99 7 82 84 29 94 2 42 56 67 67 50 64 22 85 88 99 30 72 99 30 75 55 22 42 10 7 32 92 70 64 36 99 73 24 22 29 43 67 59 40 66 93 100 86 29 43 79 78 57 51 75 72 3 9 93 37 28 49 70 15 19 26 99 80 90 15 33 16 42 75 34 99 94 56
42 13 86 22 40 51 77 5 63 87 20 36 73 60 25 96 57 98 42 93 42 82 24 61 42 15 41 69 97 37 62 28 28 54 82 33 72 15 22 59 71 41 37 54 65 8 59 32 11 2 26 71 17 16 85 71 58 36 24 49 4 41 59 48 11 76 96 78 45 10 41 79 30 39 44 76 63 54 33 93 23 17 58 42 50 50 79 41 40 78
84 29 28 91 67 30 40 26 31 80 9 43 13 68 65 86 45 25 59 43 37 42 21 69 44 67 62 81 44 60 29 64 92 33 25 14 82 48 29 22 88 9 72 37 11 28 89 62 42 10 92 89 43 10 69 36 4 26 37 59 87 68 47 87 38 43 77 43 81 97 85 28 65 53 55 36 32 33 82 15 80 1 28 75 47 24 79 57 62 59
2 39 100 51 99 76 73 44 21 1 37 33 68 43 29 55 53 59 59 62 59 48 38 11 17 28 91 8 71 100 14 52 32 61 47 5 17 41 20 48 90 8 19 2 42 89 64 20 74 28 1 95 11 38 58 50 11 32 76 48 55 89 51 15 55 75 85 33 27 31 20 45 29 38 57 75 15 8 7 19 33 95 53 44 73 94 9 91 44 95
70 46 87 2 85 64 62 9 23 25 86 97 79 39 27 58 96 58 21 26 45 73 28 25 44 44 11 78 97 13 59 46 25 65 46 10 40 58 54 39 86 79 2 95 21 33 57 53 96 46 66 73 73 90 64 69 23 62 63 78 57 18 35 65 58 4 34 10 23 86 8 49 22 41 21 39 19 47 41 5 44 78 41 25 23 46 6 27 77 89
53 38 77 30 24 83 71 76 2 3 9 5 96 67 41 83 8 39 87 32 55 96 77 97 71 82 27 13 14 51 77 64 59 58 85 64 16 18 9 82 26 29 76 43 31 41 70 97 15 48 62 67 71 30 87 54 46 75 9 82 4 58 93 59 88 87 61 52 62 30 67 49 17 3 49 28 90 12 95 34 45 77 53 22 10 31 97 48 90 39
42 11 64 75 3 58 20 97 41 31 74 12 82 91 4 9 25 66 59 88 51 61 25 40 59 95 44 47 53 51 31 54 30 32 75 69 18 93 90 83 13 10 58 56 11 86 52 77 44 42 92 25 47 85 36 36 48 94 31 31 23 95 19 74 83 56 80 20 7 41 78 39 40 85 87 3 88 39 82 84 83 53 1 7 68 34 5 39 19 89
39 39 73 65 2 1 63 4 25 5 32 50 79 8 53 63 63 64 83 24 7 69 12 63 77 82 66 21 78 92 51 100 24 17 85 80 94 72 15 60 59 1 45 54 46 3 83 78 53 66 26 6 78 87 16 77 44 81 7 7 98 61 99 11 55 90 27 11 53 72 53 56 6 59 68 51 31 67 26 94 83 12 68 99 18 42 27 1 94 71
40 100 21 73 8 27 20 85 63 50 58 6 8 64 74 33 65 78 72 87 48 48 29 18 57 17 85 39 5 83 50 52 57 92 32 48 57 93 18 40 17 76 98 49 25 9 66 22 82 73 41 94 77 91 93 15 53 31 89 6 88 70 72 83 23 37 70 20 49 85 17 98 89 22 45 36 52 88 77 31 92 18 19 10 98 32 5 5 86 27
44 66 84 15 67 69 80 31 62 69 38 41 20 15 5 85 88 86 24 99 51 57 43 59 21 81 82 96 27 25 87 47 55 4 79 72 48 6 36 45 49 80 73 68 92 35 21 69 40 2 55 9 55 8 22 44 51 37 22 48 48 90 5 18 32 88 40 68 60 73 91 62 44 62 9 50 38 73 9 69 50 28 79 33 29 85 72 11 9 17
100 13 3 40 47 9 9 45 4 43 83 27 46 12 56 44 72 76 35 28 87 67 55 59 37 7 69 34 22 58 23 91 28 10 20 51 45 73 3 51 29 100 36 46 25 19 32 97 64 71 99 86 35 81 29 100 27 80 89 41 94 72 70 31 29 26 61 73 40 82 81 11 27 13 1 39 87 60 89 23 6 93 73 8 78 1 24 60 4 10
96 47 91 41 29 47 18 89 37 11 53 30 83 22 66 10 75 49 54 15 22 83 17 37 26 1 27 49 12 20 97 83 100 49 13 25 42 94 90 32 68 50 44 6 78 22 84 16 52 13 1 31 5 28 63 32 13 71 33 5 60 30 28 60 99 27 85 62 75 34 47 17 4 62 9 2 6 77 32 87 74 95 54 55 61 34 56 64 84 61
22 91 63 30 19 70 31 8 92 57 43 42 97 24 52 89 83 38 19 82 47 30 2 61 75 59 16 52 13 98 55 18 62 48 28 82 87 89 20 97 75 74 86 32 32 6 44 82 31 20 56 24 97 95 57 95 91 21 44 44 60 83 49 94 71 15 100 88 56 39 6 9 57 86 54 60 91 11 82 86 29 13 4 93 11 97 92 38 64 95
11 9 55 16 81 72 93 49 74 5 30 87 64 33 60 45 79 74 64 64 40 92 22 70 71 40 7 87 16 73 34 46 14 33 65 55 72 46 28 8 4 41 17 20 57 52 55 43 35 77 66 53 27 41 57 75 92 52 50 55 35 48 32 81 43 77 2 66 39 77 27 18 79 38 62 45 80 75 95 100 46 91 69 98 24 51 2 17 72 76
2 40 17 61 8 55 39 87 94 64 23 78 90 45 34 66 85 37 53 42 15 59 90 53 84 24 10 52 27 58 46 89 60 74 44 65 40 62 26 47 11 66 52 94 43 21 24 71 10 9 82 86 27 52 22 30 12 47 81 76 48 50 24 3 7 44 48 63 18 50 85 78 56 82 18 91 59 44 28 99 97 18 34 14 36 95 65 17 77 35
70 97 94 96 60 38 14 83 84 68 51 18 7 70 100 89 66 48 33 44 27 4 46 64 13 79 46 79 2 58 58 70 67 15 48 46 61 11 29 28 94 33 100 56 60 76 62 11 57 96 68 98 99 5 95 28 22 97 48 36 7 76 67 33 17 85 94 5 72 4 22 6 77 24 26 28 47 12 47 69 86 13 66 88 90 6 59 17 37 75
44 29 21 54 6 95 64 28 49 36 60 50 34 96 60 4 77 50 35 91 77 84 2 47 29 45 100 67 18 71 39 76 9 37 62 68 29 26 83 65 99 60 57 62 97 29 51 82 1 93 30 18 90 60 89 14 46 73 37 2 83 60 84 46 63 25 81 88 36 17 61 30 13 94 59 11 63 43 9 71 63 85 93 40 89 3 9 49 71 71
83 25 41 72 36 53 33 54 93 30 74 27 53 52 85 76 51 39 48 76 42 62 22 3 30 87 94 36 64 6 8 33 81 77 5 55 22 58 55 56 65 35 11 1 80 74 1 86 53 72 67 60 72 45 24 76 79 56 91 67 63 70 41 78 86 52 39 64 76 6 66 43 37 23 31 63 19 58 84 25 97 78 27 8 66 25 96 45 23 6
5 96 11 67 34 38 5 70 69 2 38 39 20 25 31 13 72 90 21 21 55 59 62 39 100 60 13 99 84 94 38 63 32 69 100 84 99 98 94 46 62 52 16 63 49 47 64 76 92 42 51 1 16 35 37 9 79 73 10 42 27 68 1 50 21 41 81 94 89 41 6 49 77 22 29 65 33 98 35 47 73 83 53 57 8 62 73 80 27 5
64 87 47 9 96 83 28 45 48 22 57 58 68 8 62 13 60 2 50 87 15 71 34 66 78 69 37 9 38 76 55 13 86 96 16 25 21 11 78 88 55 12 90 41 89 18 82 6 89 28 13 70 60 64 81 70 87 88 80 69 99 2 58 27 21 89 94 80 36 5 3 27 63 23 21 62 35 53 96 34 71 36 63 83 1 82 54 94 9 20
37 24 43 12 61 8 96 97 14 1 46 71 43 38 7 33 43 4 41 48 61 29 30 9 20 75 98 15 94 4 18 20 98 23 53 88 79 33 99 37 68 83 51 45 67 97 94 42 33 13 2 80 82 75 50 6 77 2 5 97 84 4 90 44 47 81 18 87 23 90 71 95 95 82 18 86 41 44 58 49 30 25 61 25 27 38 13 49 35 88
40 11 39 32 79 36 43 28 34 78 90 55 44 7 14 5 66 69 2 54 17 63 95 12 98 16 15 30 9 54 86 49 74 20 49 67 20 87 4 2 35 68 30 12 40 68 70 61 12 85 79 43 19 67 45 29 9 95 61 67 78 65 89 9 40 34 52 25 34 76 49 44 57 25 75 46 18 86 95 30 45 69 57 63 78 65 15 65 15 69
65 50 37 38 9 61 34 40 4 12 94 50 22 58 84 27 65 78 47 38 77 100 19 95 86 54 58 11 3 46 77 78 32 19 2 18 35 76 74 9 83 72 16 96 1 59 83 22 90 29 16 83 81 8 85 47 54 29 10 30 20 40 83 58 29 4 21 97 78 47 78 31 76 91 17 41 21 84 11 25 21 77 20 92 32 68 68 81 93 41
19 12 95 90 37 41 42 42 97 69 14 31 9 90 30 46 58 93 84 56 84 73 13 99 68 75 76 70 71 1 62 83 13 70 34 1 16 64 92 56 30 94 97 18 32 93 66 11 93 23 72 76 67 84 29 61 92 1 65 24 73 13 57 42 65 94 42 3 43 43 16 79 49 79 54 68 97 63 64 23 56 6 92 19 43 49 76 90 29 70
92 38 78 35 1 83 93 95 38 26 42 85 31 77 97 92 54 63 58 80 34 41 29 24 32 47 30 22 37 43 4 68 38 5 2 55 71 65 8 70 26 7 12 53 35 32 45 23 55 58 35 19 87 49 28 96 38 70 89 76 73 79 30 83 33 48 79 53 12 63 77 11 98 41 70 11 51 5 89 92 57 19 75 87 22 35 55 94 41 4
51 14 98 90 26 23 85 52 20 46 54 37 17 82 4 14 10 12 60 83 85 8 90 37 53 4 98 2 39 44 39 48 23 4 14 19 41 43 91 77 100 59 60 81 20 37 72 7 21 60 3 34 24 43 23 46 81 16 50 31 75 97 60 85 74 31 49 23 81 20 20 36 73 46 29 44 76 39 96 2 57 55 15 30 30 89 15 72 22 4
75 36 36 4 91 69 88 86 63 38 74 4 41 99 93 58 26 98 42 3 88 40 41 90 43 76 28 72 70 62 83 11 11 81 52 73 43 19 1 55 59 67 13 78 80 96 78 11 61 86 8 82 21 23 39 41 13 18 90 85 16 71 22 1 3 30 52 85 45 63 55 92 29 50 7 98 86 58 79 32 67 93 84 40 64 96 67 30 21 68
52 80 59 75 3 99 39 92 98 82 41 80 80 82 25 91 67 1 80 90 31 68 76 84 42 66 13 91 56 66 25 18 1 90 54 22 71 34 42 24 73 73 89 39 96 96 37 94 71 72 57 96 67 69 44 64 6 38 71 41 33 18 89 7 76 23 26 81 8 29 71 66 28 16 44 100 71 34 77 67 72 8 20 31 8 23 2 16 88 25
80 33 20 72 29 95 90 44 34 49 97 29 48 93 67 22 69 43 80 46 5 25 86 68 68 67 18 53 98 73 65 58 27 36 87 74 49 67 44 41 51 45 25 39 81 54 94 95 89 34 56 95 67 12 33 35 49 48 98 1 3 70 96 22 85 24 35 17 36 41 8 14 67 37 89 84 54 89 36 21 81 88 59 31 30 29 72 98 86 42
10 68 97 43 26 50 62 1 88 31 60 14 54 7 50 74 39 53 88 16 84 63 62 35 31 73 4 50 12 48 9 99 33 21 9 44 33 30 13 38 34 80 87 60 39 86 33 21 74 44 80 9 67 51 74 39 53 91 71 8 21 60 84 93 33 100 95 47 99 89 32 19 49 29 47 44 38 9 46 26 18 54 32 99 71 75 16 37 79 35
83 36 68 16 10 23 62 56 57 44 34 53 77 52 97 28 18 30 94 13 3 64 13 30 81 45 88 58 16 93 14 48 67 68 83 29 9 49 40 90 23 89 95 6 41 96 98 10 5 33 28 51 22 5 62 9 34 82 81 57 10 35 4 67 68 80 53 31 81 61 18 66 37 25 100 14 100 59 2 81 50 72 75 77 7 93 72 48 60 53
28 54 46 69 67 3 2 51 85 39 78 63 54 91 7 2 39 2 87 49 1 7 55 87 52 37 71 76 54 44 42 28 92 24 37 47 83 5 49 16 70 27 81 92 83 8 4 52 80 45 57 41 58 77 73 52 63 3 61 22 2 52 58 54 1 37 97 39 4 21 29 55 16 13 85 5 18 71 59 68 58 88 91 67 23 28 28 48 79 5
59 79 93 60 33 76 66 49 79 5 20 7 12 81 32 64 28 94 100 69 64 2 31 2 28 93 66 100 88 67 58 97 20 77 30 54 87 83 51 57 28 34 50 4 23 34 4 10 45 93 71 90 76 28 2 17 45 30 42 98 60 25 33 73 77 22 76 54 42 80 13 74 53 66 19 63 39 51 28 4 84 39 33 16 97 93 10 29 78 13
43 18 9 36 66 15 82 42 73 16 1 42 44 81 80 48 54 66 67 42 45 51 70 38 94 27 10 97 67 70 59 30 92 5 96 71 31 27 16 2 37 92 28 92 15 13 46 79 92 6 51 5 30 94 68 24 40 92 40 42 84 47 98 56 13 66 26 90 60 62 7 85 42 22 99 14 34 31 44 42 99 44 48 79 57 27 88 91 13 14
39 69 20 77 58 28 48 34 45 97 94 85 21 73 44 39 92 39 3 11 59 7 63 29 88 25 7 82 93 100 85 20 77 55 4 62 79 39 15 76 82 12 45 88 28 85 67 17 46 75 88 54 69 20 93 92 22 71 20 87 46 68 78 9 63 85 6 42 45 9 98 65 6 91 33 83 78 92 62 88 70 79 88 52 38 78 32 62 73 46
4 45 60 96 68 33 59 9 95 50 70 51 19 76 79 17 2 78 52 49 7 55 31 69 49 63 78 78 81 56 85 16 67 41 65 33 52 90 34 18 88 39 55 59 67 90 3 93 77 61 69 24 46 34 81 80 75 35 37 20 60 3 94 5 81 7 30 94 82 40 5 59 52 18 76 40 61 8 67 57 36 65 23 22 19 89 90 46 42 41
41 94 76 77 86 55 59 25 39 56 99 5 100 12 19 59 34 57 74 73 55 65 65 69 35 45 28 12 34 57 41 42 41 54 72 12 25 8 70 91 20 65 84 11 95 84 57 66 67 65 8 67 12 48 62 29 62 76 66 50 85 68 30 100 10 43 26 2 19 66 81 84 13 5 61 78 17 49 92 14 57 46 20 9 43 86 49 61 48 2
89 38 10 75 5 88 70 39 55 60 20 20 85 94 28 72 90 16 19 29 53 48 8 55 46 51 64 37 33 7 14 36 3 71 26 67 95 84 87 1 50 35 37 71 54 25 41 46 54 11 26 74 16 56 90 9 62 90 14 88 90 69 42 52 92 75 18 50 38 34 30 94 42 51 96 43 15 82 88 38 54 93 80 98 32 76 49 48 78 70
71 87 12 90 77 49 69 1 18 95 91 19 82 17 14 34 54 13 88 77 11 82 92 94 31 76 39 65 77 1 64 96 87 86 51 64 19 5 46 32 84 33 5 82 21 47 21 45 60 68 52 16 60 13 79 23 14 14 36 9 71 74 61 94 36 80 60 49 49 71 9 13 6 92 2 99 30 14 48 25 75 28 16 84 94 52 74 42 80 65
73 74 3 6 33 81 56 68 58 45 91 7 94 38 36 47 16 73 84 27 65 2 7 66 31 78 9 87 31 60 92 9 16 8 20 9 44 69 56 30 69 67 76 83 62 36 62 47 37 40 97 46 17 8 100 58 38 44 22 99 44 42 94 99 27 76 74 49 51 49 84 94 82 100 41 84 25 57 85 27 73 18 64 60 28 90 99 37 35 62
24 63 43 100 47 43 85 9 64 6 66 39 29 84 56 69 84 32 60 25 43 86 33 65 48 66 8 11 11 29 39 70 100 2 9 44 84 78 1 23 5 56 94 51 20 37 84 44 97 42 80 32 21 92 60 97 89 94 84 88 73 65 7 63 50 9 9 90 75 91 36 38 45 52 35 88 49 59 44 8 79 6 99 15 4 58 72 64 54 59
74 22 19 57 89 41 29 65 55 73 79 10 27 11 57 19 13 83 60 6 50 49 70 22 60 25 3 35 39 55 5 9 16 61 76 81 95 51 41 59 56 54 74 48 33 63 31 13 73 16 34 95 56 75 7 86 77 70 89 28 96 60 60 15 86 98 45 52 31 46 33 84 33 70 83 60 52 80 90 98 100 100 97 86 60 3 88 96 46 90
29 10 54 30 3 62 57 47 52 14 89 50 38 52 12 12 42 63 50 45 78 77 3 56 30 30 28 14 90 45 77 27 75 59 13 11 66 72 92 66 41 67 100 59 61 96 66 32 68 90 21 11 1 22 80 33 65 21 86 46 46 15 99 60 33 93 31 1 94 30 86 97 72 21 3 5 18 96 96 75 14 79 98 35 4 31 79 17 89 4
62 1 73 97 81 10 97 13 41 87 46 41 40 40 56 24 2 50 48 54 45 28 90 93 73 25 42 3 19 72 2 12 85 23 73 86 34 56 80 92 54 68 48 50 56 30 31 99 80 17 37 39 56 41 12 77 26 6 55 89 69 93 13 27 80 96 6 48 57 63 54 27 49 92 70 40 8 51 61 37 64 38 83 2 3 67 21 6 26 76
69 87 56 81 97 83 48 37 19 34 57 73 64 57 59 71 8 81 64 27 41 64 99 71 38 81 99 11 74 53 66 8 97 87 25 86 95 80 16 81 17 50 15 13 71 56 46 94 60 58 67 9 88 36 68 40 67 40 21 20 66 25 98 65 98 81 8 42 57 5 78 74 1 65 46 58 92 25 44 40 92 40 26 32 69 49 40 57 7 3
88 90 46 18 48 46 91 10 52 35 25 46 57 86 1 73 62 76 13 60 14 65 62 67 95 90 40 75 97 37 7 19 87 10 21 43 96 91 13 79 20 58 78 65 8 84 99 74 66 36 15 56 5 14 79 65 57 17 47 67 93 78 80 93 13 58 13 96 72 12 76 89 67 65 30 69 41 87 92 20 65 77 24 18 54 54 89 74 88 93
61 29 75 93 87 64 42 12 1 1 92 9 86 69 40 68 68 71 71 12 88 71 23 64 42 6 16 19 82 93 51 1 92 60 89 1 87 38 22 91 47 94 76 3 32 26 40 28 55 31 59 30 75 18 85 52 74 14 12 88 82 37 74 19 55 24 47 52 25 50 42 4 93 75 51 91 46 67 39 64 100 74 79 72 91 30 72 46 92 61
78 47 24 85 65 67 59 67 46 18 14 54 72 54 53 87 13 60 6 73 81 55 29 82 41 76 60 19 8 80 49 25 53 63 96 90 14 11 37 29 64 72 7 90 99 42 77 74 7 95 42 73 78 62 88 3 100 76 85 76 83 71 67 20 26 32 71 28 57 80 41 77 56 2 38 97 55 50 16 3 66 37 63 21 34 42 28 7 18 26
33 87 86 68 43 33 65 21 80 11 79 64 4 81 32 75 22 88 21 76 25 72 28 61 80 32 40 23 14 29 14 98 55 84 61 29 98 61 74 54 19 34 46 20 11 99 59 99 12 49 41 16 100 34 56 63 85 71 43 11 29 60 53 90 7 61 69 46 96 83 61 86 81 50 19 65 49 87 35 12 16 16 71 27 28 25 47 93 14 14
74 72 97 61 69 41 76 75 26 33 97 76 84 2 55 41 85 33 85 36 50 10 34 27 6 26 79 84 85 21 2 94 77 15 56 79 77 25 37 27 16 17 98 2 69 99 61 48 91 100 64 10 88 81 77 11 33 76 55 55 52 68 95 83 11 8 26 50 3 12 91 44 44 93 34 18 2 59 54 61 11 49 86 69 30 13 69 41 38 81
86 23 77 75 57 44 4 15 39 53 97 96 56 69 36 57 93 58 15 34 33 51 54 91 87 96 10 36 71 99 32 6 56 90 41 3 59 6 11 88 39 14 76 1 55 32 59 65 34 69 35 6 26 40 25 73 29 75 4 57 18 51 63 45 36 39 27 67 9 33 92 76 42 85 65 23 22 98 13 90 95 66 27 62 38 60 69 76 45 67
45 63 4 64 90 33 33 55 16 58 62 22 44 37 31 96 9 80 85 71 56 90 30 66 74 32 60 89 79 79 68 81 5 75 100 11 55 5 52 99 26 9 93 46 91 89 36 19 97 78 88 66 22 4 8 24 18 29 37 84 97 21 28 71 60 50 63 96 2 59 54 5 64 87 9 71 49 6 55 87 47 9 76 12 9 39 31 92 16 43
8 39 11 66 15 46 1 23 100 44 86 48 6 72 18 82 26 88 43 10 93 10 4 68 38 22 43 89 67 90 91 60 86 70 51 32 59 60 47 37 71 32 48 56 12 99 79 51 98 83 93 80 13 5 40 27 55 73 95 27 20 98 93 1 1 67 45 80 27 60 70 65 55 72 21 56 14 59 6 67 3 3 37 71 98 37 89 23 19 42
39 6 54 37 86 80 89 81 27 97 87 93 68 45 33 81 77 91 66 96 95 76 61 19 81 61 59 69 84 41 80 55 37 90 71 95 6 60 69 9 30 34 89 47 28 31 92 14 27 64 96 20 38 79 53 38 61 54 3 42 53 93 73 84 25 10 7 36 54 89 56 93 19 79 37 97 14 54 46 7 6 70 9 15 40 97 26 36 75 71
66 9 59 92 40 80 43 9 57 21 61 55 46 78 15 17 20 94 27 82 31 36 67 97 81 23 53 54 57 100 49 58 22 95 7 96 12 66 17 49 79 66 54 5 29 83 81 29 65 82 81 32 41 58 74 49 92 65 79 62 20 88 53 14 29 14 85 63 45 3 53 21 32 99 58 55 49 23 74 6 95 34 81 17 74 1 3 91 84 47
24 47 11 94 73 1 30 64 30 37 10 58 34 78 19 26 5 74 44 42 3 24 90 42 28 20 90 89 7 21 49 79 25 31 56 93 52 67 84 54 52 96 44 71 93 25 95 82 44 28 74 95 65 65 74 50 13 74 74 25 61 41 26 2 4 11 74 22 9 23 42 48 97 30 87 35 65 54 29 78 29 5 71 24 77 39 30 95 87 79
45 46 14 62 47 80 62 27 49 10 10 87 10 15 77 39 15 19 17 1 72 74 56 100 24 3 47 89 99 49 42 14 69 3 45 50 41 97 61 10 99 67 29 76 76 2 41 14 79 22 14 96 30 47 7 56 62 71 100 74 65 7 60 60 81 24 87 15 14 74 9 99 97 2 26 88 100 81 5 36 99 29 21 96 10 95 78 72 11 81
80 32 46 68 55 91 58 6 57 17 59 1 96 72 18 78 70 45 2 27 91 72 43 7 94 34 57 25 35 22 80 92 72 57 3 79 63 39 51 30 59 64 36 59 10 86 74 18 35 96 94 5 18 3 20 83 62 18 71 48 94 84 93 20 95 100 85 53 43 91 85 16 33 94 99 89 74 80 14 68 93 74 17 16 68 46 34 94 13 49
75 54 92 69 7 79 54 72 57 97 56 18 52 69 18 7 20 22 4 27 91 5 100 52 65 19 75 90 94 2 40 25 94 39 42 6 37 70 21 80 35 90 26 50 22 67 20 81 13 19 75 75 13 30 42 20 13 91 79 62 74 51 95 97 43 29 94 77 76 82 81 30 19 30 70 55 43 13 23 48 95 32 53 39 33 15 75 7 46 90
89 59 85 31 30 28 47 57 31 41 38 21 12 58 73 33 50 3 75 34 70 69 4 26 87 49 26 3 32 6 27 94 34 26 86 44 96 54 77 34 84 18 80 2 92 61 2 44 6 33 91 45 40 91 56 56 31 8 83 86 6 23 86 42 15 70 15 68 2 71 13 64 3 91 24 94 35 63 12 79 90 46 26 29 53 5 4 14 27 53
42 19 23 33 24 80 28 48 45 53 43 25 78 53 57 97 48 6 58 58 46 12 48 43 52 31 46 83 89 82 47 56 55 6 9 32 44 14 67 88 7 96 89 30 44 7 23 63 96 47 19 69 11 51 90 1 95 67 92 20 65 54 96 66 38 71 70 92 53 46 88 22 96 61 100 97 22 18 57 82 79 21 15 17 2 71 45 19 47 92
89 17 48 16 45 48 31 53 38 41 55 55 36 10 44 68 14 2 83 11 14 94 27 44 6 80 23 10 43 34 70 14 27 7 96 25 94 23 35 14 86 26 28 67 27 73 46 83 51 14 1 24 30 44 92 33 95 19 43 67 14 39 65 49 64 31 30 90 60 50 53 32 90 36 61 36 62 88 33 18 72 98 26 61 89 94 62 17 14 86
98 22 42 6 49 14 47 28 83 18 5 93 15 9 69 52 46 46 69 21 28 93 55 94 27 36 54 75 37 100 50 43 59 73 62 80 50 27 45 37 10 84 92 80 20 38 24 27 29 22 50 48 36 29 82 89 22 45 5 32 86 49 39 94 32 98 100 78 89 8 44 33 60 53 20 26 57 6 28 87 54 88 11 41 76 94 23 47 49 21
4 92 45 15 92 84 60 97 54 4 26 90 54 77 23 75 29 41 66 30 5 70 45 67 56 76 39 65 41 2 32 78 15 21 66 16 61 28 47 8 55 80 77 50 97 38 24 31 32 5 61 79 17 9 60 11 56 17 29 22 100 10 88 72 61 15 65 4 58 32 22 77 78 96 97 18 6 36 14 40 38 11 26 20 52 99 63 35 29 60
62 30 29 64 79 73 54 11 5 31 3 87 90 96 5 49 23 53 13 29 35 72 71 76 84 4 37 6 47 10 47 21 85 5 91 49 45 62 81 55 43 14 95 87 32 81 49 12 2 44 45 42 58 48 9 30 87 16 23 97 32 12 73 32 88 73 44 71 10 56 14 88 19 89 75 60 70 74 54 82 92 82 58 10 70 25 99 55 100 26
100 10 67 30 48 73 88 83 4 9 84 87 27 10 11 80 17 12 46 60 42 69 85 42 14 93 45 3 14 80 35 27 73 41 57 57 15 54 5 15 77 43 43 47 4 4 28 32 44 25 39 65 58 83 70 65 100 44 84 3 100 97 42 59 39 71 10 56 11 26 24 21 56 50 7 49 6 59 75 81 82 86 64 80 96 49 12 46 96 11
75 33 21 78 33 43 51 12 34 11 100 59 43 22 47 49 25 37 46 43 79 36 33 38 87 68 87 86 60 62 18 70 83 4 18 46 40 22 61 47 100 27 49 29 81 51 34 55 54 16 44 17 47 64 32 77 98 63 71 32 96 25 21 80 22 61 50 52 7 83 27 86 94 93 78 27 46 52 72 17 15 32 39 14 77 70 2 79 58 91
61 24 83 26 53 51 49 10 69 15 51 46 16 56 61 71 9 47 28 1 35 33 64 40 90 66 54 94 62 40 30 86 48 9 40 4 55 28 39 7 93 58 77 80 95 66 44 78 11 10 48 42 67 33 63 31 99 29 17 63 88 22 40 63 33 74 98 55 87 7 14 41 21 32 84 98 46 17 25 51 40 87 15 33 72 27 18 42 79 4
42 30 88 45 36 92 62 25 91 23 65 56 50 27 32 4 54 23 74 32 21 71 17 84 86 22 98 56 92 90 6 89 21 7 85 34 1 38 4 83 36 45 41 35 71 93 60 32 56 59 84 11 61 98 41 99 91 35 20 10 58 81 74 5 95 11 2 76 20 74 40 40 65 6 45 37 57 98 40 63 38 77 72 52 61 1 10 71 95 86
12 76 25 70 30 15 11 22 31 58 99 97 57 76 36 35 21 58 77 59 11 38 74 73 88 69 88 37 28 72 70 89 13 99 21 25 55 17 79 94 93 54 93 69 99 69 3 43 2 94 73 14 45 47 93 94 78 67 75 53 48 54 14 62 11 57 76 69 75 88 62 59 15 22 89 38 19 16 33 78 24 39 59 21 74 45 35 35 13 64
22 19 28 89 79 46 54 2 29 3 27 21 19 98 78 96 66 31 17 61 40 18 84 18 50 2 20 96 6 26 28 57 5 78 14 52 65 49 24 69 66 74 94 21 92 17 14 78 64 54 12 65 98 84 36 1 69 87 35 7 18 44 93 2 13 13 53 29 12 71 26 95 43 93 12 63 99 15 17 25 80 78 100 68 71 24 3 5 67 74
53 71 70 69 90 66 47 47 28 21 38 5 34 65 6 68 29 29 62 88 42 6 31 15 74 71 16 35 7 41 72 100 3 59 4 15 53 49 60 33 100 23 66 45 6 40 64 43 85 97 83 42 78 72 81 43 71 42 10 51 19 91 53 95 2 17 15 71 71 82 3 31 51 66 88 39 3 78 43 85 88 26 52 73 15 84 39 46 59 63
27 64 32 13 71 46 1 85 93 74 24 37 13 6 26 100 45 58 99 64 26 51 27 75 72 39 18 97 33 33 20 96 37 4 59 37 17 27 74 38 23 64 96 16 61 50 39 73 97 40 21 6 9 93 58 92 36 27 40 94 17 73 32 56 82 53 68 14 2 93 13 62 95 79 29 34 74 36 18 4 34 90 25 20 40 43 55 71 48 52
92 34 71 48 54 38 53 2 45 93 56 67 23 98 92 18 52 45 65 64 16 68 19 39 82 92 7 10 35 54 45 90 80 32 17 31 22 51 21 44 98 58 71 90 91 7 74 12 57 16 56 60 89 61 47 28 94 55 87 31 78 94 65 92 11 24 33 3 74 31 58 38 65 26 51 44 80 3 8 24 11 80 30 11 89 79 58 26 91 93
47 45 43 2 21 95 21 19 24 83 86 94 87 94 71 4 28 24 90 32 21 47 78 51 73 58 71 68 92 76 42 100 54 43 79 16 6 68 86 6 26 100 11 13 41 54 33 73 10 5 20 77 75 78 78 50 36 22 6 64 65 46 74 63 85 67 15 10 74 80 32 62 82 60 43 35 17 58 5 93 18 53 20 9 97 70 84 91 81 18
45 45 13 80 2 11 57 61 23 11 31 63 73 57 2 88 13 44 37 43 58 7 56 6 62 72 41 74 20 47 76 67 14 94 77 79 18 26 81 18 60 48 19 44 52 43 45 21 29 75 65 98 36 92 31 25 89 59 61 61 27 26 83 35 53 93 27 21 67 68 18 80 15 10 86 42 58 18 82 74 34 50 49 68 24 66 70 100 94 79
44 34 67 15 34 17 71 84 36 79 64 81 2 48 24 66 75 59 35 72 12 13 36 21 37 21 3 53 54 53 82 79 21 91 70 95 36 56 6 100 80 35 45 25 38 18 77 24 74 54 28 85 40 85 5 61 64 18 63 37 25 70 25 75 96 100 27 19 29 68 15 100 91 60 60 70 100 14 68 11 80 38 91 51 90 26 55 80 61 41
88 71 80 44 61 82 50 84 88 100 31 60 21 59 70 81 63 56 68 85 53 77 40 96 2 61 47 28 14 100 93 36 15 60 69 55 56 64 37 78 99 67 16 83 64 79 85 85 77 38 28 24 21 71 51 84 67 50 97 98 93 44 31 81 32 24 59 24 88 60 82 68 3 20 97 32 39 76 13 60 42 58 36 83 26 58 36 5 30 95
53 82 99 34 35 35 90 75 74 98 58 100 90 10 2 58 81 81 91 79 54 89 36 39 91 8 84 88 78 6 29 88 85 34 88 49 11 21 3 87 47 93 24 40 4 64 87 18 81 54 27 53 58 9 24 73 8 69 25 44 35 6 55 7 91 63 46 1 71 99 96 42 3 49 82 5 77 48 82 7 80 46 21 23 9 16 47 15 77 3
46 99 26 29 38 15 7 31 35 93 57 43 75 12 64 23 12 89 49 94 59 88 12 26 33 26 100 75 66 5 29 87 31 46 5 14 71 55 70 69 31 90 23 25 3 59 45 28 24 21 83 71 87 97 75 51 51 51 40 16 13 65 27 5 1 67 100 77 25 79 69 44 16 19 80 50 5 50 68 3 27 53 48 28 85 14 99 80 81 39
41 41 34 60 7 58 98 92 92 58 62 90 51 43 26 65 99 34 72 73 33 10 92 15 27 99 66 39 98 23 51 11 44 98 48 67 13 80 35 30 89 97 54 31 13 10 47 62 33 69 87 92 51 96 32 25 18 47 3 80 78 48 48 91 54 2 66 88 40 84 44 43 52 45 26 19 50 17 41 82 99 48 30 75 13 57 5 26 40 79
4 11 20 98 27 87 86 42 12 96 59 65 100 92 50 90 22 47 1 52 93 80 79 89 53 2 6 43 26 61 88 72 32 52 81 15 10 75 34 12 32 7 34 60 68 15 31 99 98 89 47 3 65 87 42 13 40 2 28 91 63 37 63 98 2 28 19 12 92 7 14 58 2 94 27 80 93 47 12 28 61 14 96 44 70 89 89 30 28 100
35 26 5 82 84 59 36 96 19 16 82 21 48 46 17 72 58 22 80 26 26 67 34 8 81 59 21 41 25 74 61 86 90 26 79 3 37 16 23 63 58 30 26 47 53 49 2 72 71 6 21 84 65 96 74 52 95 58 22 51 72 15 83 32 44 24 16 57 37 11 33 37 2 98 43 90 23 99 8 29 79 57 11 54 86 8 89 88 74 39
83 80 68 29 88 84 22 55 1 49 13 55 96 70 100 45 66 91 79 5 72 77 40 33 3 81 45 36 44 15 13 17 82 74 52 59 65 30 3 45 75 75 56 75 29 3 73 76 30 21 60 94 83 20 75 88 9 10 67 33 43 45 20 25 92 32 90 64 53 15 10 47 45 51 100 91 20 66 29 27 40 17 10 17 90 43 77 34 68 98
71 69 45 6 41 65 89 50 36 41 64 34 73 84 6 2 74 83 85 52 40 62 87 20 63 37 23 82 50 100 75 69 32 70 76 36 62 25 19 4 34 14 98 69 33 32 91 88 55 35 37 45 47 63 91 73 6 44 82 64 68 47 98 43 35 91 44 53 79 3 63 94 12 53 63 82 27 74 83 25 46 54 58 17 40 50 3 39 90 85
56 85 7 53 89 35 7 32 13 74 68 69 90 65 49 87 1 98 39 7 23 17 53 31 56 81 57 43 5 75 73 38 4 89 63 63 93 49 31 13 73 10 94 13 55 65 66 18 56 82 88 69 32 81 66 5 84 85 11 54 67 55 50 23 41 98 75 3 39 20 21 76 22 66 58 5 60 22 23 73 48 80 46 35 88 46 84 54 72 24
10 75 95 89 36 27 85 57 1 66 66 5 91 41 96 3 21 9 63 32 79 86 43 30 4 83 5 49 83 62 6 34 50 23 22 87 16 20 54 81 51 13 13 82 58 14 50 90 41 76 22 41 38 100 64 49 15 18 23 29 75 16 2 83 23 92 69 81 58 18 77 68 35 100 65 6 77 4 74 65 34 12 75 26 98 63 2 33 13 67
66 7 93 6 82 76 18 65 88 54 83 2 95 3 37 51 56 49 39 13 17 96 74 21 86 93 18 33 70 87 100 85 59 46 35 32 83 4 5 73 54 53 12 91 3 77 4 69 6 53 81 84 5 66 63 57 93 53 55 3 31 38 43 17 79 62 48 31 8 11 3 88 78 72 55 36 14 68 68 100 94 96 84 12 31 81 42 36 25 22
48 89 16 23 73 80 99 6 87 27 99 71 4 46 98 84 60 96 46 47 77 76 57 65 49 68 96 71 86 57 12 53 15 68 92 92 22 3 88 92 54 24 65 16 90 69 28 2 53 82 85 45 59 40 40 92 56 44 54 95 31 86 87 29 67 20 22 58 4 41 66 34 10 74 45 1 96 69 40 38 61 31 54 83 98 10 94 93 19 30
66 65 90 30 4 59 79 8 18 83 4 79 41 99 90 98 21 67 51 15 46 88 92 80 27 93 21 24 87 76 89 15 17 28 55 4 44 68 60 2 82 85 93 91 69 77 95 23 84 93 7 2 100 49 47 70 91 2 85 94 45 29 62 94 67 56 29 49 5 89 45 5 87 59 87 73 83 4 14 40 66 62 4 25 63 23 69 4 65 59
75 25 100 49 83 4 86 48 21 98 95 97 39 4 71 71 71 47 51 40 74 46 15 14 72 54 6 28 43 52 26 42 25 31 20 9 66 51 7 76 9 49 69 1 23 76 18 96 44 29 88 2 27 11 41 91 7 67 96 28 8 8 18 91 80 99 90 67 21 55 26 50 88 15 49 46 69 2 70 32 30 59 77 30 68 2 50 34 35 72
60 98 30 92 92 32 22 62 1 25 5 67 36 60 11 79 91 18 15 19 81 51 96 65 43 31 64 41 70 37 60 2 1 61 6 63 95 3 52 75 94 54 87 31 47 33 31 27 19 91 57 71 46 97 72 4 84 3 43 36 67 35 13 24 56 73 23 100 53 34 41 49 73 10 10 54 22 35 33 17 91 21 88 94 53 85 20 28 74 26
63 66 67 34 100 57 77 26 36 20 18 56 81 87 100 80 53 91 35 54 45 31 62 19 95 81 36 15 2 77 14 18 54 89 32 86 23 45 78 94 98 2 89 76 94 95 33 77 60 13 73 41 65 66 76 6 28 23 69 76 65 82 20 15 100 83 10 71 80 89 52 82 79 94 2 54 92 69 61 24 77 43 1 80 33 30 43 56 93 17
78 72 56 64 38 74 74 94 11 56 75 42 82 21 66 26 7 27 42 9 76 75 31 5 87 20 55 34 1 55 45 94 75 66 76 93 77 30 12 79 70 28 53 72 60 93 60 54 66 85 33 3 10 31 27 17 67 89 34 74 1 15 26 60 76 35 68 12 26 55 53 15 58 1 77 57 42 70 71 3 73 68 82 52 51 63 57 52 29 81
40 78 86 96 83 89 84 45 53 59 77 2 76 52 83 72 64 8 20 20 4 19 44 46 79 65 34 83 78 9 100 21 62 25 8 24 97 85 23 53 31 8 15 19 84 54 82 80 82 63 45 40 96 26 54 36 89 8 92 40 37 81 12 100 28 12 17 45 94 20 63 72 58 95 83 15 22 97 36 86 42 4 3 71 34 58 61 1 43 20
23 14 63 60 92 74 73 12 79 43 1 6 88 81 58 45 9 33 47 79 1 73 51 8 45 2 79 88 85 68 9 66 87 8 34 49 66 39 4 30 86 46 29 81 31 97 32 12 61 10 20 49 86 57 81 7 13 14 95 1 8 59 74 87 30 41 78 10 84 91 83 99 59 74 29 39 86 89 31 26 81 70 77 79 85 47 27 51 25 4
82 88 69 48 3 5 79 91 27 18 52 40 84 43 21 28 61 18 90 39 32 3 51 61 59 78 34 31 1 57 65 26 27 23 40 77 19 19 40 22 76 17 10 79 66 60 65 30 58 35 25 32 62 61 45 65 57 2 47 74 53 76 83 92 34 21 90 64 22 8 6 26 97 16 48 65 30 59 6 46 22 82 38 94 1 65 76 16 2 37
30 83 98 18 38 66 83 21 25 17 20 71 48 92 87 4 19 55 96 53 34 6 51 19 48 8 23 85 64 70 17 60 32 55 82 22 44 99 1 3 14 49 57 37 71 36 85 50 93 48 39 7 63 23 54 56 38 28 89 59 52 40 42 51 52 49 4 17 79 4 73 80 4 72 19 78 67 62 53 24 67 42 71 48 35 94 100 73 85 25
41 89 45 7 51 70 36 16 22 57 44 56 36 16 93 70 74 45 63 29 82 19 33 51 13 88 32 67 65 99 99 10 19 98 56 98 62 27 49 4 8 35 80 80 61 32 87 75 95 95 10 32 20 87 60 34 58 6 93 24 83 89 15 20 76 18 50 61 1 30 5 62 6 89 13 64 93 38 43 90 25 40 45 28 57 49 64 21 50 73
86 87 72 56 81 88 70 68 3 5 49 57 51 66 21 17 65 33 65 81 87 8 95 38 84 30 78 41 78 78 27 72 49 53 46 83 53 89 84 38 19 38 31 77 86 20 15 79 31 23 14 67 10 92 47 89 2 92 4 26 57 9 4 3 28 33 63 68 28 76 2 61 81 94 8 70 5 29 50 47 62 44 87 3 78 99 69 51 68 100
9 9 6 60 54 39 17 41 36 73 71 33 51 6 78 8 30 82 5 88 34 41 95 13 1 49 43 72 44 72 73 40 59 56 51 29 42 64 1 78 39 97 11 51 20 38 100 71 25 80 84 25 39 40 72 67 44 5 33 26 75 90 79 48 12 66 15 63 27 38 55 45 71 69 29 63 69 37 13 99 54 79 97 9 41 73 92 58 89 34
99 2 70 10 47 49 83 73 53 6 76 36 66 51 64 41 96 8 11 47 58 97 3 28 69 24 65 5 69 93 49 19 7 21 51 58 70 89 59 98 97 90 21 27 86 98 77 36 79 16 92 45 82 16 53 54 70 45 64 12 2 24 27 64 16 70 5 84 10 40 96 38 5 82 100 23 82 52 90 24 21 7 60 88 52 64 65 30 30 62
68 81 47 67 9 3 72 11 34 80 26 51 45 56 78 47 35 61 36 49 29 25 17 33 32 46 65 29 35 27 60 32 29 66 48 53 45 34 90 13 78 96 28 53 36 92 36 34 53 15 54 61 67 15 62 59 99 23 33 6 70 16 3 38 8 81 26 88 61 79 90 81 59 44 72 98 16 92 67 76 11 56 71 8 93 44 11 9 79 46
21 25 86 82 42 99 54 88 24 9 31 39 87 43 71 61 90 1 76 20 55 66 62 57 78 27 98 71 40 29 10 51 97 99 32 27 33 79 41 62 28 52 96 96 88 15 45 24 37 57 50 30 21 100 50 58 1 19 93 90 40 79 72 89 81 22 12 86 68 42 58 75 90 44 67 28 40 26 59 9 71 71 19 94 94 5 85 58 100 33
77 31 88 71 23 5 83 71 37 40 68 92 33 97 2 89 67 17 31 83 89 11 75 57 27 22 81 67 67 14 65 79 4 45 45 66 42 41 73 39 46 76 59 13 82 84 93 100 98 39 63 86 4 50 26 67 82 87 5 80 40 33 93 96 79 91 67 17 99 4 4 15 49 13 64 4 5 51 56 46 80 16 14 49 12 17 62 72 86 83
19 14 68 71 25 78 13 61 28 44 83 55 15 2 91 45 2 10 12 87 13 91 50 33 43 69 1 84 97 39 52 4 48 35 21 72 63 19 96 89 6 80 99 100 14 62 34 20 48 58 13 39 70 48 27 25 38 82 55 2 16 15 27 14 53 90 22 84 64 90 35 47 24 4 42 42 38 21 63 59 10 38 26 93 86 95 10 39 18 93
94 27 96 74 61 17 18 95 91 61 51 69 98 40 15 54 41 80 70 26 23 78 34 77 9 78 11 80 41 20 4 98 49 47 50 85 50 22 16 64 99 70 85 96 97 91 85 29 46 61 40 84 69 28 39 63 2 60 78 11 62 75 52 88 75 28 39 94 63 69 16 99 28 7 13 5 17 42 43 86 5 24 82 32 93 53 20 2 71 4
64 68 45 54 99 93 71 52 5 71 91 13 61 70 96 30 12 80 26 25 90 84 100 37 37 42 63 13 15 98 98 45 86 80 27 21 49 56 24 34 33 12 22 66 39 12 26 16 89 49 21 6 59 5 86 83 65 85 40 52 32 75 89 19 17 46 39 16 4 57 33 54 96 89 8 64 68 86 26 48 85 31 34 29 48 74 42 30 70 14
90 48 60 59 93 41 20 74 2 44 63 20 13 92 64 96 66 28 23 51 10 75 60 82 30 16 19 53 6 4 84 99 84 99 94 15 7 51 50 48 44 92 68 2 54 31 32 21 42 17 91 26 52 10 5 7 78 48 96 38 60 29 8 52 67 68 26 69 76 27 42 10 11 73 11 68 12 21 21 80 3 69 57 65 22 94 7 2 48 13
32 94 18 19 22 14 17 89 45 3 78 9 78 60 51 43 70 51 50 37 99 49 68 58 44 75 79 90 69 45 55 54 37 65 62 33 58 36 60 82 79 8 48 12 33 61 19 29 56 3 64 17 33 11 63 18 1 12 17 84 58 38 46 11 21 31 97 17 81 3 77 25 1 17 18 9 77 4 100 32 79 2 20 48 6 87 64 24 35 26
88 17 14 99 84 32 62 39 48 36 97 5 58 22 45 98 43 39 76 66 57 15 95 30 58 31 9 9 43 97 26 46 23 54 50 81 89 15 87 52 29 79 79 69 49 90 91 9 24 34 45 40 84 44 42 19 3 45 67 69 26 22 76 2 20 11 99 7 35 55 85 86 55 17 10 14 35 59 17 7 55 1 40 68 3 18 77 51 50 25
82 14 52 78 57 4 82 7 80 55 81 11 84 66 97 34 35 75 29 90 53 98 41 10 47 70 37 58 99 62 62 93 23 50 3 51 20 31 11 42 75 82 25 88 5 8 94 100 56 73 58 3 53 89 23 63 34 12 25 57 10 81 59 64 64 41 10 89 60 41 77 99 14 27 96 100 64 74 40 7 31 38 32 23 72 48 19 71 18 28
65 78 26 78 19 63 49 22 17 93 6 60 53 43 41 30 65 77 23 71 18 42 86 29 89 67 88 42 60 53 93 43 5 26 57 98 37 47 68 75 10 26 75 13 3 99 50 78 74 2 63 27 92 20 61 96 93 8 42 11 66 81 58 67 49 79 63 25 91 42 50 23 22 88 77 7 15 1 16 50 17 53 34 42 47 97 74 68 87 89
32 1 91 32 44 20 97 75 97 65 17 33 70 5 66 27 19 100 33 49 85 69 14 44 58 12 51 30 82 43 3 74 30 21 28 56 49 48 38 26 79 61 41 39 89 50 48 14 76 23 68 51 6 73 29 42 61 41 90 60 70 36 45 58 4 1 39 69 72 98 49 72 93 18 20 36 34 74 43 75 10 70 80 98 78 7 4 50 21 65
52 22 89 98 72 79 60 5 47 79 8 73 89 9 40 23 65 57 10 26 73 13 15 67 5 98 23 36 39 17 94 63 41 85 62 67 7 96 60 91 76 10 27 12 80 48 5 80 5 99 33 36 74 90 95 65 63 9 26 23 22 6 99 31 32 36 82 75 72 21 7 94 81 25 97 3 63 57 30 21 57 89 1 79 32 18 86 40 1 50
25 2 92 86 23 89 76 1 11 27 47 9 47 54 34 89 42 43 44 44 40 18 22 68 53 100 92 55 90 51 35 28 29 2 43 9 82 92 16 86 4 13 77 34 75 25 99 1 11 62 40 13 49 54 92 81 28 72 90 9 47 3 50 21 51 35 27 81 97 33 78 32 89 84 44 36 81 13 10 94 11 49 31 35 1 51 64 20 22 82
83 91 5 37 69 62 28 26 73 98 56 20 81 38 23 65 26 13 20 76 83 2 7 38 98 69 62 66 9 43 64 34 61 86 60 28 27 97 97 92 55 39 73 53 78 66 71 44 3 94 68 73 88 45 82 42 58 8 53 53 81 40 16 22 61 92 88 94 83 48 5 30 40 5 68 63 95 33 82 42 43 16 79 23 88 73 78 43 49 44
61 75 12 72 14 66 41 16 6 84 40 52 30 5 30 54 52 33 6 5 31 23 21 13 2 30 33 14 98 13 30 90 66 13 96 39 46 42 24 30 72 42 10 53 63 53 92 45 22 95 96 49 95 26 8 49 69 2 77 1 34 45 39 76 90 36 23 27 95 100 56 86 86 98 22 64 2 20 53 62 91 98 88 53 2 100 31 78 61 73
87 77 91 36 53 86 87 98 91 98 22 76 38 37 72 5 95 42 100 77 91 84 46 40 70 1 43 59 19 49 90 74 84 22 46 26 31 93 19 54 20 44 32 91 93 93 81 27 77 52 2 56 82 58 75 97 55 50 36 57 53 49 8 89 13 81 42 4 62 13 21 33 97 90 59 57 7 94 28 36 60 30 13 2 78 22 90 10 41 82
69 68 80 42 58 62 28 88 95 52 27 79 51 39 68 69 11 43 17 27 58 98 41 61 54 89 13 19 24 93 69 63 58 65 98 86 38 68 66 58 33 68 58 22 9 4 24 60 70 69 85 31 13 25 91 6 63 87 79 89 90 8 38 83 19 52 25 93 86 85 71 35 86 66 2 98 27 32 51 27 30 52 46 46 64 28 61 8 88 58
33 6 54 65 48 85 19 15 74 13 55 70 78 42 33 6 9 77 96 21 28 22 56 44 57 41 54 67 62 33 96 67 66 44 43 11 79 61 55 75 29 32 13 45 59 95 96 47 72 68 34 80 52 94 89 59 24 38 25 23 47 46 82 46 34 89 98 65 87 22 53 1 85 90 75 83 19 35 40 37 56 34 77 100 99 10 45 24 33 16
19 58 37 7 89 88 67 29 75 19 46 72 16 45 23 14 39 10 63 79 39 96 27 21 81 70 18 5 90 82 10 13 65 13 76 50 65 68 40 14 44 66 91 90 8 17 62 4 82 78 15 76 26 72 48 11 39 17 89 81 55 97 88 63 61 72 39 19 61 96 59 71 6 38 8 66 73 61 89 24 65 46 67 89 28 17 81 3 37 45
86 72 43 48 57 51 72 6 41 99 98 99 4 86 31 98 33 17 59 27 74 78 92 44 34 44 17 47 13 63 9 30 18 28 23 78 83 92 14 96 39 52 81 43 2 52 94 38 74 38 12 65 34 28 3 37 91 77 35 11 67 55 66 18 11 31 33 13 53 31 56 44 18 15 35 13 76 6 64 73 90 66 77 74 3 93 83 28 100 81
91 44 40 30 57 69 14 13 67 33 3 99 37 79 45 27 15 24 83 78 78 81 34 38 97 68 39 51 47 100 28 4 68 40 95 28 46 92 39 37 19 84 80 38 17 10 42 86 68 46 61 72 89 52 4 48 51 83 46 97 99 31 13 80 9 85 71 10 34 39 35 85 73 37 48 48 11 65 32 23 26 57 62 100 68 71 10 27 69 59
71 27 51 96 20 12 44 11 3 78 4 87 7 24 45 65 2 50 96 89 12 32 90 55 39 67 28 2 100 56 55 8 78 81 83 22 2 79 82 46 98 77 75 94 59 28 44 77 76 79 98 79 41 55 58 83 35 32 27 33 57 7 7 43 1 65 64 5 72 95 2 69 24 42 27 36 25 47 16 88 62 25 93 26 57 28 62 52 45 71
27 72 69 88 19 56 9 29 91 20 59 89 75 17 24 56 21 12 38 43 26 5 73 62 66 88 56 19 10 58 56 40 19 56 86 21 60 72 71 84 12 96 82 20 88 70 83 18 13 93 67 78 1 83 7 29 75 18 95 43 61 53 4 32 77 24 98 58 28 30 39 19 1 90 45 1 73 1 9 13 78 3 55 70 66 33 64 28 99 2
54 84 79 9 90 37 87 60 11 66 56 15 56 56 66 30 81 4 53 61 8 49 87 32 56 54 51 17 19 73 47 66 84 48 82 7 15 100 48 1 77 69 37 2 17 50 82 30 75 28 72 40 80 67 9 75 27 94 41 21 75 80 99 92 65 22 22 55 28 72 88 83 33 12 2 94 7 13 83 79 5 41 95 90 17 44 21 6 100 54
83 71 5 22 41 80 65 3 86 37 88 41 44 44 36 87 89 96 99 4 1 43 92 75 46 10 77 78 19 26 96 39 47 95 76 23 66 52 4 93 64 3 37 38 48 43 84 79 2 82 72 24 29 71 52 28 46 73 52 44 3 1 25 70 84 28 34 20 39 69 66 27 8 87 25 82 84 85 50 100 71 68 68 48 85 93 74 93 65 93
77 69 28 1 18 57 3 40 62 21 1 66 85 74 9 28 41 18 5 2 51 2 2 64 85 3 100 29 4 62 75 11 65 37 59 36 29 37 84 19 70 70 63 29 9 79 53 51 74 94 76 86 18 44 27 42 19 40 37 81 77 91 55 67 63 96 53 33 66 36 28 62 84 79 46 95 67 83 19 98 8 96 73 73 62 35 28 57 96 66
96 20 2 55 69 43 97 41 21 93 40 54 8 60 2 94 26 89 76 28 78 75 86 67 71 34 16 53 81 54 27 33 26 49 87 79 70 94 67 42 11 69 56 80 75 94 90 26 81 24 11 50 28 19 68 78 52 73 91 84 51 84 83 48 94 71 24 99 24 80 85 90 12 15 91 23 89 54 14 89 6 22 61 26 53 13 77 87 65 50
79 48 86 14 66 22 41 84 29 73 22 76 29 31 4 56 66 11 50 47 73 45 84 66 86 75 47 82 61 33 16 37 93 53 76 29 27 21 37 93 63 91 2 42 16 15 27 84 27 97 38 56 47 94 54 19 96 81 41 68 69 58 99 4 75 57 14 72 54 48 25 53 63 59 77 79 67 94 90 2 60 47 65 27 45 73 61 62 37 42
16 9 82 69 20 18 49 87 100 44 75 83 83 16 30 16 20 5 67 35 83 48 8 20 51 24 27 17 24 28 47 7 37 54 19 95 28 31 43 47 13 84 78 11 79 88 15 98 5 17 94 85 5 63 34 92 79 47 91 26 60 95 99 7 6 97 75 74 53 57 69 73 79 74 91 23 41 83 29 3 37 94 65 63 8 29 18 35 65 25
7 16 99 3 76 40 86 38 71 85 45 42 36 57 63 80 79 57 30 2 86 40 3 12 99 28 12 80 77 85 44 83 50 88 24 38 82 84 84 38 84 44 56 54 46 27 37 10 56 91 22 45 70 37 12 11 67 1 34 56 89 22 27 61 80 19 57 37 30 4 86 67 35 43 62 10 44 30 90 33 86 89 8 22 84 26 86 43 18 7
44 49 47 73 60 12 53 11 35 84 65 35 20 43 77 28 82 47 36 56 66 67 57 89 77 82 96 65 52 58 44 59 84 60 41 73 91 45 48 1 75 98 92 99 92 8 57 14 36 4 83 1 4 64 62 76 30 59 59 38 92 61 2 12 22 30 88 43 54 70 27 20 43 1 87 40 14 63 18 63 44 8 53 69 96 20 10 63 98 51
21 17 94 45 41 52 78 18 18 98 2 48 3 64 40 51 63 17 79 49 25 38 19 34 27 61 21 54 27 85 97 25 48 94 61 47 6 94 36 58 87 18 66 42 73 100 15 27 43 53 51 73 55 12 72 1 1 4 56 45 64 96 45 87 65 54 1 48 68 31 71 70 59 63 56 47 6 4 8 67 57 38 53 45 59 98 67 49 27 3
75 14 38 51 14 84 71 42 8 31 69 63 77 68 99 34 43 9 8 38 58 24 79 48 50 57 53 33 49 32 41 57 66 58 43 23 44 86 32 48 23 49 9 67 16 70 68 24 30 56 10 64 63 38 63 58 43 95 50 60 41 93 68 47 24 98 19 72 34 47 89 53 48 2 40 42 16 67 83 17 15 16 93 23 6 43 19 32 77 11
58 74 2 19 27 62 58 85 27 10 53 41 58 1 45 59 62 1 41 82 43 18 80 59 97 52 89 3 96 89 70 32 98 1 66 56 72 6 79 96 71 37 67 3 6 74 62 31 19 41 69 84 47 33 94 66 6 18 19 35 97 75 53 7 66 75 46 55 85 97 28 22 42 46 20 74 29 96 60 13 50 97 20 21 85 25 89 42 89 100
26 52 35 52 87 38 51 19 91 19 17 54 55 93 63 75 77 20 87 39 72 41 1 32 37 76 8 19 15 25 90 43 18 70 14 51 41 34 66 44 99 71 44 93 80 1 50 51 3 54 57 75 3 62 38 1 97 71 30 53 18 33 66 45 49 45 56 11 56 50 23 73 7 36 42 92 38 97 31 97 65 35 78 39 35 76 20 12 38 55
17 32 58 10 83 23 53 94 58 46 13 78 96 6 82 49 50 46 26 88 1 12 38 46 7 34 41 35 21 66 23 50 33 5 41 37 41 44 12 38 51 8 51 35 71 55 11 13 61 87 64 52 16 65 62 10 59 12 33 21 80 26 70 18 62 34 11 10 62 46 92 31 80 10 49 18 70 3 9 54 21 90 70 34 30 92 78 83 50 59
54 22 69 63 72 33 36 80 67 64 93 90 27 75 47 91 98 61 73 85 98 87 88 24 47 32 92 50 58 64 75 62 21 82 88 3 77 15 82 38 37 65 22 13 25 87 35 38 79 79 34 91 100 42 46 19 71 75 58 70 5 71 20 26 44 21 40 5 15 20 37 86 64 40 32 52 75 21 48 77 23 3 7 66 4 51 55 36 77 99
12 95 16 27 1 18 41 11 37 12 85 8 75 39 59 45 63 90 35 56 58 18 34 84 10 25 29 48 91 94 40 25 49 89 34 45 82 15 74 73 44 2 75 46 2 96 81 77 43 28 44 57 39 32 17 96 4 38 79 24 83 5 8 2 73 92 32 89 65 14 77 95 90 92 37 67 10 44 86 51 24 15 82 43 64 56 76 88 30 90
49 47 15 22 88 86 45 94 22 73 14 18 32 100 84 45 48 57 75 65 86 60 74 42 70 97 12 64 88 91 24 17 13 54 2 80 43 76 70 75 93 27 31 89 4 60 94 94 64 87 62 38 62 32 90 11 93 38 62 38 54 26 19 95 97 28 19 87 20 46 88 95 34 38 69 96 92 51 60 97 84 88 5 21 27 89 71 95 7 43
26 35 48 76 72 59 35 38 69 63 31 88 83 3 33 7 100 51 71 97 10 81 59 96 95 49 6 55 76 39 65 4 51 21 52 51 77 54 35 80 30 2 23 39 33 31 21 30 7 26 95 72 15 41 79 21 23 5 78 91 97 92 72 69 80 67 25 94 37 69 47 75 50 51 11 90 39 42 10 65 38 49 54 3 18 57 45 64 99 46
60 89 81 9 72 25 1 64 74 45 45 61 46 90 27 46 27 31 89 3 59 78 49 82 12 25 96 83 42 61 88 16 44 3 27 11 30 17 17 28 7 84 30 4 55 40 15 16 15 80 48 48 99 74 38 78 67 59 77 30 32 6 25 9 10 16 90 62 4 18 7 96 67 38 21 63 79 76 28 77 94 43 60 36 77 61 61 17 42 71
81 76 30 27 60 58 96 3 53 100 11 64 64 4 12 22 82 44 56 62 13 46 67 14 1 46 68 20 91 61 18 19 29 31 55 86 60 34 43 69 64 3 97 58 91 78 62 28 72 31 40 26 53 76 83 48 57 64 17 91 36 45 69 9 51 56 5 60 39 90 13 66 10 4 51 29 33 63 92 35 94 36 99 47 91 83 35 84 68 42
19 67 41 59 85 19 52 68 15 61 90 68 54 63 53 21 6 85 26 60 15 22 69 71 7 19 40 87 37 93 25 12 43 17 26 10 35 26 25 54 81 86 83 12 7 79 58 94 39 35 9 48 95 54 15 47 85 8 93 51 52 5 97 27 55 58 29 92 91 81 31 63 4 49 38 82 63 50 4 32 1 14 41 4 48 48 28 75 19 2
86 4 84 48 60 60 77 99 10 30 54 8 82 21 22 38 46 57 25 57 25 47 44 38 77 40 67 23 6 95 36 89 8 75 8 47 64 17 73 78 69 62 56 52 41 98 57 28 25 8 81 66 90 6 99 26 71 51 29 60 34 61 58 12 9 59 30 24 18 99 15 12 58 43 1 53 77 26 79 64 61 3 67 94 79 77 93 22 19 62
81 12 85 6 80 8 8 23 51 36 89 92 32 37 14 16 92 66 58 71 38 84 64 35 77 97 60 95 78 18 12 91 25 32 47 73 30 4 31 66 100 23 84 82 33 62 25 51 94 32 61 22 9 98 24 90 90 57 58 67 50 7 44 16 54 85 65 30 22 75 10 44 49 52 51 8 29 33 76 17 51 79 45 75 71 11 30 30 82 24
5 64 79 48 93 55 61 67 3 98 78 83 75 1 56 65 25 19 56 3 45 16 46 11 49 93 100 30 8 54 68 27 65 49 40 78 2 31 32 88 10 18 97 40 4 75 52 11 76 94 57 35 26 9 87 7 37 14 2 49 14 58 10 77 8 10 81 22 87 48 61 61 42 27 4 5 36 87 62 14 94 55 87 25 5 39 95 55 63 17
88 74 59 27 99 33 68 14 90 40 50 86 67 82 74 28 36 20 63 28 19 87 13 68 68 84 5 72 83 12 22 74 28 72 42 55 80 33 64 48 29 57 32 68 6 78 54 55 78 55 67 79 21 95 3 48 99 9 43 90 79 37 87 90 44 28 3 90 66 14 29 85 77 61 17 28 2 20 65 3 26 37 30 77 55 35 15 70 47 33
40 41 55 67 66 14 82 33 19 63 70 66 31 9 15 73 32 47 33 49 64 57 40 52 92 43 89 78 34 87 56 60 100 2 98 98 55 7 45 92 6 2 63 67 40 20 79 48 49 1 48 4 58 56 63 66 34 52 22 15 47 42 55 5 73 37 68 37 75 88 99 32 57 82 30 3 35 9 46 34 53 28 20 89 20 82 34 72 40 52
90 64 7 7 22 36 58 89 44 52 100 83 71 15 72 4 89 57 94 50 65 65 59 58 68 59 84 7 5 19 38 61 71 95 46 45 46 41 54 54 51 60 44 93 92 29 11 11 94 66 2 54 40 18 62 78 42 18 43 24 50 45 30 43 32 49 57 5 29 53 35 53 76 14 55 88 31 80 79 66 91 96 35 84 59 5 1 48 33 63
99 14 4 98 73 63 26 16 31 33 64 97 39 62 53 15 23 3 56 17 37 21 49 36 49 59 40 6 37 60 80 12 22 21 83 68 1 54 89 68 4 22 6 98 75 27 56 22 25 3 18 65 31 74 53 94 22 4 19 89 28 17 96 43 44 75 75 48 66 92 80 4 91 47 47 47 11 61 15 4 99 41 2 96 73 74 89 12 76 91
51 7 80 32 38 79 42 2 16 89 95 32 64 36 24 65 80 36 38 10 92 15 46 23 62 49 52 29 16 47 57 31 76 87 93 13 7 96 32 34 28 33 97 43 54 87 74 35 63 66 67 51 43 68 29 93 28 52 92 38 65 8 32 14 6 43 88 85 38 54 35 17 52 40 50 64 77 16 47 66 67 68 3 31 45 16 83 99 22 6
38 48 20 62 98 46 81 12 90 22 7 23 35 66 62 60 24 10 4 52 80 71 92 51 60 42 23 38 17 85 26 71 82 55 92 2 62 28 15 17 14 83 57 81 81 33 8 74 17 26 27 17 48 67 58 10 88 28 92 86 58 91 11 87 55 40 77 96 39 84 100 72 46 80 51 79 70 68 45 36 74 43 75 28 34 55 42 12 90 15
45 62 100 62 37 54 80 76 52 100 16 12 35 77 90 82 29 48 71 36 30 46 64 87 46 84 44 55 86 71 25 23 3 88 22 73 11 73 46 66 67 66 87 85 11 95 93 85 26 65 54 92 23 99 10 42 90 92 41 41 38 20 13 24 40 88 59 3 99 70 87 1 75 46 88 15 25 18 98 62 62 26 28 57 77 100 25 88 31 34
35 86 46 22 97 24 59 28 1 47 81 18 37 28 52 86 89 9 57 79 55 10 5 10 76 3 75 47 94 33 42 78 81 51 39 65 62 87 76 31 37 46 58 11 39 83 49 22 50 71 23 4 58 31 98 93 50 28 33 60 61 18 81 66 1 9 97 83 40 90 96 84 99 97 47 34 60 69 72 28 98 5 51 1 21 94 82 95 84 85
41 6 42 63 24 64 32 89 2 55 34 52 39 39 23 94 86 6 59 80 30 85 15 28 12 97 11 28 70 54 77 90 14 77 28 56 46 25 56 67 96 80 59 51 73 87 29 85 63 21 15 32 88 42 97 34 81 95 33 77 68 77 83 45 96 9 99 55 92 91 46 80 42 5 94 15 7 82 75 18 15 31 33 27 91 10 14 56 97 11
59 75 9 36 52 82 70 90 22 2 95 83 21 92 85 69 92 2 89 61 43 42 51 5 4 34 87 54 17 37 15 70 76 18 27 42 96 43 67 33 84 68 91 78 99 94 8 52 97 20 59 91 84 21 47 66 8 100 79 92 10 20 94 99 63 16 61 61 14 50 16 59 87 70 93 76 54 70 58 98 55 28 61 72 45 19 65 97 24 49
86 27 59 70 63 73 86 39 17 26 46 19 72 34 10 22 58 99 61 17 98 80 68 10 78 70 95 56 19 46 45 68 67 52 75 98 37 53 88 21 58 14 59 82 40 22 84 95 91 58 10 57 83 23 21 13 14 64 5 51 95 26 28 52 3 68 9 82 13 43 20 72 47 50 93 69 7 93 22 11 54 22 91 92 72 70 38 7 83 8
6 51 54 2 6 14 87 68 70 93 36 62 89 85 18 66 34 2 23 96 49 4 23 6 65 84 17 2 54 64 85 19 56 95 19 53 62 72 84 20 60 40 97 41 97 97 61 96 57 22 43 19 67 5 19 83 25 54 4 13 13 44 46 49 74 8 47 60 3 24 39 19 92 69 9 18 20 66 71 66 72 33 92 35 38 95 40 54 60 35
50 98 21 42 80 75 58 39 59 87 75 97 16 27 15 81 17 16 59 42 37 82 17 98 47 94 85 69 52 44 2 4 83 72 68 48 99 65 25 21 41 33 28 75 19 84 43 56 4 23 79 86 96 6 36 32 64 7 26 20 97 29 39 59 34 51 39 67 17 21 70 29 36 47 97 41 16 15 47 59 86 4 6 18 30 78 30 6 75 9
22 25 44 37 90 45 45 18 1 93 87 73 19 45 79 56 29 58 88 43 70 8 87 58 71 97 43 5 5 55 29 48 5 14 4 34 16 44 88 40 23 4 55 99 79 11 85 8 55 76 51 89 54 89 91 83 52 83 33 22 72 38 94 41 68 50 33 89 94 52 58 11 64 39 32 60 98 2 79 23 55 55 25 12 40 90 7 71 94 23
38 83 71 26 37 98 83 32 48 51 53 23 40 2 56 42 89 78 28 8 98 60 89 46 66 17 24 49 82 8 86 75 82 14 47 24 9 93 86 40 78 23 93 62 27 79 5 85 67 47 59 50 99 86 34 33 79 71 87 70 12 28 26 78 78 80 93 52 42 12 98 76 41 37 53 97 55 2 80 17 15 12 38 26 59 46 28 89 63 16
76 5 63 77 30 24 57 69 88 67 91 88 88 69 6 10 43 84 47 15 51 83 52 80 63 27 77 56 82 35 15 42 56 24 8 96 28 22 41 43 38 37 63 6 2 50 93 83 58 8 59 58 19 90 90 66 41 15 5 19 26 9 71 19 53 29 61 12 61 80 78 50 8 69 76 44 76 53 1 83 28 62 30 2 94 70 95 69 40 77
21 34 89 29 87 48 68 35 74 51 27 83 86 13 92 60 26 73 77 27 9 16 48 13 53 2 92 80 38 29 13 41 16 22 35 76 67 64 8 81 83 33 87 90 2 16 44 4 96 11 65 30 88 95 99 20 24 36 78 17 9 94 63 34 95 17 76 39 7 10 81 24 19 21 83 12 63 26 16 88 63 81 51 67 32 61 54 68 24 19
23 35 61 33 42 70 67 91 72 62 54 14 91 89 28 41 47 84 42 63 62 4 31 63 97 32 79 37 53 10 55 69 2 63 63 9 16 96 76 54 92 76 64 55 32 31 99 3 29 31 16 80 70 33 49 49 67 52 22 78 80 25 59 20 16 40 20 2 34 80 9 6 63 58 11 93 78 93 31 38 96 85 75 93 93 4 87 34 3 76
3 5 99 35 69 88 95 47 60 32 67 6 52 41 73 17 62 32 18 59 45 1 80 69 4 96 82 5 9 57 87 53 42 50 37 1 44 30 55 82 8 39 36 55 22 20 92 59 15 73 10 93 76 51 20 94 94 13 68 73 85 89 58 75 21 65 24 91 82 71 86 12 74 15 59 29 43 13 84 80 2 71 21 99 33 40 15 36 17 12
71 68 58 60 82 93 25 62 86 95 43 59 89 74 60 17 13 88 85 66 89 80 35 55 8 17 7 79 33 4 8 76 34 57 43 16 60 29 74 58 22 88 34 58 21 71 37 77 15 24 75 25 76 39 8 99 65 45 86 72 38 50 63 19 7 43 44 72 76 56 68 1 93 68 86 15 28 21 33 84 57 81 66 28 71 47 44 14 1 47
91 49 84 60 62 3 91 88 100 64 13 40 18 95 38 56 49 72 15 71 2 74 75 11 97 100 100 53 28 2 94 75 47 1 59 63 45 85 79 81 8 50 90 36 94 22 58 44 65 90 79 7 88 48 23 84 8 59 92 29 19 24 83 90 61 43 17 81 16 21 43 2 67 12 15 24 77 66 64 31 39 13 36 61 82 97 91 37 31 34
5 97 57 86 80 64 68 27 47 79 95 40 28 20 85 95 55 31 2 90 4 37 64 11 82 14 45 35 62 51 99 5 54 2 95 93 87 66 65 64 21 33 8 98 44 88 94 42 50 98 19 63 46 30 81 85 5 76 86 93 28 87 58 52 2 100 84 82 76 43 56 1 41 75 89 78 1 95 62 85 65 70 18 35 71 92 34 78 7 60
43 93 62 37 18 22 80 49 92 84 59 31 96 93 14 47 24 85 40 23 12 82 45 35 12 95 16 58 100 11 48 12 48 91 9 39 43 5 7 69 30 87 82 60 58 72 75 84 100 66 67 12 43 18 75 39 38 96 68 17 29 41 10 19 13 6 55 77 35 67 17 9 3 19 69 24 40 74 39 60 92 26 47 15 96 96 42 85 61 77
67 17 32 67 8 35 89 14 61 64 56 80 65 84 71 92 89 7 47 8 53 1 77 78 4 97 60 19 62 17 64 29 11 66 23 59 2 58 54 52 49 76 10 72 60 74 28 24 52 37 58 95 72 39 97 31 19 53 22 67 7 60 30 27 50 51 64 98 22 93 29 24 29 38 66 95 42 12 44 64 60 70 99 90 59 10 84 18 34 92
97 32 45 95 99 82 59 73 46 63 67 80 72 83 76 5 75 64 82 9 34 88 62 54 13 96 74 75 16 29 82 40 59 5 56 64 53 58 47 30 68 29 90 7 80 33 71 14 75 19 21 12 72 89 38 73 28 17 78 77 77 3 4 47 29 45 59 92 8 61 96 44 61 11 58 19 53 29 24 88 46 19 66 9 84 89 47 26 4 90
56 22 55 22 63 96 76 56 37 34 7 100 50 49 4 9 13 59 59 35 44 100 52 85 45 39 87 1 38 40 94 32 45 78 46 63 91 60 37 11 82 61 54 29 9 91 31 96 76 83 24 21 58 4 25 48 81 58 29 83 13 19 98 100 87 80 34 8 1 91 96 35 7 41 83 77 69 93 2 66 59 83 100 23 34 50 96 44 56 76
52 82 66 45 78 49 31 24 69 9 7 42 74 4 41 57 7 44 54 7 34 60 58 11 89 15 43 17 65 34 41 42 36 98 44 5 25 68 75 22 85 77 51 54 6 5 40 94 62 50 23 81 24 88 73 38 47 65 77 45 89 68 70 55 64 26 56 89 90 33 97 98 24 24 82 27 75 12 8 90 60 35 11 73 3 6 46 83 15 27
44 55 3 31 11 15 76 99 55 99 37 28 6 22 57 26 98 49 45 23 79 50 81 84 28 61 54 59 5 97 14 26 87 42 44 66 52 57 42 10 21 76 4 73 59 42 59 93 22 72 55 63 90 86 21 37 76 20 97 46 3 76 17 75 54 38 14 1 73 20 20 54 78 25 91 75 93 45 95 67 68 81 3 9 78 20 100 100 28 93
64 74 29 40 19 85 78 62 7 65 48 38 80 44 94 6 17 31 26 42 59 77 71 64 97 79 12 96 1 66 89 16 67 6 7 69 31 22 92 88 90 100 84 64 90 71 42 53 50 50 80 39 59 86 58 4 65 42 37 7 8 29 86 4 33 69 31 96 54 55 53 47 61 74 79 47 15 54 29 99 89 97 43 53 99 93 42 90 84 52
100 29 51 65 85 34 81 49 44 30 10 16 100 31 72 84 75 35 52 76 52 14 75 38 11 57 15 43 22 12 51 61 39 7 46 84 69 92 98 68 97 70 27 14 40 65 44 78 83 60 82 77 51 20 89 24 9 16 38 63 57 38 42 15 34 28 93 36 8 46 13 26 68 14 28 33 63 29 12 40 82 95 75 56 86 44 52 38 40 53
53 22 76 1 55 8 55 60 24 75 64 52 14 69 35 10 57 2 36 66 11 76 88 44 76 79 79 22 1 57 2 23 61 69 61 31 20 20 41 50 94 80 98 62 99 86 90 1 72 44 49 80 8 55 24 33 78 13 24 80 23 7 21 52 77 27 46 16 87 87 11 97 55 17 6 70 31 76 17 77 5 68 70 60 27 37 4 61 60 24
27 63 22 15 71 41 36 55 79 99 86 60 54 21 35 64 16 82 53 74 40 65 57 33 100 74 34 73 6 44 63 76 94 26 76 25 79 9 12 32 66 68 55 51 88 97 51 5 26 46 85 28 99 23 40 39 70 96 75 21 89 40 34 88 70 32 74 67 85 5 52 99 42 45 47 22 5 87 75 79 12 62 23 4 65 1 25 20 71 46
