70
3
59 98 85 49 25 33 37 83 4 81 68 100 15 63 58 31 39 60 5 17 53 76 28 91 69 50 98 56 14 70 38 53 8 28 46 83 72 13 72 100 56 1 21 96 10 91 81 24 35 73 31 98 90 87 27 99 33 99 42 24 24 88 21 6 99 50 93 27 74 19
87 22 14 61 93 81 13 14 46 59 88 69 64 64 97 13 9 96 71 13 97 36 19 72 59 42 40 49 80 66 46 76 95 99 60 24 71 29 96 22 51 96 82 67 47 61 58 69 84 18 18 56 73 22 62 32 6 55 59 87 60 57 39 85 93 42 55 64 54 75
13 10 21 21 20 19 25 88 34 92 1 68 80 46 81 94 71 54 48 83 68 91 44 38 2 62 59 17 8 100 7 78 75 78 62 99 61 73 17 66 81 55 90 1 34 23 94 60 81 75 53 83 21 22 81 60 29 9 42 25 68 94 99 41 45 18 86 27 53 13
73 72 56 24 97 94 32 69 18 19 82 56 38 30 17 58 79 97 13 39 48 34 46 34 70 23 51 10 65 23 96 5 31 53 24 39 28 4 100 88 65 86 35 35 58 73 16 34 1 82 70 8 21 2 79 54 40 74 65 65 19 59 45 27 59 28 12 90 77 12
15 99 82 95 25 51 88 69 51 23 11 7 25 44 16 35 93 65 19 6 10 92 86 70 68 14 38 88 59 46 87 61 68 84 14 14 40 33 35 84 32 37 9 97 58 46 99 28 63 44 90 69 89 86 57 69 23 69 11 45 50 23 62 46 89 95 73 61 81 68
33 57 31 40 24 86 78 4 62 32 39 5 70 70 14 39 38 43 93 76 22 88 16 42 16 88 16 22 58 91 29 13 36 14 23 87 99 18 39 72 54 94 92 68 26 64 88 41 76 92 91 63 54 17 14 79 90 70 59 74 26 57 10 10 82 15 37 76 27 71
42 49 91 67 38 11 19 39 38 97 3 2 100 63 52 71 91 2 97 59 82 3 74 53 9 20 38 29 42 37 81 77 71 7 32 4 32 4 34 82 87 5 32 40 34 23 89 86 48 25 53 47 44 62 50 19 5 21 42 54 92 28 95 100 79 63 93 43 99 39
5 24 38 81 56 62 4 25 55 30 41 9 20 69 70 58 46 16 2 56 92 15 24 49 98 30 83 35 4 26 12 49 18 99 62 54 99 79 95 82 64 66 16 8 35 23 23 80 10 72 41 55 94 11 84 32 91 94 43 8 86 31 28 90 12 1 99 11 86 77
15 70 74 73 49 60 60 15 87 93 65 67 16 17 63 56 20 34 77 28 95 92 4 72 47 24 62 58 42 77 90 43 28 41 29 4 77 89 77 24 77 77 18 70 94 99 94 55 54 41 23 100 20 98 29 90 51 85 3 8 79 24 74 5 46 5 3 82 31 52
66 63 64 85 18 69 57 21 80 14 40 14 99 96 93 74 48 39 39 42 63 8 31 99 1 77 18 30 91 32 34 68 47 48 46 21 34 38 4 97 55 21 10 74 19 24 65 39 29 20 73 25 32 32 85 91 19 37 5 15 89 99 5 65 28 60 72 56 76 65
92 50 15 30 98 72 94 38 34 60 78 55 45 68 64 76 68 36 3 15 74 46 41 59 90 12 52 64 64 38 23 95 52 67 95 18 60 85 6 94 45 77 8 83 66 92 60 32 30 25 32 10 29 77 88 27 9 48 71 28 35 11 49 15 28 19 3 58 18 15
88 62 5 90 94 17 61 75 18 72 90 67 7 73 92 76 63 35 26 74 39 59 65 14 59 95 97 88 36 67 80 89 44 4 80 44 92 43 7 53 43 89 69 89 1 85 12 68 25 92 9 1 12 74 89 93 84 16 28 41 52 37 38 85 100 22 20 63 97 19
57 71 65 80 8 8 14 15 35 33 72 35 80 88 76 50 16 53 11 17 54 38 41 6 38 83 39 39 16 15 82 37 27 9 47 96 49 28 19 36 23 89 69 43 16 50 96 40 41 35 3 4 67 28 18 64 18 61 10 13 26 74 74 6 26 27 36 59 4 84
35 18 4 45 84 74 5 22 47 60 81 77 98 11 87 97 25 66 28 30 8 7 51 46 48 69 13 12 54 57 9 97 30 32 4 62 78 5 49 34 53 31 60 73 20 6 43 72 12 3 99 18 23 43 39 61 85 47 10 39 34 20 15 45 52 95 91 66 7 59
65 26 43 20 79 100 21 97 47 18 79 14 1 69 13 42 27 94 18 45 58 23 14 22 30 19 75 9 23 33 39 24 72 9 38 45 91 78 88 89 89 67 85 11 18 91 21 37 70 97 76 91 16 81 91 98 73 65 6 31 62 100 25 20 67 87 6 65 2 19
18 93 38 68 72 3 76 12 79 37 85 59 43 79 78 8 56 69 99 71 99 96 1 80 96 87 60 91 25 51 79 59 2 71 51 65 99 32 13 71 75 99 62 22 54 100 77 22 44 21 68 50 95 79 79 99 96 50 74 93 85 80 9 37 37 41 84 52 66 81
52 34 85 19 30 79 51 39 7 33 55 22 73 56 79 31 35 56 48 59 85 21 1 57 89 58 27 43 52 89 33 32 85 68 53 41 1 98 76 39 54 39 36 98 75 5 16 76 10 36 46 64 40 65 57 54 24 61 30 31 100 34 73 38 13 24 98 47 43 3
10 48 36 31 93 51 65 82 34 89 23 74 82 54 29 63 12 14 48 67 78 68 32 42 55 90 88 57 61 78 65 52 32 34 59 37 4 31 41 27 69 85 49 52 16 76 64 24 34 37 41 38 31 21 89 15 68 2 33 59 100 91 26 18 4 96 40 46 69 85
51 88 8 64 19 36 53 85 34 95 91 68 72 27 5 73 54 69 45 89 47 64 89 25 75 32 13 93 40 53 53 18 34 89 52 47 48 94 51 15 19 30 13 72 19 86 15 7 71 91 19 39 27 90 77 78 60 98 88 52 75 26 10 13 98 81 53 12 9 92
83 22 90 13 12 43 31 75 86 33 93 27 56 32 37 24 92 16 32 53 21 11 21 100 53 81 62 3 87 95 85 63 6 3 97 35 76 36 28 24 13 37 54 20 84 14 72 14 11 72 96 20 72 30 26 33 48 17 67 37 73 26 29 16 80 44 8 68 97 16
90 61 9 67 96 39 79 99 97 70 55 95 99 68 58 68 9 35 66 81 29 67 20 56 64 70 77 79 70 66 53 2 97 71 6 64 8 58 58 51 25 75 18 77 87 90 87 2 72 96 45 45 46 34 93 28 67 12 29 2 80 9 56 26 98 73 61 56 45 44
91 43 71 71 33 23 97 48 90 74 22 81 97 91 95 74 11 99 73 30 32 1 70 53 8 57 5 4 74 85 88 92 21 99 6 87 23 89 67 11 100 33 84 89 21 34 82 44 57 25 50 59 22 3 47 24 59 44 65 49 43 8 15 59 77 19 39 56 30 2
51 5 58 82 97 44 72 39 47 39 18 32 83 75 57 2 74 25 98 40 13 11 45 41 65 23 8 86 52 13 28 98 58 14 42 74 98 45 7 97 31 87 56 61 54 59 73 34 56 39 60 89 67 44 73 79 24 49 58 93 63 49 70 57 86 60 77 52 6 69
60 89 66 35 52 86 26 46 51 31 75 85 9 45 52 73 19 43 68 92 80 59 26 58 72 96 38 49 97 3 56 71 25 53 25 42 87 17 58 80 27 36 82 88 13 1 6 48 71 67 21 35 94 46 65 94 42 98 27 64 23 84 90 81 78 13 50 30 60 87
48 60 72 12 14 69 22 32 94 93 12 15 74 76 56 61 72 56 72 67 80 13 49 69 37 31 95 6 23 33 64 97 16 58 88 45 100 83 9 52 9 62 48 37 2 7 53 70 91 81 67 84 2 39 56 46 49 11 59 32 11 43 86 20 6 1 56 31 37 91
46 66 15 5 45 44 88 3 59 69 81 55 78 38 64 55 69 90 2 89 14 16 41 19 32 86 96 62 87 66 42 87 18 97 43 3 99 38 43 14 96 67 72 21 78 22 16 13 67 94 67 86 30 65 14 9 91 99 86 33 100 95 32 1 9 97 76 23 80 39
19 15 45 29 39 29 78 60 56 73 96 42 9 24 40 13 89 8 25 20 49 52 26 83 75 32 22 9 14 55 3 7 39 9 93 4 53 93 64 92 64 58 70 35 21 100 25 28 26 50 57 82 9 66 10 81 97 27 80 23 93 78 90 25 24 28 80 22 54 27
27 8 27 57 10 91 4 93 38 25 48 59 88 60 13 30 50 52 34 11 19 9 54 8 93 65 29 14 89 80 73 98 68 89 95 53 48 69 17 95 81 96 19 68 49 92 54 26 21 45 60 65 8 12 51 64 95 7 34 80 35 46 12 81 96 15 94 62 78 23
37 6 28 90 62 17 25 55 7 5 19 21 20 50 70 8 95 6 19 19 5 32 71 20 58 92 55 7 35 6 40 18 39 37 21 87 72 82 49 23 46 5 6 90 81 83 75 46 54 32 57 84 23 85 97 57 21 49 62 62 50 4 78 67 20 88 57 80 19 93
93 17 70 53 74 71 42 42 7 24 16 39 18 36 60 53 70 23 96 70 66 16 24 4 46 60 6 5 91 30 8 13 51 98 70 59 83 30 23 31 7 72 28 52 99 13 54 39 91 60 8 15 78 57 82 80 36 40 65 61 64 14 14 98 40 14 19 86 69 52
32 8 17 19 46 99 7 51 38 25 20 44 66 10 80 68 57 72 58 51 90 38 22 59 53 74 29 21 55 85 70 9 97 37 73 64 28 86 64 40 70 46 97 6 70 62 20 64 40 44 24 29 11 9 93 51 41 48 90 85 46 16 35 19 86 77 38 16 9 39
12 41 36 55 45 83 38 36 85 84 89 32 67 97 49 27 57 81 37 15 18 84 51 62 34 56 44 100 51 43 75 19 12 44 75 20 53 25 90 62 82 79 45 77 71 84 19 28 83 88 20 14 44 56 71 45 1 43 5 81 53 11 3 34 11 11 10 48 60 74
3 84 38 40 90 73 56 48 85 37 51 67 2 50 13 62 28 9 88 9 11 52 76 91 86 55 40 59 60 25 70 90 56 67 76 85 13 64 73 15 84 93 46 19 51 93 76 87 94 27 59 11 91 27 52 24 74 67 84 28 12 33 64 69 35 66 8 6 77 48
70 44 36 33 6 69 32 94 15 39 58 67 62 97 88 63 26 80 50 19 55 67 24 93 62 23 88 84 98 25 85 53 28 83 84 29 69 23 68 33 23 17 85 7 100 13 6 52 94 23 57 24 44 59 23 12 25 60 88 70 3 62 67 26 48 50 26 32 24 77
79 80 62 88 25 77 59 94 86 80 13 80 58 99 43 11 46 97 97 100 12 98 18 21 80 3 64 91 84 14 67 37 50 86 46 52 28 19 81 30 89 1 51 94 79 30 68 74 92 86 44 30 40 8 22 8 6 93 3 90 31 70 51 63 64 57 94 34 8 41
31 25 32 99 70 70 94 36 59 38 91 55 10 95 23 73 84 22 25 76 71 75 74 10 23 76 24 36 4 56 1 7 57 64 84 16 2 28 8 19 98 45 67 46 67 81 74 9 100 26 41 76 34 54 3 42 10 16 32 15 100 70 100 67 17 85 54 74 18 38
75 34 74 6 100 88 48 85 42 22 71 32 48 95 67 67 52 97 9 6 99 34 75 1 41 49 82 63 11 43 6 24 29 92 22 88 48 84 53 50 20 68 45 34 1 100 7 90 77 64 34 63 57 22 30 74 84 52 95 58 63 76 76 80 12 76 64 45 14 39
33 60 75 89 15 88 19 42 39 59 28 55 77 1 75 4 65 99 34 51 63 95 6 39 88 35 42 85 99 21 63 99 89 41 56 44 45 96 65 77 76 59 20 86 19 62 49 80 78 67 13 85 46 53 82 55 22 33 72 46 61 79 62 71 67 78 55 98 14 62
67 52 1 44 78 19 100 87 74 13 85 90 78 21 29 78 12 38 3 59 73 69 43 74 35 4 56 17 40 39 17 73 2 18 81 31 63 8 12 68 82 54 90 70 5 6 55 11 67 57 55 59 41 70 9 94 25 87 72 86 42 39 86 58 15 56 18 96 35 99
14 68 87 24 47 39 18 96 70 89 2 58 43 75 25 14 24 97 46 40 68 44 99 30 43 27 55 8 18 79 23 11 68 49 100 12 5 57 58 78 57 25 47 80 38 31 2 20 85 33 25 61 67 50 73 27 74 98 92 9 48 5 5 38 16 39 98 68 86 68
56 57 17 9 4 46 55 3 78 82 89 96 23 6 93 51 74 1 12 57 49 84 77 64 47 73 98 40 55 45 64 26 31 98 15 8 60 9 15 72 15 6 87 51 21 56 98 77 32 65 52 90 58 84 56 54 29 40 65 15 5 22 51 93 4 67 84 24 59 95
12 55 38 75 57 36 14 90 44 6 71 89 77 92 50 4 30 33 10 43 18 67 68 93 77 1 53 75 55 89 22 17 98 27 68 6 10 15 17 66 26 17 81 96 33 14 50 92 50 32 36 39 78 7 64 20 83 72 23 71 66 18 54 45 29 39 60 87 88 41
58 9 41 41 57 97 11 96 17 74 70 72 63 88 67 39 67 39 55 14 89 7 84 38 20 56 56 30 88 100 61 97 74 20 7 28 56 29 62 17 79 88 32 67 26 55 6 67 28 31 6 47 39 13 57 33 55 71 77 98 85 13 91 100 28 63 45 61 68 97
31 22 49 7 27 19 71 22 13 83 77 23 54 16 93 19 25 59 88 5 37 63 29 14 32 89 10 33 31 58 73 65 75 17 36 41 97 90 76 5 57 35 56 36 29 81 46 46 3 44 43 68 38 81 50 98 59 22 44 96 46 6 98 28 72 14 17 50 22 96
65 31 59 62 55 5 91 62 6 71 52 16 79 71 75 20 83 45 20 97 74 71 8 20 83 94 92 21 19 15 20 53 70 19 59 46 9 32 17 64 32 99 90 25 23 67 30 67 50 70 40 55 2 42 66 28 90 90 67 76 94 39 80 11 24 98 91 55 61 51
63 81 25 96 9 69 61 56 28 81 70 29 69 22 94 13 14 99 94 50 18 99 95 51 66 16 79 91 73 93 72 80 25 77 77 86 73 28 98 57 43 7 35 27 91 31 44 16 49 25 51 90 94 26 62 47 32 54 60 78 51 16 57 24 44 70 91 48 1 96
31 19 30 66 52 76 77 54 29 64 45 70 3 49 19 98 31 47 42 38 93 16 75 78 79 66 2 5 73 10 3 23 14 87 71 7 2 24 83 92 67 96 29 60 40 49 79 59 16 4 43 36 75 83 31 57 37 50 62 24 16 67 74 83 83 13 19 10 39 51
49 76 33 99 68 73 33 8 24 98 42 98 99 100 58 55 10 43 9 47 18 50 58 54 5 54 24 7 75 75 78 27 56 68 44 37 60 69 36 13 81 13 63 57 82 90 48 52 55 28 96 31 45 66 98 55 35 37 83 59 78 83 15 88 62 75 83 39 54 54
70 52 93 48 58 19 43 56 72 16 15 99 67 13 48 95 33 17 55 50 12 77 63 84 76 41 98 39 23 48 81 26 78 17 79 63 63 23 87 24 30 5 77 45 52 16 5 28 53 32 84 95 88 81 86 78 75 74 69 53 39 9 11 92 35 85 5 62 45 73
82 12 68 86 99 11 87 60 8 33 3 1 17 94 84 49 35 13 79 30 34 58 83 80 92 61 36 64 82 34 90 90 17 100 97 7 64 66 50 51 45 76 88 56 30 41 68 21 15 51 98 49 14 21 5 68 79 28 64 56 2 52 64 11 52 53 83 58 40 18
57 55 51 75 25 90 21 94 5 37 100 29 44 97 73 58 6 78 32 70 48 75 95 7 83 33 59 92 14 7 39 86 27 7 31 59 11 44 92 81 27 85 99 39 10 50 21 16 91 91 51 96 56 48 71 57 98 47 3 36 48 94 39 44 37 75 60 27 97 1
21 16 50 100 9 18 18 51 68 27 59 61 5 74 41 92 36 63 74 50 67 99 41 18 24 58 68 27 5 16 41 64 76 24 45 56 23 69 55 15 69 59 73 32 83 63 89 70 54 73 25 23 24 88 65 78 86 31 72 53 49 29 90 93 13 5 48 90 88 20
69 100 6 92 60 4 11 42 87 96 28 63 95 5 79 86 30 14 51 56 36 81 28 13 14 64 32 4 53 1 19 33 74 38 74 52 3 46 21 67 62 31 82 60 41 24 10 17 29 56 44 70 54 3 46 18 43 93 85 38 57 44 93 1 10 67 56 26 8 36
88 16 96 100 69 43 85 8 65 62 93 40 14 17 71 54 12 44 68 90 51 58 59 37 22 33 32 51 50 76 10 99 98 57 76 72 94 68 83 78 59 84 66 80 33 19 29 69 30 74 73 39 91 89 72 95 18 4 52 6 48 19 66 74 39 23 91 2 86 29
46 76 20 52 14 90 4 98 97 39 59 95 34 77 57 26 42 48 17 83 61 10 52 36 27 60 43 30 75 28 50 60 4 50 51 15 85 11 49 22 52 5 7 37 48 82 70 91 48 87 18 70 24 35 42 27 48 90 92 12 85 71 100 24 71 56 10 55 53 44
26 78 91 96 8 83 69 34 12 93 44 10 92 60 27 5 84 67 53 39 94 90 7 30 17 97 81 4 33 39 8 51 22 69 58 7 72 48 15 5 87 58 79 39 20 6 25 51 69 22 46 50 81 98 7 53 35 76 29 87 38 3 14 40 43 37 73 86 1 68
23 32 66 24 59 45 50 49 62 47 91 52 97 99 39 60 53 39 83 22 26 70 53 41 32 38 88 47 51 40 57 32 73 86 42 26 40 87 76 50 92 28 98 49 28 21 64 32 71 97 59 81 28 18 28 46 90 22 22 6 53 24 75 20 84 20 6 99 62 55
88 21 63 96 95 6 97 12 89 66 8 82 68 70 38 51 91 5 11 64 68 71 7 88 72 16 48 93 48 17 60 98 15 55 57 29 23 97 57 38 50 67 78 46 92 7 97 18 97 74 12 1 52 12 96 54 70 52 47 28 94 71 27 42 98 84 85 2 67 92
62 45 51 91 100 36 67 87 16 85 65 4 81 38 63 37 62 62 3 46 46 79 66 14 33 69 62 58 7 28 50 21 17 1 32 71 21 93 92 90 23 13 4 86 83 13 16 61 52 6 47 95 92 89 16 41 93 84 79 47 52 27 92 8 85 64 26 2 94 77
26 36 93 65 53 21 4 92 6 22 47 91 53 82 61 58 61 23 87 40 92 69 98 93 87 75 88 82 91 10 58 71 33 69 64 60 50 81 20 81 24 45 40 99 37 34 93 30 13 2 73 45 84 26 86 9 15 82 60 7 82 75 42 72 1 67 73 71 64 64
10 23 5 13 62 44 33 78 94 100 71 41 81 25 45 22 38 42 75 61 75 69 66 68 40 54 93 11 45 46 83 35 54 47 8 64 84 9 89 44 86 57 58 57 39 58 40 56 66 27 31 8 45 8 100 9 98 4 42 34 34 63 57 78 91 85 83 21 34 61
5 69 12 71 10 34 54 58 35 85 6 41 36 82 32 95 47 30 1 70 14 8 68 43 7 4 67 73 18 88 81 82 40 9 3 63 67 91 89 3 95 85 66 14 19 55 20 17 25 61 25 53 96 23 20 49 77 23 6 38 95 56 95 85 81 79 83 23 35 77
31 13 61 63 51 7 83 8 35 77 66 37 66 71 62 12 91 89 14 72 40 88 68 83 39 4 65 76 25 73 9 32 92 26 31 32 80 33 87 64 9 39 54 17 84 24 5 5 1 55 76 96 65 41 97 99 90 82 69 88 97 89 49 90 93 7 51 91 17 11
36 88 74 20 39 18 87 78 36 17 17 97 57 18 94 21 63 64 45 4 100 24 85 17 35 12 39 55 31 31 76 54 12 15 94 90 70 91 28 91 65 57 25 52 95 92 62 17 26 69 99 6 47 35 9 26 4 38 51 99 31 32 25 28 48 93 54 59 64 10
8 36 35 18 69 7 15 70 82 49 60 98 5 48 39 23 82 36 80 12 77 37 56 88 39 50 48 59 43 44 86 33 28 31 48 90 57 5 82 85 84 72 49 79 8 79 60 20 13 36 72 44 17 75 20 88 90 78 72 99 31 51 20 45 78 20 27 60 59 74
69 87 61 62 88 60 17 85 44 60 16 41 73 64 73 100 100 56 96 58 41 96 75 66 96 45 14 93 62 82 42 46 2 2 39 58 85 37 90 99 80 6 37 2 63 73 78 37 18 46 47 99 18 79 19 30 40 44 27 32 6 17 69 59 60 15 82 59 49 84
9 6 29 96 69 94 8 59 4 28 67 45 51 89 49 90 88 71 91 80 5 59 25 97 46 71 14 46 91 37 35 80 92 44 45 16 37 8 62 98 36 33 38 83 91 67 20 43 13 65 70 3 15 42 87 26 43 97 36 29 77 15 98 70 71 47 17 16 3 63
88 43 48 63 52 87 64 3 34 38 1 78 30 33 7 66 52 85 54 54 57 4 55 27 87 72 86 6 79 52 56 15 95 84 85 13 48 2 6 40 48 15 85 69 16 79 70 100 23 47 46 1 73 37 27 77 60 86 45 70 65 63 58 47 16 87 17 7 85 69
9 98 19 36 49 80 91 66 91 20 63 66 65 92 12 70 4 93 45 61 43 41 56 38 3 14 19 90 60 24 49 42 40 5 18 90 89 22 86 87 75 62 25 46 43 49 100 99 20 52 92 11 24 1 67 84 39 41 80 58 63 2 54 6 34 89 21 12 42 44
66 37 54 28 24 14 85 57 91 67 93 91 95 41 49 69 40 24 68 70 60 5 79 68 18 62 33 37 17 50 71 15 31 1 42 55 100 43 76 17 7 78 34 22 1 4 89 81 95 76 86 66 60 51 93 34 22 28 3 63 94 13 34 39 99 93 55 50 51 39
13 58 58 65 69 93 34 54 99 8 64 89 29 31 8 3 37 34 80 38 58 5 74 60 10 44 12 66 86 10 76 38 22 47 63 62 55 75 81 82 81 88 86 24 100 87 27 31 83 83 80 57 19 16 9 94 53 91 57 11 93 30 64 30 12 20 8 67 88 26
93 92 35 29 98 54 46 4 24 55 22 20 66 31 94 85 81 1 95 100 55 10 84 6 91 63 45 61 61 25 48 42 55 20 86 27 20 92 34 57 68 59 69 92 84 56 55 25 90 96 92 80 53 65 76 98 18 33 25 45 65 5 25 93 100 37 59 97 10 37
79 93 50 69 56 50 13 72 8 80 79 42 54 91 64 75 26 28 86 51 92 65 68 72 90 54 33 99 70 1 64 67 81 93 3 85 57 27 28 15 69 66 76 61 64 74 72 14 47 54 60 44 10 98 73 44 60 54 79 47 83 25 15 85 94 45 90 32 16 81
52 71 46 93 75 15 38 94 71 31 47 9 59 84 57 63 63 58 60 94 95 52 46 95 97 17 82 59 85 84 24 30 8 60 69 90 46 61 88 10 35 16 50 81 54 71 56 49 26 12 95 14 62 14 66 43 12 19 69 31 38 32 83 52 71 30 66 26 34 31
98 34 72 100 19 55 24 23 53 16 13 38 91 87 38 80 80 83 4 45 23 55 78 30 81 68 10 4 26 60 1 51 29 6 19 43 51 7 36 50 97 34 84 26 35 62 6 96 98 49 22 34 84 26 24 17 39 59 73 86 95 44 2 73 3 23 65 14 69 44
45 30 60 24 9 75 31 98 83 33 25 90 8 32 6 18 5 98 88 81 56 3 4 78 98 11 65 12 5 78 64 10 8 6 12 82 79 76 41 86 18 94 14 69 78 91 7 70 38 60 6 4 29 100 4 37 4 75 37 51 63 79 74 64 92 77 80 27 51 82
59 97 31 90 76 13 5 76 100 8 68 98 90 63 18 96 34 24 90 79 44 62 85 20 99 5 46 12 2 8 66 37 13 43 4 5 82 91 44 68 43 58 24 20 66 86 84 77 66 91 12 28 14 69 10 71 65 7 60 37 95 99 32 7 26 48 4 32 80 91
73 70 35 20 86 93 89 50 90 8 73 97 4 66 17 97 40 65 71 13 79 43 90 43 83 27 94 57 88 42 57 14 68 38 48 36 52 97 46 5 80 92 29 53 28 1 28 41 88 89 9 95 55 75 69 72 60 89 30 66 80 40 76 80 68 32 24 13 3 95
85 9 61 71 47 64 52 42 49 82 95 23 54 41 15 96 19 17 9 43 2 26 38 18 68 29 93 15 15 36 68 86 21 18 3 19 52 41 83 14 93 27 81 15 43 43 92 11 91 89 12 31 76 29 88 34 63 78 94 7 2 96 11 12 2 37 83 61 6 47
42 80 100 88 79 1 42 57 53 91 26 41 11 68 17 21 89 77 51 80 59 75 30 29 83 7 83 76 13 46 94 51 13 21 85 34 95 67 78 46 98 33 48 54 43 2 70 89 78 83 89 98 18 51 87 48 92 60 90 24 69 90 8 87 46 12 68 8 66 43
29 57 60 61 89 40 54 94 74 11 34 2 35 35 67 33 14 58 32 91 67 77 71 77 27 6 36 74 20 92 33 31 86 28 100 21 87 40 16 49 29 41 68 3 21 79 8 90 3 100 71 87 94 30 20 85 34 89 46 11 7 95 75 23 96 57 20 57 43 9
45 54 24 100 91 72 50 98 88 18 80 77 27 36 40 76 30 76 32 28 8 43 92 15 40 57 78 38 32 95 11 55 39 77 82 98 83 19 7 79 15 39 45 1 80 20 12 56 8 27 31 87 7 8 28 40 79 15 4 49 31 59 74 22 12 25 50 22 93 2
67 89 51 30 19 35 84 57 54 18 2 87 52 88 69 42 37 25 6 93 9 13 99 14 31 88 5 63 94 62 78 36 87 56 21 79 82 42 20 43 46 37 44 10 5 79 59 67 83 3 66 67 1 56 28 7 45 97 35 99 75 51 56 9 61 17 77 12 52 65
18 74 43 1 74 79 17 96 32 63 94 67 56 69 10 70 67 28 48 81 43 89 77 42 54 42 84 5 58 54 100 24 10 85 78 92 66 39 42 65 85 41 37 20 66 98 42 42 98 44 25 41 98 66 79 48 96 21 59 59 72 10 84 19 90 72 19 99 42 49
41 10 58 70 72 14 17 50 27 75 85 29 50 84 66 46 90 80 69 13 32 67 81 45 92 14 72 15 57 78 20 39 87 98 15 41 15 56 82 2 13 72 16 5 64 43 81 90 53 58 35 10 2 61 15 30 79 37 99 32 54 19 35 64 88 96 10 1 42 17
73 66 45 14 45 58 41 27 6 47 89 95 84 85 91 78 5 64 25 68 89 51 11 2 100 25 64 30 30 30 27 59 90 76 79 52 2 26 88 49 96 29 2 14 14 41 32 86 71 48 14 99 72 48 44 59 78 75 91 60 95 52 18 16 35 52 33 93 80 39
71 42 3 19 22 11 98 73 61 70 96 7 63 25 44 49 35 58 21 78 92 60 83 46 2 22 54 89 23 43 18 59 98 80 84 25 6 96 41 2 32 64 83 88 76 13 20 82 96 52 90 66 41 79 100 87 26 28 66 12 64 11 39 37 22 42 99 68 96 63
23 16 65 82 23 70 20 100 19 7 32 96 93 75 76 84 34 65 16 11 49 84 51 27 13 35 28 77 11 40 6 41 13 79 18 21 56 54 69 11 53 13 11 65 74 80 86 4 87 32 3 13 5 20 100 71 59 30 44 18 52 66 24 61 53 44 66 73 61 70
17 7 20 29 72 88 42 28 13 51 60 81 78 67 52 8 4 55 100 85 93 37 29 19 39 5 86 78 30 10 41 79 53 70 9 57 11 70 76 84 88 11 85 48 81 29 37 2 6 44 50 52 78 86 7 40 1 49 87 63 37 82 61 45 48 42 98 38 99 37
58 23 84 81 13 80 38 1 1 35 9 24 30 57 8 85 78 77 76 93 64 43 65 43 6 56 84 49 76 18 32 44 83 49 9 6 39 51 87 32 27 92 58 35 85 80 50 65 33 56 69 36 55 25 15 36 20 65 60 98 59 19 29 98 92 54 36 80 90 72
10 49 19 21 20 19 32 58 8 65 11 57 8 51 44 41 3 37 9 54 77 87 66 27 4 45 21 28 82 61 67 99 82 61 36 88 34 13 20 98 40 26 67 10 32 6 90 4 99 75 59 51 8 51 77 64 12 84 22 92 66 86 71 34 47 29 9 92 77 46
80 74 66 68 28 33 93 23 3 63 52 21 22 10 72 95 92 88 29 4 77 70 15 20 66 70 64 30 89 40 82 82 41 30 62 34 98 70 66 28 60 25 8 63 84 63 52 36 47 37 73 38 15 68 6 40 67 90 1 100 19 72 24 79 85 51 48 57 33 20
80 11 40 96 34 47 11 51 73 83 35 88 62 34 72 2 50 1 94 66 25 40 74 17 17 79 11 32 14 1 27 13 66 19 70 30 31 84 10 10 94 75 40 60 19 22 54 19 95 62 38 15 88 89 2 76 20 39 83 18 33 57 85 18 85 44 25 34 30 67
33 6 33 31 2 11 96 30 49 50 9 83 43 79 15 58 14 92 87 78 13 42 84 17 40 76 78 62 48 71 40 56 54 32 31 93 60 38 66 48 50 64 21 5 1 70 73 35 10 89 4 49 99 9 50 41 30 73 50 14 71 59 86 97 34 12 99 71 6 80
37 97 30 68 59 39 19 96 5 85 78 17 54 17 50 38 63 91 10 57 89 81 43 84 22 66 26 17 27 1 96 14 75 27 77 61 85 53 25 21 49 34 63 82 80 92 84 74 27 16 58 25 46 21 69 41 8 50 60 24 45 11 48 70 77 24 15 24 92 96
88 18 86 91 78 17 35 94 56 31 36 38 27 4 89 34 38 15 24 65 100 58 61 36 57 75 91 90 42 78 48 40 88 53 16 11 73 45 12 53 81 10 44 72 11 32 61 22 36 35 2 41 24 1 5 50 59 15 66 46 72 77 87 35 5 50 32 90 99 91
68 1 24 49 60 23 9 50 52 35 54 96 8 15 4 93 10 94 19 69 66 69 67 56 56 38 70 23 6 19 54 53 46 62 22 86 90 79 35 70 46 39 7 95 98 36 40 84 82 74 84 61 13 11 86 73 68 2 69 77 21 2 56 99 72 87 42 74 66 54
76 78 37 18 9 92 74 65 9 53 29 39 7 91 44 85 53 71 45 65 31 81 4 45 82 32 69 25 88 39 8 64 22 96 11 43 96 34 34 44 85 57 91 53 55 14 46 35 5 99 84 11 19 71 5 26 61 31 37 13 75 10 7 38 32 39 78 69 37 20
93 100 44 4 52 7 34 24 81 34 65 22 87 90 69 3 41 55 8 9 74 18 50 41 49 16 32 59 18 64 38 70 67 60 53 59 68 77 20 36 13 85 93 75 76 38 85 50 26 72 61 37 20 66 30 22 65 98 66 92 25 36 9 25 96 99 24 53 63 32
6 47 82 7 8 18 42 95 42 53 79 51 69 12 39 21 83 13 32 23 55 23 68 97 85 35 78 78 54 57 89 19 1 11 54 14 68 19 49 3 6 46 45 100 49 18 5 56 26 3 46 91 60 96 26 2 55 40 70 66 76 62 90 47 31 98 69 86 90 66
84 29 24 1 77 25 4 29 88 9 24 82 11 42 5 30 7 43 31 62 85 41 10 15 60 45 89 40 76 30 92 16 97 71 82 75 24 39 66 48 47 60 45 23 73 1 55 14 3 2 21 90 18 50 16 53 24 78 82 5 86 68 5 79 70 99 4 16 64 91
5 72 85 13 82 60 29 99 41 99 76 49 67 54 58 98 32 83 44 94 46 92 91 80 84 52 8 51 76 80 77 17 60 82 70 34 36 60 8 57 57 28 22 89 82 9 89 14 42 72 21 6 61 16 50 23 23 86 40 34 52 38 61 8 95 28 20 57 39 34
15 56 31 98 77 60 91 49 94 75 91 15 4 71 92 32 40 4 19 71 15 97 56 40 67 87 15 30 48 92 77 62 3 96 20 82 9 24 79 53 3 2 16 4 59 80 98 96 25 41 93 18 76 48 32 13 59 57 68 44 13 99 96 85 15 75 86 41 7 48
77 11 98 85 10 87 66 47 39 71 71 83 18 100 67 63 18 18 45 43 67 64 75 16 26 40 47 4 92 18 31 78 57 55 11 55 30 73 76 13 48 82 82 74 90 59 8 60 72 49 19 95 64 59 92 3 19 97 37 92 17 74 66 7 40 57 68 24 76 86
95 95 84 87 48 91 52 68 75 4 3 7 62 97 72 32 41 53 4 71 9 72 76 88 28 66 18 39 25 3 8 9 42 68 83 62 48 34 30 77 21 50 6 3 1 62 49 88 68 24 53 100 27 63 66 99 8 88 48 27 75 34 84 26 22 96 11 22 35 98
70 6 38 76 46 54 22 38 80 64 75 4 32 93 84 61 12 8 68 35 62 35 86 16 17 13 36 52 32 97 68 7 77 44 5 25 81 51 100 92 28 66 66 71 38 21 58 66 26 83 13 98 45 63 34 61 63 27 82 15 18 78 66 13 31 46 12 93 31 37
49 12 20 37 80 86 53 61 81 12 31 8 54 75 41 44 100 92 62 3 99 15 2 50 89 95 49 56 60 41 92 95 85 76 10 54 84 6 24 86 26 32 80 27 85 44 85 70 66 3 37 7 70 30 62 30 50 91 67 61 75 17 65 62 74 92 36 43 16 53
5 69 98 94 92 86 70 64 56 43 28 29 27 9 74 82 25 43 57 92 76 97 7 40 74 15 29 56 43 73 50 88 11 83 12 12 72 71 89 16 33 11 85 4 84 45 54 6 27 41 22 36 90 24 41 86 27 85 6 12 29 86 29 29 41 66 56 29 64 30
8 42 72 80 14 4 32 35 89 65 84 6 73 16 22 98 75 99 8 52 2 40 90 74 92 7 88 59 2 38 57 13 61 17 2 3 33 55 63 38 53 94 58 31 4 22 94 99 93 5 55 56 58 73 19 1 92 30 47 66 89 41 39 43 68 43 82 67 33 60
24 51 92 66 47 77 67 18 55 75 89 79 60 95 76 3 95 92 3 43 51 7 58 34 39 2 13 87 46 70 62 76 80 59 83 17 82 44 21 47 52 56 60 26 89 41 81 37 46 83 91 34 2 55 28 67 52 18 18 61 93 54 1 87 14 26 92 66 70 68
4 39 32 44 76 60 53 71 3 56 73 10 28 93 88 91 92 93 2 10 100 4 19 35 34 22 54 81 93 26 92 97 13 32 76 31 55 27 46 50 56 43 71 53 91 65 84 22 14 47 52 79 68 83 49 95 85 66 36 56 88 60 85 66 74 31 62 63 43 61
92 99 50 60 10 2 12 76 87 33 75 66 57 15 91 89 11 69 94 15 76 10 29 39 53 56 28 2 62 1 15 61 99 13 92 62 83 48 14 33 80 35 25 85 44 16 7 51 35 54 87 63 59 73 85 3 30 28 68 28 85 52 80 46 84 95 29 95 82 10
28 15 93 49 20 33 13 34 92 26 19 80 47 23 62 80 11 60 73 3 66 72 17 14 10 52 12 5 46 62 89 80 18 73 21 84 54 42 14 2 13 85 27 100 60 30 25 58 14 34 39 82 56 17 57 55 58 71 36 47 5 57 30 88 81 12 39 8 36 9
43 83 92 33 67 12 78 27 71 3 41 92 73 38 58 10 67 86 6 19 40 52 12 20 23 45 32 44 25 70 55 23 17 93 41 55 58 20 80 49 11 77 34 34 12 34 3 66 29 81 38 37 33 52 88 44 74 65 83 21 59 23 7 7 81 50 32 50 99 87
31 59 23 16 25 54 69 67 57 85 90 27 94 36 21 89 31 9 81 88 62 3 62 31 37 12 20 79 44 44 16 85 36 42 38 88 95 11 89 67 57 60 58 68 16 43 75 18 61 88 48 59 66 65 57 66 83 28 92 88 18 57 37 26 60 78 69 88 10 12
1 37 76 21 81 16 84 91 32 67 7 55 62 96 98 35 46 64 62 96 74 98 72 23 24 82 46 88 73 7 55 89 86 30 95 18 69 80 97 76 43 58 2 52 62 94 85 13 61 20 54 13 80 85 5 89 27 63 62 19 5 92 97 32 99 39 49 22 90 36
84 63 97 32 72 94 66 53 15 61 84 57 36 13 10 56 64 12 16 26 13 90 17 7 69 42 14 23 81 79 63 35 14 72 16 76 27 87 90 32 73 60 12 94 17 26 32 3 94 16 79 72 72 39 23 50 83 30 29 75 18 48 35 85 23 48 70 1 60 72
42 92 51 92 53 28 5 36 65 46 1 53 66 53 3 74 42 63 95 43 6 5 57 62 40 30 41 51 8 20 94 94 41 85 58 88 95 48 4 36 68 69 37 49 32 80 96 4 66 78 33 93 54 9 15 3 29 79 32 73 53 4 35 44 66 13 25 59 48 33
79 54 57 20 46 60 18 93 56 23 71 41 73 47 67 75 11 96 46 91 98 8 6 47 23 23 64 48 75 30 69 74 89 23 19 69 45 85 37 14 85 29 25 91 11 92 36 94 62 11 9 39 45 72 88 8 7 73 19 50 49 7 93 29 40 6 55 95 97 81
44 89 6 71 95 19 65 19 1 74 3 82 33 49 16 18 97 67 63 89 67 67 4 91 65 57 44 65 86 18 46 90 15 12 71 4 66 46 98 51 43 82 7 98 10 74 75 20 9 2 2 83 65 45 17 26 78 66 33 3 100 70 83 93 1 72 83 14 55 35
22 25 15 36 16 81 25 94 17 97 17 100 49 80 36 5 31 1 89 49 32 88 52 64 92 17 69 76 46 10 36 57 65 76 62 50 49 63 25 61 10 96 28 90 79 11 54 24 42 55 13 25 34 24 61 81 51 45 14 17 20 48 30 5 84 32 66 88 79 79
32 96 6 34 5 89 24 87 87 29 30 43 76 69 72 74 38 17 65 19 39 100 80 11 12 77 81 43 74 3 99 23 39 41 88 37 82 59 100 60 48 15 63 89 43 57 98 60 86 63 59 51 40 29 99 82 17 57 41 59 20 78 54 84 27 68 22 21 78 77
12 68 19 50 86 76 13 33 68 59 96 66 41 39 56 53 1 61 36 79 55 27 60 11 49 99 73 16 9 1 16 85 25 52 84 56 48 90 90 16 75 3 92 32 49 86 81 5 76 41 72 97 80 50 17 67 78 73 5 59 50 71 69 42 44 9 78 70 56 94
66 46 7 8 99 55 33 57 31 51 60 13 100 18 92 67 29 7 94 7 28 29 81 20 82 22 48 80 84 94 32 5 86 94 85 71 1 80 72 3 54 4 46 72 38 37 90 5 57 25 40 52 37 69 90 72 97 4 20 79 6 25 71 24 39 36 22 28 19 95
77 7 32 66 59 63 86 29 43 67 39 60 84 53 30 13 98 49 66 37 14 22 43 15 89 56 82 19 62 99 12 86 3 5 28 36 71 21 15 17 84 34 70 53 39 60 29 99 62 34 64 30 77 41 60 62 69 45 44 14 15 19 27 40 100 9 39 25 11 90
75 16 31 70 4 61 41 35 41 44 37 66 31 6 77 12 44 71 8 80 77 76 45 70 87 93 14 12 73 48 32 86 3 70 33 5 20 51 48 93 9 82 23 32 7 23 7 98 68 90 100 32 43 79 69 40 90 23 44 65 42 57 70 79 26 55 96 78 33 38
4 82 89 95 49 82 10 33 15 87 24 62 42 43 14 52 21 8 86 88 51 18 79 68 30 82 45 26 12 83 66 62 90 35 80 47 80 39 26 69 83 78 85 95 49 28 21 16 26 63 74 63 46 46 44 50 69 78 54 21 4 72 73 67 5 54 98 63 8 21
38 26 83 76 4 19 42 63 83 35 70 4 49 4 63 16 64 45 69 18 84 88 31 4 56 95 46 91 44 34 6 53 39 61 56 15 49 2 55 63 15 30 50 62 26 91 85 36 6 7 25 79 86 12 49 71 87 25 29 3 92 50 31 41 100 24 92 83 7 70
66 49 27 98 19 27 4 82 3 36 65 46 63 45 30 71 90 66 14 23 74 1 36 96 72 72 70 42 51 73 14 7 23 76 55 73 22 61 29 43 56 10 75 2 93 98 63 21 63 82 67 2 43 35 31 74 49 37 80 38 15 89 57 47 64 17 51 72 56 96
65 93 19 6 50 81 96 19 64 81 13 79 89 26 56 96 69 88 29 19 4 97 48 88 61 44 30 66 31 16 84 21 15 64 52 34 90 52 23 87 83 9 10 40 56 31 65 14 73 17 53 96 73 69 74 89 72 94 60 40 2 37 79 52 90 34 86 28 89 44
96 36 58 11 24 59 54 5 45 72 37 78 32 4 42 72 100 82 64 49 39 9 100 40 8 53 52 15 57 15 86 95 93 56 63 6 71 35 34 78 8 66 27 52 88 70 90 96 91 3 75 54 83 23 77 47 98 59 81 39 75 96 31 77 9 72 24 19 8 51
51 59 37 1 18 71 45 5 93 33 95 61 68 7 70 77 15 62 24 27 66 9 82 28 53 57 16 66 23 8 12 6 48 16 96 77 28 71 92 47 11 61 41 36 31 30 98 68 15 40 38 61 9 95 3 44 87 99 18 42 94 27 94 33 61 29 84 23 61 57
16 42 67 69 94 45 94 83 77 58 46 13 84 12 48 80 83 77 87 20 60 80 1 52 60 3 54 97 64 4 57 49 72 65 25 96 41 54 19 27 98 11 19 87 18 92 93 8 62 4 39 58 84 60 72 27 22 30 52 70 74 52 90 4 41 77 53 22 60 21
17 46 42 52 25 35 82 46 27 78 44 15 29 69 89 96 94 77 27 82 59 53 74 43 5 98 93 38 4 93 72 88 31 71 52 70 92 60 92 39 50 31 72 75 64 89 48 22 57 68 100 99 43 8 97 96 16 5 78 95 48 50 31 45 31 15 92 23 34 3
4 84 71 92 83 71 25 63 7 83 6 12 9 22 27 53 43 24 11 69 70 76 4 84 47 16 37 69 2 77 63 34 29 84 91 68 28 78 87 78 10 82 49 83 35 90 60 22 8 78 97 55 46 79 57 17 76 42 38 10 28 49 86 84 53 40 92 14 15 1
49 30 50 68 15 53 48 2 28 66 51 89 60 45 30 18 44 62 21 86 74 33 96 41 68 48 55 12 52 72 41 19 86 15 30 37 41 96 91 87 65 93 31 81 55 9 76 60 50 88 48 18 84 24 32 25 17 9 93 11 17 85 97 83 45 53 64 87 13 69
40 8 38 46 5 87 6 51 93 57 76 10 30 77 89 78 91 41 93 38 34 2 78 69 24 19 15 92 38 75 24 51 65 71 71 87 70 94 93 59 42 84 30 39 83 33 82 28 40 42 96 51 66 30 39 47 75 23 84 85 32 47 42 49 71 9 30 57 36 82
5 32 78 48 84 2 93 28 60 90 39 34 79 63 91 86 15 67 52 87 44 44 82 64 52 76 85 85 89 84 48 92 9 97 10 41 28 18 45 39 3 39 15 53 74 18 31 29 32 70 58 69 72 87 82 80 65 6 3 82 20 81 76 70 44 71 26 27 98 6
17 55 40 51 21 54 70 19 33 8 3 47 6 43 12 74 28 38 89 66 33 85 65 19 85 93 63 76 87 2 46 76 10 52 14 87 73 73 24 79 14 45 72 8 91 44 69 65 7 83 40 61 50 88 70 72 24 89 86 49 23 32 13 54 92 31 2 49 54 5
56 59 40 8 45 80 95 16 60 72 75 12 3 1 70 41 28 14 75 82 63 6 18 22 10 40 73 90 4 80 25 3 29 54 13 29 37 48 36 83 61 95 4 3 57 86 86 95 41 47 84 54 85 74 49 62 31 47 50 9 53 14 10 1 23 7 95 72 88 30
61 84 94 56 28 86 3 64 28 69 1 32 92 18 29 77 25 42 97 10 62 93 40 75 81 62 53 51 76 47 34 53 20 41 80 23 47 24 24 97 68 4 11 7 35 13 75 76 97 91 87 64 98 92 37 22 66 89 100 63 9 14 68 91 32 56 13 19 33 22
7 64 44 39 17 39 28 53 13 55 63 73 59 95 60 90 10 86 89 2 42 42 33 34 83 69 5 62 16 15 60 43 18 72 62 78 4 21 64 64 30 40 90 43 73 69 25 79 92 65 66 56 70 100 96 5 36 49 77 79 96 54 75 58 40 44 90 33 72 79
35 9 16 63 20 40 28 93 73 39 52 18 8 40 72 54 44 47 44 68 35 24 90 19 48 4 57 48 23 57 76 51 1 74 36 73 47 66 6 12 66 32 2 79 58 21 24 12 87 86 20 64 83 5 90 60 43 14 70 66 63 74 67 13 34 52 20 16 57 35
85 56 22 9 92 72 84 84 44 92 3 24 74 63 42 12 16 78 4 5 71 71 77 6 3 89 67 70 3 32 77 3 71 65 72 67 73 27 24 41 51 76 85 100 59 83 43 26 21 21 1 17 88 28 8 58 26 38 37 42 64 90 8 58 27 33 73 17 92 71
10 7 89 49 68 10 43 77 72 4 36 16 33 71 65 25 10 72 26 3 68 68 10 85 72 61 42 6 29 59 83 61 10 64 56 66 85 76 53 86 76 62 11 1 23 72 52 35 60 13 21 53 65 22 79 96 13 7 40 87 47 28 98 96 2 53 20 13 62 21
78 31 91 35 40 78 49 49 31 8 19 78 4 39 27 68 49 54 9 26 47 59 15 77 52 73 100 58 48 3 5 23 74 50 35 62 23 27 32 78 65 17 20 43 67 76 12 85 40 60 74 77 70 49 61 69 83 94 12 63 15 72 29 65 56 85 6 46 54 90
16 50 25 38 73 43 47 13 93 36 92 26 99 54 53 73 90 20 78 17 8 88 22 92 21 45 22 1 17 14 99 98 58 56 92 42 38 39 22 88 39 6 61 32 32 42 20 41 85 36 41 12 31 4 11 57 34 75 2 82 24 59 51 70 44 54 95 25 82 58
39 42 84 6 26 42 8 52 72 35 83 69 10 94 69 82 43 80 74 34 82 86 83 32 43 63 4 43 14 9 40 66 98 33 63 26 21 62 88 88 83 38 30 10 57 54 94 40 59 25 28 5 66 42 52 2 93 27 51 84 85 17 61 38 42 21 28 76 79 38
29 35 23 55 88 29 69 78 90 88 97 37 4 80 30 64 95 51 87 73 23 41 74 6 4 48 19 85 20 54 21 6 71 28 72 27 4 57 63 30 33 15 66 93 86 75 29 76 59 32 98 28 1 43 79 41 74 81 73 82 87 6 68 24 17 36 42 21 45 1
10 22 10 39 13 39 68 32 87 29 72 16 58 8 38 80 36 39 66 38 1 1 58 24 52 45 35 96 71 97 15 83 14 18 26 28 66 81 6 69 26 5 55 12 4 42 94 63 38 3 60 10 89 23 46 65 100 49 29 90 38 63 1 37 96 10 46 76 4 87
100 32 46 43 1 27 15 44 95 74 73 47 11 47 59 67 17 71 49 79 53 21 33 3 38 36 11 98 21 69 5 97 52 42 78 48 11 47 45 86 12 64 15 60 46 96 72 39 50 70 26 32 22 53 19 8 74 50 74 52 70 47 36 68 95 50 65 27 21 40
78 26 4 23 55 2 35 35 96 11 29 15 92 25 51 85 76 78 12 88 10 76 14 91 80 83 93 54 9 79 6 6 80 37 35 9 32 37 25 74 93 43 6 17 81 59 31 56 72 74 70 97 38 1 79 5 90 52 25 43 35 90 88 33 37 6 90 89 64 84
27 15 100 100 79 10 41 35 49 34 63 81 46 3 3 100 10 82 12 4 29 89 49 36 49 90 82 69 100 63 95 22 89 44 18 31 7 55 93 95 15 72 12 88 68 87 76 88 51 48 21 17 55 54 61 26 54 48 34 84 34 37 78 96 79 13 95 93 8 70
12 65 39 97 74 39 70 13 33 76 97 86 22 70 95 12 22 1 83 5 33 95 20 80 12 75 13 18 89 28 8 92 53 68 86 61 74 68 97 53 10 3 33 96 64 80 85 89 94 84 70 46 74 14 63 25 65 17 44 54 32 100 2 79 62 50 30 12 1 48
34 3 27 6 19 56 77 70 3 13 10 76 7 100 63 89 1 39 97 63 98 28 88 59 59 42 20 93 63 6 28 53 59 94 98 10 34 12 15 52 18 63 34 7 87 45 76 23 50 98 97 69 54 32 91 23 42 61 36 95 33 62 59 92 31 98 63 12 12 22
3 26 98 10 2 48 69 67 48 75 89 7 23 95 92 27 37 58 21 11 35 12 40 10 83 50 9 66 90 71 67 44 48 52 53 1 54 16 63 75 54 92 87 36 2 41 96 96 26 37 16 93 80 19 18 42 77 97 27 65 67 36 33 13 33 69 58 97 89 16
100 33 85 35 4 47 41 96 100 96 93 25 99 33 23 40 77 3 19 80 63 7 15 12 26 23 46 45 20 86 8 49 37 12 70 57 21 38 75 56 81 1 21 78 71 5 83 61 100 6 22 62 74 60 96 8 37 81 99 74 13 85 92 65 60 20 73 91 90 28
70 29 99 82 16 67 67 49 90 92 80 38 95 6 72 27 70 42 98 11 48 47 55 65 85 86 29 63 7 35 67 70 9 99 75 87 62 50 73 14 2 57 23 3 54 18 89 86 66 7 24 44 4 15 56 46 19 24 87 93 92 85 11 1 22 42 2 28 89 74
63 52 21 82 80 97 53 29 58 21 29 2 97 55 68 95 85 23 24 72 63 25 48 99 36 37 37 57 16 22 94 80 76 46 84 13 57 68 25 7 68 33 46 7 20 25 4 98 31 72 2 35 28 23 97 19 60 89 84 52 94 16 71 62 59 4 55 87 88 17
87 52 31 25 41 62 81 73 87 71 69 75 34 61 38 8 17 93 91 24 86 10 52 14 78 85 20 55 36 57 26 67 79 24 71 74 41 73 49 74 88 23 36 1 14 83 54 61 39 79 1 12 15 5 2 41 61 43 98 55 37 23 83 10 20 62 60 38 67 91
90 95 86 53 78 74 55 93 34 76 17 60 45 68 19 32 62 80 56 91 29 68 21 71 80 85 40 33 49 37 11 41 30 85 72 27 32 83 44 19 52 75 78 82 56 36 62 93 40 95 20 50 53 95 43 73 27 11 59 92 81 25 77 8 27 89 16 15 35 10
87 70 8 19 3 81 19 77 9 45 95 56 100 100 9 36 91 58 100 8 29 75 82 33 51 55 34 34 24 53 81 60 54 24 12 87 89 95 97 15 38 81 93 50 14 52 14 7 68 92 13 27 27 72 45 38 42 18 56 94 84 71 58 30 29 69 60 54 91 17
82 73 20 63 29 35 34 50 75 47 39 87 66 74 99 23 97 5 32 65 87 44 81 94 9 85 44 81 40 87 94 31 3 43 66 82 68 26 99 40 7 1 31 41 4 50 71 65 71 36 11 87 40 62 8 88 89 90 2 5 12 4 32 15 66 6 77 24 29 2
14 49 69 22 4 94 49 53 87 91 63 15 88 5 32 82 51 64 43 47 59 88 57 75 9 99 14 51 15 61 83 56 66 16 48 96 21 37 15 98 4 6 39 36 72 39 97 100 67 47 39 75 66 51 84 55 75 86 12 33 67 96 69 88 31 98 57 76 9 20
93 17 39 58 42 57 14 41 96 18 76 83 61 36 42 86 24 69 66 21 24 31 16 13 23 46 17 47 76 34 47 22 13 76 75 27 93 32 51 93 99 82 83 20 86 75 53 12 84 97 27 22 33 11 10 85 44 49 10 59 1 86 45 98 71 32 43 53 66 45
14 38 47 94 34 32 46 68 90 24 29 91 67 48 18 89 74 44 72 37 94 96 26 11 66 99 67 63 81 94 4 95 99 46 48 54 79 89 39 82 16 13 39 82 72 72 95 88 1 82 10 24 6 16 70 31 23 15 56 74 54 27 22 92 48 35 23 66 32 85
54 89 8 15 76 9 29 57 32 73 44 56 24 77 99 54 10 40 96 29 34 47 52 74 38 78 31 42 65 89 51 53 10 26 31 56 43 52 56 67 77 51 22 88 3 85 45 54 57 55 4 11 100 18 54 47 89 61 79 99 48 77 91 91 1 37 36 52 19 95
31 35 95 75 71 15 18 22 53 53 83 5 100 24 79 18 50 24 96 20 33 25 35 11 60 4 58 43 96 64 96 54 79 16 26 91 76 27 36 50 18 39 52 33 58 42 89 40 52 72 87 81 79 42 24 7 89 94 14 86 21 37 44 44 55 79 52 16 96 88
69 51 16 24 82 17 16 99 58 9 51 29 48 82 97 51 73 47 67 15 59 38 73 13 26 77 48 55 82 89 42 4 56 34 50 90 76 38 67 67 86 81 6 9 47 21 54 3 98 68 95 7 66 52 53 52 20 80 66 45 86 31 99 71 30 50 2 90 39 67
77 36 36 43 96 94 89 78 2 13 100 71 7 79 20 50 21 71 28 68 54 10 33 58 9 42 28 12 88 93 22 13 8 48 67 37 9 11 49 22 42 90 42 48 5 59 35 2 42 15 19 73 87 82 33 7 90 27 59 6 67 47 88 78 60 48 2 31 54 90
38 94 12 28 46 10 71 93 93 60 92 7 46 49 57 90 12 45 37 53 23 8 2 82 56 37 66 70 20 79 46 9 1 73 92 31 94 36 82 68 87 93 64 43 74 75 35 35 76 1 17 6 86 47 65 21 66 4 69 41 84 58 65 43 97 9 67 69 48 80
80 37 3 77 37 20 19 42 46 92 65 86 20 43 42 28 31 25 68 55 46 2 19 20 91 33 75 94 10 29 19 32 42 76 97 39 18 68 47 78 9 6 50 93 51 67 9 65 48 1 41 30 63 66 38 56 96 46 43 21 49 18 5 86 66 38 84 53 39 42
48 52 86 86 13 5 8 79 33 35 82 43 22 87 3 74 14 72 3 35 74 75 22 51 26 7 54 95 30 32 31 17 72 4 47 92 81 82 51 10 93 23 18 43 67 97 5 72 74 82 63 96 20 82 77 20 4 73 84 94 55 94 6 13 27 45 14 88 39 61
36 54 68 53 56 60 17 42 8 1 44 98 29 20 31 62 30 32 46 76 34 79 94 28 40 91 83 93 14 41 13 66 50 57 44 22 22 52 49 84 29 47 25 22 59 76 4 3 30 43 43 59 88 57 55 37 47 94 27 23 67 84 23 98 96 56 89 77 25 16
92 33 57 32 52 91 45 93 51 26 15 14 11 40 19 7 13 41 50 20 26 96 92 62 79 99 17 54 61 54 13 59 96 10 62 51 31 96 48 72 29 79 99 33 84 42 4 1 30 59 36 59 8 35 26 67 85 71 42 71 67 84 21 38 42 74 88 49 48 16
80 78 52 2 69 33 6 10 21 6 40 83 73 42 77 76 14 75 74 82 13 93 20 40 59 27 79 45 19 96 17 96 22 27 92 6 82 58 65 64 41 80 77 57 95 4 20 1 76 38 44 90 84 19 11 98 11 26 24 72 17 35 48 44 76 61 6 65 37 17
75 62 82 92 33 17 3 57 5 66 64 13 14 92 66 13 15 9 86 11 52 65 88 70 8 2 32 56 75 44 26 11 67 41 87 72 52 13 23 87 82 3 30 99 24 54 16 79 27 76 59 57 35 33 19 43 34 94 78 53 62 36 31 75 82 20 50 4 12 65
78 52 45 20 10 32 35 24 37 69 41 8 72 11 90 31 32 80 8 54 3 85 10 12 1 27 15 89 44 91 72 13 29 78 98 56 36 59 48 16 46 50 45 39 71 70 27 68 3 45 12 32 20 20 50 38 93 65 46 59 31 35 34 72 100 54 39 27 54 62
88 55 70 70 82 32 47 79 34 94 85 29 2 67 94 37 98 11 68 26 4 4 52 51 9 1 10 18 40 47 71 94 97 58 69 86 29 56 87 79 29 89 74 61 82 59 84 7 97 63 79 37 64 97 74 36 85 94 62 7 10 9 27 27 90 73 53 70 96 50
3 29 60 26 77 33 72 35 10 93 49 82 86 64 26 31 73 8 44 98 49 53 5 94 49 47 78 32 30 94 63 13 17 32 9 27 59 93 95 84 11 91 49 49 79 86 13 34 71 11 11 21 37 86 66 38 8 15 27 26 16 34 45 51 19 62 6 33 56 76
51 43 59 80 37 90 99 93 99 55 22 79 24 11 92 87 94 30 100 52 97 59 100 44 11 61 97 14 18 99 8 32 26 96 42 69 6 43 8 56 86 60 46 84 68 68 91 42 9 48 49 44 53 59 14 24 90 39 91 92 64 97 60 45 75 76 15 42 1 42
3 63 40 36 10 43 15 94 23 34 3 8 8 45 9 72 85 18 60 82 76 87 29 14 31 79 82 72 27 97 28 11 71 3 78 99 29 49 77 81 10 89 66 9 87 4 25 68 87 77 38 14 23 47 90 28 10 53 11 84 59 67 5 21 79 13 67 25 76 3
45 33 35 74 65 67 13 59 90 41 55 38 13 74 29 90 42 80 58 14 95 97 56 13 87 7 2 8 30 78 61 88 77 13 67 7 23 18 2 20 34 59 65 95 40 88 26 23 79 24 38 63 37 56 40 30 49 64 93 44 51 60 55 56 2 86 33 44 78 73
62 48 36 72 54 33 44 10 78 52 91 2 35 78 42 61 90 89 60 7 35 61 75 68 41 71 48 6 46 28 65 81 8 59 2 11 67 4 91 97 23 79 84 5 56 93 25 92 44 23 7 78 15 74 85 89 28 18 58 91 52 65 60 65 92 75 5 41 6 77
7 54 33 50 85 35 37 3 32 38 30 72 55 10 94 43 33 44 57 35 2 7 98 40 51 3 1 38 45 1 75 62 55 10 50 59 42 28 90 72 6 88 54 34 83 88 70 66 3 42 54 77 5 65 1 36 70 95 6 46 6 27 87 99 18 69 71 27 26 69
30 73 52 3 13 58 62 10 42 61 28 14 17 56 49 94 28 69 47 32 97 66 57 89 53 45 78 84 70 53 46 45 89 54 39 82 98 99 47 62 96 66 72 38 11 100 81 34 84 89 22 40 76 20 88 14 11 87 44 47 34 52 44 62 58 36 61 29 4 35
87 63 49 46 56 86 23 32 96 12 78 37 96 93 3 53 37 55 73 37 97 87 47 80 39 27 11 78 86 52 6 68 53 25 21 98 57 62 22 39 84 11 93 3 64 89 47 15 56 40 55 60 94 40 31 45 19 64 38 71 90 6 87 48 77 88 87 89 50 74
21 60 57 39 98 32 72 1 57 33 22 55 6 53 73 22 98 61 87 84 95 21 57 44 3 8 97 80 84 100 7 58 51 81 50 64 7 2 38 93 55 53 64 26 5 69 91 55 37 99 7 63 45 3 65 15 65 48 49 86 30 34 16 11 96 27 43 51 82 36
100 19 90 30 58 67 56 42 10 32 41 13 80 46 47 39 25 45 26 28 14 82 49 32 56 46 89 73 38 72 28 55 12 59 26 38 98 66 12 96 86 36 34 25 33 89 76 86 17 48 61 94 62 67 25 81 69 74 72 83 82 19 44 58 89 16 43 51 67 93
84 40 42 58 30 49 89 93 31 77 80 33 100 74 8 65 58 8 42 66 96 78 48 91 100 84 8 74 52 90 67 65 91 87 16 84 34 65 56 65 76 37 80 61 30 39 35 56 39 72 19 66 4 8 58 10 27 8 55 50 89 10 5 76 57 41 83 72 53 74
79 16 67 78 88 83 71 85 91 23 78 81 35 72 89 5 86 78 69 11 94 38 71 5 51 10 61 100 91 28 54 87 3 20 73 36 98 17 98 75 35 100 86 25 64 48 41 51 50 67 85 35 70 11 97 49 33 58 98 50 19 90 8 50 43 70 47 30 33 38
38 16 92 67 80 65 36 87 89 22 79 60 85 60 99 22 24 22 31 37 71 10 46 33 69 73 67 24 9 48 22 30 64 15 11 23 49 47 25 98 33 4 35 56 43 51 81 68 71 66 7 18 58 21 91 46 17 37 57 66 9 71 37 97 61 60 70 45 6 85
35 15 30 30 50 88 33 42 56 69 71 49 91 75 53 15 85 52 89 54 19 2 58 48 60 81 28 63 91 80 14 35 3 71 38 19 91 66 37 10 81 83 69 12 45 100 52 42 79 72 58 27 14 97 5 1 23 62 76 20 14 79 12 69 97 11 46 5 13 81
75 81 51 37 63 41 35 90 2 22 51 45 47 90 46 83 30 18 9 28 47 50 50 22 35 11 73 73 60 93 70 73 59 11 89 2 10 90 93 89 78 60 14 95 48 52 40 68 54 58 42 74 71 70 11 98 32 78 86 94 63 92 21 7 50 34 3 6 7 96
20 40 63 83 6 33 78 96 9 51 34 1 42 64 10 25 19 56 39 40 95 50 47 45 97 8 77 64 57 87 38 96 27 86 85 63 31 17 15 95 8 38 73 43 14 61 59 8 37 56 71 46 15 12 97 40 13 23 83 25 4 83 4 70 36 34 27 62 71 21
9 94 30 79 59 73 31 65 75 36 68 4 68 52 44 7 5 55 38 6 56 12 85 30 80 53 50 7 40 54 100 45 40 46 63 85 74 83 87 39 46 7 28 78 75 78 67 50 68 86 74 75 20 82 72 12 96 53 69 37 28 39 6 1 41 38 46 87 39 79
67 25 83 4 51 58 82 31 20 5 78 86 73 9 79 68 67 75 76 52 55 57 3 65 98 75 20 18 53 61 46 7 53 10 14 99 4 53 84 72 31 35 32 10 37 39 10 48 1 17 16 26 36 69 7 98 5 95 40 46 80 28 90 94 76 15 99 83 46 69
19 46 5 65 64 99 47 56 30 61 54 21 33 10 6 72 88 21 75 95 49 12 20 26 75 58 84 76 6 97 65 9 90 68 60 65 79 54 77 31 92 87 41 42 67 90 10 87 38 5 82 8 86 46 97 19 16 47 72 91 70 22 53 4 100 31 47 83 99 92
16 90 72 67 48 13 68 83 63 21 46 15 1 94 37 29 100 60 49 45 49 45 87 65 60 19 86 1 54 91 8 53 96 25 100 2 92 12 19 3 78 57 64 93 78 29 48 35 39 6 97 62 46 51 88 35 59 89 71 26 30 65 47 87 76 75 63 89 27 97
18 59 86 40 99 64 64 1 32 27 30 23 62 64 53 94 98 100 36 97 84 32 89 80 79 78 50 57 99 69 33 74 11 71 83 14 38 13 3 8 62 22 48 62 55 95 58 71 28 50 50 18 89 92 43 16 38 51 90 13 70 40 82 28 30 49 57 7 78 63
49 30 96 84 86 73 23 28 92 48 76 78 25 46 23 45 73 32 47 65 73 34 22 82 4 78 72 22 40 63 27 35 62 58 12 95 99 73 23 80 86 42 23 93 61 25 89 80 44 73 10 23 57 13 83 35 79 14 53 3 14 28 16 73 66 49 91 17 58 21
47 44 23 30 50 68 28 52 44 72 25 12 5 14 83 71 98 65 56 52 3 52 86 23 12 4 3 38 80 32 85 44 67 57 35 14 33 42 51 66 81 48 20 53 57 17 46 39 22 13 2 48 95 55 18 67 86 92 78 84 79 74 27 28 28 76 94 57 23 8
62 17 33 83 14 82 11 72 83 71 57 7 30 29 25 27 17 60 20 63 46 12 49 69 27 5 5 57 100 48 47 80 50 88 88 26 87 52 83 98 4 72 61 67 29 98 23 68 77 39 52 54 14 36 7 44 52 99 31 86 51 39 68 45 18 80 61 36 29 10
67 63 75 61 39 6 42 21 42 31 60 91 39 100 47 62 49 55 44 13 60 80 62 20 90 30 89 34 85 1 47 50 14 1 47 6 96 24 61 30 93 47 42 22 93 23 37 86 86 15 33 50 7 22 70 22 71 10 1 63 48 15 41 72 35 99 84 25 48 1
48 82 84 76 47 19 37 97 33 83 69 29 52 77 37 18 89 69 63 12 83 53 17 80 16 80 17 70 44 17 34 56 30 9 4 16 65 1 56 58 29 57 7 100 82 31 41 69 31 39 69 45 53 30 59 47 14 95 6 1 19 60 35 27 18 93 88 8 14 36
70 76 27 30 82 92 80 72 91 85 60 71 61 17 89 25 90 13 96 51 31 24 44 18 78 54 81 51 37 66 76 26 54 7 61 18 62 60 89 56 84 76 90 95 76 16 53 52 91 51 27 99 38 5 6 14 74 75 96 46 57 26 38 94 29 90 23 98 24 91
92 97 66 62 58 38 9 63 80 98 79 89 36 72 19 62 94 67 42 4 39 90 24 27 21 48 72 99 99 5 24 38 4 62 90 81 77 67 5 24 71 96 90 41 33 59 40 97 60 9 36 90 91 30 34 48 11 85 64 37 95 76 28 20 53 19 52 81 83 12
51 11 86 25 84 65 14 21 90 71 6 11 71 47 75 66 12 55 6 97 35 90 17 77 96 63 19 82 50 90 7 5 93 23 15 40 63 58 39 56 12 68 18 10 37 100 27 9 99 82 52 58 98 11 55 52 88 88 49 19 3 98 90 99 28 75 65 69 30 88
14 35 7 66 49 70 10 45 67 16 22 24 32 66 82 25 15 51 84 60 54 23 100 9 16 10 60 84 40 19 55 60 1 2 63 77 78 7 9 33 15 46 77 64 6 51 1 32 10 38 28 23 14 41 26 72 66 64 100 52 4 50 78 70 86 58 70 31 37 68
64 59 23 65 20 78 94 38 13 44 50 56 3 92 96 28 58 29 92 9 26 35 77 92 53 64 43 11 54 45 74 22 7 55 29 15 74 7 48 22 60 12 82 7 26 38 5 60 99 96 24 24 16 16 71 69 20 76 14 66 28 1 30 84 23 98 14 35 93 19
