80
3
10 30 47 92 40 60 72 48 70 6 35 70 48 94 59 46 29 45 17 35 10 33 93 17 36 71 13 35 6 15 2 28 4 51 83 80 62 14 46 69 66 21 89 24 41 61 46 77 47 95 61 10 25 96 41 34 26 62 88 82 56 64 3 24 84 12 80 90 67 87 55 44 37 17 65 62 41 78 35 87
44 46 88 91 100 67 12 89 42 96 36 84 54 27 93 8 5 26 94 94 75 68 2 86 74 78 18 82 95 76 36 24 22 11 89 9 35 100 94 100 8 95 89 88 72 42 60 40 41 66 87 98 74 72 65 7 64 43 57 21 28 88 61 15 79 7 38 1 42 1 74 84 99 58 88 69 6 20 26 11
61 45 95 45 44 52 91 35 71 37 17 3 28 25 46 99 21 37 29 89 90 20 32 18 16 81 27 61 43 44 41 64 43 77 81 11 5 31 59 1 56 57 64 37 72 52 41 65 96 77 93 95 8 62 55 83 59 78 79 18 48 34 28 43 30 20 29 6 6 22 13 24 4 56 3 14 82 69 29 74
49 32 71 92 97 13 20 8 90 15 16 76 7 52 3 41 20 73 5 4 76 33 38 96 9 78 43 6 90 15 85 33 44 20 60 47 33 59 35 80 72 57 59 5 2 76 46 61 84 19 76 51 34 22 46 67 1 50 40 74 65 15 48 96 92 36 37 47 3 44 29 24 17 25 41 66 85 42 84 72
80 74 61 90 96 52 33 69 13 62 7 20 32 18 100 81 75 46 5 76 89 29 87 100 78 86 33 81 13 88 47 2 5 14 84 87 36 29 93 41 3 29 78 36 44 18 31 1 23 42 24 32 38 69 93 58 34 16 20 30 52 49 85 3 8 76 79 65 14 65 16 40 9 20 5 85 81 83 19 35
80 81 5 76 30 83 52 48 70 13 60 20 90 66 67 13 45 9 68 78 53 1 94 36 92 53 4 16 90 11 47 79 5 4 83 32 99 88 92 23 52 12 47 70 3 10 55 65 49 3 28 86 54 84 14 79 68 96 15 1 54 65 66 2 64 36 55 43 49 89 85 5 97 28 87 78 98 78 82 60
19 6 50 19 40 19 35 21 28 47 81 72 69 23 64 19 89 11 74 31 45 71 99 1 56 55 36 33 88 41 92 94 11 51 28 33 10 75 58 70 20 80 54 18 96 58 98 69 72 48 6 76 26 71 85 6 39 14 76 89 71 18 60 11 84 99 71 95 42 23 61 87 38 20 48 34 66 40 57 99
29 34 17 4 2 66 44 44 69 1 44 76 65 38 31 83 35 44 30 67 7 96 19 26 25 97 76 64 54 19 49 38 12 14 7 30 90 27 87 29 65 34 6 34 99 14 60 47 65 84 56 23 99 98 99 56 9 49 29 50 19 88 72 54 58 5 13 37 67 37 7 1 4 20 46 83 80 81 50 73
37 79 67 85 20 20 70 34 75 45 27 93 49 38 70 18 8 75 4 77 22 60 51 99 88 83 72 52 59 92 86 31 58 9 44 33 27 16 39 11 8 97 70 48 69 83 47 49 53 33 90 82 67 8 34 87 39 37 65 76 83 54 72 55 78 5 59 92 57 30 57 49 74 58 5 33 75 60 79 51
90 61 23 59 54 84 72 76 38 52 49 51 24 16 18 22 13 2 37 8 35 57 45 45 37 14 69 93 59 74 16 71 42 73 35 80 24 83 74 12 91 48 15 42 74 20 15 99 47 23 97 44 76 83 78 84 82 28 61 34 40 88 3 37 44 83 63 72 50 75 88 57 92 65 89 95 69 52 54 52
21 93 63 40 55 5 33 34 3 93 62 21 95 63 63 40 86 1 79 57 12 7 31 99 58 9 21 73 13 49 5 27 35 77 8 92 21 12 46 14 14 18 18 21 4 88 91 82 1 49 96 28 50 60 6 62 4 59 49 2 86 27 29 48 11 86 29 47 41 99 86 56 57 34 53 10 88 12 97 59
17 15 26 76 27 53 57 54 39 61 44 2 80 24 93 58 24 29 37 44 99 73 22 15 73 10 6 12 30 9 71 25 49 44 31 20 72 18 13 63 25 12 87 29 87 68 16 34 8 12 21 63 92 87 80 30 11 79 26 84 47 42 57 39 9 11 18 22 68 11 66 37 90 47 28 25 53 99 79 16
10 27 19 88 34 49 74 39 11 43 44 2 29 56 26 76 47 60 52 83 91 10 5 68 58 38 91 41 54 80 28 11 16 43 49 4 2 68 74 25 75 82 32 84 93 50 79 29 29 83 23 34 67 25 7 74 30 96 6 30 77 91 57 84 66 9 10 7 13 76 95 59 72 22 38 59 71 96 59 82
49 33 51 51 2 23 87 62 53 36 44 87 95 78 60 83 37 74 19 81 27 96 50 36 88 96 93 54 71 96 17 28 14 31 61 94 36 10 26 29 8 74 71 12 44 46 82 40 45 31 71 97 37 97 5 88 79 58 79 22 50 73 1 67 55 21 65 60 61 89 49 94 45 30 15 62 47 84 4 7
100 33 3 14 38 76 72 54 69 7 45 52 85 39 98 68 73 9 87 41 55 93 22 54 29 74 15 84 72 51 83 49 86 89 84 44 99 71 32 37 50 97 45 65 4 16 71 59 99 95 47 39 4 86 13 79 12 73 13 9 90 63 39 12 24 6 31 77 2 1 93 18 80 87 17 22 14 11 80 16
70 53 2 97 55 94 22 46 69 81 78 28 91 82 72 13 17 44 19 79 69 18 30 94 69 64 38 48 39 57 16 21 43 56 25 6 42 26 91 17 69 26 89 71 32 90 49 36 60 51 66 38 71 61 77 72 82 58 13 61 22 13 24 6 70 20 6 34 97 84 9 56 69 43 44 5 30 90 94 20
57 8 7 95 5 98 78 66 49 18 27 80 56 68 42 66 89 7 83 55 89 29 39 48 8 9 20 82 66 23 25 89 58 93 89 89 96 50 1 42 39 43 39 75 89 6 85 22 16 64 97 95 12 25 31 77 11 47 20 99 62 54 7 56 68 49 60 62 77 60 71 85 77 67 87 28 78 88 32 92
77 35 46 34 76 23 19 72 98 73 94 1 88 43 17 90 10 86 56 38 77 25 67 8 17 57 13 75 94 63 82 61 18 25 84 5 13 28 50 64 34 16 71 18 43 70 8 1 53 35 9 93 75 4 87 4 74 88 69 79 58 17 79 79 78 77 4 77 66 29 80 100 21 73 92 64 60 89 88 28
9 2 35 89 40 9 51 77 29 30 36 72 19 65 90 21 63 37 40 87 88 90 77 32 53 1 61 82 73 92 17 52 27 26 68 97 97 26 60 82 28 13 22 34 61 67 89 50 70 25 4 67 62 1 96 65 100 99 36 30 21 68 18 4 59 64 98 15 10 56 17 47 44 75 59 63 12 83 86 69
16 55 5 30 50 72 37 83 23 85 40 88 25 31 97 97 10 38 65 18 48 78 19 1 90 79 83 26 3 93 94 56 61 63 88 18 79 73 74 58 75 60 59 94 63 75 16 86 9 88 87 84 87 82 93 42 7 88 94 92 80 69 56 37 46 99 83 82 80 27 61 85 38 73 87 92 95 2 16 69
1 22 54 58 70 72 47 72 33 51 67 55 54 69 10 78 48 28 24 22 17 8 52 99 4 48 55 33 3 67 91 71 56 54 68 18 98 57 23 95 59 63 51 71 21 76 73 94 87 29 9 54 28 53 27 15 71 59 74 5 39 22 44 84 1 18 53 8 19 4 40 62 43 77 23 7 77 81 20 81
86 42 40 26 22 14 73 51 10 71 17 68 2 2 23 7 39 34 29 51 67 51 98 71 91 62 86 58 73 37 78 20 72 38 60 99 100 16 62 39 81 32 1 22 69 53 47 89 89 69 46 23 26 4 29 26 94 38 22 53 6 35 61 28 100 55 50 23 70 91 62 69 41 23 39 98 14 3 67 65
4 65 53 92 20 81 23 95 55 6 90 100 88 70 2 52 68 14 42 27 2 4 31 31 62 59 37 22 51 2 84 86 86 28 16 91 87 75 18 88 25 23 26 44 67 3 51 79 95 88 80 4 91 14 90 30 25 48 92 88 26 15 30 31 95 99 97 58 23 90 53 70 81 94 57 86 2 64 40 76
64 74 85 10 60 80 33 63 17 8 12 66 55 52 33 92 3 100 95 32 82 10 32 58 6 42 28 83 36 63 78 29 57 54 33 1 8 43 52 47 96 24 22 40 36 1 67 37 9 24 70 94 90 25 69 14 60 84 81 2 81 9 72 96 78 94 67 61 69 37 12 40 36 32 35 74 90 48 83 46
51 85 22 37 73 41 31 35 23 75 62 72 82 69 70 62 73 24 79 54 47 5 58 15 35 41 38 3 41 41 98 64 88 50 49 49 85 23 22 52 26 25 19 83 27 94 14 12 84 35 87 14 62 91 19 71 85 18 9 36 99 31 80 89 91 70 40 15 73 78 44 55 35 76 72 91 60 50 26 83
39 38 8 5 50 99 13 52 11 7 88 22 93 30 54 79 20 98 2 94 50 25 29 18 25 33 38 35 91 51 24 4 12 69 92 66 72 69 36 9 4 88 67 37 7 84 19 51 47 2 25 29 33 5 71 4 47 35 19 6 81 53 18 75 98 51 84 5 11 56 71 74 95 53 15 35 44 65 48 85
81 48 28 99 92 67 56 61 32 9 77 73 4 82 52 9 58 63 16 80 85 66 12 88 38 38 69 30 9 92 37 71 24 55 15 18 39 46 79 83 13 64 6 43 68 4 50 79 15 89 88 68 83 14 24 40 96 78 33 19 67 80 46 63 25 52 45 22 15 10 30 84 37 16 77 86 45 29 32 62
38 90 58 21 20 56 54 46 34 73 78 100 92 76 52 3 19 90 89 56 41 72 1 4 100 59 88 50 88 54 77 33 37 1 46 64 13 81 4 77 71 63 77 60 99 86 83 97 81 68 38 78 27 21 28 6 66 55 76 37 77 87 79 65 87 23 16 5 47 5 57 84 82 2 73 49 11 30 11 47
52 10 1 50 81 59 32 73 64 68 61 65 79 3 80 33 31 27 78 66 88 8 92 71 51 78 25 25 72 44 20 90 93 1 13 10 9 85 15 55 11 43 59 94 26 72 78 82 84 37 87 74 10 2 91 73 54 87 7 34 16 39 69 8 37 30 1 56 21 1 2 98 28 85 38 41 37 64 90 49
56 92 78 86 98 89 36 76 76 88 93 21 26 7 58 18 51 59 32 72 85 75 92 36 55 59 98 12 69 2 27 9 15 72 74 70 12 63 5 98 75 3 4 45 73 18 100 7 40 73 99 47 31 72 74 79 20 77 3 95 76 28 47 79 39 90 99 98 67 73 53 25 73 44 49 51 43 28 29 92
77 33 33 58 57 3 38 23 39 50 45 58 73 91 19 15 49 52 3 61 57 70 81 91 24 67 92 21 20 58 62 64 70 54 42 4 63 1 99 96 44 32 14 28 34 3 27 96 96 40 84 85 95 75 16 91 96 49 41 18 78 49 67 74 68 95 50 18 11 61 96 87 45 62 37 78 78 63 22 56
28 76 29 48 6 45 75 60 34 56 51 53 17 41 43 30 79 78 40 21 87 36 48 20 61 20 41 92 77 64 85 93 31 15 66 66 13 70 56 73 2 59 28 37 73 34 52 66 3 96 42 99 56 18 87 20 69 1 11 32 23 20 88 29 19 73 46 17 42 7 100 97 80 69 89 79 22 98 10 58
73 95 20 5 3 11 86 92 76 49 67 11 38 35 24 60 73 13 86 2 79 26 22 37 1 89 35 28 69 68 86 98 74 14 66 31 80 58 43 60 18 5 57 29 40 89 22 52 76 23 40 23 66 51 35 92 87 84 30 28 81 36 53 12 34 79 72 84 4 91 36 38 21 18 13 28 38 81 82 83
55 66 87 67 70 64 5 61 47 97 44 40 19 57 76 92 3 34 5 31 15 14 89 8 21 24 47 9 99 84 43 35 41 88 46 58 26 67 32 78 57 25 69 99 61 32 64 73 36 55 32 100 85 72 80 50 46 27 40 82 5 47 2 31 10 74 30 51 77 27 85 47 8 66 59 59 97 22 29 22
72 79 53 22 95 48 63 94 59 46 68 74 28 16 76 74 29 85 31 83 83 40 1 14 68 7 59 1 69 33 74 40 7 4 52 69 56 38 53 86 56 94 61 58 77 65 34 87 87 38 9 4 79 59 2 74 4 55 76 56 63 75 40 21 95 85 42 72 12 65 67 63 3 65 98 59 83 72 96 54
51 34 73 40 38 30 27 18 89 17 13 36 2 64 86 66 45 96 51 93 99 33 71 42 39 24 23 13 38 80 44 4 98 13 65 98 43 84 2 76 7 59 32 33 9 45 70 20 11 3 32 89 58 57 49 32 35 94 99 4 76 30 42 100 3 34 98 58 69 50 2 58 32 27 63 32 67 99 50 43
5 55 5 31 87 54 73 35 14 48 24 69 39 78 54 75 31 81 55 38 12 93 96 55 36 70 2 35 4 89 79 90 3 5 44 9 1 58 67 10 21 27 18 6 3 18 76 63 23 85 72 93 63 7 77 55 57 6 78 41 2 84 26 99 65 19 66 45 50 56 79 80 89 82 7 51 70 37 19 79
8 33 47 65 80 54 56 81 71 89 85 17 15 68 99 2 64 84 87 69 18 13 4 91 70 81 74 42 54 59 30 70 84 52 23 61 45 25 39 15 30 60 94 50 77 5 66 26 62 37 78 7 11 36 28 96 88 51 74 70 60 13 91 57 67 85 11 20 53 47 91 33 66 42 97 5 53 59 54 11
55 7 85 68 43 39 42 72 74 20 78 98 55 60 62 51 35 85 18 39 79 43 49 66 99 14 62 94 30 14 99 49 100 45 51 60 82 34 93 39 38 92 11 64 43 67 10 30 55 59 72 87 32 62 79 20 99 2 23 93 27 8 6 96 2 34 15 94 64 23 47 32 73 98 35 89 22 75 1 16
99 49 5 40 18 10 48 80 8 15 81 20 42 69 86 45 37 4 5 19 67 24 62 90 94 65 52 27 5 87 3 5 92 81 93 47 7 2 52 40 31 66 3 68 50 83 37 33 55 33 1 4 96 98 8 36 80 12 93 30 47 72 49 11 57 69 99 66 42 89 85 8 87 54 43 8 85 88 94 46
83 77 100 4 28 79 80 100 13 60 28 50 85 86 62 55 92 83 60 42 62 57 31 69 6 61 46 87 47 35 70 23 15 54 78 46 33 15 68 27 17 16 98 88 16 30 93 84 20 66 98 96 50 83 41 27 12 38 76 90 73 23 97 86 97 59 53 63 56 22 29 42 6 77 98 53 64 31 55 98
2 21 59 76 41 59 29 25 43 69 82 65 11 17 35 3 53 28 62 77 91 46 22 59 68 57 56 72 49 58 51 90 43 26 61 32 47 54 98 33 83 11 17 21 45 41 29 76 9 26 38 24 59 38 32 72 5 59 83 32 60 35 94 28 1 8 75 43 97 25 36 97 29 84 65 28 39 95 79 42
29 55 81 92 26 71 83 7 60 61 76 4 32 36 30 50 23 10 84 82 19 17 95 96 1 42 66 84 51 59 32 57 80 59 36 13 1 25 36 39 77 27 32 54 99 27 12 81 20 59 58 57 53 46 10 94 28 78 61 94 10 54 39 52 92 93 8 42 54 6 14 94 85 81 76 6 72 68 85 24
40 82 57 46 3 5 100 5 41 59 50 57 20 13 78 8 9 65 8 27 36 90 77 84 14 74 65 21 47 55 63 63 4 77 91 13 70 74 29 37 11 91 61 46 90 72 23 58 39 16 73 52 30 67 42 92 48 22 68 34 15 50 44 37 10 18 65 76 72 6 56 28 99 28 88 38 73 18 73 97
19 4 6 48 53 25 32 11 94 71 12 59 51 8 82 80 26 62 47 89 54 7 4 37 69 78 69 17 11 100 58 73 55 12 70 11 54 47 41 61 65 76 71 58 80 7 27 97 41 99 47 84 27 92 86 18 24 65 74 1 23 42 20 74 63 64 9 4 20 26 65 71 10 28 4 87 25 76 80 63
47 6 48 77 98 81 1 90 44 85 97 35 40 85 93 78 20 88 14 15 37 10 70 49 47 28 29 24 43 98 95 20 43 100 18 42 58 92 79 21 46 8 5 41 95 14 76 4 72 67 18 20 88 67 38 18 42 56 28 25 1 8 33 84 94 64 61 9 28 1 14 45 65 66 35 43 30 22 3 85
68 56 86 16 80 8 56 17 95 77 71 2 91 21 90 15 62 91 16 76 44 33 40 73 64 72 56 61 67 16 76 40 68 77 2 92 94 10 55 84 10 22 98 81 63 18 68 92 39 16 27 57 40 55 56 98 68 26 71 35 17 74 80 91 82 86 88 15 71 65 9 46 26 63 70 44 40 77 59 49
76 7 54 69 27 100 6 30 32 26 88 6 11 72 41 4 90 1 24 14 30 2 17 11 16 88 49 78 81 43 67 44 18 1 88 49 9 33 1 90 94 4 88 26 37 14 58 57 87 93 5 38 65 88 19 43 8 32 26 99 14 9 79 69 19 88 17 19 43 72 18 43 38 78 14 17 66 91 16 85
57 63 56 42 82 6 74 11 71 25 9 21 81 22 35 4 50 14 92 6 18 32 4 54 48 78 53 57 20 90 89 70 50 45 55 10 84 93 51 59 90 97 95 88 26 96 20 61 81 60 28 53 52 11 72 8 36 99 5 50 2 41 78 65 25 34 26 54 13 77 51 24 17 34 3 5 84 64 46 63
21 12 85 17 45 62 39 73 51 32 2 21 44 85 68 85 7 59 88 20 3 91 1 2 42 57 95 73 85 55 19 69 95 67 10 25 84 100 6 32 52 65 49 7 28 51 90 97 46 49 88 78 70 98 60 35 71 100 26 97 74 18 20 38 65 82 6 67 61 53 17 26 72 98 100 33 74 48 83 34
20 12 84 55 7 22 14 97 4 56 44 78 27 72 70 46 4 39 67 56 74 37 26 7 13 77 45 98 97 70 71 32 100 95 32 23 70 70 1 41 54 76 46 90 1 83 92 53 81 70 24 12 11 19 7 43 96 82 60 93 60 37 86 44 32 78 31 92 94 90 64 47 45 66 51 41 78 6 68 60
86 73 81 63 47 7 56 85 25 39 57 33 5 31 43 45 85 55 1 82 51 79 41 17 10 40 1 43 65 77 10 24 81 26 23 31 39 99 84 4 21 89 22 80 32 51 71 45 18 88 92 44 40 67 11 86 3 59 58 46 36 4 12 25 8 80 80 76 85 91 70 40 23 76 10 76 85 43 45 70
52 86 52 34 37 15 54 3 99 33 92 45 93 64 57 76 38 46 67 28 79 15 73 64 3 1 6 68 22 92 10 33 23 2 16 4 88 3 15 61 4 10 5 33 15 49 32 67 51 18 24 28 18 51 19 32 25 4 85 36 31 55 38 99 61 69 16 55 77 14 87 80 61 41 8 53 4 32 77 89
32 95 5 85 68 1 86 88 76 46 44 17 31 49 27 75 59 38 46 71 12 16 46 45 96 63 77 68 68 95 38 46 31 18 31 65 50 26 2 27 87 90 55 50 83 64 72 93 84 32 68 43 23 74 98 68 35 94 31 45 35 65 64 92 39 93 71 35 95 87 47 11 76 28 6 86 93 80 61 49
96 37 88 20 83 21 38 12 6 70 90 13 95 3 41 70 77 97 2 40 61 82 45 38 74 56 66 40 99 76 77 38 12 25 75 3 17 66 23 85 56 36 68 64 38 67 10 94 95 2 76 46 65 3 54 23 24 90 29 60 38 74 41 72 85 29 30 74 48 40 87 74 85 97 35 83 83 65 62 35
38 72 30 12 93 76 6 32 21 17 1 97 84 56 9 49 61 63 94 81 73 64 93 66 66 100 7 51 79 11 68 55 83 31 66 84 87 36 48 86 58 39 63 63 29 56 19 94 13 37 27 62 84 93 55 58 31 55 19 69 37 50 1 5 67 13 26 78 67 5 45 98 5 36 4 7 32 38 26 54
49 57 32 51 30 4 9 50 39 18 95 67 26 31 4 41 36 47 52 60 43 88 89 33 86 62 1 84 22 6 98 67 44 12 34 44 59 92 35 8 25 63 31 32 28 5 80 90 22 24 12 73 62 61 11 75 33 75 60 19 8 62 95 95 25 14 64 92 94 32 81 74 64 40 35 81 82 5 4 22
44 28 55 28 91 42 38 24 30 73 79 48 12 42 61 36 87 27 46 18 42 27 81 22 30 64 16 60 38 39 99 100 36 88 70 9 13 80 15 73 58 67 97 47 35 72 67 95 30 10 43 48 94 68 41 21 85 33 73 96 81 39 41 35 55 92 92 20 39 7 92 60 100 5 72 42 91 13 43 77
39 58 28 99 62 62 48 97 54 68 49 14 5 18 96 6 5 59 82 79 69 17 77 36 9 81 80 28 92 73 39 83 13 77 9 21 37 21 76 24 16 66 27 39 84 74 27 33 58 51 75 40 100 33 17 84 16 23 58 36 90 94 91 15 92 79 63 21 12 99 36 14 12 81 31 26 65 35 93 15
36 20 14 12 57 28 71 45 18 54 89 88 10 10 10 48 58 44 78 88 93 25 40 27 3 47 59 31 46 2 7 100 18 31 7 60 50 81 77 48 11 40 23 92 36 91 46 44 84 12 55 51 15 65 77 84 3 48 85 49 43 51 54 68 32 47 41 22 32 54 11 14 46 1 15 17 45 14 71 40
63 59 22 14 87 35 70 59 63 34 51 1 70 33 3 72 31 89 22 8 72 81 98 23 11 93 20 83 88 14 41 56 6 91 13 45 40 58 45 36 35 27 97 10 67 84 40 90 52 70 89 74 45 27 42 19 79 85 23 44 67 18 93 25 66 48 65 79 42 88 74 11 94 18 87 100 20 85 77 42
5 39 97 2 89 59 78 35 36 26 30 20 38 100 60 28 49 60 7 95 91 84 32 46 96 25 17 20 64 58 86 45 23 38 29 4 56 51 22 39 38 100 61 5 55 86 81 75 32 26 12 44 12 30 47 93 72 26 87 11 36 99 69 26 32 10 78 97 36 72 32 6 71 13 83 33 100 63 50 82
64 35 40 27 79 17 8 25 85 65 3 69 18 69 14 36 92 32 92 6 8 50 1 3 33 35 49 15 1 83 32 84 75 25 26 76 84 84 31 71 87 35 16 42 82 43 29 68 49 63 81 6 4 60 52 88 96 66 72 72 80 77 84 15 6 80 26 26 36 58 21 43 78 63 72 91 96 96 16 16
62 18 68 44 56 48 60 46 12 31 62 43 79 94 30 37 81 93 75 99 86 37 42 89 53 34 81 76 63 95 46 39 71 67 47 14 72 100 51 60 3 12 41 65 54 16 77 88 51 24 28 94 96 12 68 89 57 28 37 94 9 95 26 24 68 9 16 51 89 74 5 97 1 27 68 97 3 47 59 72
18 74 77 84 71 59 81 49 20 57 75 64 74 82 34 50 77 92 70 47 65 72 39 71 36 4 28 6 88 52 93 48 10 96 94 64 85 42 47 82 50 52 82 30 38 22 43 75 91 86 75 83 85 34 58 51 89 87 61 39 59 22 28 73 65 88 13 64 89 90 93 9 63 21 35 7 59 32 89 39
37 1 74 14 52 51 68 26 92 85 6 66 88 13 85 45 14 34 14 11 10 24 32 58 93 85 81 99 14 68 43 84 35 55 47 8 60 49 72 25 91 87 91 58 73 42 61 56 59 48 25 76 83 37 56 95 57 21 55 35 48 52 44 56 16 95 19 6 56 74 16 50 42 40 35 74 42 30 71 51
18 20 17 89 69 43 89 52 57 23 94 89 85 36 47 66 10 20 86 61 41 58 69 89 21 11 71 32 86 65 9 55 10 90 29 63 41 92 42 72 29 90 78 49 15 23 100 22 71 78 24 31 32 95 86 52 54 77 96 61 12 66 48 62 34 92 69 60 56 65 33 68 52 67 58 76 62 14 97 64
91 26 11 17 8 31 27 61 93 37 6 17 79 12 54 76 91 90 95 5 92 61 92 72 9 19 77 82 90 91 74 36 47 55 27 38 43 61 51 12 6 7 1 45 94 100 63 93 31 72 15 98 11 43 61 72 54 83 22 40 26 26 69 79 100 74 50 26 53 3 99 10 96 39 84 96 85 87 56 77
24 78 35 83 35 66 21 9 41 73 33 29 60 89 12 59 75 13 32 19 59 12 5 34 85 92 9 35 87 98 69 63 82 36 46 6 7 79 4 84 52 28 82 96 13 9 44 28 53 31 66 64 23 14 83 65 25 75 2 76 55 11 72 63 76 26 42 77 54 14 82 44 55 7 51 75 8 69 73 22
76 62 38 86 18 47 21 89 62 15 60 55 27 75 24 41 68 66 65 96 25 1 76 19 15 99 89 40 13 25 81 67 87 66 47 25 39 35 91 40 31 58 97 57 73 81 93 17 82 99 22 92 40 26 17 36 16 99 65 40 24 88 71 90 38 12 90 96 45 17 44 74 9 37 69 40 40 20 53 20
43 96 81 93 81 81 56 2 47 10 31 5 64 94 43 66 9 83 11 90 20 79 9 74 42 69 52 37 97 8 75 28 56 17 52 92 84 48 46 72 10 12 69 95 58 52 64 96 91 32 96 95 86 48 10 12 96 91 66 81 27 56 51 35 41 97 62 41 34 7 46 15 75 1 39 2 76 29 37 57
15 18 60 3 99 61 13 57 31 83 7 22 32 100 41 75 95 28 60 93 49 21 40 12 51 49 55 76 51 79 12 6 5 32 25 35 13 43 84 82 5 77 11 89 38 11 34 70 57 41 86 64 72 29 20 80 22 47 63 44 42 57 91 36 47 47 40 54 34 65 80 43 51 39 48 78 45 57 89 56
49 56 96 58 42 81 70 80 9 98 45 37 38 39 63 66 53 55 59 37 14 82 10 87 36 63 79 30 17 78 6 45 8 77 77 90 54 59 8 35 84 98 33 43 7 49 95 94 40 34 69 37 28 97 100 72 39 26 8 80 57 96 10 36 49 37 90 75 20 1 72 4 10 1 13 52 46 47 19 51
39 67 40 6 2 2 1 98 28 78 98 51 27 44 95 88 67 60 19 18 88 14 59 76 71 16 95 4 34 23 70 88 53 36 56 36 97 7 96 36 29 39 50 26 94 56 66 17 87 3 24 72 26 10 4 39 22 42 94 50 100 57 77 71 44 81 16 73 13 79 19 6 1 71 9 47 92 44 49 85
55 61 16 37 49 80 52 47 33 82 20 25 90 40 37 40 94 39 100 31 33 84 42 76 50 65 95 1 19 97 80 100 76 48 19 4 89 55 62 27 67 86 71 12 51 45 8 77 15 41 84 98 81 88 29 99 19 91 12 53 86 60 46 97 87 33 74 94 56 89 12 83 65 64 33 6 12 14 82 28
94 21 16 87 78 37 43 65 98 56 87 40 88 91 65 87 45 13 52 91 82 23 35 28 90 28 63 75 26 23 100 80 22 58 62 100 56 81 85 77 77 8 88 48 64 60 48 42 78 4 27 69 93 2 36 2 58 42 24 55 53 15 98 80 87 8 43 81 10 81 81 86 91 46 35 89 57 24 3 71
83 75 89 17 11 5 25 87 71 44 92 5 90 33 100 82 16 16 4 59 84 54 72 52 10 80 85 58 31 23 34 19 29 33 1 76 42 55 77 74 34 23 34 74 85 75 13 9 4 18 47 7 24 92 10 68 98 78 64 44 58 64 20 29 39 81 54 89 42 46 21 82 36 94 43 24 17 85 95 86
15 53 97 8 17 16 68 63 34 9 58 98 87 61 1 69 81 73 92 39 20 93 64 12 67 89 53 40 44 20 63 24 61 14 46 96 37 14 38 50 18 30 86 17 35 96 76 53 19 34 41 69 97 90 21 76 64 38 27 88 73 66 41 34 20 60 51 56 13 29 25 31 16 70 40 41 56 46 33 67
93 22 2 3 64 54 68 77 65 20 39 21 82 74 63 12 15 99 4 23 35 34 56 20 61 21 66 53 13 7 7 88 51 92 43 32 65 46 80 2 96 83 82 17 34 73 42 58 36 41 81 75 30 46 81 72 5 97 39 72 21 25 1 46 5 20 100 35 6 58 87 89 62 62 15 65 92 75 74 7
96 27 19 19 89 54 75 93 27 57 48 90 20 18 20 7 3 23 99 16 28 63 51 17 5 41 79 47 86 28 70 63 94 78 92 89 63 74 87 20 17 30 90 81 65 33 100 77 81 27 94 47 88 48 46 75 17 97 2 26 91 57 35 97 19 39 45 98 25 36 65 100 78 82 57 81 31 88 46 41
59 92 26 59 63 41 65 45 29 51 15 57 71 4 56 55 91 93 20 44 12 33 53 43 39 80 88 77 28 9 91 70 89 23 4 72 1 94 40 79 97 79 88 87 43 18 97 6 24 26 42 78 90 98 42 8 51 46 87 41 45 42 1 98 32 86 20 13 88 63 81 75 3 45 76 39 59 59 89 45
85 80 98 2 14 11 39 64 55 35 13 87 34 3 58 14 93 42 20 100 93 65 41 47 42 50 7 70 7 87 57 58 50 70 52 55 35 43 54 74 27 32 50 93 50 69 5 11 67 87 41 85 68 83 34 16 27 33 48 51 51 6 61 38 15 97 90 45 70 96 71 29 59 70 33 76 92 36 79 19
12 41 66 31 99 63 41 98 70 72 4 96 29 45 53 36 1 47 23 6 91 100 30 56 55 84 40 87 90 64 71 74 46 43 16 40 37 92 76 37 73 6 70 94 49 41 62 24 30 6 1 67 25 94 1 55 76 19 3 70 42 80 73 58 18 24 23 56 20 13 31 84 93 57 76 9 8 30 84 67
29 12 42 50 87 26 32 67 57 89 73 6 67 82 51 59 73 37 78 89 77 65 46 54 1 57 40 56 6 39 21 60 93 3 43 85 6 78 73 65 39 70 56 80 69 50 64 84 82 35 9 43 8 86 57 21 87 57 91 77 90 91 4 88 68 6 22 25 54 38 67 47 80 41 97 51 31 32 73 17
86 42 62 43 47 14 69 64 57 15 10 38 12 7 22 67 43 89 42 35 53 57 64 87 20 15 15 89 4 30 16 9 25 66 12 91 39 29 29 64 46 10 37 12 7 65 21 23 35 25 20 1 25 18 51 84 63 28 1 4 66 35 5 31 39 15 96 6 93 56 66 2 37 96 19 41 44 93 88 86
57 30 93 2 79 50 76 30 48 43 6 88 27 44 80 79 2 72 47 35 96 53 15 76 67 23 64 73 7 59 11 82 56 12 64 43 90 30 14 66 66 91 84 8 2 27 14 14 44 9 20 91 18 18 56 40 36 92 33 89 55 69 9 5 51 36 83 72 60 52 42 7 11 63 73 52 29 16 37 82
32 72 20 48 59 81 64 85 83 11 10 53 27 25 85 55 11 36 6 97 58 77 96 46 45 62 55 53 14 10 59 13 84 38 15 92 58 58 31 83 10 70 93 85 98 36 37 3 73 36 53 94 11 83 31 62 50 50 96 99 34 1 94 79 64 40 53 36 20 37 27 10 54 92 24 28 70 96 83 84
74 33 85 92 38 31 48 54 28 91 31 34 35 83 17 66 34 58 13 12 29 76 57 76 69 17 49 58 7 26 24 7 34 44 97 97 33 67 79 56 74 30 2 27 43 6 11 46 27 33 21 49 9 18 77 70 59 11 59 8 50 42 48 85 36 25 57 55 65 36 57 54 52 59 24 38 66 4 11 90
69 50 92 3 86 34 30 90 27 79 72 40 9 68 94 27 32 59 13 1 52 28 55 40 91 40 77 1 69 25 84 90 92 31 91 31 79 70 96 81 51 73 34 22 61 26 14 60 58 56 83 52 33 68 25 92 79 57 32 30 27 72 33 34 53 98 18 59 22 46 52 13 99 63 96 76 51 30 37 59
59 39 14 13 58 84 8 4 96 98 63 3 96 12 96 3 24 56 46 14 15 44 12 25 84 25 97 46 47 53 13 18 88 41 24 19 42 26 34 44 50 93 35 66 81 35 88 14 74 13 37 69 99 17 19 57 54 67 53 13 62 75 25 39 39 35 69 7 57 49 97 35 78 75 49 96 54 2 66 99
83 35 35 88 83 59 95 30 13 51 29 33 50 21 92 83 66 48 53 73 82 63 92 35 52 61 86 89 51 50 72 73 8 53 98 74 81 49 19 10 91 88 37 54 95 20 68 47 15 92 71 49 90 44 90 40 55 23 19 2 52 20 79 56 32 40 91 52 86 86 38 86 43 70 23 67 98 76 100 25
9 94 70 8 20 43 13 80 35 61 18 2 4 8 10 55 33 74 15 91 90 16 94 78 69 80 44 74 11 77 33 42 68 81 33 74 45 73 42 52 98 34 41 95 85 48 45 71 27 65 100 83 42 68 60 43 59 94 70 95 13 33 93 83 54 44 25 57 96 3 89 51 42 61 80 35 80 46 29 40
38 37 22 33 83 83 59 52 11 81 52 87 73 13 48 74 44 36 60 23 3 31 30 23 62 18 19 56 59 76 42 54 10 92 33 87 91 59 53 3 52 63 41 26 64 80 21 1 2 13 82 25 8 65 59 7 14 19 31 76 60 12 3 32 26 10 45 60 22 79 18 80 80 32 15 63 98 89 35 31
48 84 78 46 29 88 55 80 68 27 5 12 99 68 21 71 4 49 63 20 23 17 73 94 59 4 67 21 50 39 45 77 33 3 11 68 68 71 19 72 79 5 92 33 87 15 67 18 72 48 34 79 5 80 24 96 98 22 61 97 94 22 94 82 61 23 5 83 84 100 11 35 41 98 40 8 19 93 54 28
26 46 57 36 80 93 48 41 21 96 90 19 30 93 89 74 32 78 20 76 38 78 48 2 2 59 36 72 27 7 86 65 7 6 67 76 74 42 86 22 25 47 42 29 56 60 60 26 89 48 3 41 34 7 67 94 46 17 54 38 35 72 39 97 76 28 93 68 76 31 33 99 39 5 54 14 31 85 77 45
82 67 99 50 57 60 91 70 38 68 2 17 78 79 62 59 79 57 6 12 78 94 31 36 19 3 64 66 8 19 15 4 75 61 39 83 96 75 32 98 12 38 35 99 55 96 83 51 85 83 39 48 12 95 5 96 34 49 38 39 92 21 38 24 28 23 24 36 79 84 41 84 43 23 61 87 97 56 10 6
50 80 21 84 28 78 56 55 76 66 52 4 43 82 41 38 49 84 68 19 92 28 32 74 28 57 100 41 26 48 28 6 87 69 2 12 80 12 100 48 35 70 83 68 41 4 83 7 39 62 10 99 37 92 97 87 68 45 52 41 82 26 65 29 34 7 100 52 81 86 73 47 24 84 43 60 22 100 25 1
9 12 18 79 95 84 9 52 61 40 38 90 88 45 21 66 25 51 75 86 28 45 44 66 27 92 16 62 98 36 35 91 53 54 56 4 97 52 13 4 88 60 86 30 5 13 14 92 77 2 77 51 3 64 69 40 98 52 63 45 17 89 65 62 14 33 74 46 10 81 100 3 3 97 23 89 95 66 76 15
28 13 59 21 55 58 80 41 65 48 74 5 92 87 3 1 50 58 3 28 15 7 13 14 91 53 46 7 66 72 92 22 70 45 96 61 35 2 80 37 59 7 27 97 85 72 95 40 13 93 28 8 73 64 96 12 96 27 5 31 12 35 84 15 6 24 56 40 11 100 62 35 60 81 58 5 11 12 31 40
45 41 63 42 42 73 97 42 32 45 68 52 32 36 86 60 29 60 92 80 41 64 97 14 52 30 37 64 19 19 78 90 15 26 23 94 49 37 33 97 91 42 70 70 66 98 99 55 48 5 11 65 48 77 85 3 6 36 23 44 52 4 45 47 44 28 96 95 63 45 36 11 80 81 73 59 85 100 28 46
52 15 14 41 14 41 29 100 43 30 5 45 24 47 44 39 100 85 55 78 4 83 39 24 37 31 80 95 41 86 72 90 4 40 24 42 40 38 70 88 14 20 11 96 22 48 95 98 41 36 24 91 84 21 90 99 16 63 57 91 84 56 41 5 72 70 72 83 83 41 37 64 77 79 10 41 2 54 3 72
29 59 82 91 40 40 91 78 67 42 83 2 13 58 84 38 29 51 67 79 14 17 88 45 59 72 17 1 69 4 50 13 34 2 51 21 36 27 82 33 62 68 34 10 13 34 16 62 43 10 64 33 13 67 29 29 22 13 78 52 60 73 45 87 77 67 29 36 100 25 18 38 81 65 22 20 57 63 91 40
6 70 66 52 25 36 40 46 86 26 56 72 85 79 91 55 38 67 61 18 35 6 66 26 20 7 3 76 38 33 82 90 11 16 16 64 8 40 49 9 40 4 55 17 11 40 95 6 53 65 79 40 5 95 6 57 25 47 36 20 27 70 12 75 59 22 96 85 6 2 33 70 64 19 47 46 66 69 50 95
57 29 88 85 64 80 60 8 15 82 64 76 63 18 71 16 87 6 22 12 20 60 68 28 88 56 9 73 87 75 13 85 21 43 40 35 66 77 77 56 7 20 1 66 96 35 92 8 89 44 53 92 42 82 56 94 63 21 43 5 60 4 13 98 47 41 44 46 26 48 86 84 81 67 30 48 69 62 93 3
90 35 60 95 72 94 43 71 38 42 37 41 79 91 80 74 26 100 76 33 43 94 89 7 79 5 24 91 71 31 69 70 99 60 43 44 38 81 31 41 95 27 10 66 32 3 49 6 10 71 30 16 68 24 85 59 18 31 80 100 80 59 34 54 28 25 53 12 19 1 62 63 84 44 100 66 6 30 21 69
10 20 73 7 43 1 80 42 59 73 70 15 28 44 47 12 29 73 34 75 41 73 85 96 25 89 45 87 16 83 83 33 20 60 10 18 19 29 84 2 33 33 82 41 66 41 88 17 46 24 35 45 86 79 67 12 92 12 48 47 34 100 32 44 24 61 98 92 61 37 18 78 16 69 95 43 98 2 97 38
39 71 51 65 3 96 4 20 9 90 29 12 26 5 39 8 18 12 30 65 46 2 80 19 74 73 73 9 50 36 1 22 20 67 79 66 62 18 99 54 78 54 5 34 1 99 68 16 58 36 95 50 71 34 79 44 57 39 45 46 77 55 86 49 36 21 3 54 23 34 39 75 17 4 37 39 3 8 52 12
84 36 8 90 91 92 63 4 83 89 94 48 92 68 4 79 42 76 38 4 23 95 34 22 71 73 9 57 33 76 23 42 58 99 62 5 87 88 20 13 87 86 31 33 30 22 15 50 98 31 97 55 18 22 28 74 13 11 55 33 92 28 20 55 8 22 64 31 34 76 30 80 72 71 60 55 68 89 72 78
22 98 67 5 30 49 62 31 28 36 22 89 24 39 89 92 29 45 29 73 50 36 27 34 6 96 75 96 91 38 20 62 44 53 89 40 75 51 45 67 65 46 11 50 51 92 98 50 3 93 34 3 91 75 64 1 63 66 60 76 91 69 28 55 100 38 69 51 63 94 97 58 5 54 65 40 5 62 86 26
15 82 61 13 29 67 80 83 76 71 47 73 35 37 84 83 45 71 51 42 80 83 32 93 21 99 14 7 48 45 16 66 97 59 13 9 93 53 71 51 32 97 1 93 93 33 93 98 50 50 28 21 74 18 100 93 41 3 90 20 68 63 43 76 48 42 100 97 6 16 52 14 25 43 7 51 10 77 13 33
3 81 40 94 72 15 9 97 17 87 88 96 14 40 69 38 44 99 99 62 75 90 4 42 62 74 84 12 10 4 80 83 92 70 98 68 79 10 22 23 11 94 46 55 4 93 11 56 17 39 3 4 87 79 11 77 85 88 89 9 98 20 85 99 20 71 61 46 53 76 21 85 62 93 46 91 32 16 72 24
16 94 93 72 87 7 79 32 50 17 29 86 51 17 15 88 17 19 50 71 10 47 74 39 91 95 93 35 45 37 59 79 99 46 69 47 95 38 97 68 59 7 85 32 48 79 18 4 92 80 14 80 36 35 27 2 52 33 74 34 15 42 33 70 14 17 57 1 61 39 87 94 33 17 57 55 87 81 59 76
70 94 35 46 52 67 20 63 2 44 44 44 87 64 61 54 89 4 68 82 89 65 70 26 48 57 26 49 22 48 16 16 50 62 92 57 53 53 58 67 9 77 1 55 59 85 46 77 31 68 27 61 16 78 46 68 37 78 49 22 60 3 74 56 47 7 65 40 81 54 2 63 32 79 84 78 86 96 27 36
89 93 32 46 11 31 39 43 61 34 20 81 55 56 67 56 40 58 21 46 100 75 84 84 30 10 41 85 55 53 90 31 13 93 47 23 14 93 77 74 25 5 92 74 28 38 77 19 35 89 25 48 53 77 14 65 10 67 57 21 24 76 51 61 60 23 32 42 71 13 40 20 55 77 29 26 91 9 75 21
71 41 74 80 52 93 97 73 8 2 18 71 18 81 23 69 17 36 15 67 6 42 90 87 79 60 81 63 74 62 24 3 14 48 7 17 42 62 44 80 74 87 60 92 4 84 54 96 45 56 81 60 4 70 75 21 70 57 47 13 92 11 68 26 71 54 12 12 6 23 51 6 63 65 75 96 77 31 83 8
39 52 83 57 41 58 76 87 66 17 41 3 74 70 90 87 54 62 35 96 49 8 50 65 46 82 32 19 34 70 87 16 61 94 71 13 43 55 59 56 95 68 64 46 98 27 81 81 14 63 56 27 36 9 31 59 24 86 69 13 17 73 82 22 81 67 48 34 15 42 5 4 35 15 19 32 87 59 42 1
95 13 42 31 31 10 17 80 43 67 74 71 91 48 27 45 75 40 24 29 39 27 60 4 50 14 99 33 81 28 17 70 75 83 13 44 24 38 62 58 88 4 17 10 21 76 17 99 81 32 66 35 80 35 64 31 27 90 53 21 26 92 33 33 98 70 44 48 25 92 74 16 19 63 46 77 22 43 84 21
88 12 52 17 28 72 18 98 17 79 84 34 26 34 31 5 47 35 45 47 33 8 85 68 89 38 46 15 35 57 33 41 45 93 56 85 1 27 40 33 99 29 78 92 63 49 52 95 91 89 17 64 95 16 84 10 10 2 61 85 60 37 37 23 62 77 63 100 46 2 3 64 56 63 69 96 9 62 60 43
56 11 6 63 79 9 85 54 21 51 74 55 56 19 84 17 23 84 46 9 75 67 1 25 35 18 23 22 89 21 21 63 31 77 87 32 88 9 87 3 36 20 47 86 37 15 23 85 29 73 79 28 9 60 94 27 72 25 48 72 95 77 57 48 72 43 38 23 36 9 85 68 17 20 39 79 69 92 42 56
10 95 12 54 71 13 27 20 78 76 32 37 19 66 9 59 89 21 95 6 15 54 81 73 17 42 4 88 64 16 2 69 61 92 14 42 93 45 80 97 91 21 86 26 7 30 49 86 19 54 70 81 47 52 84 80 65 70 98 61 83 71 86 16 59 84 43 76 84 38 96 74 78 86 6 32 40 12 21 76
70 26 73 93 67 61 91 98 3 17 86 32 36 51 85 89 5 62 28 59 66 59 77 82 70 51 35 85 91 42 67 66 93 57 30 34 65 100 99 41 14 55 83 75 75 43 31 29 44 51 63 22 96 6 88 23 58 58 47 66 56 26 2 44 79 86 12 80 42 8 93 39 30 52 85 4 82 86 58 90
55 70 56 68 77 3 90 20 52 52 77 66 93 21 54 36 48 43 28 72 26 8 62 2 2 95 4 18 85 82 47 45 24 98 10 35 86 90 56 68 21 91 39 70 80 9 61 73 9 12 85 96 8 97 14 21 69 36 13 43 43 52 19 76 76 36 10 38 33 55 89 18 16 34 65 39 95 5 83 86
45 37 92 2 15 57 74 75 4 37 93 29 30 87 38 23 31 95 80 57 93 20 87 37 76 26 59 26 51 9 93 82 69 27 20 90 31 87 24 87 55 37 43 5 51 1 65 86 54 35 41 30 79 86 13 24 38 80 5 94 98 45 34 52 79 43 5 39 26 19 79 35 36 5 59 15 30 48 86 72
12 33 96 52 36 46 21 62 63 38 20 9 40 19 49 10 15 9 39 41 64 40 74 73 54 46 90 12 81 98 7 91 20 13 26 95 26 52 10 7 38 34 29 10 87 52 45 57 80 13 62 33 60 92 43 6 84 42 76 31 81 74 26 47 64 26 45 58 76 100 8 40 52 14 24 85 17 87 91 28
41 43 85 41 3 13 86 5 82 43 52 50 56 78 59 32 53 34 36 80 24 12 68 24 100 85 92 53 19 9 70 39 7 74 1 5 23 64 77 78 13 8 81 87 66 88 52 87 5 85 100 83 25 100 29 61 77 19 9 1 23 22 59 67 62 72 30 61 12 57 59 13 5 49 36 75 71 44 29 51
24 70 59 71 45 51 22 25 58 32 47 10 36 7 25 93 1 84 62 63 2 78 21 72 80 88 72 4 46 93 68 36 50 44 52 95 56 83 1 90 100 49 90 15 5 13 59 43 54 71 33 74 1 48 34 58 3 26 60 66 70 13 96 5 46 91 36 5 89 21 34 66 29 100 7 13 77 96 39 87
30 50 77 73 49 72 13 33 18 79 54 37 21 62 50 58 27 35 100 37 92 26 3 36 39 2 52 35 81 40 45 55 63 30 22 82 32 48 94 70 64 30 69 20 22 34 35 8 85 33 91 89 62 48 51 2 60 88 35 99 88 100 82 11 50 78 40 73 69 44 64 16 78 29 100 31 58 90 89 91
38 85 75 28 35 70 76 86 79 6 16 55 85 54 97 7 7 90 51 85 77 43 77 91 85 96 79 38 39 24 5 60 42 49 30 9 28 47 20 23 79 47 33 2 28 46 19 30 10 72 7 10 83 64 75 72 93 74 2 48 46 76 73 97 29 51 7 22 21 82 49 3 29 2 72 31 25 34 19 28
40 8 4 49 72 86 41 6 12 13 30 79 1 41 46 43 3 87 40 29 18 15 2 73 98 20 47 71 19 51 32 10 52 23 65 24 59 8 63 96 21 46 25 74 100 33 95 75 20 14 64 85 48 24 56 15 93 79 70 27 71 62 20 100 45 78 71 88 89 81 32 47 5 79 77 15 37 45 45 44
71 23 59 100 85 46 44 4 2 76 8 62 19 34 57 8 46 73 46 70 26 7 50 78 67 32 51 93 62 7 32 12 86 98 20 44 22 25 99 9 83 24 73 83 66 66 17 99 28 53 50 51 95 8 61 29 35 53 70 53 30 48 91 35 70 15 41 20 80 66 72 5 9 35 78 72 38 89 96 62
81 5 100 35 13 6 97 16 90 59 40 48 62 9 64 28 70 30 40 76 56 53 26 77 98 9 24 93 73 61 27 75 55 40 63 65 88 18 34 14 20 84 98 65 36 19 73 63 3 26 44 80 36 29 1 13 71 53 47 8 94 100 97 52 15 40 74 63 37 66 87 57 16 16 83 64 5 11 34 73
37 17 61 33 24 32 89 2 63 46 91 11 82 79 94 11 30 47 75 48 31 54 63 98 17 98 52 80 39 73 14 39 93 36 5 18 63 36 3 91 71 83 17 49 42 17 80 55 87 98 16 47 80 92 74 44 26 58 93 73 49 82 47 30 64 51 80 80 47 11 85 50 93 55 75 22 27 10 32 100
75 23 11 62 28 2 99 4 43 43 28 40 93 45 55 72 25 92 16 1 66 78 85 17 61 85 7 48 95 22 66 66 22 15 95 67 79 20 79 55 91 5 48 76 1 15 8 85 79 94 87 37 68 80 29 100 55 100 33 33 76 43 28 50 17 72 89 55 86 38 54 82 89 13 37 87 84 30 96 51
30 34 45 14 87 17 86 77 49 66 42 7 71 37 82 51 21 27 22 51 33 66 3 54 54 73 36 92 47 54 7 89 85 91 83 60 29 71 9 60 1 95 12 93 89 34 61 63 85 51 100 7 10 60 50 20 6 55 57 37 25 2 24 83 25 58 47 97 51 78 24 19 84 37 42 66 65 27 11 38
9 74 94 34 26 20 34 26 44 50 48 32 99 22 95 15 62 88 74 62 31 63 53 87 14 95 69 3 69 35 51 68 77 41 86 30 86 5 31 85 73 73 21 45 60 73 99 62 52 1 96 25 16 22 60 27 84 53 81 89 66 79 21 95 7 25 51 82 2 63 12 94 86 7 70 43 93 55 17 85
61 97 97 29 89 99 38 99 37 66 84 29 3 74 74 32 46 38 38 49 37 90 89 42 75 96 22 71 94 38 98 46 92 66 22 91 65 40 76 27 3 27 97 73 34 94 79 79 53 12 21 41 2 70 60 90 39 50 38 37 82 59 33 30 51 14 31 11 4 84 97 99 17 85 24 5 35 55 34 17
75 79 92 10 72 100 50 86 58 92 86 79 75 1 99 82 73 65 95 14 40 22 53 43 99 28 21 59 49 37 25 70 45 32 69 62 74 23 32 60 36 80 53 70 45 82 50 43 24 92 41 4 36 41 81 60 58 7 47 21 13 66 59 45 21 61 83 75 45 37 64 69 1 15 89 94 11 62 94 97
54 75 39 50 86 41 92 89 12 32 85 53 38 89 52 55 95 63 40 49 68 90 53 94 61 44 20 57 61 11 45 60 88 96 78 33 67 55 59 3 98 27 12 50 70 47 92 96 41 72 99 91 98 47 95 94 44 55 3 42 11 8 78 67 49 31 55 84 92 83 7 18 18 20 32 31 34 71 47 41
66 54 37 3 18 66 32 4 42 81 2 28 52 78 38 64 26 74 24 21 91 35 56 47 61 55 24 46 3 17 79 35 15 81 81 81 3 79 46 2 71 86 59 52 30 24 13 56 62 39 54 61 55 28 67 58 6 37 84 13 87 36 61 62 89 30 94 24 22 100 78 46 1 84 33 55 28 76 47 12
21 99 79 52 90 49 4 32 56 56 14 97 82 36 34 29 64 16 68 68 68 53 18 39 24 16 61 6 40 86 36 47 51 93 66 70 16 65 89 37 40 70 52 62 100 92 37 75 32 38 27 2 47 74 80 8 11 15 3 3 30 53 16 47 69 34 14 82 83 33 100 97 5 43 64 36 54 49 40 52
24 76 80 52 80 33 46 38 7 91 69 35 44 58 72 35 50 75 42 97 2 59 3 42 63 92 38 52 57 86 100 10 17 52 44 100 80 20 79 23 42 26 6 37 40 79 100 46 51 67 1 60 93 66 89 53 23 94 26 96 8 74 56 14 99 54 5 47 10 74 93 6 82 40 72 81 88 18 12 25
53 89 75 13 72 41 72 62 17 48 89 80 84 51 10 72 44 18 37 26 53 14 25 24 15 6 7 63 21 81 40 39 6 50 38 5 27 54 71 80 59 17 51 17 8 34 97 70 21 82 51 58 20 83 66 58 51 77 79 97 64 62 7 88 34 19 62 62 51 30 49 68 89 67 87 82 76 72 36 35
49 89 98 36 66 74 49 36 18 54 58 24 88 54 45 28 48 19 91 46 32 29 94 2 80 81 94 97 54 14 60 91 94 51 2 26 10 12 7 32 60 19 21 29 78 16 55 81 89 26 41 59 23 21 89 77 7 3 44 28 59 43 29 94 90 100 100 31 33 5 93 2 31 37 36 43 13 2 31 44
14 94 55 83 99 19 93 38 8 6 22 71 81 47 11 44 10 3 95 84 55 28 25 60 79 44 3 5 67 49 35 21 26 96 65 29 3 68 12 53 92 65 81 10 89 71 31 89 87 22 51 18 42 90 29 37 46 38 1 93 43 4 40 30 20 96 7 85 34 68 33 95 5 58 68 1 68 86 83 98
41 37 55 77 71 92 97 26 7 20 71 44 30 59 28 56 19 82 49 60 35 44 75 42 65 11 100 95 28 23 49 56 30 47 72 99 83 42 1 65 7 42 35 24 60 76 35 63 64 88 32 30 90 13 80 4 53 71 72 33 49 8 29 92 93 34 90 64 48 94 25 16 52 39 36 12 68 100 78 73
25 44 76 11 40 31 67 38 98 47 35 7 74 67 86 59 78 88 83 79 96 56 82 32 46 51 95 17 47 23 68 24 2 84 92 94 60 46 11 33 61 5 2 7 7 30 28 95 87 71 6 2 88 22 66 79 22 19 43 65 81 44 23 88 16 44 11 4 57 78 3 66 84 12 28 75 95 24 40 87
94 14 58 42 73 37 41 30 43 1 80 74 64 71 49 13 23 43 78 4 73 25 93 11 20 58 76 77 9 83 41 65 67 70 89 51 71 27 73 31 11 1 11 87 89 43 2 97 7 1 73 17 47 99 92 7 59 31 70 65 73 49 16 53 10 96 37 69 49 46 4 48 49 80 93 29 38 97 9 75
22 87 96 23 83 72 52 77 21 58 65 38 14 78 65 98 89 57 7 90 95 74 85 67 83 81 43 18 15 51 17 35 90 91 19 74 93 17 41 56 96 75 13 67 20 9 19 84 60 87 16 77 62 63 50 80 57 8 55 18 54 77 13 26 70 43 100 31 77 29 5 88 62 75 54 81 19 27 89 61
72 91 62 30 52 85 78 51 1 91 69 52 63 15 41 47 12 74 49 90 17 18 37 58 34 88 84 49 40 98 4 18 48 5 11 19 64 88 17 9 74 20 4 1 71 19 57 26 71 7 32 29 90 2 14 39 3 29 25 88 38 56 50 42 25 88 87 87 70 85 40 95 36 44 88 69 72 27 14 36
50 87 85 93 91 27 60 77 47 60 69 28 22 40 15 20 19 87 43 63 71 70 87 46 22 66 60 16 13 33 12 96 8 69 42 82 95 63 63 80 79 94 92 34 32 15 99 32 88 61 93 84 6 48 86 12 47 70 22 60 3 48 85 48 86 98 80 80 54 55 83 89 21 91 15 15 100 97 20 31
96 40 27 6 41 52 15 3 39 52 4 28 81 72 97 8 91 83 1 14 7 37 31 56 59 85 55 91 9 92 64 89 70 49 16 90 26 33 53 59 17 50 28 75 17 78 6 54 15 88 60 73 14 25 89 79 90 93 66 1 15 67 67 91 30 20 100 7 48 47 83 19 39 38 30 70 86 3 71 64
94 78 18 49 36 1 45 72 78 36 56 67 36 17 10 54 63 5 89 76 49 83 54 54 10 62 100 96 71 66 4 18 24 75 25 43 47 97 55 30 50 97 63 23 87 11 3 99 16 80 32 59 69 57 31 67 5 100 61 36 95 75 90 51 72 44 46 61 72 66 37 35 92 25 94 19 44 59 83 25
60 21 10 98 19 61 13 45 66 77 62 98 26 41 13 97 62 90 79 71 80 16 50 9 31 36 3 27 100 61 70 23 26 34 82 34 6 59 93 66 7 27 80 52 29 34 31 2 24 60 33 95 95 51 63 59 65 46 9 98 55 40 49 38 19 8 69 17 94 63 43 67 78 64 37 88 91 5 65 2
7 83 8 36 77 24 33 21 31 79 9 18 59 21 28 100 84 32 34 48 49 42 58 93 83 65 58 49 48 25 64 85 87 79 67 60 53 94 70 76 60 38 94 33 92 64 62 90 89 17 40 61 98 31 55 51 21 68 88 37 37 69 96 86 33 51 14 69 33 51 89 19 14 76 63 5 45 4 2 41
51 70 83 25 74 75 94 6 94 77 70 30 96 79 8 73 20 32 23 58 39 70 59 84 25 4 71 87 29 95 60 87 11 73 17 73 1 51 62 85 49 67 68 83 96 10 63 18 19 32 30 33 69 72 42 85 42 74 19 1 63 68 90 42 22 3 20 72 54 30 13 42 29 46 42 52 17 63 57 45
10 12 50 28 17 45 39 18 36 27 8 58 28 41 75 30 10 28 30 12 47 43 49 71 2 36 15 56 3 47 66 45 49 17 41 54 93 53 21 70 76 44 20 7 18 63 20 74 63 82 61 79 64 59 53 33 17 51 84 97 54 3 9 40 75 33 58 46 7 83 50 26 9 13 73 22 92 10 57 41
18 60 37 72 63 28 100 12 7 11 63 41 21 24 11 11 81 20 61 97 29 62 23 89 55 58 75 32 32 64 14 38 47 6 80 76 7 52 12 85 93 57 93 27 57 63 57 96 37 12 81 57 81 63 29 75 61 60 67 49 69 36 48 22 71 12 1 82 87 17 65 90 56 37 93 64 2 61 32 54
74 93 61 76 15 17 25 75 54 69 87 94 32 14 99 15 87 6 70 26 27 31 21 26 51 32 40 90 9 39 28 100 83 64 54 47 83 7 9 94 71 86 2 7 16 80 74 29 5 41 91 22 75 15 15 85 31 85 32 27 42 41 24 90 22 73 18 15 47 62 38 99 95 36 19 62 50 15 28 63
33 99 92 31 83 29 11 95 1 87 23 86 33 51 68 17 84 74 62 60 55 58 13 37 78 97 8 55 36 89 5 100 83 67 86 54 73 45 31 84 8 24 57 95 41 91 54 81 24 13 59 47 3 80 98 25 69 7 48 73 73 65 24 57 58 6 93 84 100 83 64 97 11 48 98 66 38 81 34 79
10 62 28 26 27 66 79 47 14 45 52 20 51 9 42 48 81 74 99 94 3 87 88 14 11 72 56 84 87 84 7 76 36 73 24 90 37 92 100 45 97 46 25 57 85 8 20 16 63 16 94 69 48 36 52 4 2 63 27 22 30 31 90 20 56 13 34 50 22 19 46 43 87 11 60 61 42 91 88 29
52 51 83 11 35 37 59 70 67 56 6 90 78 21 44 47 83 22 98 93 78 82 13 2 20 75 44 72 39 6 81 36 25 6 1 75 6 44 23 17 50 90 54 54 63 44 19 13 66 21 83 49 79 3 2 79 29 32 26 38 30 44 53 56 38 45 20 5 62 61 4 48 74 34 27 35 67 48 31 68
91 16 63 96 40 94 96 47 24 77 47 92 80 72 55 33 93 40 3 50 80 38 41 84 43 35 55 36 4 68 69 52 32 6 28 10 59 16 20 97 45 16 70 39 14 32 55 86 50 71 40 64 30 74 55 64 92 11 36 95 14 76 32 8 19 20 80 51 13 13 100 49 71 49 67 83 100 80 21 53
65 65 76 7 91 65 6 7 63 50 38 22 66 3 14 44 68 71 73 71 67 26 59 53 48 76 83 72 95 9 11 36 17 62 65 20 95 75 7 44 10 35 11 69 76 3 91 42 22 18 92 50 90 56 86 53 4 83 98 71 16 22 74 51 51 23 67 92 70 32 42 54 71 52 55 67 76 8 28 85
59 30 52 70 77 74 97 92 64 62 48 37 51 47 98 71 29 77 4 14 84 43 57 14 75 88 51 68 75 89 73 33 91 53 65 3 70 27 6 71 72 63 19 42 30 23 80 60 33 49 58 91 96 5 50 10 16 53 18 56 45 9 85 27 84 10 48 27 30 71 44 73 23 21 98 46 7 10 30 83
15 16 88 5 17 47 71 88 88 85 95 89 29 30 80 71 17 31 5 62 10 28 88 66 8 46 53 52 89 39 46 2 88 56 86 81 25 22 100 23 67 68 59 85 32 56 23 42 39 96 49 76 53 30 93 22 5 42 12 10 63 74 20 64 14 61 92 58 53 33 75 87 46 68 8 18 33 100 64 31
23 34 9 74 43 22 9 4 25 28 61 25 57 78 51 58 22 19 16 59 68 92 63 13 30 41 82 87 69 58 18 45 45 51 23 28 55 7 74 83 51 92 74 66 81 99 44 86 89 57 14 28 50 69 5 40 19 4 7 24 98 2 10 20 6 13 95 36 3 79 50 61 13 71 28 76 18 37 26 46
53 51 59 90 5 71 58 38 100 33 71 21 69 65 71 91 11 83 75 55 49 1 80 77 22 45 28 28 78 54 46 46 98 85 65 21 4 93 45 81 33 16 80 15 49 53 91 98 94 36 29 54 11 61 80 55 21 77 16 42 33 35 99 66 42 3 99 58 66 2 55 84 24 44 1 3 91 51 1 26
99 34 84 8 3 12 68 7 16 12 25 6 16 20 21 28 17 96 63 62 99 86 91 4 71 19 90 90 40 32 47 63 16 90 77 99 9 28 24 8 11 99 74 39 5 28 42 9 72 85 24 34 75 80 20 88 19 28 41 31 46 37 3 15 44 78 9 44 84 22 25 19 20 35 28 42 13 44 19 27
6 60 81 88 79 17 88 72 65 29 11 5 87 95 6 17 52 71 60 72 75 11 6 20 16 15 54 99 73 30 30 70 95 20 69 57 83 74 47 9 82 25 69 36 66 25 79 8 39 35 88 50 7 12 71 46 80 19 80 68 29 73 87 44 73 15 89 11 37 86 91 62 77 39 92 73 33 78 64 40
80 6 53 10 13 36 31 37 44 34 31 94 53 85 18 14 67 58 6 21 13 97 50 18 99 40 8 4 19 51 90 67 23 89 100 20 72 98 41 79 3 28 75 56 92 100 34 29 61 17 51 18 98 41 98 15 37 77 66 74 72 92 63 84 33 51 10 62 12 96 60 11 12 74 88 96 68 58 37 74
62 20 91 69 52 97 81 4 35 23 54 78 95 23 39 49 30 79 35 39 99 22 42 45 80 50 3 24 16 75 96 90 26 52 94 10 86 11 56 40 8 69 76 58 46 40 69 74 84 22 42 3 4 41 3 52 30 57 92 83 32 5 45 31 3 19 83 67 65 69 18 46 79 35 76 1 89 26 30 67
48 96 54 53 76 83 66 31 98 94 98 11 66 77 52 1 63 80 89 20 72 8 79 83 39 78 68 13 100 53 74 82 100 81 35 48 99 19 33 6 58 81 39 21 77 80 88 3 91 81 33 11 46 86 40 97 32 86 20 31 9 65 63 87 37 89 23 1 15 28 12 61 21 97 94 19 94 56 41 6
99 54 51 74 66 16 67 46 15 25 2 89 37 40 68 33 39 14 26 10 54 95 19 44 90 45 41 60 29 42 7 28 83 97 66 10 57 38 56 10 2 3 25 9 93 59 98 18 54 95 55 8 71 97 96 8 94 32 67 4 83 53 56 92 47 59 82 30 49 58 95 39 73 18 7 28 39 8 9 11
40 5 46 1 54 20 40 34 71 58 85 47 36 56 68 58 57 50 49 61 10 48 92 91 10 82 28 7 20 21 49 59 60 1 39 98 43 25 17 15 8 94 38 69 11 51 12 58 14 71 26 8 48 36 44 17 57 51 24 89 38 65 94 16 56 22 78 42 76 70 94 96 75 70 35 79 9 58 73 55
81 44 69 62 89 62 20 77 75 52 99 75 91 72 92 41 83 54 44 14 69 5 12 28 77 42 40 23 26 80 66 79 14 72 76 22 70 1 73 12 53 43 7 8 63 81 65 99 9 55 90 13 91 1 57 45 75 22 32 37 70 39 68 85 85 3 92 86 89 55 70 63 86 42 28 49 65 96 56 93
99 4 29 87 59 59 44 64 39 55 46 89 73 19 73 98 85 30 86 37 6 85 72 74 44 83 41 35 45 48 56 37 56 12 39 59 3 11 14 100 63 58 99 73 80 41 41 91 95 44 41 17 62 84 5 84 29 21 1 15 12 40 77 44 77 53 2 71 100 41 64 77 54 12 62 64 59 70 21 52
30 37 7 87 3 91 34 25 54 47 59 84 95 82 16 53 20 49 6 65 62 59 22 34 2 94 88 43 66 36 94 31 81 60 30 92 54 10 40 11 90 36 32 62 81 83 11 86 43 74 99 85 28 83 43 63 53 14 24 63 39 39 79 90 52 48 60 15 83 84 11 46 90 89 53 8 88 54 12 3
26 26 60 87 32 89 6 28 61 26 61 94 48 100 54 53 80 41 100 40 15 83 53 83 31 84 47 78 94 4 27 62 33 72 31 62 89 45 23 43 23 31 3 78 68 14 24 95 20 26 34 72 8 35 97 78 97 98 91 30 1 33 55 92 1 15 13 36 9 54 66 23 86 43 28 76 86 84 54 7
27 3 66 24 9 6 65 27 30 1 71 3 95 36 34 39 50 80 16 65 66 41 44 82 3 91 38 44 22 90 31 43 66 31 59 78 90 76 73 46 6 100 63 47 62 68 11 74 89 17 31 48 1 71 81 43 11 85 52 5 100 29 70 27 22 66 55 75 43 95 2 12 28 55 53 14 3 89 91 26
7 98 94 8 76 23 58 89 30 16 26 82 23 38 22 19 98 92 67 36 17 52 75 53 74 10 100 44 39 43 13 12 87 76 9 63 58 1 81 14 40 63 5 72 66 78 2 87 7 88 75 11 40 77 61 71 23 82 17 44 45 17 28 63 22 49 35 59 82 60 3 81 12 79 27 35 89 29 56 27
49 5 24 97 95 88 69 44 96 70 98 87 18 10 23 16 58 79 38 52 88 97 69 41 31 74 19 48 76 27 40 22 23 20 81 6 23 11 77 25 79 98 80 55 6 34 55 16 49 96 66 54 96 26 22 9 42 44 41 44 31 22 95 16 4 52 79 95 73 55 91 70 65 70 25 98 1 81 69 86
100 90 42 31 50 6 38 53 64 72 27 86 6 99 85 77 16 28 50 18 75 18 14 99 2 68 40 16 11 37 45 100 31 91 23 64 92 57 65 10 91 58 36 53 99 76 2 15 11 77 83 28 76 35 53 75 49 93 9 93 3 83 34 65 63 97 54 61 14 43 90 36 91 10 59 29 34 55 74 78
74 55 6 31 13 6 30 60 98 60 47 19 90 22 3 81 82 89 24 51 19 11 7 9 35 16 61 4 81 93 78 52 78 56 26 73 99 30 41 6 30 47 41 30 61 94 38 60 71 8 74 16 28 38 64 24 51 10 7 36 42 22 33 41 56 28 82 33 68 28 78 74 85 72 76 48 43 24 44 72
38 77 91 80 26 28 8 65 53 6 93 54 84 61 91 99 63 4 76 99 88 80 58 87 5 34 57 19 25 49 91 84 67 79 99 24 22 6 23 29 30 47 37 76 65 32 40 64 90 85 41 34 88 9 99 56 68 64 91 84 5 63 7 91 43 28 90 21 73 80 51 52 61 18 99 54 42 3 40 65
9 95 26 50 69 1 75 81 41 14 12 7 33 96 57 28 3 53 89 90 35 41 97 34 57 8 42 90 32 16 77 96 84 80 37 52 53 70 46 75 56 20 92 92 100 75 6 74 99 50 38 86 37 45 8 82 26 43 33 54 32 77 35 92 31 91 70 93 8 72 97 53 35 94 14 83 45 86 25 19
73 42 40 100 82 16 63 34 77 18 85 3 24 88 93 24 99 10 64 65 51 96 29 5 34 82 77 1 17 47 94 2 5 56 7 17 23 56 68 18 3 72 35 81 66 98 89 10 11 15 51 69 82 53 94 5 33 72 55 90 9 28 46 76 4 85 98 9 62 61 50 63 17 59 73 90 40 36 61 93
3 17 54 60 6 93 96 19 100 65 38 19 22 18 70 21 71 42 98 57 14 71 86 15 35 8 20 55 57 79 28 52 36 83 30 12 53 10 51 34 62 25 38 90 72 30 32 48 69 4 64 39 56 47 37 82 72 94 23 14 43 51 87 70 42 96 36 93 93 89 2 92 42 62 57 81 14 59 84 72
35 86 52 71 16 60 59 92 73 93 1 22 72 56 81 70 88 46 71 15 88 11 38 17 3 57 56 10 85 100 42 1 58 38 59 14 1 100 16 30 68 53 86 45 44 20 37 65 14 23 40 6 20 42 31 90 42 60 86 16 57 99 18 56 19 67 4 38 2 3 38 82 65 13 82 94 78 21 86 27
30 61 19 84 30 30 16 79 29 46 19 30 86 31 76 53 73 28 45 40 37 73 62 53 57 78 46 21 49 76 1 16 78 11 5 36 94 59 38 81 31 4 15 54 72 35 87 81 9 84 73 42 12 26 16 72 66 31 37 38 11 24 28 13 28 90 57 25 3 72 34 11 16 48 92 78 85 79 41 77
58 35 30 13 79 13 46 70 69 29 6 19 14 57 33 15 100 57 21 67 27 42 30 39 96 73 22 85 46 57 95 29 51 64 85 14 70 58 8 32 53 84 88 49 48 27 4 34 51 54 86 77 90 29 10 1 94 70 65 3 2 1 33 24 7 8 69 58 29 23 8 96 44 64 67 28 44 89 93 92
24 1 72 33 86 21 11 72 18 21 70 38 79 92 19 80 97 31 23 81 53 55 63 64 36 79 85 66 10 45 25 13 81 96 97 21 26 68 79 12 40 12 23 76 20 70 80 82 29 92 3 70 48 34 42 70 49 44 24 44 13 66 28 100 59 89 2 32 65 98 63 79 22 99 100 11 85 51 72 88
47 30 52 59 75 57 8 72 79 82 90 8 56 17 90 47 19 64 5 64 47 76 65 91 95 84 60 68 8 23 7 99 12 21 92 2 39 31 87 83 62 37 33 3 51 10 23 40 47 65 36 67 44 71 57 100 96 57 9 62 28 55 67 52 84 55 31 11 38 46 22 59 7 45 1 40 88 84 76 5
13 46 70 71 16 41 31 48 24 99 54 53 38 32 69 75 69 89 90 73 1 21 59 55 67 48 78 41 22 13 21 31 68 25 10 34 92 89 97 99 94 3 83 30 16 67 98 28 30 39 48 89 49 16 33 95 1 67 85 5 34 27 40 74 8 76 11 67 24 40 81 62 81 62 90 53 17 18 100 8
58 62 21 13 77 91 7 59 79 63 90 81 88 82 58 80 7 71 79 94 69 77 38 97 38 49 50 95 4 27 70 38 86 16 1 56 86 4 67 46 97 42 60 65 28 96 6 20 83 83 14 47 36 58 11 52 56 76 71 26 73 79 18 76 43 17 28 35 95 58 17 64 45 77 86 79 18 4 37 38
70 79 17 1 84 9 53 55 37 53 56 84 89 73 73 50 31 99 100 42 91 46 49 49 11 81 12 3 32 21 84 71 3 23 96 24 91 55 84 47 83 28 26 89 64 62 84 47 85 40 71 90 56 20 19 55 36 15 25 99 20 57 13 33 23 45 29 93 38 27 99 82 23 87 12 49 56 97 44 18
90 56 15 44 8 73 59 59 16 53 51 26 31 100 31 66 38 64 5 54 97 34 42 87 96 73 20 26 82 12 57 65 22 60 69 65 75 98 32 19 38 80 82 23 57 9 5 65 84 45 17 90 9 13 94 48 69 13 73 79 44 36 1 26 94 60 86 85 79 17 66 22 8 33 7 20 2 65 55 76
78 94 38 34 63 85 32 83 62 53 47 12 69 36 18 43 98 14 97 7 97 8 1 42 8 36 92 41 10 77 71 17 39 17 17 17 18 45 92 66 84 70 39 21 26 46 14 36 73 95 48 18 51 18 79 57 58 2 60 7 94 53 73 24 88 43 81 5 30 66 44 39 62 47 34 11 36 30 21 30
56 59 47 20 9 73 30 46 67 20 63 88 12 74 53 9 35 5 42 12 20 85 63 52 94 61 10 100 94 35 64 14 26 17 34 33 66 57 11 80 34 2 96 60 55 89 15 61 62 12 30 69 48 36 14 63 61 15 76 1 45 23 47 94 62 24 57 43 70 63 42 45 9 1 15 38 21 4 9 8
62 60 26 47 90 65 19 68 72 89 9 30 60 81 7 11 10 6 17 35 15 93 20 21 84 6 70 87 33 10 99 89 24 47 82 88 69 98 76 34 56 82 27 32 71 96 78 31 22 88 88 37 28 7 70 41 10 46 17 30 35 89 91 61 25 71 77 27 75 94 58 29 16 16 97 10 63 97 32 23
33 39 44 33 31 23 86 11 69 89 45 83 48 63 14 83 64 46 22 88 25 67 85 14 45 6 6 30 95 76 2 93 76 88 65 64 73 91 98 100 11 38 91 53 9 93 36 45 98 91 48 65 31 4 25 2 57 94 43 52 60 31 48 97 22 63 13 15 28 61 43 49 9 11 88 20 52 9 52 3
78 18 18 70 73 46 16 22 59 41 93 13 56 58 35 33 5 65 30 30 14 66 90 41 1 5 10 54 83 86 12 29 67 66 58 63 5 24 15 71 32 48 46 9 69 84 35 10 19 44 5 28 9 26 40 10 32 46 100 28 58 75 97 29 96 25 43 43 25 40 87 63 12 26 42 8 35 24 96 82
37 8 66 2 80 74 22 37 27 16 65 29 45 11 74 54 8 71 37 61 80 68 76 10 96 90 37 80 77 66 52 28 12 64 58 49 74 16 99 14 6 97 93 54 87 72 28 59 48 44 65 66 53 93 80 7 12 87 74 43 90 4 33 42 92 17 37 64 55 1 93 57 12 47 97 41 77 7 14 11
58 90 56 9 66 88 56 21 6 35 16 27 73 65 47 19 3 54 82 15 92 47 70 5 1 75 74 49 41 92 12 1 60 51 93 5 74 59 21 18 95 73 57 38 7 86 27 32 80 94 24 1 45 55 42 22 98 5 14 41 43 22 27 79 57 30 75 52 58 27 35 47 82 15 52 25 90 18 65 39
63 27 76 40 58 60 67 88 61 69 11 30 62 28 11 82 80 3 89 96 22 90 12 28 66 87 2 62 6 40 7 91 39 34 97 96 43 75 43 71 86 37 42 48 86 28 22 49 18 55 64 24 43 50 28 26 88 14 25 26 92 36 85 41 54 65 43 25 61 81 52 12 94 10 70 11 84 15 62 47
50 96 84 27 62 99 9 17 16 9 33 42 74 6 100 27 15 49 83 14 30 93 25 37 85 82 74 49 30 60 84 91 45 81 19 55 69 73 37 46 35 86 62 4 41 55 48 43 65 6 49 7 86 62 64 43 23 81 97 8 73 36 2 57 70 7 9 71 45 80 6 8 52 47 98 29 69 79 49 66
86 68 93 28 48 63 72 3 57 83 48 56 72 11 99 89 64 38 8 14 39 17 85 53 66 4 39 99 62 46 51 80 80 42 60 16 46 26 10 53 44 70 46 28 51 63 98 64 6 30 77 31 82 21 32 47 76 37 60 89 11 25 84 16 82 43 50 91 49 98 20 17 80 56 9 78 34 86 86 91
52 97 85 3 55 46 83 46 40 89 66 7 69 31 90 25 81 36 66 72 68 30 73 93 53 35 85 75 63 53 63 22 41 84 51 62 95 85 45 56 55 14 5 84 46 33 71 89 45 11 98 78 6 18 87 79 60 29 3 85 70 32 98 81 72 23 44 62 65 37 13 35 45 57 71 55 65 16 10 83
46 52 14 76 28 71 32 11 3 49 52 70 33 45 17 40 32 41 33 40 5 51 94 60 14 32 64 87 81 10 34 63 73 85 66 90 57 65 8 15 91 26 56 55 20 2 26 87 68 10 98 16 60 23 66 57 57 54 69 38 14 80 57 24 5 40 66 100 17 88 95 17 56 17 63 58 29 86 69 10
12 19 79 88 72 38 10 62 57 84 78 85 28 8 57 29 85 24 74 2 57 62 40 81 42 99 31 66 51 95 23 25 84 61 32 91 26 52 23 95 12 84 97 5 38 61 32 32 74 67 65 8 85 26 3 25 85 3 8 81 71 18 42 14 91 62 48 40 30 30 29 2 36 95 68 31 8 44 48 35
78 15 6 44 89 9 20 33 61 82 3 67 26 7 23 78 6 29 99 64 51 55 25 58 26 87 11 65 11 21 26 34 63 28 22 29 22 12 25 61 4 80 3 22 96 45 43 48 37 43 9 69 64 28 4 35 50 34 87 62 51 100 61 74 71 37 22 7 21 86 18 78 35 20 26 88 94 88 80 14
18 75 55 48 3 99 27 47 13 90 27 43 22 53 1 10 1 16 6 92 79 27 57 37 98 61 26 96 63 50 51 38 66 49 37 100 64 56 100 38 34 91 87 10 24 86 91 87 76 60 60 70 12 90 24 71 95 54 41 52 54 50 83 20 38 1 23 78 23 3 72 32 83 77 87 92 72 72 79 30
44 71 21 47 28 43 61 50 95 62 39 2 31 11 78 37 59 74 63 85 71 72 84 49 70 77 23 22 46 61 65 43 72 20 5 99 67 4 59 47 61 26 45 79 18 18 19 96 38 9 5 6 78 60 48 11 53 68 75 2 57 24 21 77 99 65 84 27 35 69 48 67 2 88 45 76 99 94 32 58
67 20 65 8 100 7 86 7 98 91 50 26 70 5 60 87 26 40 23 47 99 57 57 45 48 16 15 37 45 77 71 68 34 3 95 34 67 10 19 39 2 63 77 37 47 55 20 17 60 2 10 64 92 74 40 29 94 40 53 64 2 44 67 63 68 16 77 88 88 32 49 30 7 50 53 77 54 67 16 36
76 57 89 81 94 71 36 80 36 89 93 16 42 92 62 54 77 31 29 21 92 68 49 61 42 1 77 4 48 85 25 18 11 9 56 73 97 36 72 15 4 41 89 76 40 39 14 19 92 41 22 1 18 98 30 90 13 61 99 57 83 8 64 24 27 78 50 98 14 76 41 20 34 94 69 39 21 75 10 38
55 47 85 68 22 27 69 41 44 10 14 49 48 74 44 5 46 92 98 33 79 97 74 91 66 70 59 57 20 95 10 78 41 7 35 96 96 21 2 38 39 88 56 62 77 75 36 79 46 15 95 52 55 68 64 10 83 21 64 88 48 3 67 66 20 55 89 86 93 100 88 10 31 4 6 9 15 36 71 75
20 84 15 81 50 82 17 76 36 38 58 78 4 82 85 87 43 16 42 42 7 29 21 45 94 29 64 31 28 73 29 69 73 90 41 61 15 46 1 88 52 38 63 82 21 19 96 58 86 50 54 64 21 69 93 2 89 57 75 6 34 16 51 61 48 47 42 74 21 96 91 14 20 64 8 80 90 25 64 65
96 83 94 83 14 97 38 31 77 96 49 70 78 43 15 75 49 49 90 70 39 90 27 5 91 77 51 33 31 96 94 22 95 16 62 66 88 100 65 75 46 86 4 63 37 73 31 3 47 91 44 100 53 30 33 4 38 32 79 81 12 69 61 19 62 4 30 23 66 62 50 64 87 14 67 48 45 41 43 85
86 7 71 2 61 78 56 78 85 37 97 6 38 12 35 37 41 73 52 41 85 89 12 83 65 19 52 51 13 22 91 37 44 88 74 10 71 42 57 68 47 56 44 34 1 40 11 81 36 76 100 88 91 41 14 47 18 45 65 75 19 6 64 34 17 62 7 72 66 76 43 1 49 57 100 14 6 87 54 58
36 44 74 74 31 50 93 30 83 1 78 86 33 87 5 22 21 35 23 73 11 34 60 87 61 34 17 41 44 63 31 16 18 3 77 83 16 31 91 46 13 34 38 41 34 85 54 30 96 3 12 81 98 50 98 49 100 57 3 7 58 44 78 60 66 57 23 15 51 6 29 100 80 13 38 84 82 27 51 35
61 50 92 24 47 22 35 17 68 89 71 88 7 73 78 82 3 68 55 14 17 28 25 79 89 32 19 22 33 10 66 15 31 15 16 43 14 93 2 25 88 50 78 17 82 88 93 69 4 90 100 95 93 58 17 14 22 9 67 90 45 7 33 51 35 16 4 21 86 8 36 53 89 91 81 88 96 28 37 47
31 38 56 57 17 5 84 51 36 47 20 84 90 11 96 36 77 7 39 35 83 25 52 41 66 10 58 69 13 65 21 43 62 53 53 99 76 19 5 46 51 65 20 29 68 64 9 53 100 29 92 89 84 13 21 59 98 70 93 4 25 57 21 68 25 39 34 78 17 85 92 23 11 22 23 43 49 96 82 28
79 58 1 30 37 24 100 68 2 67 18 72 28 35 47 100 42 61 40 28 31 95 58 11 100 12 18 28 22 21 84 29 37 79 12 50 50 61 93 97 52 87 61 100 4 36 28 10 27 39 96 69 64 24 80 55 57 7 92 98 66 77 79 48 23 19 98 91 72 91 65 68 70 72 97 55 88 76 72 41
11 13 88 14 10 28 21 87 49 53 42 90 49 69 8 57 42 5 54 78 28 99 21 34 80 17 6 2 85 39 68 83 55 32 87 38 51 85 41 23 29 20 38 73 100 7 64 56 72 22 30 41 84 39 65 9 15 65 29 78 45 86 55 5 68 41 48 22 81 53 1 46 23 34 34 62 44 66 59 56
37 86 91 35 33 67 44 98 62 15 9 95 50 99 47 90 11 77 76 6 86 69 9 74 82 35 82 66 26 42 12 91 81 79 84 84 34 82 38 78 63 70 98 82 6 50 88 69 8 8 30 77 38 35 32 75 1 34 79 43 85 24 41 15 5 37 70 30 78 78 65 51 96 22 84 79 63 96 84 85
81 80 11 79 100 60 6 90 67 59 50 52 59 73 79 85 6 52 9 91 77 19 57 17 87 56 16 45 5 77 32 88 73 19 75 63 96 96 11 17 45 66 67 38 56 44 59 41 68 45 83 72 55 86 46 44 56 83 23 88 56 83 75 63 34 52 64 93 22 5 37 59 46 84 68 50 6 52 64 95
43 4 92 73 65 87 35 19 16 81 21 12 75 36 11 50 27 13 25 72 54 13 20 43 4 47 35 71 42 39 85 9 9 50 46 90 56 48 87 71 87 55 1 33 17 50 43 16 16 19 97 14 55 43 99 87 20 70 32 21 95 56 48 40 11 79 78 29 96 51 98 96 26 82 3 44 42 84 36 63
48 65 84 65 7 66 29 80 88 63 61 79 19 4 91 7 85 34 87 80 71 25 73 92 79 24 95 86 25 96 33 41 41 79 31 99 40 23 76 70 64 22 62 52 43 14 96 21 31 44 100 57 15 30 79 46 3 24 12 44 60 48 65 95 55 20 95 17 86 2 72 99 24 14 20 97 23 91 77 24
37 54 49 5 68 41 92 54 64 18 57 21 9 8 60 60 39 96 60 79 52 55 30 93 22 22 83 8 41 27 17 33 55 31 71 57 74 70 10 62 47 62 59 55 69 39 44 64 67 36 31 14 33 2 66 30 41 92 91 48 8 26 53 99 15 47 2 42 8 23 3 84 48 6 11 67 13 92 12 9
97 37 97 8 57 40 11 68 65 31 97 84 33 74 39 62 8 33 14 96 37 75 86 96 18 51 35 63 10 14 49 2 69 71 41 20 97 39 95 13 7 65 47 48 4 28 47 72 87 59 88 33 43 64 6 52 18 72 28 23 92 24 92 73 35 8 78 67 14 96 31 17 25 61 49 9 91 66 97 36
26 19 22 11 29 94 71 23 69 17 27 95 88 43 62 68 40 40 79 2 93 62 48 81 4 1 77 6 13 99 77 61 74 93 2 11 63 32 15 63 92 44 28 89 56 65 51 59 12 53 13 100 35 59 44 80 51 77 92 82 36 80 68 16 21 51 21 94 61 70 29 16 26 86 97 48 4 85 92 96
80 36 36 62 65 51 24 61 30 16 37 72 51 95 50 99 22 18 12 29 55 54 74 73 31 91 7 87 81 97 21 7 33 30 35 73 20 4 89 86 3 40 59 98 4 63 43 70 68 55 44 80 32 26 51 68 4 97 78 43 12 45 65 98 36 97 65 63 58 8 57 54 43 51 17 94 65 27 52 97
14 92 80 12 5 13 11 50 8 25 95 48 88 22 3 11 77 13 56 67 48 23 74 27 1 13 26 90 15 75 17 35 91 12 65 77 83 86 17 60 85 42 24 27 73 87 49 64 41 51 54 55 75 18 3 84 48 8 80 70 87 16 89 31 95 20 10 6 43 94 97 57 43 80 13 81 74 6 25 70
59 94 70 43 21 85 51 50 67 81 53 77 21 6 87 49 28 48 37 9 37 87 66 66 24 89 26 78 9 76 6 81 49 47 5 51 99 11 87 36 4 22 94 27 39 90 55 43 54 5 39 31 6 9 48 58 23 25 79 87 21 58 22 38 23 21 69 10 80 92 65 1 90 38 73 69 100 4 35 69
12 58 17 89 82 96 4 11 18 80 97 85 28 84 12 23 92 65 70 40 72 52 60 3 85 35 69 83 26 87 6 77 68 55 19 6 35 30 53 70 39 91 28 15 31 78 42 10 10 60 79 59 19 21 97 93 71 21 72 17 13 69 27 51 26 67 74 88 78 46 35 34 38 78 52 37 85 75 43 49
12 58 58 15 4 43 84 42 10 14 65 57 91 56 54 49 32 91 49 3 76 40 9 31 22 91 92 57 4 40 50 74 83 72 73 12 48 64 53 80 66 85 93 62 19 98 47 62 42 45 7 45 62 54 54 68 12 12 36 34 12 30 72 34 54 32 63 86 75 70 91 91 78 21 30 100 30 43 85 100
76 20 95 27 95 39 12 4 16 63 91 4 18 39 4 56 66 12 39 56 60 95 90 63 18 20 66 96 48 86 79 14 11 78 65 18 77 94 69 92 14 87 79 83 50 24 43 54 29 1 60 89 77 72 36 9 44 30 85 52 48 4 21 51 23 48 4 13 64 21 57 97 91 46 75 66 14 46 13 41
36 3 77 98 93 16 84 89 37 83 20 77 67 3 6 65 19 43 18 1 26 80 2 89 34 11 40 94 26 60 73 47 70 37 14 3 80 28 5 76 33 40 83 57 56 75 59 9 18 47 72 29 65 12 53 12 8 52 2 12 43 19 74 5 60 80 97 7 92 30 8 29 53 24 17 36 36 62 20 85
29 76 56 24 29 99 74 21 56 24 63 6 93 98 19 8 73 64 47 59 67 39 11 50 73 72 71 41 93 19 11 9 56 30 84 73 62 88 49 96 11 16 66 56 91 36 34 82 12 13 51 28 1 69 9 93 65 79 87 28 41 72 51 98 96 62 44 12 58 66 5 82 34 6 55 95 79 19 21 49
40 6 18 80 8 50 11 16 98 76 88 53 75 76 97 12 71 39 94 18 46 8 75 73 60 99 23 91 1 39 100 50 30 95 69 11 1 69 84 66 70 2 22 42 68 82 13 88 28 79 14 64 71 34 37 2 90 93 97 67 34 17 49 71 19 43 75 91 20 93 6 72 16 1 47 77 56 21 66 42
100 50 53 37 54 71 2 42 64 42 45 89 11 40 72 73 37 83 91 9 75 20 60 34 98 20 71 50 86 46 89 98 62 67 78 14 20 55 77 76 96 83 46 8 16 37 58 95 87 79 23 40 30 76 99 91 12 79 30 46 19 96 80 60 88 86 68 41 52 44 43 71 78 93 58 70 79 25 35 23
