50
3
42 82 44 73 73 91 20 85 83 47 97 49 60 46 41 12 12 23 60 62 95 33 63 4 77 69 72 9 52 67 49 68 70 32 70 82 79 58 63 93 9 8 1 41 8 87 81 62 12 19
1 33 8 45 16 22 82 21 59 9 95 71 32 81 91 19 95 1 75 44 76 56 42 97 71 19 28 28 93 27 36 58 56 57 24 90 23 17 80 41 94 41 54 10 6 20 71 37 44 50
89 60 34 88 54 57 89 84 11 7 36 68 63 59 11 77 23 25 46 93 47 48 38 80 34 88 33 23 59 45 10 78 86 13 96 25 21 28 60 66 57 87 60 63 17 68 9 65 48 28
3 94 42 45 78 83 94 25 61 62 2 58 69 100 58 19 99 22 77 37 24 85 79 62 44 77 22 61 10 44 15 41 11 30 28 8 81 62 77 70 42 62 67 84 38 25 80 95 9 37
52 78 11 48 59 63 57 36 13 79 8 52 98 1 2 26 62 92 26 31 11 14 82 74 97 55 55 49 36 73 9 92 5 60 38 67 79 57 84 100 55 37 53 34 49 54 34 98 63 40
55 43 73 18 94 21 54 2 21 9 21 61 91 82 76 26 90 37 19 81 17 2 14 92 15 6 2 75 51 69 58 60 74 47 67 98 99 42 27 38 19 84 90 81 18 13 38 69 19 46
22 9 14 86 28 79 36 11 64 18 30 5 82 58 47 99 8 20 14 44 11 23 42 12 67 95 99 64 1 2 70 23 30 52 49 74 68 84 99 69 16 55 85 77 57 21 62 86 41 95
93 32 65 15 11 19 72 59 37 11 9 23 90 24 30 96 87 4 3 95 33 28 77 63 21 58 94 30 97 12 79 62 31 26 82 84 95 79 57 34 52 87 60 51 62 51 24 71 48 3
33 85 4 96 91 76 70 36 31 2 35 13 20 94 87 27 45 92 48 81 30 23 90 73 36 13 3 88 93 23 67 45 58 3 50 99 73 80 33 58 98 30 43 81 53 34 4 89 4 65
59 93 70 88 97 3 67 6 17 22 47 70 41 59 37 57 95 34 81 64 62 6 86 36 6 95 19 27 24 7 14 26 39 1 22 18 76 49 49 41 61 83 50 58 74 50 42 1 49 71
76 67 78 77 28 63 80 40 30 55 10 41 56 31 49 86 24 63 73 35 9 50 15 21 58 21 15 39 69 28 82 76 18 94 23 59 62 51 3 83 57 48 73 23 100 76 44 9 98 16
30 68 39 79 83 53 85 8 90 29 14 69 52 60 74 45 75 53 12 92 39 53 86 95 59 93 97 99 97 20 38 71 72 22 38 23 44 45 42 31 30 39 96 90 8 100 54 49 69 44
73 94 97 2 42 38 80 49 92 93 23 35 13 19 37 46 51 59 15 66 83 88 53 48 32 53 49 33 18 73 25 42 2 85 8 64 23 65 34 32 77 74 63 69 32 27 88 26 78 46
66 76 21 31 100 92 90 93 5 54 84 39 56 55 63 89 7 26 38 46 65 25 69 41 10 69 13 12 89 32 36 15 71 39 52 71 89 70 26 100 94 77 77 5 93 98 71 6 85 63
41 42 81 30 8 56 82 58 54 28 81 56 9 86 70 75 77 42 96 50 40 91 68 32 26 45 39 6 50 53 46 39 46 15 25 72 82 98 3 82 31 68 63 9 48 77 42 90 22 92
43 36 40 22 67 72 60 43 6 6 31 28 61 68 44 14 6 35 42 33 77 27 46 37 51 40 9 1 53 69 73 91 42 70 52 95 40 77 26 20 3 89 71 56 40 4 93 83 35 50
73 29 4 43 19 91 18 95 13 40 81 91 12 37 50 26 78 20 57 98 13 70 23 19 42 31 98 2 99 61 43 71 54 53 94 96 86 77 86 72 83 89 7 70 93 95 26 46 62 36
47 30 22 88 99 50 33 6 32 95 6 79 12 48 59 75 71 62 84 29 66 92 97 20 56 64 38 41 89 56 89 9 53 94 68 62 13 73 66 85 63 73 84 99 17 29 64 88 26 32
11 90 36 77 62 79 84 13 17 68 77 54 54 42 76 45 44 6 98 88 39 67 59 54 87 84 26 55 25 87 56 47 49 64 8 73 95 18 16 64 94 38 65 16 12 54 17 39 8 67
82 22 1 89 6 31 76 46 58 81 47 85 82 49 50 18 9 84 86 68 9 16 50 100 18 78 90 34 63 41 93 15 57 48 49 19 3 37 55 22 48 88 72 2 97 72 43 60 94 35
34 76 4 82 66 28 11 53 100 26 79 2 95 92 16 1 83 42 62 95 84 22 79 43 68 91 50 90 25 57 18 49 9 52 87 79 74 88 11 5 79 72 97 39 92 45 74 77 22 84
87 75 38 69 8 41 1 6 48 8 79 66 9 33 63 5 88 57 5 89 56 61 30 43 27 8 83 8 92 92 22 59 20 95 99 21 77 14 66 77 13 36 73 49 92 44 28 35 86 92
47 54 27 25 68 26 97 69 76 91 1 25 23 93 83 15 25 86 65 55 66 81 1 3 11 75 82 96 56 58 25 92 39 54 20 78 96 100 94 57 83 64 52 65 35 54 22 49 25 2
57 67 17 83 1 35 14 15 71 3 94 39 53 56 15 45 99 41 6 1 6 99 61 23 56 9 35 69 19 23 97 10 43 24 20 78 19 55 1 61 79 46 50 77 83 87 97 20 96 52
66 85 69 8 16 92 94 80 64 91 50 33 16 60 99 20 25 35 68 77 31 52 28 65 93 95 58 57 26 79 25 60 61 55 45 47 87 31 88 27 35 93 16 22 21 26 63 54 38 22
94 83 97 86 98 77 22 29 52 24 26 33 86 61 10 62 40 96 47 59 37 89 40 1 43 80 22 95 77 59 45 49 37 86 83 77 36 93 27 84 25 56 41 9 72 40 62 83 61 33
24 33 62 4 45 95 88 85 41 88 16 97 37 58 100 28 29 16 78 66 34 99 93 17 22 72 83 50 27 36 49 90 60 48 24 66 5 48 84 91 45 75 42 12 22 16 73 12 91 57
65 66 5 58 31 28 20 78 100 55 73 70 29 48 33 46 61 83 12 48 27 32 77 81 50 97 50 30 86 61 82 97 81 100 44 35 77 61 88 74 65 89 16 76 94 66 32 85 61 21
28 78 100 80 27 39 51 70 66 56 78 35 9 92 54 32 49 58 29 60 51 27 87 81 63 88 100 64 68 59 37 87 77 62 18 8 92 67 43 23 80 76 81 39 15 84 34 57 85 10
85 33 32 99 95 13 80 74 94 28 91 69 21 98 95 59 52 21 21 50 91 11 12 87 29 7 54 39 57 67 95 48 2 69 1 27 66 85 52 94 66 52 18 77 30 77 77 81 47 73
6 9 96 22 47 77 51 8 84 69 8 32 34 81 2 22 50 50 34 88 70 93 72 9 49 46 26 14 89 14 14 1 90 21 46 85 40 81 10 28 65 35 58 82 37 52 86 89 37 75
8 36 56 4 23 38 76 36 21 95 67 55 56 41 68 46 9 92 20 32 5 97 10 70 54 12 29 89 63 47 43 73 94 20 7 3 5 19 95 69 20 4 99 34 77 72 67 69 94 26
22 2 49 29 64 9 48 21 64 70 35 79 1 72 72 55 50 90 76 20 56 70 39 48 92 85 41 86 58 2 1 41 62 2 88 16 87 13 70 19 76 92 25 30 59 63 53 42 40 55
93 78 95 46 69 65 38 62 32 51 40 11 66 46 43 60 15 96 7 81 65 45 83 95 80 79 7 80 60 31 93 91 38 75 66 81 66 87 40 12 19 91 21 19 30 82 42 47 17 80
11 3 57 37 44 90 60 43 78 18 80 80 11 87 73 9 69 13 3 7 19 73 49 40 71 18 22 57 26 54 28 87 95 94 94 21 39 24 63 41 41 28 83 22 59 44 31 83 1 79
94 17 98 93 68 47 78 58 68 80 22 65 26 40 88 86 21 91 46 20 31 14 15 18 100 14 7 81 99 55 17 27 98 89 90 66 19 5 1 67 17 17 53 12 83 8 5 96 85 27
100 60 26 44 28 99 79 49 8 89 5 35 7 67 68 51 97 51 73 31 53 38 30 96 40 24 26 27 76 84 33 90 45 22 53 18 91 33 73 76 23 4 65 28 17 86 56 81 75 9
81 100 42 4 37 59 39 6 93 42 70 90 66 3 32 3 83 15 52 51 68 30 38 7 47 96 24 90 92 46 54 64 21 69 90 79 7 21 62 24 72 24 81 49 81 75 41 55 63 89
69 7 59 42 7 26 30 69 11 50 47 94 2 78 47 56 14 24 85 80 16 17 90 56 70 60 27 55 69 78 1 7 9 10 60 100 35 10 23 46 38 20 74 12 51 48 75 34 58 28
53 47 21 94 78 25 24 34 95 16 13 4 46 53 73 27 35 37 18 64 31 44 99 96 76 77 71 15 58 98 59 14 85 38 58 89 26 85 92 42 72 58 30 69 13 92 71 93 24 74
50 78 7 42 34 77 72 46 66 33 64 94 77 42 48 84 68 14 32 93 85 87 37 44 29 54 7 16 78 57 58 24 63 76 51 11 82 47 46 66 18 79 66 36 46 85 95 63 66 26
11 80 91 45 29 75 48 54 96 81 49 27 26 74 29 72 23 79 18 30 100 80 92 13 51 46 64 70 64 56 79 62 5 82 83 53 34 14 64 100 65 39 20 72 10 73 100 84 27 70
53 92 59 39 51 81 77 42 79 18 71 51 85 3 79 100 8 3 52 6 31 49 66 70 98 2 62 51 57 75 46 3 79 25 26 71 33 14 50 85 70 66 3 74 38 83 26 29 80 76
67 100 30 7 14 25 43 78 97 54 81 63 85 51 75 45 7 32 18 78 11 78 26 66 32 34 10 28 46 67 60 57 62 71 8 3 44 3 42 69 91 72 57 4 58 25 62 82 29 85
23 24 30 71 18 82 45 79 57 73 78 86 79 30 87 34 35 9 50 80 76 6 46 83 86 48 90 13 26 35 46 23 24 22 48 91 28 74 58 93 93 57 27 62 46 31 31 81 82 63
20 74 16 51 62 9 39 95 23 2 5 39 47 62 10 36 35 84 46 61 21 3 94 64 65 14 68 44 56 79 91 67 58 76 12 26 7 85 13 1 30 95 35 82 89 5 29 79 33 54
51 31 64 43 88 74 100 92 3 75 75 50 56 74 5 63 47 90 54 6 21 22 61 12 91 80 92 62 30 11 74 16 54 84 53 86 37 63 57 58 59 21 21 94 89 35 26 36 92 93
52 73 10 87 34 47 34 11 86 34 13 53 82 66 72 17 39 75 47 92 69 60 78 36 41 80 97 99 38 65 20 72 22 86 15 26 40 48 73 25 86 39 43 48 42 6 71 78 43 74
66 20 87 30 69 5 92 96 29 32 9 9 81 73 10 72 19 73 83 72 76 34 87 49 95 21 8 100 47 39 70 46 94 3 64 87 26 75 72 94 13 38 26 39 52 83 97 14 95 81
97 92 82 97 73 44 66 21 85 84 73 9 15 15 11 30 15 100 31 31 14 75 65 2 48 79 52 57 12 49 87 8 67 79 45 16 1 63 38 58 28 49 85 22 98 40 89 100 57 7
74 4 82 17 80 35 61 52 63 84 75 58 66 73 16 89 41 100 75 81 47 66 96 55 68 54 61 16 86 100 28 69 34 78 57 48 52 34 97 79 16 11 95 39 30 25 29 37 9 44
51 31 43 3 45 88 64 80 94 12 63 59 55 98 76 6 10 66 11 83 28 30 64 23 45 51 74 73 29 9 13 97 44 74 96 65 43 88 15 44 60 66 43 16 92 74 67 64 17 95
68 87 62 100 50 16 28 57 85 10 5 88 95 34 82 97 81 3 5 27 24 68 99 83 85 97 33 98 2 63 55 56 21 100 92 66 96 82 38 36 6 92 36 74 29 52 74 73 39 73
32 99 64 99 81 59 43 47 86 56 37 65 84 97 1 3 33 19 40 96 88 60 96 52 86 28 2 34 60 25 50 97 56 41 55 35 73 82 46 94 51 64 71 5 50 29 15 21 53 70
16 82 47 33 15 9 13 89 86 42 28 44 93 28 52 29 77 67 85 69 22 61 29 41 68 9 14 19 45 12 80 71 1 38 26 49 41 72 93 49 77 63 13 99 73 14 34 34 10 42
51 22 42 42 5 53 32 37 47 65 10 98 91 42 59 60 31 18 85 2 71 58 15 46 85 2 18 37 58 66 76 70 61 71 46 33 66 59 91 91 10 70 18 48 57 87 84 37 26 55
71 97 40 15 38 4 21 55 35 61 34 36 2 80 60 75 78 89 70 87 9 33 18 49 29 72 9 96 24 92 52 17 11 27 96 22 73 81 33 39 39 86 59 85 92 13 37 50 21 43
85 25 37 97 68 89 94 90 27 3 18 62 86 100 69 25 3 86 14 60 29 20 99 83 53 97 40 46 3 31 42 2 93 48 99 64 90 52 87 71 10 31 95 23 100 54 64 30 99 82
64 75 52 94 85 99 15 100 26 45 43 39 92 90 65 98 27 55 19 5 21 10 23 83 93 22 89 93 81 77 50 53 16 12 42 1 88 88 94 63 50 41 74 34 59 29 50 31 61 51
40 47 18 14 56 17 26 45 56 15 77 86 80 58 77 62 50 11 6 51 7 74 34 8 100 95 86 90 11 22 6 66 35 30 3 25 18 62 41 45 55 98 3 91 13 19 56 28 90 30
4 22 19 67 37 12 60 60 96 76 98 91 59 90 24 54 9 8 1 88 87 66 42 44 81 1 9 20 11 93 4 29 27 85 35 75 80 8 54 18 58 99 29 92 52 21 74 71 24 96
76 95 7 56 12 73 43 82 28 100 44 31 85 32 90 58 51 3 65 72 56 68 6 9 82 75 65 44 34 17 93 31 100 63 85 93 16 17 78 31 42 87 53 64 18 50 86 46 68 82
88 79 24 63 84 41 30 46 71 43 35 68 54 13 86 16 54 50 76 66 1 22 57 86 25 68 19 83 30 27 74 62 1 82 61 45 76 75 44 73 57 96 60 22 82 27 44 55 68 85
15 37 37 85 97 91 52 17 31 75 65 26 7 45 9 74 75 35 98 48 19 71 57 81 24 26 17 62 83 56 23 75 82 90 30 23 17 44 94 53 25 100 55 71 28 53 83 62 3 20
76 5 78 36 34 33 97 76 3 53 95 65 89 82 34 53 20 82 53 50 46 80 73 18 34 72 84 62 75 45 11 15 92 85 64 50 8 79 12 61 57 65 7 76 42 79 18 27 14 81
88 68 78 4 78 88 61 75 11 88 29 38 22 22 16 39 26 100 62 61 21 77 64 75 17 90 76 87 64 13 1 69 93 80 73 86 43 2 36 60 29 53 46 86 92 62 92 46 34 35
28 10 11 39 68 29 40 100 86 64 40 48 40 52 16 95 65 48 31 41 17 32 53 16 60 67 74 27 65 32 43 23 22 99 3 83 86 39 54 52 90 52 7 19 62 66 55 5 44 24
29 86 83 50 34 31 27 29 61 84 35 7 41 28 92 87 80 51 69 80 49 21 13 82 3 25 8 5 64 19 80 24 39 29 44 61 7 90 39 13 46 19 85 93 77 9 69 24 50 11
96 41 17 84 8 18 97 93 48 63 72 50 95 98 20 17 33 58 76 14 68 53 41 80 95 62 88 29 49 39 58 35 49 38 5 23 4 68 91 30 42 32 87 81 66 65 70 53 68 65
80 30 55 23 40 58 97 27 36 36 22 93 78 13 22 46 1 15 53 51 68 8 62 29 83 96 5 95 42 60 84 79 38 87 82 34 43 99 4 8 75 94 90 69 91 56 31 72 95 21
55 24 78 15 91 14 57 80 42 3 20 29 16 65 25 22 21 42 28 64 54 38 66 21 54 38 46 21 6 18 79 51 18 43 80 29 39 48 87 74 68 91 84 63 40 8 74 87 73 13
75 5 14 19 91 31 62 24 51 40 34 52 51 93 66 17 61 68 53 25 88 39 87 45 72 10 32 93 58 68 83 27 21 47 58 25 57 61 51 23 64 38 87 21 75 34 52 6 92 2
64 69 39 14 50 1 72 84 36 99 40 1 79 78 7 79 100 36 15 2 90 44 9 12 47 7 26 66 27 83 65 59 47 82 36 74 59 16 38 36 49 4 84 93 21 57 89 90 1 82
13 53 90 81 55 40 58 52 77 73 9 8 77 78 70 21 32 20 39 6 91 76 10 34 64 100 59 2 60 18 72 88 37 47 26 69 23 76 28 25 88 38 86 26 31 28 89 92 28 99
24 81 73 37 28 35 32 6 43 69 3 48 81 58 42 53 27 45 20 26 50 71 36 42 89 24 53 50 5 58 33 44 48 43 43 74 49 77 93 71 58 46 12 93 7 76 17 82 100 79
68 58 71 45 4 22 13 22 65 57 29 2 29 33 24 85 33 26 98 13 67 47 1 64 27 21 2 75 83 21 73 67 19 77 41 40 18 94 13 17 47 73 9 75 49 11 95 49 77 43
19 34 13 62 85 84 8 81 95 62 90 57 79 13 16 79 55 47 32 26 95 87 98 45 64 1 94 73 80 74 68 75 3 70 39 60 47 83 77 63 70 18 49 49 29 63 78 26 47 46
51 60 15 94 39 15 81 34 12 19 14 13 51 34 5 13 35 31 37 28 84 91 58 63 24 89 95 33 2 5 41 29 63 94 12 5 34 6 20 4 64 76 33 26 82 54 76 94 71 58
56 97 60 53 97 75 91 41 5 24 35 20 81 3 25 8 40 78 7 28 2 34 25 58 79 76 96 38 90 24 54 98 18 60 23 32 89 7 21 9 31 86 95 45 16 57 51 63 48 37
54 58 35 8 39 5 2 71 43 47 97 66 12 92 45 17 60 9 19 89 56 11 92 91 17 33 18 24 47 28 54 45 29 4 97 4 4 81 49 38 46 80 35 14 22 9 93 23 26 26
92 59 96 49 78 85 97 18 57 17 85 8 45 22 32 44 23 71 70 48 26 4 77 24 6 26 50 52 90 37 96 38 23 81 61 7 68 7 62 24 40 49 74 58 64 43 29 83 72 86
60 60 93 42 98 89 12 5 55 35 97 40 30 87 95 67 36 81 11 98 51 99 1 58 4 67 61 73 30 38 64 83 66 4 47 84 21 36 24 67 40 16 90 15 45 98 99 44 16 99
69 60 57 38 63 85 23 50 54 16 93 32 13 81 77 94 3 30 98 52 56 58 6 57 82 39 36 24 59 87 69 23 90 49 36 20 67 76 38 85 46 54 23 1 32 4 36 20 96 79
21 58 97 68 58 22 28 99 87 89 23 49 39 46 92 99 92 70 18 79 14 12 58 98 73 39 9 40 45 11 89 23 25 72 15 5 1 87 22 2 68 53 38 93 27 70 64 51 72 20
49 44 53 62 83 53 55 30 11 56 52 99 47 67 56 16 29 16 9 18 5 13 22 75 54 29 57 76 72 26 65 85 43 71 14 44 55 5 24 73 52 62 43 26 7 65 23 57 24 70
55 34 59 24 23 39 28 97 54 90 9 75 57 89 34 46 31 40 6 52 52 36 57 100 87 53 29 20 63 19 49 37 53 53 53 71 97 62 31 55 84 1 92 85 73 36 43 2 44 67
7 33 12 38 61 46 87 21 100 37 69 39 61 3 86 15 51 31 83 70 23 35 11 70 5 91 69 6 61 51 16 90 79 18 24 42 16 24 1 53 34 6 84 35 2 30 56 88 41 69
86 15 87 18 96 38 98 60 87 42 41 84 70 99 5 76 23 74 23 92 13 29 4 64 65 69 36 96 25 9 46 47 86 43 76 5 34 57 48 95 92 71 7 23 32 26 100 89 85 33
8 35 21 14 45 14 76 99 76 32 53 67 8 21 81 95 39 55 23 38 92 12 28 32 69 81 20 3 1 50 28 93 65 41 52 53 85 26 5 42 14 12 30 37 47 61 2 46 5 21
58 69 66 48 19 12 46 55 95 97 88 57 36 80 9 32 86 65 85 5 48 65 77 96 34 77 4 6 94 36 72 84 65 37 95 96 38 54 20 74 96 12 66 62 52 81 42 54 55 17
28 51 71 66 42 74 29 71 3 84 51 79 83 23 59 50 42 48 27 4 22 44 85 52 99 12 6 97 24 27 16 22 14 72 34 22 91 4 8 18 79 4 33 50 54 70 94 12 3 82
67 23 96 60 13 25 60 27 46 31 81 37 79 78 51 73 46 84 38 18 27 33 10 84 71 79 6 74 22 69 65 46 37 97 75 55 40 74 8 84 28 8 57 75 61 67 89 6 76 83
91 93 75 20 21 91 25 24 92 33 9 33 98 12 72 86 14 89 55 9 35 42 27 86 85 76 83 36 69 37 43 34 90 19 32 81 64 5 40 100 5 6 83 18 33 38 49 18 76 20
63 39 14 52 60 48 58 42 26 22 28 35 77 14 89 65 83 63 19 53 27 21 21 88 86 65 75 25 26 57 83 5 29 71 30 66 3 92 66 8 13 64 33 16 92 62 38 85 16 9
18 82 88 38 87 95 71 91 97 98 86 4 54 5 12 64 6 39 3 73 63 51 47 79 87 18 86 17 46 69 94 4 64 9 95 19 1 61 2 98 83 67 45 24 20 98 28 26 91 35
68 12 42 95 87 4 24 24 77 7 20 94 15 21 55 97 87 36 18 66 44 36 77 75 76 85 77 33 78 30 92 59 8 47 31 77 33 16 85 19 38 63 7 52 39 14 18 81 7 66
80 45 51 83 60 70 57 26 70 69 18 46 31 80 1 60 71 72 6 43 59 53 63 69 46 76 26 95 95 43 40 73 8 66 1 28 90 91 52 35 25 38 96 89 98 89 29 94 72 50
17 76 85 12 5 3 64 86 50 24 70 62 62 14 99 63 23 75 82 86 14 46 61 24 90 48 65 5 5 41 9 98 91 95 40 50 86 63 14 86 56 95 25 34 29 60 87 24 56 33
47 27 76 18 33 23 13 14 71 18 49 47 62 70 89 22 10 23 95 47 81 59 56 81 21 55 89 33 84 71 49 31 31 94 25 91 71 6 43 39 35 6 83 4 85 74 35 55 37 42
58 62 59 48 70 53 7 87 47 34 58 37 67 54 47 54 97 83 90 67 37 87 99 96 45 67 69 19 24 88 66 76 39 99 20 36 7 4 26 44 63 51 97 39 54 83 46 83 98 90
68 91 44 45 16 29 52 28 33 100 85 70 94 39 98 71 61 63 24 61 69 90 33 5 65 96 29 70 23 11 96 60 80 46 17 25 33 76 69 61 39 19 96 55 91 86 91 28 43 98
9 23 72 23 46 83 13 80 25 10 97 56 88 16 23 88 28 91 69 93 40 89 48 86 13 35 40 52 63 97 89 36 50 5 83 81 43 88 20 64 84 22 36 74 92 17 84 23 57 23
15 56 90 14 65 69 33 17 97 93 83 12 35 34 45 56 28 32 100 3 47 4 30 73 10 61 98 93 2 54 66 5 43 80 68 58 55 93 48 75 9 54 34 4 89 55 87 21 3 63
18 40 77 29 65 14 41 14 66 80 77 27 74 77 18 39 15 20 26 73 22 56 82 33 8 18 14 55 50 41 82 6 97 89 9 13 86 58 35 19 82 93 74 30 39 96 6 91 82 80
18 42 66 54 36 87 91 77 86 45 31 16 37 73 98 12 25 11 55 85 20 88 80 72 62 34 83 66 95 34 97 79 62 39 84 76 96 23 26 76 2 76 73 80 7 20 12 78 35 82
65 54 33 19 89 61 55 60 51 47 86 62 92 15 37 3 26 59 46 67 45 27 78 94 75 33 20 26 66 1 80 14 5 52 7 50 86 57 14 55 30 17 69 14 60 26 71 82 75 44
90 94 62 63 26 67 20 86 94 97 86 74 61 25 63 45 14 88 6 83 89 42 87 8 12 84 70 33 30 88 88 3 86 15 20 81 95 72 59 91 95 94 78 92 71 61 40 50 11 69
15 93 26 77 32 35 57 36 37 5 92 15 22 94 85 57 71 30 22 92 96 87 43 22 30 1 82 77 80 29 30 32 56 40 80 75 96 21 52 65 11 94 74 81 68 18 66 91 96 15
77 95 58 27 21 17 92 48 56 51 31 54 81 61 11 85 24 90 45 81 67 60 16 58 83 85 99 97 17 29 96 49 58 12 88 23 60 25 43 52 53 56 38 1 34 62 11 81 49 58
91 64 31 49 97 97 33 89 70 18 38 31 78 18 13 6 9 78 57 82 79 59 47 58 100 51 67 27 62 10 45 83 98 69 100 54 30 68 57 72 94 3 53 49 33 39 50 1 50 38
49 42 90 3 8 28 94 89 7 13 21 78 19 15 27 74 58 47 32 41 33 22 6 46 68 69 40 20 48 50 48 43 36 75 16 38 86 30 41 79 96 80 1 52 92 79 80 14 39 40
95 12 65 81 10 20 12 55 6 62 80 47 1 3 32 72 35 17 52 68 37 19 98 78 18 28 67 33 11 78 57 56 31 89 68 75 71 22 41 49 48 28 6 25 57 36 65 19 13 68
69 68 46 30 24 21 53 82 2 10 88 75 88 19 15 62 16 28 97 25 46 14 93 9 27 57 80 3 34 74 17 91 65 71 93 3 21 50 16 8 11 8 87 94 18 100 45 35 85 77
69 68 13 60 39 52 23 99 29 100 39 99 41 21 67 62 78 100 4 28 11 63 69 72 4 28 6 38 55 71 18 89 73 34 63 5 79 38 33 13 82 90 91 68 13 41 63 94 44 1
81 34 54 35 16 17 41 99 82 86 47 29 43 38 96 75 22 26 88 99 35 56 52 26 24 57 79 87 85 72 39 3 16 60 77 65 41 83 56 41 52 21 21 58 52 42 83 79 37 75
87 56 11 91 42 68 78 49 34 95 58 48 45 96 60 84 23 16 90 1 96 82 65 21 9 73 41 21 27 28 65 44 30 63 1 27 84 43 100 40 24 3 47 78 41 6 32 83 62 40
10 3 35 43 25 94 86 90 24 62 21 46 66 95 85 31 13 98 86 84 28 52 88 93 38 82 50 58 72 67 15 96 50 3 52 1 49 92 12 42 35 12 71 28 88 85 59 46 30 45
4 28 25 87 3 22 52 51 99 73 1 41 82 8 21 63 53 22 94 9 79 93 30 99 44 4 98 10 43 64 99 75 64 46 13 98 87 73 41 25 48 23 97 33 37 90 78 64 77 67
25 96 40 79 72 52 76 55 93 85 98 40 2 21 52 91 82 98 85 31 29 17 90 6 11 63 36 58 75 47 56 18 66 16 92 36 58 83 84 88 48 84 48 13 39 42 47 58 93 22
54 95 76 74 9 24 6 63 65 21 78 4 34 21 43 74 18 62 92 55 81 85 25 55 73 43 4 28 44 46 59 34 9 92 3 19 51 84 82 97 41 51 95 91 45 89 72 64 100 23
83 9 87 64 71 53 8 99 22 13 53 20 7 9 17 64 77 68 26 73 99 85 51 2 96 49 67 5 78 96 92 70 6 42 67 10 86 97 33 30 79 33 54 80 62 60 89 93 70 32
90 58 52 91 42 64 87 24 36 100 45 89 64 56 12 89 62 49 16 44 52 64 58 69 74 2 40 99 45 76 49 84 97 21 6 76 25 12 79 33 67 85 9 29 42 35 22 29 55 1
69 85 35 22 51 4 54 11 7 1 4 45 63 68 63 34 16 11 19 66 41 52 84 86 70 69 27 56 23 14 85 65 62 75 88 63 6 36 31 48 33 43 8 51 74 31 22 96 74 14
53 42 62 26 46 15 30 100 50 67 13 11 18 65 75 79 65 72 8 88 12 33 73 40 11 83 49 100 45 29 8 82 48 21 49 28 47 31 43 39 31 60 74 33 48 17 14 6 31 30
88 27 73 53 40 58 52 53 92 43 64 36 36 17 82 77 87 30 7 73 86 58 26 35 15 36 61 89 97 96 18 30 12 86 93 43 27 99 5 25 89 56 49 84 62 91 32 66 42 41
59 31 2 66 44 92 91 3 72 31 2 74 78 53 75 7 43 55 28 96 78 22 73 27 47 36 22 37 18 33 15 82 21 39 73 11 34 60 51 84 69 61 2 86 22 97 19 77 89 83
95 88 58 2 81 41 56 74 62 88 30 12 41 20 11 8 59 8 7 94 56 16 71 22 52 38 57 19 74 69 58 98 19 44 29 44 43 85 23 89 31 58 66 34 7 5 97 91 14 43
15 1 31 84 42 79 66 78 91 65 28 35 27 86 7 81 23 26 55 31 6 72 33 28 49 3 20 12 26 26 16 2 79 64 31 79 71 66 73 66 63 56 68 33 99 30 7 24 39 23
35 63 85 8 96 66 7 72 64 59 2 97 76 90 91 3 9 34 50 46 64 88 97 75 55 54 4 4 74 40 9 39 1 48 24 15 35 24 21 15 96 3 83 1 43 82 29 50 17 69
62 86 79 85 36 27 30 22 41 66 29 53 58 30 57 88 48 82 40 37 51 31 82 95 88 73 65 26 37 65 81 2 60 39 11 17 21 25 54 95 63 67 20 15 46 8 88 75 94 52
31 92 46 98 47 50 42 64 46 57 15 36 32 12 26 79 98 46 74 48 30 10 82 100 51 95 82 31 94 22 73 90 44 82 9 25 13 36 20 80 48 97 90 42 29 42 77 37 2 86
8 35 94 34 20 87 100 18 69 2 74 72 59 57 63 66 28 62 14 87 95 10 37 86 60 12 15 86 33 95 41 4 7 38 74 15 26 30 74 98 35 53 2 25 64 64 32 91 97 66
30 42 52 18 49 93 13 93 67 31 50 20 48 78 57 91 1 74 71 8 56 30 69 20 96 57 73 38 88 66 19 49 39 57 92 55 3 93 21 56 50 35 10 37 25 29 97 99 66 40
40 28 71 87 68 35 88 19 64 65 97 72 96 30 37 29 11 27 78 79 4 75 9 9 10 83 25 62 49 14 82 64 71 19 18 49 64 81 86 95 16 87 67 61 53 39 47 23 32 32
83 45 10 56 75 2 31 23 88 82 8 20 62 47 100 95 5 24 64 75 6 49 24 52 29 60 93 55 56 44 28 96 75 36 62 5 21 13 8 51 73 25 94 33 91 42 27 19 93 24
56 85 49 48 17 5 42 38 26 87 71 39 56 99 91 78 85 37 94 67 46 42 1 17 11 55 67 52 42 31 96 20 2 25 92 91 82 40 7 11 89 22 43 9 50 74 79 56 69 75
31 51 48 24 51 31 91 11 53 90 29 84 22 74 71 72 25 40 59 10 11 46 97 11 13 91 35 54 16 83 45 18 69 71 10 55 57 35 47 8 2 82 97 22 74 50 38 69 31 22
65 58 93 77 76 63 5 5 7 80 47 77 86 74 7 15 10 100 79 65 55 86 60 23 29 1 32 48 17 1 66 15 84 68 100 86 62 98 53 48 98 39 36 35 63 68 58 99 11 26
79 45 61 36 26 65 38 89 4 64 26 7 92 70 29 72 63 73 89 33 47 94 59 89 3 3 3 77 53 66 73 33 71 24 87 28 54 78 81 69 89 2 52 84 12 58 59 39 88 25
46 77 46 14 92 43 88 65 41 97 4 10 63 59 70 60 75 100 46 16 80 60 73 29 7 74 22 64 21 12 14 93 27 82 48 52 83 93 43 88 22 54 25 36 6 46 38 40 49 15
97 82 6 7 66 25 36 9 53 81 64 67 47 59 43 91 64 16 40 51 37 27 36 39 59 60 39 96 19 36 78 10 43 48 80 37 35 24 86 36 54 76 62 46 19 4 98 62 88 9
96 82 15 83 87 58 59 16 79 26 43 2 47 9 23 85 95 55 64 92 6 76 13 75 40 60 4 81 75 97 76 69 68 37 26 60 8 18 36 14 59 61 11 40 53 65 55 40 38 15
77 73 30 48 19 77 15 81 29 47 100 55 12 78 77 20 33 2 20 22 14 64 49 36 36 59 64 66 59 45 94 61 15 57 41 74 89 62 20 95 20 9 36 8 28 40 83 88 79 97
11 13 40 31 54 38 54 35 43 31 33 72 73 20 94 56 92 72 75 16 4 22 75 36 50 16 74 55 32 82 35 76 77 79 28 85 35 51 83 70 50 96 12 21 45 8 32 12 31 45
6 78 89 76 18 100 3 10 83 48 60 95 16 38 24 41 56 100 63 69 9 91 12 58 65 84 57 30 94 50 82 51 3 46 50 21 21 36 20 39 17 62 80 38 58 2 32 44 47 96
66 71 19 84 92 79 13 66 96 89 44 3 63 6 42 83 66 60 52 35 86 96 35 81 99 79 83 75 70 56 19 6 31 40 67 62 16 63 22 75 92 67 85 28 98 29 16 56 95 76
42 55 96 97 97 21 81 55 79 11 80 84 14 71 8 84 100 70 99 45 31 81 29 19 98 92 60 5 24 17 80 65 40 12 60 35 59 25 44 88 33 81 29 100 24 83 64 58 43 16
96 67 22 23 34 1 38 55 3 69 45 50 8 51 11 54 79 27 43 87 20 46 89 77 8 61 99 53 75 53 12 64 17 22 79 62 22 52 33 53 86 5 60 7 32 95 73 26 46 77
37 97 73 19 3 90 64 56 64 76 12 57 42 68 54 82 24 51 72 79 79 45 10 9 3 20 65 99 44 67 55 78 65 13 41 21 35 31 86 47 16 74 95 48 33 8 89 81 40 69
45 97 43 1 37 2 67 11 89 57 34 20 21 8 60 45 30 87 74 81 98 66 54 100 44 84 63 48 73 16 100 67 43 83 16 62 79 55 85 91 22 26 3 16 4 61 69 47 4 41
