60
4
79 40 58 87 5 44 80 4 35 12 51 48 97 4 96 59 81 48 65 45 78 76 3 3 86 22 2 78 73 85 9 27 68 63 14 12 93 88 87 71 98 4 25 89 84 81 46 98 29 34 37 92 44 62 83 6 73 56 37 47
26 62 58 90 41 87 88 54 62 85 69 44 80 55 28 54 63 21 22 60 6 88 52 13 15 25 79 16 63 24 51 53 55 14 84 19 21 83 90 83 87 59 14 73 78 75 75 95 4 34 62 69 25 90 1 11 26 30 92 46
89 81 67 63 58 67 89 12 14 67 37 91 35 79 97 75 59 74 60 51 38 65 62 55 43 18 40 40 36 61 39 62 51 31 55 59 72 34 95 12 80 37 51 4 29 88 47 47 63 58 44 48 63 77 65 41 40 65 88 37
23 60 50 17 21 44 52 13 43 84 55 79 26 7 19 55 89 29 90 7 37 25 88 96 43 74 16 83 93 75 3 60 28 32 30 35 44 28 21 56 41 78 87 64 79 68 7 55 74 20 61 5 78 46 30 38 76 52 21 56
72 36 66 68 42 53 34 83 16 54 81 10 18 23 11 63 100 8 46 34 30 88 60 42 32 73 19 86 91 99 51 72 1 66 97 21 34 13 81 64 10 89 38 46 27 45 79 24 45 53 53 60 95 78 78 56 45 9 54 77
83 97 62 30 11 4 37 99 81 74 61 62 71 37 15 61 61 34 84 78 64 100 35 25 23 19 15 48 45 16 63 59 72 20 43 24 16 45 44 37 83 61 31 61 78 32 55 4 77 96 51 53 80 60 39 67 16 48 63 22
32 56 69 50 16 61 25 12 34 26 31 48 72 43 14 80 68 49 28 59 29 10 37 92 32 19 13 86 34 72 98 51 5 6 31 40 1 66 47 11 19 90 43 4 24 1 28 11 34 63 94 4 41 31 15 18 42 14 84 17
79 28 91 39 40 11 100 11 64 3 17 72 55 4 65 73 9 16 78 100 41 77 91 95 62 22 41 54 21 72 67 100 76 71 12 78 35 2 75 50 80 42 88 13 66 74 39 27 64 26 25 94 12 69 6 62 94 74 82 13
98 47 35 31 75 23 82 38 32 83 31 44 16 94 24 33 1 70 18 31 73 67 4 23 31 53 31 60 13 48 86 22 31 2 19 15 7 67 27 79 26 52 89 37 10 81 26 10 49 100 2 92 90 31 31 29 31 4 45 34
51 29 98 78 99 17 23 100 86 80 91 75 29 50 10 3 62 80 67 68 39 24 66 10 78 23 34 96 48 84 100 1 60 42 56 62 40 23 42 54 5 3 15 13 15 94 60 70 15 78 57 94 43 50 90 65 42 74 37 60
36 89 9 40 25 17 13 47 69 41 8 63 78 46 11 86 63 19 12 80 75 33 43 45 52 59 75 34 4 82 14 22 34 2 79 38 11 21 67 7 18 79 35 97 59 39 26 75 94 31 18 73 90 10 25 69 31 46 39 46
60 94 50 40 75 39 49 35 9 19 46 7 25 8 11 5 96 33 38 55 72 52 68 24 44 14 92 4 25 34 51 32 99 67 57 11 20 16 32 57 91 70 3 35 19 48 89 48 72 62 24 69 74 88 38 72 16 1 84 28
35 35 32 76 18 49 75 45 51 11 3 20 36 5 94 2 93 42 84 84 16 88 10 67 45 69 9 64 47 21 94 51 39 36 60 65 42 24 91 31 74 65 98 18 25 8 85 81 50 47 38 31 22 33 77 46 22 12 53 34
5 61 33 55 84 51 64 6 40 55 62 6 6 39 31 86 77 97 50 82 86 94 30 90 52 10 98 8 48 74 71 48 11 62 2 62 88 89 61 58 22 48 77 9 60 67 27 7 50 91 60 62 63 27 62 27 100 85 20 44
56 39 19 38 65 80 25 71 10 17 18 68 45 71 12 40 83 27 44 82 14 96 76 66 30 64 21 31 81 52 95 28 59 43 64 74 12 28 46 78 49 74 57 60 46 20 88 91 74 59 79 10 95 5 77 99 30 35 46 92
82 37 99 79 23 65 8 89 17 88 58 3 34 20 40 7 74 5 3 96 18 64 3 70 14 89 11 22 77 81 19 40 24 50 73 73 76 66 33 3 65 81 34 31 7 5 33 83 94 92 57 89 44 31 50 96 79 49 52 12
15 30 9 78 47 57 52 34 47 35 37 14 58 61 96 76 15 11 8 47 6 12 67 22 22 81 85 28 78 88 48 74 8 31 37 60 39 97 95 29 15 45 39 84 4 30 96 59 65 22 11 23 78 10 87 46 65 96 23 61
60 14 85 26 42 38 32 75 25 71 57 25 64 84 90 37 77 79 14 100 97 18 95 2 17 54 11 10 5 55 56 95 16 70 81 48 32 49 63 84 34 50 40 72 91 2 36 45 96 6 19 82 16 95 71 82 98 57 65 75
92 9 4 75 43 36 9 19 15 88 80 50 80 14 80 84 31 70 22 72 93 11 41 79 45 60 37 56 6 58 98 20 46 19 52 45 16 61 82 49 44 74 48 82 85 22 70 84 11 74 57 9 45 51 71 15 5 53 26 86
1 38 87 79 74 93 79 4 97 46 41 15 16 90 38 32 25 63 15 14 91 19 45 41 22 56 25 40 81 51 5 72 47 20 11 90 79 27 15 77 12 7 93 39 69 72 65 8 20 13 24 41 40 94 96 95 53 95 71 93
1 95 5 55 49 2 56 82 9 6 30 90 72 50 24 97 65 95 34 34 19 84 50 44 12 93 47 38 71 6 37 93 37 71 82 98 70 25 92 50 56 18 4 55 91 4 77 56 6 89 22 7 34 81 72 42 11 60 34 32
4 8 19 71 38 29 45 51 53 98 23 80 45 54 21 45 4 5 35 2 52 20 100 68 73 33 67 8 32 98 55 12 87 44 92 83 23 91 39 3 85 23 41 97 12 67 35 69 24 3 13 79 38 8 30 86 98 34 84 42
54 98 40 68 28 7 79 17 11 9 42 83 91 83 29 65 75 67 18 81 12 84 64 86 71 67 94 52 87 84 70 71 27 2 50 49 56 13 82 19 85 66 18 28 59 43 58 46 25 97 17 70 59 68 72 8 98 42 97 53
1 6 55 33 11 67 27 36 46 93 87 45 81 37 86 25 99 96 19 32 2 91 47 78 89 87 8 77 40 97 68 15 10 11 1 7 21 71 79 17 96 89 25 42 46 24 29 38 79 32 2 21 96 13 75 76 15 39 12 72
28 82 31 86 24 37 79 95 34 37 79 45 16 66 89 87 86 83 25 6 62 20 67 75 16 46 29 27 10 45 100 99 95 5 5 55 82 50 100 85 79 6 30 93 61 34 51 92 64 10 91 83 66 65 60 46 33 74 34 39
45 89 19 84 11 76 17 89 56 60 17 100 41 66 22 51 16 3 22 61 77 17 80 10 11 38 43 60 24 11 85 65 50 28 21 32 36 24 8 5 62 56 21 84 39 85 50 56 66 41 25 17 72 28 4 72 76 79 90 52
63 89 56 95 57 100 56 54 55 42 28 68 29 62 67 50 52 4 17 51 63 87 69 66 71 79 82 52 33 82 83 48 52 55 49 66 50 87 37 48 25 81 82 79 75 64 63 32 45 9 51 39 83 64 69 84 76 66 4 49
41 84 80 38 36 35 63 39 22 75 97 12 32 63 93 16 22 47 85 37 18 82 60 16 4 75 8 59 33 41 93 91 80 10 51 77 70 28 72 68 16 25 4 88 35 92 17 44 68 2 90 57 38 38 20 1 95 98 75 75
28 81 39 13 46 25 76 86 33 94 85 95 27 65 36 44 38 75 97 14 6 92 42 8 79 35 58 60 40 58 81 24 19 63 73 9 79 83 87 57 4 44 13 54 54 25 51 30 81 76 48 15 85 42 43 58 80 92 80 68
50 69 89 52 1 63 41 51 72 6 87 94 9 54 97 25 44 75 45 78 91 83 3 40 93 23 73 4 6 8 69 32 93 1 12 66 31 11 5 96 10 88 11 45 1 21 44 36 85 36 68 81 76 5 26 94 69 66 70 31
1 26 27 69 22 67 78 8 77 83 90 16 71 41 77 60 92 67 62 34 14 69 11 35 7 61 1 4 16 29 67 14 87 13 14 88 53 50 72 38 24 30 4 89 63 66 9 35 46 44 57 57 12 77 4 12 57 70 67 11
67 56 27 53 54 76 23 67 72 5 34 23 88 100 53 82 37 82 16 4 35 63 6 21 4 67 58 62 32 20 76 87 87 97 99 8 93 6 5 31 100 96 37 56 92 11 39 10 27 69 70 64 35 74 29 94 58 74 1 23
99 55 30 79 82 70 72 52 9 15 18 49 77 50 31 1 76 88 62 53 78 18 93 67 79 89 54 5 93 29 19 65 32 14 72 15 73 82 67 96 9 25 57 56 44 64 10 6 63 4 71 41 85 48 81 90 72 28 80 76
93 66 62 89 75 45 87 20 84 78 71 95 10 87 6 54 84 57 46 24 17 99 61 62 92 74 82 74 56 83 45 33 46 31 81 15 83 94 51 9 41 43 21 56 2 91 4 39 39 2 81 35 34 61 76 78 56 2 36 63
11 22 53 16 3 19 87 19 10 65 4 30 3 80 77 26 94 67 96 24 17 96 31 36 90 100 52 5 84 3 16 86 91 60 50 76 85 50 54 48 60 100 37 81 31 33 75 57 28 92 68 67 44 86 70 42 74 5 46 54
81 97 88 69 62 66 21 29 54 52 91 41 95 32 77 41 11 96 63 64 43 55 10 4 11 11 5 27 93 94 2 3 29 87 96 1 52 59 90 87 62 90 73 18 10 93 37 83 98 38 39 66 61 98 85 85 87 57 68 18
89 55 43 84 92 50 60 19 88 9 83 38 17 34 17 45 36 72 93 10 45 21 73 83 18 27 53 7 76 31 6 4 36 20 2 28 85 72 15 5 24 84 74 6 86 68 20 38 10 54 20 19 10 93 26 91 30 45 98 15
85 53 14 74 93 43 98 10 33 97 68 5 80 94 66 33 18 38 17 39 67 35 60 75 50 30 65 18 44 39 66 8 49 19 82 12 25 75 23 34 40 69 81 59 12 35 49 61 94 27 22 42 78 38 77 46 42 95 32 62
40 97 5 42 52 76 21 78 39 9 80 2 52 21 63 4 89 22 13 65 95 11 82 54 51 88 40 29 23 15 5 19 73 74 28 19 37 51 23 46 87 11 41 2 86 77 2 8 56 70 97 6 46 59 67 96 61 72 4 82
73 23 20 86 56 50 90 95 24 49 48 6 78 77 76 86 12 93 69 28 36 13 51 41 37 7 22 14 30 34 10 2 24 38 29 18 49 2 55 45 39 27 59 23 60 48 16 45 25 79 78 51 65 61 90 86 59 2 65 61
5 72 65 98 87 9 28 43 15 67 62 23 57 3 93 45 89 73 9 25 11 19 60 66 60 59 78 18 77 41 31 67 34 83 78 65 87 49 58 19 9 78 75 38 9 88 82 21 38 57 42 66 76 78 4 45 32 63 46 54
37 90 40 56 41 33 17 56 51 83 61 86 19 5 42 5 94 65 14 28 95 13 11 48 19 76 98 48 60 15 44 96 51 10 47 59 64 2 67 68 86 41 40 100 58 14 87 43 29 60 65 5 44 83 68 37 87 79 41 26
28 51 39 71 19 29 9 26 83 79 81 5 44 16 41 49 24 80 29 91 74 44 18 68 22 87 89 73 7 29 42 43 36 14 68 88 27 58 3 35 56 4 17 82 71 32 66 23 18 45 32 77 70 52 97 49 10 53 24 56
82 11 97 27 51 45 36 27 47 22 65 6 93 32 83 42 21 8 51 94 38 81 4 45 68 91 24 80 14 14 2 43 46 65 19 51 69 44 69 83 96 22 68 3 81 59 10 98 4 13 19 24 49 90 48 4 50 70 8 67
97 8 73 57 12 16 30 46 34 52 20 68 35 11 34 46 52 98 92 35 87 42 62 64 71 60 82 91 83 44 11 81 83 82 8 32 58 4 2 7 99 15 71 83 1 46 39 23 30 22 36 17 55 45 45 94 31 14 53 31
64 75 25 79 23 33 58 97 40 67 12 63 81 39 81 31 48 69 56 31 3 15 68 9 96 6 67 59 17 63 1 40 66 39 14 77 38 7 99 16 79 99 89 17 1 91 33 82 35 49 37 89 13 32 34 76 59 59 17 93
91 33 12 63 39 46 1 62 53 79 56 83 19 4 92 36 85 28 65 58 61 14 16 24 6 51 78 70 11 54 6 18 90 76 84 42 58 7 79 4 69 61 79 58 90 77 65 16 31 83 40 28 13 81 65 35 43 8 76 51
70 8 9 94 10 59 89 2 82 44 68 31 25 55 63 27 26 17 32 99 93 3 1 12 84 31 56 72 48 16 75 82 83 100 52 41 17 24 53 88 56 49 19 48 31 22 65 73 45 69 47 51 59 57 37 61 9 9 56 33
83 91 18 97 38 46 84 3 47 70 72 49 7 61 93 59 60 6 55 38 27 38 55 83 32 82 85 8 88 24 52 82 65 51 15 89 25 14 25 63 63 36 7 95 47 12 71 97 52 56 80 98 45 78 64 36 34 46 59 96
49 63 16 20 100 38 100 22 96 67 69 29 33 12 5 34 33 74 1 72 8 57 2 40 29 83 71 100 56 66 18 67 85 22 20 43 71 44 33 37 3 96 65 41 49 100 1 11 49 79 83 12 23 64 29 90 90 7 8 55
75 81 67 37 39 62 7 22 26 96 74 45 74 100 90 8 61 92 4 22 59 91 19 88 25 60 27 30 91 78 35 19 24 57 9 23 71 16 7 52 67 62 4 14 18 43 24 2 23 49 72 93 59 65 57 32 59 8 24 91
78 6 57 88 98 89 63 66 1 53 60 6 88 66 49 80 20 45 96 85 61 67 48 86 52 34 16 55 42 90 90 62 66 53 32 92 58 20 68 51 63 22 73 32 70 44 60 52 52 11 73 41 81 74 80 16 53 5 100 46
11 48 46 11 73 1 56 55 25 89 61 56 7 23 90 15 8 61 10 36 68 72 57 42 55 24 21 92 54 2 58 9 29 93 67 64 60 73 83 34 22 7 55 57 41 58 32 79 42 5 88 4 64 88 81 58 18 29 28 64
96 84 72 38 67 25 87 79 11 9 18 78 3 1 97 44 11 20 51 96 100 58 33 82 38 28 19 36 3 65 47 6 6 32 30 72 33 11 92 54 85 33 16 82 27 34 35 86 26 52 6 58 58 82 92 36 82 70 16 29
83 13 49 37 100 97 65 14 15 37 68 14 94 93 97 14 81 81 76 59 50 20 12 5 34 21 61 10 70 17 2 77 21 38 61 85 56 41 75 38 64 44 83 93 93 70 45 71 20 63 70 86 90 88 55 18 16 13 17 98
2 33 21 55 33 8 26 39 26 24 7 43 50 38 12 62 49 12 78 9 69 7 78 92 23 16 60 34 40 47 22 33 4 90 44 29 19 55 1 30 33 5 29 95 35 34 47 30 83 31 77 88 52 92 49 19 19 34 83 44
7 7 35 10 52 51 4 84 28 63 30 81 75 36 68 69 78 1 44 68 72 79 1 95 68 51 75 73 56 4 39 41 62 40 20 98 62 67 15 54 77 84 25 13 98 78 67 6 59 72 17 74 25 78 64 81 73 8 2 13
99 88 76 84 95 1 1 25 71 74 67 19 89 12 2 52 78 36 68 14 11 49 63 72 72 92 96 65 13 87 55 16 99 83 77 22 4 71 9 44 57 22 14 64 30 99 88 33 88 44 81 36 22 17 14 25 58 99 55 60
33 3 48 5 56 53 27 6 32 97 56 14 34 53 81 17 18 50 37 36 71 47 87 23 60 50 28 53 54 33 89 54 80 60 54 98 46 25 7 46 44 40 57 61 29 30 71 91 75 39 74 1 56 93 11 62 2 88 59 28
14 38 8 39 41 75 53 48 94 79 94 16 12 83 66 92 49 18 23 38 48 46 44 40 58 23 75 64 64 38 58 17 3 33 36 68 33 82 75 74 62 78 30 76 77 56 80 61 79 67 39 72 81 36 50 43 68 10 13 31
48 15 69 77 82 87 5 84 85 71 81 36 52 37 21 8 93 42 61 77 3 86 58 14 78 62 25 34 33 18 4 79 85 37 3 100 43 57 53 65 68 42 42 49 8 40 2 50 23 71 15 92 57 95 77 52 5 74 94 53
28 96 45 30 35 9 54 38 25 5 64 4 15 85 52 30 43 26 47 42 54 91 84 78 73 99 70 75 56 32 37 88 69 63 62 50 97 14 89 4 99 64 21 61 49 37 86 90 23 51 3 86 66 78 20 1 36 32 18 7
56 100 29 97 24 82 97 69 38 35 17 66 57 29 56 94 9 25 9 27 18 69 85 91 6 74 6 27 21 71 95 3 57 89 73 63 95 75 92 96 94 87 68 77 100 27 2 99 98 36 9 19 59 10 54 91 89 22 99 69
81 6 19 12 20 8 16 77 28 51 13 71 76 95 55 25 45 41 90 16 98 86 50 87 93 98 4 66 87 49 22 49 27 91 31 91 92 27 97 80 43 49 1 21 71 63 22 67 89 36 46 3 36 95 4 60 79 78 56 49
64 97 13 31 79 45 93 81 1 5 3 47 68 15 7 47 56 66 84 64 8 51 95 45 6 90 24 5 19 15 3 66 11 91 78 11 64 71 45 47 23 1 4 27 93 31 7 18 44 56 9 100 61 65 12 70 19 62 67 2
48 91 25 70 23 51 41 63 27 29 25 44 33 6 72 35 90 31 73 90 18 76 96 29 90 94 52 46 88 41 72 5 63 21 94 5 67 97 5 9 24 39 12 30 94 79 48 63 21 60 70 54 35 30 72 25 65 77 24 91
88 9 95 5 86 63 58 97 88 68 11 88 4 48 72 95 88 4 41 29 2 34 64 22 36 21 5 60 65 33 100 49 76 22 89 63 7 26 45 4 86 90 79 79 22 88 88 90 70 16 65 66 18 88 18 43 94 10 92 79
73 1 52 12 24 29 61 63 44 48 63 19 88 50 67 68 48 48 19 89 82 94 90 68 76 3 94 89 84 15 16 76 56 36 4 64 58 88 58 92 18 83 2 1 69 17 54 49 21 13 41 7 64 10 9 95 19 56 28 36
19 65 91 7 35 1 44 96 77 77 48 73 50 17 59 35 88 33 69 49 99 77 12 52 27 22 98 50 14 48 5 37 65 48 75 8 15 94 29 12 45 6 67 48 64 61 70 48 59 9 56 100 21 68 92 18 83 19 60 38
8 27 11 30 87 97 90 66 43 27 13 79 39 3 14 68 1 8 35 14 61 60 56 98 94 71 45 86 20 100 100 12 15 64 22 29 56 17 54 94 60 81 91 44 45 35 30 68 97 75 81 9 44 47 73 98 18 44 19 73
31 64 52 80 66 62 60 100 84 21 4 1 31 73 79 2 3 48 99 74 7 11 83 86 33 45 74 72 70 19 72 83 82 98 67 40 95 51 8 60 60 88 90 93 15 14 24 89 78 55 93 33 79 89 47 17 54 1 21 60
51 84 32 5 6 21 87 84 40 92 16 17 6 37 39 21 80 92 56 96 22 25 85 57 71 41 46 84 54 75 56 44 22 33 88 28 10 30 78 26 83 10 51 98 10 97 53 50 95 31 94 78 76 16 13 27 3 80 87 23
98 24 34 49 81 28 8 82 8 13 58 26 37 96 25 56 73 42 75 86 42 69 80 41 63 79 22 2 3 29 92 27 15 23 20 44 1 87 8 19 64 64 77 59 79 43 50 1 14 20 55 51 4 6 64 39 29 79 37 90
61 12 92 31 5 77 66 34 28 58 74 59 81 47 42 78 51 84 4 18 22 6 99 92 51 80 47 4 13 35 95 25 7 28 58 36 96 99 57 11 73 48 10 71 15 39 16 42 74 96 23 25 19 16 59 37 41 51 19 27
16 75 31 34 26 94 64 31 13 19 61 7 13 74 15 1 51 28 97 69 32 80 62 98 10 19 27 25 67 11 22 15 53 82 22 19 42 84 84 12 7 69 32 64 18 38 13 7 43 18 44 82 78 64 33 16 37 64 14 48
20 62 36 39 82 41 50 32 65 15 62 100 50 71 15 62 43 7 96 71 53 47 55 39 31 88 71 5 87 41 100 94 64 81 44 24 81 64 54 71 96 69 28 30 41 26 53 79 87 66 80 93 59 38 62 74 28 48 13 73
8 61 21 37 42 87 11 27 47 78 62 49 4 66 24 85 1 23 80 93 80 41 8 93 40 35 8 94 68 100 20 85 11 85 45 6 92 61 25 57 40 4 18 91 24 86 84 48 72 21 45 100 64 3 5 64 38 29 89 86
11 14 92 98 81 69 37 66 74 76 42 25 60 26 58 69 58 23 18 3 70 97 63 43 47 20 45 62 84 22 39 18 36 41 48 81 67 97 32 85 5 52 26 52 46 23 76 80 93 93 74 15 49 32 87 14 36 90 12 7
73 99 19 24 50 97 91 26 69 100 36 85 39 64 49 59 30 94 4 47 18 23 67 81 7 28 91 90 92 16 91 49 75 53 3 13 68 93 46 59 49 75 47 27 70 63 95 84 18 45 46 90 69 77 52 47 40 14 21 61
66 39 6 58 89 18 48 62 47 19 33 27 57 24 66 37 9 57 77 86 36 85 52 97 33 77 95 82 61 15 40 75 83 90 30 34 8 67 50 15 48 49 33 86 22 47 54 19 76 75 20 32 75 43 80 31 62 55 19 65
36 80 75 9 52 54 75 19 11 91 8 6 43 19 69 100 4 74 35 6 37 21 27 56 97 63 16 5 39 76 9 79 75 47 85 72 16 75 42 39 12 16 40 78 74 22 84 69 47 17 65 80 69 1 97 67 6 73 57 55
71 76 90 79 58 49 7 4 65 55 39 86 16 21 99 31 33 95 51 27 80 1 99 93 79 31 43 89 58 71 52 6 30 30 45 83 14 81 35 49 35 41 94 84 22 48 93 91 35 31 79 13 14 64 99 62 60 54 10 95
91 35 47 16 56 7 46 62 33 86 20 12 41 57 12 63 23 66 3 41 94 45 5 44 89 2 24 23 90 2 15 96 88 29 92 25 15 47 10 44 87 50 98 45 70 92 72 78 47 99 68 70 44 79 80 65 55 22 24 64
31 18 23 70 51 21 100 19 39 97 60 22 27 34 33 38 66 21 24 19 82 89 45 9 67 87 56 41 76 70 100 99 50 6 11 17 23 5 75 84 41 4 78 94 38 21 19 91 7 88 64 33 79 95 80 6 3 54 76 51
52 98 29 10 19 95 43 87 11 49 96 96 5 25 12 78 67 60 34 7 63 71 45 6 54 88 77 55 22 82 60 16 9 75 22 85 9 39 49 46 31 7 32 42 17 20 23 100 62 66 13 11 55 52 83 32 2 6 31 11
62 11 54 53 1 92 91 53 12 76 84 30 56 89 83 83 93 58 18 18 23 44 78 8 20 84 47 83 60 71 94 37 96 51 30 39 24 6 95 56 20 24 13 65 11 41 73 55 97 29 52 36 13 97 42 62 84 53 53 23
60 22 1 80 51 37 87 7 12 71 71 11 77 31 95 29 47 77 49 81 86 99 61 39 75 57 4 94 90 38 20 36 5 23 16 44 36 64 71 46 10 10 40 33 45 41 99 80 51 56 40 74 32 25 71 59 44 72 47 90
77 93 25 26 77 17 73 18 22 78 61 40 53 10 14 42 28 52 8 90 100 6 84 73 59 81 79 7 3 95 89 53 72 59 83 100 20 100 44 49 28 39 85 89 59 9 66 22 13 19 88 92 85 90 85 72 62 36 70 56
53 25 7 20 42 60 39 4 18 8 66 99 68 80 45 40 67 93 87 85 19 90 90 43 48 50 14 69 20 42 33 41 50 73 40 50 3 14 78 59 80 82 70 61 62 79 70 41 69 11 29 8 46 19 21 17 20 8 98 14
89 77 100 88 33 58 3 5 70 10 50 55 67 70 22 68 94 27 99 64 37 11 47 87 51 93 91 44 79 28 2 18 31 71 3 74 73 88 68 59 62 58 37 87 78 25 52 50 43 41 67 65 41 86 41 9 21 51 45 40
87 45 31 28 19 60 82 29 61 30 48 39 50 82 16 95 14 75 21 44 17 93 53 50 62 18 57 48 28 51 36 100 68 12 38 13 19 72 12 87 73 5 48 8 25 54 47 21 20 11 12 40 85 34 29 78 8 6 2 6
38 30 2 65 61 44 42 28 4 85 88 96 35 50 53 32 20 77 24 99 25 91 67 39 82 84 29 73 71 58 18 44 51 14 19 51 75 48 63 87 69 66 93 18 38 78 35 25 96 18 24 61 98 59 32 3 70 26 71 94
12 98 8 53 71 56 74 86 52 100 4 9 15 1 39 60 41 59 68 45 70 45 72 1 39 48 68 16 11 53 66 26 77 46 95 22 46 84 6 64 56 54 57 70 31 5 97 95 28 5 26 10 82 69 11 14 60 44 95 49
98 26 66 69 83 2 15 30 98 42 100 20 52 61 32 44 19 11 49 35 43 26 3 86 15 51 1 42 22 36 94 56 17 68 22 58 20 24 53 50 19 96 43 65 88 1 93 95 95 35 22 75 13 48 64 7 46 59 68 24
28 88 40 16 81 11 81 55 93 45 96 97 20 26 29 67 99 85 69 98 53 78 61 24 64 6 12 36 41 24 98 82 27 58 39 84 21 93 86 4 90 67 42 51 62 92 55 9 95 95 11 18 56 9 2 93 36 29 6 98
1 83 100 99 80 8 77 1 90 13 37 14 27 45 87 29 81 9 51 10 37 16 28 72 87 90 57 65 41 61 81 71 5 71 65 11 19 41 39 21 59 60 61 3 53 26 97 26 18 47 9 2 70 26 71 81 82 58 6 94
35 73 26 74 99 8 60 93 47 40 100 28 33 45 80 28 36 71 73 8 8 97 76 49 100 28 2 61 50 65 43 86 31 6 88 32 73 83 50 43 53 100 67 55 77 96 74 94 100 75 22 19 29 4 22 17 63 35 43 76
93 28 8 82 82 2 63 76 32 71 38 22 69 17 78 87 12 43 88 45 95 7 22 37 51 97 87 49 52 78 19 2 22 72 30 11 33 79 35 82 63 31 42 98 93 60 23 87 4 61 46 37 3 99 83 77 74 58 11 35
26 1 3 2 69 86 93 93 52 65 69 48 9 70 91 39 96 93 48 77 11 58 10 61 93 96 15 71 62 8 17 85 30 30 48 38 98 80 53 6 82 20 72 95 43 40 29 6 32 55 42 23 78 91 41 18 43 42 17 33
64 47 29 82 64 67 57 99 99 63 80 17 49 51 83 91 19 69 1 49 73 15 66 50 60 78 76 70 24 75 47 6 6 72 59 75 14 66 36 63 84 43 24 80 46 70 22 59 42 93 33 43 67 98 87 52 15 15 26 68
50 13 24 50 42 36 54 44 3 26 47 44 82 19 29 28 23 23 61 91 26 86 55 85 54 12 96 66 74 57 96 74 56 55 68 43 79 76 29 100 16 94 34 80 93 99 4 61 69 36 34 36 56 12 17 23 62 51 43 81
38 44 31 13 4 97 25 60 52 51 82 98 39 33 9 95 79 44 5 12 50 77 4 34 21 95 20 14 63 20 69 4 32 97 93 87 94 15 38 81 94 15 47 57 82 98 82 11 9 56 49 88 59 16 84 69 69 10 85 31
92 75 30 10 63 33 7 64 78 44 73 1 4 92 38 79 60 48 22 72 41 39 14 40 52 79 23 66 80 17 75 42 88 15 54 82 24 44 70 8 37 99 57 49 17 72 38 40 24 10 93 85 81 20 45 28 86 13 79 89
6 65 1 82 62 97 36 89 27 48 94 54 37 12 11 33 8 98 21 10 79 36 59 46 26 31 4 74 76 56 79 83 16 29 74 99 45 69 79 97 64 26 33 39 90 45 53 91 68 15 39 44 49 12 68 19 70 30 72 4
16 76 36 29 66 53 85 95 51 58 86 20 76 38 51 33 95 89 91 87 56 82 4 57 81 70 32 45 46 72 75 35 26 19 90 95 48 8 68 92 59 86 51 56 14 77 79 2 68 55 72 84 14 90 79 93 36 84 74 26
86 41 93 51 56 92 21 92 10 71 43 19 93 99 75 72 9 84 86 76 35 6 59 91 99 20 70 89 55 53 80 81 76 62 36 85 46 50 80 82 42 66 60 31 78 3 18 20 91 60 32 69 72 98 61 25 76 36 63 2
55 41 49 14 13 95 12 14 62 87 43 23 26 4 6 34 13 63 8 93 6 58 64 55 84 100 83 50 38 41 91 95 74 81 11 3 67 46 39 85 53 22 50 37 65 9 20 91 6 35 60 57 70 61 82 24 24 35 1 68
74 3 45 32 99 23 63 93 94 84 83 95 14 22 64 7 36 8 100 68 10 51 5 33 25 75 49 15 34 26 73 52 100 36 31 86 83 38 88 68 53 96 48 28 10 40 24 97 38 93 98 88 23 91 75 34 45 32 92 36
78 43 9 33 100 96 72 94 74 18 84 66 81 94 80 6 30 39 19 99 22 90 1 36 35 28 3 65 65 27 3 85 14 67 14 13 22 21 67 37 48 83 63 61 22 42 86 89 24 51 6 34 12 5 10 2 78 36 90 33
76 62 93 29 6 77 13 59 95 6 86 24 70 24 28 36 43 35 85 61 10 98 96 54 62 34 36 82 51 7 42 65 20 21 75 44 52 22 11 27 47 43 46 8 65 46 9 60 71 3 24 75 12 62 29 66 95 87 80 77
51 83 81 46 9 25 38 33 60 25 37 95 80 15 61 23 57 61 42 90 81 62 79 41 32 13 59 4 86 48 85 32 2 26 37 42 10 100 4 14 62 86 34 2 35 33 89 8 65 11 21 49 28 48 70 84 33 25 10 63
92 67 37 81 23 86 20 91 66 9 12 91 23 31 42 93 70 58 65 1 17 47 15 59 22 26 33 67 69 91 48 50 13 86 7 59 96 49 74 14 85 26 76 11 41 8 25 53 21 67 22 70 67 65 74 91 45 58 97 18
81 100 9 47 61 61 98 46 84 34 20 69 48 37 98 36 87 73 35 19 81 16 43 85 98 45 29 35 40 22 63 93 61 79 51 94 11 76 7 87 66 53 58 27 91 28 44 47 71 92 14 10 71 93 61 70 96 34 94 40
65 12 28 97 53 10 47 3 47 34 52 79 31 55 81 25 8 98 52 6 3 53 7 66 81 58 33 26 1 79 86 99 4 24 90 2 14 24 69 63 63 69 25 13 50 99 71 10 58 70 58 6 86 31 52 33 70 67 59 86
49 29 27 1 49 61 47 43 58 10 19 7 90 9 50 20 99 38 13 77 26 49 57 20 96 75 48 21 6 55 87 10 77 6 25 69 77 41 16 58 32 25 75 83 47 54 3 94 95 80 14 94 9 96 41 100 70 33 87 21
93 21 59 60 99 65 15 78 3 43 99 30 18 68 53 67 82 69 78 12 73 16 25 71 9 10 19 7 98 3 44 62 92 80 13 22 27 37 39 93 56 49 12 60 75 38 93 89 85 16 59 51 91 88 82 54 37 92 18 16
16 40 50 32 9 84 41 97 53 66 32 27 2 21 97 24 10 97 4 2 71 1 77 24 68 43 59 92 82 15 60 6 80 38 73 38 100 81 23 31 90 22 55 26 5 70 46 18 66 35 68 31 99 63 71 96 72 95 95 18
56 32 14 76 46 53 45 37 36 56 96 95 55 68 20 9 19 26 15 7 20 60 98 21 4 35 27 71 57 36 61 59 46 77 94 88 9 65 54 15 72 11 13 93 43 69 6 47 70 28 36 38 55 16 10 65 15 92 25 10
54 78 71 85 47 90 9 76 97 65 36 97 26 74 56 15 49 16 17 46 87 50 7 59 17 5 25 10 81 39 60 96 59 32 20 10 35 86 10 86 35 31 31 83 19 46 18 14 90 66 50 4 81 78 19 25 97 11 26 7
93 77 41 23 9 53 51 79 90 95 21 82 47 89 19 30 80 4 15 32 18 71 68 33 1 80 36 38 15 36 89 32 5 19 18 53 81 9 6 41 60 26 97 19 66 63 46 9 25 16 85 15 83 25 76 44 77 84 53 68
6 5 3 57 16 19 10 93 68 63 39 33 94 19 7 37 26 68 91 42 33 28 52 45 17 58 36 30 42 45 35 54 16 43 58 71 13 31 93 65 13 48 73 61 3 8 22 12 58 58 89 47 4 13 58 94 66 96 30 35
34 62 89 4 22 69 12 50 97 85 72 87 37 46 83 16 39 98 82 14 30 61 71 51 36 8 6 59 60 16 95 58 15 2 54 81 24 73 63 30 56 4 16 78 50 99 25 13 71 56 46 1 61 76 34 32 32 77 25 92
49 59 9 51 38 90 87 69 9 33 50 84 73 76 4 52 73 12 47 44 22 16 15 33 100 61 42 17 1 13 1 91 87 49 23 64 76 6 94 80 5 13 73 48 29 12 34 18 93 55 74 71 6 42 70 24 8 85 100 62
50 55 99 57 55 21 66 34 35 7 28 19 8 73 27 41 4 59 46 30 94 73 71 63 7 90 58 17 58 92 78 45 59 53 65 90 71 37 99 54 11 50 66 44 35 99 68 89 1 28 94 58 35 73 81 4 87 24 97 89
26 97 1 66 70 18 37 60 19 60 8 78 11 47 66 94 29 13 33 26 74 96 25 75 100 74 3 81 81 10 21 42 18 43 28 83 91 55 62 18 7 85 88 6 76 14 60 75 82 52 90 85 12 5 83 38 98 57 82 91
76 41 91 47 78 46 71 78 95 22 81 40 29 20 21 51 55 89 96 78 86 81 24 75 26 12 60 100 22 81 19 16 54 95 61 37 55 86 77 71 81 42 23 2 93 82 16 11 15 51 62 48 69 39 55 4 29 2 51 98
88 68 11 66 10 59 32 6 81 94 45 31 24 68 46 36 30 1 45 62 71 9 14 96 50 69 40 31 46 39 97 91 59 50 50 54 98 73 24 17 19 15 53 43 47 56 83 4 37 62 30 72 13 46 6 42 92 27 53 53
62 37 19 31 72 13 3 84 38 93 63 65 78 2 75 34 38 21 36 13 13 38 71 18 81 48 88 87 95 23 3 57 56 27 60 62 55 83 41 52 40 5 12 36 62 88 85 99 3 76 15 4 89 14 3 35 100 31 92 66
94 27 16 97 61 73 11 65 26 66 41 19 50 44 17 65 96 69 76 11 62 84 34 21 40 88 17 59 4 58 52 8 62 60 57 14 84 79 68 89 10 95 79 85 5 36 81 82 31 74 60 42 20 49 76 14 6 95 54 67
38 33 15 53 59 18 56 66 10 30 21 18 79 8 38 7 91 75 21 64 68 98 40 22 20 99 3 5 34 86 42 55 19 25 53 50 82 76 57 69 11 66 45 2 82 15 70 2 38 95 67 88 96 79 5 93 94 40 62 65
46 56 55 6 5 61 28 98 8 60 97 61 91 78 4 69 19 91 51 81 90 45 58 22 67 84 90 50 82 22 22 32 77 49 9 71 90 66 16 30 95 42 88 74 21 68 76 61 77 88 41 59 6 26 71 33 80 41 59 77
47 20 69 48 73 79 98 57 36 26 72 83 34 97 38 86 61 73 11 16 17 26 5 11 63 27 74 48 32 28 37 96 75 89 78 49 65 61 75 9 42 18 48 95 85 77 79 54 10 62 90 13 30 19 22 53 42 7 82 52
88 5 14 57 63 91 70 96 96 92 19 14 4 17 37 18 39 79 52 28 97 6 10 3 38 59 46 17 94 17 43 84 91 24 55 88 52 3 39 29 82 75 31 71 14 25 76 65 12 77 74 71 48 60 43 35 69 19 90 74
1 92 40 56 28 75 87 46 36 46 36 56 100 56 49 86 16 56 88 94 85 95 34 47 44 70 59 97 87 99 41 98 23 80 68 69 91 82 80 17 55 54 71 43 72 37 75 34 14 54 30 66 10 5 95 24 95 86 100 69
11 78 49 20 63 57 88 63 27 57 89 42 22 76 1 25 85 42 68 69 100 72 96 70 21 14 84 3 51 23 56 13 14 70 100 73 36 34 82 26 57 4 54 67 44 52 91 2 82 83 63 100 69 76 56 36 22 71 3 75
1 20 28 8 81 36 28 21 5 72 58 6 56 72 84 10 9 86 13 50 30 67 87 76 3 100 22 99 91 42 16 31 64 7 60 31 18 59 97 78 94 45 30 69 20 13 87 12 37 50 31 3 36 5 57 76 86 22 1 53
27 54 85 12 74 92 49 57 98 79 28 76 16 5 7 37 18 36 65 35 8 50 39 90 67 78 60 33 74 70 91 58 49 53 95 53 42 9 77 75 85 84 92 39 77 83 8 88 63 90 58 84 98 87 43 57 40 13 79 17
3 12 89 66 92 94 70 74 26 3 9 43 10 19 90 32 5 85 56 29 55 46 1 7 95 59 86 93 90 55 70 55 15 53 44 53 99 24 91 23 69 99 62 81 84 91 20 86 41 15 24 3 60 24 66 56 84 76 33 25
96 17 32 74 85 3 16 42 16 47 35 50 14 73 76 3 13 58 79 82 73 94 2 86 1 3 77 34 88 40 81 17 26 90 89 98 26 97 36 51 51 28 39 36 6 47 4 23 60 14 21 87 91 9 44 100 13 100 31 96
15 42 85 32 24 32 86 73 11 91 33 48 84 4 75 27 65 54 33 11 14 31 82 90 49 46 80 32 12 48 40 43 14 81 49 19 66 69 91 95 57 83 2 85 33 71 32 93 16 33 95 26 7 20 39 20 16 52 17 81
81 94 51 63 77 59 97 99 71 83 71 74 17 89 88 56 4 28 15 55 44 96 9 22 10 62 24 50 49 45 29 75 57 9 20 18 5 17 44 33 55 5 16 64 50 74 96 17 79 22 76 85 95 1 95 51 20 65 81 53
4 46 16 87 31 15 45 38 64 21 8 74 97 46 1 36 79 66 82 84 80 30 100 41 71 12 47 21 4 57 98 4 70 47 12 37 42 75 45 11 27 90 46 4 20 31 60 57 7 29 52 73 75 61 71 13 48 98 40 5
82 60 33 31 37 14 71 2 83 18 39 85 99 75 26 80 50 20 14 76 4 17 38 61 16 42 91 59 53 53 85 94 90 91 7 26 61 69 72 19 40 91 19 2 14 64 38 24 43 52 40 97 3 15 26 52 85 91 27 78
85 66 18 32 87 29 2 96 89 47 56 53 34 98 1 77 38 94 21 59 67 76 44 88 28 14 48 1 66 74 77 70 49 63 68 14 86 67 46 46 24 1 40 27 4 94 20 30 48 4 91 46 49 8 54 14 58 65 21 80
36 28 41 48 52 60 20 82 7 100 32 26 30 66 21 100 23 69 44 76 87 40 66 40 94 27 65 68 7 58 40 26 75 27 39 38 1 55 6 41 55 42 12 49 23 39 58 26 54 28 49 20 91 97 17 56 40 39 90 76
92 90 94 33 19 73 71 67 14 53 87 88 24 95 14 100 67 70 25 92 7 94 91 82 43 5 57 6 4 89 42 11 31 58 60 14 46 88 79 35 72 62 19 7 45 53 69 67 90 77 89 21 20 31 40 96 71 22 96 81
27 58 52 37 43 82 49 73 3 72 88 80 79 37 45 33 38 71 94 46 97 87 79 59 44 70 36 55 31 90 45 87 15 57 57 94 81 55 20 97 48 79 4 1 7 19 56 67 19 74 17 41 4 95 13 27 76 43 51 86
96 64 44 8 96 4 70 76 45 91 5 96 35 40 49 86 63 72 27 34 76 23 11 99 43 60 19 25 85 22 18 45 36 83 81 95 88 99 30 2 30 10 16 30 52 5 39 18 19 65 82 66 47 27 80 52 48 50 59 81
76 68 84 23 5 84 14 40 18 87 35 28 21 60 73 94 86 44 57 50 35 2 57 32 7 52 19 55 80 32 6 94 76 75 97 35 91 72 50 73 90 69 52 79 59 62 65 38 35 47 28 80 76 73 87 66 51 44 65 59
66 58 60 44 73 89 34 56 53 74 23 59 33 37 8 77 12 86 79 91 97 33 41 86 31 5 71 7 52 22 88 72 1 71 35 65 69 91 5 63 13 85 11 49 86 78 14 29 78 82 50 22 38 20 13 21 27 33 77 62
18 74 10 48 30 43 93 11 58 63 93 41 23 34 5 66 91 3 73 82 32 69 64 50 92 65 61 4 55 48 92 67 68 71 84 67 98 74 1 23 54 70 66 80 61 86 22 90 17 58 10 52 62 48 25 78 39 79 17 5
92 11 53 96 60 95 99 54 98 59 7 83 29 81 30 76 86 53 14 81 37 69 63 86 10 33 73 27 88 13 42 92 99 32 73 72 99 95 49 76 58 98 50 84 5 54 6 65 52 73 17 3 27 69 7 80 60 9 30 23
57 100 37 15 36 74 27 98 2 55 98 24 29 99 77 35 25 67 47 34 58 76 58 100 3 21 72 8 45 51 83 40 79 12 32 14 21 7 87 40 95 41 80 68 24 6 92 22 42 64 82 28 14 51 84 58 37 74 8 92
56 23 73 35 80 65 27 92 81 72 25 63 85 94 77 79 61 11 23 76 22 44 38 96 16 42 22 40 86 87 42 2 84 68 97 91 26 44 61 53 10 74 51 51 17 21 76 16 65 94 56 35 21 6 32 7 9 50 15 28
68 71 26 37 85 44 17 30 57 41 27 71 61 31 22 88 87 7 87 63 98 24 1 40 63 54 46 36 58 78 40 48 59 74 69 25 7 2 12 3 63 84 57 10 66 34 29 4 30 76 66 2 25 29 68 67 31 20 87 94
81 13 40 33 12 29 18 87 76 98 55 64 41 10 63 31 64 23 50 84 11 83 9 10 91 88 95 99 50 20 10 81 88 56 99 29 51 11 20 8 78 44 45 16 76 31 10 58 49 69 45 47 21 71 65 47 8 87 28 52
59 78 78 3 71 34 86 22 10 67 8 99 3 80 85 74 57 91 53 99 24 19 2 96 68 56 56 57 74 57 99 45 78 37 43 34 61 54 96 50 15 28 5 37 28 10 22 16 79 23 15 32 10 83 45 50 37 66 60 39
74 10 6 83 28 41 16 62 64 66 33 42 38 43 17 35 57 11 64 41 84 44 2 73 97 64 80 38 47 35 57 58 15 16 90 41 86 79 82 24 12 4 11 61 49 61 47 88 63 58 19 39 83 60 49 69 55 17 82 21
45 58 62 38 100 94 84 44 64 50 67 31 59 31 95 53 80 69 57 94 36 45 47 33 55 98 46 28 94 47 22 38 56 16 10 59 50 22 84 65 23 43 18 64 1 28 55 68 81 12 37 89 51 19 80 10 39 75 71 65
12 56 70 77 39 12 67 66 96 65 63 87 89 89 26 3 2 92 79 50 52 61 64 70 78 32 53 91 99 8 36 38 52 43 91 20 92 8 47 36 41 94 7 74 44 53 31 54 38 89 33 29 58 51 77 85 70 77 28 42
88 67 45 99 4 73 56 38 93 24 47 28 9 5 53 25 27 72 64 24 38 76 11 81 39 58 31 41 84 93 60 78 74 82 91 8 52 37 39 63 31 8 95 45 36 7 16 48 84 86 34 86 55 47 15 83 75 69 81 14
36 57 2 15 47 98 76 86 79 62 18 88 7 6 71 11 12 26 34 36 67 69 100 2 70 47 42 24 48 46 55 19 53 72 92 27 52 69 73 79 67 45 83 91 98 83 21 31 41 64 42 6 95 58 24 24 67 24 39 34
95 35 82 64 4 92 43 96 48 81 85 7 32 17 14 38 39 91 32 41 94 31 80 82 58 79 89 22 46 46 10 15 81 20 80 27 10 52 70 43 74 19 1 53 74 3 39 71 24 36 53 4 88 28 14 92 67 30 20 79
15 74 44 18 40 85 7 12 46 97 46 20 85 63 33 23 28 91 56 70 83 79 40 22 58 13 18 56 42 96 47 61 36 77 38 37 34 52 22 60 87 80 81 65 34 89 27 75 78 39 90 10 21 45 85 80 45 48 68 48
84 9 32 26 35 37 14 74 67 100 61 48 21 75 92 86 30 50 14 29 5 9 5 89 37 71 9 65 100 68 97 53 49 10 36 95 91 75 54 32 76 54 18 1 32 96 96 29 15 52 75 35 21 87 34 30 75 65 99 95
49 93 82 27 98 71 54 48 98 51 71 93 33 34 61 40 33 95 86 70 99 29 11 29 62 52 86 64 6 65 62 88 36 37 76 35 33 62 88 75 58 75 19 36 90 38 50 63 77 24 5 68 61 64 53 91 14 1 2 5
55 52 62 93 33 46 100 16 92 21 26 91 63 37 29 21 14 96 43 27 66 90 18 31 83 57 12 97 44 43 56 9 61 3 30 94 26 47 63 40 76 71 59 92 58 23 74 31 38 79 44 19 57 13 18 77 3 8 13 95
93 15 82 8 54 60 76 23 72 8 71 40 66 36 93 9 41 80 75 40 39 40 6 62 34 54 31 29 84 85 7 21 88 81 27 70 80 22 78 93 7 50 42 34 6 90 32 23 82 14 97 36 89 54 72 25 29 65 50 72
55 92 9 6 92 3 56 45 41 9 33 78 97 29 62 59 86 75 70 55 91 34 23 71 57 64 16 96 11 50 41 59 52 33 20 91 31 93 46 98 7 10 37 79 22 77 17 87 31 76 70 36 22 54 50 86 81 33 47 3
59 7 35 47 7 99 46 15 26 44 6 9 4 56 32 48 44 37 30 68 60 14 77 9 9 90 76 43 24 62 80 49 96 24 93 23 72 73 42 58 70 63 18 38 82 85 88 86 5 27 15 31 52 75 14 34 55 93 27 55
99 57 37 35 30 12 7 76 21 51 47 2 77 28 48 58 23 62 13 8 51 4 12 46 93 59 94 83 22 31 15 65 31 56 55 26 91 70 24 60 48 93 28 21 29 6 39 87 97 77 93 19 84 9 80 85 20 38 75 54
97 38 84 57 96 80 10 30 30 39 11 43 10 36 88 49 85 16 85 97 97 13 44 44 67 5 15 86 62 66 56 42 31 25 36 93 61 8 20 73 17 75 87 18 43 16 28 64 59 12 50 80 57 83 19 44 40 69 64 40
98 54 48 4 23 87 1 32 87 38 88 52 38 69 98 14 52 48 44 95 88 14 94 65 56 59 68 69 37 94 23 16 79 45 69 13 30 81 45 64 6 9 33 21 61 78 21 55 84 89 100 12 52 21 79 82 80 67 80 53
67 56 72 100 20 6 18 63 28 30 23 76 29 18 46 96 70 55 86 15 69 12 77 57 56 71 45 82 42 62 58 57 39 80 47 19 68 29 12 84 49 72 46 66 81 71 29 62 85 83 79 93 30 32 81 68 90 70 77 48
89 62 42 40 3 1 54 31 53 7 94 23 32 72 43 42 25 81 7 12 16 98 45 30 40 89 53 42 40 47 41 43 9 87 14 38 9 47 57 35 30 73 38 17 99 32 23 49 78 11 86 15 95 39 69 99 42 73 68 38
69 31 5 62 10 82 29 21 59 31 20 74 64 15 46 22 88 45 79 78 31 36 20 38 93 48 57 32 51 97 89 21 97 40 52 20 90 25 70 85 81 13 59 91 5 83 43 79 72 95 38 30 49 21 72 76 21 90 34 39
14 69 68 58 57 88 53 11 16 71 77 67 93 65 95 85 47 24 73 50 58 48 92 13 84 48 14 13 65 88 12 35 91 56 52 14 75 42 57 87 32 26 19 85 39 66 91 39 40 82 38 66 27 21 4 6 1 19 55 34
29 34 60 91 92 4 90 87 61 25 80 71 85 35 92 38 11 59 3 77 91 11 80 52 6 11 89 38 18 70 95 29 58 42 88 24 86 7 94 94 81 41 75 57 92 9 53 29 63 71 96 51 86 20 58 53 30 16 78 19
32 37 93 31 49 6 62 19 43 40 26 66 70 8 34 58 55 15 19 12 74 21 92 79 7 77 89 37 51 75 81 53 29 47 81 55 16 85 35 46 84 50 57 2 77 13 64 50 16 26 46 23 23 43 88 42 22 24 55 86
56 66 18 98 95 94 47 58 49 10 46 6 41 78 21 71 26 61 96 50 99 97 3 16 6 89 71 66 6 74 78 58 42 99 24 30 81 13 36 82 20 27 2 29 97 24 81 72 91 46 68 55 38 24 51 28 24 44 46 93
99 65 85 70 35 13 28 33 85 91 34 38 23 59 59 41 21 45 6 87 73 7 48 41 8 79 47 16 86 95 59 33 21 88 51 57 26 70 34 72 33 14 13 46 34 99 56 46 93 55 10 51 3 51 21 94 20 43 92 58
68 65 61 76 38 45 50 42 26 45 24 63 37 93 10 80 98 59 15 64 2 58 18 25 20 37 99 64 67 99 90 66 71 5 86 47 35 38 90 26 83 87 31 96 17 74 82 7 91 66 81 55 44 24 83 82 68 62 33 32
92 40 15 40 25 94 65 17 99 83 94 60 55 95 12 24 13 10 36 42 23 60 66 21 24 92 88 92 96 4 82 40 100 4 9 9 62 13 55 25 51 87 98 19 30 19 60 1 83 77 54 32 20 31 3 8 78 97 83 34
63 67 80 47 89 27 49 54 50 66 26 47 63 67 50 51 95 66 84 71 44 85 22 46 9 18 82 37 19 86 58 52 68 77 96 91 93 58 30 6 36 92 7 6 79 56 87 95 88 47 87 11 71 19 5 78 67 91 73 23
37 80 95 29 26 55 83 76 68 2 93 55 83 62 18 97 83 24 8 86 58 23 85 51 89 78 49 15 20 5 84 75 51 91 42 1 98 43 51 40 98 67 40 67 96 78 88 19 92 71 69 33 39 39 31 20 53 100 14 1
9 27 13 78 27 53 27 3 64 80 84 84 3 69 84 6 61 17 82 32 86 37 92 83 9 93 10 55 22 23 97 39 50 81 7 50 50 41 90 83 86 91 24 89 47 47 43 85 54 27 85 92 98 52 94 59 7 28 16 27
1 8 40 87 72 5 79 20 50 38 43 51 39 88 15 85 61 33 20 43 18 72 35 71 10 53 51 50 82 62 3 64 8 8 4 20 84 34 2 68 34 22 83 67 81 5 51 45 78 75 33 16 62 12 8 46 95 73 35 75
29 17 10 52 30 73 65 95 79 58 84 20 93 94 82 33 77 62 73 34 77 71 83 42 22 4 16 29 11 94 64 95 14 39 60 63 38 41 5 40 68 97 29 75 44 24 14 89 26 38 89 17 70 24 38 36 9 45 60 89
55 77 18 46 89 85 38 43 28 6 17 50 80 34 3 52 81 16 59 59 81 33 80 10 57 40 2 18 36 97 86 41 3 22 48 9 47 51 22 23 9 100 43 25 39 44 64 58 76 91 28 94 79 19 26 33 83 78 67 61
35 60 21 43 74 1 25 85 24 54 34 81 99 81 93 42 4 88 39 74 8 54 12 44 69 52 72 18 15 73 2 79 29 64 11 78 20 19 65 75 78 2 6 42 41 96 4 42 55 87 7 65 5 5 45 77 69 31 100 35
91 85 65 25 38 63 94 92 85 25 73 22 64 93 73 52 32 3 70 86 47 64 70 70 23 67 72 28 45 26 13 11 74 29 97 54 63 20 72 97 40 17 78 13 28 49 24 3 29 61 45 71 28 35 48 12 19 69 34 30
81 34 74 84 39 9 97 16 46 12 93 41 17 10 28 9 20 88 66 90 24 43 100 47 54 34 99 9 85 40 8 33 8 78 96 29 43 97 100 2 78 8 4 65 69 42 36 52 95 94 5 9 41 2 72 8 48 74 32 50
31 8 73 74 87 100 72 8 67 28 68 12 11 25 75 32 64 46 8 44 26 100 67 86 46 83 87 80 55 21 96 49 66 10 28 38 71 91 29 75 91 15 38 48 34 80 31 4 1 72 14 43 97 23 64 2 16 24 27 15
57 40 57 72 36 95 27 53 22 48 13 34 59 46 78 37 35 86 1 32 57 95 74 41 100 26 82 53 19 75 18 94 54 85 20 57 21 37 55 89 2 29 23 55 90 23 53 22 96 82 95 37 10 18 62 64 78 29 53 75
9 79 51 90 21 5 34 10 50 42 21 61 68 17 5 31 14 57 23 43 38 21 72 99 36 22 69 11 45 21 29 12 21 53 50 71 85 69 8 50 14 37 32 88 61 77 27 79 10 90 47 25 54 48 85 99 47 11 53 18
87 34 46 34 26 52 69 62 3 56 74 92 4 82 56 35 16 30 75 67 45 22 30 14 4 66 37 16 46 55 56 100 44 78 19 16 46 41 2 16 9 44 1 58 24 48 65 54 4 43 52 69 54 14 85 41 96 87 84 100
73 80 72 47 64 100 31 87 55 62 94 72 14 36 11 100 26 15 58 5 65 35 58 5 56 64 44 14 85 10 49 9 21 92 4 25 36 28 78 70 85 42 73 49 83 23 57 90 69 70 26 6 66 24 5 37 78 62 69 12
64 38 28 98 23 59 24 21 62 77 15 6 73 5 85 30 29 40 28 57 93 61 48 92 77 54 49 74 78 31 77 32 97 82 92 34 74 52 92 95 81 100 100 63 25 92 13 75 6 56 8 2 64 68 22 62 91 50 66 6
71 46 45 68 74 84 17 59 31 76 16 27 72 16 7 52 33 47 87 79 65 68 53 77 29 93 55 46 56 77 77 5 26 60 74 97 56 21 54 9 37 51 94 31 28 83 28 31 58 82 42 99 13 87 5 23 53 90 43 82
2 95 24 81 81 64 41 88 35 7 69 51 52 69 73 94 23 32 81 26 63 91 54 53 32 8 23 32 10 73 6 65 71 16 12 91 73 11 73 28 24 1 66 64 55 28 70 6 65 3 68 8 93 44 64 86 33 19 38 33
55 45 20 40 27 90 27 50 69 16 2 83 44 58 74 16 75 7 42 54 54 64 64 79 95 47 55 37 80 19 78 29 76 98 86 79 24 47 36 12 87 89 81 11 39 60 66 28 59 67 97 15 25 67 55 31 99 15 23 98
5 59 15 50 64 17 98 28 25 55 76 23 64 77 73 66 50 79 75 88 75 18 51 81 38 16 77 2 76 71 59 11 95 30 85 70 73 17 83 58 24 1 38 43 12 61 83 71 83 100 72 59 25 50 51 33 25 59 16 7
11 97 87 85 36 33 94 58 61 31 98 99 62 35 57 76 99 68 49 52 66 29 29 78 98 36 95 48 5 14 68 31 24 59 47 11 14 12 70 71 86 49 96 52 17 16 64 54 54 17 13 72 92 12 49 53 70 86 38 31
25 33 72 44 92 13 56 16 43 66 59 27 68 55 28 16 91 14 29 4 5 62 12 63 75 44 80 73 43 50 70 71 12 35 69 63 41 86 39 67 23 92 85 56 58 84 18 38 87 89 22 74 63 64 39 44 40 82 51 71
7 21 10 75 69 68 4 8 18 31 14 34 15 11 4 49 73 10 63 94 4 87 18 100 42 17 70 65 16 42 72 15 74 89 16 68 28 77 78 21 28 13 40 55 59 43 49 32 8 16 69 64 49 71 67 81 10 99 14 100
78 11 26 67 87 2 51 52 19 31 36 67 66 51 100 85 34 47 40 8 4 71 6 67 43 95 69 48 20 86 21 26 58 92 99 47 2 97 61 68 64 63 99 21 67 43 2 53 80 88 70 72 39 56 4 46 26 61 56 21
10 43 35 75 49 6 71 13 29 53 97 72 82 64 49 62 77 4 13 49 37 92 58 51 83 21 25 100 100 92 42 29 53 41 60 51 23 82 69 86 100 39 99 75 92 81 82 85 13 47 68 68 87 54 21 73 93 72 63 10
32 14 75 23 67 10 55 88 45 13 90 70 13 24 5 80 4 5 84 73 92 74 100 24 64 57 65 88 77 58 29 78 44 48 95 41 35 31 74 95 54 23 68 50 97 9 32 43 11 61 33 57 65 9 72 45 98 16 16 69
84 65 4 55 29 49 45 50 84 77 61 49 72 84 31 70 45 42 81 46 35 27 35 35 15 18 95 97 91 82 28 44 83 82 31 2 94 22 65 38 72 21 73 52 83 5 45 56 67 57 64 63 38 23 59 49 34 35 68 69
47 14 69 31 58 18 74 92 1 47 50 77 92 71 54 74 48 82 32 8 87 36 32 81 73 48 95 69 11 62 87 52 16 50 60 45 56 25 22 40 73 3 99 1 4 37 64 22 20 50 83 79 9 1 90 8 17 94 85 19
65 65 73 53 49 91 35 93 97 20 55 50 99 22 97 61 14 24 13 47 17 94 64 32 66 15 77 21 10 27 53 72 92 23 31 69 97 28 39 16 64 81 57 38 81 35 49 93 9 22 58 95 32 43 67 68 82 5 10 87
89 40 57 90 29 7 9 4 59 35 95 14 52 3 53 62 62 80 25 51 28 50 72 71 87 5 99 56 79 97 16 87 99 31 18 41 11 15 19 29 15 87 52 13 27 11 41 6 56 83 50 11 20 40 39 86 97 50 20 67
39 90 47 78 86 16 44 96 59 54 11 17 57 35 94 20 76 86 24 46 22 99 10 68 31 73 95 92 35 99 19 83 68 11 15 66 25 43 91 26 69 62 26 1 76 39 12 67 75 90 2 50 52 99 46 61 16 16 74 78
98 46 65 43 16 63 25 41 74 33 18 97 84 57 91 32 71 40 65 86 5 38 57 60 5 66 25 8 6 35 31 98 19 44 49 17 75 18 60 38 2 42 80 87 50 32 76 82 31 28 91 12 67 6 12 44 6 49 68 44
85 81 22 8 81 76 5 45 84 60 16 82 58 8 21 42 46 74 60 85 63 34 39 54 29 98 5 43 8 72 38 44 10 77 9 10 62 67 60 7 48 6 92 42 4 38 8 35 49 93 62 32 96 100 75 97 26 17 79 36
77 14 18 13 79 48 21 37 94 26 53 63 50 73 31 64 69 83 51 35 12 42 57 58 49 86 19 26 60 80 12 92 66 25 80 16 75 23 32 97 58 81 95 78 74 21 10 37 16 16 73 45 78 52 68 100 50 47 43 22
14 48 80 72 53 11 34 99 97 72 10 76 77 75 82 49 57 81 85 10 95 46 38 17 3 98 42 82 58 62 79 41 21 52 28 21 50 79 47 27 9 61 51 9 44 11 49 53 14 47 66 43 72 81 76 34 53 2 43 24
39 53 65 17 53 35 69 27 71 96 46 42 44 70 1 83 50 22 9 74 29 45 45 29 19 92 5 13 54 87 59 44 98 3 75 73 40 27 58 18 63 52 35 40 95 15 20 79 76 58 5 82 96 68 87 93 83 38 17 85
54 81 3 70 16 9 22 87 71 12 51 34 67 79 76 13 26 89 39 91 59 96 14 8 10 80 57 79 17 75 37 56 16 10 17 37 78 48 98 23 93 32 37 77 62 89 72 12 29 30 41 78 59 64 1 16 84 48 14 82
84 80 95 66 57 53 3 27 100 53 32 79 70 5 45 36 79 77 21 22 44 62 52 80 65 56 70 64 98 41 8 58 74 29 2 34 46 46 48 18 64 7 42 79 74 26 57 12 14 100 36 37 14 53 85 10 76 20 15 93
9 96 41 76 26 54 42 1 64 38 20 47 30 4 57 7 59 54 6 61 84 10 53 23 1 76 99 60 6 15 35 13 75 38 16 50 5 80 13 77 64 6 18 96 55 61 25 69 91 56 45 10 20 73 73 35 69 97 63 73
43 52 23 59 1 99 6 90 43 22 99 73 1 32 71 67 28 22 11 59 20 28 56 75 99 2 69 43 58 68 81 40 13 29 73 72 99 12 90 3 28 69 72 86 37 68 14 76 33 15 24 9 43 94 17 44 99 26 74 4
44 79 99 73 16 47 49 67 11 98 26 10 82 27 53 69 53 43 88 97 98 36 24 68 45 94 4 64 6 78 94 88 66 2 71 37 56 61 95 2 19 34 67 83 65 5 67 51 85 48 30 62 96 32 54 77 94 37 42 91
41 82 31 60 61 75 12 47 52 83 99 11 28 66 42 57 44 3 63 22 95 54 36 81 42 49 15 59 19 54 1 88 97 6 38 85 90 73 30 96 25 65 69 22 4 15 52 39 98 55 31 53 40 74 54 58 86 43 88 31
73 99 25 34 84 8 21 28 45 20 92 91 16 48 61 83 89 92 87 77 26 98 100 88 74 20 73 80 68 72 83 70 83 95 9 49 64 46 48 98 55 44 91 52 78 29 34 18 9 95 78 26 45 75 100 8 13 26 86 54
73 78 32 26 75 18 38 42 25 19 82 13 21 93 90 73 29 79 33 98 73 21 65 1 41 58 83 2 67 23 79 17 58 49 34 45 2 7 97 74 10 100 64 91 96 78 69 59 81 75 23 33 100 23 62 78 3 25 38 100
35 93 82 15 77 16 76 20 31 62 44 29 72 88 25 82 75 60 90 66 98 95 41 5 16 39 89 76 94 65 22 14 93 76 78 57 13 27 70 83 41 100 8 79 73 82 83 27 35 6 65 1 82 82 82 36 78 46 57 67
67 14 63 14 57 47 69 39 67 43 38 82 87 85 19 76 57 13 42 55 83 71 4 10 10 55 60 34 49 54 91 9 46 20 53 21 50 100 15 14 4 78 43 11 60 61 4 51 26 22 57 16 77 95 20 35 63 60 47 72
14 64 59 9 89 1 65 33 22 24 74 96 98 19 84 14 43 85 59 8 73 7 30 2 32 33 68 72 22 54 52 29 22 3 18 27 89 26 96 63 81 51 43 87 64 3 57 73 7 100 97 48 64 62 99 97 33 83 26 13
74 12 53 47 74 66 40 3 46 39 26 36 87 77 9 38 25 95 60 5 70 28 62 64 44 68 52 94 2 1 44 27 18 4 25 69 79 73 33 63 48 45 75 61 27 2 98 61 89 3 46 34 71 16 61 58 2 42 70 72
81 89 23 80 22 5 49 47 13 77 68 38 76 83 1 29 38 49 11 70 73 13 45 44 42 47 34 96 75 3 96 16 4 24 4 18 17 88 75 47 25 14 6 15 65 87 40 83 10 35 68 90 62 22 30 10 65 38 69 57
81 34 14 42 9 18 13 27 86 76 56 7 8 85 77 69 68 87 9 83 11 50 15 39 24 23 56 30 52 23 23 30 38 59 38 68 18 51 4 75 2 79 4 75 85 64 17 66 34 69 8 100 12 2 35 48 75 77 15 20
16 17 65 94 56 33 70 48 79 95 23 26 55 34 32 22 70 39 56 36 7 32 61 51 96 36 14 54 82 71 70 19 7 62 42 18 40 95 70 71 14 14 49 57 50 63 54 3 12 72 7 69 33 72 72 99 26 89 47 69
21 13 79 50 1 28 87 20 20 44 97 35 39 10 47 74 25 92 88 41 95 36 84 52 39 80 76 93 13 83 15 42 5 32 76 70 25 4 26 52 40 41 33 10 12 10 4 96 79 56 35 84 56 2 45 81 37 55 90 83
57 73 74 66 62 6 71 96 91 5 49 79 40 19 6 12 99 96 78 78 94 90 30 82 70 17 24 24 23 23 95 23 90 63 16 57 27 44 1 97 68 39 23 81 70 51 23 36 39 100 69 74 84 51 55 9 20 29 67 36
2 13 99 31 91 1 75 74 67 70 89 5 5 87 33 35 28 72 43 94 91 93 78 76 6 5 10 34 32 25 77 50 31 72 29 4 69 40 75 80 31 8 43 74 43 73 75 90 66 13 41 71 92 40 64 48 92 94 11 11
54 60 60 31 80 35 32 94 44 42 83 79 98 26 88 61 74 80 2 16 40 17 55 95 64 83 17 38 37 92 9 100 31 63 22 3 79 70 33 92 78 60 67 25 13 40 21 94 65 88 32 45 48 2 99 11 91 36 47 31
88 6 3 82 61 25 97 72 86 53 31 27 2 48 53 76 23 54 61 16 97 33 17 54 15 85 58 49 87 25 33 34 95 46 38 37 33 25 19 72 47 1 52 41 6 98 5 76 21 78 11 70 40 85 89 41 7 24 34 87
82 41 57 35 25 63 20 32 64 36 58 40 38 48 96 9 15 84 49 50 16 92 44 93 7 34 56 37 16 73 33 31 60 56 47 57 8 52 85 28 86 80 69 60 45 95 39 35 90 99 47 21 35 14 92 44 32 14 60 84
34 55 19 39 31 18 68 80 39 12 76 56 42 72 71 45 94 81 2 80 41 37 32 13 42 10 65 60 60 65 80 87 30 29 78 24 73 59 75 3 53 50 50 54 27 35 30 33 89 91 2 92 98 52 9 61 23 69 33 98
