50
4
7 51 18 100 63 82 5 73 39 26 17 27 14 66 6 30 7 63 3 13 26 11 90 67 95 14 84 76 97 78 33 54 17 67 58 40 56 69 47 53 31 18 38 76 93 60 3 19 63 13
26 94 85 83 13 92 7 85 19 41 97 24 50 24 78 74 15 11 40 4 40 54 52 78 77 87 97 42 89 54 53 59 87 57 10 25 20 59 50 23 4 97 22 87 8 69 75 50 30 28
76 97 20 22 30 34 38 92 40 90 4 99 26 19 82 30 40 44 85 98 66 19 81 1 61 27 84 31 95 71 73 25 30 83 46 97 70 47 53 31 94 88 78 76 85 72 38 53 24 27
50 5 54 33 100 28 7 43 41 44 52 36 43 100 22 18 88 39 87 24 54 16 35 70 88 11 31 99 38 75 11 94 91 90 34 58 66 37 57 47 57 58 61 33 53 66 46 42 18 15
71 16 97 26 4 31 98 17 37 95 71 52 18 7 19 40 88 33 91 86 79 88 38 89 71 16 25 25 5 79 39 24 71 56 52 9 37 30 6 86 75 46 89 25 55 64 78 90 37 38
19 49 85 23 40 28 35 14 96 3 9 31 34 59 42 18 20 14 41 97 57 58 86 4 74 9 24 26 8 86 36 23 86 35 30 33 8 31 3 7 23 55 76 39 88 29 21 53 30 76
34 84 91 58 92 44 83 80 79 59 18 53 86 45 59 70 10 77 95 14 46 15 53 65 49 24 27 10 37 3 21 48 53 7 15 15 21 22 82 61 46 29 49 20 71 50 79 56 72 90
80 73 66 43 15 96 15 56 8 82 33 20 4 67 94 5 42 5 71 60 32 85 28 50 9 32 69 30 56 47 88 29 43 67 6 8 26 71 27 36 78 87 86 37 99 8 66 24 93 88
53 62 65 46 51 47 94 2 66 63 69 84 82 34 67 15 74 50 13 40 6 41 97 52 65 71 6 2 29 94 14 23 33 7 14 93 37 31 52 98 73 53 17 89 45 51 48 70 26 45
42 61 7 26 55 57 43 16 46 43 57 100 52 83 90 78 49 26 69 35 31 67 83 34 69 86 96 11 9 41 79 43 97 85 84 70 34 91 5 61 45 87 24 85 70 7 41 30 50 96
38 96 36 41 10 87 28 55 19 74 100 22 53 45 1 2 73 99 99 70 1 38 42 44 7 30 88 68 68 51 27 66 29 13 60 66 32 10 10 30 80 57 86 27 21 17 81 14 62 100
83 62 12 86 29 97 95 71 47 82 17 9 17 98 76 3 15 44 86 75 73 62 91 92 64 90 55 8 57 94 33 80 77 86 72 88 44 33 24 15 75 47 79 89 64 97 16 9 6 41
32 60 15 84 78 26 76 75 69 62 78 2 96 37 70 87 61 14 99 64 57 25 11 73 100 22 20 14 63 72 52 7 9 1 64 20 25 82 29 95 70 52 59 45 36 10 5 95 94 77
81 10 63 67 24 9 79 78 82 47 43 84 4 39 52 5 55 21 35 80 100 81 75 9 9 38 7 65 75 60 43 26 67 96 3 24 60 95 72 15 69 62 85 58 40 25 49 35 4 58
97 53 67 75 30 32 96 11 60 85 82 3 26 34 53 39 72 54 81 14 31 99 97 90 49 70 13 39 24 90 54 29 49 6 16 71 58 10 41 29 53 26 5 94 72 70 7 35 34 6
36 79 96 6 48 83 29 26 13 24 55 18 21 83 10 25 35 18 50 26 48 74 28 38 67 32 6 54 14 44 34 20 26 20 83 20 83 1 87 74 60 32 65 39 27 37 56 86 40 85
77 67 77 63 21 66 68 49 28 34 41 24 59 54 80 32 56 35 35 2 11 15 6 75 35 8 53 33 64 63 27 80 36 61 54 70 37 35 52 84 88 63 31 49 89 15 100 4 96 6
96 80 49 2 24 84 51 30 8 24 19 96 95 81 50 93 94 75 65 18 57 86 89 78 17 71 24 1 29 71 93 47 71 33 32 47 66 4 8 75 2 29 20 13 22 27 45 58 5 47
91 14 69 12 61 7 66 84 29 24 24 54 77 58 22 99 71 10 87 91 65 12 72 92 51 95 46 92 71 15 62 73 61 34 49 92 60 65 95 54 82 32 14 80 18 76 82 78 36 98
29 26 69 99 59 90 85 32 98 80 70 65 43 15 43 74 81 92 49 49 58 60 76 67 49 54 77 54 58 49 19 80 22 59 98 47 34 43 41 22 71 25 85 91 88 94 64 50 71 28
61 48 9 92 50 37 56 17 11 98 14 52 53 47 65 39 2 64 18 4 8 29 68 82 100 30 32 8 53 62 40 50 2 44 90 40 29 27 22 54 37 42 45 18 91 70 29 87 18 26
41 46 55 98 50 38 15 74 21 34 10 31 31 94 44 48 14 18 16 18 81 40 99 48 5 92 75 76 75 39 70 55 45 9 81 97 42 34 33 47 4 59 61 32 7 92 18 64 2 8
69 70 71 59 59 59 70 1 41 19 59 74 60 32 8 62 43 51 23 41 28 99 60 74 79 58 45 62 19 92 72 52 44 66 93 30 42 26 19 80 84 33 90 33 64 18 81 22 33 43
61 84 50 31 41 17 48 8 33 17 43 8 88 31 21 21 46 48 53 51 97 4 13 42 14 95 55 66 88 74 28 18 94 92 36 17 59 21 5 67 31 45 51 7 41 28 46 74 96 56
91 82 71 37 9 70 22 2 6 25 76 85 86 95 2 19 99 55 74 37 17 61 28 9 98 66 37 73 53 20 44 82 85 2 46 78 54 36 100 45 11 22 35 9 50 41 88 80 53 83
3 41 59 15 42 8 92 85 69 24 81 13 49 95 46 84 68 61 56 80 74 92 75 72 46 93 57 71 63 82 76 79 21 7 2 33 72 61 34 60 7 74 21 73 68 8 59 47 58 26
49 2 72 78 68 66 16 59 95 60 43 44 93 69 91 83 77 37 85 60 89 8 97 91 81 57 33 78 28 63 9 92 7 81 51 46 72 58 52 91 13 12 36 84 57 93 64 65 85 83
32 73 48 23 89 57 90 66 88 32 46 99 29 22 35 48 81 70 98 47 23 51 20 98 52 17 73 77 30 98 34 6 8 94 34 39 71 92 19 70 30 92 28 62 40 96 14 69 90 34
72 93 16 16 66 3 83 79 79 61 64 94 29 18 78 50 1 68 38 24 9 85 82 60 31 71 83 51 38 97 33 83 54 38 17 52 100 51 13 90 94 68 17 72 34 57 58 43 6 90
41 8 15 54 12 44 59 84 47 80 56 20 47 21 40 16 58 35 70 23 79 36 41 59 26 17 56 40 3 99 73 33 48 89 60 43 13 82 30 1 18 15 53 91 63 69 98 90 68 26
47 96 65 85 58 50 30 70 55 45 42 34 4 100 83 56 63 34 32 68 55 50 96 46 97 63 93 86 79 59 46 53 22 73 90 44 59 9 59 29 37 54 79 4 36 58 43 93 91 84
50 45 83 49 6 62 15 68 84 75 37 39 3 22 14 10 47 61 56 77 11 25 55 68 81 90 58 17 67 5 7 71 15 23 56 18 17 39 81 39 89 52 12 9 82 2 48 7 92 43
70 82 89 17 60 13 96 11 98 52 20 1 51 75 7 59 1 80 50 62 65 73 14 30 100 5 9 28 13 74 72 21 45 44 86 85 99 84 23 97 94 28 32 81 77 93 33 85 96 42
49 47 7 52 86 11 86 63 42 84 93 46 3 36 29 53 20 54 26 48 57 80 7 57 51 92 55 28 99 33 23 32 51 94 12 17 71 27 19 38 50 41 23 12 17 94 58 53 21 13
32 74 48 46 83 49 29 66 27 1 99 16 93 13 77 21 55 52 25 97 11 47 91 56 74 88 3 37 76 54 69 87 32 74 47 82 72 27 86 58 46 39 64 67 73 72 99 17 72 98
73 5 60 28 32 84 100 44 29 85 67 49 8 4 97 39 58 75 99 97 35 86 21 1 21 36 16 45 10 87 36 16 96 66 45 10 80 14 98 29 93 95 54 53 8 52 56 53 69 90
91 83 95 93 76 29 85 42 47 77 1 63 20 57 1 17 85 9 28 1 42 26 76 86 82 27 23 94 95 34 2 70 39 84 36 96 34 19 1 95 64 32 21 57 16 11 11 46 86 33
37 83 25 48 60 8 5 49 6 68 68 5 90 11 36 11 79 89 66 56 37 35 29 9 38 89 52 78 64 75 54 48 53 15 4 1 54 29 84 13 31 70 68 84 3 17 76 55 74 21
72 31 23 57 68 8 58 58 27 82 83 55 17 65 85 91 98 15 93 11 68 81 79 66 71 88 38 12 73 55 37 59 68 39 38 77 74 82 14 77 56 96 16 84 73 88 58 25 61 8
30 82 96 41 93 54 51 27 51 5 4 26 42 70 96 3 96 54 78 30 91 7 51 14 30 33 29 11 1 12 79 5 27 59 90 10 98 50 44 62 16 38 5 35 78 28 78 19 53 30
17 77 28 79 4 3 44 24 68 24 99 61 20 16 7 13 72 93 72 60 19 65 16 55 52 26 12 35 57 53 76 30 45 15 9 40 80 97 36 29 41 90 87 12 84 1 24 38 70 80
72 17 75 75 23 18 48 5 20 65 58 21 57 61 73 38 67 65 58 95 100 35 48 10 67 90 42 72 80 57 43 85 33 42 5 56 30 73 85 5 41 64 68 65 80 13 89 54 81 45
48 6 17 41 51 88 8 88 30 44 38 61 100 3 17 39 46 26 33 6 18 77 99 63 57 12 39 60 99 24 87 69 55 53 61 18 48 82 100 34 11 23 99 4 65 2 10 24 95 66
20 87 44 29 91 16 51 33 21 17 19 77 91 56 100 49 79 20 51 46 100 16 73 8 40 77 22 99 34 75 50 62 35 26 55 68 59 22 57 95 16 2 9 19 16 93 65 45 24 16
46 10 32 85 69 23 98 83 31 61 55 94 18 75 98 39 67 37 48 20 6 98 38 2 17 79 29 96 4 59 27 49 91 93 98 92 76 16 53 11 62 92 89 89 97 98 21 82 41 67
35 68 62 20 32 43 4 25 97 83 57 62 52 25 79 29 72 40 17 39 60 34 33 78 99 91 40 14 54 9 58 67 62 19 86 59 15 24 23 58 31 55 23 1 81 48 35 57 15 83
14 74 16 14 86 12 81 19 51 86 4 100 68 28 39 2 64 20 24 28 11 51 70 43 27 55 76 93 56 36 38 71 31 93 97 50 51 38 38 68 31 28 5 81 51 100 49 94 86 90
26 72 49 8 88 19 78 46 25 37 99 74 44 43 32 70 94 42 49 96 39 55 82 97 3 96 21 29 11 86 12 84 50 57 99 4 67 59 28 66 38 36 11 99 83 69 7 62 65 47
75 82 16 91 77 90 40 25 4 59 7 84 63 73 92 10 62 69 65 38 23 46 77 49 50 95 61 70 46 93 56 43 62 62 4 31 15 35 38 11 22 56 98 56 54 33 89 33 35 64
20 30 68 73 3 78 65 50 55 74 73 54 36 56 47 72 88 3 66 37 5 19 21 90 45 93 35 80 16 2 53 20 63 43 81 44 56 9 73 12 51 64 21 46 81 31 42 69 21 11
76 22 99 30 27 100 47 2 67 97 48 8 73 51 84 34 87 43 40 54 59 99 59 91 13 61 76 18 18 31 54 13 55 94 64 66 68 87 3 64 18 87 22 96 91 67 30 63 95 65
8 88 79 87 47 6 35 72 79 38 96 63 52 21 50 42 63 21 53 86 25 2 28 68 1 99 38 79 14 10 68 59 21 23 33 22 100 55 15 44 39 4 56 64 54 79 47 37 24 21
32 44 51 100 25 15 40 40 96 49 64 64 39 94 41 67 20 55 55 79 13 73 57 68 75 26 64 57 90 63 56 79 33 33 31 26 22 48 56 16 70 15 75 34 75 33 70 93 37 86
24 85 7 58 9 80 43 53 18 33 76 20 63 64 45 52 24 15 14 8 10 72 15 26 85 97 34 86 38 70 25 93 97 100 80 54 17 52 10 7 53 62 28 55 78 79 94 27 53 31
70 21 83 66 61 79 83 48 17 69 25 99 43 59 43 54 86 64 54 90 83 26 63 83 99 93 22 2 54 22 32 32 58 27 58 46 57 73 23 88 60 52 56 95 19 51 60 34 9 49
90 55 28 13 66 33 96 69 32 59 97 99 23 58 19 51 20 41 58 83 51 77 13 27 73 27 40 96 5 87 58 5 71 75 30 10 63 91 50 8 99 55 25 6 80 45 16 3 94 4
18 100 63 41 1 36 61 91 11 38 32 93 100 19 18 87 33 66 82 72 36 83 15 72 32 49 53 70 41 69 17 63 71 51 11 67 29 95 26 35 85 29 2 88 43 45 37 28 13 54
83 25 14 95 12 83 15 22 56 8 87 55 8 87 54 16 89 12 74 82 67 33 86 34 99 6 95 19 65 55 33 83 32 45 5 10 36 62 81 21 36 86 17 86 28 39 16 49 45 21
87 47 87 58 96 99 70 5 51 18 74 53 77 55 56 88 73 38 92 55 75 66 64 3 74 43 34 50 84 71 78 63 4 95 39 89 37 100 98 17 34 57 96 46 63 57 25 66 68 13
95 69 26 9 61 43 1 6 5 42 43 50 29 77 41 17 28 69 13 56 40 21 99 40 89 68 34 78 24 80 81 37 96 16 73 44 26 23 1 35 76 1 71 87 54 33 45 90 95 24
15 95 30 98 95 36 90 55 52 22 21 21 67 70 5 52 76 92 1 8 90 98 3 32 90 32 78 71 63 88 86 88 93 47 9 27 82 36 29 79 72 25 6 49 17 77 37 63 3 79
54 60 78 19 100 93 2 20 21 26 49 35 23 26 87 30 5 72 11 61 94 98 29 45 26 63 96 69 16 47 86 88 86 30 24 55 69 10 8 15 89 73 53 21 9 95 23 13 94 36
46 47 32 17 14 19 87 19 96 85 25 40 16 16 28 62 71 16 25 64 44 77 55 26 56 54 19 62 43 77 34 70 75 34 39 35 70 20 60 86 90 63 82 6 52 76 29 46 98 30
58 52 12 95 38 76 65 35 78 99 1 90 41 28 45 29 23 20 96 47 50 76 27 100 38 5 91 78 31 7 60 85 52 44 72 78 55 77 3 30 51 34 2 25 60 86 38 70 39 81
49 65 44 14 65 38 96 72 56 6 19 100 91 62 80 96 39 12 57 62 67 33 47 60 72 43 25 37 90 22 3 64 45 51 77 65 14 26 85 3 30 39 87 25 7 65 96 45 5 83
82 34 56 49 71 56 3 27 94 83 43 60 10 84 45 87 28 19 61 86 15 95 82 44 58 89 72 28 9 68 51 29 5 50 80 87 14 4 70 7 70 53 100 15 66 85 8 3 22 54
5 22 67 89 94 28 78 40 75 49 93 35 28 56 98 27 62 9 52 43 40 24 76 25 18 99 14 21 8 50 64 48 44 68 21 62 65 65 7 14 58 8 70 85 30 20 5 89 66 97
17 21 27 82 3 54 45 5 5 24 60 3 50 3 36 67 38 23 67 41 2 9 3 78 87 69 21 17 51 54 24 36 41 40 42 26 34 28 58 28 94 84 2 76 21 81 96 54 18 79
53 1 33 25 26 44 9 63 55 70 50 37 70 36 82 44 37 15 1 50 4 15 4 78 30 88 62 87 30 93 11 20 48 22 94 66 82 39 30 80 95 69 79 40 17 77 60 30 3 4
94 6 8 72 29 2 25 57 34 100 34 30 71 45 84 67 48 63 39 14 54 85 46 51 22 39 56 86 86 14 58 63 76 5 81 4 77 67 76 33 71 76 13 55 62 100 11 90 33 56
87 77 67 34 57 32 66 44 1 31 62 83 7 54 97 37 20 40 55 30 63 28 43 63 51 74 15 75 12 5 36 50 74 77 25 36 92 94 20 36 58 53 48 78 14 28 62 36 13 6
85 66 79 80 38 70 14 82 46 15 95 74 41 34 75 7 40 56 76 46 53 31 68 21 56 74 21 19 48 85 93 85 11 69 21 22 78 23 59 48 75 53 75 72 10 44 30 24 71 22
64 72 70 79 79 67 26 92 82 71 2 15 23 21 28 61 25 36 72 83 49 79 53 93 32 37 26 91 95 45 10 68 6 9 59 8 14 15 74 24 1 8 46 97 98 50 16 77 4 42
73 34 69 42 79 50 95 30 47 88 48 98 93 82 12 80 15 64 2 18 32 85 21 69 95 87 78 7 3 88 94 17 30 9 79 93 41 32 20 80 12 3 57 50 5 68 79 73 85 27
36 6 70 27 98 84 6 66 20 82 96 12 16 34 53 88 6 8 76 57 66 88 35 60 81 87 42 96 57 74 72 88 66 28 14 17 4 33 87 97 69 85 67 59 45 20 54 74 55 77
99 73 82 56 79 46 95 83 74 51 10 55 61 8 55 15 73 99 94 13 59 41 62 12 72 68 97 27 92 45 48 20 80 57 93 7 85 8 52 1 10 76 3 81 15 75 78 33 76 79
7 2 88 93 82 60 30 39 34 98 20 76 53 86 25 12 55 64 39 63 90 91 93 11 47 89 29 45 43 93 24 81 1 70 76 53 59 23 81 27 94 32 25 61 65 69 85 4 6 2
18 2 23 47 85 46 74 41 100 23 6 18 83 51 96 26 13 63 47 22 65 84 53 50 5 72 59 78 20 65 41 85 23 91 7 90 97 75 16 89 99 5 75 81 18 38 41 95 53 11
8 93 61 53 88 82 75 18 81 17 80 95 25 11 18 36 68 31 70 23 65 31 57 100 70 83 37 42 10 47 43 88 47 80 41 54 23 28 81 72 41 69 75 47 63 4 35 3 61 58
4 38 40 22 92 65 61 38 27 7 44 69 70 10 83 45 41 62 55 17 3 54 69 1 59 57 10 47 76 71 49 97 59 20 46 45 79 91 13 3 27 83 59 22 63 65 77 98 96 7
11 35 40 8 78 99 96 69 50 74 4 10 78 19 43 98 35 59 40 24 52 86 79 76 31 51 60 24 100 81 83 15 99 36 21 91 81 20 37 44 58 31 96 45 22 78 88 17 65 73
15 70 39 25 60 37 17 82 25 78 22 61 74 63 18 84 14 84 53 10 83 11 95 75 65 47 8 2 1 100 19 38 65 3 75 34 11 46 96 46 7 31 57 55 68 84 51 36 80 54
86 4 90 36 59 27 35 50 38 96 80 75 42 64 8 26 70 39 49 40 61 26 15 26 90 7 9 82 20 94 12 97 70 2 42 56 83 82 44 35 97 91 20 17 9 55 16 15 22 100
7 20 58 82 1 44 79 72 16 54 37 97 26 26 54 45 60 64 45 81 86 100 33 7 50 7 96 27 46 43 81 43 22 47 32 34 25 12 32 40 27 13 78 64 98 90 3 68 55 17
37 77 42 26 13 61 10 54 90 61 24 66 17 16 9 36 48 100 5 42 10 73 23 60 53 13 60 86 68 86 61 49 74 11 34 40 86 81 77 14 83 53 53 10 25 60 58 34 6 6
39 71 67 48 6 40 42 1 20 79 48 33 47 5 72 50 100 47 98 91 28 82 8 83 98 100 97 47 64 28 75 65 27 58 51 45 78 67 93 29 94 74 76 80 41 48 41 92 68 77
54 24 79 47 54 80 54 95 1 72 34 51 29 20 24 16 85 77 62 53 31 83 37 62 97 48 30 86 80 67 39 27 87 97 89 71 53 18 3 98 57 53 44 39 75 22 67 4 39 7
40 40 95 66 39 42 14 92 66 8 92 16 97 93 4 53 60 63 44 44 83 66 3 42 29 42 26 41 93 32 75 87 47 36 72 95 91 86 56 79 7 82 2 18 70 33 84 29 45 40
36 95 12 46 56 88 61 97 34 13 95 66 50 90 82 30 36 49 93 25 16 10 50 42 31 93 92 50 90 53 18 70 43 69 91 75 90 29 75 1 19 47 29 94 42 66 19 18 25 88
29 55 29 87 32 71 6 67 31 81 70 13 1 42 5 31 9 79 62 62 69 4 74 37 62 1 95 36 28 14 66 32 5 44 87 99 86 13 77 33 43 89 34 94 99 5 18 45 86 90
21 75 71 68 19 8 91 75 78 43 18 52 6 80 25 58 27 76 20 94 41 31 28 43 71 20 32 60 84 14 26 21 65 53 49 96 86 84 63 27 60 67 75 20 45 99 33 3 9 70
79 69 33 56 96 93 48 85 10 57 65 81 67 27 41 42 59 22 80 53 49 73 96 85 27 38 43 17 56 19 37 16 3 32 88 41 31 36 16 87 86 52 34 61 10 37 64 27 7 34
24 20 51 53 58 5 94 36 79 99 99 97 97 10 94 15 80 19 81 22 74 68 50 88 99 11 50 10 65 80 90 34 65 46 39 39 42 36 41 76 57 53 33 13 53 45 75 33 20 72
6 82 50 40 56 6 19 30 46 31 96 3 25 33 53 16 62 25 85 22 10 63 96 65 57 84 42 65 31 40 98 65 16 59 39 1 98 60 21 57 5 72 6 42 89 5 66 9 22 15
27 81 46 81 67 49 72 89 32 29 18 76 26 33 19 43 83 24 65 7 53 89 6 35 30 90 96 7 48 28 44 76 76 13 56 76 60 37 85 75 58 96 29 75 77 11 4 17 81 78
34 52 77 45 7 86 1 10 12 38 98 53 91 86 11 84 11 96 10 29 22 34 34 82 64 78 22 1 15 76 82 91 68 95 95 17 26 29 65 22 92 45 45 11 49 83 9 52 46 56
18 41 48 99 91 34 87 80 98 21 51 48 69 82 65 6 33 100 2 9 37 79 87 35 46 98 31 90 13 40 71 93 16 14 90 67 25 74 86 26 81 36 94 98 97 71 72 9 2 6
20 14 87 74 45 92 78 49 54 7 11 13 24 25 34 59 43 1 83 28 86 13 29 63 87 27 12 63 51 81 32 13 12 88 100 96 69 80 76 55 82 50 17 77 5 2 77 5 66 61
82 45 75 85 36 12 89 75 9 68 46 53 47 52 96 61 35 11 63 23 3 8 31 74 95 16 41 4 31 9 87 13 89 8 56 55 8 71 58 15 97 27 99 87 75 54 37 77 66 66
47 45 60 31 81 1 86 81 27 99 7 39 79 53 76 84 16 74 27 74 50 49 9 58 70 76 62 80 65 99 69 90 15 19 73 38 21 12 87 9 72 85 66 81 32 35 56 48 81 4
20 11 40 18 95 87 58 9 39 47 81 69 10 15 41 75 28 86 87 30 72 49 92 60 29 77 65 78 66 76 93 9 7 68 86 60 72 12 32 87 76 19 14 1 79 50 15 87 39 49
55 83 5 24 18 25 79 62 29 26 15 72 90 11 26 7 86 17 46 29 71 66 76 60 90 52 38 37 45 93 41 72 15 40 26 70 82 71 70 46 79 39 79 52 15 41 12 90 73 72
44 73 48 61 87 73 18 99 69 71 100 43 3 63 25 65 61 85 4 64 95 28 15 32 100 81 46 65 40 4 73 86 33 18 95 41 34 78 74 90 34 57 3 57 4 14 57 46 74 58
77 24 19 94 9 30 64 82 97 73 25 94 19 5 9 61 97 100 99 92 39 25 97 35 52 50 69 36 41 68 57 99 16 100 88 7 3 4 44 76 9 71 26 85 43 92 85 54 5 95
48 62 22 70 52 27 86 8 79 34 93 13 87 5 76 21 13 60 41 71 44 95 87 48 74 90 69 71 1 3 38 80 58 9 70 9 66 47 13 77 97 41 48 5 66 71 83 8 48 86
68 87 39 96 10 54 83 47 75 51 56 88 74 19 7 68 44 95 61 62 63 71 61 71 23 78 9 26 39 14 16 66 69 45 13 63 90 30 83 33 24 10 76 48 23 34 12 45 80 5
47 49 91 48 87 32 9 53 26 38 4 82 78 86 17 89 93 64 33 32 8 23 62 56 16 77 70 66 50 43 50 73 83 7 57 70 73 74 45 4 17 21 93 86 23 2 3 36 50 60
20 73 61 86 51 46 51 7 42 7 49 6 58 73 93 36 58 85 35 42 56 36 45 26 75 44 24 41 1 54 15 92 73 20 55 47 16 93 46 93 16 5 87 84 25 38 86 40 8 82
37 35 9 68 20 95 4 40 22 33 59 78 36 36 51 65 43 43 27 95 92 95 28 23 80 28 48 99 53 89 74 21 40 64 3 82 38 78 62 48 8 79 49 12 47 69 84 18 94 96
27 64 89 52 59 25 37 58 71 75 25 3 12 17 29 73 40 20 86 67 3 39 29 65 40 41 69 9 65 45 17 57 94 1 58 24 80 3 5 76 60 73 82 56 12 63 100 16 86 54
37 97 12 81 91 54 45 68 42 69 52 56 46 52 18 27 47 4 34 71 33 30 54 30 98 14 13 47 59 31 44 64 22 45 1 58 42 62 55 90 53 58 39 59 41 75 54 85 55 2
21 58 12 44 70 58 27 92 37 31 63 9 29 28 26 53 92 9 97 13 29 37 75 44 64 32 81 96 29 18 100 32 14 56 58 77 93 11 18 58 43 57 83 72 20 46 24 76 65 31
1 20 42 40 25 62 45 8 68 35 14 86 21 73 94 49 64 17 51 41 71 69 54 65 17 4 21 42 51 5 74 63 66 92 71 23 81 28 69 3 34 44 26 75 42 65 17 72 63 6
12 80 78 75 81 10 85 48 40 45 99 25 45 8 58 70 88 7 14 56 66 87 31 25 11 34 39 71 3 50 56 9 80 11 83 86 16 31 39 10 100 34 26 27 98 20 95 28 16 79
88 79 32 74 99 96 53 78 53 68 52 30 20 74 24 7 64 9 76 52 4 78 48 4 58 99 98 38 42 74 44 60 12 89 79 43 68 35 72 49 12 19 33 65 66 51 1 65 54 21
36 96 83 43 94 64 37 41 92 74 100 85 8 57 75 15 84 63 29 6 66 89 62 85 26 99 100 17 98 75 84 16 99 36 58 63 20 49 93 69 53 87 52 60 35 14 71 72 82 25
33 92 5 54 29 29 22 90 91 75 9 68 1 8 29 51 66 42 80 30 38 13 48 14 81 85 64 50 67 77 48 3 57 90 20 15 70 1 46 32 52 16 8 64 64 62 47 20 1 59
60 36 74 26 50 49 30 75 34 69 92 73 70 25 31 45 23 32 41 4 25 24 10 40 12 98 23 5 39 10 64 48 82 55 22 56 53 47 24 18 57 92 1 51 13 39 9 52 86 26
79 39 27 51 51 41 97 41 26 81 50 64 25 41 10 52 72 66 77 91 37 100 92 28 11 19 87 43 53 46 46 64 86 100 38 21 5 68 94 55 41 94 12 19 86 71 16 20 73 98
83 69 62 52 45 85 53 38 86 81 97 44 70 88 39 91 35 56 80 34 98 2 75 17 82 97 76 78 84 100 8 1 72 73 14 64 8 35 73 25 66 90 64 56 48 47 60 96 87 13
97 76 35 66 52 15 33 3 80 83 64 52 63 59 65 74 59 50 97 60 70 33 34 43 17 55 3 49 87 73 97 85 88 57 43 7 23 25 22 18 4 77 7 69 35 50 95 51 88 91
37 31 71 41 20 64 5 19 56 19 76 79 24 92 73 4 14 38 47 29 41 73 74 92 67 80 69 41 9 18 94 23 45 85 47 12 90 59 62 5 54 51 84 100 80 78 79 94 20 18
45 67 80 90 55 32 24 12 61 37 88 65 53 4 40 23 30 74 88 76 88 53 25 13 98 7 29 91 79 82 84 95 78 30 32 54 23 68 86 78 12 39 28 65 36 88 38 8 29 43
18 92 75 12 94 84 65 83 78 97 13 18 4 81 70 64 17 45 84 59 45 15 53 75 91 97 11 84 17 76 87 29 70 44 5 53 84 50 48 83 13 32 44 34 52 97 64 96 74 97
26 66 16 57 51 84 3 100 44 22 95 28 78 90 42 54 74 36 92 48 86 15 65 18 49 94 60 40 64 53 27 20 20 17 44 52 32 94 35 98 81 82 94 48 36 91 61 88 33 14
28 6 83 9 65 95 97 50 9 79 74 74 48 5 30 11 64 81 83 9 27 16 20 47 40 33 54 92 92 10 52 18 63 58 95 24 43 16 22 35 96 88 5 31 31 18 35 4 53 13
35 16 31 24 85 31 23 11 65 99 4 88 26 12 72 35 6 82 31 85 58 10 84 69 99 2 46 40 26 86 6 81 82 30 4 34 27 52 64 31 55 51 2 18 68 11 17 8 76 52
78 48 18 20 63 18 60 60 64 7 47 85 74 10 95 28 24 83 42 71 28 63 2 83 45 91 68 72 95 38 51 21 33 13 62 99 78 93 43 58 69 23 48 99 94 88 14 3 54 28
24 58 20 60 4 13 45 16 47 18 26 95 8 44 100 60 44 18 14 17 28 7 43 14 71 96 82 97 88 32 19 58 39 60 82 89 26 38 2 38 26 11 36 77 72 81 22 48 64 76
90 17 51 22 97 27 41 74 48 64 9 73 56 78 27 85 29 4 4 84 5 97 94 8 43 35 61 3 34 26 1 92 98 54 40 42 74 65 73 38 18 42 53 33 74 18 82 27 28 33
52 88 76 92 66 18 19 18 84 35 24 14 48 33 65 17 70 17 27 52 83 29 66 89 20 5 59 12 20 24 67 99 36 3 57 89 2 90 53 9 26 33 80 4 82 21 74 77 97 99
91 13 24 77 25 31 99 42 75 48 78 2 39 70 28 37 74 33 63 86 14 44 34 11 20 98 89 21 29 61 64 20 24 37 91 24 23 55 67 78 38 31 6 43 27 83 45 69 53 89
47 58 96 70 74 90 31 3 43 79 11 97 72 17 45 30 44 22 93 51 47 84 44 92 95 66 92 34 28 26 84 80 97 28 20 93 26 7 34 24 22 76 96 28 45 66 41 23 53 99
65 20 90 52 28 77 23 21 90 47 19 25 78 2 77 60 75 75 72 8 40 34 66 10 72 95 39 68 43 4 25 19 72 8 57 23 84 44 98 46 9 7 24 5 31 25 87 68 14 78
100 67 55 27 99 16 6 19 61 1 85 31 27 27 42 79 66 33 53 70 47 14 24 44 69 29 82 51 14 92 24 52 68 58 94 9 87 67 12 47 94 44 8 67 1 66 99 73 46 69
52 11 35 91 15 34 76 46 92 14 36 47 83 32 25 95 29 26 54 58 95 14 23 44 45 68 48 44 56 100 86 49 36 52 47 15 28 5 87 11 17 99 6 16 57 72 91 39 22 80
4 77 89 49 60 56 18 14 61 83 11 22 64 37 83 30 14 24 94 68 29 64 24 61 29 65 24 96 94 66 96 60 52 45 80 12 92 16 10 15 30 37 75 10 98 23 63 93 2 81
17 86 47 98 23 1 55 85 32 16 20 87 44 29 14 62 56 21 25 49 46 38 41 16 57 55 50 45 57 93 74 26 4 20 32 31 92 55 91 96 6 1 31 98 63 60 97 68 27 79
92 8 24 70 100 37 41 11 9 11 49 61 4 10 22 54 73 18 1 88 11 64 14 7 90 22 56 62 27 100 60 93 3 21 53 37 35 55 67 3 99 7 47 72 87 32 100 19 55 74
71 53 56 100 84 54 8 48 26 35 76 29 28 20 48 9 83 94 6 95 36 86 94 42 24 68 43 24 29 98 48 54 86 42 51 8 12 48 78 94 14 4 60 70 26 58 92 78 49 93
82 55 70 10 20 100 39 89 24 56 28 32 69 87 21 47 77 94 8 78 49 100 96 74 58 41 2 28 67 3 27 95 54 19 34 59 85 47 3 6 81 43 22 24 36 44 87 90 38 83
57 33 22 19 41 40 7 25 39 39 76 89 57 80 60 74 35 5 15 88 46 57 45 81 64 38 86 95 33 42 65 91 33 84 97 80 48 3 85 32 44 61 74 14 21 46 22 57 69 53
75 11 78 84 100 24 91 36 40 64 11 8 85 57 31 36 61 77 98 37 55 51 92 66 66 60 49 66 69 11 96 68 100 35 45 37 58 96 100 91 91 30 58 22 6 41 26 40 50 45
60 3 15 71 35 9 44 51 22 97 56 91 47 58 19 54 4 77 13 97 49 78 74 31 95 55 26 66 42 53 91 64 40 39 50 83 46 94 51 93 34 69 58 28 47 41 67 80 38 74
26 96 8 28 41 51 53 45 81 8 82 79 67 29 85 88 52 45 67 74 47 49 6 50 96 71 10 55 20 90 78 72 55 85 3 97 79 89 97 18 43 64 52 62 86 63 32 95 80 20
95 54 7 20 67 31 15 67 94 69 40 63 71 25 37 52 99 32 52 16 74 16 55 74 78 14 46 32 24 27 16 35 9 85 43 51 38 98 56 46 50 23 9 71 71 7 91 63 54 91
13 54 83 70 90 33 68 84 56 89 100 12 100 64 2 91 42 77 49 68 22 70 60 3 65 35 44 13 90 33 39 26 48 18 96 44 88 63 25 3 61 6 80 72 23 36 76 93 20 50
41 67 47 71 45 91 96 44 93 21 61 61 65 92 8 56 19 62 61 20 14 71 9 39 55 44 48 92 86 73 4 17 65 36 36 6 56 13 86 82 84 41 84 21 100 98 86 2 61 39
93 16 46 37 81 72 89 60 11 37 77 92 29 84 47 31 96 17 33 89 63 88 8 24 81 13 31 77 92 5 47 23 12 56 27 36 33 81 69 71 94 78 22 74 82 70 90 63 42 75
60 26 8 35 22 23 90 23 35 29 4 39 18 19 66 56 31 94 83 16 46 93 56 84 12 65 47 4 33 24 46 66 53 14 13 13 8 7 25 77 62 20 3 32 91 33 33 75 86 87
39 90 41 16 37 32 55 63 82 57 75 92 68 57 27 14 69 85 11 92 48 24 49 64 28 89 40 95 9 73 74 3 39 11 68 60 13 90 89 71 17 19 20 23 97 96 88 81 14 7
23 96 84 49 45 75 38 7 89 85 24 33 31 94 67 22 58 59 94 31 96 87 71 12 20 79 97 60 93 25 8 60 22 80 90 54 51 15 84 33 57 7 70 58 52 24 23 88 85 59
75 16 94 19 79 12 74 57 10 26 67 93 83 70 55 55 40 26 88 54 96 100 77 22 24 91 25 8 78 39 64 4 65 85 54 69 71 16 30 20 14 12 9 29 22 8 75 21 27 77
66 2 51 17 86 34 74 96 87 27 22 18 59 73 2 35 39 91 93 92 14 15 61 8 55 42 5 79 86 41 24 21 16 1 41 6 87 40 42 65 31 57 64 1 22 75 54 30 50 71
48 28 97 82 57 47 42 66 59 62 11 77 66 4 57 73 42 22 97 19 27 73 63 71 1 42 8 84 97 94 78 23 92 36 54 96 21 34 15 51 90 94 53 1 50 97 97 25 17 92
45 14 47 65 15 70 75 35 45 98 34 96 63 70 84 65 56 53 92 74 72 14 98 89 35 79 40 95 9 76 64 88 57 98 96 77 97 66 48 89 8 77 61 33 5 25 12 41 4 22
99 39 63 14 19 90 53 83 56 6 21 95 37 9 78 35 36 18 31 15 42 99 49 98 54 44 21 54 93 83 87 96 51 15 42 53 87 58 42 34 28 23 80 73 19 34 93 4 69 70
24 39 44 17 4 77 33 22 3 22 18 9 63 80 53 95 72 88 56 33 57 67 4 34 84 34 30 59 12 77 100 81 58 44 18 83 17 15 63 56 13 87 45 96 87 72 83 68 87 17
1 26 29 34 84 68 41 28 23 66 51 27 62 95 7 60 79 53 17 59 22 63 97 5 3 71 97 73 97 83 51 64 72 97 20 35 2 87 50 77 99 48 18 39 34 22 86 11 3 87
6 49 41 63 29 92 19 78 63 59 58 12 27 37 8 63 21 52 65 21 20 46 2 68 17 65 46 22 82 71 44 31 69 89 18 73 48 21 26 94 12 23 1 60 20 20 37 29 73 34
74 65 77 34 43 45 62 45 13 21 47 11 68 35 75 51 16 58 90 27 40 67 58 95 42 69 97 21 95 36 50 53 27 87 72 36 13 24 77 55 54 76 42 51 58 19 43 89 8 83
29 78 94 93 33 32 65 44 78 41 5 57 15 85 64 9 94 37 63 40 36 3 55 11 65 69 73 20 5 42 87 27 95 55 50 95 31 62 84 36 56 14 98 49 95 57 65 77 81 89
26 28 42 81 87 100 56 55 79 29 23 94 78 87 19 15 11 63 3 77 94 43 37 58 28 56 64 6 79 94 98 75 59 15 42 95 77 68 8 81 66 7 65 24 55 60 21 41 81 43
65 76 88 20 72 97 20 7 57 35 82 83 38 78 53 56 23 77 26 17 63 78 56 71 51 25 13 15 19 67 97 33 61 64 25 98 9 47 70 17 42 6 5 67 40 49 97 21 85 68
49 32 53 95 93 56 28 1 6 17 79 64 91 70 97 77 29 72 69 37 55 90 99 3 50 14 61 57 49 66 24 50 23 56 45 86 94 42 53 21 21 20 50 69 75 73 42 31 85 17
71 9 77 50 78 76 25 96 63 65 73 99 90 50 3 26 1 98 22 25 14 64 82 90 67 9 67 39 46 94 83 25 58 99 92 84 5 72 4 91 94 29 40 85 40 74 5 61 66 43
56 15 36 43 13 38 26 85 92 63 58 53 74 44 52 85 14 81 51 8 61 47 98 62 94 24 9 20 90 43 28 62 91 21 84 61 58 5 3 29 31 8 71 72 28 7 62 90 64 75
20 68 19 81 91 4 54 47 68 36 65 63 19 48 86 61 54 65 46 19 38 56 71 85 71 61 3 55 57 29 84 98 99 32 35 67 45 78 5 23 76 59 56 2 57 55 14 36 40 20
39 6 72 18 55 84 70 62 84 9 58 37 8 18 99 51 6 69 71 24 45 78 79 99 12 31 86 22 83 25 83 40 81 61 60 74 44 92 31 46 84 90 63 60 14 66 68 65 91 87
54 14 12 92 63 43 14 97 83 65 3 56 84 86 81 34 75 65 72 51 88 2 32 72 87 64 52 13 91 83 65 6 95 92 63 53 56 45 27 54 54 34 8 46 17 12 95 48 81 81
29 72 96 99 96 98 56 59 53 12 97 76 19 93 76 80 10 35 73 19 99 48 59 43 56 91 88 41 78 71 4 47 33 50 91 69 7 28 9 8 2 36 68 14 44 90 69 46 56 87
66 4 60 45 7 75 62 98 75 28 2 5 44 33 51 77 18 18 58 16 87 35 47 67 42 35 9 16 67 27 98 94 98 75 27 46 15 23 21 52 7 33 20 5 53 49 10 69 35 43
55 54 23 32 67 18 14 91 100 55 63 4 92 95 16 62 89 25 96 69 76 68 71 44 60 47 14 89 14 50 19 100 71 89 62 12 24 65 79 75 50 61 45 1 23 64 25 53 100 47
8 9 86 34 8 43 34 68 75 17 94 57 6 33 87 94 47 43 87 47 91 58 47 92 2 9 53 12 63 83 72 28 15 76 55 93 96 27 7 1 1 52 2 1 31 82 44 8 37 84
99 13 48 9 44 100 55 90 21 61 9 80 70 39 94 98 96 75 55 93 40 22 89 6 99 3 17 63 84 22 6 39 98 48 92 64 40 68 71 13 80 46 14 57 42 42 2 58 69 75
91 41 90 58 63 36 42 33 30 31 13 57 22 9 69 53 59 31 9 92 83 14 68 9 9 59 53 28 77 36 22 3 93 48 66 79 61 26 84 53 34 99 54 3 2 86 40 56 49 68
60 32 9 68 99 67 93 1 85 87 21 96 37 32 11 83 82 70 82 21 42 78 96 15 39 27 99 22 71 69 86 64 53 51 34 76 68 85 4 2 52 94 89 89 50 97 27 64 28 71
56 7 72 40 56 39 85 75 15 9 78 99 17 68 40 79 30 81 99 8 23 44 52 47 28 21 59 77 57 4 55 62 59 5 96 54 83 70 47 71 84 99 21 86 69 34 58 82 79 64
22 59 41 46 28 36 40 35 83 21 39 71 2 87 46 17 41 26 3 84 38 46 48 22 93 18 100 44 23 39 52 25 94 72 90 45 85 24 56 93 63 34 66 20 59 27 70 100 30 8
96 60 99 45 45 50 93 91 37 82 50 4 7 27 87 3 8 94 47 38 97 62 93 54 70 40 19 86 56 75 11 79 55 65 11 8 99 1 55 19 11 92 39 90 31 66 32 48 55 38
93 5 91 18 95 27 37 67 40 26 35 1 98 4 96 84 59 25 89 77 80 9 34 55 73 81 15 18 55 26 61 1 33 92 74 34 28 33 45 14 83 41 38 60 95 78 43 39 100 35
5 16 63 97 97 14 80 7 6 38 32 54 29 35 61 65 81 96 96 46 49 88 91 12 23 32 62 11 84 48 65 12 57 95 32 18 64 21 26 60 64 82 12 53 14 94 44 10 35 39
43 88 52 45 6 8 97 30 35 22 52 57 31 74 71 7 63 38 36 13 4 28 60 74 75 46 67 44 40 33 96 59 26 74 97 22 80 21 10 26 84 30 37 81 3 81 13 100 80 29
51 35 26 37 46 69 13 80 38 80 16 83 71 34 14 37 35 95 57 7 40 52 65 41 3 62 73 30 92 73 81 44 34 17 71 98 34 2 38 1 38 54 28 69 90 22 13 11 31 40
93 58 90 30 82 66 15 41 83 72 80 69 66 51 48 92 20 94 52 18 79 45 5 51 35 97 24 24 94 67 2 78 18 88 99 81 44 98 77 69 80 6 88 18 20 91 49 14 55 49
46 28 70 60 97 89 69 18 48 4 17 48 77 75 8 25 4 16 93 35 36 1 4 44 12 96 23 60 34 13 72 10 9 26 32 42 33 3 70 68 88 13 32 73 88 90 78 46 74 9
21 96 57 79 71 60 91 84 65 29 80 65 64 5 26 9 100 76 70 56 80 41 28 19 18 41 45 58 32 95 9 67 38 26 47 59 22 15 69 69 60 49 61 44 92 42 86 14 15 88
45 64 18 74 92 12 28 90 65 77 67 70 84 98 3 88 48 51 11 45 23 55 58 65 86 87 15 31 92 76 9 65 37 96 60 29 59 20 89 38 96 51 20 95 54 86 52 8 41 31
45 5 53 17 5 78 43 34 8 7 29 58 12 33 42 47 30 43 89 63 30 27 75 66 14 90 1 61 48 65 8 52 5 92 5 54 24 76 20 44 10 7 39 84 79 100 68 46 94 95
60 92 22 45 99 78 98 48 7 95 78 13 82 22 74 39 78 14 60 14 98 90 78 82 23 77 54 73 42 81 37 21 23 43 97 3 24 54 58 20 90 58 88 28 19 60 81 47 18 16
55 18 67 48 83 87 30 18 43 64 16 44 89 16 79 2 37 61 30 57 6 55 25 5 86 8 98 89 27 21 25 57 30 91 98 91 100 89 86 18 25 22 52 89 68 52 2 48 88 67
52 51 49 32 70 84 43 76 53 7 25 9 61 38 64 82 15 24 55 23 40 75 54 3 35 96 94 86 9 79 81 16 13 13 69 83 81 2 89 25 76 49 39 12 74 77 78 77 4 90
42 3 45 13 88 50 22 38 63 63 40 19 17 100 16 6 14 49 66 69 9 18 1 84 81 21 25 53 60 84 16 49 37 19 23 22 39 29 23 44 62 40 54 8 44 18 20 26 13 5
100 51 25 74 35 90 76 99 67 82 90 58 72 35 11 75 88 100 41 47 97 30 3 22 10 17 83 91 81 73 93 42 42 8 62 40 34 60 22 78 67 5 44 62 60 90 30 53 47 94
7 21 36 21 49 98 51 18 6 10 64 15 7 56 2 4 18 22 99 57 20 19 29 23 37 29 54 55 93 84 70 8 38 39 62 6 93 5 51 92 8 12 17 73 96 55 70 45 84 33
89 9 52 72 29 83 33 80 63 82 61 10 83 26 81 65 17 27 34 17 22 71 3 17 94 8 24 63 34 79 95 25 16 33 94 28 17 73 63 98 53 42 12 88 4 72 56 39 14 17
39 87 20 71 98 36 32 56 60 61 79 85 7 60 93 54 77 34 31 73 89 72 85 47 56 54 37 60 66 79 11 6 98 9 89 47 50 66 47 20 9 17 93 37 98 70 9 10 83 28
35 38 38 69 1 36 6 26 50 60 13 94 30 54 29 65 5 51 76 91 70 85 44 70 21 44 27 90 29 84 30 57 67 81 4 10 14 24 65 9 19 69 83 21 12 43 74 31 94 46
75 90 71 97 89 1 61 11 51 71 22 55 22 50 92 84 96 38 99 55 77 39 80 54 80 15 28 9 26 12 24 33 46 32 71 2 68 90 11 98 82 94 71 59 92 97 24 92 99 48
20 84 47 55 12 25 95 5 94 64 22 6 36 27 30 23 24 48 68 94 60 49 35 75 37 77 65 15 79 90 52 73 93 59 2 96 67 27 35 48 56 63 76 67 4 30 34 64 18 100
