90
4
32 80 37 74 50 48 5 35 2 17 68 6 69 1 83 51 97 9 25 90 44 78 88 81 16 22 25 34 46 95 39 94 51 66 42 80 48 77 83 71 76 31 82 27 96 85 35 74 39 94 28 7 18 49 83 44 6 84 17 57 50 15 80 44 87 53 87 84 46 38 100 83 85 76 95 89 71 95 77 72 30 5 28 68 20 94 32 76 80 43
53 90 68 48 4 24 28 54 54 15 89 46 6 8 53 35 96 80 63 82 3 8 94 85 58 83 38 77 71 49 21 60 4 97 81 82 31 6 40 15 26 64 66 28 35 10 6 84 33 94 55 78 55 77 68 36 43 45 89 34 23 94 38 95 61 12 9 13 61 77 59 6 2 65 36 53 51 95 42 87 66 92 31 45 20 64 62 37 10 44
15 52 95 20 17 56 78 98 64 30 49 77 47 29 28 53 22 52 14 24 33 26 53 11 48 41 19 48 99 4 74 30 67 43 9 24 64 10 27 95 56 79 4 37 51 42 47 76 56 94 4 79 24 29 2 84 33 79 48 47 84 1 94 6 44 30 57 36 1 39 89 51 4 90 6 75 31 87 84 81 20 75 64 36 22 76 7 27 31 80
14 1 35 72 77 70 68 31 8 2 1 24 53 85 21 72 73 69 44 50 94 51 46 70 30 17 17 31 56 91 44 11 20 100 72 43 53 76 100 49 84 71 65 17 8 28 85 6 87 2 3 63 92 31 30 67 99 43 36 43 100 77 57 33 17 96 72 26 63 64 97 62 22 76 16 43 82 35 32 25 15 28 4 39 8 70 62 30 44 29
3 43 31 46 15 73 6 33 62 10 14 76 81 71 10 78 74 93 63 82 14 100 74 91 25 60 49 92 92 21 98 96 67 43 75 96 10 4 31 82 84 54 15 89 69 4 68 90 22 45 56 7 67 38 72 63 56 65 37 48 80 57 80 77 30 76 89 40 12 74 62 81 18 59 58 43 41 33 39 80 72 46 96 74 65 24 60 11 15 1
49 35 65 77 16 31 42 5 33 22 2 17 88 79 22 1 87 93 17 80 12 25 55 55 79 82 30 7 25 72 31 7 70 90 25 90 86 66 98 87 71 5 74 6 32 68 84 47 20 51 27 5 14 10 5 60 65 51 34 34 52 79 56 54 70 26 47 89 49 79 63 65 54 76 39 8 60 87 73 4 86 65 61 60 46 88 71 73 32 47
39 13 21 4 96 79 81 76 36 3 18 23 35 48 79 20 100 24 85 72 14 40 61 17 4 48 77 41 27 50 67 82 100 9 94 74 58 70 30 77 86 98 54 36 62 86 11 30 21 64 99 43 54 90 40 23 68 90 93 4 83 22 34 13 62 73 84 82 44 84 84 48 88 80 31 6 52 82 52 91 37 73 21 90 26 35 85 53 36 18
81 2 33 91 49 99 65 9 49 98 81 86 43 37 75 79 74 5 97 33 30 57 12 93 56 57 64 13 75 60 16 55 6 27 86 79 61 59 99 54 26 88 29 51 37 88 84 61 5 25 33 76 42 42 11 27 91 91 45 8 21 80 49 21 55 44 20 69 18 38 31 81 70 40 32 79 15 44 28 8 55 37 54 49 87 16 8 11 54 90
60 89 26 88 43 54 22 15 46 85 74 33 40 60 28 91 37 2 37 2 52 71 69 1 22 28 41 70 99 52 52 48 12 18 95 82 75 44 41 69 40 86 17 11 78 36 5 8 96 43 5 6 68 36 32 73 72 70 31 95 83 40 44 71 79 37 21 1 45 72 62 5 32 74 82 58 73 64 50 8 31 26 97 16 29 81 30 39 20 72
39 34 97 28 24 81 36 33 55 4 88 85 92 42 74 1 22 15 89 8 78 41 41 93 14 65 9 52 81 74 71 39 93 31 39 78 47 59 34 55 100 79 59 70 69 48 93 25 91 33 100 57 10 9 24 54 29 46 73 72 60 26 100 16 42 18 41 91 94 8 22 39 93 87 75 1 12 48 9 56 2 60 27 95 43 93 94 9 92 84
33 58 43 4 63 53 99 29 59 49 4 1 96 83 21 88 41 40 53 25 48 33 53 97 44 10 37 62 66 69 31 64 4 25 70 72 7 40 35 20 49 75 4 45 28 21 70 21 63 98 59 51 87 61 8 16 12 88 67 45 85 75 31 55 27 86 63 21 12 80 47 66 10 74 64 65 25 79 56 80 38 18 29 78 22 92 96 32 77 21
72 28 40 79 43 45 42 20 22 74 21 56 7 81 76 12 45 38 28 2 92 6 99 27 7 54 84 57 29 37 17 25 60 60 36 7 43 80 44 62 89 57 24 34 90 70 13 71 62 93 64 72 57 39 98 82 86 64 72 98 45 51 70 61 22 28 100 2 56 2 8 73 1 76 58 59 28 33 90 72 57 67 56 59 16 79 23 62 64 5
76 67 68 44 83 95 32 3 81 42 92 71 83 96 98 99 10 11 67 88 26 33 82 68 4 20 23 69 48 74 99 95 98 96 72 32 42 36 34 67 63 5 11 67 22 75 61 98 20 19 3 78 75 86 17 7 54 80 6 4 50 96 46 10 98 97 28 10 98 84 56 83 86 76 28 17 36 90 66 31 43 25 85 41 27 2 28 25 44 50
46 44 94 13 55 9 11 37 74 28 14 22 95 76 87 11 77 15 88 45 13 15 8 86 3 16 71 84 21 34 59 39 34 22 22 30 52 46 45 20 1 59 62 71 33 5 19 53 2 12 11 38 70 53 75 83 25 10 69 96 72 9 32 54 4 19 41 63 4 72 50 61 16 59 39 69 64 19 92 44 72 65 58 7 95 81 63 61 64 88
5 67 29 92 21 73 41 14 55 53 79 5 41 42 51 94 48 82 23 97 54 68 76 42 6 15 79 20 96 81 70 40 97 89 70 88 6 1 59 56 23 90 12 98 58 93 73 66 88 4 41 89 26 75 78 50 10 53 98 69 94 89 32 90 78 69 71 24 67 98 82 38 12 40 49 95 87 94 35 70 78 77 28 63 72 100 34 76 12 13
47 14 100 62 51 59 72 59 32 37 7 45 19 2 30 99 7 53 49 91 98 40 85 15 96 37 9 8 94 2 49 56 89 46 90 88 70 85 84 88 30 73 2 21 47 39 53 93 70 23 52 74 96 18 98 72 75 15 87 31 59 6 87 66 4 40 61 44 4 55 48 78 14 73 37 14 71 17 33 97 62 15 37 43 33 69 86 28 72 19
93 8 1 91 37 30 42 39 59 58 6 44 59 45 69 29 33 96 91 34 32 11 13 75 19 80 60 40 20 80 43 66 71 85 65 26 2 22 57 75 79 6 8 42 71 82 68 71 88 53 68 17 73 16 73 27 92 64 59 45 91 2 19 89 40 16 18 23 20 67 62 17 72 28 95 75 60 1 15 48 20 98 32 91 72 75 24 97 52 73
35 87 16 6 65 39 16 42 42 100 82 63 4 37 78 40 21 71 28 72 5 30 15 47 74 11 93 70 33 65 10 83 33 82 13 78 47 91 72 94 87 32 80 83 4 35 23 24 12 13 72 44 61 3 89 86 94 68 45 9 58 74 85 48 78 41 51 31 39 22 55 99 83 57 58 81 5 42 97 88 39 57 10 35 56 84 3 72 66 46
3 11 2 43 4 95 75 33 37 38 73 60 49 47 61 73 59 38 34 21 71 61 48 72 19 85 60 64 71 19 3 96 95 64 45 47 48 58 55 78 62 21 8 51 22 30 6 70 37 61 99 74 17 63 28 40 71 76 46 45 8 40 24 32 47 33 56 32 38 81 38 91 14 41 23 92 66 98 30 72 32 59 72 82 18 80 60 48 42 69
65 50 66 4 63 94 39 27 33 84 71 31 53 93 55 5 43 10 91 58 41 5 99 11 2 25 17 70 41 49 11 44 5 67 92 18 23 61 6 44 38 67 88 95 75 86 98 7 58 31 67 6 60 58 34 67 52 39 10 32 21 9 8 66 73 57 39 48 6 39 61 68 96 17 15 18 31 57 27 5 39 66 16 23 89 71 8 38 5 82
87 10 70 16 91 89 22 51 58 94 92 67 24 91 79 17 68 52 14 82 7 15 6 8 68 23 51 33 72 81 11 42 100 67 91 84 70 32 51 4 9 45 95 56 59 35 29 35 19 33 73 10 1 24 71 34 68 84 43 77 38 1 90 58 29 36 51 46 25 88 48 87 60 8 61 52 66 1 8 79 16 97 41 95 1 39 33 100 61 13
62 19 93 10 33 94 28 65 88 9 59 24 38 26 5 33 86 91 52 45 86 54 83 57 10 36 54 95 34 94 43 21 90 55 87 88 100 35 92 27 2 40 27 75 97 55 43 61 91 64 90 54 15 67 95 69 66 45 100 93 70 51 4 100 98 8 65 92 99 9 29 43 66 66 63 55 51 48 9 67 26 83 33 19 3 4 3 28 24 72
48 91 25 61 15 67 24 58 31 41 96 61 19 99 63 79 77 31 46 75 20 86 29 36 31 96 85 86 45 75 46 34 90 69 39 61 69 69 85 100 3 42 21 67 81 5 55 80 85 60 3 99 31 19 13 65 61 12 83 59 68 28 69 3 88 92 64 29 52 92 90 59 49 54 5 11 34 56 79 57 77 89 4 49 64 53 97 94 77 63
33 50 31 19 33 84 43 92 24 59 90 51 25 56 85 46 100 14 97 41 24 45 16 82 21 87 62 26 18 31 52 16 30 68 35 98 24 75 61 4 97 11 15 97 39 30 63 86 16 98 84 71 19 54 71 11 4 55 80 5 87 64 16 24 3 18 29 97 57 69 8 98 27 63 84 18 86 5 45 23 96 48 10 52 44 50 69 69 70 82
19 73 87 19 91 25 35 96 88 7 57 94 63 99 78 8 5 28 26 31 64 50 10 94 74 55 49 48 90 91 52 31 31 45 34 49 39 8 78 81 47 14 26 2 87 89 12 52 1 90 77 89 71 26 94 89 21 68 83 7 95 97 44 13 86 20 44 25 54 85 52 41 12 30 66 3 80 88 78 16 85 45 59 54 47 78 96 66 24 93
16 86 6 92 71 37 100 55 10 89 63 87 2 13 58 64 51 50 52 88 24 100 48 73 51 2 99 19 85 44 39 64 32 84 91 25 41 75 95 24 87 56 83 69 34 98 62 47 25 66 38 22 84 83 24 42 23 84 53 95 6 35 39 69 49 19 46 83 46 79 8 51 65 36 39 90 74 66 24 30 35 41 9 33 33 96 42 48 31 93
59 68 71 94 30 10 18 59 97 33 100 85 73 51 6 42 49 57 23 96 58 11 31 16 74 27 81 38 87 38 17 73 31 92 54 89 19 42 55 70 6 75 32 20 24 6 20 2 18 4 28 3 4 28 83 40 87 71 70 87 75 2 55 86 92 91 39 81 90 66 55 47 23 51 33 62 63 72 58 8 90 2 85 98 95 41 95 61 22 95
65 80 94 63 43 93 50 20 66 80 87 50 83 52 34 13 63 40 29 53 85 75 56 16 47 22 90 75 94 22 70 94 23 99 89 97 13 64 47 47 56 2 64 41 92 19 4 32 98 56 95 24 67 15 81 62 21 81 5 92 80 60 94 73 42 9 62 31 7 52 87 59 58 51 73 50 68 23 96 57 11 9 60 30 50 100 37 82 19 84
7 32 64 96 87 16 68 28 75 44 62 91 5 63 79 66 99 90 83 52 42 38 74 98 1 84 86 64 43 23 87 52 64 94 100 54 5 52 43 60 22 93 6 72 61 12 91 1 53 39 87 89 81 48 85 71 51 4 10 73 63 80 7 29 63 14 25 33 37 21 16 13 12 73 92 68 76 84 99 74 94 79 85 19 10 84 52 87 8 62
29 89 69 51 75 27 26 12 34 34 97 82 36 6 53 80 53 55 7 73 83 58 74 49 64 75 94 29 4 63 41 13 65 29 52 80 45 48 60 24 87 7 2 86 20 30 46 4 42 40 55 29 60 93 60 6 79 23 77 12 16 35 64 76 6 97 65 94 66 14 89 68 17 47 1 40 28 27 41 11 57 65 25 54 74 77 44 87 32 72
81 3 96 73 29 16 25 93 9 61 35 21 84 4 85 67 71 44 49 31 41 8 54 29 44 14 30 74 20 53 63 96 10 1 83 98 86 66 30 70 51 79 93 16 56 31 34 29 62 95 51 84 77 72 37 61 81 71 79 67 12 75 22 14 28 66 60 4 4 75 27 72 51 60 27 59 3 89 23 49 20 7 52 13 22 53 33 34 55 98
41 71 98 58 92 28 86 84 38 34 89 88 29 79 66 40 53 55 14 27 33 22 2 19 87 89 42 37 48 100 65 38 35 62 41 48 29 19 93 19 67 52 24 48 51 27 84 87 73 44 77 35 64 64 43 75 1 26 5 4 43 62 80 9 3 56 47 55 52 81 68 48 4 11 43 45 37 71 93 67 78 82 53 29 27 50 79 34 93 58
97 3 58 17 49 31 100 13 16 39 90 17 67 29 74 96 67 23 93 21 89 32 18 9 32 67 71 47 33 71 97 7 81 1 40 76 1 62 35 94 22 71 85 45 80 63 33 1 85 71 26 63 29 89 24 4 59 67 86 99 7 36 37 67 83 5 1 83 64 90 24 10 91 87 63 74 4 10 36 51 24 16 51 1 42 58 86 51 83 39
55 41 70 22 33 13 77 10 100 3 87 77 8 35 36 42 13 25 7 43 36 57 10 20 12 59 15 95 7 29 26 19 65 37 21 58 25 64 80 97 13 70 7 69 2 69 16 94 26 39 27 21 87 28 5 48 25 64 84 83 69 68 84 3 51 43 66 35 11 82 21 35 53 61 33 31 11 10 48 1 98 50 90 95 4 83 35 20 13 83
70 46 23 56 12 20 41 30 70 82 11 38 90 27 93 58 99 4 68 95 9 9 85 79 43 64 59 24 25 69 85 12 11 47 12 64 53 19 95 40 11 35 61 77 3 67 92 27 44 99 10 20 11 10 26 65 81 15 59 98 60 91 85 89 41 43 82 17 80 11 73 78 25 91 15 61 70 56 86 2 32 85 52 49 61 58 88 4 24 23
53 49 79 85 2 6 57 81 20 46 88 96 64 55 42 55 19 25 94 79 76 46 45 85 47 77 93 30 100 42 18 71 40 48 5 34 56 91 87 18 87 41 54 67 99 60 65 29 35 100 5 15 32 83 77 100 99 89 43 38 47 75 37 63 54 69 72 57 13 41 60 33 61 10 50 13 27 56 64 47 88 64 72 31 33 71 96 96 22 95
41 38 93 90 45 18 26 96 36 2 16 66 12 28 1 53 40 51 36 77 50 41 78 20 74 6 39 48 98 86 1 72 40 29 31 95 17 16 75 32 44 26 70 61 13 88 55 39 70 10 41 4 97 19 29 16 69 15 61 60 9 42 46 53 58 25 44 69 7 95 54 30 83 81 49 52 81 77 64 4 99 1 65 41 56 85 97 97 79 67
30 53 99 75 63 58 95 48 25 2 93 92 26 9 49 6 39 26 59 70 53 96 19 23 21 27 59 93 44 38 44 56 66 77 13 47 80 96 17 16 94 40 66 85 38 18 37 63 70 58 34 43 7 92 6 41 77 38 52 64 46 80 93 3 45 79 19 95 97 25 82 30 22 57 81 26 72 31 17 33 79 97 29 78 14 22 88 19 4 91
28 69 40 47 71 78 72 64 84 12 27 29 60 83 5 88 22 93 34 65 7 42 11 73 59 99 57 69 24 99 12 5 1 12 44 57 93 53 2 12 26 66 83 76 89 55 78 60 22 42 3 72 2 59 63 56 74 75 15 92 56 68 97 89 53 63 64 76 15 43 83 21 38 98 66 33 54 44 51 64 75 7 98 97 51 99 100 86 63 64
90 58 2 33 10 21 52 13 71 37 79 28 4 3 72 50 53 79 72 84 54 88 83 61 44 62 40 24 1 64 46 6 41 53 7 77 92 42 25 39 5 19 53 12 31 1 53 27 100 71 11 86 90 38 59 34 82 21 68 54 69 90 70 3 35 67 17 40 100 44 76 91 1 93 2 80 33 2 86 74 23 57 82 52 91 13 64 69 45 57
75 55 76 52 72 66 98 61 38 96 95 30 39 69 83 63 18 68 37 4 85 42 10 4 37 93 84 51 49 85 73 63 76 99 2 100 69 60 4 93 34 17 85 41 61 89 74 23 6 43 59 17 55 85 56 95 63 71 55 18 10 37 41 71 3 94 83 54 15 46 2 6 82 22 79 52 79 86 36 55 35 10 88 79 49 12 38 27 73 55
48 65 30 63 19 87 100 3 24 9 41 76 83 92 31 83 85 73 57 6 51 22 49 69 59 21 59 66 44 29 15 37 9 35 30 18 17 5 22 62 90 1 12 4 21 96 70 34 60 45 56 12 54 12 51 14 67 85 59 45 99 75 70 36 20 14 26 80 82 41 30 41 83 28 89 65 72 56 57 87 81 41 1 43 42 86 57 24 4 25
34 87 28 54 99 26 15 31 98 92 42 6 29 75 37 39 94 62 18 89 43 84 9 87 69 35 87 40 91 44 57 59 50 81 92 50 3 76 99 64 97 25 54 58 62 16 13 97 50 91 63 56 12 61 92 24 36 79 46 37 91 20 67 96 70 7 13 87 79 80 61 100 91 54 1 75 27 83 19 65 63 46 28 96 32 89 52 35 33 40
68 66 3 67 89 5 57 14 93 61 82 20 11 1 22 88 45 23 16 5 12 50 69 43 77 55 17 39 63 3 17 7 33 51 20 73 34 73 91 34 92 98 44 15 61 29 51 4 72 92 31 78 43 54 67 70 92 74 2 96 22 55 36 41 73 100 1 13 44 26 31 9 40 24 8 93 88 17 50 48 38 43 65 5 76 72 27 42 62 84
35 41 34 2 28 28 84 9 67 43 53 25 66 6 8 71 99 91 78 68 47 95 23 93 45 47 61 50 64 50 52 23 66 56 77 29 3 85 70 51 62 61 21 96 43 26 39 76 47 70 90 12 38 17 15 15 52 76 52 89 96 37 42 78 21 2 34 23 91 22 10 38 49 43 12 41 69 20 52 21 77 45 82 9 86 89 63 4 82 11
2 79 80 99 69 38 70 85 43 23 78 12 76 79 7 54 90 38 85 49 53 80 23 40 8 62 47 70 99 73 37 78 88 3 84 22 9 90 37 5 11 33 49 75 37 30 82 98 99 18 8 52 53 90 75 53 30 63 60 99 66 71 15 52 57 49 61 91 15 88 1 18 86 65 42 39 41 79 29 73 43 42 86 61 10 50 74 85 88 70
66 51 67 63 38 92 69 12 48 85 74 17 40 61 6 54 6 45 52 88 32 87 13 22 49 78 31 83 50 64 13 80 100 72 10 55 34 4 16 2 89 18 78 63 39 99 92 74 12 49 76 25 99 50 2 76 44 86 14 12 90 67 20 86 99 28 71 9 68 48 82 69 4 15 86 29 60 16 99 38 84 14 48 53 76 31 27 50 12 92
95 76 34 73 31 12 56 29 1 75 98 53 71 69 89 7 81 66 38 1 27 27 80 52 16 10 25 62 10 56 26 30 29 87 48 61 12 78 8 83 93 55 75 95 74 23 31 37 3 52 30 42 95 97 72 11 3 35 38 45 93 9 78 61 76 87 48 71 97 13 66 45 51 60 57 89 63 11 75 98 41 14 84 88 9 39 57 42 17 49
8 9 85 92 33 29 29 62 36 86 60 55 63 15 2 91 31 78 65 61 18 20 55 15 99 35 76 93 28 87 87 48 69 13 81 71 13 47 77 69 29 53 39 57 98 11 75 4 56 66 65 23 43 95 87 10 77 19 53 82 77 93 7 79 24 62 31 86 24 21 90 30 15 51 46 99 61 33 80 30 20 60 52 14 88 49 67 15 22 92
57 8 14 77 22 56 43 66 43 97 38 84 22 44 9 42 7 90 6 60 84 36 46 31 20 65 8 31 51 68 83 12 80 14 75 72 25 8 65 4 75 92 52 1 4 29 99 97 61 14 20 5 14 96 70 71 87 84 6 15 58 87 66 55 35 65 77 33 22 2 20 6 28 21 53 93 11 64 16 89 54 57 2 21 40 100 49 16 99 64
93 89 18 100 18 28 78 90 16 20 72 30 94 15 30 64 15 74 88 7 15 80 25 82 93 83 25 46 90 87 96 17 68 42 32 63 99 75 20 91 5 35 34 51 88 70 64 28 41 41 71 10 31 98 8 77 93 95 80 84 19 61 26 44 63 70 28 12 74 86 15 92 34 89 44 23 52 81 81 5 1 79 59 81 66 33 12 89 33 16
73 76 32 73 7 31 75 19 7 56 69 79 90 90 87 12 16 45 70 53 22 38 90 58 76 37 12 93 65 65 90 92 91 68 59 27 48 8 49 6 31 28 2 58 97 97 83 89 14 77 95 53 36 67 98 73 95 74 84 65 68 38 44 45 72 43 9 21 22 44 16 89 5 53 8 53 82 95 94 64 49 53 47 68 88 80 81 45 67 62
88 10 71 56 93 82 69 92 23 77 33 61 85 13 97 1 56 1 26 9 97 78 62 56 46 69 48 57 53 88 25 99 61 19 11 61 86 82 35 39 4 43 30 90 57 88 78 74 61 27 29 63 50 25 52 93 8 49 95 11 21 99 83 6 1 35 17 65 84 62 89 12 14 47 30 27 85 44 52 20 41 75 50 1 83 46 86 5 84 65
74 79 55 78 15 27 67 90 32 80 37 59 10 76 84 50 74 57 7 62 88 69 63 68 45 4 89 89 39 9 38 85 46 41 16 89 98 94 52 80 36 8 66 54 31 99 98 64 6 100 19 82 20 81 67 93 22 40 96 17 98 4 77 98 73 22 67 28 11 99 36 95 100 15 5 93 63 92 89 8 24 53 22 7 9 81 88 11 76 99
96 32 8 95 73 43 30 91 59 40 80 45 51 94 11 16 35 49 53 23 32 98 5 57 33 47 54 29 100 19 53 5 76 9 99 97 59 91 35 49 7 34 12 8 64 17 1 94 93 38 97 44 33 99 8 88 31 28 58 11 64 95 73 53 61 97 16 96 52 96 6 75 96 49 29 60 50 44 43 78 42 78 36 56 17 69 44 43 74 4
61 30 45 97 92 76 31 48 13 11 5 68 9 42 43 93 52 91 64 90 25 89 39 11 11 67 19 42 51 80 34 38 58 42 22 99 92 33 41 22 74 27 45 50 89 31 69 25 2 60 94 74 99 74 57 80 81 30 49 52 61 56 2 19 77 46 28 88 37 75 1 48 15 23 86 9 77 37 12 72 4 41 34 98 65 69 25 93 86 88
70 37 23 98 15 40 41 46 95 12 70 8 9 91 75 92 8 92 95 38 35 35 16 94 22 94 87 87 30 64 83 83 89 95 63 62 88 55 28 3 52 92 55 65 78 22 88 61 15 91 29 31 2 74 68 5 24 58 7 8 68 50 95 12 88 1 51 39 85 92 96 10 91 94 86 29 48 21 56 2 51 2 26 38 20 58 83 76 19 43
24 95 63 64 63 28 86 44 99 82 11 83 1 55 21 7 45 94 22 5 93 61 48 31 78 13 27 47 31 5 48 10 3 4 86 62 9 64 63 6 90 5 99 85 71 79 28 69 33 53 56 56 38 39 36 33 69 17 15 67 14 95 52 96 93 47 22 31 57 30 24 81 17 91 86 5 79 27 15 41 87 37 25 93 64 46 34 69 78 78
22 76 32 100 14 34 18 85 66 15 75 99 60 55 77 95 1 47 21 5 28 75 37 73 99 28 25 11 7 35 66 72 87 54 28 49 30 64 20 6 2 33 88 27 89 45 17 19 59 84 22 73 85 16 68 28 62 23 97 24 13 31 43 77 29 53 94 96 90 49 4 18 38 15 32 98 62 44 97 100 21 13 79 36 9 79 8 71 94 59
80 97 3 51 10 19 1 72 1 36 10 37 55 45 83 29 27 9 87 86 92 70 81 8 12 29 2 81 45 44 27 96 85 85 74 22 39 60 43 83 84 57 54 59 59 34 76 96 7 46 23 37 8 78 69 33 96 9 84 83 7 1 92 16 2 99 87 62 88 64 55 75 47 78 49 35 34 15 68 82 8 73 51 39 49 51 45 60 5 88
89 45 50 39 28 18 45 12 48 100 79 72 100 51 90 4 26 16 93 70 6 67 77 56 49 81 45 61 90 33 39 47 55 72 60 33 50 26 85 53 41 52 48 72 57 66 45 6 65 36 58 78 75 46 87 61 53 13 21 65 16 3 46 25 21 4 9 24 51 19 60 56 2 31 44 44 55 95 3 8 55 16 13 15 70 91 12 44 36 59
74 32 74 47 65 51 3 76 30 49 42 68 48 51 49 22 41 62 40 70 6 50 41 26 95 43 42 88 78 44 78 67 81 58 97 33 93 13 67 10 32 56 52 11 85 22 5 32 53 63 55 94 50 24 18 96 42 80 35 85 51 22 29 21 9 72 66 21 38 70 98 42 54 88 79 94 7 74 44 69 25 62 97 18 34 32 10 76 33 22
66 11 97 68 71 83 35 88 61 94 72 19 10 73 77 68 89 7 75 82 13 5 46 38 47 41 86 45 57 35 67 50 24 10 6 59 12 44 100 74 83 36 3 65 86 92 55 49 55 82 38 13 31 25 2 30 28 87 19 75 35 49 33 6 63 63 89 63 29 92 31 43 71 33 40 12 54 18 64 96 38 49 49 84 87 72 91 80 44 84
5 60 53 24 38 44 12 2 78 94 90 56 56 69 19 95 62 90 27 69 17 78 87 2 2 20 32 61 7 65 67 11 62 3 10 61 95 65 78 67 57 63 13 21 62 44 96 90 30 74 41 93 95 22 38 61 32 5 87 47 72 8 38 38 37 17 77 47 91 12 54 72 61 7 27 44 55 2 47 78 40 77 19 78 83 24 96 10 89 82
4 64 39 83 58 43 1 40 24 67 45 69 7 67 27 2 25 80 81 67 89 37 68 2 61 16 99 43 32 25 4 91 65 82 21 75 15 95 68 72 37 20 31 32 53 48 91 99 69 3 70 3 8 98 32 1 100 9 33 26 5 73 62 66 9 12 11 34 45 51 56 100 57 60 37 64 82 33 27 54 97 27 42 4 16 82 62 76 34 8
25 39 70 24 85 74 15 20 57 67 18 88 25 93 58 35 96 10 38 24 88 78 28 44 91 91 49 16 34 7 16 30 56 26 36 62 4 4 58 15 19 37 71 7 8 93 97 10 57 45 66 77 78 33 30 63 62 28 40 68 43 58 59 4 58 20 33 55 58 33 23 95 99 40 51 27 61 65 56 9 81 30 46 44 20 41 40 76 8 79
54 25 62 68 80 66 73 94 42 50 70 37 80 5 93 65 63 61 74 61 9 8 12 69 100 67 41 21 98 3 44 29 91 48 58 41 25 13 80 16 50 18 69 17 97 77 58 62 33 50 21 67 47 6 66 8 79 72 47 79 50 2 59 63 76 81 11 74 45 24 98 59 18 67 37 76 61 45 79 86 30 63 91 48 40 29 45 3 25 17
41 98 89 68 42 27 76 53 54 93 81 82 70 68 24 4 39 51 29 33 42 83 58 79 87 6 56 74 95 72 100 20 96 51 4 53 24 80 12 74 56 80 25 37 15 64 72 2 99 82 97 81 99 66 90 30 13 76 82 61 15 84 5 35 79 85 83 81 15 66 8 53 87 35 56 61 17 21 7 37 5 37 66 2 31 23 94 24 34 52
80 33 74 44 98 14 40 50 59 6 89 9 69 48 3 79 99 67 12 70 19 25 44 95 37 34 30 93 85 15 63 81 74 61 80 61 31 64 9 86 38 58 16 25 54 3 59 60 70 74 92 4 34 7 31 52 33 89 80 20 71 49 41 44 73 91 56 27 94 28 71 28 43 63 29 88 17 42 83 24 13 75 63 95 97 6 18 90 41 4
23 82 11 12 6 34 9 95 27 85 43 66 1 89 4 35 10 42 86 75 22 47 35 63 45 93 2 81 19 84 1 5 11 51 54 86 63 35 66 7 30 42 74 7 16 46 94 40 98 99 62 79 1 81 95 7 57 39 81 34 39 26 67 39 20 100 33 71 85 14 65 91 34 49 38 18 56 40 2 54 86 12 88 84 88 80 11 52 51 27
2 74 77 66 31 23 73 73 64 1 87 19 78 38 8 6 33 21 24 77 87 89 50 32 82 47 36 76 50 12 10 35 42 32 99 81 24 31 76 51 37 29 34 5 70 81 5 86 27 34 63 96 97 77 47 34 32 66 73 37 48 65 81 16 26 43 55 52 87 23 67 43 100 31 19 62 11 63 12 97 24 44 32 40 32 41 37 56 71 72
95 52 33 5 91 94 32 99 51 18 17 25 76 5 5 53 64 49 50 80 10 22 15 52 69 7 70 88 81 3 30 10 2 99 68 1 94 51 64 59 42 22 90 93 82 26 45 17 99 14 99 14 55 59 34 78 43 81 34 76 70 82 49 96 7 94 100 2 48 27 20 8 25 66 73 52 49 28 14 93 46 22 43 55 88 23 26 86 87 2
17 73 61 16 28 1 21 41 75 11 58 48 66 95 23 79 53 37 78 94 58 51 26 32 80 4 68 38 96 97 41 70 80 2 19 97 2 58 30 6 77 96 99 23 97 54 49 19 66 25 65 76 84 16 28 94 88 5 9 4 10 84 100 54 96 92 44 46 50 73 98 33 23 38 72 12 25 73 20 93 4 6 52 70 26 20 39 19 37 98
93 64 43 26 17 59 74 54 50 78 8 25 53 54 31 25 53 20 97 20 10 27 32 70 42 34 19 65 88 38 90 15 77 33 73 89 84 59 80 53 94 64 98 24 68 65 25 80 69 66 92 44 60 99 84 93 91 62 68 12 77 26 80 14 71 59 88 20 60 4 89 7 73 58 43 77 53 67 71 17 51 100 54 18 65 34 47 24 31 33
78 66 47 66 44 52 58 71 21 92 40 12 1 69 87 51 71 27 21 44 78 26 83 66 71 1 12 17 81 5 34 36 79 62 32 45 71 66 82 64 90 56 54 99 35 18 70 72 19 24 77 23 88 88 32 16 83 15 2 82 50 84 32 61 4 34 55 79 48 9 34 6 68 51 12 74 40 36 97 49 74 27 24 8 88 32 38 54 58 45
60 18 69 54 92 32 8 28 3 85 2 64 53 14 46 86 4 78 28 11 24 26 95 6 63 92 53 9 91 40 100 25 76 18 100 81 84 43 54 98 34 69 19 14 4 36 92 1 71 63 23 70 3 94 28 29 35 70 36 39 7 47 19 8 43 96 9 77 12 19 89 47 73 2 5 9 7 54 16 95 46 22 20 36 28 15 94 20 83 89
17 9 24 1 81 25 96 65 56 54 70 28 15 71 22 91 42 57 89 53 93 77 32 6 59 17 78 91 3 45 76 15 24 79 8 98 35 14 59 24 42 88 97 29 38 91 35 30 94 46 63 78 37 85 30 80 22 24 25 32 10 93 38 100 81 35 2 61 3 88 53 50 11 23 6 28 81 12 81 48 55 97 31 77 59 9 36 66 32 32
63 15 39 28 97 59 100 60 16 29 85 1 60 20 48 22 66 44 42 18 71 18 49 41 33 81 40 13 49 19 49 68 50 80 85 95 42 37 65 98 66 19 38 69 60 73 60 20 80 61 69 96 84 81 15 76 57 16 21 72 28 94 93 31 1 14 67 68 64 75 59 52 35 19 99 38 25 34 14 47 60 32 74 99 84 3 35 20 43 81
90 54 1 77 16 40 32 32 75 69 25 99 97 4 97 65 37 58 21 65 55 4 51 40 1 69 86 64 10 8 32 22 72 29 6 61 63 74 79 36 97 4 39 39 22 39 83 2 79 28 1 6 14 69 59 76 88 13 4 16 73 35 49 6 61 24 93 54 7 90 11 3 97 41 28 83 70 32 52 18 79 61 20 29 9 36 14 48 9 83
97 94 93 5 86 46 8 66 62 68 18 13 74 69 72 97 45 56 89 46 100 79 15 18 85 4 63 57 69 34 73 59 24 59 96 67 100 90 91 7 5 32 90 44 79 32 92 38 2 37 36 90 46 18 54 4 31 6 42 70 61 57 27 49 46 62 55 97 20 13 67 99 79 32 61 96 93 98 36 66 99 70 26 82 73 100 27 98 92 8
1 96 88 47 83 2 11 53 9 91 28 99 82 31 88 41 87 63 53 80 81 21 91 15 49 63 24 76 15 52 43 96 71 19 72 36 26 38 45 19 15 50 52 63 48 72 72 96 89 60 56 86 17 9 81 80 3 75 72 100 30 9 80 76 58 27 39 25 23 59 57 59 10 48 61 2 46 11 76 8 30 66 26 98 91 91 69 48 66 45
36 32 6 48 6 9 79 86 6 89 41 68 35 60 30 73 34 48 79 20 90 46 1 90 45 19 34 72 57 79 46 32 62 43 47 54 76 10 53 80 41 1 40 34 60 31 98 80 35 70 11 14 2 43 59 93 45 38 99 52 78 59 93 57 87 60 55 68 20 7 77 83 6 25 100 24 42 56 85 9 99 85 40 30 47 100 91 36 92 33
35 14 66 12 89 43 64 97 74 53 58 31 70 8 85 30 95 84 94 97 89 38 86 23 76 90 45 15 83 87 51 66 13 53 11 26 53 84 88 49 87 33 37 1 52 98 92 79 81 52 18 34 95 1 12 73 75 53 32 32 96 84 80 73 72 14 18 76 12 25 84 92 36 43 21 73 100 6 51 71 92 43 61 48 46 60 64 95 87 36
95 73 48 6 65 60 57 4 97 60 53 53 96 15 66 39 71 2 4 58 10 80 24 68 39 58 10 48 58 50 78 97 49 56 54 8 56 12 85 98 86 91 14 95 94 34 9 73 74 27 72 47 78 80 26 27 26 51 3 8 38 89 92 80 75 36 14 58 19 65 100 42 46 14 46 60 38 26 55 32 86 17 13 75 51 18 5 8 18 65
12 73 48 27 81 97 42 99 54 16 91 64 43 27 79 56 29 19 69 72 23 23 79 23 69 95 88 47 56 35 10 93 65 100 40 58 4 93 29 20 76 66 80 97 72 5 35 55 7 94 93 87 66 48 88 4 30 23 92 4 70 4 99 6 40 2 98 71 58 33 9 49 94 23 42 56 78 55 55 76 19 30 16 34 80 15 47 72 66 61
76 23 48 31 85 65 42 7 56 76 2 64 88 35 29 70 4 65 85 51 29 93 83 96 80 88 59 15 56 89 53 31 25 84 100 39 13 3 85 76 75 39 2 70 62 74 37 19 88 68 20 85 56 4 81 14 13 90 99 22 23 81 52 39 73 91 26 20 46 7 32 13 55 25 48 48 37 84 35 38 3 66 67 91 92 29 30 28 9 70
65 18 85 65 75 18 24 28 37 75 38 90 95 70 8 22 54 80 49 98 51 88 46 42 96 86 5 81 96 48 87 44 8 50 90 11 70 57 27 73 12 53 100 59 9 40 65 82 81 34 71 68 44 24 39 21 94 35 39 43 86 53 94 99 71 64 81 98 22 92 17 33 44 23 13 56 100 83 72 18 18 11 3 29 39 57 99 6 22 70
51 64 66 13 17 53 59 85 91 22 40 56 13 73 29 63 21 98 75 66 1 16 30 1 86 72 68 73 51 42 10 60 17 8 87 6 66 92 62 33 77 89 6 44 49 45 87 24 9 95 73 59 30 55 52 15 93 91 29 57 67 26 8 23 37 90 36 52 80 95 25 57 94 53 83 72 49 5 50 30 4 44 88 41 70 6 37 41 6 41
86 86 91 59 55 6 22 35 78 95 77 59 38 55 6 68 44 6 93 56 77 72 27 4 84 47 18 60 80 23 90 46 42 75 13 40 52 49 97 22 64 41 36 16 21 1 97 15 34 14 2 97 66 30 87 75 19 21 84 66 22 17 48 28 11 15 42 72 18 67 59 59 20 19 74 91 83 18 96 17 40 33 37 94 14 46 92 54 69 33
77 11 94 13 42 4 5 16 47 75 23 56 29 83 74 100 45 14 14 100 31 31 90 49 19 54 70 11 85 82 11 86 72 16 14 62 16 99 68 51 34 100 59 96 36 90 55 41 79 11 75 64 89 76 68 17 81 87 50 77 30 53 96 84 62 76 67 94 22 95 55 16 2 10 48 70 7 19 8 33 31 40 61 24 90 83 25 90 35 40
9 14 91 35 4 64 81 94 4 80 15 60 25 45 39 64 88 21 28 75 91 62 27 2 75 95 27 35 76 52 54 91 30 28 47 89 26 52 95 91 26 61 27 41 2 42 43 60 94 32 72 73 53 37 1 52 39 62 32 24 76 100 32 24 62 17 74 22 6 38 64 33 71 60 17 49 22 97 68 85 11 8 91 100 46 35 30 77 66 14
91 34 40 96 81 68 60 3 31 61 46 21 26 99 90 80 50 2 91 66 30 76 94 22 52 82 17 92 44 17 9 30 11 33 27 64 2 10 99 11 68 64 66 77 85 69 42 61 35 95 94 26 3 49 74 64 33 99 35 30 86 15 86 96 20 91 30 61 71 59 69 83 16 49 14 62 78 85 88 43 96 94 8 20 81 43 54 40 29 15
82 85 42 80 87 26 1 20 9 61 2 83 30 75 79 1 79 6 44 64 19 22 38 95 83 75 51 36 14 59 63 44 44 59 80 88 44 34 31 36 63 40 47 65 26 73 40 3 41 90 99 45 93 30 44 19 28 5 80 60 82 47 89 54 82 1 21 82 34 90 10 66 2 87 17 19 37 8 53 96 71 53 49 17 45 33 22 2 7 5
33 87 27 80 44 59 59 1 90 91 1 98 91 36 56 26 75 49 33 23 2 99 14 58 50 51 7 25 45 52 62 45 61 56 64 82 41 6 81 75 93 2 38 94 80 14 98 62 68 82 66 30 42 87 27 67 78 23 30 89 71 21 44 13 68 89 70 89 27 58 99 76 46 86 60 40 70 85 96 16 5 61 20 8 5 50 20 79 13 20
75 75 74 68 67 6 75 98 46 100 75 9 46 76 59 2 3 68 56 46 56 73 66 1 42 28 61 9 41 52 92 9 32 46 59 11 40 17 23 10 41 31 84 56 56 12 56 40 18 89 42 91 3 75 66 28 64 44 88 93 94 8 48 57 90 82 86 11 100 48 30 43 22 59 15 98 10 31 75 20 25 53 94 36 46 88 11 75 4 81
3 24 29 17 60 82 54 74 24 69 41 93 29 17 99 27 29 93 58 18 34 93 41 10 61 89 82 37 44 99 95 71 37 1 85 71 32 80 15 5 53 63 27 72 72 40 85 47 35 25 47 36 82 1 74 17 8 82 29 88 33 9 97 21 10 87 27 80 46 79 94 45 41 87 96 36 19 87 93 56 71 72 31 62 89 13 19 94 13 89
40 61 82 94 39 19 78 24 86 39 81 45 59 22 86 37 76 94 100 28 56 97 17 62 83 20 65 72 39 98 72 59 53 76 98 48 93 56 59 82 38 93 82 71 65 55 90 78 38 37 65 42 24 56 77 88 30 50 44 74 63 34 9 2 19 67 87 23 14 17 21 34 69 33 7 8 57 30 51 70 67 69 69 48 95 81 20 79 86 67
65 14 16 41 97 64 32 45 95 52 86 77 92 31 62 86 28 31 21 45 90 55 74 13 91 17 68 57 11 64 43 47 57 29 4 63 46 96 25 65 16 10 94 34 10 12 46 45 93 39 86 99 48 96 1 4 100 24 87 80 35 31 73 24 27 26 94 67 68 17 9 40 40 100 53 79 51 73 53 49 37 30 54 72 34 40 25 12 18 10
47 8 7 23 46 81 33 89 49 43 81 88 53 30 96 86 24 83 62 96 7 84 13 8 20 86 68 1 97 16 5 7 3 98 100 16 37 2 73 23 7 13 92 8 16 11 28 85 68 64 100 52 96 45 24 64 9 54 23 11 15 27 83 31 83 10 80 22 81 66 82 90 10 30 2 97 95 68 32 94 23 86 45 85 2 37 83 53 24 68
66 33 32 95 46 71 23 38 70 2 20 64 91 17 100 6 83 51 40 39 74 89 54 67 99 92 6 78 82 14 67 13 97 92 24 100 70 56 42 68 33 85 72 50 99 74 58 22 80 22 6 89 49 53 91 17 93 42 27 47 75 68 55 75 68 96 82 29 17 28 46 77 85 38 98 95 88 85 33 68 19 77 24 63 96 48 97 17 11 96
74 93 84 85 4 15 57 80 83 25 22 67 67 76 69 59 6 33 58 86 8 80 35 23 91 87 69 46 1 20 13 65 55 91 95 43 97 20 75 60 95 81 43 54 50 43 53 12 87 22 92 39 6 88 67 67 8 33 75 20 86 39 10 25 6 34 93 8 20 81 31 5 13 24 85 36 87 69 10 57 11 25 99 56 79 77 22 91 63 5
24 82 20 64 61 5 47 15 7 6 100 69 48 78 44 55 96 82 70 29 82 96 77 85 96 34 9 45 3 35 99 37 30 71 84 25 12 88 71 72 26 1 29 40 49 55 71 90 13 84 98 39 34 93 9 85 35 55 86 91 63 71 68 87 66 23 64 69 73 27 85 46 35 88 12 42 39 70 5 47 56 32 99 58 97 99 18 89 50 77
42 91 19 95 49 99 59 73 68 73 78 93 53 62 47 11 58 93 57 80 17 30 22 81 20 49 54 86 57 19 99 36 7 49 85 65 88 85 23 63 91 81 32 14 55 28 17 43 85 41 36 36 15 99 51 47 72 94 51 86 48 70 50 54 92 35 95 34 9 99 81 47 48 16 11 71 27 46 85 23 80 19 86 62 22 44 14 42 34 60
22 50 65 11 83 81 78 60 52 96 44 75 95 26 68 33 84 23 64 36 41 99 64 33 61 76 64 14 40 23 94 35 52 64 17 11 47 89 70 38 19 70 97 75 73 53 23 70 71 65 77 73 7 85 26 92 83 23 97 19 51 68 29 96 70 91 72 40 4 16 28 37 7 17 23 13 40 10 39 7 62 19 88 60 62 11 22 35 10 74
31 64 91 98 64 84 53 11 32 32 75 42 66 15 47 35 79 6 30 72 55 36 88 65 16 100 61 22 9 82 6 33 60 4 74 26 35 76 4 41 90 7 26 89 85 67 43 62 78 1 100 54 74 10 34 55 38 80 73 4 17 65 81 29 68 37 10 67 35 51 93 78 13 19 53 13 67 81 60 60 82 39 24 56 32 8 30 86 57 50
46 14 9 57 78 33 75 70 99 44 43 78 31 76 4 78 6 98 92 72 59 49 47 12 58 65 39 66 74 48 69 56 7 95 97 35 45 29 33 18 7 75 5 7 25 90 74 83 31 90 3 33 77 24 57 1 66 20 27 46 12 66 64 43 95 71 96 20 50 55 43 10 10 81 63 60 69 91 25 2 41 1 14 100 80 13 10 26 85 43
38 35 1 63 73 16 37 2 54 19 70 11 88 26 55 57 18 16 2 68 56 74 45 68 60 93 38 10 76 86 45 86 5 90 1 55 95 22 86 29 23 66 100 87 17 40 77 90 57 11 63 70 83 26 53 74 8 4 30 89 1 80 6 11 55 33 25 77 59 68 55 54 15 46 34 75 16 92 19 71 75 48 58 40 43 61 23 27 79 55
30 97 15 81 6 31 74 24 16 3 96 24 91 13 56 64 62 89 98 75 41 51 71 39 20 94 77 95 49 25 20 60 88 7 15 18 14 90 33 42 9 75 46 61 26 99 73 62 44 28 55 5 34 42 29 23 77 34 5 47 51 26 70 7 14 11 43 29 72 5 89 34 85 9 72 31 12 14 11 2 37 50 46 6 17 49 33 50 41 81
55 93 32 25 20 96 83 34 38 98 4 81 66 70 42 83 5 49 92 87 6 91 85 6 18 96 87 10 26 100 6 51 32 62 56 64 75 43 11 1 11 49 35 6 72 4 83 83 59 66 17 46 21 88 33 4 94 3 100 87 13 42 24 63 29 65 40 25 18 5 56 9 51 98 31 30 1 17 8 39 32 1 80 63 41 7 17 72 29 4
98 6 94 92 46 2 74 79 16 63 10 48 75 39 71 50 87 33 74 64 24 82 85 5 24 91 4 73 8 75 20 19 67 74 15 3 3 85 57 75 34 9 10 64 79 4 12 2 67 94 95 38 84 33 97 14 65 93 34 44 5 30 11 75 1 50 63 20 68 47 4 61 13 30 72 28 22 33 7 67 71 97 78 10 4 85 54 79 95 6
33 11 62 81 61 2 96 22 92 15 24 86 53 51 21 93 58 70 38 85 19 77 79 65 60 93 92 97 37 41 24 3 98 75 41 86 54 88 17 60 12 98 7 43 76 28 80 31 74 95 24 16 96 63 58 30 99 43 23 46 86 38 88 49 29 30 89 5 74 19 62 85 72 100 80 36 39 84 68 40 3 62 86 5 5 99 43 24 43 17
5 39 95 67 21 55 35 24 43 5 44 53 96 78 66 24 71 24 5 24 7 98 36 65 18 66 2 30 89 71 27 24 19 30 86 44 64 42 100 89 46 44 95 85 78 16 50 99 62 8 14 20 22 66 50 3 28 56 35 20 33 33 100 90 3 100 68 96 56 86 5 42 2 44 43 93 72 70 85 83 52 5 45 72 12 64 94 68 94 92
4 83 1 1 26 34 88 88 47 24 64 70 40 83 59 5 4 33 25 81 100 76 63 55 34 13 73 4 14 74 46 94 66 47 62 22 99 69 69 58 78 59 27 73 73 19 28 29 93 22 18 96 19 14 87 87 41 22 73 11 89 25 67 86 57 45 59 94 87 83 29 78 55 93 41 53 19 89 31 40 48 23 81 88 50 66 2 57 60 53
74 51 15 58 72 87 80 11 68 22 3 83 96 42 15 60 78 61 85 59 29 59 36 44 3 75 49 68 40 22 47 71 91 64 12 2 59 16 89 24 31 3 72 84 96 60 13 44 53 83 82 95 20 1 23 44 98 56 35 63 62 28 79 100 85 94 14 9 86 87 8 87 35 70 96 91 75 77 72 35 39 27 31 14 42 23 36 45 7 57
30 72 84 37 85 60 55 68 99 60 12 23 60 65 25 68 36 52 22 15 85 5 42 98 76 27 57 7 83 92 5 35 71 87 21 70 11 47 55 40 83 4 76 23 70 87 41 79 31 15 19 53 45 73 80 95 60 1 12 85 25 7 78 88 98 77 95 78 70 12 37 91 7 57 84 87 84 60 34 41 57 96 2 17 58 65 74 12 40 74
6 62 5 82 96 57 43 88 2 34 94 65 85 76 8 67 72 100 31 31 17 85 86 62 12 25 58 12 6 55 13 48 2 77 16 62 25 39 30 50 74 90 88 34 44 52 67 97 21 84 26 4 76 54 77 78 50 61 6 39 96 49 91 72 14 40 75 1 48 30 39 19 32 26 62 73 6 65 95 83 70 90 53 75 30 62 91 50 28 90
63 63 69 14 3 94 7 69 5 22 28 61 58 21 97 95 22 57 72 93 99 5 33 13 62 79 48 87 95 83 29 10 10 15 62 34 56 40 69 66 70 47 70 74 88 4 71 4 90 12 59 12 61 74 2 28 23 74 41 69 92 99 71 85 87 48 25 3 12 74 29 40 17 35 11 46 8 81 16 4 48 49 90 86 53 51 62 90 68 43
66 16 54 80 57 13 94 80 23 81 95 74 69 59 65 35 90 38 75 18 94 62 53 14 21 55 72 55 29 95 66 92 36 84 68 16 9 60 22 10 49 26 42 27 50 62 36 73 65 69 9 2 46 11 64 91 45 27 71 68 68 72 88 34 15 64 77 62 5 88 68 98 88 47 33 30 9 3 96 11 86 46 78 84 53 30 19 98 80 18
34 19 20 56 26 82 8 91 65 95 61 27 73 17 22 4 84 51 74 93 41 97 43 91 88 99 15 64 78 20 10 5 62 70 95 11 19 58 6 33 49 12 14 31 5 48 87 59 25 91 15 58 80 38 91 52 28 2 80 50 25 73 34 77 6 42 29 16 18 29 83 38 82 48 88 18 30 10 15 99 42 16 59 9 82 85 58 54 32 40
97 45 66 71 100 67 88 88 20 91 24 44 100 37 13 11 43 9 88 80 42 90 48 48 73 89 89 47 100 21 47 91 59 48 68 92 49 30 23 31 38 88 11 89 68 81 53 28 6 33 49 87 36 69 95 85 78 79 63 25 100 73 87 10 64 86 63 19 78 28 43 38 71 73 6 9 77 13 88 44 56 42 21 8 69 84 49 8 49 10
33 11 53 57 44 55 2 92 73 59 46 59 72 15 52 25 7 41 2 42 100 87 76 71 24 12 83 10 58 53 37 75 21 96 4 72 10 30 80 24 43 15 65 72 48 69 68 39 38 52 48 72 75 6 69 78 85 59 35 52 58 60 99 34 27 40 58 78 53 46 100 90 5 41 6 48 62 92 88 44 16 41 46 58 11 31 92 27 78 59
95 73 100 76 88 84 57 38 25 64 80 84 91 43 96 60 67 9 96 67 88 65 47 29 86 85 61 93 77 4 85 1 45 68 6 78 19 77 5 57 60 21 25 67 38 32 93 11 16 77 88 79 66 32 8 53 47 81 97 78 7 19 74 25 97 64 81 73 46 29 12 39 36 78 28 44 27 70 92 69 68 58 78 91 49 13 1 3 18 6
3 40 69 93 30 30 36 96 69 83 71 2 82 76 1 76 5 25 15 7 4 42 23 71 42 38 23 73 70 25 65 82 37 61 99 79 19 63 33 83 7 44 65 72 21 82 49 32 88 50 41 31 80 31 64 94 51 6 65 28 91 46 64 1 19 68 89 93 26 48 1 36 69 77 55 89 94 70 70 44 14 42 99 1 93 63 45 89 88 32
71 9 100 87 3 17 50 43 7 57 50 11 71 25 67 70 3 86 14 10 97 1 75 41 33 58 83 95 13 54 27 28 98 27 18 1 87 52 58 79 81 59 93 3 100 51 29 7 58 67 65 12 95 34 12 54 96 18 77 13 27 83 58 24 85 67 14 14 88 43 67 88 53 32 66 19 84 57 83 33 8 28 47 89 55 86 68 80 96 89
61 80 5 84 98 20 75 14 54 73 43 22 42 41 54 39 26 40 37 100 93 11 39 7 84 80 16 51 97 72 59 83 54 93 53 7 52 77 4 43 2 34 68 58 32 19 62 53 27 48 66 44 85 34 11 25 24 90 41 7 73 84 70 46 43 64 2 8 67 81 21 26 31 30 70 63 88 87 59 56 2 64 83 48 12 69 67 96 78 85
82 28 15 98 4 32 52 19 95 46 18 68 53 1 45 48 95 58 49 77 75 27 45 92 12 2 19 26 47 2 46 28 57 37 27 9 60 2 72 15 92 9 68 81 4 31 77 34 83 9 85 59 71 64 38 90 75 93 48 20 71 28 83 90 28 34 62 52 53 70 56 49 57 93 91 32 19 59 14 4 74 95 77 45 51 99 81 49 83 49
34 8 57 82 99 29 30 59 34 58 21 4 19 21 70 53 15 40 49 38 43 62 47 28 24 25 96 63 9 85 1 14 70 72 9 62 56 29 25 79 91 8 14 10 74 97 44 88 28 92 8 93 99 68 70 100 64 73 94 15 33 18 84 27 96 89 55 21 62 29 72 25 36 23 98 2 75 76 25 27 46 73 46 46 53 7 77 56 94 83
25 20 79 19 92 47 18 16 88 45 73 3 99 79 73 28 88 31 25 89 11 12 88 96 12 62 99 34 89 35 96 79 64 38 29 78 62 23 45 3 90 46 10 91 57 40 27 82 89 51 56 38 78 59 73 59 49 63 67 65 82 5 22 11 25 43 65 28 92 10 82 42 95 19 95 27 62 36 49 66 92 32 95 36 46 45 15 79 13 12
98 86 44 15 67 44 96 71 41 82 90 41 16 79 91 39 93 22 6 36 57 34 94 28 49 24 20 18 51 65 9 100 18 55 30 68 17 5 77 16 86 45 56 72 88 76 100 64 54 92 8 78 14 37 68 56 56 24 27 84 76 16 36 78 14 60 64 34 31 68 32 59 32 99 83 26 49 92 62 79 30 29 22 55 71 42 55 52 43 22
79 92 23 43 42 62 93 39 84 49 10 88 10 15 83 74 75 66 29 87 15 47 1 48 51 37 63 22 14 23 94 84 53 19 33 45 74 74 20 61 27 82 40 93 24 11 26 53 66 88 93 10 51 50 83 19 21 89 61 43 73 46 1 54 44 94 13 46 7 32 95 23 1 40 3 71 48 97 28 51 56 72 81 92 65 52 7 51 67 37
49 36 17 62 100 81 45 17 77 49 87 48 73 89 65 75 50 98 24 26 41 40 31 83 93 56 56 40 77 62 21 17 3 41 36 29 44 17 81 8 78 62 64 30 94 81 51 43 29 56 18 96 91 33 8 56 45 49 51 46 24 95 7 3 4 17 1 22 92 41 51 40 62 62 8 54 35 58 75 32 4 54 88 90 15 94 78 94 72 39
64 41 26 49 63 60 80 16 3 48 21 36 63 94 53 37 29 29 59 14 22 92 53 8 78 32 96 31 10 49 85 58 43 19 14 84 62 52 36 46 87 13 3 82 15 96 45 26 16 68 77 83 25 89 81 22 22 20 31 40 68 23 42 47 6 89 1 33 46 59 38 50 37 16 85 39 28 53 89 2 41 85 42 24 67 2 99 49 84 80
96 47 61 97 23 58 52 56 71 63 57 32 26 36 56 27 44 46 35 10 24 8 10 1 88 19 14 64 4 34 3 3 90 71 2 18 38 11 94 38 25 47 16 53 55 57 17 42 56 100 52 62 67 6 3 10 100 43 72 48 85 50 55 90 58 58 1 33 36 54 99 65 93 75 7 27 100 20 2 29 87 27 91 96 36 84 21 43 58 58
35 36 42 61 90 22 15 92 22 85 80 49 16 8 1 1 11 32 18 35 66 80 60 41 10 49 63 57 8 98 83 42 90 7 39 20 46 88 8 25 29 14 4 48 14 56 39 13 32 63 74 20 66 88 100 78 79 12 67 45 20 9 89 93 44 92 94 81 86 60 71 76 100 3 2 87 28 95 52 69 14 22 79 87 15 79 97 18 32 84
72 32 63 2 43 49 45 44 86 41 20 75 58 54 5 98 55 5 87 84 1 70 71 16 2 97 46 36 64 13 85 87 97 84 97 59 93 9 72 9 25 26 40 12 50 41 6 34 20 29 70 20 77 83 83 40 18 83 63 11 66 6 100 36 37 62 57 83 47 35 59 32 85 100 59 9 46 94 89 1 97 96 85 41 26 91 20 100 13 90
79 44 98 23 41 84 3 59 29 34 35 48 20 62 53 77 51 6 45 27 47 32 63 80 25 9 67 4 5 58 70 70 39 45 67 57 80 8 76 48 61 26 94 76 79 68 100 40 78 40 55 18 72 41 67 43 8 72 78 15 65 18 96 32 89 41 84 23 31 96 51 1 75 62 4 28 79 56 79 22 88 36 7 43 45 45 70 98 27 72
57 17 64 99 79 35 30 30 15 82 35 43 3 33 6 49 21 29 14 15 71 24 71 66 11 61 87 15 60 51 47 95 80 64 100 39 60 94 48 9 73 46 15 51 21 8 29 3 82 21 68 43 45 76 13 28 3 87 33 5 36 39 24 30 54 45 60 55 23 43 38 36 35 70 80 28 76 24 73 82 49 65 32 81 8 46 81 89 82 40
14 18 43 27 50 89 55 83 51 75 31 75 68 23 52 27 76 67 97 36 82 3 33 37 15 30 1 10 61 58 9 94 19 7 43 24 46 11 100 18 35 35 40 3 94 83 27 85 72 14 5 21 42 40 51 54 26 35 11 63 86 67 57 3 65 77 50 53 83 76 95 49 28 46 14 86 7 64 42 97 35 59 57 11 77 2 1 4 59 12
4 50 84 87 7 87 65 38 96 19 18 48 11 96 94 98 68 57 82 93 25 52 4 43 29 84 83 45 49 34 64 52 12 7 80 25 20 4 47 41 35 92 35 88 49 13 78 23 97 15 24 6 14 18 69 28 3 39 100 66 61 92 96 11 17 64 8 71 74 21 79 6 23 39 5 81 29 67 1 82 51 72 58 71 12 70 93 65 18 97
47 16 58 97 79 7 98 63 95 65 58 99 33 96 32 73 47 44 60 21 40 39 71 14 52 84 13 89 31 36 44 59 94 82 91 13 22 72 76 25 50 56 14 2 32 67 84 11 81 67 50 5 6 55 8 65 72 30 64 66 50 7 61 90 36 93 84 48 18 5 51 66 50 48 61 40 15 36 75 64 85 66 64 69 62 66 45 49 95 45
70 36 9 28 40 44 33 65 3 9 71 68 64 76 38 83 49 97 89 12 70 52 1 48 1 96 16 76 9 77 55 84 97 89 40 73 22 36 96 6 77 12 96 79 97 88 26 18 12 7 81 48 7 2 54 74 27 77 36 49 21 97 8 61 21 67 55 72 32 80 43 92 49 56 68 33 21 35 52 19 65 52 23 99 96 50 1 74 22 93
18 55 15 50 77 25 91 85 95 41 20 91 76 97 53 36 94 87 17 4 25 29 8 60 18 88 93 42 79 79 48 32 82 42 66 8 40 15 19 78 65 47 5 100 53 45 21 18 49 6 9 14 92 51 93 9 36 90 41 23 4 46 35 54 36 15 49 26 7 1 34 17 56 74 43 4 69 61 15 44 76 93 11 99 46 72 99 91 68 78
65 15 91 69 30 38 2 54 63 62 43 54 48 61 55 46 17 11 67 88 25 34 32 89 41 88 90 32 50 72 83 21 40 29 8 47 16 24 13 8 62 20 24 11 68 49 25 65 16 31 11 87 40 77 58 73 69 7 91 79 78 15 31 55 26 69 1 86 68 51 19 42 11 77 4 75 76 84 58 72 55 85 77 34 65 59 63 85 93 59
66 63 71 85 83 91 79 54 70 15 14 77 77 98 96 95 14 41 44 20 30 40 73 5 9 87 98 28 26 34 21 11 89 87 40 44 81 82 69 13 91 83 98 78 23 41 41 10 26 48 15 11 24 83 66 27 83 61 50 85 24 35 83 63 90 98 20 63 6 1 78 87 11 70 60 95 92 89 38 38 93 57 62 50 68 78 12 68 10 86
45 56 30 88 1 26 31 61 7 15 17 42 62 98 74 59 4 16 64 53 3 4 98 41 48 19 51 47 1 99 6 28 48 91 68 41 56 30 99 7 52 33 36 7 86 57 9 82 94 97 92 54 7 91 94 66 69 48 41 67 90 79 28 51 87 39 21 99 83 6 2 30 22 21 99 78 47 11 10 69 74 65 98 60 12 26 99 46 93 68
11 71 6 53 96 94 16 67 10 63 82 69 88 91 12 28 8 15 65 87 21 2 88 42 54 3 72 93 80 45 13 35 38 71 87 12 56 40 10 17 89 35 74 78 20 37 53 55 74 21 84 6 30 36 34 45 8 100 46 38 38 69 43 33 11 80 27 1 31 1 30 12 12 21 88 82 55 36 67 78 83 7 69 6 63 16 96 70 9 9
78 8 84 22 13 96 69 95 71 89 70 91 99 27 84 47 94 46 85 20 62 93 70 8 51 26 69 68 35 69 6 20 2 63 80 18 1 78 86 8 58 38 67 100 18 49 22 77 5 100 21 57 61 98 65 70 67 1 64 59 51 24 1 43 19 64 63 87 81 59 58 41 56 81 89 44 13 5 76 92 30 50 22 49 17 9 60 89 71 65
48 66 47 86 51 50 54 31 8 99 11 53 50 25 35 12 26 24 77 46 77 59 14 16 65 13 91 23 50 13 68 80 9 75 49 81 63 49 16 88 53 93 5 53 48 63 13 14 9 53 20 23 11 30 32 63 50 5 5 13 60 7 1 61 61 34 76 42 16 1 26 12 2 20 15 72 31 25 6 100 72 58 92 25 48 81 89 4 62 100
5 41 59 44 27 22 80 46 93 44 55 77 70 57 26 55 20 37 53 9 89 99 52 80 9 61 89 37 52 72 32 74 47 91 63 87 55 86 23 80 78 100 100 98 54 85 75 37 67 39 27 23 45 5 96 94 19 89 85 12 23 63 67 4 91 79 48 9 17 58 87 21 64 92 21 99 42 34 33 94 77 2 75 6 24 9 91 74 72 82
86 50 46 1 36 22 48 4 22 73 41 32 78 96 86 45 73 64 3 23 74 38 78 52 12 100 39 43 37 83 54 58 65 63 67 19 38 53 62 33 36 50 45 64 72 86 58 21 18 27 56 37 50 3 68 54 90 91 60 27 93 43 99 50 63 46 24 73 82 34 69 61 54 32 83 31 65 11 41 15 16 17 35 57 83 100 95 44 23 89
32 46 12 34 69 31 34 74 5 76 79 76 64 17 34 55 86 61 86 87 33 20 64 66 39 62 2 45 98 73 73 75 69 14 62 20 91 55 11 40 55 21 88 60 53 96 58 22 66 80 81 35 49 19 30 53 52 80 3 57 86 61 4 81 32 28 34 2 74 79 36 65 2 98 1 14 49 50 69 50 67 47 53 1 12 3 73 19 58 66
98 48 72 72 27 18 6 99 98 48 68 100 12 91 51 54 49 52 20 21 74 18 18 74 9 1 91 33 29 22 8 99 79 7 98 78 28 74 37 72 83 79 8 26 28 51 51 71 11 62 96 90 81 72 52 91 5 86 77 24 28 5 30 13 82 81 47 30 97 63 20 54 58 4 28 50 15 85 50 78 50 49 1 72 46 72 65 50 33 35
96 48 96 38 2 48 37 25 97 66 6 49 67 42 93 3 92 98 34 69 99 40 81 19 21 2 4 53 99 7 68 8 67 93 19 86 67 63 90 65 25 8 45 87 79 72 7 47 45 11 28 72 25 33 6 39 32 5 100 27 63 35 33 86 88 70 43 83 93 74 8 27 43 6 48 26 4 72 73 62 41 67 35 22 22 96 87 7 26 88
34 35 14 53 86 44 84 67 9 97 16 85 66 71 6 9 94 72 42 19 48 33 72 99 24 5 49 37 63 99 88 21 87 74 95 88 43 39 54 96 58 79 14 92 43 90 78 82 36 52 8 64 26 51 26 92 42 82 58 60 2 11 38 78 22 69 38 13 21 6 25 38 68 99 93 73 12 73 2 91 43 64 63 9 83 72 2 59 22 48
59 38 79 15 29 60 2 79 11 97 16 47 79 96 55 52 61 100 61 53 77 65 15 76 91 99 92 45 79 38 21 46 99 6 63 34 74 73 17 37 57 10 84 27 8 74 52 88 73 28 78 46 12 6 82 48 21 61 67 98 94 96 18 62 8 98 27 90 47 11 77 44 97 44 33 63 92 64 86 40 87 8 84 90 75 36 19 92 46 29
53 16 56 88 58 43 66 51 2 67 7 57 12 50 39 7 31 91 55 62 75 51 24 58 74 15 96 3 20 75 48 5 40 26 88 81 29 1 50 12 59 72 86 97 78 96 19 67 17 19 25 79 33 31 86 6 26 89 98 63 70 30 37 16 94 63 84 82 68 75 85 70 54 69 51 100 65 23 5 63 73 82 84 11 65 32 27 14 57 24
68 52 80 100 29 28 27 73 1 40 51 93 28 14 75 22 12 84 17 23 95 53 95 62 53 79 68 38 79 43 62 92 100 25 58 42 77 13 86 92 42 80 66 94 5 32 21 82 78 69 89 90 2 1 20 93 10 70 76 94 35 50 52 1 50 66 28 13 14 79 3 49 84 29 57 58 70 70 37 100 93 27 77 94 24 19 83 86 77 91
57 19 74 4 72 7 93 81 2 49 41 53 35 13 33 72 57 83 19 35 66 47 60 17 60 86 98 69 49 95 57 42 48 6 66 81 44 55 68 80 32 71 55 59 85 55 68 19 31 64 64 29 96 58 63 9 9 35 43 32 55 77 89 1 66 30 63 10 53 67 48 30 62 78 5 3 51 92 21 24 85 35 52 66 17 31 72 91 33 34
54 73 34 29 50 89 53 49 71 97 68 6 2 94 61 64 7 75 56 53 70 81 43 69 79 54 3 22 9 97 37 82 68 64 80 32 52 11 81 5 78 99 46 51 30 34 86 52 35 17 51 64 60 23 18 24 77 50 52 23 13 40 89 88 56 100 61 95 36 15 20 56 87 2 50 52 56 49 70 88 91 73 95 4 22 36 37 13 22 53
47 65 45 51 74 89 96 100 85 79 58 36 85 63 41 82 83 24 48 14 7 46 95 78 81 82 67 6 60 78 12 96 82 53 12 9 14 84 34 88 18 56 11 65 24 55 36 87 3 41 92 97 30 97 49 69 87 21 88 88 52 3 4 29 49 91 49 71 82 69 39 19 7 50 71 34 5 80 17 32 3 23 83 62 61 99 21 5 5 54
96 54 100 78 24 8 24 5 1 62 60 9 78 18 51 48 7 81 95 10 37 7 66 85 97 40 10 91 38 14 74 59 36 91 43 29 24 36 21 64 51 81 79 40 70 41 42 23 17 10 56 2 97 17 56 96 76 26 70 12 53 39 57 15 98 74 89 50 59 75 85 5 27 65 72 74 92 43 28 21 18 50 12 86 9 36 24 97 33 99
63 17 66 100 100 69 21 91 37 49 71 88 21 73 8 7 51 5 8 71 55 69 72 90 29 83 71 86 72 4 56 62 22 44 15 15 23 41 30 54 65 45 72 67 20 24 65 90 64 48 13 14 99 34 30 76 73 78 56 100 95 12 40 38 95 94 47 39 43 86 89 42 30 28 43 7 53 84 72 77 6 99 22 89 8 35 26 59 30 64
37 66 11 20 61 89 86 44 60 79 64 47 69 42 94 100 100 60 9 37 71 86 62 99 79 46 64 58 13 17 28 3 21 78 80 90 82 16 44 5 41 21 61 97 28 31 76 49 39 81 6 58 64 70 59 91 78 81 38 85 74 65 61 9 20 45 65 100 32 76 77 46 49 10 14 9 17 69 86 77 82 22 53 90 78 11 19 94 98 93
40 36 44 7 25 17 37 19 71 80 91 43 54 75 10 41 11 24 64 54 24 14 30 35 13 56 84 100 28 44 87 60 81 47 83 13 18 12 52 39 4 79 78 19 80 16 54 48 22 98 29 8 62 70 3 97 54 24 12 63 76 64 82 34 78 77 34 40 25 31 47 17 35 68 96 69 17 98 31 83 94 11 53 20 88 66 3 78 83 20
36 72 75 88 50 97 13 33 48 5 96 44 85 20 41 30 25 66 58 22 89 10 61 71 65 55 30 27 60 61 46 54 62 89 98 41 82 64 98 66 62 19 86 87 27 59 7 84 96 92 73 1 47 95 25 19 18 82 11 67 42 16 73 46 55 90 18 70 89 64 87 85 63 62 89 52 79 70 59 87 50 8 26 39 5 79 50 66 33 22
83 61 83 9 28 37 16 87 38 76 100 40 73 29 93 27 86 98 3 30 82 30 84 89 21 15 69 77 90 11 85 8 62 7 33 4 39 38 47 17 96 57 22 88 22 70 64 9 31 26 98 33 95 54 28 10 63 78 82 41 77 33 96 68 70 84 93 93 42 75 15 30 63 52 22 11 54 86 25 85 41 67 25 58 95 65 37 73 36 5
62 21 88 36 71 53 73 43 31 30 11 69 1 51 65 23 20 35 27 37 57 30 69 67 10 3 24 65 47 72 97 38 91 41 15 84 44 11 100 17 19 63 53 36 20 52 89 39 43 76 32 70 28 65 6 26 29 92 95 66 13 28 79 58 32 69 68 46 87 79 81 51 59 47 98 7 5 47 34 93 42 14 64 71 80 43 79 93 19 11
50 51 88 16 74 16 84 86 1 36 96 66 18 71 97 88 64 94 9 78 56 68 66 47 81 68 44 95 61 28 30 4 42 72 5 72 37 74 60 70 57 28 57 94 99 32 31 43 8 79 30 95 7 97 85 1 19 45 64 30 87 96 85 13 59 68 38 70 21 100 6 74 76 15 90 79 30 5 34 54 6 33 52 29 32 6 80 65 1 51
96 1 28 27 8 26 91 15 4 1 27 28 75 76 16 50 90 9 91 68 25 85 25 37 4 18 81 28 47 8 88 17 8 92 54 82 10 62 57 35 73 34 38 84 50 2 22 35 13 84 70 35 1 11 42 51 97 23 65 24 66 99 70 46 54 55 80 12 38 86 64 89 44 84 54 20 58 86 53 54 25 64 29 65 17 42 47 69 30 36
60 3 66 4 65 1 33 82 83 2 93 44 65 32 86 64 19 11 72 28 24 60 24 66 85 79 99 64 75 41 74 98 98 22 29 18 33 9 74 3 93 62 78 24 24 74 45 49 65 86 21 43 7 31 51 72 2 72 14 14 69 66 24 9 57 59 42 54 44 23 26 100 70 99 45 87 18 70 93 77 34 65 80 74 85 48 7 58 33 29
25 48 46 17 92 96 38 44 68 24 28 81 54 47 49 18 46 72 79 21 17 72 17 11 92 38 48 99 21 85 62 59 16 62 22 79 56 70 88 17 29 7 52 71 60 24 88 77 27 41 20 38 83 97 77 78 31 65 34 9 21 22 26 89 22 89 24 58 83 11 65 57 59 64 88 5 56 83 98 37 92 88 22 49 84 81 99 66 63 70
34 18 87 41 82 27 38 61 9 75 36 3 43 14 3 59 39 59 54 48 95 87 84 25 20 9 85 23 61 52 95 79 99 64 36 80 88 77 25 86 91 1 66 57 6 96 11 30 20 3 34 47 77 90 5 60 14 43 89 24 65 31 75 66 67 96 59 63 66 13 44 33 97 24 46 15 42 54 82 38 6 22 24 30 29 91 23 18 25 11
49 54 30 83 27 39 65 9 89 78 93 78 81 34 52 33 64 11 21 20 21 28 52 8 69 12 12 13 96 45 6 79 41 84 15 40 95 94 89 13 14 71 74 59 66 28 73 18 76 15 98 87 40 49 17 47 6 45 69 75 63 4 43 21 81 42 43 78 27 22 54 27 60 72 42 81 8 96 28 70 76 77 9 18 15 53 78 68 56 63
33 45 2 64 55 83 81 77 81 31 48 53 87 90 30 95 23 30 71 51 41 99 99 98 43 20 77 96 18 80 29 80 31 85 1 69 41 82 68 81 100 75 47 59 70 12 35 28 20 77 79 5 54 97 69 93 43 73 69 46 68 77 78 2 61 86 27 59 88 50 24 31 60 65 18 41 41 9 3 65 69 47 52 77 100 27 8 80 10 9
51 14 97 87 98 58 29 39 98 88 81 94 61 19 45 7 70 91 18 98 2 72 52 50 95 4 33 10 16 15 87 45 65 21 98 74 2 80 85 95 10 74 47 68 16 41 15 74 46 6 35 85 37 99 39 1 33 98 51 13 63 87 40 100 37 46 92 99 38 81 93 100 40 87 8 77 72 48 41 39 77 29 18 21 32 60 38 24 70 2
94 14 76 97 69 15 61 2 28 8 73 10 5 17 4 31 37 78 10 79 74 71 16 32 8 68 39 73 49 48 28 100 89 80 27 29 38 95 34 19 44 43 93 28 74 91 66 71 99 81 8 94 81 100 38 77 58 56 18 38 91 26 64 62 19 26 49 16 55 65 46 39 17 33 41 19 64 96 36 7 77 61 65 87 93 58 40 77 77 44
1 64 49 30 30 43 58 67 78 97 6 76 87 71 78 30 94 85 73 52 69 64 51 7 33 95 49 94 64 69 18 72 77 10 37 83 16 28 32 11 90 93 93 96 51 85 86 96 93 77 41 14 42 27 23 59 21 27 90 6 29 47 3 56 19 73 19 66 99 48 97 55 35 51 53 21 49 9 96 42 9 73 90 92 80 71 20 57 54 66
15 5 37 56 55 88 92 7 6 73 26 32 24 75 53 38 49 41 99 67 80 84 88 65 56 33 2 28 62 24 79 73 54 13 7 65 62 82 28 99 46 66 41 81 51 79 84 73 12 84 30 88 98 15 12 28 55 70 20 85 58 77 18 33 9 54 70 78 76 95 83 56 21 87 35 9 36 26 26 54 76 51 64 83 79 42 100 48 42 18
64 40 63 48 71 64 72 38 18 12 14 74 63 28 36 3 64 79 37 19 53 41 97 89 99 16 62 85 64 59 46 6 62 99 59 75 23 49 63 44 51 75 44 39 80 31 11 38 44 88 51 42 73 66 58 94 79 16 71 5 26 28 37 24 21 67 53 18 55 39 9 75 16 73 62 55 52 73 86 48 82 92 20 79 67 37 100 30 93 38
100 76 35 60 17 8 81 54 61 97 10 87 28 67 88 37 74 30 47 74 19 100 85 11 58 7 9 97 70 46 24 6 10 52 83 79 11 83 22 84 36 30 17 53 100 26 25 67 22 72 27 19 30 28 23 75 16 52 73 9 8 69 45 18 84 61 89 5 69 8 86 52 13 81 91 63 68 100 53 61 63 97 83 87 66 87 13 36 54 2
51 65 76 99 39 53 33 16 39 93 18 63 40 72 79 44 47 81 15 2 91 31 10 99 81 16 62 27 64 26 49 73 10 91 11 72 36 48 78 98 5 78 53 92 29 10 21 71 62 99 82 32 23 9 46 92 39 39 55 68 90 42 67 12 60 86 84 71 2 66 10 77 5 79 90 56 74 9 80 33 100 99 22 66 81 29 50 54 83 49
46 75 78 100 71 42 28 17 2 61 27 99 13 9 40 85 100 99 7 87 4 26 43 20 77 31 58 32 36 54 33 75 25 98 84 42 19 30 49 74 38 80 66 46 90 86 55 27 92 62 17 83 13 42 75 6 37 52 73 100 10 74 84 47 10 40 39 19 47 2 99 65 79 54 5 67 55 61 39 38 50 98 22 75 18 38 61 78 78 10
89 28 73 89 10 42 61 36 96 91 71 100 47 69 23 40 79 6 27 15 92 12 6 14 37 79 62 45 27 29 92 19 37 82 87 44 73 93 40 78 50 60 76 79 79 73 10 2 69 81 96 14 26 90 43 78 35 74 17 12 39 31 99 10 23 47 77 17 99 31 45 83 41 67 63 80 13 44 98 4 69 93 21 75 26 66 17 2 12 43
1 36 64 73 20 15 72 26 69 12 43 77 72 25 91 62 11 54 46 61 81 3 99 60 31 78 49 38 27 85 20 44 69 59 72 64 80 51 46 46 16 16 82 35 55 84 5 68 5 29 34 99 4 42 72 69 17 18 32 57 68 60 3 11 48 85 66 55 32 38 13 87 66 74 89 11 35 60 88 77 2 85 53 96 16 14 44 24 69 69
33 92 86 17 92 48 72 73 94 99 70 26 61 63 37 88 38 75 4 54 62 53 98 55 26 63 43 20 51 4 34 38 72 50 20 75 76 2 10 38 51 10 33 6 3 14 20 16 21 62 63 64 88 37 9 38 19 92 27 21 14 80 2 32 75 75 51 61 32 79 30 95 1 94 99 29 24 8 75 79 6 21 78 92 49 88 72 43 27 27
77 71 17 60 46 38 38 22 40 9 64 67 14 4 22 8 78 45 42 29 30 47 10 19 53 55 68 8 62 3 82 75 23 42 25 14 27 13 58 38 55 31 29 46 11 59 69 32 70 88 70 88 82 72 83 54 78 16 98 83 71 57 52 62 68 38 81 55 32 59 12 67 31 91 23 35 22 59 83 97 36 52 36 46 42 47 38 99 3 20
90 20 25 4 50 81 13 42 2 88 31 1 84 15 42 39 37 83 60 94 97 15 34 64 35 42 15 29 65 52 75 9 42 69 51 2 97 52 54 94 29 54 37 13 63 91 3 43 99 57 68 47 21 37 71 41 10 26 97 91 37 35 21 8 87 37 87 7 3 48 52 57 28 11 17 67 46 57 69 12 55 71 20 42 44 71 54 93 66 18
100 44 23 85 29 60 84 38 93 28 84 1 57 71 60 20 26 40 48 32 1 50 15 71 52 26 23 29 49 82 34 37 57 33 78 8 91 91 14 93 31 11 64 55 2 53 74 9 72 88 7 19 12 79 56 69 56 37 24 62 9 36 95 94 47 80 87 67 73 4 93 53 68 93 32 85 27 6 39 4 58 54 43 46 33 99 5 62 6 90
23 78 90 30 76 32 63 21 7 62 11 59 29 83 97 46 77 7 31 68 85 20 36 16 44 87 47 18 86 83 97 27 24 2 62 4 78 47 90 80 62 59 87 62 36 55 69 49 32 23 36 71 67 91 28 58 99 93 95 75 34 30 98 35 60 22 32 51 24 61 6 43 69 12 63 85 39 69 34 67 11 6 63 44 16 34 13 66 56 93
71 30 81 53 98 25 10 13 51 68 70 75 43 78 19 23 59 17 9 54 39 3 45 61 21 47 32 100 72 87 13 56 68 47 96 13 78 17 33 52 13 39 70 35 30 83 56 45 48 54 39 62 10 45 6 13 16 99 56 35 47 23 82 84 42 42 30 8 14 93 54 41 66 82 8 13 80 95 68 97 92 75 14 17 70 79 69 30 33 22
95 72 13 1 18 48 94 35 92 59 30 29 49 48 90 9 76 20 42 57 99 85 5 36 48 77 32 22 77 63 44 84 85 40 3 63 80 36 46 69 62 100 82 98 85 93 51 50 51 68 42 57 12 66 83 94 2 43 88 75 43 94 97 62 17 54 42 20 81 11 29 24 51 79 85 97 22 33 36 84 26 2 56 97 22 9 91 100 60 12
69 19 95 89 51 53 26 9 68 99 54 86 100 99 47 42 46 73 27 16 23 40 56 13 3 95 71 30 31 67 7 85 75 82 94 26 44 5 62 10 48 14 34 8 19 35 74 66 64 41 20 85 12 26 98 21 56 74 45 96 16 9 10 37 76 54 65 82 22 43 96 57 7 88 55 20 3 75 56 56 91 33 19 20 16 19 40 70 68 28
69 42 14 23 28 23 39 49 80 31 2 72 9 69 47 72 93 1 56 71 53 57 64 73 33 90 16 71 85 9 96 85 71 28 20 98 82 26 55 58 40 61 25 24 74 44 55 68 68 70 87 92 64 43 56 43 27 12 41 31 64 99 13 6 29 78 78 44 32 88 88 6 29 49 45 99 51 70 32 59 26 84 20 84 68 86 99 3 31 31
3 66 12 74 48 24 14 92 92 85 48 42 30 31 82 2 87 8 20 25 9 40 69 59 28 44 79 59 81 80 23 12 24 94 44 32 15 89 73 56 1 42 12 93 91 7 93 42 32 79 69 94 68 7 32 32 42 29 79 78 73 64 98 60 62 13 78 93 20 48 42 6 29 39 82 10 35 29 99 18 34 39 23 22 65 53 90 100 10 77
96 59 71 35 26 25 65 69 79 48 16 19 13 32 69 73 8 32 15 68 62 61 7 42 97 75 55 42 18 91 49 39 36 14 33 67 63 12 46 85 44 45 51 59 49 96 37 41 6 100 67 70 60 3 20 82 99 54 35 54 47 11 87 2 93 60 5 65 64 55 66 86 64 69 93 84 7 30 24 83 41 28 6 64 58 80 46 49 1 1
90 27 44 8 42 42 25 29 1 85 30 32 81 1 59 9 66 45 18 85 31 46 30 83 93 81 70 1 91 92 67 15 21 3 16 60 46 91 27 62 5 28 45 45 8 78 51 89 80 12 62 2 88 47 31 61 6 15 46 40 38 80 27 78 23 44 1 45 12 6 4 27 2 24 54 79 93 87 22 27 27 85 1 96 16 81 75 28 67 39
73 94 6 97 97 10 97 42 18 6 9 93 4 4 65 29 76 23 84 22 69 47 34 65 36 2 67 88 83 90 86 21 62 17 9 58 42 18 1 33 98 43 68 7 30 50 16 4 100 8 42 59 87 88 100 59 53 45 8 10 91 14 38 13 72 93 30 10 81 12 97 23 25 63 27 34 83 53 10 96 100 19 67 92 30 47 46 27 82 48
73 35 71 51 84 59 54 47 82 4 71 25 29 10 41 19 17 45 38 31 26 8 77 15 50 38 45 87 98 65 5 78 38 39 84 74 77 32 61 89 91 98 14 38 89 39 89 52 27 25 85 37 61 91 29 12 70 24 46 55 16 16 30 82 14 52 47 3 64 73 98 7 88 94 63 83 41 44 90 82 16 86 35 49 97 72 28 65 51 22
7 3 75 89 75 66 52 78 49 22 21 94 26 88 46 70 53 39 55 76 33 21 14 64 40 15 50 99 65 87 77 81 68 86 80 59 8 97 34 10 66 83 100 34 61 17 43 6 79 21 73 57 73 90 53 69 18 53 34 79 73 34 91 78 4 10 42 51 20 74 33 34 45 25 39 71 11 78 39 79 13 22 35 1 42 22 80 83 79 77
63 67 95 88 83 6 53 64 31 39 63 33 85 69 15 65 13 27 67 10 34 54 27 10 92 37 65 42 49 96 23 28 56 88 94 67 75 11 21 53 55 31 23 92 19 44 73 47 6 39 4 59 34 24 42 9 62 41 67 45 82 61 64 56 69 67 49 39 49 60 8 94 24 88 85 69 89 68 34 32 29 47 17 36 5 43 29 81 90 71
38 30 73 31 51 18 64 2 80 54 52 93 95 8 54 82 25 64 35 56 67 75 84 6 94 63 26 59 14 14 78 74 17 83 71 24 91 99 19 79 16 21 47 19 48 31 58 21 18 99 78 82 24 25 8 90 59 27 63 65 84 6 61 48 91 27 70 81 88 10 74 71 95 14 56 3 1 55 66 90 87 93 95 45 7 60 55 63 21 9
52 59 92 23 42 36 6 38 46 66 98 35 16 5 46 42 1 29 1 12 46 77 30 100 31 36 44 13 26 53 97 49 97 9 22 40 46 99 41 2 64 37 23 79 12 74 27 98 36 21 46 60 96 86 60 2 60 3 25 25 78 40 79 66 3 85 43 36 12 76 19 95 20 99 55 23 66 61 65 44 85 9 44 54 93 12 11 58 91 25
79 80 25 59 89 73 50 88 19 5 90 97 86 31 52 69 24 18 87 33 83 32 41 94 51 87 81 71 49 86 18 13 83 16 61 23 69 43 96 83 80 62 75 20 18 73 66 28 26 51 62 53 34 1 36 96 41 87 72 87 12 62 83 13 51 76 77 98 60 80 80 77 5 29 77 81 97 9 65 12 54 7 64 5 26 2 65 29 19 60
68 11 14 71 61 82 5 83 18 17 92 60 40 43 61 16 52 54 57 2 66 29 93 11 58 6 30 53 64 99 41 38 78 31 83 56 81 81 59 83 73 76 22 47 64 7 13 43 24 50 10 60 77 48 25 27 46 34 98 9 85 54 8 66 74 38 36 28 92 56 8 89 49 27 36 56 63 70 85 43 80 41 18 6 92 12 31 69 21 51
23 56 43 37 16 60 94 32 59 69 23 19 36 96 4 95 11 88 38 62 23 19 23 52 93 58 89 57 28 30 86 57 77 6 24 95 85 83 42 23 99 12 10 13 26 55 63 42 97 3 9 51 2 78 13 90 13 72 97 98 50 36 89 38 98 5 46 83 65 11 44 34 43 58 56 94 96 91 84 76 21 87 35 53 26 3 63 93 74 62
61 46 73 27 10 8 37 99 79 50 87 59 43 6 58 5 84 60 59 59 23 6 43 29 19 50 49 8 6 86 80 67 68 18 36 10 9 42 27 90 93 8 9 11 45 15 75 85 56 68 46 31 28 48 72 64 64 21 95 63 65 84 14 48 77 47 36 45 33 100 19 77 90 64 6 9 50 74 15 58 94 2 46 82 29 77 96 55 45 43
16 48 65 33 85 2 73 38 35 76 9 5 91 3 4 7 19 25 49 66 36 84 26 22 16 39 28 29 80 27 44 66 36 85 6 20 47 61 28 58 64 80 68 63 89 76 9 73 57 28 89 22 66 23 36 19 12 76 62 47 29 62 6 94 7 8 72 93 64 62 23 25 67 13 17 30 49 45 15 57 97 24 53 94 91 56 81 71 89 70
92 32 50 18 48 59 6 11 51 65 76 76 28 20 46 87 64 64 54 78 9 49 74 61 65 99 2 2 49 31 87 53 84 79 37 20 51 90 22 89 3 87 97 46 44 17 92 77 34 100 13 13 92 51 86 93 75 69 44 71 57 11 80 16 11 79 75 56 32 41 59 72 91 22 31 75 33 27 20 28 37 99 78 19 75 20 73 39 80 86
72 36 93 12 33 5 85 18 39 24 44 57 15 51 27 72 14 23 65 60 24 85 89 79 91 30 82 64 52 97 29 77 42 23 97 31 83 33 21 33 83 59 30 87 67 20 96 30 18 25 19 69 52 82 58 30 81 56 9 67 97 81 94 90 79 29 92 94 65 21 33 1 90 91 30 30 10 8 16 93 42 53 49 52 40 56 99 22 88 14
19 68 99 78 10 35 86 70 50 48 57 79 32 25 86 6 82 93 7 72 25 37 18 86 95 51 42 40 2 74 37 25 78 17 65 26 26 66 71 91 90 17 14 32 5 79 66 6 37 49 86 15 6 82 9 1 70 36 95 28 65 55 56 39 32 77 51 13 45 98 63 44 76 35 33 9 77 5 9 23 18 38 22 91 73 33 4 97 82 90
18 50 5 45 54 44 68 60 47 76 81 98 51 43 7 79 18 24 69 48 33 30 56 59 34 8 71 25 15 7 95 26 41 53 12 91 28 94 55 27 62 76 37 59 20 84 38 69 100 48 59 85 37 87 94 30 3 94 66 47 25 71 91 81 27 13 91 40 34 28 13 78 60 96 73 76 94 20 99 88 46 68 89 31 5 2 9 74 41 41
28 59 27 93 37 8 76 60 21 75 30 87 100 72 9 43 76 8 42 65 82 42 14 92 54 13 58 80 92 77 19 22 14 37 60 83 53 41 54 65 37 65 44 41 16 81 73 32 64 25 25 35 65 12 64 81 68 33 99 88 100 28 27 91 47 19 99 86 89 15 3 27 66 92 35 74 39 70 75 99 91 69 66 68 8 65 47 34 54 33
87 17 9 22 6 98 75 35 20 1 28 29 98 97 62 8 26 3 98 80 38 48 36 35 78 1 72 78 44 55 86 4 78 25 57 4 32 42 100 77 7 3 55 7 46 75 12 81 2 26 42 46 15 79 1 31 77 41 54 27 34 95 16 70 5 91 51 6 54 56 75 35 39 70 59 4 93 3 27 96 55 66 14 32 20 80 2 47 41 13
46 65 41 99 2 26 13 67 64 97 78 71 89 44 83 35 3 30 30 73 39 51 54 55 91 2 76 9 65 89 54 22 54 61 73 15 36 80 55 95 9 7 72 60 62 29 91 62 37 11 36 94 67 84 23 57 13 2 62 29 81 24 59 97 70 8 83 19 54 55 94 5 95 85 22 35 50 47 83 39 96 38 81 22 89 50 67 37 30 39
94 90 91 4 75 9 89 95 76 75 8 96 15 30 37 49 66 61 94 33 62 76 40 11 5 37 45 12 28 25 9 7 9 73 12 50 75 52 98 76 36 77 97 2 10 84 49 74 62 42 49 44 57 25 88 45 12 18 85 93 72 44 18 28 98 42 65 36 37 95 16 19 67 3 54 99 10 23 82 66 12 3 17 5 61 56 23 50 12 3
59 88 49 35 92 15 59 98 92 5 10 28 55 20 68 56 96 50 27 72 7 70 17 89 70 41 34 30 76 75 13 45 84 80 7 41 80 49 49 41 17 77 72 40 6 95 68 8 73 11 31 63 5 12 34 5 92 73 20 19 27 7 3 33 48 70 34 35 98 4 17 7 48 52 64 86 2 78 26 97 26 78 92 51 53 19 29 30 25 60
77 38 31 3 47 62 1 67 4 92 79 63 37 93 15 61 37 54 12 40 25 14 12 100 79 49 89 69 59 97 85 96 92 89 26 62 2 99 33 96 73 49 74 15 88 36 24 40 53 83 77 24 21 66 41 2 74 21 69 70 37 46 46 69 77 69 65 49 22 78 21 66 57 24 16 70 52 91 88 7 29 90 15 70 43 43 51 79 94 99
76 95 20 39 2 64 30 14 9 66 35 91 42 64 97 59 12 93 73 67 99 39 33 52 11 65 32 99 39 84 25 36 54 86 45 51 30 54 38 64 23 25 70 92 97 7 27 45 11 68 85 58 92 79 84 69 93 91 80 28 35 1 49 35 100 12 10 63 86 81 18 92 27 22 13 57 18 9 92 93 64 31 92 26 23 13 26 8 18 68
26 96 69 15 57 56 31 59 98 72 83 26 34 53 7 92 75 26 47 95 18 23 16 9 38 36 85 85 66 84 26 60 65 48 14 96 31 30 89 58 53 6 30 35 97 64 64 88 61 36 46 90 40 10 25 93 48 93 83 100 22 99 48 67 53 40 5 85 39 35 57 16 9 23 44 19 96 65 21 78 4 65 76 93 89 88 55 65 62 64
19 41 36 34 24 64 62 77 23 97 44 61 25 22 84 73 24 20 81 55 97 98 63 100 83 77 24 35 87 3 55 24 19 20 23 79 54 17 92 93 81 3 32 51 71 50 25 51 49 93 92 84 99 49 87 73 28 9 74 31 28 8 16 68 4 50 32 90 93 35 45 73 13 15 1 57 97 16 78 43 30 48 27 55 31 14 68 83 17 32
69 59 60 36 26 59 95 45 95 20 36 3 1 91 46 61 83 20 39 26 87 60 52 12 99 43 96 1 67 32 89 5 6 46 45 76 100 53 85 39 25 75 66 87 30 74 8 85 36 35 43 75 90 75 38 69 61 24 34 19 5 24 80 45 4 27 38 52 24 60 16 88 36 38 16 12 49 11 33 20 34 1 93 96 56 34 26 80 96 58
58 72 87 34 75 12 98 3 46 30 70 68 6 29 50 63 38 66 89 22 42 76 12 66 94 42 8 13 73 38 40 46 91 81 97 22 46 45 92 73 45 14 65 66 59 19 58 1 37 17 36 53 3 8 60 8 39 16 95 8 2 4 79 97 41 62 72 17 24 81 16 81 53 54 82 59 5 52 71 39 64 41 24 18 46 85 43 89 2 84
50 14 33 34 5 46 22 77 8 32 63 74 22 76 66 20 79 13 40 37 3 54 51 90 24 100 77 73 95 36 93 32 14 55 9 18 55 81 100 35 47 14 37 95 10 45 43 79 25 98 88 93 9 29 95 79 84 26 91 35 82 25 90 8 20 87 31 31 42 74 28 15 92 39 40 17 49 75 59 1 29 25 22 62 64 68 5 16 36 93
47 2 74 53 9 72 45 65 30 19 54 8 64 58 84 87 26 39 74 25 61 11 93 77 51 76 37 58 78 2 35 2 15 75 78 24 91 74 33 28 28 81 16 60 73 9 49 30 74 18 98 35 48 48 46 84 76 13 5 73 11 81 13 53 19 46 49 23 10 68 39 1 67 98 86 74 58 18 24 57 95 32 83 44 53 87 100 42 22 40
11 51 64 62 37 17 59 9 23 9 71 69 32 2 76 81 89 45 75 49 3 44 91 94 60 9 58 5 19 53 76 12 23 54 75 57 69 87 70 71 38 33 59 91 57 81 85 94 32 92 18 53 5 53 60 25 31 58 90 15 82 94 9 47 64 45 74 16 26 19 27 61 81 57 48 71 52 74 91 27 28 6 88 1 71 8 8 99 76 42
74 5 46 49 11 29 69 40 79 31 82 9 78 1 67 23 43 12 46 13 81 24 75 68 2 30 81 41 82 82 7 52 34 90 96 46 71 38 89 94 44 13 84 7 90 64 49 61 10 74 20 43 82 2 33 9 56 63 41 20 37 33 44 22 37 65 6 50 22 98 30 94 43 93 17 53 98 59 74 31 46 29 12 17 92 75 53 66 86 32
35 90 68 54 1 28 4 20 25 72 76 58 22 91 64 92 82 68 67 38 92 24 29 51 34 48 50 41 6 78 31 17 97 4 52 58 23 5 10 57 17 20 89 65 12 5 97 29 74 61 1 92 89 16 32 94 64 47 41 29 92 23 48 100 92 42 76 29 22 30 79 25 100 13 23 8 69 89 4 62 23 29 27 51 62 29 4 25 72 96
36 20 49 3 91 5 58 85 65 62 32 61 57 44 38 44 13 24 39 24 79 45 84 13 15 61 69 79 63 59 69 82 12 91 87 10 4 75 80 34 27 31 93 84 40 7 31 87 29 53 94 55 82 45 19 30 65 41 82 9 61 65 16 40 54 96 10 90 59 57 92 35 88 31 76 2 48 19 39 1 26 20 6 61 28 75 32 69 19 3
79 98 89 13 1 9 37 76 74 43 44 28 36 43 67 42 2 2 27 84 85 22 72 70 12 100 72 23 59 6 41 48 60 93 3 38 91 96 44 25 30 10 2 1 3 89 74 49 61 4 83 94 27 84 80 12 47 46 34 94 39 99 60 95 36 12 65 45 2 6 34 39 6 12 51 20 86 44 74 99 39 89 38 83 40 61 54 100 13 57
85 92 62 80 55 41 71 77 90 28 62 59 25 10 49 28 51 27 52 72 50 1 29 6 86 11 28 50 32 3 29 54 20 71 63 59 60 32 45 57 34 4 12 38 70 71 15 2 56 27 49 24 12 13 99 92 44 60 44 69 51 57 74 37 91 46 81 55 84 5 54 99 27 35 87 21 92 57 81 15 18 19 76 52 97 42 55 84 55 54
8 24 91 90 49 17 5 22 29 85 93 35 16 16 30 91 7 35 12 11 8 97 24 64 50 60 9 8 3 75 12 85 59 87 53 8 68 37 44 63 80 65 20 41 25 9 97 45 9 38 73 37 88 51 29 14 37 73 34 1 35 91 19 77 27 35 21 76 26 9 3 88 29 38 20 93 80 18 1 4 19 18 98 7 38 81 75 33 73 72
47 9 39 17 4 15 37 83 48 96 17 76 33 96 82 26 99 47 17 77 10 25 51 81 19 65 68 94 32 5 62 22 35 62 92 10 1 8 29 3 26 56 59 71 24 27 93 50 99 58 80 20 35 63 2 40 61 12 50 30 61 65 100 70 54 50 14 32 88 18 22 81 5 88 26 74 69 47 6 23 82 92 43 97 50 54 46 63 94 9
42 54 1 43 89 37 59 17 47 48 74 53 36 97 68 86 86 89 39 3 11 26 92 92 24 3 24 28 85 71 87 97 91 1 29 75 14 37 96 51 52 93 77 52 59 75 85 37 56 17 94 8 56 20 41 71 38 43 97 44 85 58 25 61 65 8 25 97 62 32 24 32 83 69 100 51 65 93 23 87 7 36 72 21 90 74 53 90 71 49
100 38 65 8 18 7 11 14 88 88 100 61 84 60 18 32 86 82 62 95 64 43 7 66 25 97 60 80 54 46 36 89 88 14 49 85 52 86 21 7 6 58 54 12 49 39 35 33 24 89 5 94 96 4 46 45 94 12 10 33 53 31 20 39 10 79 14 73 93 49 48 51 6 33 55 63 89 27 12 69 74 22 26 60 8 60 57 83 46 98
25 21 87 85 24 9 89 25 27 24 97 19 85 95 51 5 87 41 21 38 26 85 18 93 10 90 75 66 27 23 78 18 6 31 88 85 2 100 88 49 88 74 63 72 19 35 41 100 85 100 74 8 14 56 73 40 12 34 58 87 71 48 42 22 6 73 96 6 46 28 30 13 40 39 35 44 60 26 92 8 31 55 10 90 61 7 55 41 95 29
60 100 25 11 62 29 44 32 1 16 8 85 23 75 74 97 32 8 58 75 42 52 14 45 75 69 83 89 34 70 39 96 97 17 78 51 56 37 43 41 22 24 69 94 51 90 34 12 64 95 35 90 87 15 64 45 46 95 79 88 35 60 88 42 10 38 92 42 18 8 46 22 52 97 93 22 34 73 73 76 2 46 12 100 20 30 93 100 53 90
37 78 2 22 41 45 99 43 63 20 55 68 36 59 76 80 25 32 58 19 1 23 68 8 46 5 27 89 24 28 68 2 79 40 40 34 48 71 5 65 75 81 36 39 65 19 26 2 15 99 83 52 61 71 94 23 66 67 54 64 63 33 15 90 7 39 48 8 25 20 26 10 49 42 59 100 78 66 81 79 31 44 57 65 21 48 56 56 64 15
51 90 7 28 68 47 53 63 45 50 29 21 47 18 47 37 7 82 33 24 4 43 27 67 80 17 57 40 83 98 9 90 16 68 74 65 46 59 86 29 54 37 27 16 7 4 2 7 36 14 70 61 59 10 77 94 47 79 57 96 40 85 94 96 6 46 3 6 36 6 7 63 82 2 84 55 85 14 93 80 65 6 53 26 22 57 58 57 6 87
50 49 58 71 90 18 48 32 45 46 94 44 39 58 47 79 13 43 73 1 51 38 53 53 28 8 63 45 64 26 19 55 26 8 22 44 49 55 36 46 75 38 28 20 91 43 55 47 28 23 33 64 56 32 24 37 23 75 77 60 1 93 78 28 72 10 32 46 74 99 84 80 17 2 45 32 19 65 5 51 70 1 71 13 73 34 7 71 65 53
66 91 35 51 11 27 86 20 79 68 68 37 86 37 76 56 70 75 5 77 4 70 45 90 63 40 26 31 20 79 56 50 16 51 80 93 26 82 85 18 70 90 57 6 27 93 58 65 20 22 82 1 75 55 76 49 14 51 7 19 11 63 16 99 50 30 53 2 11 31 21 74 100 63 66 2 97 44 86 42 36 59 84 29 23 87 69 86 26 58
48 34 39 87 37 80 55 92 32 2 35 29 65 10 77 21 7 44 27 24 54 52 20 75 19 27 20 83 43 37 74 52 13 23 17 19 35 1 76 14 46 87 27 100 22 41 96 64 83 91 55 88 77 78 3 86 39 62 71 64 44 21 43 20 45 6 75 85 81 45 79 60 23 56 49 11 60 89 92 13 34 31 52 71 51 12 66 13 39 62
69 61 94 81 87 1 42 78 87 30 63 84 66 76 72 50 6 23 14 72 56 77 6 48 23 44 56 48 64 40 12 57 92 98 62 52 35 67 42 61 90 82 64 11 79 43 89 60 92 88 23 96 91 41 81 70 45 90 27 26 35 12 56 13 50 94 60 19 37 27 97 28 92 78 8 57 97 28 30 91 23 15 12 91 92 31 15 49 60 42
35 4 4 97 68 10 95 52 89 45 84 17 30 30 49 16 98 76 1 82 80 86 75 83 95 71 21 36 67 3 29 76 34 64 30 54 86 82 65 93 78 11 9 32 44 84 47 15 92 94 57 37 23 22 57 75 42 55 2 71 50 67 97 89 53 22 26 55 87 61 32 24 37 53 10 53 75 42 87 5 95 15 83 11 24 42 70 45 98 59
95 20 83 29 93 73 91 93 67 97 24 68 26 51 71 70 35 93 86 81 43 91 59 11 87 27 99 60 97 62 14 75 16 88 84 40 79 56 32 100 71 93 68 50 90 57 48 36 37 90 70 81 97 41 73 40 75 34 6 21 51 81 88 83 37 30 11 18 60 99 12 39 57 2 2 95 42 94 55 96 41 27 50 50 40 41 98 60 77 8
94 57 28 63 22 90 100 10 62 66 19 69 81 83 83 25 15 55 49 23 64 60 47 10 7 34 93 47 79 97 93 2 85 82 9 85 45 37 31 37 27 1 97 90 56 30 45 46 89 8 7 73 36 41 84 20 51 21 42 62 41 5 77 100 74 47 29 82 32 55 7 95 97 25 19 82 64 92 17 96 94 62 54 56 46 77 76 33 34 51
15 48 84 84 74 25 75 93 64 12 85 95 25 83 6 28 82 48 56 21 10 26 44 68 87 63 73 66 18 17 30 28 31 47 52 85 25 15 11 65 86 26 85 58 91 74 32 74 5 73 49 54 87 18 42 67 85 6 36 85 89 91 29 18 77 66 53 39 44 55 82 75 52 50 97 46 79 21 34 64 32 89 24 76 16 37 22 53 58 63
80 32 40 20 15 18 47 81 74 37 58 65 63 20 37 75 7 46 72 55 33 2 74 24 34 37 82 33 75 3 12 63 75 34 70 36 77 79 96 6 13 30 3 29 82 26 63 80 87 2 70 34 39 12 25 21 78 48 7 46 52 92 17 66 51 93 2 8 39 46 38 24 67 50 11 67 61 17 19 86 40 19 76 53 57 65 94 25 59 12
36 56 64 44 69 71 26 69 62 6 80 42 17 23 6 11 85 35 92 76 32 87 67 20 86 5 70 74 68 87 2 13 76 69 76 81 3 18 37 97 74 66 83 11 5 14 67 39 82 64 14 36 32 62 89 25 85 32 9 9 54 100 97 47 57 32 61 59 42 95 34 60 93 66 41 3 65 92 21 3 75 35 62 64 19 86 29 72 31 77
77 14 74 51 29 6 88 6 46 64 50 12 41 90 47 95 19 87 16 52 85 1 85 8 39 60 1 74 2 3 57 26 63 88 15 62 35 32 26 64 97 48 57 61 96 31 93 15 54 19 39 13 77 44 63 54 68 100 99 70 63 29 71 64 45 29 77 66 96 89 17 73 26 49 27 10 34 78 39 33 62 37 1 98 14 13 88 22 49 55
5 33 78 5 55 58 37 23 55 96 94 29 49 31 45 41 21 38 12 61 9 96 100 14 7 16 24 59 64 2 73 16 94 55 77 15 1 98 60 49 94 88 97 95 93 30 43 44 50 50 68 73 44 22 24 44 64 51 57 26 78 58 2 13 66 69 21 28 100 12 98 45 30 99 15 85 43 97 99 85 95 91 66 96 100 33 43 39 100 50
21 8 54 46 55 23 20 69 21 73 17 4 4 78 51 68 75 90 96 100 82 14 66 52 61 70 49 11 77 6 79 26 22 5 22 40 73 27 64 2 83 33 96 62 6 33 88 58 2 87 13 46 70 76 15 74 51 70 29 97 5 6 93 10 21 3 44 55 5 31 21 99 23 15 36 14 9 66 67 12 34 38 9 68 26 71 7 25 85 64
82 40 64 95 83 33 29 94 8 87 64 38 2 67 15 69 38 45 28 68 5 7 43 88 79 18 70 100 65 51 65 64 70 31 43 62 78 92 9 41 16 20 40 85 67 84 72 7 37 11 51 13 59 39 48 51 10 41 39 22 24 32 61 3 14 98 95 80 73 31 57 4 2 1 23 83 23 26 75 85 14 54 13 76 64 61 46 20 1 85
81 90 61 73 7 55 47 57 16 15 67 25 82 85 20 61 91 73 58 11 39 60 32 51 82 43 35 87 70 100 95 57 91 72 70 84 81 36 84 68 75 47 84 92 98 89 72 75 33 17 64 5 90 45 66 90 91 83 64 11 95 69 40 6 75 66 11 32 9 30 19 27 72 87 73 73 85 38 58 49 82 46 2 88 85 8 74 66 14 68
85 94 30 14 81 21 27 11 19 21 46 64 69 45 28 56 99 54 34 75 68 74 61 58 77 33 2 63 19 11 56 100 25 92 97 42 71 27 18 40 45 22 87 87 8 95 64 22 84 92 61 49 84 72 84 71 48 68 90 26 37 16 7 24 22 48 86 16 29 72 100 31 28 91 74 81 85 91 7 92 17 41 84 44 76 28 22 1 49 15
99 9 50 5 85 68 7 45 9 51 92 45 71 49 98 35 47 38 85 52 56 14 45 83 89 69 18 92 100 71 85 84 19 4 72 15 29 31 76 54 95 46 85 79 18 20 85 47 60 45 77 17 56 58 26 79 85 88 40 2 52 7 70 42 80 1 38 80 60 36 64 51 69 66 29 43 37 36 22 11 95 7 27 77 92 30 83 5 5 14
86 35 65 81 31 78 98 34 2 77 47 46 32 63 13 91 36 96 46 42 14 58 23 20 74 19 43 54 46 55 53 100 52 72 1 64 13 90 54 85 17 55 72 54 78 83 3 19 31 19 62 33 89 61 89 27 29 19 72 61 57 38 97 89 4 43 21 36 48 18 42 66 63 17 57 30 10 87 19 25 72 79 49 54 13 43 77 46 88 31
38 15 57 96 36 77 78 95 43 56 6 61 33 62 29 16 5 40 63 57 33 34 13 21 32 61 68 53 44 15 74 99 50 85 62 1 11 21 40 34 81 92 33 54 62 12 72 69 6 88 22 26 43 67 56 88 15 71 87 35 44 48 56 12 24 65 44 75 100 68 54 35 68 33 76 30 76 93 20 52 39 7 84 40 43 43 4 47 76 20
100 51 33 69 9 36 7 66 6 75 36 13 10 16 20 94 43 3 50 67 41 24 1 85 51 24 55 83 83 55 69 57 60 2 39 96 40 30 57 85 72 66 83 42 74 72 29 49 5 35 66 11 81 82 82 74 26 50 33 16 7 58 57 48 70 60 74 39 62 32 85 27 24 58 77 73 46 1 44 35 89 1 85 28 97 30 17 37 17 75
82 28 20 2 21 71 25 73 40 100 28 28 30 26 38 39 30 5 21 71 14 1 35 38 85 35 76 36 33 93 18 84 28 14 45 88 26 24 39 57 54 58 34 77 10 43 3 77 38 22 16 62 56 89 35 45 16 48 5 44 13 12 28 99 46 77 7 34 16 96 56 22 77 27 13 28 48 36 11 79 71 29 96 82 6 39 14 19 85 43
89 78 72 81 62 66 86 7 70 98 93 68 23 42 99 68 5 32 75 73 44 61 52 63 1 78 90 79 94 67 66 77 69 35 42 3 62 43 98 53 68 45 90 92 33 85 91 85 45 1 54 81 8 65 34 64 41 56 23 16 40 71 56 80 12 27 57 49 64 6 61 4 88 14 3 16 87 18 20 100 94 41 21 21 18 33 64 33 82 78
14 83 57 40 30 46 67 59 29 17 90 68 87 77 70 36 79 32 34 40 12 98 56 6 94 9 95 12 27 32 19 63 27 13 83 8 40 71 65 91 83 100 72 94 6 31 62 44 78 42 17 52 70 72 83 48 83 98 70 12 61 98 87 80 36 11 43 26 98 12 55 31 28 75 43 84 65 24 67 8 37 60 94 38 100 72 59 39 100 44
63 73 97 95 74 92 47 52 95 4 54 93 90 35 39 95 98 91 86 8 84 21 51 16 87 17 3 50 99 56 67 47 93 91 56 53 68 28 92 90 90 66 55 83 61 83 36 54 25 72 48 89 42 93 62 98 60 47 5 99 86 11 81 38 11 50 33 51 45 92 25 26 45 50 6 2 52 59 54 87 90 6 57 91 49 74 17 23 28 89
7 86 22 71 76 64 90 56 56 51 39 60 71 75 75 77 82 72 52 67 40 38 85 49 21 32 66 44 52 12 96 14 75 73 93 94 7 92 57 94 83 65 49 84 14 40 67 52 17 94 14 65 1 48 100 80 32 36 35 89 83 81 57 81 48 42 78 27 65 84 75 24 43 51 78 17 11 65 30 26 3 55 21 12 58 93 68 78 88 55
50 80 21 1 91 56 44 76 30 40 26 13 50 42 55 35 12 42 59 35 6 59 45 70 89 20 79 53 64 90 59 66 17 90 63 77 61 86 14 8 62 35 10 42 79 11 72 22 47 98 67 88 53 23 71 20 90 18 66 61 13 9 55 13 1 35 62 19 73 87 62 70 44 33 12 78 60 60 11 62 78 21 94 60 47 82 11 98 67 14
21 43 44 44 51 35 92 35 63 42 83 41 4 45 94 69 70 39 99 14 22 23 67 44 46 30 84 39 6 58 75 65 95 20 19 25 53 1 34 23 13 89 14 25 44 10 66 92 55 29 38 47 31 83 96 51 29 26 4 62 70 21 60 7 92 17 57 51 8 75 45 77 6 27 57 11 46 57 43 59 14 47 16 5 16 12 57 46 33 33
21 45 44 68 23 19 73 7 43 86 27 64 49 60 31 93 75 8 31 93 79 61 38 52 97 82 8 94 22 11 67 59 61 55 28 51 83 7 69 8 52 13 38 52 13 92 4 69 44 18 25 94 82 93 34 8 49 29 33 92 49 35 53 43 2 51 64 80 80 11 16 37 44 17 16 71 12 52 56 4 76 39 24 88 6 31 25 96 27 24
26 41 50 100 98 81 77 64 23 7 66 12 69 51 54 77 16 33 77 42 52 44 12 68 39 63 40 37 13 88 31 57 26 33 37 49 27 28 20 1 29 97 44 87 69 95 12 14 63 41 90 46 85 32 97 40 36 48 55 52 90 3 78 47 28 44 15 5 77 41 91 1 47 88 46 5 70 47 3 62 24 78 79 54 80 12 10 95 64 87
72 48 31 37 92 85 87 62 33 6 38 31 43 41 81 74 36 5 42 60 88 9 30 60 56 62 16 38 100 38 6 41 68 63 5 5 51 65 1 48 88 59 55 99 6 19 13 7 8 85 75 35 85 11 5 22 69 15 100 88 2 91 34 76 18 86 75 49 12 81 74 28 73 29 38 50 59 17 87 66 32 37 57 88 59 41 36 69 71 70
26 100 59 59 6 14 14 34 59 18 6 30 90 3 28 64 26 66 42 93 70 55 34 24 70 18 60 26 86 91 44 79 59 31 15 77 53 68 59 9 50 79 80 34 18 46 53 29 40 76 52 41 57 91 43 35 84 67 74 52 55 22 30 90 93 96 73 46 91 88 91 34 26 43 35 67 91 99 8 12 92 55 48 97 19 11 58 42 75 61
72 60 74 72 40 51 73 88 37 29 7 21 25 23 67 87 44 68 71 3 75 21 26 3 24 100 64 38 85 63 48 34 77 28 17 99 55 3 99 37 69 69 64 38 35 84 52 94 27 9 50 2 54 74 97 9 75 1 37 90 96 19 12 30 66 14 48 89 83 54 46 9 66 88 16 62 86 9 92 61 27 91 74 39 51 39 17 28 23 20
31 57 19 35 65 44 14 61 52 83 6 7 92 18 79 70 4 98 17 85 23 80 46 55 83 93 77 12 97 96 99 89 56 37 18 65 78 5 61 52 61 70 9 68 70 14 95 46 29 23 32 20 97 100 77 2 92 20 89 32 62 4 98 89 91 80 6 96 29 2 10 13 70 51 21 82 84 46 72 53 68 62 48 91 55 68 59 10 36 70
21 14 89 66 82 61 7 20 11 81 73 48 96 33 42 54 99 87 62 37 94 57 82 44 84 85 2 28 27 43 38 44 54 23 26 32 13 85 29 46 98 50 61 54 58 69 28 30 71 60 9 38 11 95 13 13 53 100 46 70 59 92 65 59 79 95 65 40 34 81 52 51 73 74 42 77 62 12 78 62 73 96 25 95 23 21 5 42 56 32
59 56 86 72 8 81 6 63 43 15 46 71 64 26 59 7 41 7 31 65 16 41 79 50 51 19 47 80 33 71 19 60 49 53 30 37 49 68 50 6 62 89 24 10 49 54 98 26 63 36 12 100 59 89 51 77 95 36 40 74 57 67 95 72 54 93 8 50 63 56 48 88 22 47 69 45 58 12 40 53 36 18 54 92 2 34 56 33 79 24
62 58 87 97 54 74 86 62 47 95 62 2 10 7 100 84 26 24 45 100 75 75 89 87 39 39 69 67 62 46 33 87 76 86 4 4 27 37 67 60 45 66 38 75 42 80 52 63 13 6 58 63 57 2 94 61 28 2 51 86 7 14 41 27 75 21 41 22 10 64 26 12 72 54 6 68 8 2 52 5 20 79 40 30 14 39 41 49 81 74
36 33 8 39 70 80 56 70 29 56 34 69 81 58 38 31 98 37 65 63 29 93 62 24 58 16 39 99 64 66 24 34 90 60 14 93 87 74 58 97 56 72 100 47 55 43 36 46 2 35 83 97 13 54 32 75 72 65 18 61 47 65 63 9 51 49 11 30 20 24 29 29 87 81 69 92 9 57 32 87 97 91 32 18 25 33 75 20 91 78
12 18 3 52 1 4 19 68 54 97 70 96 13 11 76 28 37 48 83 83 61 11 58 41 71 46 26 79 25 57 20 55 50 64 9 72 51 7 93 52 7 44 69 67 100 94 74 7 30 50 85 25 97 63 1 93 8 22 82 60 62 80 77 52 23 43 78 46 90 61 94 81 42 83 79 49 62 99 5 48 34 3 12 99 44 87 67 98 33 100
3 97 85 26 8 11 34 10 77 67 47 67 63 41 92 42 24 46 12 4 62 82 89 32 80 81 46 35 69 59 22 39 82 3 23 55 66 76 95 44 13 27 85 99 94 47 67 52 15 20 21 19 10 5 67 49 31 14 72 34 70 61 79 8 19 17 62 32 41 40 42 83 43 62 41 14 26 44 48 94 43 21 53 96 93 31 15 37 70 10
96 14 68 57 99 65 16 82 36 30 27 49 47 19 90 5 34 94 22 31 74 85 15 29 77 26 99 68 54 59 58 66 63 85 25 37 94 11 71 1 16 97 81 65 88 32 98 76 42 87 70 72 48 23 8 85 2 88 70 65 99 86 26 10 27 63 79 56 16 85 23 30 79 81 51 98 62 67 60 65 9 57 61 51 61 88 94 8 90 31
8 56 5 29 91 48 33 21 80 84 75 82 59 21 87 19 70 89 16 16 95 95 5 2 45 40 34 31 94 71 52 21 28 65 16 57 72 45 73 52 52 2 40 3 6 83 2 95 34 16 1 84 29 89 10 2 71 2 78 12 32 13 88 23 30 2 38 61 91 93 33 41 37 48 80 61 20 33 33 100 35 98 62 75 99 96 100 99 51 81
36 65 70 47 13 50 15 45 83 13 3 27 3 40 68 18 22 58 83 28 43 81 12 71 86 70 36 52 80 38 74 17 22 60 67 65 35 19 96 22 3 45 87 19 31 71 35 90 55 90 31 54 41 4 72 23 75 45 20 9 37 86 43 58 65 5 34 77 16 22 1 50 88 42 69 96 35 44 28 35 88 82 29 13 8 88 42 75 99 50
77 50 15 57 85 63 84 93 38 41 37 14 48 75 6 99 6 23 66 11 51 62 2 81 1 88 10 24 99 5 70 15 37 28 43 28 71 58 3 53 53 79 67 99 93 21 85 92 53 71 20 2 51 95 41 77 13 4 72 53 50 56 35 8 33 90 41 9 44 48 79 16 25 5 19 56 73 57 42 37 72 78 37 19 79 79 88 88 68 29
21 55 16 5 42 68 52 6 17 54 26 81 79 65 27 29 49 41 96 40 97 81 44 74 60 2 87 73 31 39 9 49 22 48 8 24 42 80 30 57 52 11 28 87 19 3 15 58 72 80 5 58 16 22 68 92 57 92 88 34 30 18 12 67 74 81 39 65 2 56 16 83 33 65 55 12 55 78 74 1 61 81 100 16 30 59 69 100 11 74
21 98 69 58 93 29 96 4 7 80 98 78 37 38 49 51 69 64 82 97 85 35 93 3 23 32 31 73 25 53 67 46 93 10 15 11 69 82 6 12 73 18 76 65 56 90 25 4 61 74 83 68 59 72 70 6 1 84 66 10 70 6 51 97 45 2 13 17 57 90 78 49 24 61 31 23 4 7 3 12 91 1 33 65 73 10 11 14 92 97
46 67 91 37 55 92 22 19 51 72 1 82 52 14 17 4 87 36 32 17 67 39 66 62 99 45 30 54 44 45 91 19 75 65 31 78 56 79 91 32 6 34 76 84 51 97 86 90 52 56 63 55 77 93 98 30 81 30 55 100 18 32 73 64 54 83 50 33 25 18 54 6 73 51 1 96 88 19 90 15 15 38 25 26 27 99 12 17 89 73
13 12 69 3 49 52 58 98 16 35 26 85 63 82 25 85 41 100 58 33 18 34 64 28 6 62 6 12 22 66 14 89 7 33 16 34 98 19 51 71 62 39 40 13 32 32 8 74 45 78 64 91 25 31 19 77 64 15 3 55 85 3 71 3 70 44 56 14 82 96 60 78 36 58 85 3 78 71 13 2 35 38 64 84 86 87 45 43 19 70
12 23 27 72 85 76 2 65 9 100 15 53 96 88 97 3 62 69 63 41 48 15 26 52 98 91 13 7 33 18 68 2 34 100 77 2 8 57 22 98 56 24 13 19 53 48 67 56 39 7 30 75 84 49 16 69 63 36 16 28 90 42 63 12 57 66 9 91 80 72 54 49 88 44 76 4 25 20 50 10 41 70 99 19 64 94 77 42 20 39
95 15 31 72 61 80 27 58 27 13 25 4 67 74 78 69 13 57 88 79 33 23 66 12 95 78 9 24 69 56 6 50 67 46 60 98 15 42 66 35 70 45 35 58 55 56 79 54 40 53 35 5 47 46 99 36 31 88 49 97 78 79 27 10 6 79 37 28 32 39 93 4 2 56 48 17 44 43 37 45 1 35 75 82 87 32 13 64 75 93
14 93 59 24 51 40 50 25 9 38 87 61 32 56 10 67 68 84 59 84 80 100 32 75 89 56 81 30 31 71 33 80 71 69 64 30 56 64 55 70 41 52 95 35 85 9 72 1 34 77 31 37 74 22 87 56 43 54 36 89 16 91 69 54 55 26 46 84 20 17 47 61 68 22 57 79 46 8 74 39 14 59 20 100 91 22 21 13 35 9
22 31 79 50 10 47 29 42 22 8 63 92 93 59 72 77 33 26 17 99 51 14 7 50 36 70 6 40 34 45 94 36 19 53 51 5 53 22 66 14 77 17 1 78 25 96 39 61 50 40 40 50 55 52 51 76 54 50 80 24 23 37 80 35 88 12 42 49 31 1 87 66 4 100 56 48 74 14 26 22 13 51 81 76 62 8 62 95 38 13
7 85 38 82 36 93 39 38 17 83 38 4 56 50 80 33 37 18 4 82 44 60 36 46 65 16 6 55 49 78 16 81 97 97 14 46 65 57 20 74 94 94 46 18 69 56 10 60 96 5 15 25 55 85 78 10 67 43 33 53 33 34 5 13 50 10 41 27 11 22 96 51 89 52 60 81 47 65 71 15 30 77 14 92 59 49 2 41 74 17
97 55 82 46 13 79 17 35 42 97 2 59 5 84 47 31 94 82 69 5 72 35 2 48 83 66 50 32 76 94 81 22 64 66 65 7 22 55 36 38 29 96 82 64 53 67 43 69 33 93 58 34 17 80 90 48 82 71 81 99 72 28 57 61 88 9 55 59 48 86 14 53 10 63 58 53 6 26 70 39 26 94 3 81 20 51 7 64 54 73
97 87 25 87 21 99 59 99 31 90 89 26 14 1 34 25 8 31 59 63 51 37 83 7 27 23 93 57 98 41 16 3 74 35 67 98 6 6 54 37 65 56 16 41 45 90 67 2 72 72 14 71 87 22 1 22 39 33 36 64 72 34 65 85 4 31 75 38 13 62 97 74 15 41 91 66 56 17 57 74 97 77 89 73 14 26 66 14 90 62
49 45 3 67 48 27 47 79 62 17 53 89 10 58 16 88 12 29 61 53 9 15 91 91 6 9 68 20 1 56 51 61 58 67 95 8 6 35 24 53 28 39 35 56 83 62 100 66 28 80 2 90 92 82 56 22 16 53 65 2 65 74 50 31 75 44 27 94 98 46 87 35 16 55 9 94 26 61 13 25 20 27 23 78 83 12 24 95 41 76
24 91 100 69 6 98 14 85 82 14 18 68 23 21 35 63 98 6 41 34 92 51 13 59 72 2 58 87 39 77 30 84 33 29 96 51 52 74 84 93 21 38 83 17 25 33 93 3 26 14 7 99 25 10 42 11 72 84 60 59 51 88 84 2 95 96 84 2 33 71 47 39 30 36 93 60 18 98 88 23 32 59 72 2 28 83 90 75 44 59
74 75 92 80 8 25 17 62 49 73 37 72 47 70 20 24 30 78 3 88 16 21 98 59 60 95 38 59 3 78 2 6 38 3 49 97 87 88 94 49 4 51 47 60 26 62 34 88 8 99 44 12 89 59 90 85 46 37 52 95 87 34 81 23 43 13 77 69 93 96 91 62 96 94 72 89 1 9 92 42 27 67 46 15 49 96 82 16 20 93
7 46 87 17 81 38 52 26 14 63 100 89 10 96 46 1 97 36 54 76 47 64 77 16 8 47 33 86 43 47 71 39 41 13 96 100 16 34 25 51 95 55 77 43 8 38 23 71 61 63 67 20 1 45 43 40 97 5 17 18 94 20 67 92 58 65 26 5 16 1 16 4 63 14 54 21 57 68 64 2 18 5 92 53 72 70 89 48 92 10
94 79 66 73 66 89 61 77 37 49 29 94 82 49 44 20 17 71 73 79 94 44 14 34 66 68 59 26 93 88 36 8 94 61 40 6 25 60 92 2 23 96 23 99 71 7 40 73 2 66 21 24 46 66 45 26 47 48 63 31 53 24 16 24 20 40 87 19 47 14 7 50 34 100 86 23 28 30 82 69 13 55 46 50 66 100 83 14 7 88
25 21 90 100 59 46 18 88 51 68 80 43 76 90 62 11 27 84 41 71 51 56 1 24 23 69 64 86 25 65 66 40 81 20 67 18 32 90 84 75 86 89 89 78 99 43 98 81 68 58 39 70 16 27 41 59 87 51 26 60 91 39 38 44 27 55 84 10 58 67 57 57 42 6 88 94 23 70 30 21 43 52 79 78 96 3 88 64 3 51
99 58 28 87 92 67 83 78 3 8 61 95 46 36 28 64 44 52 67 96 68 28 43 53 63 74 29 72 47 68 3 21 57 62 29 34 50 16 42 75 75 63 58 52 7 66 69 36 85 42 17 25 29 31 71 58 31 65 45 48 61 17 98 18 61 65 37 10 78 30 40 3 91 56 22 71 79 85 15 95 26 14 43 64 14 29 29 10 90 86
76 74 84 33 62 83 17 89 50 35 78 75 79 28 33 51 22 3 77 12 12 25 37 89 34 33 74 4 76 46 8 30 93 13 51 1 51 2 7 59 28 4 90 56 69 46 88 66 33 52 14 24 94 68 74 86 46 11 31 78 15 75 54 1 96 57 75 10 20 39 47 52 45 73 6 94 39 91 68 63 53 12 61 63 99 30 31 49 91 81
58 28 47 24 43 65 15 40 87 85 53 72 55 17 67 78 76 1 95 55 98 51 31 74 46 54 87 55 34 37 28 97 32 36 90 71 81 69 39 60 66 88 24 97 8 79 35 61 21 15 90 96 73 8 18 76 6 84 51 56 49 36 97 82 21 86 84 2 55 65 59 4 59 98 39 65 11 52 16 1 51 93 37 4 3 67 66 78 19 29
86 40 89 75 82 46 52 70 46 77 66 89 8 86 90 89 32 5 78 30 25 45 20 87 31 8 82 87 21 19 88 4 68 24 64 54 60 70 83 50 87 29 59 98 63 58 84 30 65 45 57 48 19 57 34 21 24 77 67 30 98 22 25 9 73 29 24 39 72 75 76 94 36 56 8 81 79 16 53 24 68 54 21 37 56 54 50 93 88 51
60 90 36 75 53 52 77 30 26 80 88 6 79 50 17 34 75 18 41 22 12 8 83 8 60 55 12 59 78 44 97 67 21 72 93 52 40 66 76 20 11 9 49 36 8 34 40 53 74 54 4 24 22 87 36 15 9 28 3 95 75 20 20 23 16 77 71 10 3 84 26 13 30 40 82 30 33 54 88 57 29 5 61 31 62 49 30 51 67 45
66 60 20 75 15 75 64 55 92 25 100 15 50 58 99 87 85 17 36 6 23 54 24 68 8 5 59 71 5 66 23 26 100 26 2 63 57 18 62 2 7 5 88 30 71 79 3 34 67 34 8 85 2 26 84 80 83 38 94 67 32 7 39 30 33 66 21 8 15 22 45 50 74 14 55 47 84 6 48 5 87 88 50 21 17 66 58 51 34 10
89 29 91 10 24 98 2 31 70 68 26 55 23 15 85 50 47 66 52 41 54 21 94 59 66 51 45 24 79 68 83 37 84 42 63 12 18 34 8 52 46 100 65 99 80 78 94 71 9 84 44 60 17 5 68 86 40 38 82 20 6 39 45 22 26 69 57 53 55 44 55 73 98 17 33 72 57 26 78 13 29 98 49 72 61 39 36 26 9 10
43 87 29 79 7 58 24 54 52 97 28 39 20 76 37 30 29 76 24 49 96 97 36 54 15 91 3 43 4 73 87 76 41 63 89 96 32 61 94 48 66 83 23 22 11 21 94 76 89 69 50 93 83 70 19 89 52 37 19 61 57 84 66 21 14 42 39 72 99 89 28 61 91 54 85 31 80 52 94 60 8 18 91 44 71 96 17 27 13 63
18 6 85 69 92 37 30 72 51 21 33 79 74 98 6 5 17 42 13 26 33 87 45 27 96 76 38 73 27 46 69 80 44 71 17 22 91 73 22 85 86 27 74 66 94 85 14 5 86 60 64 7 32 3 3 72 59 26 19 26 70 78 35 3 20 43 17 99 58 8 9 45 54 75 73 23 12 36 21 18 92 77 44 16 93 74 47 76 49 9
46 2 4 21 83 89 56 56 92 98 52 4 25 62 25 25 63 46 86 53 78 36 7 82 98 63 40 84 78 20 71 22 100 15 8 26 49 22 40 12 92 31 68 32 41 77 58 69 62 91 7 31 40 56 26 31 95 94 17 24 78 25 54 8 91 14 80 99 24 7 36 15 12 96 22 45 56 54 66 74 45 69 92 81 42 38 11 85 85 76
11 57 9 82 50 92 19 30 81 69 84 62 46 49 71 86 77 10 34 44 63 8 48 47 76 96 86 59 84 33 55 75 55 28 8 76 28 31 99 41 83 23 86 90 77 57 37 19 82 38 92 82 52 7 63 52 6 41 64 51 54 20 100 25 18 7 99 72 34 31 76 77 31 7 19 29 85 3 75 67 1 72 92 85 35 70 51 100 4 97
41 3 56 29 100 8 29 81 70 5 3 50 1 36 79 8 79 26 1 61 91 87 75 10 41 38 89 95 33 68 96 45 27 97 3 21 52 64 64 16 33 54 8 96 62 45 70 49 90 76 9 9 86 14 84 15 26 8 5 69 60 49 35 85 55 12 80 67 7 38 4 87 94 100 37 23 89 91 80 80 43 86 2 68 16 32 11 75 31 57
87 85 26 62 51 44 28 30 50 37 30 70 48 4 92 45 55 24 90 10 81 19 49 9 47 63 50 32 34 34 61 6 28 51 69 2 86 36 10 63 23 41 65 12 69 79 79 79 98 19 78 33 20 32 76 74 18 75 80 96 56 41 80 83 74 15 82 62 95 17 99 63 17 36 77 49 78 37 25 100 35 42 45 44 65 80 19 41 25 13
43 35 60 79 86 83 48 88 56 35 93 46 61 65 15 32 60 19 54 1 24 58 46 67 30 19 52 64 72 16 98 28 97 66 100 6 82 46 87 97 87 67 35 97 70 16 45 18 15 97 29 74 76 83 83 41 25 67 43 74 66 97 81 60 91 93 73 19 9 36 30 29 42 70 62 60 17 89 47 4 7 49 93 40 68 11 24 71 53 78
32 31 33 83 94 24 15 90 40 18 80 66 31 5 59 52 36 13 62 2 44 87 40 2 97 64 16 14 76 60 3 81 10 42 34 22 73 61 59 66 33 49 49 7 94 49 74 72 64 62 34 70 97 40 27 8 45 83 58 1 88 89 77 98 22 22 25 77 63 62 55 91 82 21 95 7 73 6 68 33 21 98 73 35 22 9 1 5 52 64
89 27 10 32 79 40 59 4 56 45 27 14 96 12 96 75 79 92 76 59 14 79 87 84 25 58 6 81 58 63 98 31 29 31 18 45 71 1 54 22 13 63 33 64 87 62 1 10 71 47 30 58 33 68 53 76 60 48 29 48 19 27 86 31 58 76 85 80 8 31 38 64 75 14 72 12 69 66 66 25 98 60 38 59 32 60 18 23 55 27
49 68 88 65 62 29 60 38 84 93 53 18 20 48 46 13 60 43 86 8 20 16 59 12 99 94 15 81 80 92 71 21 12 64 16 59 89 54 45 2 98 27 37 44 58 26 57 73 70 17 49 15 77 73 10 98 82 25 6 82 3 50 33 100 65 40 40 32 15 98 55 41 29 65 47 88 9 33 53 26 2 16 14 54 92 41 16 76 100 79
8 20 45 64 36 30 89 71 63 76 43 91 1 6 28 99 26 3 30 15 92 16 21 84 80 31 66 68 24 94 7 25 4 81 42 87 19 1 92 35 12 84 52 75 36 49 61 40 57 90 95 8 88 9 1 9 79 86 42 46 53 33 39 98 95 66 76 47 12 82 88 67 55 29 34 57 93 15 76 46 77 10 41 61 87 41 51 77 85 35
16 60 85 99 78 3 71 83 18 53 35 73 94 89 99 20 65 34 95 74 63 92 57 1 88 40 61 49 35 81 92 71 2 54 76 19 53 76 19 66 75 12 18 84 43 58 63 58 6 19 14 36 93 54 73 20 55 20 56 26 78 86 42 26 26 78 78 75 90 69 20 59 15 70 17 83 61 82 19 35 52 23 60 36 42 9 97 88 40 21
56 90 21 42 46 55 73 41 79 4 18 11 79 74 72 28 39 36 13 11 85 77 34 88 37 5 70 58 60 91 21 35 94 1 1 55 100 29 3 37 30 4 37 99 25 26 45 17 34 70 18 10 47 88 22 92 39 78 89 78 39 90 54 89 58 15 12 40 66 60 14 67 48 94 10 28 91 76 69 75 28 52 83 73 13 25 48 75 100 52
47 56 70 64 41 56 67 60 98 89 5 41 98 90 36 100 16 6 57 43 79 73 52 28 35 99 46 69 32 35 44 72 52 21 76 73 2 100 36 75 73 6 54 40 85 8 11 79 51 47 43 21 86 88 30 26 18 13 78 39 19 75 77 67 98 37 55 85 57 9 3 29 76 61 18 97 45 17 15 90 25 100 24 84 2 19 80 68 19 83
12 54 26 25 74 93 58 45 56 25 56 68 49 22 13 54 69 27 48 69 91 28 47 87 78 52 20 47 69 6 78 58 62 60 97 38 81 23 23 47 88 25 2 77 64 42 23 50 10 33 35 21 93 51 53 40 77 56 71 7 78 15 22 46 84 61 7 95 5 26 75 9 75 27 97 41 83 87 13 21 69 54 42 57 26 63 16 29 3 1
63 48 97 53 82 25 95 92 12 15 29 78 64 44 88 76 26 56 75 95 4 84 100 27 38 89 83 83 14 73 29 43 84 90 42 23 64 55 93 27 15 39 53 43 32 65 62 46 8 53 29 30 60 21 21 99 16 48 57 91 23 44 34 87 100 27 38 1 51 88 48 2 73 99 31 68 67 68 13 31 48 39 82 33 57 24 50 82 47 66
63 18 86 84 64 59 5 80 38 30 73 56 4 36 64 39 48 71 79 64 29 58 79 12 45 32 89 81 55 74 74 70 91 71 61 78 28 62 39 23 44 13 86 2 23 45 95 32 51 45 57 77 2 92 76 53 72 26 80 70 55 68 66 13 93 56 82 93 9 28 57 69 45 39 15 95 84 88 76 93 81 1 52 71 78 49 96 55 43 72
23 93 35 27 48 8 58 46 85 70 21 15 95 65 11 63 88 97 4 92 52 61 37 37 9 91 42 15 15 1 36 46 18 37 73 72 24 100 81 47 59 19 55 98 48 76 99 66 87 27 46 49 47 50 5 41 60 55 29 50 44 4 26 39 77 57 32 86 76 86 22 49 95 24 70 83 100 73 23 28 91 59 59 28 92 96 11 70 90 48
70 89 92 93 48 3 89 22 91 4 43 11 68 46 52 57 25 83 41 36 13 62 1 58 3 56 88 96 6 42 91 80 75 50 38 73 75 55 16 90 53 70 14 36 6 96 25 44 9 70 77 32 67 18 65 63 34 78 5 49 58 60 7 9 47 85 67 28 46 35 66 5 42 22 44 21 12 68 63 12 77 23 34 50 29 85 54 56 82 59
89 54 95 39 35 69 31 42 28 39 94 7 1 31 20 77 82 19 57 10 90 6 53 53 34 86 2 83 59 13 6 29 68 64 74 88 24 80 32 19 61 11 55 86 19 38 85 67 88 42 38 23 83 5 91 12 45 56 7 20 92 19 42 79 29 96 18 76 26 89 72 9 92 35 94 91 39 14 5 3 47 13 61 40 5 46 92 95 78 71
20 18 100 59 69 61 72 83 92 70 60 47 64 6 43 20 69 29 41 20 40 87 35 33 93 63 95 56 16 85 30 93 24 10 3 67 69 68 2 54 69 40 75 97 44 96 77 64 13 84 32 28 65 72 85 89 67 94 7 99 35 66 90 25 69 20 29 77 94 39 86 99 94 59 96 10 27 49 12 7 35 65 85 14 24 37 3 31 5 28
41 18 18 5 63 86 34 20 6 2 92 47 97 56 3 78 56 62 54 79 21 87 51 92 93 15 81 64 30 53 76 41 24 6 31 100 78 66 71 91 87 63 47 65 31 28 59 24 35 54 53 16 75 53 66 81 34 32 68 56 56 68 22 53 96 59 60 77 99 20 31 11 34 26 71 78 50 37 7 66 76 93 8 63 48 31 5 49 66 33
52 87 44 51 78 15 43 99 28 4 13 36 8 6 53 91 52 48 10 40 22 36 57 14 37 89 56 52 66 70 84 71 53 34 15 62 44 77 38 83 76 47 59 73 1 68 16 5 16 90 61 45 12 6 49 71 40 68 8 31 82 13 6 94 41 1 6 21 77 1 78 54 24 8 31 67 57 39 19 62 74 50 56 46 95 3 87 73 1 83
90 84 11 59 56 20 18 70 88 2 96 42 41 49 10 79 46 75 30 51 77 64 19 89 62 71 94 20 22 86 25 81 64 59 32 32 98 34 10 51 9 56 41 76 60 33 88 75 82 54 91 56 94 59 53 11 50 84 47 94 97 93 43 65 31 73 34 44 75 77 8 93 61 91 57 61 80 29 53 31 37 57 40 62 36 52 68 85 2 93
6 56 51 61 95 61 34 86 24 45 22 46 84 2 76 55 30 69 7 83 71 27 79 55 4 88 2 78 59 93 14 88 20 23 71 56 1 63 46 56 77 98 56 61 67 86 7 31 27 7 18 34 80 78 16 36 65 5 3 94 31 10 22 17 99 85 3 84 29 24 63 63 29 62 94 27 67 89 42 3 10 78 36 62 80 62 1 26 9 75
52 14 83 23 33 63 57 36 83 77 15 14 7 79 85 63 70 93 79 97 80 10 99 59 75 9 86 4 89 87 22 34 51 70 93 72 56 91 78 92 31 98 1 56 94 1 80 43 39 62 36 25 20 14 13 74 91 10 56 93 51 10 9 20 19 81 47 10 86 88 79 67 60 32 92 3 51 72 98 26 97 53 48 38 76 78 48 79 54 24
100 55 83 42 59 60 11 75 26 18 39 100 46 19 83 17 62 35 76 4 70 58 84 45 51 30 25 70 49 36 77 99 11 10 34 35 66 86 89 11 27 48 1 12 14 77 98 49 95 20 21 91 77 43 64 77 86 98 14 59 1 38 55 96 21 68 64 70 40 71 94 73 37 57 10 40 86 39 50 99 80 81 7 18 38 10 2 26 97 89
73 92 68 87 9 50 82 67 17 76 78 18 3 81 68 77 93 1 16 75 77 90 54 61 42 79 39 6 9 18 92 7 44 37 50 90 39 70 99 31 77 80 10 65 46 69 6 53 55 66 56 31 45 8 68 57 12 49 31 60 56 7 89 81 76 58 3 72 63 26 40 48 47 61 39 25 20 42 40 43 66 39 65 14 55 90 43 51 97 89
35 87 55 15 70 34 58 91 81 69 4 66 24 30 42 40 61 26 63 39 46 36 37 52 61 50 93 53 66 16 74 39 65 22 96 60 87 56 59 88 54 88 67 19 50 80 28 25 46 14 75 44 41 100 49 52 78 43 22 20 19 36 55 57 48 85 51 79 11 58 71 93 17 55 91 99 73 13 44 18 34 86 34 70 66 98 47 73 28 34
61 27 69 72 11 13 15 54 23 59 67 19 76 3 40 43 33 21 95 70 35 71 61 16 83 100 89 16 60 91 43 24 1 44 51 37 50 6 27 37 52 94 32 17 60 74 88 48 38 21 8 49 38 98 98 21 82 93 28 51 24 80 8 1 47 36 87 89 46 42 13 43 24 8 76 27 20 40 78 46 59 61 11 99 50 89 75 37 97 29
89 11 28 9 44 12 25 57 43 67 65 27 23 90 83 40 59 60 85 10 55 82 50 7 56 12 13 54 35 42 80 95 10 99 83 15 72 46 45 1 90 62 86 16 89 83 3 28 55 90 42 95 4 20 1 28 94 80 87 100 41 4 7 52 60 51 94 53 9 79 6 73 50 13 82 30 98 47 98 59 52 32 33 31 38 25 89 13 84 86
99 66 32 53 33 98 49 35 97 12 47 9 7 38 71 3 45 77 85 50 47 49 13 63 83 89 42 47 20 42 52 24 70 26 88 53 39 2 44 4 13 9 47 71 99 8 58 50 3 40 65 82 48 73 78 30 81 7 56 33 69 100 19 23 32 85 91 64 98 32 80 21 44 44 13 67 76 34 90 92 21 30 35 88 80 40 87 25 3 2
70 59 67 45 85 100 73 74 84 1 67 52 23 92 38 26 1 25 27 1 28 82 12 89 39 26 49 61 13 80 38 16 32 82 90 21 14 74 6 52 62 54 39 13 16 48 81 44 85 29 18 87 93 83 93 16 18 56 16 11 91 73 16 11 17 20 87 51 31 83 70 49 96 9 1 64 3 62 87 41 68 25 32 4 53 12 10 38 76 41
44 91 75 81 76 6 27 97 12 47 15 43 98 56 75 34 83 23 1 44 72 28 52 67 94 22 38 92 48 7 26 70 20 21 78 17 48 56 49 9 1 26 35 33 76 68 58 48 91 68 18 70 82 90 26 95 76 32 65 73 72 51 91 52 20 95 1 35 14 87 99 48 80 34 46 97 68 22 68 86 25 38 32 30 28 75 1 96 75 86
69 94 54 44 46 3 9 18 43 8 43 24 40 60 14 5 74 77 48 66 65 64 48 11 75 45 68 22 80 98 68 5 65 97 94 42 82 27 56 20 66 86 82 24 16 38 35 2 70 37 3 90 35 46 57 73 69 66 36 77 54 12 1 92 82 74 32 53 44 100 7 20 3 20 56 15 43 32 96 88 91 96 71 75 19 56 89 2 28 93
49 59 37 78 69 62 43 58 20 83 13 89 61 6 42 66 100 72 5 86 50 10 100 64 90 55 73 98 85 52 8 40 30 50 84 56 92 89 89 37 78 93 32 77 61 21 69 42 5 11 41 51 14 35 29 76 3 34 65 52 47 61 50 6 46 25 69 77 55 83 23 14 99 94 58 97 16 83 73 51 27 98 80 4 32 25 75 47 82 49
24 38 20 52 48 31 8 35 10 74 61 19 26 42 67 55 42 14 17 53 42 28 71 29 23 42 62 1 90 12 67 21 32 29 46 100 7 66 8 7 12 28 19 92 64 53 57 9 79 89 25 12 37 78 96 51 35 26 3 85 12 28 76 47 72 36 38 28 92 47 54 86 12 55 51 43 68 14 57 78 92 62 27 7 41 50 32 66 78 51
13 5 98 67 45 20 92 44 41 65 49 84 96 99 77 5 6 96 99 10 26 71 6 35 79 97 7 72 94 23 42 87 6 41 51 18 34 80 100 32 31 96 41 90 100 2 62 42 70 86 53 89 18 30 96 37 63 84 82 4 39 86 31 27 78 97 81 42 44 2 81 89 28 1 8 7 70 87 56 78 92 9 40 79 32 71 25 43 13 49
10 38 21 83 43 37 90 78 85 37 96 94 60 66 21 5 99 68 19 60 56 70 65 39 14 86 51 50 93 85 21 76 24 50 69 98 87 3 88 41 63 3 40 14 76 29 29 42 77 8 83 78 78 74 37 10 42 3 34 99 49 62 16 72 7 50 68 21 71 83 60 51 5 79 19 90 14 23 87 49 83 84 66 4 27 50 100 77 1 3
89 5 47 78 32 35 57 82 37 14 97 73 76 84 18 84 73 18 9 41 17 52 34 11 75 84 55 40 42 32 52 22 77 5 67 97 12 35 94 6 25 63 83 78 96 14 23 67 25 16 38 46 15 6 67 70 16 39 70 78 95 93 78 88 4 8 77 60 28 22 31 83 50 84 99 86 66 89 53 45 63 58 48 36 24 44 73 28 2 8
76 60 63 20 43 77 88 4 100 100 80 84 15 5 49 73 79 87 90 16 56 91 93 42 2 67 57 78 2 1 98 30 55 77 99 49 28 54 37 39 4 3 70 68 8 28 36 30 87 86 79 24 10 32 84 8 21 47 48 85 25 89 4 11 15 44 14 10 31 88 64 49 35 22 21 22 4 58 67 61 51 17 4 25 7 4 55 46 64 95
82 79 89 94 14 8 86 97 3 87 44 6 66 32 82 49 34 44 37 27 16 17 72 64 96 68 97 7 6 26 40 25 66 20 89 81 48 98 6 68 14 90 84 56 23 22 17 45 99 31 58 27 12 50 80 61 76 5 41 90 59 79 82 51 38 20 5 2 85 70 39 42 66 94 7 55 24 18 62 84 45 54 58 11 19 22 62 64 23 56
73 100 67 98 72 55 54 9 79 19 67 4 14 64 89 44 4 50 76 66 71 2 18 3 39 18 56 96 36 3 34 36 42 71 76 25 41 56 51 1 58 70 9 96 93 95 9 11 25 87 58 85 96 2 4 52 24 85 69 62 31 76 61 19 50 37 10 77 59 38 4 3 68 3 68 2 30 55 12 6 68 10 12 23 55 24 2 19 64 41
64 55 95 49 15 63 70 50 28 76 9 26 13 38 93 22 58 52 89 42 71 60 76 55 52 21 14 67 12 99 54 40 29 43 21 15 38 54 66 5 17 18 6 88 7 72 10 31 1 33 2 74 86 21 34 32 11 36 39 15 47 99 31 2 64 96 27 38 30 73 74 20 68 91 38 79 96 87 46 45 52 57 43 18 65 76 36 89 42 36
98 69 71 48 85 89 48 3 91 34 35 62 97 56 96 26 55 33 79 31 62 39 36 47 93 29 22 85 78 77 64 8 66 42 10 7 11 69 8 10 94 41 92 36 72 2 48 89 18 69 14 53 50 10 27 39 5 19 3 95 15 97 72 63 1 45 42 47 96 63 29 92 2 21 24 6 41 19 20 55 96 2 85 67 60 100 81 51 23 67
77 8 92 55 90 81 56 92 77 6 11 32 60 21 37 25 7 58 46 36 36 54 44 42 84 98 94 20 43 39 100 35 10 95 47 99 85 60 76 61 37 89 73 98 6 41 43 40 4 41 90 97 86 32 66 1 55 13 38 95 59 36 80 30 78 25 79 6 76 53 64 86 62 59 55 50 48 24 74 80 77 12 14 69 17 54 8 93 11 23
93 8 79 30 6 1 24 24 21 15 1 3 2 40 68 93 97 15 36 97 69 79 40 17 41 76 96 86 83 19 7 64 94 82 4 93 60 27 41 6 62 90 43 48 73 37 56 70 18 84 45 49 57 79 62 32 93 14 71 32 6 98 69 67 26 6 84 95 14 10 40 80 84 39 41 2 27 86 49 64 8 66 99 72 88 41 11 5 52 89
94 70 65 94 84 68 54 62 31 91 1 21 76 68 67 43 84 38 86 15 63 63 45 16 76 92 39 55 74 58 19 54 68 62 91 29 94 46 34 65 64 30 72 93 50 57 69 32 89 66 1 85 43 31 82 70 78 75 76 100 97 41 27 59 83 39 84 47 51 39 22 41 30 58 53 28 39 36 22 73 34 80 9 19 77 11 87 13 91 76
77 98 22 85 68 57 51 49 38 66 39 33 14 36 36 59 69 97 58 34 70 32 14 6 100 23 93 15 5 79 15 84 66 35 5 47 78 21 78 51 26 66 56 32 96 50 21 36 4 94 56 21 66 18 93 82 52 72 34 80 50 25 55 100 50 82 71 16 14 44 29 83 76 17 10 19 51 98 40 65 93 33 78 15 40 59 69 98 19 45
39 6 34 69 26 72 85 12 47 96 23 44 3 45 98 97 30 76 45 1 39 88 74 30 3 72 4 97 23 19 1 35 31 73 26 71 90 65 52 74 61 20 24 5 90 25 50 55 62 12 72 94 89 98 37 45 100 69 76 53 96 42 74 41 60 24 99 77 71 30 67 94 90 42 36 21 32 87 81 91 8 48 8 89 75 69 39 51 49 44
40 31 65 51 18 58 17 36 40 27 31 15 93 36 98 60 27 32 3 25 98 61 68 84 81 81 44 10 54 84 75 89 74 25 5 14 15 3 40 34 69 39 48 88 78 91 5 67 73 7 83 63 13 31 54 43 27 26 89 24 4 76 89 46 30 72 30 74 5 74 53 18 51 14 73 52 35 94 36 37 55 7 12 35 87 46 30 46 93 18
92 5 60 64 34 63 23 81 57 47 34 36 17 35 53 88 7 83 78 67 83 87 50 56 28 33 32 56 13 55 23 87 19 94 81 77 17 62 14 5 46 66 83 16 93 67 81 20 26 65 5 54 57 88 20 14 47 55 83 97 63 55 38 34 46 93 33 94 17 75 16 44 37 57 13 13 14 7 88 86 58 99 44 38 1 75 80 31 58 60
72 83 29 27 50 22 70 52 85 76 76 22 74 19 33 8 1 25 5 44 63 24 36 70 86 67 77 54 43 100 89 99 80 59 82 29 26 27 5 73 7 4 9 65 20 96 69 86 66 59 27 7 49 86 94 86 61 47 17 16 58 42 18 21 17 54 89 75 100 83 31 46 100 72 100 25 85 61 42 55 83 97 13 81 24 60 36 91 20 82
5 75 41 38 88 37 66 6 27 75 22 6 56 44 28 76 85 23 57 74 97 100 13 47 34 38 79 24 58 51 66 88 39 25 70 77 67 31 36 41 16 46 90 22 77 62 69 47 4 41 71 37 66 54 9 28 92 78 7 82 53 33 75 65 70 98 51 74 46 10 71 93 43 82 68 96 71 76 12 91 98 36 98 38 53 84 44 89 22 39
1 34 22 10 6 78 84 38 80 98 63 28 19 8 46 75 43 54 2 46 54 45 31 70 97 60 67 8 96 45 49 54 59 68 72 48 93 17 33 87 100 87 69 88 71 33 35 55 2 23 57 78 73 46 46 57 32 54 95 32 21 80 30 86 83 27 97 68 50 7 27 23 1 86 7 61 31 38 83 48 61 43 71 31 72 61 5 21 78 32
