75
4
76 82 11 68 18 15 90 66 59 25 10 89 94 45 7 52 13 21 100 85 88 51 34 58 77 42 10 27 28 9 64 32 82 18 70 74 70 93 43 64 77 11 29 22 81 46 59 100 96 94 50 95 81 69 83 68 17 61 12 2 85 18 33 66 6 58 88 97 82 56 38 25 41 20 44
23 8 9 12 42 32 92 36 18 97 28 20 29 44 66 78 35 19 92 83 57 82 29 40 67 37 21 69 42 99 77 45 37 16 31 57 47 99 30 66 10 40 36 19 28 22 82 45 65 11 88 85 51 87 84 51 92 10 67 61 48 74 99 65 100 51 53 23 15 8 88 85 1 70 73
24 22 23 57 79 15 69 60 3 92 66 62 47 68 64 48 62 81 29 9 28 8 75 46 24 83 26 29 69 5 88 72 11 70 90 38 53 48 6 31 21 31 30 30 13 59 53 45 62 61 19 67 33 95 77 67 9 72 41 14 64 34 49 15 63 6 5 91 34 3 75 13 12 9 7
52 21 36 33 38 54 52 54 97 94 97 52 33 4 63 11 14 21 25 92 10 5 43 38 56 48 90 76 31 97 34 50 8 40 65 59 12 33 1 7 66 7 29 41 19 80 30 93 52 56 82 91 45 56 95 87 9 29 52 39 28 99 2 33 51 87 23 16 100 24 80 90 17 51 36
71 18 16 95 60 84 37 72 89 1 59 45 4 54 73 98 99 43 80 16 47 2 73 60 1 68 7 10 68 86 46 83 35 62 80 45 46 25 99 18 91 69 16 24 67 11 72 19 48 17 13 74 29 57 95 9 74 98 82 66 54 84 61 41 19 40 59 63 19 94 79 94 53 63 7
84 85 32 98 45 87 56 21 39 87 77 31 94 55 23 67 72 100 47 75 39 85 76 99 76 90 66 51 83 81 12 20 54 34 48 57 38 59 41 64 3 74 36 54 84 18 52 36 99 5 89 15 8 95 25 61 93 94 96 76 49 64 82 79 30 82 31 69 97 42 45 48 73 68 58
12 80 10 92 3 64 23 21 20 11 75 37 7 54 22 73 29 91 33 29 100 41 62 45 25 8 45 92 65 69 78 26 32 50 31 96 72 84 69 68 4 39 6 80 88 93 62 30 3 8 52 18 68 7 66 79 85 26 60 67 2 2 45 68 41 85 69 13 37 36 74 22 92 80 61
16 82 24 26 93 6 14 37 32 64 84 92 58 24 37 92 15 6 75 73 31 47 56 47 16 88 23 8 63 88 37 40 68 26 27 2 61 63 83 68 10 17 26 70 35 55 27 65 14 21 16 95 9 68 20 13 92 83 95 53 32 52 16 52 71 55 44 99 71 73 27 52 88 25 96
4 31 28 82 79 98 23 1 55 7 74 91 33 48 35 90 9 27 88 66 75 33 71 18 25 29 8 15 73 74 77 21 69 56 77 65 77 54 37 4 34 15 83 75 59 17 62 66 11 96 3 93 28 5 4 51 25 1 85 22 45 77 94 11 67 98 12 26 51 13 74 1 97 10 30
23 73 74 5 62 15 69 40 62 7 34 100 78 28 96 70 3 18 88 24 9 36 19 15 50 91 89 93 57 45 68 87 13 36 34 1 46 69 60 83 61 97 72 64 84 25 66 45 63 22 84 41 77 98 61 10 75 37 89 85 33 31 52 54 51 46 61 48 52 27 49 40 11 48 97
88 30 6 31 54 46 18 95 21 11 87 30 48 9 46 75 6 79 1 70 80 90 39 2 16 57 71 48 86 30 73 8 65 58 10 89 56 73 64 25 53 53 70 71 92 21 40 7 44 70 86 20 30 15 100 5 13 77 64 91 35 3 53 39 19 58 61 95 85 40 6 38 25 33 35
13 29 4 93 37 65 78 78 27 10 9 23 75 26 59 7 9 58 92 17 83 29 36 73 99 97 73 86 82 70 86 34 58 44 99 31 1 40 68 37 5 55 5 98 94 90 57 73 42 23 55 14 80 70 100 8 50 3 47 86 66 13 31 69 83 38 15 11 65 8 50 8 34 13 12
17 86 53 76 62 86 20 3 78 25 53 58 51 85 85 4 14 63 84 37 36 14 71 28 4 28 83 72 52 64 2 75 89 8 41 16 32 85 72 52 32 61 89 28 40 21 6 65 36 4 42 63 3 66 34 83 25 90 41 87 55 1 2 92 36 75 44 63 36 91 58 3 58 68 37
6 89 25 30 10 71 90 55 94 8 42 18 3 26 27 67 82 63 82 99 94 48 5 24 18 80 86 97 98 59 83 29 31 65 68 94 93 66 76 100 27 64 28 74 9 87 27 30 36 66 23 94 80 90 74 30 40 50 37 91 51 68 26 66 86 99 74 100 88 46 11 17 5 89 99
73 63 41 79 33 19 68 60 54 49 83 78 56 49 49 24 76 16 49 67 93 7 58 45 74 75 60 88 23 18 62 31 34 21 78 73 53 17 35 50 19 92 62 25 14 3 69 55 64 1 42 29 40 72 24 13 57 61 83 63 63 1 8 41 4 52 97 46 29 90 42 28 18 63 89
61 74 10 57 62 70 60 60 68 72 44 44 19 41 75 74 7 49 11 60 21 77 8 60 70 6 36 60 96 51 29 52 51 60 68 95 72 84 79 6 77 34 78 53 23 43 35 83 3 30 57 69 65 48 73 64 72 11 72 83 51 88 89 29 12 56 56 38 17 61 42 52 61 17 5
88 58 63 74 59 64 30 91 54 17 12 76 76 38 58 91 56 21 89 79 89 19 29 89 18 7 36 93 8 47 23 86 85 69 57 82 7 61 76 99 91 25 38 59 58 28 97 69 38 90 28 80 85 51 87 16 22 84 29 18 84 46 88 32 48 79 87 7 14 6 98 25 17 84 15
82 69 79 84 9 73 73 83 77 57 60 83 94 67 52 13 30 24 7 17 62 100 96 79 84 94 77 97 79 79 41 25 46 77 32 13 43 46 59 11 10 11 27 72 42 63 91 26 63 81 93 18 74 25 62 93 51 54 40 2 56 90 22 51 40 75 92 18 8 13 25 7 6 87 59
7 53 34 10 54 42 15 41 75 55 77 59 23 33 23 86 4 13 53 82 49 16 41 45 87 23 82 70 74 95 52 78 59 82 19 27 73 69 49 72 53 75 58 10 44 80 84 13 24 94 84 88 34 86 24 54 57 11 30 11 17 38 63 20 50 16 83 49 48 36 47 97 64 1 13
41 26 8 65 31 65 13 79 5 53 34 33 81 82 14 57 15 58 85 21 70 41 86 3 7 46 92 76 11 91 93 13 45 36 73 51 58 87 90 80 10 66 41 11 43 51 13 81 50 88 22 22 28 31 49 36 67 5 63 53 32 12 62 12 72 74 37 17 20 23 41 83 68 94 57
67 53 56 92 47 33 94 22 42 20 67 95 66 50 24 51 21 66 68 26 59 38 58 30 5 66 79 4 92 37 64 27 7 50 53 93 24 72 55 19 5 99 5 97 71 77 10 64 35 99 80 88 28 50 57 18 95 80 50 50 44 87 3 40 96 58 82 88 44 8 41 40 64 33 1
36 71 51 13 50 15 10 100 37 78 53 59 56 14 2 74 10 67 85 99 59 45 82 94 25 52 41 99 4 62 79 79 3 43 65 32 98 29 84 25 7 83 55 94 45 13 58 40 47 66 22 30 22 35 38 31 49 96 62 10 19 73 51 67 73 20 40 64 13 95 35 17 1 62 36
2 61 11 93 30 49 48 12 36 86 22 52 56 99 89 32 93 65 50 14 31 31 78 6 43 3 34 47 57 64 59 20 74 64 19 18 46 90 14 20 14 74 52 37 23 84 12 50 45 45 34 59 32 34 47 23 60 5 12 82 41 37 72 38 83 28 47 3 94 59 25 6 18 25 80
8 72 88 48 87 51 99 71 77 40 93 55 85 95 62 16 37 38 42 32 73 82 73 70 79 57 28 36 47 43 62 61 70 32 36 86 32 36 46 86 14 65 16 6 18 15 53 65 1 76 42 83 53 88 73 31 73 53 5 75 31 24 35 24 8 45 66 71 2 70 100 4 21 97 29
97 29 74 78 21 72 32 4 28 21 50 84 66 66 30 32 83 19 33 89 72 11 51 11 62 9 38 6 76 14 42 3 37 7 28 18 89 89 53 23 98 35 11 87 64 8 67 72 22 9 19 74 81 38 27 21 44 13 85 21 66 82 17 81 46 17 38 59 29 76 58 37 1 56 9
72 19 68 72 70 80 17 82 85 53 24 50 17 63 62 66 2 60 71 57 70 65 13 58 11 27 61 81 80 96 66 36 91 20 87 82 65 43 36 57 76 83 11 76 18 41 37 42 89 55 14 99 48 84 22 100 79 37 28 34 43 77 41 69 12 8 15 78 29 42 20 78 76 88 50
55 23 82 46 68 1 80 8 57 18 58 8 97 97 34 95 2 70 55 21 47 59 77 52 77 93 64 91 18 3 36 3 38 97 32 9 11 63 84 6 82 15 84 51 98 68 39 86 53 18 53 19 52 7 97 88 6 41 92 32 96 41 51 6 67 30 83 51 66 64 7 98 42 74 34
54 70 32 24 98 4 100 62 69 36 3 61 4 19 30 25 40 87 65 11 17 12 94 13 70 59 7 76 12 43 34 60 20 50 17 10 77 79 80 35 8 76 47 94 54 93 86 63 70 67 80 69 61 72 94 91 62 32 3 77 73 36 51 35 64 28 3 75 34 16 21 96 21 88 6
27 66 100 88 65 57 53 62 64 57 65 90 29 54 3 76 63 77 70 37 63 22 43 53 43 77 50 97 17 25 83 28 66 29 98 74 67 48 3 20 85 15 37 16 18 17 73 23 22 54 1 88 86 66 28 24 96 28 34 25 23 15 85 32 6 91 96 48 5 12 4 88 6 79 76
30 61 83 98 81 37 82 58 93 62 59 57 47 64 1 1 67 6 6 34 47 19 79 62 24 74 2 54 88 88 62 25 61 92 45 70 98 13 4 41 91 34 69 27 8 77 4 36 89 70 11 37 83 89 70 53 19 24 34 41 93 92 100 88 40 80 28 44 50 52 4 85 91 51 42
98 68 90 27 77 77 34 45 23 65 97 12 77 66 72 16 70 27 25 77 56 36 36 27 80 45 29 82 47 50 10 27 71 42 15 70 38 6 90 2 11 74 81 65 53 4 35 65 14 8 5 84 19 55 55 24 83 50 65 84 50 89 89 58 82 7 14 42 3 18 43 59 100 30 76
25 13 16 2 93 58 49 68 86 81 2 76 1 62 53 44 82 27 61 69 42 92 4 6 100 44 57 41 68 45 19 37 2 14 50 17 3 9 65 44 21 66 70 47 19 94 19 57 80 57 64 33 55 73 81 79 84 82 55 44 4 84 80 83 45 21 54 17 93 31 70 69 21 8 29
18 14 59 46 65 39 73 89 21 22 100 74 14 88 48 49 74 57 31 16 48 45 94 94 35 43 26 64 15 60 68 52 2 60 6 40 91 97 93 31 11 86 5 54 32 62 83 25 83 19 7 63 83 16 54 79 90 12 28 35 93 12 5 17 33 72 21 71 92 70 17 15 57 80 81
73 30 47 44 89 28 68 16 47 55 39 24 91 18 38 3 63 20 38 71 93 24 1 84 69 77 71 54 78 34 54 16 58 32 39 71 63 71 76 59 83 54 65 55 15 66 10 7 25 24 28 43 67 76 11 12 34 59 85 18 76 98 15 71 2 8 55 86 85 29 7 92 14 85 41
43 97 52 16 34 50 4 52 32 72 29 41 35 38 94 39 72 96 68 33 10 90 10 90 17 66 95 23 39 84 80 68 40 83 91 82 17 42 1 58 61 31 3 75 44 13 35 84 89 32 29 97 92 84 33 57 7 38 36 96 3 20 79 100 95 77 4 97 77 94 97 3 52 91 95
44 3 62 91 94 38 75 93 64 92 91 65 18 51 60 85 52 50 59 96 34 28 22 54 95 4 96 19 58 82 49 46 33 8 87 11 23 63 29 47 60 62 75 18 35 71 38 23 30 49 75 44 85 7 18 9 94 94 81 35 55 27 20 81 8 5 22 79 48 14 74 82 62 66 92
17 4 15 37 38 54 12 87 40 13 43 88 50 12 23 1 97 94 33 77 36 94 1 63 88 20 46 75 61 56 56 11 84 59 6 33 82 93 9 96 53 30 68 8 14 7 9 27 55 84 97 39 36 95 60 91 20 55 88 66 28 48 4 34 73 88 68 3 50 89 72 62 15 45 27
56 99 86 29 22 50 59 34 79 28 58 68 38 55 6 76 93 10 54 55 83 83 14 26 5 14 38 85 48 50 8 100 28 93 57 84 60 2 6 90 3 51 83 2 97 85 89 75 60 91 47 7 14 47 23 39 42 81 16 25 32 23 63 32 74 6 34 17 71 41 89 29 98 61 62
76 34 59 34 46 49 10 5 60 61 85 11 89 48 100 24 44 44 38 17 49 31 41 29 92 85 78 50 63 17 93 62 41 100 59 43 88 25 1 28 62 32 29 19 11 84 95 16 1 20 28 62 13 96 43 40 6 37 62 81 73 81 52 81 46 44 51 3 85 35 98 17 43 84 48
31 54 85 33 93 8 31 66 55 95 29 64 70 28 62 16 75 54 36 71 14 61 38 44 51 1 78 70 11 11 29 88 4 85 51 34 64 18 74 75 93 16 89 49 61 34 51 57 61 49 48 3 67 42 10 4 64 59 92 49 87 9 66 46 96 76 98 34 51 10 56 47 90 2 27
66 26 4 53 77 96 34 70 63 6 13 15 66 78 15 43 7 99 10 96 37 45 95 46 72 89 40 83 7 62 67 46 82 28 13 47 22 39 98 93 46 15 29 86 72 52 15 40 22 2 96 56 17 86 28 65 3 33 78 7 66 13 14 6 52 41 76 88 69 74 30 35 18 95 67
34 38 47 18 80 92 97 18 90 25 24 48 86 15 66 46 40 10 8 47 55 24 69 72 16 95 99 85 47 35 39 46 76 5 80 31 80 35 64 81 85 20 91 16 61 53 62 96 60 50 77 67 76 45 52 88 88 74 7 10 99 17 12 2 55 54 79 91 37 40 50 5 60 53 28
98 68 35 67 35 21 1 18 75 28 21 25 49 22 42 1 4 30 17 22 82 51 79 66 26 53 37 27 86 72 49 80 65 55 93 85 87 72 35 62 52 53 77 46 50 16 86 92 24 82 64 74 17 79 47 18 86 60 69 86 29 87 55 23 83 14 99 38 37 10 44 80 36 77 73
34 16 38 39 47 29 48 57 80 15 35 26 39 43 77 45 15 67 84 87 46 44 37 5 33 81 63 10 72 3 85 10 17 36 89 90 27 87 4 63 2 73 84 36 74 20 13 92 76 49 93 30 68 70 5 4 93 78 87 20 62 62 86 17 90 84 55 28 7 73 80 33 13 63 53
59 27 100 14 81 3 23 81 72 56 66 11 98 73 94 93 47 80 71 51 87 50 5 54 30 8 82 56 79 72 35 65 65 76 70 61 61 77 53 88 25 1 38 33 40 20 78 34 45 53 28 3 37 63 4 66 5 60 61 98 22 92 19 18 46 74 79 8 43 39 64 14 4 1 30
20 86 13 97 7 72 72 92 11 36 26 96 44 94 39 55 80 7 75 94 15 15 8 14 56 6 43 16 94 32 58 67 36 77 37 60 29 42 85 8 27 74 33 36 90 35 25 13 68 40 32 56 27 12 93 36 33 19 28 56 10 25 48 61 12 8 73 72 58 34 52 83 97 8 70
32 95 96 34 92 29 65 11 40 55 95 64 60 16 71 27 12 26 26 73 42 27 92 22 63 90 75 3 55 50 99 47 73 51 75 17 57 38 51 47 59 90 81 40 99 74 55 83 62 2 66 26 5 83 10 55 69 45 58 30 65 92 55 6 82 67 12 23 34 53 10 49 84 37 63
93 83 54 34 46 98 98 90 12 62 17 23 6 43 8 75 12 92 6 80 78 16 46 13 56 70 95 14 54 51 12 56 79 62 37 38 95 81 91 22 82 36 65 68 73 76 22 57 1 90 43 38 45 9 12 79 44 63 79 8 77 63 73 95 48 27 36 39 91 46 19 57 72 1 43
25 13 56 84 26 29 68 91 91 28 85 62 36 92 28 33 93 79 85 50 23 88 44 50 51 36 71 52 56 24 98 9 78 58 49 30 6 61 31 6 4 22 1 83 18 53 59 1 73 20 56 92 28 10 28 91 67 74 38 16 30 15 71 40 17 27 48 13 57 68 75 10 20 9 67
41 70 80 26 52 9 37 81 44 62 54 66 86 39 32 73 82 51 68 36 83 59 73 96 24 41 98 96 5 35 1 72 81 18 96 89 53 98 14 34 50 59 72 88 44 74 7 5 81 30 2 39 29 89 55 50 62 70 26 49 98 7 14 24 96 59 99 75 52 96 72 57 34 78 43
27 67 27 80 4 100 1 91 82 58 86 3 61 86 25 73 93 53 63 16 56 59 40 13 35 91 93 62 50 87 44 85 5 18 30 22 74 16 65 75 3 96 45 3 23 21 75 95 24 86 39 35 53 96 26 18 94 3 14 19 47 63 79 63 83 42 58 6 68 18 17 91 17 67 26
83 19 79 57 95 69 1 16 88 55 1 38 47 49 14 73 23 16 73 74 59 70 54 62 93 6 20 69 72 32 10 60 48 84 31 85 15 78 49 31 54 4 3 78 41 51 23 77 1 89 4 91 98 12 91 94 38 17 75 86 85 56 48 10 53 52 31 57 60 51 89 17 19 20 11
76 79 64 82 65 63 50 43 26 18 91 34 59 95 48 16 47 60 63 65 75 1 65 27 83 69 50 22 98 91 100 15 27 23 67 4 44 61 92 85 53 100 30 13 38 40 28 23 13 37 52 49 7 70 54 27 27 27 45 78 88 77 21 3 36 35 80 72 90 66 10 56 91 33 65
29 65 89 28 93 60 44 91 62 38 27 52 21 1 23 42 66 14 75 38 79 34 5 55 91 61 36 19 42 87 78 60 36 14 71 63 21 30 27 70 68 27 8 74 18 11 53 59 8 26 51 89 46 83 9 53 72 77 49 78 9 73 24 99 40 79 56 19 93 85 93 67 31 15 40
71 46 1 69 48 96 64 67 49 71 2 42 82 13 5 68 75 24 62 44 30 33 24 96 92 69 91 50 36 84 24 100 66 54 53 66 50 16 79 65 43 34 77 45 57 68 59 35 87 72 58 31 20 77 15 12 63 24 44 20 66 61 39 46 85 92 31 23 21 20 41 50 99 31 23
53 37 66 10 81 97 36 30 69 95 12 25 35 91 7 42 27 34 79 93 13 23 78 35 38 67 92 78 58 7 49 3 58 35 96 82 61 56 84 42 89 11 40 93 60 42 44 5 55 47 33 81 34 50 53 60 82 64 25 81 83 25 96 53 62 23 22 96 72 57 96 63 94 73 36
33 76 29 73 29 57 75 72 68 57 40 41 51 87 26 76 19 24 46 84 77 41 36 44 86 57 30 32 50 18 55 14 79 37 40 60 26 1 63 64 4 63 34 85 22 20 85 80 33 89 39 60 26 65 96 76 16 74 80 20 59 17 15 71 47 79 60 87 98 83 85 43 45 53 77
17 34 4 52 66 66 44 58 99 12 63 35 18 72 53 13 6 64 96 38 4 31 26 72 45 69 36 20 36 53 43 74 96 84 25 95 68 19 77 93 55 74 70 57 33 24 20 87 61 18 64 11 58 62 53 24 77 19 60 47 14 65 6 46 85 68 70 29 81 80 85 11 34 57 36
15 24 95 11 18 76 3 23 74 92 58 80 83 92 61 45 93 75 56 64 28 52 59 12 42 29 100 6 29 67 12 96 7 20 62 55 83 96 29 42 70 54 14 63 29 81 52 95 80 23 63 99 25 92 33 4 21 26 45 24 75 53 64 92 1 79 36 83 92 81 54 93 60 58 88
31 56 20 37 51 89 44 72 26 27 69 47 93 40 89 95 7 11 84 66 85 28 23 100 36 72 5 46 54 38 95 62 85 40 76 20 68 82 8 78 91 49 74 43 20 34 40 59 12 3 28 77 9 21 89 29 21 88 99 53 71 26 33 36 13 19 20 97 95 100 64 51 42 71 39
74 81 40 34 79 66 52 35 71 63 60 96 31 56 32 94 45 74 72 59 14 79 41 43 10 85 11 38 100 44 98 34 80 72 52 42 3 90 98 33 32 77 32 23 95 27 89 40 16 31 73 1 53 54 53 90 8 65 43 73 35 8 45 62 56 87 69 86 57 68 20 65 10 10 3
62 13 36 65 44 27 15 97 13 26 53 69 9 31 53 77 44 9 95 31 10 9 70 68 23 8 85 25 27 57 88 85 59 41 93 18 35 53 10 17 59 63 72 11 58 12 77 99 30 29 5 18 44 55 7 15 77 98 65 73 81 89 83 23 81 30 29 3 19 48 79 75 92 83 54
26 49 47 64 65 5 41 83 82 98 6 6 68 97 98 68 86 77 54 35 34 67 57 37 97 99 82 78 9 20 10 13 51 9 16 35 6 16 66 28 55 71 60 48 8 24 1 33 25 19 83 39 35 89 92 61 61 72 64 44 76 72 41 76 26 29 79 89 24 31 38 85 4 18 73
65 40 24 19 3 34 15 78 57 39 4 56 39 98 1 66 6 75 10 27 87 50 46 54 19 77 18 95 36 41 31 95 16 52 19 20 86 62 10 74 82 46 40 27 12 46 24 42 83 20 43 73 9 99 18 99 92 5 85 19 53 56 54 70 89 44 34 74 54 28 89 14 85 55 23
79 4 22 66 88 35 88 39 20 88 95 63 91 35 79 72 56 41 96 75 99 85 55 26 90 68 17 52 57 26 84 84 94 47 15 99 19 30 77 70 49 92 91 20 69 66 66 41 70 30 49 70 87 38 87 29 5 19 43 60 34 66 96 10 12 38 78 34 56 63 17 62 84 62 49
93 43 18 16 46 87 51 98 10 5 24 91 45 84 38 16 98 96 57 42 74 82 78 1 69 24 78 27 24 15 35 74 86 29 47 4 33 42 41 50 96 86 55 10 39 76 68 58 5 10 10 78 41 19 20 6 32 56 41 19 95 10 52 17 70 71 41 26 8 68 36 52 48 35 97
17 72 63 74 65 83 12 65 20 53 37 98 11 36 78 78 89 69 100 21 49 66 83 23 15 11 91 10 95 4 16 21 22 95 59 9 49 38 13 72 44 4 39 1 91 46 55 66 29 90 95 8 62 20 99 22 75 10 14 7 17 33 28 64 56 91 71 34 11 36 11 24 18 41 93
35 84 13 40 30 1 79 43 72 6 73 33 34 64 43 59 38 22 92 29 56 44 35 26 35 69 96 42 47 67 51 9 83 65 85 31 27 24 19 13 95 66 24 29 97 59 16 38 64 93 86 35 91 96 27 17 28 49 45 12 66 66 45 32 87 63 54 27 19 74 86 42 49 58 97
3 37 21 10 74 13 25 9 56 85 82 45 69 62 24 71 39 59 94 13 9 67 71 75 65 63 65 47 72 19 31 77 45 89 41 17 84 6 28 79 69 45 14 73 95 62 46 10 63 60 19 64 8 44 51 85 67 79 8 49 43 81 91 34 48 22 18 84 33 72 87 18 59 71 28
64 2 65 42 97 43 53 46 96 11 44 60 66 99 9 20 98 15 9 65 67 6 6 6 86 85 78 65 69 71 21 86 16 52 52 72 87 10 28 36 89 58 39 49 71 75 100 78 83 17 11 95 26 45 5 14 64 71 78 6 82 91 56 63 85 34 43 58 69 84 97 5 98 2 76
57 27 70 17 61 49 84 48 11 61 42 60 21 81 12 70 64 6 41 68 92 81 18 33 92 29 30 75 21 44 10 38 57 10 25 48 98 87 98 23 95 41 92 57 72 45 32 13 98 6 18 72 2 78 26 27 42 94 38 1 48 30 77 89 94 56 47 95 81 72 6 19 14 20 4
40 1 40 97 54 55 63 6 79 77 21 72 78 76 9 24 54 95 45 77 3 37 14 35 55 7 32 67 61 92 9 94 54 84 45 14 79 98 100 33 22 35 83 10 77 27 26 25 3 26 51 28 7 38 75 8 22 57 92 2 47 26 1 81 12 2 6 49 83 78 24 98 56 72 22
84 60 64 95 1 25 85 61 15 25 3 41 75 72 64 5 61 73 66 49 72 29 2 8 8 68 6 59 88 10 55 38 82 59 99 16 21 14 97 12 88 22 53 15 59 50 55 22 14 35 70 51 97 10 65 98 45 1 26 95 21 8 76 34 20 60 13 29 84 87 75 3 74 95 23
52 27 72 13 24 24 54 61 63 24 39 6 61 73 2 57 61 83 45 78 36 97 73 4 92 22 23 71 67 10 66 66 89 82 11 42 32 75 35 99 72 40 45 52 61 13 31 30 63 75 61 17 18 41 10 26 70 75 16 19 35 55 46 83 73 86 7 13 1 76 27 34 6 34 8
30 39 20 49 83 45 11 13 53 77 63 31 33 49 7 9 37 41 93 56 90 9 36 2 11 56 88 56 70 68 16 43 3 32 35 77 63 71 67 50 59 8 72 5 12 30 76 46 21 66 54 21 85 50 48 2 44 41 24 58 6 46 90 24 39 88 72 70 18 23 81 43 36 94 25
100 54 98 80 40 68 8 14 12 87 90 25 46 84 96 67 26 91 95 62 99 53 24 16 19 70 33 2 94 57 48 9 9 77 94 80 31 47 7 17 13 82 45 95 99 53 78 81 60 8 9 37 33 25 93 21 27 95 89 66 33 66 18 11 86 51 86 76 9 84 60 90 91 44 17
24 78 16 86 3 35 34 58 63 3 54 74 43 51 11 72 64 81 81 26 63 12 15 56 11 60 21 58 48 44 89 21 12 93 36 51 83 85 44 91 13 82 96 91 29 83 73 80 26 81 85 76 84 51 41 45 3 34 4 69 90 1 76 73 20 56 18 86 97 56 75 56 8 90 88
28 76 58 76 17 19 3 6 46 46 56 1 32 33 1 58 71 86 9 31 23 69 75 40 38 91 28 97 15 31 42 6 91 52 90 73 7 31 60 67 5 93 75 21 78 98 49 26 86 4 17 68 78 53 69 1 43 7 97 60 13 63 37 45 21 71 16 68 89 91 39 80 93 91 99
58 37 91 55 10 19 53 78 79 97 8 18 64 90 34 57 40 44 57 3 19 98 47 41 18 51 89 93 81 15 47 40 57 67 45 25 16 22 20 25 49 21 68 14 66 10 59 29 53 84 22 61 74 43 8 9 89 82 32 74 41 58 61 63 65 30 5 87 59 5 19 55 5 94 58
92 21 5 100 52 57 26 65 33 62 3 41 92 93 79 24 41 44 90 3 31 48 9 4 10 54 45 42 80 43 89 86 66 13 10 31 26 95 15 40 36 15 51 35 84 61 44 11 100 80 98 1 86 91 80 27 84 62 22 49 21 90 79 19 72 5 32 14 81 96 75 47 57 25 43
100 77 81 90 14 73 84 94 96 1 15 34 56 2 39 81 83 1 40 66 71 54 48 67 25 46 45 49 50 5 14 9 58 23 47 63 28 23 17 87 56 28 12 33 96 91 67 17 35 54 2 30 98 11 40 49 12 46 74 13 30 76 11 53 54 39 38 6 55 64 90 70 16 18 97
14 4 21 42 57 99 32 7 62 81 8 21 20 84 33 22 43 3 67 71 12 96 78 16 72 45 73 84 21 52 22 63 77 30 42 91 62 76 48 15 42 74 46 93 68 26 89 36 73 82 60 31 60 35 29 13 18 48 28 98 67 2 16 28 11 72 48 69 2 85 3 28 92 31 19
98 86 68 31 59 62 51 29 13 66 99 86 4 23 29 25 76 77 62 25 76 60 40 61 84 17 88 64 22 66 47 94 42 66 94 98 48 4 73 86 61 52 10 51 52 1 90 96 25 10 33 65 77 78 46 3 93 85 68 95 23 91 89 10 40 9 67 91 19 76 20 86 66 47 62
57 46 33 11 15 38 45 48 17 82 86 97 44 65 80 26 39 9 85 35 29 96 76 9 34 67 24 90 12 35 8 79 21 41 55 89 23 52 98 44 33 48 34 66 86 78 82 18 74 59 55 70 70 100 95 66 28 74 96 87 32 16 18 74 87 83 57 24 35 96 59 49 12 2 58
71 9 28 59 89 38 43 36 14 9 51 87 15 34 67 6 11 95 63 10 60 82 35 100 54 67 70 80 4 71 61 53 51 6 66 74 63 32 59 38 91 73 91 62 91 26 9 18 93 34 69 13 51 80 68 100 82 44 8 55 1 16 80 41 49 37 3 79 1 4 27 70 6 31 32
97 48 51 53 44 34 58 95 37 35 76 88 53 90 34 39 86 42 61 29 68 88 14 8 98 79 88 54 53 81 56 55 40 26 79 59 81 49 32 47 17 50 69 91 99 84 83 71 48 16 14 88 88 55 91 80 24 87 38 37 89 41 93 54 43 25 67 35 9 40 61 13 19 1 76
40 95 92 42 90 96 13 67 17 59 30 52 69 87 21 40 29 58 51 7 39 76 17 13 70 53 35 84 14 91 65 9 78 82 78 5 88 55 53 75 50 35 60 76 84 94 1 34 35 16 56 10 20 98 4 3 39 19 99 26 80 33 67 7 50 80 30 18 22 55 88 97 69 29 85
33 63 15 91 62 48 9 57 73 46 39 29 26 43 26 78 70 49 1 7 86 9 15 82 86 42 19 75 4 57 19 3 27 36 11 89 63 68 54 54 89 19 91 52 16 77 90 88 86 50 5 18 26 22 74 16 100 91 27 60 57 19 57 44 9 25 85 5 40 17 97 16 53 67 80
53 81 57 38 68 64 57 45 5 50 35 49 32 36 29 29 29 34 28 11 26 6 93 20 56 65 8 10 34 96 58 79 92 8 81 72 15 85 30 37 22 56 19 89 60 63 87 40 72 59 15 77 5 53 9 25 84 77 66 72 12 66 52 74 35 4 38 11 89 53 92 39 66 31 94
1 3 47 49 80 38 62 96 37 14 53 82 35 73 55 72 64 58 48 48 12 72 12 1 31 65 2 22 84 30 16 24 49 47 10 86 6 39 99 8 73 88 34 78 75 7 57 39 45 64 19 86 72 77 88 61 15 45 47 52 66 63 26 3 63 34 42 26 2 50 35 57 52 42 37
58 41 44 95 12 62 52 88 57 60 90 14 4 55 35 95 5 33 57 64 70 76 4 73 100 99 44 57 49 67 7 90 20 3 73 78 59 60 25 17 26 55 24 12 9 16 33 74 64 64 40 73 34 47 54 56 67 20 46 35 100 21 31 80 42 15 48 59 24 46 93 80 73 85 52
16 80 85 66 26 16 1 4 75 30 93 89 15 76 81 12 7 14 14 59 24 30 93 63 8 73 59 58 20 69 88 47 61 14 34 20 70 53 58 40 68 11 91 80 36 6 89 40 55 2 61 43 44 96 1 97 49 22 30 11 21 7 81 72 6 57 21 19 13 91 50 37 8 81 57
52 24 26 68 50 8 55 58 19 74 53 62 23 100 37 100 54 21 92 50 85 22 100 36 69 94 69 63 61 53 13 99 23 82 32 54 91 70 29 62 82 35 36 75 68 66 90 18 3 32 61 46 5 10 36 28 8 67 39 16 21 84 15 52 83 98 97 96 49 31 7 6 68 67 27
15 93 20 68 68 35 56 58 74 72 11 90 86 91 50 50 67 89 5 89 95 67 97 2 2 91 30 92 38 78 7 58 98 30 96 42 14 33 5 6 98 89 5 55 96 15 66 9 70 17 90 86 67 80 44 64 75 43 49 46 30 99 47 77 91 8 22 61 81 42 45 63 46 65 65
85 39 80 30 8 53 23 48 62 11 49 98 97 33 92 9 45 63 83 99 87 30 76 32 45 85 34 9 41 41 23 24 28 97 68 36 86 14 95 85 61 65 72 50 25 38 61 8 86 80 66 45 30 47 15 53 43 6 25 31 96 73 68 39 72 16 32 25 11 29 73 51 69 34 82
6 90 58 61 22 24 36 91 10 25 76 100 69 76 47 62 16 77 9 25 54 71 8 48 65 85 43 20 12 89 52 47 51 71 72 47 56 55 20 66 44 18 23 17 52 97 78 1 45 90 74 66 24 35 50 48 74 20 24 29 21 44 70 4 42 74 9 80 9 67 59 23 38 80 66
60 81 51 53 25 38 80 97 59 14 1 75 40 85 63 69 97 56 35 96 57 7 49 26 45 58 77 75 42 70 71 86 61 29 93 86 78 11 75 8 4 13 96 50 73 70 39 90 84 22 2 20 57 54 63 31 5 64 25 49 77 31 51 77 35 44 82 45 15 100 63 4 81 87 48
67 46 63 61 20 98 54 90 72 9 47 99 97 45 24 4 73 69 89 75 88 31 3 46 73 89 10 62 35 97 12 22 15 48 54 52 97 54 52 1 79 78 40 69 27 92 32 78 44 88 53 60 74 55 45 59 91 44 89 16 47 52 40 87 8 20 7 3 41 78 33 62 28 62 39
62 66 37 74 71 31 97 53 97 85 49 93 60 29 2 84 14 1 61 83 83 40 38 65 91 96 90 28 94 2 64 54 79 97 61 31 49 36 52 94 72 94 35 35 45 64 83 62 93 27 45 71 42 46 88 50 9 76 62 43 68 78 80 44 64 35 33 7 69 75 2 70 9 57 81
4 80 100 79 28 90 58 81 15 21 39 60 26 51 57 18 93 68 12 12 100 35 92 46 54 40 97 60 78 41 73 58 40 33 84 79 23 26 19 20 15 79 47 40 74 82 69 98 8 18 74 81 66 68 15 54 73 29 91 21 12 44 62 41 89 28 73 13 24 23 1 82 15 5 24
17 3 15 49 65 97 45 66 79 98 7 69 77 16 62 37 18 9 5 75 88 5 81 91 51 24 29 30 25 78 25 48 87 89 56 69 93 84 13 52 80 75 15 98 30 27 14 79 53 61 1 72 48 79 96 61 70 7 46 83 55 9 35 35 43 26 4 39 89 45 10 54 16 83 68
46 93 65 9 7 65 25 28 58 65 82 60 86 59 75 67 9 8 38 75 67 75 7 35 84 14 42 26 4 62 22 97 14 71 4 53 54 36 68 52 6 66 79 96 33 35 39 20 55 55 21 64 34 12 37 57 25 33 41 77 52 82 49 76 97 59 71 16 26 9 12 63 11 94 55
92 28 52 5 59 40 81 18 32 52 61 63 37 11 93 99 45 25 37 32 39 14 23 64 61 100 18 33 57 12 67 12 85 2 29 19 35 71 51 27 75 60 99 18 59 9 64 84 5 20 60 21 20 43 38 48 80 93 41 60 36 80 22 86 40 31 38 39 50 92 62 2 7 92 82
53 5 7 80 86 68 52 20 19 16 53 6 52 14 84 1 11 47 63 92 100 91 97 95 40 59 51 27 45 37 59 56 66 31 80 19 74 89 67 40 19 100 79 40 92 97 93 32 60 29 17 28 79 78 47 69 37 7 46 45 5 90 24 96 49 46 93 43 26 62 88 68 75 22 82
84 76 87 34 76 2 90 4 67 44 34 86 86 14 21 55 5 5 20 16 53 59 48 74 32 91 85 56 11 33 46 53 94 42 40 36 39 85 27 36 52 21 35 18 49 14 24 30 23 57 95 18 67 25 52 73 9 26 87 7 30 5 32 26 55 64 70 56 77 57 94 92 85 29 43
66 77 78 43 4 19 22 67 41 99 44 34 75 24 44 39 46 90 23 81 72 30 9 75 7 9 77 2 7 32 27 61 18 95 81 30 67 38 67 21 95 30 87 67 89 92 21 77 65 49 34 35 83 78 42 42 88 26 37 52 24 95 27 72 35 65 84 44 94 89 8 98 59 85 93
90 79 19 64 52 33 68 40 98 33 93 87 43 7 93 51 86 10 56 52 90 30 65 31 4 36 79 53 27 2 33 71 70 39 62 1 23 91 36 44 19 86 12 5 86 45 45 26 100 21 13 48 40 88 33 72 42 79 72 5 90 56 14 56 50 18 5 59 68 37 86 71 85 71 5
8 9 72 34 29 92 39 74 8 1 100 17 39 73 55 6 78 44 33 57 24 81 35 53 41 57 93 90 67 65 20 93 68 60 99 65 11 23 66 29 30 92 40 54 25 47 21 50 3 30 4 85 62 33 93 57 32 15 87 2 9 76 76 55 24 68 27 48 27 12 62 62 68 34 31
55 74 78 87 11 52 67 9 50 17 16 10 30 52 11 93 61 69 41 83 6 13 84 13 56 64 97 86 86 15 24 61 73 11 29 32 68 40 8 96 29 47 68 79 49 75 56 49 71 48 51 28 59 21 85 90 46 27 5 60 97 76 61 78 98 45 52 71 6 93 79 52 100 48 27
92 95 46 70 12 71 44 82 91 95 66 68 88 74 56 61 74 99 58 63 53 38 79 39 66 77 57 50 70 63 6 89 55 50 44 87 66 67 52 8 2 95 61 31 50 71 4 26 53 66 59 93 2 20 3 4 75 23 50 18 18 57 95 99 88 38 58 26 94 39 89 28 75 25 56
66 34 46 83 95 69 80 48 59 66 14 58 95 85 48 98 35 21 56 60 99 96 17 19 94 38 11 48 11 16 91 33 36 17 95 7 1 55 34 20 100 53 76 7 1 87 60 69 5 69 40 59 4 89 69 55 90 45 74 84 98 5 100 74 81 85 81 67 29 32 91 38 48 29 78
91 18 59 44 15 85 84 4 59 75 10 92 96 85 61 4 30 87 31 41 77 69 30 83 26 39 38 12 35 62 50 67 85 96 32 54 93 76 83 6 89 93 65 6 15 24 63 83 82 46 5 50 64 58 9 92 42 33 1 19 69 9 77 8 36 82 36 77 30 65 74 28 86 36 34
77 97 53 4 62 26 100 76 30 24 49 73 78 23 43 46 38 42 83 95 69 30 83 14 85 81 4 23 46 56 18 36 35 45 32 50 70 31 31 100 4 75 23 96 82 50 1 87 69 4 70 51 92 41 27 68 59 16 23 43 30 25 66 23 73 8 67 74 87 12 76 22 52 89 83
34 46 76 66 22 79 91 18 38 4 69 78 6 55 88 57 37 32 90 58 82 72 47 17 62 21 8 79 26 31 88 44 69 7 5 96 11 68 4 86 74 77 75 67 79 78 13 67 59 31 70 84 84 50 58 28 1 84 48 71 71 80 59 4 41 34 39 24 67 11 20 11 1 39 100
46 44 3 48 58 45 95 83 23 79 26 44 32 36 66 89 54 51 64 72 58 95 57 7 21 86 5 31 27 85 29 78 36 30 38 17 1 13 63 53 53 84 84 36 20 21 84 72 25 49 72 92 5 7 17 98 61 84 97 70 12 41 57 26 14 59 21 28 86 49 11 54 25 19 5
76 83 12 49 79 37 27 12 51 91 79 54 78 59 75 54 9 34 90 67 68 7 69 2 97 50 100 100 2 95 2 96 50 50 6 67 10 21 54 13 30 77 30 52 35 71 54 21 76 91 55 6 16 60 36 25 7 78 41 28 6 85 86 55 69 6 70 9 48 73 89 60 3 2 69
59 78 42 49 78 61 19 82 34 67 65 6 88 24 45 42 95 47 75 90 24 22 93 47 95 40 19 93 29 44 21 64 81 64 46 1 87 44 5 54 95 94 15 86 64 35 16 90 66 30 90 18 48 91 56 69 75 88 57 50 16 93 9 40 19 71 25 14 45 99 79 67 90 42 20
42 93 24 50 6 72 49 80 58 78 15 37 39 56 100 93 26 93 22 90 57 71 49 4 82 49 92 23 28 45 13 24 62 63 79 2 57 89 25 27 19 13 16 1 57 72 97 70 67 78 67 9 76 17 65 76 4 35 58 98 52 47 33 92 31 84 85 47 5 97 17 40 51 16 65
68 51 53 100 86 83 13 94 76 16 31 38 68 53 21 41 71 15 56 55 79 3 22 14 23 75 99 86 88 25 64 70 95 12 35 31 73 98 68 64 85 82 21 20 58 83 28 55 13 59 82 2 93 72 70 47 91 50 98 85 58 49 99 42 46 42 47 45 99 21 94 75 20 83 96
59 43 81 47 41 17 78 50 58 43 50 41 12 29 68 67 31 52 48 67 13 17 100 44 37 94 51 33 72 96 2 5 61 32 53 30 27 55 60 31 6 75 30 81 67 40 42 85 92 22 38 95 62 31 30 50 31 89 71 64 33 29 72 36 16 27 64 24 56 17 70 2 27 19 19
50 74 88 34 61 50 33 95 93 91 18 80 57 89 71 36 11 88 68 66 28 46 54 6 12 73 24 94 47 47 52 89 35 56 45 69 28 98 8 80 53 98 41 92 59 40 19 57 62 29 18 80 3 72 76 85 52 25 51 3 56 80 58 58 74 4 46 95 60 79 18 54 71 85 60
91 43 40 2 95 53 60 34 7 38 28 27 49 35 89 62 82 48 14 90 58 1 95 90 29 95 82 63 21 79 25 34 99 47 25 27 43 71 68 87 24 28 83 56 87 22 26 41 34 19 88 58 67 3 33 42 100 3 8 27 69 72 68 15 60 90 23 84 55 48 37 2 88 66 7
80 30 84 16 77 19 3 32 89 18 27 12 63 34 92 82 95 48 11 44 21 41 72 73 79 72 65 50 78 76 20 51 26 22 9 26 84 27 38 29 20 93 91 33 90 68 20 27 16 78 50 25 79 12 94 11 27 56 28 10 19 22 62 46 90 73 98 44 46 90 20 87 5 92 55
25 80 77 95 24 35 22 59 64 30 16 37 7 64 73 21 35 79 47 43 74 24 41 67 90 52 77 60 34 26 51 90 23 49 20 42 80 25 11 78 6 3 62 59 69 19 6 28 78 76 32 6 49 42 21 62 42 83 36 10 92 97 70 15 96 56 3 85 62 96 12 19 92 39 62
34 85 13 10 63 97 82 49 58 42 6 20 22 31 81 13 46 90 43 32 32 30 45 38 84 11 87 13 12 99 34 2 98 88 90 75 2 6 58 44 47 2 97 1 70 20 38 31 9 14 24 37 49 11 14 50 3 64 55 66 90 68 27 81 74 38 45 99 49 29 37 16 23 12 34
71 73 4 39 15 29 38 86 90 66 67 7 89 62 93 43 86 65 7 17 35 71 26 89 80 43 82 64 88 5 63 48 22 25 55 6 24 100 22 27 2 48 13 79 52 71 24 56 31 51 63 24 82 42 50 52 88 61 14 64 41 67 73 85 14 80 18 21 62 71 25 41 83 1 96
21 54 64 7 100 90 39 24 85 25 67 87 35 64 46 90 3 67 61 47 67 20 20 86 53 26 39 3 26 17 26 3 20 17 61 61 93 65 80 56 89 76 63 61 52 62 11 41 49 26 34 91 1 79 9 76 9 61 84 57 84 49 26 21 7 31 97 25 70 81 67 82 76 58 36
69 64 42 46 98 59 91 54 11 46 96 62 34 42 47 2 52 74 9 77 42 62 98 28 17 41 22 55 47 56 41 29 49 13 49 30 71 17 24 83 33 60 26 66 92 93 59 36 53 43 96 26 24 65 47 92 29 19 98 68 21 100 81 83 36 53 30 47 46 1 4 31 58 4 72
26 13 22 40 9 76 92 9 57 37 62 62 16 7 5 26 41 83 31 22 2 65 85 79 31 50 71 27 54 38 21 37 3 23 81 39 4 87 46 69 42 29 10 52 80 70 96 9 49 65 78 41 63 14 34 25 2 49 82 96 27 29 5 26 21 30 45 91 71 60 62 100 57 13 66
75 17 74 50 54 16 86 33 22 54 94 34 49 11 10 40 57 7 5 6 33 89 2 74 18 59 96 52 26 67 16 19 33 65 16 39 41 79 12 71 26 62 10 25 15 97 95 23 65 28 99 30 94 47 20 73 54 46 16 98 71 95 27 45 53 21 85 74 96 45 67 35 30 58 73
72 78 60 4 25 83 100 72 21 78 26 84 92 78 96 64 7 70 94 6 73 84 33 67 51 11 88 27 57 87 92 25 95 69 13 23 83 88 89 25 88 76 37 65 29 75 81 69 31 14 52 72 65 54 20 31 70 15 80 61 73 86 83 98 14 28 60 73 87 77 32 91 34 19 76
69 74 86 99 57 99 9 61 19 94 99 81 49 98 46 13 74 73 76 11 90 62 41 30 56 31 23 65 96 53 67 45 28 35 12 25 61 55 74 87 57 76 69 44 90 9 26 20 68 92 87 27 59 10 61 81 82 40 80 8 67 95 11 13 60 41 15 51 72 51 82 99 20 55 60
98 43 54 71 47 77 93 15 99 49 20 45 42 6 62 62 9 20 4 51 51 3 84 39 92 70 84 33 32 58 17 41 94 98 34 69 72 61 40 70 66 67 97 91 73 9 86 53 45 74 95 29 29 69 15 56 89 65 20 97 10 26 23 81 76 88 17 38 36 27 29 44 47 27 5
34 55 4 89 45 3 83 11 2 62 39 10 4 93 59 81 2 22 38 39 15 18 32 27 56 30 13 2 89 31 70 14 57 76 51 56 2 30 63 47 85 16 79 1 42 46 30 58 37 67 49 92 64 23 80 30 57 26 17 46 8 45 60 63 25 91 89 8 75 6 68 63 75 92 15
77 32 38 81 25 84 49 26 86 69 99 51 85 8 41 41 65 11 68 55 83 76 6 91 19 52 88 37 67 4 9 75 46 31 68 33 14 37 17 85 35 86 14 62 88 55 97 30 37 30 8 87 20 41 36 56 14 78 97 28 46 5 66 64 49 17 83 54 89 8 46 77 49 42 93
79 52 47 60 72 53 66 61 37 35 25 61 16 68 65 26 45 28 58 73 1 27 51 41 82 81 77 45 25 71 17 50 54 65 12 74 28 63 20 7 19 67 54 89 45 53 6 28 71 70 77 7 3 63 86 63 66 29 98 87 39 13 87 7 81 55 88 12 77 11 44 60 31 74 91
12 85 60 63 85 11 21 87 95 90 80 21 95 86 49 75 54 70 62 82 35 83 19 70 81 27 17 59 58 89 64 13 62 49 92 44 47 35 26 2 51 66 10 1 72 96 36 91 21 55 26 71 89 38 26 83 71 5 7 94 17 72 1 33 1 38 66 78 38 28 50 51 19 5 62
42 75 38 98 9 36 24 25 63 41 76 32 34 33 29 93 16 44 38 53 24 96 72 10 67 69 18 1 60 80 72 31 90 16 7 12 39 52 95 96 27 92 67 89 58 34 18 3 22 17 68 84 53 25 92 63 18 46 73 6 57 98 61 89 25 2 86 52 28 43 5 23 29 62 43
93 27 76 42 29 31 45 82 38 92 41 27 49 51 54 44 11 10 70 17 89 95 14 20 66 22 63 96 98 34 66 39 86 23 74 42 56 71 72 20 3 96 93 65 53 76 87 48 4 72 17 89 46 41 11 84 96 24 84 8 38 29 76 62 22 25 5 81 96 55 47 65 58 27 66
64 70 8 10 19 99 48 100 88 82 67 27 59 2 24 94 61 47 75 65 90 74 99 78 93 43 9 70 85 17 58 60 63 87 73 56 6 100 61 42 59 17 83 38 36 46 62 69 83 28 96 26 4 28 80 91 28 32 67 5 81 59 95 32 63 36 14 21 92 17 26 35 85 79 57
17 23 87 19 82 38 79 12 12 9 50 93 36 38 63 67 70 40 14 27 15 77 73 25 41 9 50 40 91 93 17 85 40 76 16 63 27 96 89 97 32 87 50 15 33 84 83 4 85 4 55 75 15 70 45 2 96 42 28 41 64 32 99 9 7 30 54 59 29 19 96 92 33 19 60
84 49 21 20 92 51 99 77 47 50 19 25 59 48 29 99 87 93 47 41 55 80 22 35 8 9 90 60 27 38 70 74 53 21 38 41 17 83 25 100 25 83 48 22 23 7 41 6 16 90 68 74 81 40 43 52 70 53 89 7 19 21 41 21 57 81 52 93 80 46 20 19 16 93 20
63 3 97 63 55 2 74 20 73 36 42 68 92 21 87 42 94 13 80 17 9 89 19 13 39 30 47 32 30 17 10 95 56 34 88 13 11 87 60 100 50 4 70 47 86 87 3 44 82 36 82 19 52 67 89 12 47 50 95 7 42 96 15 52 28 75 99 88 16 6 94 47 10 5 16
80 64 75 55 24 5 76 44 27 57 49 63 41 59 48 52 32 12 74 11 75 98 71 69 66 79 14 69 3 33 23 60 67 89 46 42 25 84 53 93 63 79 2 16 28 18 62 5 85 51 45 48 7 3 20 34 28 89 44 83 52 23 43 51 68 93 18 13 25 87 2 68 92 17 29
62 26 71 25 26 53 10 28 19 33 92 10 94 47 5 98 63 5 2 65 26 4 41 18 27 83 74 63 28 61 77 62 91 44 9 98 57 37 28 5 38 33 22 44 8 67 84 37 20 25 26 99 97 35 34 88 82 48 81 15 70 46 66 38 70 45 58 83 58 88 94 50 57 79 32
38 39 18 97 52 58 75 98 74 45 14 4 96 2 22 76 93 63 22 34 78 79 79 12 100 4 44 19 7 85 29 61 29 3 26 88 74 21 60 64 12 7 86 12 28 58 17 52 46 52 8 12 4 5 40 93 17 16 44 68 1 57 64 2 98 82 9 5 36 50 21 8 15 45 31
73 20 68 11 82 79 13 10 67 32 59 82 25 26 8 69 53 82 14 83 3 16 7 65 14 66 98 73 100 52 75 27 34 84 22 60 69 7 56 6 80 39 72 31 86 33 40 50 74 26 56 14 52 90 90 7 25 19 85 32 36 63 34 51 89 95 55 86 95 68 19 79 27 10 53
33 16 70 54 13 45 86 89 95 33 83 80 85 84 26 98 60 68 19 72 96 64 8 48 40 85 39 16 7 63 88 30 87 62 63 89 89 94 61 73 80 11 71 92 32 41 17 85 68 73 21 9 55 33 12 88 71 41 63 49 66 61 14 69 53 76 43 92 97 32 6 51 82 36 54
68 68 43 88 86 23 39 66 66 80 47 50 80 64 60 27 84 90 30 35 27 57 86 43 53 53 21 70 48 51 64 55 37 49 3 93 23 2 65 25 84 4 56 3 97 91 75 37 34 55 36 77 57 93 96 35 42 84 57 24 26 37 40 16 26 80 29 22 60 45 73 10 82 13 73
3 75 25 76 79 32 21 12 49 24 97 85 50 26 17 48 20 4 87 13 89 23 12 58 74 88 67 40 92 7 32 3 24 64 40 53 13 53 92 2 66 35 52 35 7 68 85 33 94 33 37 90 53 54 100 71 10 6 88 42 25 4 82 46 47 68 29 13 89 24 43 85 80 31 52
62 78 63 54 36 30 54 80 48 17 50 33 60 39 60 91 45 80 82 48 78 73 83 18 93 16 28 19 28 85 81 70 90 94 28 34 31 25 87 53 78 39 52 59 30 54 90 79 88 92 97 62 10 22 88 44 62 21 16 86 16 17 98 36 78 88 4 47 74 1 22 95 30 43 51
33 22 2 62 6 66 30 92 45 79 31 21 62 10 84 10 71 93 97 76 62 53 5 77 79 11 9 5 16 57 41 84 85 51 13 99 22 11 74 66 100 14 45 15 16 29 61 35 18 22 36 1 6 76 83 43 39 22 3 34 64 98 34 85 11 93 8 13 40 77 84 4 10 63 11
53 40 18 53 64 16 19 29 7 73 45 70 19 95 19 72 11 76 10 43 16 44 78 76 22 65 8 1 92 20 8 48 5 72 18 47 38 17 82 66 11 56 85 79 73 20 66 95 7 11 19 52 15 30 81 71 54 74 78 24 8 91 68 4 77 68 25 79 9 22 20 77 44 30 74
75 87 40 42 32 58 33 72 52 62 91 81 21 64 44 97 17 1 43 34 87 53 39 42 74 47 66 73 30 49 66 33 41 50 27 89 19 45 75 2 84 27 74 68 84 77 8 18 23 79 42 12 32 48 43 16 44 36 67 97 32 96 23 26 44 80 15 17 68 100 55 23 7 46 29
22 43 11 90 23 42 71 31 12 11 14 55 30 99 18 100 93 56 88 64 77 54 52 73 3 83 1 91 63 34 5 45 15 79 16 89 83 79 24 89 54 94 80 54 35 81 55 77 39 74 33 15 4 27 31 96 9 39 4 84 15 7 76 45 71 94 5 10 79 3 4 38 37 87 2
11 70 25 79 17 60 18 73 80 78 16 57 28 67 37 75 90 84 71 35 72 66 25 99 50 51 70 26 34 43 64 25 38 95 79 77 49 28 49 100 43 74 64 82 28 3 78 96 29 58 11 80 79 9 38 41 74 67 43 72 83 25 33 54 69 12 27 76 95 59 81 84 26 94 95
42 1 88 92 53 78 57 85 6 4 2 40 29 80 60 84 61 49 57 1 85 7 31 75 44 20 66 46 64 98 98 60 43 42 63 27 100 37 5 6 38 31 66 24 9 62 81 93 18 92 35 25 85 28 41 29 3 61 27 66 69 83 62 63 56 48 35 16 92 85 82 8 52 74 67
56 63 8 22 36 34 31 90 72 49 57 97 89 68 97 70 83 87 88 45 79 37 60 100 53 46 17 69 32 47 4 60 30 67 68 76 97 91 44 10 66 95 51 62 74 89 80 44 54 79 60 79 85 5 60 94 11 81 88 74 16 11 10 37 24 100 94 29 96 22 68 42 19 4 85
100 49 44 21 50 37 96 30 74 11 32 15 44 50 50 74 93 56 60 37 8 95 52 80 73 29 19 9 90 98 31 18 88 2 55 92 83 88 14 24 18 9 74 98 77 61 67 58 48 67 80 11 97 57 27 62 76 88 34 21 7 44 61 54 23 47 58 14 76 19 23 63 88 80 40
69 92 25 86 24 75 81 77 90 89 45 45 81 87 64 65 15 23 37 21 77 44 15 50 68 40 95 19 21 67 24 94 43 19 24 83 74 72 47 65 7 31 81 98 8 15 1 77 36 3 86 77 74 1 82 83 24 58 98 97 96 27 7 66 50 72 79 41 30 36 10 89 96 83 97
65 13 43 21 96 89 19 95 4 21 31 18 67 96 88 55 46 31 83 24 89 79 59 39 60 9 90 34 47 10 65 52 12 3 86 35 12 47 79 86 30 71 83 20 89 95 68 28 13 62 49 39 34 51 66 55 9 32 62 61 93 49 10 44 100 84 63 100 41 18 5 64 71 91 64
90 64 14 9 77 72 35 76 7 73 97 61 95 59 32 14 17 50 90 71 52 34 48 25 2 98 45 56 1 13 69 83 27 80 46 82 15 21 25 10 92 87 55 45 32 53 23 6 41 70 14 33 74 81 78 24 24 27 32 73 87 18 2 69 22 78 42 86 93 60 7 62 43 10 3
20 18 9 18 63 43 6 36 70 4 2 68 61 54 32 28 21 43 50 43 69 33 58 75 18 20 23 68 99 85 97 28 77 53 71 50 38 92 98 71 19 89 63 95 83 70 27 36 20 26 51 82 76 46 68 42 12 6 12 47 99 76 56 4 19 50 78 70 25 79 75 28 37 13 30
23 99 48 24 10 95 8 74 17 40 44 15 68 30 28 46 94 100 88 97 23 30 27 50 28 58 23 45 23 5 10 80 27 98 20 6 65 65 2 8 30 47 82 76 99 82 62 57 81 40 94 30 65 97 50 26 10 95 80 4 79 16 31 9 42 92 14 1 71 76 92 35 10 33 65
51 77 59 37 4 2 53 19 69 83 13 37 82 53 2 73 8 82 89 91 79 75 57 55 74 52 70 17 22 8 21 74 4 58 51 9 87 47 59 46 23 100 90 74 50 70 28 26 97 38 38 90 78 30 38 58 100 32 90 60 15 91 21 22 12 14 55 81 76 78 99 23 27 43 14
98 33 51 7 94 64 24 46 6 15 27 39 69 30 20 48 87 83 82 29 27 5 41 78 8 92 2 11 93 67 8 35 63 85 71 48 92 34 30 45 14 72 80 65 29 57 24 17 99 7 20 99 82 77 99 14 43 100 52 99 50 6 14 34 88 42 21 49 12 60 70 39 53 73 20
26 94 18 29 38 89 37 51 5 50 82 68 31 99 35 51 81 95 51 47 82 98 25 40 1 14 99 94 8 53 10 22 7 71 24 32 11 76 6 59 56 78 13 6 34 53 69 71 57 55 10 22 66 58 69 82 91 4 64 17 33 59 17 80 76 43 29 59 1 60 93 73 80 79 19
42 49 61 9 82 54 75 97 4 3 42 28 80 12 27 19 73 55 60 36 50 22 10 4 67 49 90 8 45 50 3 2 44 6 4 34 79 59 27 41 67 3 39 45 72 5 47 22 11 46 90 71 66 43 40 4 25 97 22 25 30 62 80 75 2 87 41 51 85 46 3 87 20 52 27
88 81 24 22 17 88 84 83 96 19 69 62 26 82 75 26 88 82 95 16 24 28 92 67 14 36 42 18 68 62 55 69 38 81 94 84 23 79 6 25 27 26 67 67 72 16 42 52 16 2 73 46 35 92 100 74 13 78 49 65 80 49 34 40 70 92 11 1 15 96 25 38 28 48 37
51 23 23 82 98 64 77 62 31 67 18 82 11 18 99 54 32 81 20 6 29 43 23 94 4 100 19 72 85 40 72 12 97 30 54 46 21 4 2 61 61 51 84 70 74 35 23 4 60 28 72 28 62 96 83 18 29 40 34 46 60 59 98 66 69 94 49 37 70 13 63 98 73 2 69
82 45 58 35 35 65 11 17 25 54 77 35 71 68 56 64 37 92 37 6 66 36 83 69 47 93 56 52 55 18 12 92 44 65 43 45 87 11 93 57 29 70 83 36 1 98 12 38 34 1 20 60 48 33 85 25 31 61 60 55 2 39 36 51 55 67 68 59 83 98 7 17 90 15 43
13 52 25 42 4 83 94 80 50 44 89 32 44 61 42 48 30 85 34 13 85 10 58 77 37 68 12 23 95 66 34 74 95 90 4 86 9 61 43 78 70 89 72 31 85 81 73 39 58 59 42 59 35 7 31 61 22 60 18 29 89 77 2 80 83 28 53 34 15 39 43 91 2 28 8
61 83 78 2 68 61 32 87 66 83 50 94 91 79 19 11 5 93 35 12 46 98 14 31 90 24 75 54 35 58 12 19 81 15 61 45 1 95 87 58 12 84 54 88 52 74 75 74 45 92 71 56 39 49 66 98 93 50 24 13 81 43 91 77 93 70 91 83 67 92 64 93 48 29 31
29 86 18 38 92 45 39 57 39 54 3 79 75 83 2 93 35 45 98 53 65 74 15 62 1 4 24 49 4 19 86 57 75 61 70 72 25 74 40 36 95 97 65 7 88 88 34 11 78 89 93 41 53 50 57 1 5 17 11 4 43 100 64 74 29 41 36 31 56 26 51 5 37 14 30
74 30 71 60 97 27 63 67 99 81 57 60 9 26 70 60 68 52 14 77 42 70 41 64 85 17 50 10 52 16 39 95 65 91 97 68 69 4 29 87 70 62 79 23 87 51 7 29 42 89 34 87 82 76 93 81 7 45 19 50 25 82 46 22 82 56 71 25 56 1 44 21 100 100 70
42 87 56 10 18 67 16 70 87 57 32 11 64 60 26 85 16 45 76 60 5 74 67 32 59 79 91 59 92 25 76 76 53 39 37 40 15 29 61 42 14 44 19 37 57 13 67 59 37 23 64 7 50 10 88 82 13 96 13 50 22 10 43 77 99 41 81 40 56 9 19 65 48 91 86
87 78 45 7 47 86 87 3 83 84 67 92 67 44 85 37 30 19 33 10 86 6 25 54 13 32 59 92 83 50 12 52 91 60 10 7 68 43 41 28 11 65 13 35 86 60 66 22 12 50 77 99 73 13 76 29 13 72 94 59 90 1 11 43 24 82 74 85 60 63 57 80 15 1 90
55 47 54 14 96 94 54 46 4 16 44 15 50 16 42 24 90 1 65 49 3 80 13 11 100 97 92 4 55 18 69 51 82 60 77 61 27 81 82 85 81 43 6 33 25 99 4 82 7 2 37 21 78 12 9 58 43 13 8 44 33 10 43 96 6 96 1 16 40 35 95 23 45 29 18
77 48 68 64 19 5 4 14 93 13 96 89 61 87 50 32 42 17 10 92 16 28 5 87 1 97 44 3 66 75 22 36 17 81 78 2 42 31 99 42 62 89 44 28 37 21 89 24 43 5 5 21 12 78 93 87 94 39 45 52 83 20 83 73 48 97 55 45 62 34 4 89 15 47 50
22 63 94 34 37 96 77 19 62 78 6 21 86 2 42 58 32 1 47 52 8 53 20 47 1 28 56 10 15 17 15 55 31 50 44 82 62 68 79 37 77 8 84 38 99 7 41 31 100 41 87 38 56 53 94 13 20 50 56 80 93 29 25 77 62 79 95 64 47 45 58 47 42 95 27
14 70 33 28 54 47 27 62 41 100 87 21 45 86 33 93 16 47 97 89 82 77 78 32 76 54 83 17 41 71 31 84 35 69 74 96 44 37 65 65 12 84 3 85 67 29 3 94 55 100 96 52 94 16 46 45 44 47 41 34 91 79 74 30 43 18 77 88 77 98 3 98 45 41 8
1 72 50 75 60 88 7 87 85 14 40 6 78 82 3 58 69 79 57 27 47 67 11 61 1 75 31 42 80 32 89 100 85 93 58 33 31 34 99 59 87 82 83 8 89 89 92 6 84 73 13 34 20 11 34 76 94 45 16 26 92 16 38 11 97 54 61 94 20 4 48 6 6 1 19
12 64 92 62 58 17 58 64 43 71 92 85 42 73 88 57 71 100 99 19 95 43 94 15 79 25 37 64 67 35 76 79 71 4 56 54 58 89 8 87 8 42 99 7 8 49 68 55 27 72 53 38 86 10 55 13 56 56 96 87 22 71 6 90 9 1 72 89 43 52 8 32 33 66 58
69 99 23 30 76 73 1 72 5 80 86 40 31 90 59 18 62 70 27 2 18 35 80 29 15 6 9 95 44 32 27 71 97 64 88 3 98 31 71 50 63 7 34 79 26 97 24 77 38 87 5 14 86 56 48 9 85 3 63 52 78 68 25 85 14 5 14 10 65 91 88 54 36 58 35
41 60 61 70 97 52 69 39 44 72 4 17 11 14 7 47 90 47 72 30 55 4 59 76 22 74 39 94 31 90 44 65 24 6 13 66 87 4 92 95 79 57 33 8 90 65 55 98 21 58 43 98 90 17 14 91 66 6 39 23 81 96 67 55 94 94 63 7 100 9 8 81 74 79 98
24 36 57 79 20 3 24 15 98 33 42 83 27 77 63 75 33 17 37 19 53 84 14 54 44 63 80 17 79 5 74 55 83 88 96 51 45 56 88 24 61 40 100 12 58 63 98 87 84 52 84 92 2 62 92 59 95 75 23 18 87 68 2 66 69 39 72 93 14 29 95 32 13 22 77
77 14 61 86 65 51 75 28 17 76 12 43 54 63 77 71 7 25 78 60 90 97 9 85 29 31 54 97 92 41 2 77 55 4 15 85 68 90 66 13 34 8 95 42 74 29 38 65 31 11 84 28 59 72 53 84 11 98 91 47 9 58 2 4 36 94 41 91 14 63 74 47 14 98 19
38 39 8 10 49 66 9 26 88 52 39 45 3 38 62 54 73 9 1 11 15 58 89 52 72 13 67 41 52 82 53 63 64 63 5 66 77 60 70 5 16 55 84 32 1 67 66 42 88 22 24 56 52 50 22 76 98 20 51 74 74 98 87 66 35 27 68 39 26 16 100 7 98 87 67
32 49 66 74 93 55 93 86 51 9 55 71 48 27 22 45 87 13 35 25 88 18 71 18 26 28 1 96 5 87 3 27 37 79 55 76 81 6 82 2 98 51 22 91 25 2 89 75 63 69 12 31 58 94 78 24 78 12 39 52 3 50 72 8 9 84 31 38 76 10 100 33 80 56 41
72 19 20 16 22 91 13 72 52 59 39 64 59 27 77 4 30 16 39 15 77 36 8 83 19 66 64 40 80 15 3 28 20 13 59 65 42 32 46 34 88 72 7 75 87 68 49 83 26 79 81 27 83 69 92 9 72 3 90 88 57 15 79 69 84 86 9 62 100 19 67 88 46 97 43
33 82 99 5 97 96 24 69 76 40 32 40 9 5 82 37 58 43 23 95 69 88 4 62 29 95 54 48 17 11 90 99 35 8 95 27 13 70 66 100 67 74 34 68 67 41 79 98 94 57 24 82 22 60 21 66 92 14 5 69 7 80 30 68 20 61 19 35 23 41 15 79 4 31 85
96 24 40 40 40 69 30 10 6 35 96 4 49 5 4 74 23 54 10 9 24 27 5 7 2 22 25 9 45 67 75 82 21 84 59 52 3 41 42 4 8 52 5 14 20 20 94 17 61 98 98 39 88 36 6 3 25 61 16 32 74 98 22 91 32 91 30 91 50 62 9 8 26 3 21
92 98 18 1 97 14 83 75 19 69 37 64 50 64 56 96 42 96 71 12 18 95 93 26 46 52 87 64 40 70 74 94 37 28 20 68 22 78 27 22 53 90 44 32 50 47 98 16 8 14 64 85 16 95 22 55 87 71 85 36 16 21 24 14 21 36 38 10 77 36 12 92 98 70 85
25 33 23 34 24 52 73 78 22 57 91 15 44 73 88 65 62 60 86 67 32 100 69 75 48 97 2 66 66 18 40 52 94 65 38 94 74 91 6 95 31 80 88 74 94 82 34 19 61 45 83 44 68 42 93 80 2 96 75 84 58 99 33 77 7 70 35 20 100 77 79 20 22 18 45
1 31 76 81 70 16 59 90 30 81 65 96 5 15 20 29 30 37 3 22 29 69 45 47 85 91 45 23 1 91 51 88 85 92 55 100 43 11 60 12 23 23 1 33 85 94 82 76 14 8 83 53 85 22 64 82 92 42 54 11 98 21 68 60 24 81 21 56 42 21 40 51 27 51 56
18 49 42 31 36 79 57 24 8 98 63 52 93 75 77 36 35 79 72 69 8 29 30 43 51 42 83 99 9 24 42 48 79 32 32 89 9 54 97 67 22 47 70 17 10 65 42 10 16 70 86 82 40 96 64 92 21 84 2 27 85 85 13 74 64 67 80 78 25 21 53 9 87 100 64
55 19 84 27 28 23 28 71 39 10 11 60 62 7 58 88 40 75 62 86 53 32 61 10 35 10 59 84 82 36 42 58 53 60 46 44 44 66 25 92 68 50 57 30 69 88 88 71 91 13 12 1 63 36 83 16 9 84 62 49 7 22 13 78 21 86 93 32 34 14 75 40 11 8 38
21 27 71 49 25 22 62 60 5 56 88 12 36 98 58 31 4 74 65 28 71 19 72 61 46 23 60 22 51 10 76 3 76 13 73 5 19 62 21 91 60 15 41 77 39 65 13 20 6 37 93 6 29 68 47 47 34 13 69 86 1 76 63 29 25 12 78 78 36 37 100 88 34 20 29
92 1 97 61 4 30 94 14 8 47 80 79 91 17 94 77 84 30 74 34 55 30 57 7 2 2 82 13 29 86 15 41 27 26 38 92 97 76 22 9 98 56 2 87 46 23 37 84 84 27 35 63 9 86 85 69 43 50 21 28 92 83 33 62 74 50 48 14 27 73 37 99 85 63 12
1 21 11 17 100 92 5 73 98 37 72 72 56 9 52 46 15 63 90 100 57 59 55 74 39 34 93 33 34 66 52 32 95 14 43 81 24 42 9 92 68 36 36 37 81 1 50 67 85 10 49 44 18 76 78 51 27 25 62 17 5 18 71 31 69 40 8 36 75 54 92 91 51 98 47
21 77 83 12 73 10 39 28 90 16 38 77 17 6 51 61 48 90 99 65 80 16 79 55 60 25 91 63 13 23 26 65 19 59 91 22 94 16 25 51 13 64 96 54 84 87 46 96 9 36 75 31 13 94 80 59 54 53 68 5 10 68 90 90 47 75 80 54 25 89 11 87 55 43 49
86 82 64 40 19 98 23 6 89 69 68 1 68 54 96 2 88 64 75 13 57 93 9 66 76 21 73 45 5 77 95 72 22 83 60 25 62 69 44 59 23 72 40 30 61 30 6 49 36 16 41 27 73 76 67 97 65 56 27 40 14 64 54 4 100 56 87 92 43 45 75 97 52 46 1
28 73 38 96 17 71 10 96 40 23 82 65 36 92 66 51 42 57 53 72 56 56 83 55 90 13 32 66 67 54 96 77 33 33 97 76 39 19 69 15 53 21 28 78 13 81 81 24 62 97 66 74 67 70 80 49 78 31 86 100 26 44 70 9 73 65 31 55 27 17 35 7 42 71 85
45 22 11 19 73 3 20 84 1 2 2 7 45 54 64 100 7 33 83 61 25 31 41 60 74 90 27 54 49 71 47 8 7 51 9 64 84 17 36 61 51 75 25 69 67 81 22 75 41 36 12 36 45 73 52 91 36 9 89 80 7 25 85 90 14 39 55 36 25 67 72 64 22 64 73
67 8 10 71 8 54 28 42 36 74 8 43 24 2 48 21 75 95 86 22 69 16 50 15 62 5 47 16 82 72 3 18 63 7 81 28 49 11 7 59 7 74 11 72 43 20 79 16 37 45 98 33 7 40 43 93 16 14 96 30 77 17 92 65 70 24 27 62 91 37 81 91 8 90 35
3 24 81 55 55 100 80 39 96 89 86 10 80 89 64 64 69 9 70 74 67 95 1 55 40 82 56 62 73 56 36 9 62 63 87 51 9 52 30 33 36 68 53 26 11 69 98 4 76 95 100 42 52 19 67 75 98 43 25 60 95 82 44 24 45 47 48 82 71 30 40 100 50 5 49
70 98 92 42 69 71 6 87 10 22 9 30 46 56 65 9 87 29 83 88 96 63 33 42 86 48 19 84 84 11 16 89 2 57 38 10 83 90 80 2 95 36 28 75 46 79 5 50 91 60 43 68 74 90 27 59 11 60 41 54 23 5 80 71 100 44 14 82 31 27 22 10 40 88 35
75 56 11 66 15 21 46 40 50 24 3 91 11 89 20 61 56 88 34 74 46 35 100 3 100 85 82 11 78 60 86 75 31 73 25 90 94 4 20 28 46 38 81 25 43 39 7 35 17 74 22 42 72 7 91 14 49 6 53 31 52 26 45 22 6 51 88 42 33 4 36 20 13 99 91
75 95 78 47 73 92 12 89 2 38 91 61 61 100 100 75 40 39 16 87 19 3 44 32 83 8 4 35 45 17 97 70 10 75 96 74 26 70 61 16 79 27 20 51 86 87 100 3 51 31 11 80 75 62 61 99 90 44 86 34 87 36 93 51 35 9 47 79 35 68 81 61 9 32 16
87 19 57 6 26 66 78 68 80 33 85 73 79 67 45 38 48 7 26 48 2 19 40 7 45 83 76 62 83 83 97 5 58 36 71 16 39 47 65 85 94 8 5 74 77 63 29 3 10 95 46 95 70 56 68 94 73 18 83 12 33 13 59 94 39 81 47 78 97 68 39 21 19 5 86
48 8 27 21 84 34 63 79 63 53 7 24 82 20 22 80 82 13 96 58 32 28 16 37 26 7 63 58 56 29 65 59 74 53 59 29 63 100 42 76 93 90 91 23 56 51 65 16 7 41 33 1 89 66 17 32 37 54 26 32 67 38 34 81 95 64 57 32 77 20 18 90 35 22 61
50 65 19 8 8 72 35 10 3 26 61 52 22 3 99 16 85 28 97 65 38 78 96 48 6 48 3 83 85 2 69 17 91 90 35 97 4 9 31 87 100 38 93 20 22 47 52 45 30 45 32 40 18 20 59 100 82 34 22 1 15 56 93 73 15 9 54 86 6 93 93 98 64 67 68
41 49 49 28 14 97 92 21 7 10 63 40 33 69 16 34 29 97 21 57 36 21 69 90 14 71 95 4 71 63 61 77 10 18 87 80 60 40 40 29 2 66 24 26 72 59 86 48 19 70 52 44 75 27 6 32 8 1 66 64 89 28 91 76 86 5 47 73 23 78 64 86 97 49 72
96 34 54 7 36 31 53 73 14 65 61 3 31 13 43 68 53 83 80 78 35 26 65 68 38 95 47 33 65 9 4 70 22 81 83 16 8 47 38 32 77 16 34 25 87 94 67 6 17 93 39 29 93 10 25 25 43 27 56 10 15 49 92 21 41 12 24 79 94 5 10 38 82 15 93
10 75 52 19 62 25 83 60 99 92 59 47 13 21 92 56 58 19 35 48 81 92 41 42 27 40 97 50 81 73 70 78 25 79 41 86 85 99 17 18 78 56 63 84 73 54 100 22 57 6 62 74 70 19 4 54 39 3 80 44 26 2 67 32 65 86 69 10 68 44 37 32 51 45 53
68 19 2 39 55 49 10 94 22 69 84 8 4 17 37 36 15 16 6 88 88 1 74 63 9 79 12 80 60 11 61 95 68 5 78 5 56 66 35 78 75 58 52 38 50 15 55 65 100 72 14 1 34 98 27 12 34 64 79 62 17 91 70 50 58 56 96 31 53 15 17 25 61 52 70
61 96 56 23 31 80 60 83 79 32 7 52 74 24 30 14 63 16 62 41 25 66 32 11 54 93 50 77 16 33 25 16 21 41 17 7 25 93 63 90 27 61 51 89 37 56 5 52 62 75 43 4 88 47 84 68 71 25 46 7 29 100 95 99 82 96 34 9 16 65 52 18 10 96 11
31 50 20 88 25 68 87 96 17 81 36 28 41 18 82 23 91 16 24 20 51 79 47 27 69 11 45 5 82 69 59 88 64 69 21 49 79 46 91 8 84 81 53 12 64 6 45 41 75 64 49 28 22 27 57 47 95 51 2 49 5 54 15 18 69 69 64 10 3 20 45 27 58 20 37
82 83 50 64 16 81 4 74 23 85 50 53 5 78 82 45 2 25 58 13 96 56 78 28 94 62 86 19 39 39 98 62 68 56 18 22 60 53 37 16 17 73 23 5 64 8 66 64 62 47 21 43 38 87 80 70 73 99 13 15 65 9 52 11 78 36 65 20 11 100 45 48 57 20 27
68 86 60 82 85 71 56 1 5 44 16 40 31 33 88 63 24 61 61 25 5 2 64 40 16 20 86 41 63 66 91 34 66 97 53 47 8 9 70 54 53 3 89 20 83 21 89 53 43 84 80 73 69 72 37 37 27 46 24 27 36 4 3 50 50 36 5 78 57 56 68 22 67 32 39
71 42 97 70 91 67 3 53 33 48 15 80 77 82 69 77 19 56 47 68 6 4 39 46 77 19 82 1 86 83 11 78 18 30 90 6 44 62 90 26 96 65 8 85 8 16 97 56 90 4 3 14 8 88 37 10 73 25 43 2 53 36 16 29 54 70 8 56 30 40 88 42 82 41 30
60 41 27 13 27 38 97 14 76 78 75 42 74 69 66 18 74 80 94 25 94 25 70 65 96 12 76 28 47 39 39 13 78 27 82 64 35 23 2 56 51 100 12 20 76 34 96 9 75 49 19 79 46 88 84 9 100 55 22 5 82 15 34 60 15 92 34 84 80 56 48 23 7 46 43
51 99 2 69 68 74 26 88 9 45 10 54 89 63 42 9 82 61 42 21 57 13 73 65 43 71 16 18 30 13 75 10 56 42 62 24 8 35 88 95 32 14 3 55 68 61 83 9 76 71 57 48 54 38 10 42 42 45 70 20 4 61 68 65 75 59 12 3 11 22 16 16 53 92 82
4 49 37 14 41 5 84 99 70 67 85 24 90 57 64 59 44 48 100 59 37 83 74 21 35 68 44 100 3 81 20 61 7 81 32 44 35 28 72 31 70 23 82 35 19 82 19 9 71 72 83 77 19 81 96 45 87 24 13 75 31 25 53 6 89 56 31 44 20 29 59 62 89 63 67
26 59 63 80 98 62 49 36 38 92 56 40 58 52 56 25 14 96 66 72 26 88 91 89 24 57 63 50 47 63 16 85 56 23 61 5 12 88 34 85 2 15 29 63 66 19 77 41 10 40 68 35 56 44 62 13 78 51 85 27 21 44 52 87 34 27 80 63 56 62 8 1 30 61 42
3 13 65 90 89 44 55 99 75 20 53 39 78 86 10 56 39 98 98 1 16 69 93 63 82 54 74 56 10 78 53 79 2 11 4 8 39 50 46 32 6 80 18 15 65 26 43 57 78 82 42 91 90 59 15 40 45 33 19 46 50 5 53 79 36 93 6 20 84 9 39 30 62 65 8
22 57 76 80 54 51 31 37 28 21 56 67 38 10 100 66 2 23 1 65 50 31 59 54 68 45 8 3 52 76 22 33 44 62 40 6 21 98 44 18 12 29 14 17 2 6 99 1 57 87 3 45 4 38 2 41 45 28 9 79 42 78 98 89 31 46 1 51 50 7 35 20 61 34 33
77 47 80 54 73 49 28 42 88 99 86 72 64 20 37 37 74 63 4 38 4 87 16 32 58 39 42 74 1 86 29 27 95 24 24 47 68 3 52 83 57 70 84 16 72 84 94 1 12 4 55 19 91 79 68 27 55 83 13 93 6 7 27 29 83 37 30 30 36 5 33 41 97 1 68
99 24 17 14 25 53 32 55 26 74 56 42 94 12 83 3 49 91 60 61 47 10 3 92 56 37 87 53 32 77 100 55 90 28 8 56 27 19 4 2 94 25 20 51 25 22 98 80 7 47 97 93 62 46 20 3 79 74 54 64 90 22 28 26 28 46 57 22 54 99 6 40 99 6 20
57 87 94 52 46 23 18 100 15 70 91 36 43 75 60 25 36 100 70 78 24 62 8 46 26 27 44 37 51 32 48 16 16 56 83 77 59 11 62 71 38 1 20 90 66 73 8 60 28 17 88 19 25 68 96 8 69 31 58 34 11 12 31 48 78 17 54 46 51 88 28 87 28 76 48
52 34 42 30 53 13 5 23 24 84 6 80 21 83 4 7 75 62 17 65 66 23 96 98 2 8 49 84 7 55 80 27 1 9 34 77 89 72 47 48 68 12 48 46 28 20 64 6 84 53 46 92 58 42 35 69 89 34 9 27 4 93 17 2 63 36 6 1 85 30 22 55 45 80 85
37 46 23 48 39 91 45 47 28 6 95 11 84 66 63 57 34 67 70 45 22 87 60 29 1 26 30 43 97 64 87 28 23 14 70 70 59 83 77 62 21 60 100 3 59 24 100 3 44 3 91 99 8 50 38 29 97 4 54 79 35 57 62 75 94 65 60 89 24 30 17 47 54 88 3
46 52 40 72 14 77 34 74 75 30 98 32 47 19 81 42 61 98 62 18 85 92 55 11 62 8 95 69 79 66 62 80 63 7 18 94 95 18 28 88 7 8 67 45 25 77 50 97 64 25 7 84 53 29 13 31 68 31 61 11 77 99 40 67 31 11 36 34 47 45 60 46 97 3 53
58 76 16 70 8 19 23 33 67 61 30 75 17 47 98 10 30 39 11 86 11 92 83 100 25 97 78 45 21 61 23 24 64 95 80 100 3 81 70 77 28 28 77 11 43 73 32 65 38 88 59 15 52 36 79 3 14 99 4 34 99 48 34 4 54 70 34 34 36 5 74 69 25 100 64
100 34 58 2 87 37 8 61 4 47 91 72 31 50 54 38 77 33 48 90 55 28 58 26 83 78 95 3 75 26 59 64 28 64 75 79 27 36 24 4 85 88 39 19 87 95 85 32 62 93 5 92 65 13 19 28 41 68 89 78 54 51 28 63 22 90 46 47 21 75 2 26 88 95 24
16 45 91 50 92 92 60 56 98 29 62 47 11 79 34 9 34 34 42 9 30 85 57 49 53 76 58 15 97 92 90 90 40 99 20 45 78 97 7 17 82 82 72 53 80 69 73 25 95 91 17 71 34 60 80 35 33 85 44 22 40 58 53 17 5 94 9 91 69 46 100 1 61 43 27
36 89 74 5 80 52 99 88 16 2 47 72 44 64 10 27 24 78 21 80 83 76 71 85 4 88 29 30 51 1 28 35 14 4 43 5 48 21 82 74 61 59 22 30 95 64 53 51 71 76 90 58 80 76 10 99 46 50 99 61 65 51 32 43 59 74 50 99 10 78 78 83 58 90 76
31 65 61 25 64 53 68 51 59 48 27 44 51 28 39 69 97 45 41 76 56 12 41 6 3 92 92 71 82 31 91 11 78 52 40 44 38 43 78 90 4 40 64 86 29 15 93 15 96 74 6 61 26 12 74 72 64 91 88 14 9 74 9 32 19 20 18 48 100 72 94 52 43 92 31
26 50 26 66 74 64 32 63 56 53 79 85 45 62 41 4 4 24 67 96 65 33 22 20 58 84 23 79 87 98 91 34 23 83 74 67 26 85 11 68 86 96 87 82 20 39 67 99 13 49 13 80 48 52 33 51 75 78 29 32 50 91 97 53 81 40 7 72 10 14 82 24 30 92 32
27 84 16 38 37 78 46 19 4 10 22 93 48 23 56 76 77 98 10 33 12 84 82 71 34 54 69 78 3 62 51 18 59 33 68 56 59 92 89 7 23 63 45 30 40 88 21 48 55 29 87 10 96 21 32 34 80 60 69 10 65 53 57 99 1 37 41 1 97 38 18 44 60 88 50
49 27 83 75 12 19 59 29 79 61 96 75 55 61 92 32 90 87 19 8 58 50 44 1 69 11 64 13 97 54 97 4 9 53 26 50 69 70 52 53 60 51 57 67 29 2 45 94 70 96 58 38 49 70 5 47 47 82 72 1 86 88 49 37 53 63 80 97 50 100 100 41 31 42 25
32 6 77 66 85 22 64 29 87 96 32 91 96 32 49 10 92 25 8 86 44 49 33 81 32 41 87 93 26 40 96 92 9 78 2 89 100 45 89 13 86 14 6 92 34 71 2 74 72 40 3 15 34 1 55 68 74 2 63 45 42 78 51 18 74 75 36 52 95 31 14 84 54 77 86
60 11 90 36 99 33 11 81 18 4 62 72 16 82 100 11 2 75 98 6 80 94 1 78 72 69 17 86 74 50 22 85 80 15 63 72 4 58 59 79 52 77 55 77 68 20 22 42 69 53 56 9 42 14 41 67 41 18 75 41 60 31 74 50 63 31 78 30 53 56 23 10 46 89 67
28 15 35 35 1 92 88 85 57 12 100 82 24 90 79 46 27 65 53 63 38 19 66 92 14 66 77 93 100 6 3 74 31 3 1 58 61 11 77 86 6 86 91 48 64 42 42 94 80 51 13 46 11 7 35 50 62 80 56 59 7 54 71 92 77 43 78 23 41 97 26 30 66 81 92
81 18 55 54 98 15 16 56 2 73 58 26 76 51 17 27 78 99 95 12 71 63 87 87 80 29 17 78 4 61 60 30 60 88 34 58 37 95 7 50 93 95 16 33 31 70 70 73 69 40 52 31 46 56 59 31 59 69 83 79 54 35 94 38 15 76 66 34 11 85 12 50 93 78 33
38 86 54 8 5 14 3 44 28 82 9 18 90 66 85 89 60 61 28 28 18 62 26 41 59 8 24 12 91 78 5 55 7 81 75 96 13 3 71 44 77 64 66 16 30 71 25 37 7 97 73 99 65 51 32 21 75 93 71 90 18 7 11 33 73 91 86 67 91 70 91 66 17 57 16
60 90 58 27 52 46 51 8 51 73 89 17 18 63 58 34 9 60 33 74 89 71 17 79 13 71 44 100 19 28 61 73 22 67 80 89 40 20 64 10 29 48 39 79 73 60 48 46 71 83 1 67 12 11 35 27 36 7 21 6 98 32 22 84 34 52 33 85 2 47 36 73 79 92 21
53 74 13 3 25 85 2 20 95 92 91 14 13 34 32 52 28 1 57 41 47 60 20 78 89 5 53 93 98 45 36 44 8 41 95 43 58 70 61 30 74 35 98 39 82 73 75 57 77 29 47 36 53 20 43 24 22 49 21 13 33 65 62 25 32 88 66 89 15 11 45 70 52 2 21
5 66 58 79 37 5 58 21 40 40 42 59 25 8 22 10 91 14 60 37 50 84 46 85 34 36 90 73 52 55 63 1 96 31 72 83 6 70 7 61 8 50 24 39 93 10 98 64 61 56 61 13 57 68 54 12 36 5 90 62 79 57 85 87 86 93 28 26 81 66 31 83 56 5 2
57 81 11 32 2 65 48 47 16 28 63 74 68 63 42 61 100 1 38 72 15 84 36 26 49 14 12 32 35 98 16 61 73 44 63 81 86 95 16 38 31 46 13 58 28 53 84 12 63 31 64 84 94 12 45 24 78 6 8 70 100 98 89 55 30 22 87 99 1 32 18 84 92 64 91
83 99 73 55 80 77 97 58 39 60 14 96 92 29 58 68 92 74 60 29 55 99 81 97 65 83 70 56 84 38 61 64 76 61 50 90 10 69 54 48 81 90 4 59 40 75 85 17 35 37 5 73 38 43 50 77 45 63 52 23 35 89 87 10 100 73 69 75 60 33 33 6 68 22 29
10 60 44 94 20 19 16 25 15 1 43 58 63 31 54 46 53 68 90 88 10 1 13 98 47 5 8 60 63 38 11 90 44 33 53 92 5 38 5 46 4 18 68 25 51 45 12 47 62 30 70 74 15 9 61 35 64 83 97 61 12 31 5 89 43 49 45 27 21 2 16 39 98 11 92
20 52 39 54 80 71 50 8 93 57 4 74 84 51 17 38 96 61 65 47 1 77 66 75 37 44 83 49 51 60 97 69 70 58 81 87 47 50 10 31 89 17 15 30 67 97 30 89 79 53 67 90 68 15 44 17 27 37 56 20 75 66 29 38 68 99 41 41 79 59 25 94 54 7 60
57 90 14 87 40 52 79 81 25 53 37 51 31 19 69 63 64 23 88 51 98 54 91 100 1 37 12 48 38 28 63 36 93 39 74 45 1 23 5 90 64 24 21 90 4 33 71 49 92 38 44 61 77 65 89 86 71 64 38 54 11 94 92 85 99 92 5 27 16 3 28 85 22 49 99
7 24 41 45 1 32 62 27 15 82 64 36 24 99 98 13 29 43 99 74 44 26 15 86 63 7 8 69 29 66 93 31 24 80 91 42 36 56 65 46 50 37 7 81 81 84 22 79 56 47 35 41 24 8 7 70 49 28 93 88 53 43 36 85 100 10 35 18 64 34 32 45 89 57 23
69 61 9 34 83 33 85 67 94 100 35 76 43 42 59 30 38 33 30 91 32 15 54 43 2 56 7 73 14 36 2 48 32 99 13 15 17 94 65 50 99 100 73 26 62 50 34 18 36 41 75 2 7 51 7 21 21 11 2 80 48 22 42 78 94 64 65 2 45 8 6 51 92 62 41
67 54 86 30 59 51 64 62 37 90 81 24 17 5 18 7 37 7 7 100 58 57 19 12 3 90 66 89 24 5 35 82 67 92 5 47 68 31 91 83 29 89 91 97 72 97 55 14 34 18 83 87 92 54 28 8 87 79 34 47 77 18 12 52 9 76 78 16 35 11 33 6 11 16 33
55 95 97 18 26 88 1 6 20 75 56 36 49 63 96 96 34 39 14 13 37 14 64 68 43 94 18 30 23 66 18 88 5 45 87 13 66 96 68 43 76 30 34 11 81 40 81 5 49 5 74 59 13 1 9 61 3 80 1 97 56 44 37 95 24 63 96 28 20 8 91 58 85 28 96
92 72 53 1 41 76 82 45 63 30 89 3 18 21 60 36 11 6 66 74 50 49 3 42 86 65 48 61 14 39 53 27 54 41 61 10 44 50 62 32 40 31 8 5 91 61 3 62 16 25 31 79 24 46 71 77 50 41 20 87 61 82 51 69 48 55 73 70 78 53 41 89 17 100 71
37 55 90 78 72 10 52 63 78 4 41 82 92 17 49 67 61 75 42 94 69 69 91 65 47 74 73 72 2 61 97 64 86 66 72 82 26 43 46 75 28 53 68 5 68 39 49 48 81 71 9 64 80 98 60 97 40 18 73 17 92 90 92 57 22 39 58 17 22 14 70 81 23 97 71
72 73 77 48 1 28 70 85 36 82 67 44 16 49 38 12 30 49 21 16 55 41 75 7 83 23 80 55 78 63 66 20 53 15 90 60 34 48 24 51 69 36 5 41 44 88 41 12 88 24 31 74 100 84 91 45 34 93 78 41 97 55 73 50 75 23 1 84 51 58 68 56 62 37 96
85 64 82 84 17 14 76 6 61 97 2 19 80 67 72 61 20 54 8 28 88 67 76 50 26 83 35 71 36 98 30 79 79 18 39 80 7 10 80 43 95 48 100 82 66 10 58 22 26 91 85 18 8 35 83 18 45 2 40 96 12 33 16 33 98 22 73 66 36 13 70 82 84 5 47
47 62 69 41 6 76 20 64 83 49 70 99 6 46 88 84 39 24 9 35 40 83 65 29 20 59 73 56 5 11 50 84 68 75 31 85 53 37 98 50 38 79 49 52 67 57 99 47 92 65 38 29 44 98 28 66 39 93 94 82 83 32 74 17 32 86 31 8 72 88 88 23 72 24 77
52 6 2 8 9 13 74 91 33 72 91 25 19 43 33 40 19 49 25 74 68 61 88 95 3 23 37 19 94 34 26 82 92 75 41 88 38 18 94 32 62 21 36 57 23 56 23 75 93 24 78 22 11 28 12 46 38 2 9 43 75 43 24 82 14 61 3 62 36 56 82 20 55 58 19
63 84 86 3 56 20 38 64 21 17 61 22 21 95 71 24 6 51 9 31 65 81 17 59 71 52 82 54 81 27 73 54 10 65 42 37 76 11 75 58 81 3 25 20 31 94 87 41 19 50 22 54 32 68 23 69 94 50 31 56 33 25 95 92 12 15 1 19 39 28 60 56 89 72 80
91 28 23 56 73 58 47 35 79 54 44 54 59 13 26 12 73 11 48 4 38 84 1 98 59 71 96 82 99 70 86 64 62 33 25 71 77 17 35 77 47 42 99 78 96 88 46 95 3 21 20 90 40 22 20 97 66 43 32 46 49 41 71 71 58 92 71 3 11 14 14 100 20 70 18
64 72 95 83 76 86 8 61 89 76 53 29 40 40 95 18 11 78 12 38 65 11 34 87 86 27 27 39 100 94 57 54 24 52 11 3 32 63 54 1 89 59 62 91 2 31 97 7 40 61 64 26 62 36 44 36 33 93 79 58 19 66 91 90 28 99 50 23 4 11 56 61 18 80 87
70 41 50 68 17 2 57 62 4 75 64 16 29 74 23 79 38 12 86 80 16 70 94 11 69 21 77 25 40 73 2 69 60 99 86 77 66 29 70 41 82 37 4 30 58 92 48 66 89 27 56 90 58 84 13 78 17 91 77 3 78 11 46 70 22 100 52 89 19 76 88 98 68 4 38
50 76 45 33 86 81 30 64 50 39 39 16 79 85 82 70 88 40 42 14 73 67 28 93 21 19 94 73 71 29 63 31 30 7 25 96 74 82 57 91 63 70 59 44 46 12 12 39 3 16 44 82 70 45 39 43 94 10 5 35 15 89 91 51 94 77 90 82 30 59 36 65 17 85 11
87 70 1 100 91 48 25 19 59 65 15 60 80 85 65 91 14 46 9 17 85 27 83 27 30 15 88 59 37 22 91 33 83 35 3 15 56 71 83 26 23 22 54 70 40 95 37 34 14 1 54 52 63 64 45 47 40 91 32 74 74 59 26 93 70 85 60 97 72 99 14 57 67 46 76
16 63 9 43 9 19 56 80 37 37 39 46 27 12 28 10 3 57 68 27 14 5 31 17 86 77 22 89 59 2 83 14 41 76 86 24 37 69 87 7 75 98 6 59 99 67 33 17 80 27 16 60 55 28 39 45 21 95 35 88 76 30 93 50 68 95 9 75 65 84 19 41 78 36 81
47 93 68 2 25 67 12 39 17 46 40 81 15 78 81 98 70 29 23 25 7 97 65 86 87 46 96 40 42 26 69 29 86 60 5 32 31 36 67 22 37 76 51 61 24 8 62 70 42 45 45 67 46 67 73 66 12 17 76 83 90 47 67 75 71 61 47 83 28 19 90 17 99 13 74
62 69 58 57 55 30 26 86 25 56 87 30 48 93 95 22 86 63 72 28 59 81 72 49 9 24 85 49 19 16 52 73 37 67 41 61 18 62 40 32 37 99 15 80 69 3 5 12 12 65 77 43 93 49 73 20 82 93 59 95 94 77 51 85 60 67 98 13 14 41 98 92 83 11 95
11 16 30 52 23 38 1 94 11 97 70 30 97 13 89 1 92 55 66 30 33 26 32 31 45 44 33 69 20 77 16 45 75 29 99 34 61 68 70 21 18 92 40 12 32 48 15 73 39 54 45 55 19 39 65 60 64 67 86 4 87 68 75 46 62 28 3 19 24 22 65 81 28 94 92
75 37 78 96 41 51 24 63 13 1 34 77 87 97 26 59 35 76 82 76 13 91 40 2 8 38 23 34 31 2 16 35 13 89 96 31 4 12 23 2 67 16 40 64 22 7 44 99 5 72 35 33 49 14 6 11 63 51 16 45 35 67 75 73 34 8 64 58 9 73 39 48 7 44 84
27 85 56 4 29 13 45 45 67 36 89 7 34 24 32 41 7 59 78 62 89 69 91 36 83 91 4 26 51 30 46 42 26 40 74 92 4 93 1 97 26 60 56 6 59 89 23 79 12 71 40 54 76 5 31 41 68 48 53 18 36 25 90 31 21 98 62 29 32 24 70 12 4 97 22
26 94 76 64 37 59 38 33 80 23 87 73 54 52 94 55 82 62 49 33 15 21 55 75 10 68 56 29 80 88 13 69 61 61 15 44 22 20 68 29 94 49 82 72 59 82 30 10 97 99 31 89 89 29 46 54 31 14 47 25 53 31 43 4 55 56 32 11 93 50 50 35 50 7 62
86 54 22 53 48 14 33 36 35 4 86 85 51 76 69 98 6 8 9 56 93 99 6 26 41 53 31 69 66 95 75 45 26 44 24 78 2 28 86 53 35 71 42 38 85 74 40 11 44 94 47 15 34 61 4 52 53 81 33 69 54 37 60 96 65 24 34 91 75 96 40 95 71 79 75
46 56 26 67 22 63 43 74 32 89 26 33 50 22 92 60 39 32 69 94 97 11 69 74 4 20 13 87 2 78 92 87 80 83 49 8 73 73 39 14 1 55 85 77 58 16 38 43 26 30 6 80 31 70 36 69 16 73 15 17 84 77 47 93 5 28 15 71 68 62 61 86 2 87 28
66 56 75 55 92 91 43 58 7 30 29 13 93 80 5 98 98 70 93 26 59 35 88 25 74 99 2 82 71 12 98 66 97 19 89 35 98 100 65 13 32 36 98 40 78 75 15 37 70 3 61 97 2 20 60 8 3 99 5 42 60 80 79 3 38 21 93 4 66 85 66 97 24 57 94
42 4 76 23 8 17 87 47 2 4 84 74 10 18 88 38 6 100 83 84 1 33 44 90 38 98 26 3 55 90 86 45 84 91 71 11 52 25 60 66 20 34 99 71 82 90 17 14 19 45 59 79 30 70 85 38 58 100 12 10 44 13 61 1 1 14 48 1 70 40 8 85 34 61 86
48 35 60 13 17 50 65 60 22 45 40 12 29 35 50 79 92 64 14 33 32 53 33 58 10 51 56 1 23 57 4 58 90 80 87 80 56 61 39 31 36 37 61 67 4 37 74 98 57 51 80 31 87 73 12 32 99 33 68 12 96 70 30 32 84 39 4 30 78 76 12 64 11 5 45
74 24 92 96 43 62 28 84 8 35 16 86 36 28 66 35 4 39 12 100 48 41 49 22 3 53 66 77 20 87 41 61 6 90 71 91 26 19 65 80 92 34 21 2 51 90 50 78 26 83 30 36 67 48 35 6 42 45 33 20 10 59 31 6 54 33 23 36 74 15 54 9 38 19 64
71 14 8 27 61 42 75 69 54 39 17 3 92 45 48 6 63 88 65 10 28 41 88 87 5 32 56 24 21 88 2 20 5 89 27 35 29 22 83 82 74 57 72 12 1 26 14 35 71 18 26 23 65 66 57 5 63 60 5 14 24 37 66 49 42 3 96 4 36 9 70 96 12 30 31
9 56 14 96 56 2 33 21 54 52 13 69 85 29 94 57 98 10 55 16 12 78 13 98 7 83 11 97 31 17 59 39 44 78 16 97 95 29 79 98 77 36 60 13 23 92 29 45 71 89 44 83 37 22 70 95 46 83 51 67 50 25 37 80 31 75 41 38 25 55 44 25 86 82 27
57 64 58 67 45 81 28 6 16 8 85 70 60 12 74 26 28 42 75 76 24 8 90 45 100 82 54 26 67 89 48 35 94 52 32 74 59 64 49 1 61 13 1 93 60 7 29 4 88 74 10 34 74 51 67 80 63 31 19 14 36 65 18 36 69 22 76 26 17 79 29 84 19 26 77
79 58 66 53 54 8 35 100 78 15 99 97 71 77 97 87 89 67 13 47 73 42 73 46 36 74 98 85 33 9 35 46 33 3 21 87 80 18 72 72 100 77 27 20 95 3 87 45 45 34 45 62 26 19 94 42 97 10 38 42 61 89 60 91 12 59 13 15 49 24 43 43 63 55 28
10 82 79 56 8 43 5 96 36 65 82 98 57 61 49 78 51 54 24 5 5 93 2 87 38 45 96 53 96 72 56 70 32 80 2 42 85 43 4 54 98 12 38 88 54 87 83 55 11 9 79 43 30 13 32 83 8 73 62 49 42 81 71 30 52 75 83 17 9 6 48 25 61 48 72
17 51 88 33 75 6 31 78 7 52 25 59 12 8 23 79 53 39 28 56 85 81 46 74 5 35 3 51 53 95 85 84 58 89 90 89 6 34 65 43 88 65 45 38 73 53 57 40 38 27 73 70 13 63 64 75 1 9 25 89 88 83 9 23 76 90 70 75 51 97 57 96 17 62 58
4 57 63 15 24 26 72 34 55 28 23 96 54 49 79 56 61 5 39 88 6 64 37 91 53 35 1 19 51 11 9 5 50 47 46 79 49 47 69 2 100 92 33 14 33 76 70 90 36 74 59 63 49 98 89 58 42 79 25 84 33 93 17 96 71 12 8 51 48 15 34 30 18 55 49
34 33 86 81 30 32 39 36 98 97 68 52 23 68 44 87 15 60 80 8 35 91 34 47 32 7 85 30 30 12 36 91 16 78 13 70 77 31 55 97 93 89 59 52 6 74 88 59 48 23 57 41 97 26 69 69 25 11 12 84 80 81 21 81 67 56 1 75 31 50 70 30 13 84 42
14 88 75 89 12 32 65 97 58 58 72 24 43 51 58 18 65 100 93 49 75 4 52 39 45 53 69 61 94 94 85 61 59 50 40 100 68 2 89 46 45 99 48 100 29 37 74 91 65 4 13 77 19 36 55 13 14 30 66 95 66 28 59 81 92 42 72 24 100 77 52 3 18 85 2
79 71 100 96 16 32 42 81 71 52 81 65 65 35 67 6 56 13 32 71 44 78 52 43 67 38 93 18 1 31 96 59 17 46 18 54 10 99 51 57 90 46 56 63 91 16 62 93 87 59 88 81 45 12 94 54 41 20 58 50 94 94 78 27 8 87 32 22 27 9 98 9 74 75 69
1 53 22 32 100 18 76 28 7 81 14 11 100 43 82 54 20 11 78 48 80 13 34 12 24 50 3 32 17 64 45 15 9 55 89 64 36 8 57 17 89 52 19 90 95 60 33 49 86 9 64 14 56 73 4 5 46 95 7 99 94 36 76 73 51 16 33 25 75 12 49 17 21 9 92
66 3 96 25 58 33 11 10 35 73 3 11 70 81 23 92 73 27 75 33 8 6 96 27 54 12 26 92 64 53 38 85 21 40 40 48 57 46 2 24 53 88 47 73 89 9 27 79 87 74 10 67 9 78 39 58 51 19 77 95 53 54 2 75 71 1 84 15 38 26 64 53 72 27 82
97 48 55 89 63 56 14 95 45 7 57 36 93 9 19 39 63 37 71 98 7 9 5 83 14 96 15 100 48 15 73 80 58 47 84 90 55 74 6 98 79 14 17 39 63 50 70 22 94 57 81 4 69 77 4 65 76 36 71 17 90 29 33 62 53 70 59 92 27 96 59 38 29 91 98
84 22 99 75 6 96 18 74 9 92 46 87 21 86 81 80 26 83 77 21 93 77 60 46 42 39 29 9 34 49 22 44 92 59 47 100 74 45 2 89 67 95 64 79 6 11 78 31 1 20 2 19 3 53 50 44 77 78 23 43 12 68 56 16 54 3 98 41 49 66 53 45 37 48 26
48 53 16 99 47 73 51 28 50 31 54 72 50 64 63 74 20 46 63 53 81 77 64 19 38 70 57 98 64 63 72 37 60 77 79 39 6 6 47 74 60 24 13 72 86 6 73 37 39 87 11 19 52 22 46 30 67 72 60 71 100 94 42 17 43 73 8 40 95 91 68 74 14 19 50
59 12 30 16 61 20 23 19 45 20 43 84 33 91 76 41 62 70 31 11 87 70 35 69 40 13 61 80 20 4 21 40 12 30 95 86 74 60 96 60 74 41 23 52 55 47 27 35 100 38 43 95 50 39 36 77 34 62 84 84 32 62 42 7 81 65 59 99 35 98 86 5 37 58 95
68 67 100 16 100 48 49 97 25 18 18 14 88 12 33 81 44 59 43 91 5 60 82 3 18 53 85 70 27 79 71 34 80 15 4 11 19 64 3 13 2 60 86 72 2 81 93 30 28 87 81 14 55 96 97 35 25 75 44 14 9 80 24 31 24 57 15 40 51 49 65 68 37 75 78
