20
4
17 4 12 2 13 2 3 1 12 11 16 12 3 14 1 1 19 5 5 17
2 12 11 18 15 13 5 20 3 20 16 12 4 4 6 4 16 12 8 16
7 11 1 14 4 14 4 5 14 6 8 4 4 13 15 19 2 3 1 11
12 13 4 11 12 8 18 3 8 8 18 13 5 16 2 14 3 6 3 1
1 7 11 2 3 12 20 17 7 5 5 18 1 2 1 5 8 20 8 7
1 3 15 8 17 5 3 10 1 11 16 14 16 9 15 20 1 19 2 13
16 9 12 6 15 16 16 8 7 16 8 4 17 4 10 11 14 1 13 10
4 1 5 17 11 9 19 5 11 2 1 1 4 19 15 15 6 4 7 12
2 5 4 1 11 4 10 17 15 12 9 13 16 7 6 15 15 8 18 19
5 16 6 12 12 19 18 17 18 10 19 7 5 2 16 5 7 3 18 12
18 19 9 14 1 7 10 17 3 15 19 7 4 13 20 17 2 5 12 18
19 4 11 19 6 13 14 6 5 15 1 20 10 12 6 18 11 8 18 11
13 16 8 1 17 13 7 17 10 12 19 13 1 20 10 20 5 15 2 3
16 8 16 8 13 16 17 6 19 6 13 6 16 12 8 2 5 7 16 16
1 13 12 16 4 9 14 13 10 10 19 16 19 4 17 15 19 14 15 20
16 11 15 1 15 15 7 17 13 10 10 5 3 1 20 12 1 8 17 2
4 19 7 12 13 1 8 20 3 6 20 15 12 1 5 1 7 16 5 11
18 10 18 16 9 16 1 15 15 16 18 10 13 15 1 14 17 4 12 15
12 12 12 13 6 10 11 4 4 19 16 5 19 20 8 12 2 19 15 13
9 16 6 6 12 14 6 20 8 14 11 20 1 6 17 1 5 19 2 4
6 18 16 2 18 19 8 18 18 10 4 18 15 2 5 5 14 11 5 10
13 15 13 19 4 13 20 9 2 1 7 11 2 16 19 1 17 6 2 2
20 5 4 19 13 11 4 5 12 9 16 3 18 20 14 5 1 1 5 5
20 14 15 2 4 1 20 16 6 12 5 16 20 4 15 2 14 3 14 11
18 5 10 19 2 13 15 17 18 2 8 18 3 10 9 3 4 4 12 5
7 16 1 6 9 18 3 15 6 14 6 16 5 2 15 14 7 7 18 16
19 7 6 16 5 10 4 15 17 2 13 6 18 14 18 19 13 7 7 6
2 9 7 7 17 13 3 11 14 16 10 19 7 7 14 12 12 7 10 9
12 20 6 4 8 11 1 17 17 8 3 20 1 15 12 2 2 10 3 12
16 13 4 14 19 10 2 7 16 11 20 5 10 9 9 5 2 9 19 5
3 20 8 12 17 16 4 5 11 20 8 2 19 20 12 10 14 6 9 7
10 14 2 19 11 3 3 19 18 18 8 11 7 10 13 10 3 11 20 5
4 8 12 17 11 18 19 14 4 3 18 13 10 12 3 16 19 20 8 2
4 8 13 8 12 7 14 12 15 13 12 13 6 5 19 6 20 18 19 8
1 5 15 18 5 18 11 10 11 12 4 8 12 11 7 9 19 7 10 16
1 11 15 4 6 12 6 12 3 14 13 10 12 6 7 8 3 20 20 17
20 10 9 3 16 6 17 16 18 19 14 19 6 20 7 7 7 12 1 15
20 2 11 10 13 10 9 18 2 5 1 3 5 12 20 18 1 15 19 16
14 11 17 3 7 17 3 13 19 2 3 16 18 9 1 20 18 10 6 16
14 2 20 18 16 2 20 7 14 11 13 5 11 19 4 19 16 4 20 10
5 12 4 12 9 12 4 5 6 17 8 6 1 4 16 1 1 14 9 6
13 8 1 7 16 5 13 14 17 5 3 20 11 3 11 19 10 14 5 12
2 1 4 13 8 2 1 10 4 10 5 16 9 13 16 10 8 2 1 9
12 10 14 9 15 2 19 14 17 1 2 4 18 11 13 20 18 12 6 18
19 10 2 13 20 10 16 18 5 5 13 19 2 16 3 20 18 5 14 7
5 9 4 5 15 4 2 13 1 2 1 20 16 6 8 2 10 9 1 16
20 14 7 2 19 9 10 3 3 2 19 15 19 2 11 9 12 9 1 8
17 2 19 8 13 9 17 6 5 9 17 18 15 11 1 17 14 19 1 11
2 1 20 5 5 6 8 11 19 9 4 3 1 2 4 11 11 7 20 2
4 18 15 15 20 3 5 6 10 17 13 13 8 3 14 2 5 15 6 6
8 17 3 14 1 1 7 8 5 19 17 18 16 20 5 16 15 5 4 5
2 7 4 10 10 10 17 17 4 11 15 19 13 13 7 7 7 9 1 9
14 17 5 1 2 10 18 18 14 3 5 7 3 12 13 7 13 1 11 11
12 10 19 4 18 17 7 2 10 11 14 6 13 6 5 12 10 12 3 17
12 5 17 16 20 10 10 19 10 13 4 6 19 15 18 8 15 8 11 12
6 16 8 20 17 19 9 12 18 11 11 7 15 2 19 1 3 2 14 11
18 12 15 13 7 1 2 9 18 1 2 3 9 14 9 6 14 1 14 12
16 20 14 4 4 7 20 15 4 5 16 11 18 3 10 10 16 6 5 20
2 3 19 6 19 8 8 16 1 20 18 8 5 20 20 13 1 14 19 1
11 15 10 20 18 18 17 19 19 2 19 10 4 3 12 2 16 8 19 9
16 16 8 9 11 15 6 16 14 10 5 5 9 1 7 17 1 10 12 7
2 3 15 1 18 2 15 11 20 18 2 9 2 8 4 2 4 20 18 2
17 17 9 9 10 10 10 15 12 14 16 11 18 16 1 4 1 12 4 17
18 8 7 8 13 8 1 6 2 1 7 7 18 20 4 10 3 9 11 9
4 13 15 2 12 19 1 19 17 14 17 20 12 2 20 17 6 5 6 6
1 20 11 10 5 14 18 17 2 1 10 11 5 7 5 20 12 8 6 15
15 20 17 3 19 11 20 19 12 3 16 4 14 1 13 12 19 5 2 20
6 14 19 4 19 12 8 17 12 18 5 3 6 15 19 15 10 1 17 8
9 2 3 12 16 20 17 12 15 18 9 8 10 19 19 11 2 7 12 15
10 14 2 17 11 1 10 18 7 3 11 4 12 17 3 14 16 14 15 19
15 1 17 2 9 15 19 8 16 6 15 9 10 9 14 7 2 11 3 9
6 4 14 17 3 19 9 2 2 2 9 4 8 12 20 18 7 5 10 15
4 7 15 5 1 17 12 20 14 19 1 4 12 9 9 14 17 12 2 14
12 16 16 15 2 19 13 11 14 3 11 14 8 11 1 10 2 10 2 14
8 6 8 3 7 11 8 19 9 13 4 6 16 3 12 19 1 5 3 16
8 20 19 11 15 20 10 2 18 14 12 5 9 2 14 5 3 9 13 1
14 15 11 19 13 19 14 20 5 3 10 17 12 20 14 14 13 6 16 2
11 7 10 5 6 13 1 2 2 18 4 1 19 4 9 1 9 16 16 18
1 20 3 12 11 19 2 17 4 10 12 14 7 6 19 15 7 8 1 20
18 9 17 7 14 17 11 19 4 7 18 10 6 3 4 12 19 11 15 15
