10
4
29 50 55 85 97 79 57 61 81 65
32 77 12 13 64 82 98 54 91 15
26 64 56 55 23 17 55 9 12 77
82 50 28 56 32 86 9 95 98 16
40 56 5 99 71 42 75 46 64 28
33 53 26 4 39 100 11 47 6 58
20 38 51 72 7 43 79 39 14 35
39 10 96 7 93 30 30 18 55 91
35 92 27 31 58 85 86 73 6 57
78 53 100 37 92 26 71 93 55 61
23 7 71 96 51 30 50 1 43 73
64 95 18 75 21 92 99 53 47 51
63 88 77 99 6 28 37 84 65 19
99 70 23 59 43 94 47 15 82 84
51 96 9 100 33 35 40 54 6 11
48 94 88 91 88 66 100 1 89 74
1 99 100 76 34 67 83 46 38 14
98 27 70 67 36 32 38 81 85 45
67 16 31 49 54 55 78 37 79 4
54 42 87 93 79 7 45 82 48 22
13 55 81 11 45 43 3 80 36 88
41 21 34 100 82 30 96 31 18 42
57 74 48 59 69 39 1 30 37 62
91 80 50 15 71 54 57 33 14 20
26 88 30 81 9 82 7 98 13 39
12 86 64 85 78 17 89 13 17 73
41 35 84 73 95 67 45 99 49 7
20 51 92 17 34 51 18 51 69 67
14 71 90 88 47 88 61 82 50 96
73 33 25 45 75 26 6 9 46 100
62 30 17 59 76 18 18 37 1 29
58 51 51 11 1 79 11 74 100 66
10 34 32 36 71 19 18 43 48 30
62 25 13 70 5 54 88 15 53 3
17 82 5 93 36 57 26 20 73 21
11 52 40 73 21 96 100 50 75 81
63 78 60 90 39 35 37 64 61 16
36 95 13 78 49 54 3 16 33 63
51 81 32 22 72 51 32 86 11 36
20 67 46 80 56 92 29 51 99 93
