10
4
16 18 18 10 1 16 11 8 14 17
11 11 12 20 19 19 7 7 1 14
12 2 15 19 8 18 17 4 7 4
20 2 5 1 17 1 6 13 12 3
14 14 12 19 3 12 11 12 9 3
18 13 6 6 17 11 10 12 12 18
12 9 15 20 4 6 3 7 2 6
10 6 9 4 5 20 19 12 14 7
9 8 6 6 10 12 14 16 7 6
17 15 18 14 12 17 14 8 7 8
9 16 3 20 1 4 12 10 14 8
3 9 17 7 17 2 11 11 13 10
10 16 11 4 8 18 20 15 7 10
5 17 6 8 15 3 17 15 9 8
16 16 10 6 7 9 12 16 11 2
11 11 4 5 4 9 14 5 20 14
17 20 17 20 3 16 10 11 17 10
13 14 10 17 4 15 7 12 17 5
13 3 12 3 17 20 3 6 16 14
7 17 13 7 1 16 5 15 19 20
7 16 4 9 11 17 17 3 5 6
20 9 12 15 16 4 10 4 12 7
20 15 10 13 14 9 15 6 4 1
18 10 10 20 8 5 20 19 17 7
1 4 3 9 10 17 4 18 7 10
4 11 5 6 4 6 13 14 20 18
9 12 17 19 10 12 16 3 16 8
1 15 7 14 13 5 13 8 12 3
20 18 6 3 20 12 11 14 8 17
20 6 12 9 2 17 4 10 6 10
2 14 17 9 11 13 18 15 20 4
5 15 20 12 5 15 11 18 5 7
19 20 8 8 10 5 8 1 14 12
6 2 13 2 10 18 12 19 10 8
3 5 8 3 16 13 17 19 11 6
2 12 12 19 8 6 7 4 3 18
1 3 14 5 7 16 2 14 14 3
7 16 13 17 10 19 4 6 8 15
6 19 19 13 17 8 4 12 4 19
3 14 19 2 11 18 14 4 7 7
