65
4
18 50 71 74 47 15 87 75 12 73 69 71 70 75 82 25 94 21 84 61 10 3 30 67 41 6 58 28 19 35 59 52 41 81 2 93 75 8 44 43 40 15 42 8 53 88 93 25 42 82 2 8 27 60 33 42 78 72 24 20 56 63 34 40 68
64 63 53 95 47 70 1 49 59 13 96 1 48 11 57 22 72 70 4 3 77 58 96 75 41 42 10 72 65 78 98 59 5 83 73 87 53 86 52 10 15 23 82 85 52 99 13 84 91 75 33 33 44 97 44 97 97 89 34 79 39 80 4 24 99
79 62 29 24 22 90 20 32 15 61 1 21 46 47 20 88 49 13 96 19 83 71 23 4 16 86 89 16 28 85 59 95 23 47 18 69 88 38 40 87 25 94 27 1 58 80 68 68 3 20 79 38 99 22 91 15 4 41 30 38 99 56 77 21 92
69 24 48 48 97 90 51 33 67 1 11 86 96 37 60 47 82 64 43 13 13 97 38 22 12 7 57 83 84 24 31 60 2 58 75 26 98 27 98 5 3 56 91 99 81 93 17 93 46 7 4 46 68 28 70 59 7 39 21 75 8 62 96 42 27
31 42 61 68 6 12 23 78 1 45 28 70 96 83 72 5 97 84 17 32 5 95 29 95 53 37 57 53 65 25 15 79 9 4 28 39 98 41 63 75 8 37 91 3 44 47 67 23 21 54 100 75 25 65 52 67 64 91 98 73 48 55 9 24 75
49 13 47 33 62 58 18 14 51 32 58 90 76 100 13 65 69 45 84 80 22 22 20 3 66 64 64 75 44 38 22 36 58 8 1 67 25 69 67 21 66 15 46 87 17 42 71 70 4 24 28 76 74 71 80 49 51 15 41 23 15 51 72 21 98
58 89 71 41 42 66 60 50 26 28 82 82 61 9 84 99 74 9 25 47 17 85 7 11 96 88 99 94 21 9 22 50 60 92 18 100 82 45 54 16 96 96 38 61 30 29 45 85 4 89 58 62 36 22 77 44 97 48 36 29 54 62 69 50 84
76 79 61 82 87 3 29 29 81 19 83 68 97 7 48 97 94 69 94 35 46 21 79 48 88 7 30 83 85 86 3 39 28 39 78 78 88 77 7 61 78 40 6 94 16 75 70 45 85 43 69 28 9 55 42 3 100 22 82 17 20 46 80 100 28
13 47 30 16 50 100 61 43 56 27 22 71 43 23 8 85 53 77 79 93 53 52 97 2 18 64 99 77 37 99 85 85 80 89 48 75 86 20 86 87 26 39 55 71 71 16 37 5 78 83 17 12 32 22 31 26 93 74 82 23 72 100 1 69 95
72 1 49 48 13 14 16 16 60 1 24 15 90 98 40 30 2 42 34 76 98 33 11 73 27 69 99 46 78 25 65 24 25 11 87 15 32 26 54 36 28 73 95 75 100 51 3 29 25 92 9 61 94 66 46 50 94 20 33 1 53 2 53 10 87
26 32 84 79 64 34 69 85 70 90 27 100 52 90 79 46 95 31 80 56 54 96 66 17 93 99 86 12 63 8 64 59 16 45 3 2 45 38 14 96 90 76 33 35 14 68 85 11 23 90 62 25 65 8 46 94 64 21 73 33 71 23 42 23 29
56 32 76 60 96 55 93 16 2 28 16 99 30 83 27 7 11 96 7 32 59 76 44 80 40 86 44 93 95 2 10 82 24 79 10 22 4 13 40 11 59 49 67 2 69 66 85 75 12 20 96 62 97 3 49 28 1 67 47 65 7 95 7 37 37
3 88 60 52 73 22 62 90 36 88 70 29 30 14 86 9 15 50 7 16 45 71 75 20 13 25 15 29 12 30 18 62 67 23 87 34 65 44 1 33 29 63 50 48 93 35 50 28 69 20 75 51 65 54 71 7 54 45 81 10 29 39 1 29 89
46 88 41 34 31 60 92 14 39 83 40 82 50 76 57 15 19 32 18 49 58 21 78 90 50 100 42 35 95 58 6 55 21 46 34 63 87 34 84 10 48 76 21 43 90 20 92 29 9 11 17 10 43 6 95 90 25 32 73 11 93 20 84 83 35
67 24 14 64 10 56 97 77 56 49 88 49 14 97 98 18 61 35 41 65 61 56 22 49 26 60 19 62 55 75 70 70 6 80 74 40 35 66 10 5 89 16 24 70 37 62 93 22 77 48 9 78 6 58 35 78 33 87 88 95 85 27 61 29 88
41 47 2 54 32 22 86 100 69 32 55 47 2 98 87 97 22 57 43 50 24 78 39 14 40 45 79 40 80 99 7 57 19 19 46 13 10 44 76 12 55 27 60 37 70 70 7 52 14 87 19 41 18 73 80 18 99 26 98 64 12 4 47 19 91
60 95 67 41 11 100 26 50 64 36 81 19 82 32 61 65 94 84 75 92 13 23 29 6 8 11 63 31 61 97 80 77 83 48 32 33 60 40 81 83 83 86 32 23 39 16 35 5 20 96 36 66 13 8 33 24 29 77 71 8 57 98 15 78 73
68 76 61 69 21 29 98 64 5 48 31 92 4 90 47 67 5 94 62 53 73 49 7 19 51 46 2 92 95 22 52 4 99 55 16 45 95 94 56 10 56 42 74 10 32 2 80 1 32 71 90 98 96 63 82 4 15 27 42 34 63 43 4 21 18
2 2 96 100 17 62 26 100 77 65 18 50 18 60 36 67 38 65 40 48 87 71 6 72 91 72 71 54 33 54 20 12 9 44 99 43 72 68 1 29 97 10 53 82 72 53 15 76 40 32 88 31 3 5 7 96 26 78 68 7 56 33 1 67 73
74 13 29 31 5 99 70 88 85 17 53 2 59 55 48 36 72 57 11 83 49 34 29 57 15 48 69 4 62 38 51 56 63 74 41 73 60 91 84 17 38 99 76 1 43 15 45 51 11 95 5 58 33 93 45 38 91 95 4 94 1 92 45 81 35
84 12 64 4 65 61 1 85 77 36 91 48 66 19 82 59 60 29 47 45 12 15 98 21 92 9 16 99 87 95 18 61 9 74 67 93 15 99 24 56 15 13 56 82 49 66 26 12 97 60 6 29 33 19 48 66 45 78 73 31 80 11 96 7 93
40 4 51 19 55 55 4 39 1 78 10 1 73 65 30 19 74 41 17 55 31 35 37 19 4 91 96 22 85 70 72 41 70 73 88 87 12 88 79 84 48 71 31 4 22 33 82 4 7 64 22 59 47 4 36 17 87 49 72 47 11 62 5 80 60
15 5 69 40 57 88 80 86 37 87 54 7 38 74 100 58 84 75 90 51 2 12 95 81 18 17 25 91 66 85 62 77 98 20 17 15 70 36 69 94 30 7 26 89 5 57 96 57 100 99 22 79 56 67 4 78 39 64 65 90 17 33 19 20 82
66 61 27 84 69 3 86 61 72 31 48 70 96 97 70 87 26 64 66 58 17 10 29 12 74 32 42 23 48 60 17 100 81 83 66 19 10 64 98 64 29 1 81 10 60 15 2 99 55 60 77 28 95 88 13 65 81 87 63 62 15 16 63 99 94
23 1 84 11 67 1 84 55 37 71 66 1 76 19 3 85 14 38 82 70 73 72 57 23 62 32 40 8 42 5 15 20 67 85 91 59 85 99 59 1 63 20 55 16 34 44 97 18 48 8 19 65 92 69 52 23 44 91 31 69 29 55 8 47 85
77 69 89 10 55 94 40 30 92 5 75 5 34 21 68 63 78 3 63 4 58 16 74 26 28 67 35 68 78 82 93 12 28 38 82 12 52 91 34 96 69 42 18 90 13 100 51 14 8 87 1 59 19 68 31 44 92 47 52 75 37 44 24 37 79
84 8 100 93 49 91 98 5 62 25 20 7 22 71 58 81 4 97 43 40 44 62 75 39 97 32 30 30 9 7 29 3 96 42 54 62 38 46 13 49 1 83 21 59 77 100 55 41 94 97 100 89 82 75 10 29 19 85 66 51 71 32 5 31 17
18 80 38 7 39 11 28 34 50 28 100 96 21 2 84 14 29 74 71 45 72 97 17 74 84 34 77 71 48 11 24 80 54 100 48 4 8 93 49 95 1 1 53 68 92 29 26 6 7 59 97 69 74 49 24 65 39 17 35 18 59 9 6 86 71
89 80 13 81 24 66 52 26 12 66 40 73 9 5 49 98 73 86 43 76 58 67 82 80 25 80 5 50 61 44 60 94 67 27 37 17 89 13 80 86 89 48 82 93 83 59 89 1 23 16 33 79 22 28 15 35 3 25 99 43 41 14 18 32 44
73 97 80 100 97 73 30 50 86 61 87 41 25 77 74 92 49 95 36 55 100 70 3 89 35 57 43 39 35 10 6 59 4 65 12 83 22 49 78 84 100 56 20 90 52 23 47 55 98 6 84 8 1 51 88 100 22 23 11 55 21 62 10 25 21
36 60 62 65 32 49 72 49 71 29 30 33 57 15 11 91 59 50 20 67 39 47 14 73 95 62 20 8 75 53 11 51 10 25 9 92 78 8 34 40 37 51 89 37 47 67 35 85 87 71 49 23 28 77 1 88 6 7 74 16 50 75 51 75 58
28 16 72 25 36 21 86 82 11 14 27 12 94 96 42 27 32 55 58 61 5 87 47 13 93 47 12 48 99 73 48 56 76 71 1 98 84 64 80 1 47 80 77 68 45 18 67 41 36 58 51 99 21 6 7 46 5 62 18 46 70 75 48 10 61
66 68 7 56 1 42 94 49 25 30 65 89 20 47 46 82 10 22 38 19 60 89 38 10 12 5 66 90 25 51 70 93 28 14 33 14 79 96 79 73 22 16 80 83 55 57 6 35 34 56 98 73 31 44 42 85 20 72 5 94 98 41 61 10 93
28 14 91 35 6 24 66 58 48 82 7 73 68 96 5 29 51 100 74 37 85 89 33 64 86 28 53 12 38 31 81 60 64 84 91 5 85 30 49 65 48 89 62 24 32 21 24 11 75 31 12 65 29 82 11 100 45 63 90 71 89 22 2 61 84
70 83 54 61 58 22 81 84 77 16 60 39 8 2 9 21 66 72 52 56 96 94 76 66 64 46 58 74 42 42 75 54 67 14 38 34 18 100 99 98 37 60 27 89 25 4 80 74 59 39 7 58 53 81 36 69 15 89 65 13 37 33 68 55 40
16 15 14 51 60 63 63 45 64 42 93 63 19 61 93 47 77 97 80 6 21 44 18 13 34 76 21 20 46 61 59 62 3 33 33 6 4 32 26 79 22 91 10 14 58 57 93 4 100 29 45 42 26 13 96 30 41 34 80 46 33 52 31 76 83
95 42 99 72 50 93 14 7 49 91 68 26 58 73 82 22 22 65 64 77 61 39 46 80 88 26 58 51 93 7 17 37 51 14 59 1 84 54 36 96 19 59 100 50 11 5 100 40 16 44 36 13 64 34 63 82 67 85 30 66 83 88 21 21 61
57 27 9 99 46 40 39 37 51 14 65 59 94 68 66 53 5 87 44 16 86 13 92 14 24 29 46 25 100 90 53 84 79 81 61 41 15 40 8 100 1 33 28 64 9 43 72 99 14 35 15 20 4 69 9 22 38 3 72 79 76 10 97 70 15
90 14 21 45 84 55 44 52 10 20 95 54 12 27 35 53 72 88 34 89 22 69 79 66 11 17 2 92 4 75 83 57 87 76 32 88 17 7 29 65 25 100 95 50 33 94 59 70 48 25 16 24 30 44 59 65 19 40 55 75 80 1 10 100 94
18 25 77 50 65 14 64 57 27 92 79 18 8 80 21 40 64 59 53 98 1 84 46 97 12 39 15 17 94 7 44 43 39 50 71 73 73 6 94 2 78 77 39 87 72 10 83 72 40 6 65 33 20 74 78 32 6 63 65 58 21 79 99 7 68
3 81 17 69 4 73 18 23 61 62 43 17 32 41 18 91 63 15 13 20 21 77 37 79 51 26 70 29 83 98 45 83 67 73 26 94 98 44 56 68 69 58 12 52 19 7 44 12 66 6 74 96 3 29 31 62 94 88 99 27 42 54 39 97 2
34 77 22 52 17 24 53 96 8 42 29 51 27 13 35 42 21 94 71 100 86 89 30 42 25 78 6 77 97 89 79 69 57 32 97 9 28 28 1 8 7 90 82 10 78 76 97 94 35 95 2 40 39 86 52 43 99 62 46 61 92 63 44 80 31
58 53 28 60 29 12 94 43 30 11 53 32 63 94 68 8 54 100 83 54 26 47 46 20 73 49 89 56 21 38 14 19 46 93 29 25 5 31 50 83 37 80 4 93 68 21 43 36 60 71 81 10 89 22 73 93 65 86 77 18 61 95 57 61 90
3 23 16 90 16 4 91 10 68 35 93 95 30 77 49 72 83 59 98 18 27 93 54 42 80 32 65 37 71 20 57 65 65 74 59 82 58 95 86 88 82 36 99 57 76 55 65 31 80 68 19 45 22 92 86 68 29 64 25 29 19 10 28 90 21
47 97 69 7 52 42 7 68 18 2 33 1 56 31 61 62 84 14 32 100 49 65 100 45 37 35 16 52 13 64 87 96 18 40 1 10 86 91 10 45 29 89 18 96 32 16 31 5 31 43 76 23 38 100 57 57 42 52 62 85 91 89 53 8 78
47 38 26 4 73 83 76 75 87 68 13 5 69 49 90 67 24 34 13 28 90 27 5 98 11 62 22 68 68 72 28 77 36 56 30 70 75 1 71 31 94 70 12 4 4 45 90 65 92 51 60 24 12 71 95 48 6 76 60 42 48 47 5 87 3
85 31 25 76 61 5 45 8 23 70 89 64 78 23 91 40 37 21 3 88 4 50 69 59 20 67 27 99 87 51 12 45 71 28 59 10 63 36 28 25 70 27 59 37 59 30 82 28 73 29 17 5 15 90 42 83 52 4 1 96 49 10 39 77 23
51 10 11 84 71 60 5 98 16 32 62 73 25 83 18 29 75 20 95 85 57 3 45 43 5 100 83 98 53 29 1 38 84 71 25 10 68 55 80 7 23 56 58 3 82 65 54 91 7 57 33 25 15 49 79 13 8 47 94 11 88 10 11 63 16
39 20 93 51 84 62 2 31 50 16 8 30 49 29 37 10 90 48 72 93 5 56 24 22 9 93 94 58 13 6 58 32 80 7 26 39 33 37 2 34 27 22 50 54 6 42 69 70 19 4 87 96 26 66 64 13 76 87 51 92 12 87 97 9 7
77 36 80 76 89 33 35 7 70 29 79 41 21 57 73 81 95 59 35 87 8 50 37 41 76 80 69 34 31 67 61 57 89 45 22 6 93 37 11 86 92 59 24 83 38 78 95 53 90 87 55 49 24 38 4 19 92 55 45 99 69 82 45 5 81
19 18 7 17 9 34 72 75 10 96 21 46 63 86 7 26 5 99 16 22 85 99 46 46 3 18 69 26 73 56 12 90 28 29 34 40 38 93 48 98 38 98 39 29 57 72 71 26 69 87 10 18 24 56 7 57 98 90 42 4 20 2 27 51 15
4 97 54 86 57 72 69 63 6 48 86 7 89 54 57 82 65 48 21 66 74 12 33 26 87 72 84 54 98 88 75 32 50 53 61 13 61 2 81 21 54 64 22 44 27 20 4 25 26 55 51 32 74 29 7 63 41 84 94 5 39 39 44 27 26
56 71 59 6 68 66 4 58 42 26 44 70 63 52 21 71 42 81 55 93 90 30 64 38 96 86 89 48 48 2 96 22 55 24 52 46 7 59 92 15 56 33 24 19 31 3 54 90 57 82 44 15 44 9 45 28 15 18 100 34 57 66 96 43 33
59 100 1 39 12 27 66 88 8 21 6 9 56 96 4 56 74 97 35 81 14 19 77 37 75 58 17 59 10 32 23 47 3 87 97 59 24 1 36 84 11 55 67 86 3 14 31 61 95 89 2 21 83 91 22 22 58 45 49 53 68 83 47 34 18
34 62 35 79 32 1 54 72 4 93 14 66 12 30 21 78 94 93 59 17 48 100 62 12 38 46 45 87 37 49 48 66 24 16 75 78 47 57 78 13 84 45 32 12 56 28 67 21 7 76 47 17 27 92 90 43 42 1 5 75 33 77 39 5 79
84 31 3 96 84 47 74 90 76 78 67 45 90 67 37 58 86 27 75 55 46 87 100 21 31 41 19 82 46 15 99 65 17 79 85 14 40 59 91 67 12 15 46 63 56 71 69 53 3 48 58 69 48 81 79 89 18 99 95 15 11 83 73 73 68
88 63 3 46 89 1 8 89 70 5 64 14 36 3 51 4 80 91 18 82 34 76 27 86 2 26 14 34 21 21 60 67 53 27 31 32 12 100 10 37 36 66 73 79 44 55 100 53 34 37 66 35 69 41 6 90 99 87 95 99 63 95 37 41 55
95 26 15 7 96 47 14 48 93 46 67 99 6 72 7 29 75 82 26 33 22 84 92 93 60 60 93 12 95 54 15 90 33 47 86 33 1 88 40 9 81 75 61 25 69 16 56 89 57 75 43 79 88 29 96 90 6 81 23 33 36 30 48 53 3
49 58 100 34 97 97 57 24 72 43 79 74 97 40 52 24 56 8 74 8 92 73 38 86 76 57 79 54 56 6 12 5 71 53 81 14 30 13 64 77 97 28 68 62 28 45 86 99 70 86 40 91 96 81 94 54 74 54 35 89 94 8 57 32 19
90 4 77 57 13 84 72 56 26 38 74 37 28 13 20 82 55 94 35 43 78 1 79 15 81 36 38 27 66 80 46 77 94 89 12 77 47 63 93 86 57 58 6 86 47 60 14 76 79 12 99 81 41 66 82 69 21 18 52 16 12 10 79 96 92
60 80 50 58 78 79 82 82 80 23 78 25 88 61 80 57 13 73 71 37 98 54 59 14 29 22 54 24 69 37 32 10 77 64 26 50 48 10 40 82 81 92 73 86 73 16 53 58 68 51 56 59 5 26 2 66 21 98 80 30 1 69 49 54 65
59 64 61 17 34 77 83 83 56 82 24 72 6 62 10 10 79 95 7 79 87 23 96 49 20 76 29 75 81 100 89 48 4 91 77 45 39 27 38 65 85 29 30 86 44 78 95 83 62 91 37 11 98 28 77 90 75 70 96 70 27 16 100 41 19
46 47 50 52 22 81 48 34 78 80 12 80 1 64 63 1 97 49 44 82 44 23 3 12 96 21 8 26 67 92 81 21 48 27 23 4 77 71 24 27 1 76 80 76 34 93 80 74 92 61 31 17 87 74 22 45 92 2 30 31 77 28 59 97 32
48 16 48 85 86 57 86 46 26 50 3 79 97 91 18 54 43 36 10 51 88 30 6 27 41 49 90 88 55 100 17 77 7 43 1 7 24 26 99 83 60 26 74 54 31 91 30 45 83 74 48 33 78 46 32 95 18 59 35 35 85 99 7 31 27
63 97 64 91 90 61 59 65 82 18 75 56 22 3 12 51 22 67 1 85 31 49 64 53 11 96 98 69 97 3 53 30 29 46 37 76 19 28 80 66 70 32 34 100 60 19 32 96 81 86 17 68 78 86 30 55 41 5 96 1 92 75 46 6 15
56 40 84 84 98 27 38 39 3 76 58 14 89 82 49 40 42 36 49 34 87 13 74 68 24 35 88 64 77 4 99 64 1 23 84 45 43 37 73 44 61 82 68 37 74 53 45 91 9 33 37 56 26 13 35 59 69 38 94 16 34 18 22 11 72
6 3 78 63 97 3 14 8 61 49 69 41 51 35 56 82 81 39 25 82 30 38 54 50 73 65 66 97 80 11 80 82 91 23 32 89 52 35 70 54 18 13 40 81 33 94 88 64 13 40 32 21 67 52 65 96 26 69 34 62 47 29 36 34 11
67 90 31 34 50 29 16 60 47 53 21 54 98 9 53 41 97 37 75 42 33 94 90 59 64 13 46 38 21 15 73 46 26 64 4 31 27 30 52 61 51 49 71 77 21 89 81 46 51 20 3 64 59 100 25 43 84 64 24 97 59 95 61 86 39
57 89 6 4 29 64 13 10 17 94 2 47 71 45 96 50 76 95 62 91 23 93 39 23 47 24 36 43 34 39 95 36 62 44 69 72 17 33 14 56 61 62 85 13 43 3 4 88 41 58 57 100 27 43 12 37 34 34 20 94 42 43 42 8 13
68 5 98 27 46 93 49 77 96 80 64 36 21 82 1 50 34 31 33 30 90 65 4 7 12 39 68 39 32 74 35 94 37 39 35 27 18 89 80 6 30 42 91 12 97 16 72 29 88 55 51 6 36 68 62 24 23 95 99 81 8 46 40 79 2
76 55 18 17 30 22 28 57 77 31 54 62 82 22 41 63 80 91 69 54 83 26 3 41 98 15 64 3 53 53 87 34 100 55 90 11 77 57 81 10 58 17 56 14 41 66 4 79 7 71 66 45 4 51 84 17 21 83 27 79 99 89 4 85 53
49 71 93 13 40 25 81 52 7 71 46 20 82 13 48 23 15 28 99 32 85 54 80 49 68 33 50 23 7 91 59 45 7 19 9 74 81 9 90 81 43 87 56 78 53 56 88 20 7 31 43 100 89 34 48 53 100 29 31 63 45 86 81 48 13
46 61 88 89 46 66 11 95 18 33 54 73 8 32 33 19 44 97 2 35 4 93 95 62 2 53 15 33 33 92 12 81 72 10 50 17 33 23 72 68 76 28 36 20 6 15 70 10 89 32 7 78 55 2 47 55 54 9 51 7 85 24 66 98 90
12 52 98 24 64 92 73 80 64 22 91 76 72 99 9 1 88 43 8 45 77 54 18 9 41 75 94 45 71 60 82 78 42 57 12 29 17 71 38 38 17 85 50 52 25 36 15 58 44 60 77 95 71 99 45 16 38 43 97 33 97 34 40 47 34
94 54 1 31 17 72 74 13 66 72 44 15 47 73 89 33 5 90 77 17 96 47 21 86 20 15 27 18 96 64 93 73 96 88 13 60 34 85 85 60 15 19 58 81 68 22 52 30 43 28 47 88 78 42 25 31 23 45 81 80 82 76 96 89 48
93 74 11 63 57 47 60 85 89 18 66 65 64 1 85 68 65 24 78 100 17 76 17 29 5 46 39 73 28 9 35 10 4 53 27 66 78 25 13 53 79 22 89 76 35 25 53 71 71 98 55 43 85 95 50 22 92 47 22 100 33 71 46 42 85
78 30 10 94 64 49 75 13 93 49 72 39 44 20 12 29 92 22 35 94 90 47 88 34 20 47 7 32 68 30 21 67 74 28 54 77 38 7 15 18 13 47 6 87 17 98 71 44 36 83 67 79 37 88 37 22 19 83 8 87 94 33 69 90 68
87 68 52 13 39 19 30 48 61 2 7 54 74 97 94 66 73 47 77 40 88 98 21 95 63 100 3 96 81 81 68 13 15 32 65 41 12 26 12 51 85 63 67 91 90 36 78 54 52 67 69 37 41 63 35 15 53 79 9 6 47 48 91 8 40
62 53 37 83 47 97 3 27 92 46 8 38 33 5 94 84 96 13 67 48 68 82 7 23 78 20 13 96 66 71 19 46 1 84 73 1 14 45 11 61 62 98 6 84 19 78 8 29 19 100 18 89 62 17 67 77 89 32 40 31 6 7 68 50 84
53 100 61 48 3 75 16 24 31 15 74 16 85 97 8 10 75 65 56 97 92 56 36 96 82 27 73 30 66 89 34 62 65 9 61 58 60 65 37 82 11 64 12 33 6 13 31 75 82 72 72 94 10 52 12 9 32 94 55 20 23 36 86 84 56
75 39 82 31 74 25 85 18 5 92 72 40 91 79 8 60 69 98 64 60 64 26 16 40 52 55 10 63 35 54 18 39 1 82 30 37 58 17 85 54 5 51 57 66 9 78 41 35 72 68 82 95 25 84 72 93 62 73 30 61 1 37 5 97 48
67 53 84 24 27 96 96 21 43 16 87 15 13 2 48 63 83 21 61 24 60 4 37 33 45 90 81 27 66 19 13 85 15 6 98 2 27 51 6 96 62 51 63 72 3 63 31 37 100 75 54 57 15 7 99 9 79 93 83 10 96 10 44 1 89
43 46 90 81 28 5 35 71 10 82 26 28 7 62 18 39 61 57 29 39 66 34 47 95 2 55 21 7 68 70 27 19 70 72 68 20 95 77 37 10 62 68 95 65 62 58 86 44 53 89 44 21 16 57 27 8 78 10 50 89 75 27 36 41 1
62 33 20 39 10 87 54 30 36 74 54 97 83 85 92 26 32 7 25 57 97 97 79 5 60 46 20 64 28 77 70 31 72 60 12 75 34 66 42 15 20 91 64 23 86 60 84 14 95 7 14 6 22 62 80 72 52 36 76 70 23 88 87 64 52
42 98 72 34 64 50 39 2 58 6 96 74 71 29 72 91 22 87 81 21 63 1 56 76 94 11 50 88 77 23 70 63 14 89 13 65 87 4 37 37 23 70 97 70 39 91 48 99 60 30 47 92 63 32 51 21 69 35 42 66 97 37 62 2 82
10 83 100 28 87 50 26 4 12 11 42 91 92 12 87 36 42 36 20 83 47 95 29 77 14 95 83 5 19 13 71 68 78 3 2 25 32 3 4 71 23 72 87 51 32 91 57 60 26 77 55 61 76 16 96 20 26 22 19 28 53 13 20 90 25
100 26 85 14 73 33 64 75 99 43 55 63 27 14 72 32 35 65 2 41 9 23 68 91 52 56 72 50 66 34 15 70 96 83 1 55 5 2 40 6 48 98 22 11 20 66 72 61 72 37 9 80 18 89 45 58 98 13 96 83 13 67 75 11 39
51 31 47 52 79 59 40 85 69 98 83 67 66 49 85 46 25 70 54 54 95 92 47 34 23 99 47 8 26 71 81 71 94 32 34 11 75 6 91 35 29 61 57 84 59 68 74 77 36 53 58 3 60 55 22 57 17 13 87 91 46 98 45 97 26
4 95 83 25 27 45 87 1 35 72 99 16 33 83 84 100 13 66 79 34 25 63 75 16 92 22 22 60 7 87 7 25 100 93 9 35 13 42 43 48 46 1 89 45 21 18 81 16 51 43 15 66 92 28 7 30 63 39 11 77 74 24 97 96 50
35 58 84 47 72 82 90 96 22 54 59 67 89 83 100 72 92 59 19 25 33 83 52 57 47 18 53 72 12 49 8 52 24 84 17 19 11 88 31 44 93 46 38 100 2 44 65 37 67 84 59 38 34 82 26 41 51 87 52 59 47 63 36 18 2
92 71 78 23 90 21 70 3 59 66 58 65 29 18 65 47 66 35 35 12 87 83 64 11 1 39 100 12 2 49 25 59 22 84 22 81 53 70 60 71 24 90 3 67 41 8 78 67 65 36 8 96 2 17 94 73 17 53 8 35 41 87 18 52 42
35 28 96 63 44 33 10 18 72 21 68 77 13 74 95 53 25 60 35 51 74 31 66 52 29 6 65 32 66 57 85 9 91 80 62 35 3 100 68 63 27 25 64 71 35 40 73 52 60 73 23 7 41 40 95 2 65 86 19 11 64 81 30 69 75
66 9 31 52 59 8 64 79 38 77 87 74 20 11 17 47 24 77 75 17 36 57 77 18 16 23 23 13 86 58 68 22 59 1 63 29 45 88 28 53 86 4 23 9 46 16 44 66 91 91 61 61 1 78 86 47 21 1 7 50 30 74 72 42 34
49 76 48 99 14 63 18 59 57 99 50 8 69 80 39 26 70 47 98 22 57 80 96 86 68 13 87 84 96 76 58 54 15 59 20 44 19 97 49 22 34 30 17 36 19 98 20 46 52 89 24 42 97 5 21 86 66 86 37 88 67 52 60 49 61
78 67 1 66 72 44 90 97 77 46 30 71 25 24 31 84 26 42 33 15 40 64 38 16 84 89 81 82 68 94 74 45 14 27 89 54 92 12 21 70 40 45 80 23 32 53 83 61 10 43 91 55 80 86 76 78 73 64 58 52 87 69 88 14 1
92 8 26 44 70 83 59 49 47 98 87 71 74 42 19 89 72 48 91 54 82 56 11 11 65 1 1 16 84 58 40 73 46 10 78 50 73 58 4 66 83 81 37 34 82 39 18 85 9 88 48 72 35 51 49 100 75 60 5 49 22 57 52 21 19
45 47 76 91 74 97 74 56 45 19 87 1 51 39 35 59 61 83 50 22 62 82 94 29 5 92 10 92 77 85 73 59 41 82 69 15 18 41 94 35 68 85 21 19 6 67 12 39 92 41 70 81 43 20 57 46 22 54 49 87 1 54 50 52 100
65 36 18 36 46 9 93 51 52 97 52 23 79 17 93 64 38 51 86 46 28 7 10 35 91 72 10 26 77 26 94 34 26 47 35 68 91 1 65 87 52 44 40 80 47 75 80 53 88 96 19 98 37 52 5 3 56 58 52 53 13 32 49 32 39
22 69 30 33 34 69 2 16 24 43 55 71 33 18 35 6 65 51 69 63 7 7 73 60 86 50 71 19 26 72 76 77 6 72 87 29 100 25 35 2 54 42 97 85 8 10 43 65 38 81 3 47 60 94 25 13 43 28 92 43 98 89 43 91 88
56 77 36 50 65 38 6 61 62 21 92 65 52 32 33 11 18 4 47 45 69 54 40 44 98 71 26 74 50 88 75 39 63 56 38 39 68 90 77 81 38 2 41 6 23 36 31 85 63 29 28 29 4 55 60 94 65 35 27 64 54 18 14 96 58
56 17 59 81 23 66 49 67 84 30 74 54 65 53 37 82 94 2 97 15 31 56 51 37 82 6 22 5 90 68 62 1 100 69 91 33 82 6 17 19 91 91 55 30 96 61 82 33 18 81 77 41 11 13 7 39 78 30 43 99 39 90 3 2 85
72 55 40 9 48 45 72 39 46 33 34 24 21 32 29 45 80 24 59 98 7 32 90 78 91 74 13 25 42 5 56 38 85 69 39 47 91 89 89 71 48 50 64 16 43 35 27 76 86 60 56 21 49 99 78 24 85 92 76 46 94 22 50 62 24
81 50 90 100 18 41 49 25 70 100 48 79 29 54 21 47 61 37 12 99 74 89 97 87 18 30 46 9 95 70 30 57 53 89 60 96 29 11 90 59 63 56 10 80 30 35 12 71 66 40 49 38 44 65 68 94 77 100 70 34 97 71 95 25 75
22 53 24 4 7 15 99 92 64 92 2 89 14 47 20 27 79 20 85 92 1 98 38 30 59 88 28 50 60 56 85 25 38 29 15 36 2 36 43 50 8 66 39 86 91 27 75 7 22 30 2 40 28 70 81 90 63 97 15 26 39 75 62 80 61
65 19 36 74 86 90 22 50 42 39 87 17 36 100 71 43 51 31 79 39 14 74 48 67 44 85 89 17 68 83 84 67 17 88 13 15 61 22 29 83 98 3 67 28 43 35 20 71 76 74 36 87 34 32 19 92 6 32 83 52 52 49 48 12 32
17 94 34 61 45 6 45 14 36 15 8 53 74 64 69 4 76 6 47 8 13 45 33 36 92 14 65 97 35 6 63 39 1 14 89 73 83 92 71 78 68 93 13 52 47 52 77 39 87 6 61 32 31 39 20 25 56 49 81 91 32 3 93 81 99
49 48 80 20 55 48 40 46 79 2 47 74 49 38 39 92 75 40 3 86 52 91 31 36 69 39 41 90 71 75 92 36 71 37 19 13 84 1 41 28 10 19 21 34 64 11 62 45 7 39 35 93 74 77 46 39 61 37 7 10 100 70 54 13 89
47 83 29 22 81 50 19 87 27 3 64 48 28 25 49 81 93 16 20 31 23 74 86 83 77 27 47 26 60 70 69 60 30 28 49 17 35 45 90 67 49 9 30 70 5 21 65 60 85 28 71 76 70 2 38 66 11 18 97 58 62 58 54 16 37
60 67 16 15 92 32 53 38 84 79 92 16 92 98 5 36 25 29 92 28 48 28 67 45 63 55 54 62 21 86 14 52 88 2 16 62 73 9 58 21 56 32 22 1 37 100 46 21 89 1 4 25 39 96 46 29 49 22 39 91 20 26 26 62 45
98 60 14 29 17 47 37 21 77 43 42 22 53 48 94 34 3 75 7 14 79 9 83 6 77 2 81 57 38 26 60 72 40 26 53 88 26 66 7 86 73 54 27 61 48 77 68 89 21 94 68 70 85 71 64 85 84 52 19 91 30 39 99 19 62
36 93 70 14 88 62 10 93 39 62 88 30 80 4 64 31 79 13 24 40 2 26 39 76 85 87 74 90 88 33 10 41 55 69 31 100 83 78 1 28 50 60 28 23 35 40 98 88 51 94 89 32 96 56 43 96 20 33 77 39 88 35 61 73 14
94 30 88 1 37 81 78 38 93 88 77 88 95 58 84 9 76 17 30 48 73 57 13 57 47 78 42 53 86 97 52 56 42 4 50 88 11 66 8 50 85 30 60 37 20 32 73 12 53 36 22 58 77 13 13 96 96 8 96 54 97 98 5 48 36
41 72 58 86 1 29 51 55 92 41 77 69 39 78 38 31 21 41 24 34 46 74 35 56 42 54 93 60 63 72 38 53 25 40 33 83 33 1 23 65 77 7 70 62 62 25 74 89 13 54 40 97 18 5 24 48 31 75 77 51 21 28 24 71 91
77 1 31 16 7 54 75 12 99 39 37 60 19 66 46 49 38 64 48 3 1 59 10 69 33 6 37 59 99 86 66 69 25 71 28 53 3 54 80 6 48 70 38 51 71 74 51 34 9 26 30 55 19 53 97 13 51 78 95 34 60 81 10 83 88
97 45 72 31 39 50 78 13 87 59 22 80 66 56 72 23 1 82 47 92 87 39 16 51 69 66 67 1 42 71 39 42 53 86 91 51 83 95 42 21 80 62 96 62 30 69 4 59 78 86 58 32 94 66 60 57 68 2 68 36 19 45 32 74 70
85 92 47 70 94 96 71 71 66 48 44 1 43 97 57 46 64 64 12 48 63 55 4 24 27 55 16 58 74 52 67 2 87 23 50 14 2 91 47 3 66 88 89 4 14 35 64 46 92 62 70 60 62 86 70 31 31 57 80 50 6 76 97 38 51
34 43 2 66 49 50 54 23 3 41 75 45 89 69 9 54 58 12 7 57 95 50 81 8 97 88 36 80 84 33 94 83 49 31 89 65 56 85 19 73 23 19 43 59 74 36 72 58 14 60 44 10 40 72 87 48 22 60 67 69 9 43 39 93 53
35 48 59 2 33 67 87 68 78 6 68 19 76 36 26 7 31 55 77 22 25 48 97 91 21 26 74 76 70 6 100 70 50 61 50 6 6 76 45 31 12 14 42 16 49 81 95 15 71 23 98 12 42 14 84 58 63 63 84 60 65 43 21 38 34
34 23 71 17 57 50 79 50 56 38 40 42 25 27 50 54 2 57 85 76 100 87 77 58 7 10 33 46 62 9 13 57 50 67 54 30 98 13 89 26 8 36 22 93 62 24 65 1 73 81 21 27 3 9 37 29 19 57 28 5 90 7 24 57 34
59 58 94 59 57 99 94 12 83 29 82 98 20 95 96 85 74 34 29 59 3 79 67 27 64 51 75 53 12 93 18 36 73 91 22 93 40 53 48 14 80 82 11 48 60 30 65 63 1 18 53 97 6 31 30 92 59 93 61 13 35 97 63 89 51
81 73 86 34 99 54 12 74 67 80 90 61 41 41 93 78 86 71 46 93 81 6 73 15 97 34 33 39 62 76 73 41 44 55 55 38 7 48 22 47 78 18 32 65 40 60 28 46 33 18 15 18 24 54 53 17 65 74 51 94 16 40 33 48 30
73 13 68 82 56 21 18 56 28 48 79 86 19 93 60 3 17 12 10 1 56 88 56 43 28 49 55 99 91 64 73 98 36 4 96 40 22 55 80 55 54 99 81 83 86 44 95 73 64 52 1 19 91 88 57 100 12 44 33 37 3 72 57 57 73
3 1 14 65 35 4 62 4 70 78 84 26 13 83 24 77 89 72 34 31 41 20 59 7 1 33 75 29 37 67 76 28 28 12 34 46 15 60 55 12 100 89 78 48 7 7 85 80 86 27 96 88 50 8 90 77 85 55 31 63 20 33 49 33 5
7 67 97 90 57 91 30 17 75 48 36 35 28 61 98 47 15 91 17 46 90 83 78 55 10 48 26 74 84 48 99 36 68 17 26 59 68 33 44 65 53 68 45 18 42 44 36 27 24 14 92 60 20 25 9 42 19 9 27 26 72 48 25 99 54
40 23 5 62 88 55 10 7 1 5 32 43 68 49 58 34 40 91 61 27 74 22 91 38 83 31 65 100 68 18 31 82 18 64 79 40 39 65 21 43 57 80 11 49 95 81 8 22 58 49 12 93 75 73 96 80 58 8 40 16 21 12 41 27 1
62 34 99 79 98 22 22 91 45 20 41 99 14 99 59 64 52 54 90 80 93 2 49 51 37 76 55 25 85 63 93 42 33 84 78 44 92 32 44 28 40 35 85 41 77 35 69 85 46 79 32 6 53 17 6 58 69 83 70 80 56 95 79 98 85
38 43 9 84 56 19 63 70 92 63 10 3 77 63 45 87 74 85 59 67 18 92 37 48 95 2 84 51 64 86 87 57 33 94 87 75 1 56 96 43 87 44 21 56 85 65 37 7 1 2 8 13 12 16 53 52 15 97 95 100 34 68 97 55 35
74 36 69 31 66 53 7 15 52 83 68 75 31 19 24 43 34 79 98 29 15 50 9 18 8 7 12 77 26 18 32 3 41 6 73 23 81 94 11 86 21 4 31 84 1 65 21 9 84 58 78 76 46 31 81 25 70 3 30 70 50 16 43 10 41
13 96 49 50 44 18 71 41 35 39 94 60 8 83 65 51 76 5 94 90 66 24 96 100 56 62 55 84 34 95 67 81 26 43 85 10 47 8 43 21 1 63 14 16 20 98 93 78 6 32 54 27 99 38 46 98 20 6 10 92 65 44 51 55 27
26 40 99 40 44 70 87 22 69 16 21 57 1 99 82 47 68 79 59 19 50 43 88 21 92 71 94 62 45 92 7 12 42 83 100 82 77 10 96 2 97 32 2 42 50 28 96 45 78 38 74 35 82 94 27 52 84 99 14 9 94 35 97 29 9
23 88 14 88 81 89 87 90 47 80 51 41 93 37 95 55 26 57 5 14 45 49 77 91 33 22 77 25 50 48 39 27 92 17 58 87 96 70 64 94 27 67 13 56 10 72 95 32 37 63 54 74 83 63 32 6 98 36 13 50 4 14 45 39 40
12 40 31 46 34 69 64 35 80 71 14 71 37 23 36 8 99 15 67 70 10 79 12 23 4 65 77 20 24 12 91 43 87 2 85 54 28 16 69 9 44 19 74 19 98 9 1 1 87 62 15 15 34 29 5 19 41 68 76 77 5 34 23 56 2
37 21 86 65 91 3 48 46 95 100 70 68 32 16 74 75 43 95 97 77 1 41 37 23 73 80 20 10 96 4 98 95 79 8 50 83 43 46 77 13 45 37 97 96 51 100 35 91 76 9 14 46 97 86 35 98 26 54 15 75 94 52 17 78 66
67 44 44 78 18 73 98 86 28 31 100 31 58 65 83 52 53 8 25 47 81 61 66 80 86 91 74 28 48 26 40 68 36 64 23 85 27 73 84 54 28 76 92 78 62 43 82 13 57 39 32 5 66 72 76 25 36 42 30 49 97 96 88 96 14
70 58 38 62 54 6 42 86 65 19 58 5 40 58 98 57 90 86 17 66 5 13 3 71 32 36 23 79 57 62 4 66 32 91 80 39 41 13 19 99 61 4 94 24 36 89 36 31 74 66 71 69 87 96 92 97 4 47 28 51 34 57 50 68 76
56 47 48 58 92 10 72 33 89 28 82 68 11 19 34 60 65 64 66 4 74 4 43 32 54 35 55 45 72 55 31 26 23 90 48 58 72 62 42 45 7 52 30 1 6 13 6 5 93 98 80 97 44 59 1 79 25 75 72 39 65 29 99 88 41
65 67 73 94 85 5 11 43 5 91 99 53 42 82 92 76 19 90 47 1 86 9 4 95 78 55 19 14 14 3 2 36 52 58 92 98 68 42 48 43 56 73 16 11 55 86 52 18 98 99 22 60 79 32 38 63 60 87 71 76 38 23 18 94 67
47 8 54 98 34 86 81 50 44 65 21 5 25 14 14 94 64 77 75 96 39 80 11 37 47 95 48 52 35 68 61 22 44 39 49 34 36 90 7 15 93 63 46 6 65 75 65 74 68 70 79 33 18 69 59 81 48 80 92 16 2 36 31 68 44
19 46 32 76 21 51 37 35 91 89 39 34 62 34 71 34 87 49 36 51 67 69 23 73 23 100 63 94 81 71 14 89 62 73 41 79 8 67 59 87 33 57 15 30 62 40 71 9 73 65 16 3 44 10 78 66 85 65 83 5 11 18 95 31 80
41 68 5 38 76 35 67 13 40 16 66 24 86 86 29 53 2 63 6 96 43 3 28 97 92 1 99 96 96 87 29 46 57 3 25 43 29 42 75 6 18 72 91 92 62 71 43 86 36 90 26 24 83 73 53 95 77 4 78 64 76 79 99 54 7
13 61 73 29 43 27 33 36 76 81 72 3 22 56 6 94 38 51 37 97 73 46 76 50 73 15 89 59 64 27 69 3 19 58 23 32 26 30 94 26 58 1 42 7 32 58 48 46 39 27 9 53 67 28 29 11 57 85 89 62 12 19 82 75 60
79 2 68 45 57 34 3 68 86 99 82 46 52 15 96 19 19 47 81 50 22 3 97 29 43 20 35 31 98 31 30 56 73 59 39 3 32 26 4 47 75 58 34 30 88 71 4 82 56 47 81 86 95 38 19 40 23 83 95 40 76 12 82 34 67
90 91 12 77 33 57 79 33 31 98 4 27 83 99 67 10 42 37 72 40 79 1 75 82 56 68 52 71 53 82 92 81 70 61 56 52 73 52 71 38 58 93 85 76 90 86 45 79 25 91 76 61 4 17 80 92 25 55 39 14 21 12 96 68 73
84 34 35 65 97 89 87 79 89 65 29 48 67 15 34 49 67 14 7 60 41 94 90 6 87 86 68 57 74 31 4 45 17 3 6 51 83 34 93 54 57 38 54 94 99 78 15 61 21 55 37 43 42 87 55 27 55 69 23 80 27 30 59 99 8
64 70 20 78 12 53 66 2 95 45 42 16 3 87 84 84 50 46 84 20 59 57 15 85 6 84 30 46 53 21 88 4 82 22 10 68 19 61 99 14 15 41 63 60 55 44 78 64 2 41 21 29 88 84 61 7 97 23 28 66 60 39 49 93 39
22 96 80 5 51 70 39 2 19 46 34 30 53 68 49 25 96 42 85 96 90 89 59 95 13 40 55 33 91 5 58 37 4 81 68 97 53 86 90 18 75 19 61 87 7 32 94 30 63 63 68 82 43 47 2 45 28 6 96 29 49 47 25 44 47
26 46 73 22 12 85 66 32 26 26 28 74 88 81 67 76 12 13 81 86 29 98 38 25 63 97 78 80 55 31 5 1 6 27 37 90 4 60 24 16 31 68 80 87 21 24 75 44 48 3 36 33 40 47 37 8 92 28 31 8 20 57 89 6 80
89 66 22 45 2 67 63 96 39 4 54 57 21 76 2 31 31 33 14 62 61 87 82 98 59 69 88 9 52 91 70 16 18 98 65 56 12 63 58 54 4 99 89 78 7 38 94 25 4 98 47 13 75 5 98 47 79 21 49 91 56 1 7 51 67
32 38 91 54 15 74 82 24 26 15 9 36 88 4 40 77 13 96 91 45 21 45 72 12 7 48 46 63 75 93 10 22 55 61 50 53 55 24 11 20 43 51 82 46 97 22 12 63 63 88 41 66 11 21 68 31 100 78 95 3 100 42 3 23 94
34 72 95 26 87 85 22 44 31 29 4 67 60 74 100 20 10 28 83 84 61 60 19 81 90 51 74 17 61 23 43 68 59 60 37 28 94 30 68 36 74 65 96 17 9 47 55 51 45 100 78 92 2 79 39 80 81 47 41 59 11 35 58 6 84
61 79 63 70 2 83 72 17 50 70 10 91 13 11 95 88 18 19 100 84 3 41 67 27 100 85 23 62 35 86 57 70 66 25 24 37 66 96 66 24 80 46 15 11 44 58 73 33 100 68 66 97 30 9 76 3 51 62 88 40 15 94 65 42 66
59 71 29 18 41 14 14 31 40 30 97 75 33 75 21 92 14 16 56 25 28 67 34 49 3 70 19 22 59 24 80 78 90 89 95 50 30 79 74 67 49 52 51 42 12 80 48 54 9 18 31 72 2 98 81 72 91 53 23 90 21 19 39 67 2
49 96 22 10 54 64 53 47 54 63 74 89 95 3 8 94 96 55 80 54 90 73 65 33 56 49 43 10 52 78 37 80 49 59 1 43 94 70 99 61 13 87 11 65 40 4 19 29 58 37 88 56 14 66 89 37 74 59 94 58 43 2 82 68 78
97 22 53 45 99 70 81 8 28 78 67 86 88 70 9 49 4 41 14 94 8 62 76 26 80 90 2 3 40 65 65 71 45 20 18 27 90 96 48 70 93 66 17 72 34 92 2 3 84 58 26 5 22 20 85 69 25 51 22 70 78 10 100 95 25
54 88 5 83 90 32 92 54 22 94 22 63 79 92 75 35 79 34 54 80 10 6 15 90 40 16 28 42 34 32 91 44 86 61 53 55 84 30 76 71 43 99 7 42 6 2 65 49 49 86 4 7 71 62 87 74 80 75 37 88 14 92 70 61 64
10 32 66 29 1 12 88 91 1 6 79 67 2 84 74 24 74 78 34 30 75 75 67 55 61 7 65 12 67 70 95 85 18 7 53 26 40 61 59 53 62 75 8 30 18 78 21 68 32 46 77 6 15 10 84 15 73 22 76 13 99 19 22 36 13
96 77 15 100 15 32 90 90 36 58 52 75 68 29 3 25 48 87 26 33 47 77 24 29 76 48 74 73 79 98 71 20 5 81 78 11 38 29 39 77 34 80 69 32 15 21 38 26 74 33 96 21 92 12 39 69 12 30 48 5 71 61 38 26 94
21 77 67 56 16 61 30 38 60 5 56 20 33 41 61 53 83 67 2 47 26 8 93 11 20 39 10 58 44 25 52 1 13 62 30 7 47 95 16 17 89 88 85 36 19 74 8 64 73 32 87 28 12 34 82 36 60 50 42 49 6 77 64 39 18
76 49 57 77 74 82 31 14 46 23 8 69 50 17 66 91 74 29 66 22 66 100 81 7 31 50 96 33 52 13 54 2 19 86 9 29 79 93 65 18 43 11 23 27 77 81 72 10 42 43 4 32 91 20 49 32 88 46 38 61 49 38 42 62 62
73 28 2 73 12 58 56 67 72 7 44 44 46 35 95 50 46 3 97 95 72 43 89 93 15 75 58 44 58 71 99 1 65 70 23 6 65 14 78 79 100 2 16 57 10 58 56 67 77 8 49 24 73 98 9 5 31 88 99 57 63 14 66 50 100
23 52 3 10 59 7 87 47 74 22 8 88 40 19 40 53 55 96 96 47 53 28 33 50 48 8 43 4 4 96 53 53 7 1 1 51 88 84 92 84 51 61 4 99 48 26 12 8 66 23 4 6 31 57 2 29 22 87 31 52 96 67 70 56 8
91 87 41 72 69 85 71 95 50 94 32 66 86 67 42 89 73 41 94 19 54 20 81 23 95 66 80 85 19 69 38 18 37 11 83 4 41 67 57 97 61 80 44 67 70 86 46 10 16 90 34 63 11 42 28 28 36 72 79 32 57 10 93 93 100
89 53 95 60 70 21 61 35 92 46 11 69 44 74 73 59 99 26 16 93 25 19 5 58 10 55 95 27 88 10 25 23 63 23 71 55 99 100 69 22 46 66 61 87 22 4 81 75 48 22 10 74 12 20 99 54 53 8 61 39 22 99 31 44 93
94 53 82 51 64 45 2 67 10 51 87 56 16 16 56 28 78 61 2 54 26 26 97 31 3 48 58 79 81 73 2 70 77 16 58 42 27 94 51 28 91 95 59 49 36 92 62 59 68 18 35 8 49 33 41 53 81 49 92 8 26 20 27 85 39
47 41 45 87 49 36 51 71 36 89 47 96 64 92 48 1 79 1 4 77 10 43 54 84 53 81 47 43 28 40 97 88 19 17 29 82 24 96 91 91 62 71 55 48 99 68 49 53 15 86 14 77 27 60 98 38 71 43 100 1 94 47 76 60 35
1 58 8 96 16 46 88 81 83 51 65 2 80 81 2 43 94 3 99 82 43 42 34 32 94 78 22 11 93 59 56 72 44 90 32 82 25 46 16 20 58 67 34 67 35 71 53 10 83 93 8 12 51 39 55 29 15 47 88 17 59 54 1 69 51
38 46 23 71 92 35 15 93 58 14 82 49 1 33 58 14 80 27 2 48 13 85 99 41 38 99 28 96 87 46 63 73 86 98 21 50 50 77 76 78 93 14 4 42 96 73 12 11 24 34 13 28 38 36 71 39 32 3 38 18 46 49 19 40 70
56 86 56 41 74 76 27 80 11 24 27 89 29 30 45 81 72 79 85 19 1 32 37 99 25 29 34 13 23 89 85 51 74 82 65 33 88 52 53 19 58 21 27 87 86 65 75 94 15 81 15 81 92 95 59 19 83 18 93 59 68 96 88 100 63
28 1 61 25 53 79 49 14 53 70 53 89 21 67 84 85 33 20 42 56 92 24 72 27 29 47 86 5 2 78 77 86 82 30 71 5 43 59 63 44 32 29 1 12 28 68 95 38 59 36 12 27 27 41 68 13 51 84 42 1 64 74 93 20 5
89 39 41 57 4 11 100 72 70 85 25 84 39 88 44 70 31 92 2 56 87 70 8 44 59 74 69 97 100 99 98 31 88 73 62 74 15 48 72 9 36 58 48 31 48 10 38 48 1 45 17 69 89 82 32 23 18 90 25 69 98 60 67 55 67
63 72 81 53 46 90 2 31 46 12 93 61 97 54 7 7 42 9 94 18 34 79 8 32 21 90 46 73 11 20 49 72 19 35 90 6 17 52 3 12 25 37 51 30 68 18 53 56 40 27 88 100 18 43 83 3 40 76 48 15 88 30 76 58 15
49 4 28 20 92 49 81 7 31 36 80 66 5 34 59 20 27 44 35 45 7 89 68 77 25 53 91 8 69 19 24 59 75 61 67 86 16 62 41 61 68 30 80 30 68 6 18 32 78 21 91 58 23 73 7 86 48 5 85 36 49 7 71 75 29
16 91 32 10 79 26 98 39 32 47 47 96 26 25 70 45 26 7 60 97 38 1 76 7 99 8 12 56 5 54 60 22 1 85 26 87 13 41 75 83 74 97 56 73 52 40 41 43 13 57 42 99 17 33 78 29 57 38 22 91 35 7 40 73 8
35 92 39 82 36 57 75 89 30 43 41 38 78 40 65 10 97 70 38 49 45 52 82 65 77 82 79 87 98 63 22 61 60 54 100 13 80 20 56 5 24 50 63 99 29 87 25 59 82 59 4 94 94 74 83 77 84 69 97 84 77 91 57 76 6
31 27 58 20 80 16 72 38 63 90 73 28 26 52 26 92 14 13 47 70 75 73 85 67 62 16 16 89 40 61 88 58 50 79 20 2 71 28 84 98 83 18 80 54 55 16 78 66 24 39 7 61 64 61 80 90 15 72 21 23 63 74 68 59 77
79 76 14 93 1 36 28 65 9 16 43 13 79 97 99 43 59 22 71 66 71 94 2 37 49 13 95 32 99 3 42 51 92 91 10 79 61 99 19 25 87 6 18 71 70 12 31 2 56 57 9 49 100 34 67 78 83 23 64 27 38 93 25 29 22
27 6 88 1 7 19 62 32 3 96 41 99 89 87 25 47 36 16 85 36 1 34 66 26 32 1 47 3 71 72 11 41 77 39 61 80 98 71 42 5 78 91 49 30 3 82 47 40 64 66 39 70 58 59 92 41 92 96 88 79 55 18 60 68 35
84 5 93 4 32 39 67 95 43 58 54 54 35 53 67 68 39 78 78 69 32 45 98 33 56 62 8 16 15 38 4 2 92 89 100 68 25 29 19 5 93 28 79 58 16 16 21 32 83 72 89 11 69 28 44 5 52 85 92 7 78 16 85 27 14
4 14 95 59 12 36 15 50 78 81 90 26 54 83 57 62 68 98 96 37 74 4 38 60 75 75 60 12 94 4 1 89 14 95 31 29 91 77 27 72 34 68 20 49 41 5 75 80 50 89 48 86 69 43 89 10 60 28 17 14 78 26 55 27 81
55 29 42 77 85 52 66 97 33 14 45 18 42 89 72 46 77 40 75 80 34 78 7 82 10 14 25 61 36 99 25 64 78 94 19 42 29 12 49 60 19 17 20 62 100 55 26 54 92 49 33 73 9 77 61 30 60 76 26 51 57 58 49 24 27
44 60 19 74 70 31 62 7 95 12 87 39 50 6 85 53 83 63 67 19 33 19 86 44 44 100 29 26 48 47 89 51 47 70 10 63 27 19 23 28 98 24 98 62 93 32 69 72 20 24 97 16 78 24 54 26 41 1 78 63 75 94 88 78 63
34 96 59 80 27 41 60 18 76 31 88 79 36 45 32 53 81 90 75 71 18 31 82 74 25 56 72 99 63 54 25 73 75 75 31 2 52 93 35 1 91 44 45 89 50 24 34 39 37 1 99 77 36 31 17 41 37 84 67 20 28 90 73 54 64
60 43 19 17 10 34 2 37 15 96 15 93 72 79 50 58 13 13 100 27 84 57 4 90 96 92 63 32 23 35 64 4 15 15 90 53 71 21 62 84 4 22 73 7 78 53 69 14 13 29 34 36 49 39 84 73 55 69 33 49 68 73 77 90 13
50 61 74 52 97 81 44 64 48 50 59 4 66 83 80 43 74 54 44 28 52 28 5 2 3 80 25 80 77 66 40 27 46 84 64 38 73 4 91 63 34 40 100 58 9 85 46 57 52 1 49 54 81 13 45 24 21 63 71 89 99 32 17 24 22
58 35 20 1 80 6 59 6 22 68 29 93 53 70 28 31 84 73 61 17 24 9 78 59 46 95 44 44 37 44 81 90 45 65 77 24 55 23 82 85 9 87 34 74 6 3 48 5 13 3 97 31 59 10 88 72 49 96 88 25 14 48 23 69 28
42 48 97 92 9 1 23 27 43 60 66 1 35 27 85 54 38 19 87 18 100 26 4 41 3 51 72 39 43 55 5 38 87 9 48 97 72 67 93 12 30 4 9 63 28 67 36 22 41 82 20 92 84 90 48 82 97 28 8 64 90 27 23 37 26
84 72 47 50 68 30 10 63 62 85 47 26 32 85 63 22 2 44 14 96 7 59 25 21 88 93 62 52 57 73 17 10 19 35 62 78 60 76 20 92 86 73 25 1 11 85 57 29 35 4 81 32 71 61 81 11 22 91 100 50 15 5 59 57 52
12 77 40 73 10 72 68 72 52 62 84 30 9 88 1 42 1 50 74 62 38 49 74 46 4 16 86 52 42 68 48 78 83 27 98 43 19 95 77 100 49 71 15 84 98 91 30 67 78 83 80 17 34 73 88 12 1 53 15 12 40 7 78 72 94
8 78 27 19 84 75 51 18 42 59 26 61 89 95 46 86 13 62 25 55 33 92 59 92 64 95 90 67 13 71 13 58 10 57 11 6 22 45 43 35 18 47 81 78 28 76 26 25 4 31 42 81 3 16 92 66 61 81 18 23 75 95 27 45 41
43 46 18 37 6 39 55 47 11 6 91 12 37 70 52 81 89 99 86 5 94 86 96 22 86 16 58 43 25 95 1 5 58 77 28 77 87 32 59 8 47 30 66 12 73 95 1 29 4 18 54 89 43 40 54 15 78 11 16 31 39 93 11 96 9
44 70 25 47 96 3 15 85 19 83 4 40 42 74 8 38 98 31 30 22 100 75 85 27 29 61 79 9 36 41 97 12 37 78 57 65 3 37 89 74 17 27 85 53 97 92 74 88 41 76 57 4 66 36 32 97 19 10 54 58 73 13 70 85 4
27 98 82 37 65 17 63 8 61 59 63 3 92 72 49 5 64 46 21 55 75 77 50 90 20 77 74 92 98 62 63 80 10 67 35 76 20 31 4 69 7 60 67 44 15 97 59 58 49 16 17 89 45 78 57 53 45 62 92 100 57 85 57 60 69
53 87 4 59 65 46 49 22 15 93 38 72 98 40 4 95 62 9 100 28 42 75 6 71 85 30 100 9 12 99 31 91 37 5 25 35 97 100 41 13 48 45 69 2 42 69 46 9 26 91 30 9 59 78 11 57 44 26 93 77 36 1 27 80 2
59 82 51 89 12 27 44 20 34 76 78 17 89 63 58 85 19 17 42 70 36 51 75 26 37 27 77 79 7 82 91 8 83 13 81 50 26 73 69 68 3 24 76 7 49 65 52 2 31 49 44 89 57 52 54 56 61 42 48 77 46 15 60 37 61
51 92 1 78 88 83 80 26 89 36 97 80 5 17 29 96 44 26 2 85 84 10 13 28 47 99 46 3 18 26 94 73 1 96 13 80 11 26 100 55 1 99 78 20 14 17 6 51 20 9 35 21 20 4 52 51 69 84 32 46 9 75 84 7 59
78 96 60 76 52 13 33 25 19 47 58 4 66 97 60 60 80 100 54 20 42 42 19 62 28 1 42 37 34 6 54 30 30 78 78 85 93 93 79 56 59 40 2 43 54 68 13 45 36 92 94 83 68 5 86 94 19 61 50 82 83 48 11 3 35
71 93 85 43 11 13 20 22 59 2 98 7 29 48 99 1 15 65 17 55 31 45 34 67 93 31 68 52 18 20 92 55 93 74 52 35 43 50 32 100 57 79 1 71 27 40 52 23 27 30 65 36 13 55 85 32 21 93 83 63 61 71 99 88 5
12 52 37 17 8 31 32 46 64 33 9 56 47 73 26 16 78 56 83 48 20 60 63 9 62 11 20 49 68 67 24 18 48 51 8 80 1 20 77 20 71 60 50 46 91 100 28 12 98 79 93 100 16 16 54 99 66 97 33 31 10 23 2 51 28
62 28 53 14 82 97 19 35 96 94 85 78 41 53 93 17 78 100 28 81 30 81 35 94 51 61 69 73 27 35 1 90 84 48 55 94 67 31 29 32 9 94 42 74 34 22 96 82 64 21 32 94 66 29 50 6 91 59 2 53 78 65 64 78 44
57 90 70 68 20 29 7 80 48 58 11 24 74 77 92 8 84 75 57 1 47 66 68 12 26 33 6 17 1 29 51 93 34 58 84 95 92 90 1 17 96 27 75 13 45 76 84 33 4 44 56 30 84 5 96 24 32 22 51 23 65 27 40 91 45
17 94 92 6 88 59 88 92 9 100 93 25 65 95 22 37 53 14 21 39 40 78 97 84 98 51 98 70 65 76 79 96 85 51 55 97 9 7 57 95 34 13 6 69 76 5 27 92 95 93 58 25 8 1 27 71 44 78 19 31 39 81 62 68 26
11 58 2 84 70 17 50 75 54 63 36 20 36 61 16 95 31 92 17 67 58 71 15 76 27 98 89 37 87 40 26 8 2 27 41 42 5 42 18 97 98 75 53 65 39 4 97 21 63 43 43 31 73 23 6 18 99 44 99 11 22 78 45 96 15
16 81 45 99 26 4 89 55 52 70 81 90 33 71 5 42 65 66 57 58 39 4 47 1 75 15 12 52 43 37 62 22 40 70 28 71 39 43 5 29 69 19 73 91 96 71 78 10 12 28 35 91 98 57 73 100 86 43 86 31 52 51 92 13 25
12 32 73 29 49 82 41 58 36 89 29 57 9 75 76 40 8 93 7 68 91 36 63 94 5 23 56 1 38 62 30 81 15 13 32 20 50 18 57 93 93 44 1 26 83 96 12 84 81 89 28 10 51 19 11 95 81 66 52 89 71 9 84 66 36
22 80 6 32 68 18 49 54 12 55 98 86 76 85 68 8 87 52 24 18 10 5 92 21 96 17 49 74 48 6 29 86 15 9 90 54 62 12 95 8 27 92 69 15 66 75 7 72 6 43 9 7 74 60 20 91 31 57 80 1 86 35 7 65 54
70 28 35 62 50 41 51 44 77 50 84 64 71 6 62 7 6 100 77 76 30 66 25 20 60 11 2 50 40 66 85 40 31 21 10 9 19 8 9 31 41 10 8 2 5 96 46 11 30 65 61 28 48 70 14 1 42 19 47 94 63 26 98 1 12
55 41 73 65 64 16 10 76 32 84 10 95 80 88 37 36 6 49 92 29 97 87 49 3 27 9 46 66 67 59 35 44 46 69 16 65 20 71 9 24 49 4 74 72 18 58 57 14 34 91 2 11 52 95 97 89 1 46 38 85 63 50 10 68 63
87 38 50 71 75 70 74 56 98 8 56 37 31 86 98 53 16 68 50 25 4 94 13 92 19 100 90 85 51 90 10 8 32 57 32 20 33 49 92 79 28 54 44 94 41 6 25 3 75 57 100 40 33 66 24 6 83 57 3 62 57 70 72 47 39
45 29 44 57 76 12 35 76 57 43 68 4 17 48 53 84 86 5 91 12 12 41 26 18 66 70 42 70 22 27 15 72 24 87 96 70 49 29 31 84 37 77 52 45 55 4 62 90 72 44 68 5 6 44 29 95 90 61 70 59 94 68 97 99 33
8 69 71 33 14 50 79 69 73 100 82 58 81 98 11 52 93 91 9 3 68 70 29 21 44 40 12 81 2 10 1 10 6 25 95 58 4 46 30 45 77 50 11 100 57 94 80 38 56 98 2 62 3 46 34 45 54 31 35 12 11 59 31 22 69
38 100 8 36 49 70 72 31 41 28 9 49 96 25 33 83 51 75 42 18 99 75 36 37 27 18 35 49 38 14 61 17 53 35 38 10 30 71 21 22 67 72 59 83 47 2 30 74 17 66 10 99 28 72 46 40 55 78 58 23 28 81 83 24 40
48 44 28 42 58 80 16 93 58 4 98 33 13 78 65 84 19 69 13 41 87 70 1 9 79 67 65 21 26 76 45 81 73 94 45 24 66 85 25 11 62 45 56 86 12 7 58 20 21 98 97 21 40 97 39 39 48 52 89 5 45 80 86 41 15
53 30 55 49 24 76 21 97 46 93 50 97 83 22 56 56 57 60 59 52 65 39 39 61 14 25 53 61 23 43 6 31 57 53 84 28 72 19 66 69 80 44 84 62 44 95 7 33 83 60 29 20 97 18 26 27 67 81 31 38 24 39 13 70 29
33 58 48 85 56 76 18 18 48 98 1 30 83 38 88 91 16 91 54 98 10 26 63 16 65 29 10 33 82 99 97 10 90 1 99 6 100 78 15 27 40 90 16 46 65 49 8 80 36 34 4 58 45 97 98 29 77 22 54 20 65 8 44 72 92
70 79 16 61 8 67 33 52 37 54 34 9 38 44 94 3 7 39 39 88 35 3 10 29 41 20 12 64 90 62 80 62 26 54 3 27 38 100 35 88 97 69 85 7 79 46 37 85 93 98 28 17 43 41 56 1 21 18 27 50 99 54 4 25 92
96 80 51 2 10 50 37 83 83 14 56 47 65 94 41 73 33 83 8 56 86 43 93 68 16 85 46 49 85 92 46 32 72 62 7 24 12 14 56 81 93 76 56 32 76 95 66 61 54 2 25 23 31 84 82 35 28 2 12 86 56 3 5 13 14
61 96 7 81 98 74 8 70 11 99 60 76 26 51 73 59 30 20 30 63 30 14 54 3 43 13 70 20 78 43 14 29 69 49 9 62 72 65 26 100 86 41 71 19 46 56 1 15 35 10 32 34 43 54 54 13 58 36 93 65 79 14 40 32 27
20 5 43 32 47 82 57 5 28 73 4 72 88 78 75 52 100 46 7 52 18 97 49 13 16 6 8 67 49 23 33 98 21 53 80 33 42 85 82 86 99 45 80 51 33 66 24 10 89 92 47 75 1 20 25 59 54 41 82 77 73 87 46 96 21
32 6 24 38 71 94 82 54 88 20 70 50 84 21 49 12 47 72 96 1 52 89 64 3 45 69 56 47 57 70 8 33 25 48 21 80 37 44 80 45 55 46 44 97 99 78 37 90 65 90 56 70 48 39 52 3 74 86 90 48 1 92 73 89 5
32 87 94 37 55 52 74 80 60 96 67 15 92 3 7 6 40 42 44 93 68 7 37 11 7 49 70 55 67 26 71 47 10 88 26 49 19 86 5 36 46 40 32 6 31 2 81 62 55 84 32 1 37 24 73 75 21 70 93 88 47 7 76 6 18
51 59 77 5 17 70 100 89 9 89 70 36 22 32 60 68 39 28 54 28 31 47 70 6 59 2 83 60 49 18 55 60 62 58 81 6 84 56 83 60 47 69 54 95 30 74 79 19 60 65 47 57 26 85 4 90 1 88 94 56 13 74 41 31 21
1 94 61 24 4 29 33 82 43 48 99 38 87 54 44 24 21 74 12 7 40 62 64 44 84 50 21 5 81 63 21 52 71 46 17 8 72 14 59 6 37 53 16 1 30 15 70 29 72 21 44 29 60 93 36 29 11 92 68 89 9 35 14 69 89
74 50 10 80 37 99 98 97 41 79 82 51 12 33 64 32 63 66 68 24 88 45 90 79 33 16 33 5 69 66 59 46 20 6 100 89 89 56 48 40 1 40 25 37 79 67 71 11 86 82 34 72 57 23 4 57 80 22 76 15 65 46 12 62 60
96 80 82 13 60 13 32 81 64 37 98 64 4 89 47 6 92 50 53 7 36 98 49 41 33 46 92 51 87 5 82 24 99 12 60 49 38 71 13 47 37 84 23 96 90 58 44 32 83 41 92 27 92 79 84 66 52 91 52 60 21 95 4 25 51
14 10 15 62 56 62 53 52 31 26 56 77 69 84 62 24 21 24 31 27 85 13 5 28 42 58 74 48 36 60 90 17 2 59 63 32 85 99 58 95 96 36 65 75 28 34 44 29 90 12 27 32 94 14 34 76 9 70 82 26 86 92 43 100 22
68 88 32 57 84 79 29 5 73 91 34 78 73 88 19 82 28 10 48 45 66 44 51 93 64 84 48 62 76 92 93 66 44 24 87 21 57 31 92 96 67 53 29 50 15 93 5 42 40 54 17 29 98 29 50 13 34 74 87 79 98 16 17 23 94
10 35 31 61 94 78 21 82 87 95 65 45 82 5 59 15 59 52 22 83 31 27 47 59 90 81 43 81 97 17 73 38 46 77 98 68 97 43 73 60 51 91 86 8 97 91 77 57 61 14 99 42 90 48 58 98 2 33 55 58 67 86 27 28 19
22 10 50 79 29 50 68 10 69 91 85 10 44 17 16 32 73 68 8 79 30 61 3 63 80 1 11 80 3 50 100 80 7 34 88 59 74 44 46 3 51 94 72 21 51 98 73 51 21 28 49 34 80 31 20 57 15 4 34 11 13 49 47 60 62
70 93 59 31 69 1 86 61 37 9 64 63 84 49 4 98 56 45 23 92 35 14 92 22 83 69 57 84 6 97 36 8 18 15 17 57 57 94 52 67 88 89 10 51 96 20 16 30 55 61 48 88 55 7 9 56 17 91 99 50 90 50 57 21 43
72 6 41 7 87 94 99 33 10 91 76 88 51 66 41 43 50 55 47 90 48 66 41 60 78 70 69 16 86 66 69 73 39 30 85 50 2 40 33 66 37 50 92 67 17 61 88 92 87 5 91 37 100 20 47 91 11 53 12 70 84 4 67 4 58
37 31 88 82 10 97 13 75 83 38 56 85 38 6 55 42 96 2 20 60 74 48 90 63 100 30 26 72 14 84 35 47 27 45 48 49 28 32 61 66 83 99 77 92 60 65 56 32 45 85 14 50 31 74 50 90 42 74 22 51 35 38 48 58 57
64 14 11 46 16 63 84 87 71 35 41 83 58 25 89 11 45 27 10 60 41 49 7 61 92 86 76 91 98 57 10 98 4 99 52 25 94 89 10 67 47 93 80 78 74 97 47 25 81 50 32 74 73 89 27 90 63 26 5 96 83 32 12 58 65
38 82 26 16 70 46 10 64 72 48 68 48 73 7 84 87 56 90 5 95 5 93 44 29 55 43 38 11 100 4 84 35 67 46 72 61 42 17 89 11 39 40 77 25 57 64 6 53 93 97 76 72 47 45 34 51 19 80 55 94 92 15 88 77 76
88 28 88 17 83 94 93 77 74 80 58 21 62 87 65 84 12 52 22 74 13 45 13 51 46 89 68 49 31 53 20 53 23 36 39 72 1 48 44 17 60 53 58 42 77 44 66 3 59 61 96 66 99 66 84 100 62 89 93 78 35 54 74 49 58
97 47 15 41 87 79 21 59 98 83 28 15 62 25 11 74 47 65 23 28 15 69 88 42 82 33 61 22 86 67 35 91 1 86 51 19 8 78 32 84 99 15 73 26 80 36 72 69 95 2 9 9 63 47 20 50 96 4 15 72 75 88 73 2 48
26 17 23 46 21 43 91 46 46 8 66 46 78 59 56 4 83 13 13 37 37 55 1 20 29 17 97 31 47 73 21 6 38 42 10 95 37 79 54 70 91 25 80 79 21 45 39 48 4 46 91 88 90 14 49 42 4 2 54 52 32 49 65 37 36
31 72 61 42 69 31 18 87 66 87 77 84 29 61 56 89 3 87 39 41 57 86 57 89 23 78 54 50 27 15 47 32 61 26 54 82 11 53 28 52 59 73 87 91 15 70 55 41 54 15 12 20 80 96 73 97 24 24 61 13 9 79 44 53 16
32 98 66 47 83 26 24 65 83 65 67 12 70 43 35 7 54 95 72 83 22 38 57 61 38 24 48 42 68 29 68 44 35 61 86 5 74 28 90 64 80 27 76 49 87 95 90 56 93 70 65 63 78 19 8 100 95 23 78 50 4 22 60 96 72
8 23 37 40 70 32 13 9 54 88 93 57 63 30 8 69 42 77 48 32 34 16 28 70 93 57 40 79 86 95 4 36 14 12 44 22 13 85 95 46 88 67 80 94 100 89 63 23 80 87 36 26 91 29 47 2 26 97 2 6 13 4 11 31 42
13 25 7 54 23 27 36 27 78 65 73 28 20 91 25 100 94 1 98 12 66 55 66 71 40 32 88 97 25 29 22 89 11 56 50 83 82 87 77 27 75 28 40 84 20 85 50 82 21 90 19 80 68 22 23 61 80 5 74 32 50 65 60 42 46
85 77 95 6 4 95 88 69 68 78 10 70 99 40 73 64 100 90 74 73 89 19 4 47 15 82 28 78 26 8 46 65 27 28 36 73 29 90 39 57 17 83 16 88 47 14 81 28 20 50 96 46 98 13 29 100 27 49 84 60 84 21 19 78 31
100 52 53 4 66 6 67 36 11 26 29 85 14 28 36 43 91 65 50 54 55 48 14 66 18 72 39 70 13 71 8 69 42 45 54 81 34 54 17 56 76 29 20 83 25 40 45 5 42 42 85 30 22 90 17 23 72 88 41 74 26 39 12 82 17
53 82 11 86 100 63 66 65 61 46 23 65 95 31 40 5 84 47 7 90 84 37 69 60 67 92 85 12 92 36 87 66 88 93 40 94 27 28 23 7 20 89 27 5 1 43 72 34 78 23 87 92 18 67 40 62 59 50 37 53 76 30 68 52 35
75 16 64 79 52 94 86 23 12 55 36 42 83 73 32 22 78 26 100 51 31 33 93 3 9 35 93 94 58 73 33 35 94 77 34 66 83 82 37 94 30 63 94 37 43 47 75 84 73 83 82 4 96 60 13 47 40 34 22 30 43 89 32 81 28
47 91 20 4 81 17 81 34 72 25 84 22 100 10 75 31 36 39 74 7 32 10 4 27 6 81 70 30 45 54 8 99 96 92 78 6 88 57 93 7 64 40 84 62 39 9 65 56 90 66 68 96 62 30 91 41 84 28 87 76 76 2 96 83 54
25 96 7 57 49 24 74 10 55 37 38 99 40 7 95 49 88 43 46 25 80 84 70 63 43 42 72 59 66 4 58 13 73 90 53 5 86 21 4 58 17 100 79 60 7 91 69 91 8 62 23 30 27 43 24 55 83 44 16 34 30 16 31 17 34
11 5 21 95 11 45 41 51 99 6 59 17 5 66 68 78 46 79 43 62 76 56 77 36 53 80 82 95 75 43 63 87 99 52 40 39 38 12 46 89 43 17 73 95 29 38 35 36 11 32 90 66 60 66 84 54 58 70 28 75 81 76 40 25 32
50 91 19 75 30 86 11 91 50 33 50 86 90 55 11 99 57 37 49 32 27 28 5 91 7 78 62 100 39 85 83 80 83 54 2 20 77 17 100 72 66 26 45 53 97 52 93 56 10 82 54 96 7 51 71 13 82 99 62 59 20 7 77 24 89
2 12 44 19 86 19 24 89 4 35 66 66 74 69 10 10 24 36 20 54 40 67 68 7 76 72 15 43 77 9 72 18 98 49 1 25 78 75 13 72 14 49 96 8 81 27 41 14 70 85 11 16 9 25 32 16 72 69 29 65 87 53 86 100 82
24 62 86 21 75 76 78 96 60 30 37 30 35 3 21 97 63 65 54 28 71 65 7 78 73 69 51 36 1 7 62 38 9 75 51 44 24 12 50 47 96 48 1 81 8 1 46 33 69 49 47 91 50 8 82 83 47 69 95 76 1 43 18 89 87
35 4 36 80 80 70 35 92 53 15 29 35 55 30 28 42 96 10 74 69 66 71 1 65 17 17 78 31 96 4 32 45 70 4 85 45 80 3 15 89 85 94 86 14 74 85 82 24 98 16 38 97 48 97 6 87 5 31 98 56 37 52 78 69 40
67 79 20 93 12 84 85 75 5 42 14 48 73 44 68 43 18 97 52 99 94 42 86 10 89 74 25 62 25 23 97 36 1 87 66 82 5 71 58 26 45 6 75 91 31 26 5 66 61 37 5 94 71 60 3 48 96 11 1 81 72 24 59 35 41
3 88 70 3 47 88 57 91 75 61 84 100 60 15 75 24 14 49 20 10 50 40 83 82 27 94 5 82 71 34 83 80 97 20 30 65 64 81 91 1 64 86 83 55 51 61 93 72 62 72 41 52 89 91 83 99 35 89 83 29 14 67 19 53 87
18 1 75 59 96 46 72 43 45 64 8 82 12 64 76 86 4 78 32 100 65 38 95 85 84 83 81 5 40 33 34 27 85 92 8 32 35 93 6 65 76 76 85 75 3 86 100 97 42 53 83 73 59 70 56 74 57 89 19 95 2 91 84 92 62
79 7 92 14 32 25 9 35 50 71 58 61 48 95 95 46 20 9 35 50 56 71 72 16 74 68 86 86 28 80 20 3 93 83 11 30 37 22 71 79 4 8 9 87 31 14 66 51 68 70 75 40 81 83 5 23 9 62 19 38 61 15 38 37 28
62 100 66 17 52 78 63 28 14 51 64 2 41 48 100 13 59 90 65 85 19 52 96 10 39 87 48 52 86 94 87 21 24 97 73 79 75 97 1 15 5 88 24 19 36 69 94 92 62 21 21 48 64 34 38 33 28 28 88 40 68 90 10 61 33
95 2 42 13 100 85 76 81 37 41 67 27 8 48 70 99 46 53 17 39 92 56 95 98 66 13 49 46 75 34 27 52 81 77 73 13 26 10 39 50 47 29 22 4 34 45 38 49 8 76 16 43 34 70 24 20 4 84 58 88 57 29 63 63 52
80 15 76 68 47 97 85 89 4 72 66 94 65 10 13 18 34 28 63 12 57 88 70 51 89 49 42 35 80 48 76 75 2 81 63 52 82 76 75 2 3 27 12 20 33 65 66 35 23 21 98 6 62 41 29 57 23 96 28 56 41 34 67 66 1
28 66 72 86 4 74 95 47 27 100 92 40 38 12 81 45 1 11 89 13 88 92 53 14 3 89 92 19 45 24 45 2 79 13 13 30 11 23 4 68 92 1 70 31 18 66 30 74 82 98 8 95 52 86 74 93 99 11 63 12 60 27 55 99 25
85 80 21 43 60 44 48 99 91 4 55 73 92 51 10 35 79 99 47 38 93 5 82 27 57 47 55 49 14 55 5 62 13 32 20 98 1 64 32 57 61 8 3 79 72 92 53 30 59 68 15 32 94 23 70 71 75 100 17 59 19 10 88 47 66
