65
4
1 26 73 47 58 61 25 20 90 100 23 93 28 59 90 17 33 78 98 98 83 32 24 59 13 54 96 4 92 90 91 15 81 66 40 45 57 33 70 57 31 59 51 26 31 75 89 68 54 98 54 41 16 28 68 24 41 88 79 95 68 28 20 86 82
21 42 62 97 99 12 26 47 63 60 73 4 57 44 69 34 16 40 35 77 10 12 18 1 61 50 79 69 82 65 25 69 94 75 44 63 37 49 91 55 90 88 18 67 80 87 88 11 71 21 4 75 37 71 30 20 97 75 37 73 9 6 15 98 48
63 27 24 49 72 92 20 57 44 18 11 35 36 46 97 58 11 87 36 82 26 14 71 62 58 8 18 34 12 3 46 12 52 86 48 11 13 3 84 60 38 82 32 15 28 11 97 73 95 71 57 11 63 81 77 64 20 30 43 3 20 81 89 61 27
3 81 71 54 52 89 9 77 35 43 34 71 78 82 54 47 14 21 2 78 82 46 52 50 4 14 23 61 85 29 53 84 75 1 71 96 14 9 45 80 7 53 89 66 43 58 54 54 99 18 20 17 56 69 61 37 62 90 4 88 59 79 9 15 69
3 41 57 2 85 36 57 64 34 89 64 60 57 73 91 56 81 57 90 22 21 60 61 22 7 56 9 37 67 70 19 60 15 40 75 93 65 69 85 96 74 34 33 27 25 66 60 90 44 50 24 75 53 81 3 63 8 17 34 8 84 44 80 32 34
20 17 48 84 9 23 68 54 48 48 69 41 37 37 15 12 31 11 52 99 75 59 100 87 54 6 42 77 18 83 86 18 30 2 3 33 60 30 91 75 82 54 86 5 74 97 58 55 5 90 1 57 18 40 1 26 35 59 71 45 79 38 48 50 45
70 93 90 59 24 79 99 57 43 46 33 30 9 18 49 57 33 82 20 28 5 68 19 42 33 24 46 54 94 3 95 78 87 54 8 62 49 59 34 30 91 41 76 8 40 90 18 19 35 17 87 65 96 48 89 34 26 25 24 48 88 54 19 97 51
54 18 35 19 9 40 74 18 91 49 35 6 86 91 4 65 85 49 76 97 27 95 25 8 88 73 57 47 8 94 96 77 53 1 87 15 35 19 42 100 55 12 9 60 89 70 3 13 88 9 19 24 43 38 95 18 98 51 44 31 80 4 8 23 67
46 99 26 59 44 40 26 94 44 38 80 91 79 41 15 33 45 59 32 59 57 48 94 61 40 33 46 78 37 86 60 95 54 22 49 25 9 60 12 50 59 48 10 94 96 100 28 43 48 30 74 30 49 95 1 46 93 54 89 58 71 48 68 25 71
95 77 4 26 36 35 92 36 38 84 52 35 81 89 87 87 33 96 25 24 55 33 19 9 12 74 29 32 9 56 4 23 28 87 83 83 74 82 12 96 81 99 34 3 1 8 68 64 86 23 7 1 30 61 9 90 52 53 76 51 47 42 53 44 17
76 82 64 12 13 66 4 59 48 57 49 73 86 59 80 32 14 85 29 74 66 78 60 37 78 69 17 59 85 83 94 15 16 97 18 31 12 54 64 87 68 71 3 25 31 69 2 71 9 39 76 19 80 15 51 30 55 66 23 30 91 14 52 99 23
84 58 7 27 14 25 79 14 94 84 96 27 26 13 71 95 55 55 40 10 62 16 23 4 21 62 51 69 15 32 76 99 45 27 11 85 65 19 52 85 33 87 27 53 98 59 55 83 84 16 6 26 95 71 88 9 3 41 76 40 20 37 84 28 20
75 89 2 67 73 89 48 90 72 46 91 80 84 83 25 100 42 82 60 96 65 29 68 45 75 78 36 62 100 76 90 22 26 40 100 67 87 95 17 50 76 37 66 3 23 65 43 18 72 53 6 27 20 28 84 19 62 33 4 5 7 39 32 46 14
89 45 6 11 9 25 62 15 66 6 24 95 27 44 52 40 69 36 67 1 14 3 17 89 8 48 42 24 45 59 65 71 55 61 21 37 19 89 100 47 81 95 95 2 31 61 97 28 54 24 63 76 30 47 31 28 33 36 67 94 32 52 51 37 84
70 49 34 70 82 42 38 97 44 89 65 51 12 57 14 9 84 77 82 79 95 96 59 45 14 60 43 30 60 15 49 23 44 79 77 47 95 12 29 26 90 26 6 53 92 87 74 71 95 29 92 29 89 88 65 94 41 82 75 58 69 19 4 10 95
1 33 16 7 73 21 29 36 88 17 17 89 85 80 17 46 13 84 69 73 57 23 76 88 21 33 62 56 12 46 46 92 75 78 79 79 41 78 9 7 96 37 65 24 3 1 12 96 56 76 69 9 58 1 26 1 16 49 55 30 68 78 48 82 94
53 84 16 85 90 35 84 74 30 35 30 12 66 31 94 73 77 80 3 26 11 69 6 95 51 44 43 45 21 19 66 96 46 55 51 4 96 11 10 8 22 71 22 16 50 53 36 30 41 73 83 74 50 90 26 96 39 23 37 87 3 7 48 90 86
94 5 91 82 6 27 96 58 42 81 29 21 27 97 63 1 25 86 74 46 18 46 36 41 77 100 26 68 28 82 32 13 45 58 24 16 28 38 47 16 95 58 28 78 43 23 37 8 50 53 98 50 94 16 52 56 54 69 88 52 33 45 52 86 69
61 33 47 28 26 99 85 46 31 90 47 67 20 5 63 18 71 5 41 67 93 68 44 31 86 46 93 100 21 100 92 22 33 82 78 74 70 17 46 22 60 70 21 70 9 37 16 7 31 8 6 57 37 68 60 38 45 13 53 96 31 25 65 41 14
80 70 68 89 48 76 95 44 80 20 67 43 76 60 34 32 65 88 61 45 62 81 67 54 6 71 65 64 54 52 1 44 17 94 99 18 45 4 70 38 37 3 23 40 31 31 28 18 55 49 22 82 27 97 52 44 84 29 27 18 84 5 86 63 96
87 31 14 68 62 12 58 6 97 26 34 46 31 28 36 17 9 3 28 29 83 13 90 69 56 92 72 54 60 38 62 10 61 80 40 14 77 72 8 12 35 63 16 36 14 80 32 97 8 99 94 48 45 14 45 13 47 87 87 71 23 29 17 54 26
54 89 46 80 24 95 57 65 61 49 23 42 8 16 17 91 99 78 31 18 56 13 85 99 32 69 35 65 22 49 61 23 42 61 43 30 8 100 33 83 4 20 67 62 7 12 16 54 63 84 9 59 17 7 32 16 57 82 45 84 48 79 7 84 13
20 28 12 34 59 16 75 37 28 45 59 58 81 12 6 6 83 43 34 17 74 39 40 20 52 14 29 83 17 60 30 33 83 82 58 13 77 39 45 10 4 18 7 5 99 62 35 30 54 84 65 34 20 86 26 57 82 64 61 25 88 66 77 36 77
93 21 71 76 69 59 94 23 75 90 85 6 73 33 26 50 76 15 75 52 72 16 22 23 74 60 12 54 42 43 98 17 11 5 96 44 42 14 91 78 21 55 1 20 68 34 77 86 5 52 4 80 69 84 84 62 100 31 57 8 8 5 33 97 12
37 23 25 19 4 16 8 31 25 83 13 71 29 63 55 4 86 84 8 89 78 82 88 8 81 88 10 6 79 62 53 86 4 34 100 47 21 6 91 91 72 76 45 24 38 77 92 52 27 28 25 77 11 39 92 94 12 55 32 73 25 32 13 10 39
9 26 88 3 17 14 9 82 8 6 73 34 47 92 89 1 56 60 15 29 12 47 72 47 73 12 90 38 54 100 29 77 6 89 38 65 48 48 5 57 79 3 6 3 75 22 95 5 20 53 63 21 27 31 76 79 65 74 83 12 3 4 25 11 30
35 22 34 63 64 81 65 53 39 80 6 65 98 70 17 21 9 26 23 13 88 12 18 70 61 54 23 52 56 3 59 98 65 56 64 75 97 90 97 25 53 99 29 5 33 2 79 70 85 8 56 97 90 72 2 75 97 28 65 95 47 19 9 42 73
29 93 53 2 34 26 21 16 44 72 22 5 34 56 64 93 30 55 50 9 41 81 35 92 22 22 19 62 8 28 64 60 57 81 48 73 76 45 38 23 89 1 67 97 1 6 90 41 6 58 21 17 84 86 55 44 2 77 45 58 47 32 54 76 99
80 52 72 45 1 28 48 59 79 62 4 93 50 45 91 17 8 13 17 71 52 46 56 4 30 53 90 87 66 23 41 48 63 40 31 12 28 23 30 96 71 24 59 55 16 84 78 87 45 11 68 83 54 8 43 42 33 91 15 19 94 21 44 90 48
11 53 64 40 68 13 76 50 43 90 97 23 45 55 34 59 30 49 91 16 57 11 34 78 36 5 3 29 83 78 10 34 22 50 2 74 87 98 39 24 82 93 47 91 80 50 38 2 84 80 26 18 89 86 35 22 91 45 88 94 100 18 63 41 67
28 92 74 5 86 20 77 92 60 21 47 64 47 83 12 8 61 12 26 4 82 77 60 50 39 70 80 73 69 74 34 35 11 67 84 60 6 62 67 61 74 16 20 52 95 40 52 24 98 61 69 77 75 72 79 8 17 61 26 97 79 67 17 48 4
20 93 20 75 90 30 26 53 33 33 92 41 2 66 74 74 15 43 77 94 30 49 97 33 9 83 53 99 73 59 14 52 52 78 92 93 55 86 68 92 90 7 73 86 79 63 60 27 33 27 57 98 14 21 3 94 22 23 32 61 32 25 57 32 72
10 94 78 62 62 23 54 38 46 41 22 28 46 25 72 41 35 46 86 54 6 49 50 88 33 42 8 64 11 14 77 40 9 63 67 57 96 86 83 29 83 8 54 74 62 16 100 69 61 31 60 82 79 70 42 68 71 49 51 15 71 4 75 65 21
53 51 80 68 65 6 57 72 1 42 86 55 10 26 100 1 30 99 62 59 35 55 72 52 45 46 35 90 91 5 21 75 74 46 3 48 48 63 32 100 28 39 59 56 81 73 79 51 14 97 42 1 74 27 4 45 96 69 28 87 28 88 16 76 96
20 48 54 39 67 68 51 42 7 32 68 84 23 95 63 77 40 88 83 52 75 95 5 98 32 42 10 32 89 57 41 12 13 9 98 72 5 93 13 33 15 51 39 31 78 57 29 41 21 89 17 44 62 80 24 7 79 25 14 49 85 12 67 86 53
32 19 30 29 4 81 90 33 46 37 67 12 77 89 74 84 63 36 52 93 94 27 10 84 13 21 58 78 20 35 27 82 70 22 49 84 64 78 68 72 43 31 89 86 73 31 49 31 46 27 63 92 63 86 62 7 44 74 66 28 52 24 51 9 93
56 45 77 7 77 11 63 57 40 68 31 38 9 25 26 56 36 81 84 84 1 23 23 67 80 4 89 48 85 73 73 52 22 14 5 32 77 68 13 83 4 23 56 39 22 22 77 34 33 80 23 73 77 52 40 17 16 45 73 16 68 13 38 67 53
54 13 19 71 40 24 20 80 47 73 67 26 69 43 15 73 41 87 88 46 33 90 23 73 35 82 97 89 51 17 93 30 43 98 63 93 45 18 31 88 57 78 19 88 11 78 77 37 2 4 41 39 53 44 16 41 83 26 55 26 38 91 26 34 78
93 76 20 92 32 13 13 77 17 71 95 95 17 20 31 11 35 58 49 37 22 31 61 66 95 41 19 18 15 19 13 31 80 54 17 45 80 83 75 33 24 36 49 39 50 52 100 1 26 39 58 99 88 60 67 7 23 6 75 80 45 27 93 9 85
2 13 98 100 71 84 43 70 59 85 44 4 89 78 85 13 8 53 92 24 60 53 59 17 87 38 37 6 75 66 63 7 10 62 59 23 16 69 52 96 54 75 49 87 18 45 2 22 57 86 89 5 48 76 36 67 90 62 37 24 12 4 86 78 81
83 53 38 49 85 65 45 68 19 93 13 10 46 51 46 39 88 43 20 20 15 60 68 97 94 71 63 70 5 68 74 37 45 82 65 63 15 29 89 5 30 90 33 42 90 17 41 73 73 37 80 26 13 9 24 96 96 73 100 84 37 18 77 36 99
80 63 65 5 32 43 50 47 91 100 92 54 32 21 24 67 85 53 94 58 11 8 5 52 36 28 42 86 44 53 8 61 89 78 89 91 55 86 33 14 5 85 73 81 68 77 65 61 92 16 47 60 82 40 25 39 14 68 45 54 13 70 70 8 85
91 77 40 82 8 87 92 12 51 62 2 46 88 52 43 98 52 42 25 71 95 45 96 30 63 13 84 95 31 83 43 67 45 14 24 11 62 10 43 54 67 26 45 41 86 88 24 86 69 71 57 39 60 87 5 76 89 51 20 75 20 96 89 22 46
7 8 21 33 10 60 48 27 80 78 54 23 70 32 72 7 85 98 71 74 71 60 14 86 57 97 32 23 10 71 38 24 42 97 74 1 17 4 34 17 39 59 81 83 67 54 44 92 68 21 26 47 30 65 74 71 46 76 15 51 68 2 41 98 99
94 40 82 33 37 100 48 10 34 72 100 19 30 47 93 47 82 68 95 89 68 32 64 18 62 37 73 81 1 6 100 25 58 37 13 46 70 13 41 74 66 32 81 40 2 21 100 87 69 26 33 1 80 87 82 55 81 47 54 83 5 21 98 56 43
47 74 70 94 68 52 79 23 22 46 72 7 87 39 81 34 5 76 51 55 42 75 48 28 33 11 52 92 26 41 73 33 73 57 95 53 64 51 6 83 19 94 50 20 78 71 36 66 94 94 60 55 14 98 99 24 56 10 93 41 21 71 9 96 58
44 95 12 88 83 5 59 78 8 98 6 24 96 70 55 17 21 95 92 71 68 17 39 42 93 24 24 28 6 31 87 55 75 7 50 54 15 54 31 57 54 53 9 24 59 32 56 99 1 84 59 89 58 12 42 51 79 3 35 93 60 95 50 77 52
65 56 38 91 66 21 94 30 54 78 20 76 16 81 63 28 8 62 85 56 16 16 86 43 31 38 32 73 75 65 67 80 73 50 38 81 31 96 73 6 2 84 57 9 1 18 93 96 65 90 12 2 88 8 91 82 76 51 72 27 35 39 52 53 58
86 10 88 33 77 71 55 39 55 29 51 13 35 60 75 67 91 46 89 78 65 20 55 38 56 66 64 19 74 14 19 83 55 17 72 9 2 86 19 28 41 18 22 88 30 77 70 29 12 25 38 88 53 82 66 82 23 9 11 7 100 66 79 31 1
7 41 1 99 7 81 70 20 1 90 90 66 43 96 75 21 67 11 77 43 80 93 24 65 23 30 44 83 60 31 53 40 80 13 15 75 14 43 59 88 81 46 40 72 88 8 98 64 64 39 86 42 11 4 64 61 71 68 36 33 36 62 73 55 91
20 76 88 12 81 21 53 61 30 7 57 37 74 42 26 14 99 59 46 10 43 58 46 35 60 23 82 77 82 8 31 89 91 36 96 56 33 10 79 84 39 68 48 23 84 89 30 60 82 5 70 96 41 37 24 6 39 35 78 67 25 76 24 93 4
50 18 4 51 37 88 57 98 58 55 65 100 92 59 89 64 17 4 24 73 92 57 93 99 64 54 4 10 25 92 60 43 6 22 12 97 3 7 29 1 72 19 41 3 43 55 79 73 65 17 27 68 64 27 39 36 36 82 14 17 59 3 35 72 51
48 71 19 70 19 53 64 60 72 7 51 77 49 100 61 50 72 8 99 18 2 77 45 9 64 2 9 61 86 64 68 76 14 2 2 93 22 53 98 5 62 55 100 45 26 61 31 59 26 14 77 95 4 44 37 3 58 47 5 82 61 25 62 87 67
23 61 61 62 35 97 61 40 85 15 48 45 5 84 35 93 70 41 94 74 95 60 50 100 83 10 55 16 9 83 3 52 82 44 38 91 16 53 57 53 41 23 17 35 40 11 24 93 37 87 52 100 77 32 65 95 42 71 12 56 76 11 28 97 17
87 75 7 29 69 35 100 94 57 60 60 44 90 71 11 16 61 22 43 92 14 81 80 89 42 33 45 79 9 6 65 96 14 68 57 93 99 15 97 61 33 66 38 65 88 19 72 70 92 37 44 62 94 1 100 96 92 54 19 62 41 30 85 14 94
16 11 63 22 45 38 31 39 96 37 51 81 94 36 76 96 62 78 10 48 66 9 72 18 24 26 57 36 5 29 19 16 57 21 73 79 58 45 24 15 72 31 8 61 19 82 42 18 94 63 51 21 33 25 14 48 80 13 35 2 23 53 29 32 95
94 6 96 7 97 87 86 10 54 14 9 100 90 69 88 77 98 52 32 43 38 56 49 75 94 30 13 99 22 18 62 11 81 35 100 86 84 54 88 59 40 91 24 26 51 16 4 16 23 99 14 63 48 22 16 64 47 77 74 17 86 24 20 70 55
77 57 7 97 13 28 68 56 50 51 1 23 71 22 21 84 33 70 2 59 22 80 46 67 67 91 51 46 24 6 95 9 74 55 65 41 70 60 97 22 35 32 90 3 44 92 79 92 78 97 84 98 58 62 46 68 32 97 88 27 79 4 60 41 74
83 17 43 66 93 92 6 51 99 1 54 78 93 82 69 41 3 62 22 92 81 13 93 42 86 69 87 59 3 2 51 7 50 46 3 18 14 39 55 96 33 8 100 83 96 56 34 39 81 95 51 99 82 21 38 24 4 29 90 53 15 54 16 79 36
49 31 64 32 60 1 90 18 84 32 57 99 15 50 3 68 16 92 34 51 59 66 29 72 66 97 84 65 43 39 91 82 33 89 53 22 38 83 46 27 70 16 49 85 36 77 78 25 80 45 50 8 34 83 35 36 92 64 29 50 8 100 79 76 11
62 47 69 58 76 23 9 29 45 60 8 53 4 4 98 50 3 8 27 42 47 26 17 15 34 3 6 28 81 7 79 7 79 26 64 36 69 100 53 57 95 95 91 40 53 9 71 64 20 29 19 52 70 12 26 41 99 58 17 55 1 29 88 22 24
38 36 21 44 97 99 39 9 94 93 16 69 21 38 49 19 35 88 71 91 43 74 82 17 8 38 38 10 36 97 46 43 64 61 53 56 43 83 79 78 53 92 60 13 38 7 67 14 46 79 16 7 90 10 88 63 5 8 45 32 1 5 60 16 99
14 79 31 44 56 63 6 20 33 80 10 68 6 95 4 85 60 100 45 33 86 93 24 30 39 19 62 14 67 100 22 50 39 21 6 43 66 82 96 99 47 15 23 37 31 10 100 53 22 26 79 38 31 46 58 58 89 17 94 85 25 59 5 88 2
70 7 42 4 81 93 10 73 88 59 60 25 66 78 52 90 81 26 37 83 63 44 50 37 48 31 38 88 85 16 27 54 80 63 74 97 53 62 89 6 48 94 81 20 99 89 24 79 35 56 85 52 35 65 62 4 35 33 48 12 14 44 75 23 41
74 37 78 29 70 6 100 34 89 95 40 25 24 68 33 35 93 1 13 97 67 66 83 38 77 49 21 22 52 28 62 86 1 93 1 10 68 21 50 18 8 36 5 80 13 89 97 46 18 99 83 66 19 96 72 64 28 15 23 100 60 19 7 83 58
88 75 88 51 33 94 11 54 27 98 100 65 97 2 80 68 54 21 71 91 35 40 88 90 9 34 9 60 2 62 91 6 2 70 43 83 2 10 36 70 2 20 1 59 77 13 56 68 97 41 38 10 99 50 33 68 55 59 85 88 1 96 91 43 59
17 40 59 57 60 12 9 31 42 47 72 10 47 44 38 47 94 40 63 85 35 91 46 27 40 100 86 13 11 62 49 80 30 86 56 82 26 88 11 23 64 73 15 6 78 1 85 79 66 63 56 42 21 44 27 91 34 40 75 91 42 83 86 42 91
87 79 5 85 20 76 31 18 68 20 4 94 86 12 81 21 26 11 62 41 16 100 70 1 70 42 79 36 82 85 40 67 44 53 31 28 15 58 92 57 79 38 43 26 59 96 72 44 69 54 46 55 45 37 41 21 94 52 50 22 72 62 36 85 37
90 40 94 88 62 64 60 23 29 47 62 46 29 70 72 15 11 74 39 93 96 87 36 92 12 11 4 80 85 87 14 99 55 25 72 49 35 1 64 37 40 51 87 89 15 13 51 81 71 12 14 86 70 93 74 90 30 25 77 37 12 52 62 59 86
7 37 3 82 12 38 45 14 50 28 94 56 88 16 61 64 47 81 83 20 90 55 12 99 35 55 42 37 94 47 100 83 6 6 30 23 24 4 86 92 75 94 69 7 38 1 66 59 29 83 2 52 4 60 63 69 78 11 35 20 98 60 60 72 51
49 53 51 58 22 49 55 42 74 48 94 21 85 5 56 95 29 37 100 20 25 85 36 65 25 34 99 77 76 96 36 77 92 74 84 63 71 94 45 88 23 60 80 20 46 83 17 61 39 67 25 82 46 34 38 14 50 46 66 60 6 71 54 48 23
1 9 16 10 71 66 97 12 33 30 9 11 22 57 59 2 82 76 45 33 25 40 45 18 73 56 60 61 43 67 16 3 19 95 89 64 99 90 74 57 18 50 4 81 27 6 32 57 2 100 62 76 22 6 2 42 80 78 44 24 42 2 27 23 4
42 95 19 66 22 69 56 57 33 48 30 77 43 89 55 74 62 71 22 24 64 58 48 81 71 14 87 78 92 61 22 35 71 79 40 48 20 49 4 50 76 87 9 46 82 86 4 28 63 44 63 20 69 75 74 43 10 70 32 9 22 95 70 46 70
88 11 85 48 54 31 8 52 90 62 34 37 62 62 78 75 22 81 26 42 56 29 95 91 30 95 77 84 7 70 20 78 24 83 73 60 6 45 17 7 66 28 67 37 30 48 20 56 18 17 71 51 7 17 82 98 47 57 4 35 55 50 37 8 31
17 57 40 82 6 26 99 52 71 90 86 3 60 39 7 3 30 10 53 67 77 9 63 6 60 49 42 20 67 43 64 72 61 4 94 18 49 14 11 64 47 85 32 49 66 41 48 53 49 100 65 10 13 12 88 27 55 4 50 93 10 24 49 7 6
30 78 1 69 65 56 57 20 72 56 74 55 20 26 85 56 83 48 82 23 74 97 16 80 100 77 21 17 91 85 10 34 39 63 33 66 95 75 5 69 28 89 97 41 10 24 100 16 51 84 83 20 9 24 91 35 10 9 97 43 2 66 49 65 38
80 55 30 17 58 25 47 29 28 77 48 99 99 39 23 70 86 6 77 76 34 24 29 37 9 54 60 83 23 66 29 45 40 51 68 95 49 71 16 9 11 67 78 19 93 84 92 43 76 16 33 94 32 10 47 80 10 7 51 68 54 84 54 47 31
27 45 6 7 65 96 79 70 67 64 12 38 42 71 89 36 37 57 93 24 83 74 88 58 48 18 56 63 24 15 43 73 5 71 6 7 76 25 30 70 18 55 71 26 44 66 53 28 42 44 49 10 92 78 82 76 60 82 48 45 79 86 98 91 66
24 24 55 2 16 69 64 27 58 60 46 74 30 3 41 51 59 99 39 68 27 54 36 91 79 66 46 71 13 5 22 1 37 86 50 68 92 52 57 49 4 86 17 22 91 29 27 5 28 17 30 76 9 97 63 72 24 64 35 92 38 52 10 67 18
70 21 24 63 96 75 86 59 58 46 23 19 14 26 57 76 82 47 66 20 1 93 98 58 94 24 56 30 76 97 36 31 31 56 30 86 57 33 47 21 48 74 73 1 59 97 73 56 19 18 61 82 13 36 16 32 74 51 89 17 13 43 54 19 27
29 83 76 87 82 25 65 57 92 71 41 44 3 89 7 71 27 29 78 27 82 60 61 95 89 60 31 24 18 12 18 69 30 42 45 93 30 26 94 31 1 87 68 28 89 10 81 75 76 38 52 79 61 74 24 46 21 73 46 29 12 14 15 61 33
53 38 78 57 47 44 9 64 77 34 36 52 39 99 47 24 43 22 73 53 95 38 75 58 18 81 53 51 96 83 45 66 8 6 76 83 52 9 57 47 22 41 65 85 25 53 5 49 82 59 53 75 70 12 52 96 37 29 16 63 24 5 11 66 70
6 100 2 88 65 24 66 92 7 83 77 24 67 71 17 95 19 80 27 2 96 42 12 77 14 84 22 15 16 1 51 88 75 15 2 97 41 80 10 31 57 64 55 50 88 9 82 65 41 57 84 27 78 65 55 44 53 93 60 22 50 68 11 44 76
96 92 62 93 82 15 1 15 91 65 50 38 90 37 51 4 83 66 6 86 15 5 17 29 19 54 67 74 11 55 79 51 87 88 61 7 14 58 6 89 11 12 83 83 68 70 72 99 15 38 98 49 70 69 98 37 65 3 54 34 91 72 76 87 30
84 43 5 11 66 29 6 94 35 92 70 58 18 19 48 81 93 99 36 94 73 73 75 61 100 74 41 22 63 46 55 97 99 72 90 15 61 70 71 75 43 42 97 6 4 100 74 80 1 73 24 33 62 53 4 9 73 62 2 39 46 91 80 61 52
61 77 90 2 56 20 25 89 68 79 73 37 12 31 42 65 2 67 81 72 31 84 84 6 41 57 50 30 37 59 59 8 71 41 76 100 24 46 75 43 55 18 91 66 87 73 67 83 69 32 71 81 81 33 93 58 63 67 56 95 74 42 76 52 60
54 17 60 46 25 28 35 27 82 96 34 16 62 33 72 47 28 61 71 1 48 59 5 3 74 93 86 37 53 27 53 3 34 10 99 43 79 71 62 15 82 56 46 88 29 51 41 28 46 10 95 11 73 78 63 46 46 75 85 79 100 18 63 56 93
24 51 55 29 18 74 96 41 92 16 5 81 60 13 11 70 82 23 1 11 19 14 78 55 89 87 68 72 73 28 97 88 93 16 72 75 66 69 72 49 35 73 10 75 100 71 25 69 78 45 93 28 1 41 96 68 20 19 86 6 50 5 45 2 64
96 100 62 1 12 88 42 20 22 73 51 41 21 59 40 85 93 91 6 4 64 53 49 7 48 72 42 42 9 10 74 67 43 40 34 37 61 68 72 49 71 77 86 96 85 2 82 42 67 82 28 44 14 63 76 18 17 56 30 72 11 99 88 26 10
1 37 83 77 62 11 90 90 88 54 48 11 19 78 26 17 38 45 99 86 87 31 91 84 6 26 100 20 8 83 15 8 73 16 23 91 79 33 96 72 63 62 77 90 84 35 92 78 62 1 49 94 11 22 4 35 86 78 75 81 43 41 61 35 34
63 7 48 37 66 28 52 6 61 8 88 89 98 99 99 29 73 24 64 71 18 13 35 45 83 1 37 60 74 74 46 86 54 67 98 62 53 20 54 91 97 12 96 58 7 82 4 18 40 78 96 72 19 25 15 44 42 93 19 38 50 36 63 13 96
14 13 4 62 38 45 9 94 6 69 5 62 50 7 100 97 99 37 74 3 85 13 5 5 89 74 86 67 43 81 97 60 44 87 37 13 96 83 84 82 8 86 58 72 100 16 56 38 47 27 13 79 91 56 4 85 64 11 40 72 28 65 84 41 9
11 37 35 73 34 34 89 7 51 77 25 71 60 77 82 29 52 67 61 4 86 57 63 52 14 43 81 60 60 44 60 98 74 89 10 59 85 27 33 96 38 52 4 60 69 54 1 94 70 2 100 33 96 67 7 95 72 67 48 96 63 51 64 33 78
1 51 67 12 16 9 43 70 74 96 38 99 16 25 64 83 79 42 49 37 55 81 36 1 59 6 36 96 14 4 17 75 63 32 39 65 36 53 27 40 48 44 91 19 29 98 9 79 70 44 41 56 35 76 99 64 6 74 6 78 4 17 64 21 69
83 11 52 50 45 13 60 47 93 20 3 22 25 65 41 46 75 97 38 51 38 21 71 38 95 43 50 33 58 45 69 73 42 1 41 76 39 14 30 35 52 78 45 41 51 44 79 30 2 31 96 58 75 96 35 37 18 29 79 59 95 2 20 5 74
11 36 34 66 71 40 77 72 67 83 11 29 90 47 99 32 56 20 30 79 94 58 52 62 46 33 76 3 47 5 16 79 28 33 73 84 76 78 7 69 99 35 39 27 47 22 50 80 57 17 42 69 27 30 97 87 36 20 73 9 48 14 81 68 63
17 54 16 30 84 92 72 70 37 57 13 32 84 94 12 85 11 82 31 50 64 72 35 51 9 3 72 80 34 85 19 74 74 56 91 65 99 76 24 37 90 4 85 27 92 76 36 20 27 25 82 44 66 72 19 50 5 54 9 83 32 74 60 68 84
21 40 36 23 9 70 87 98 11 64 46 22 11 54 80 97 45 20 26 62 38 42 12 35 38 38 65 91 67 31 11 36 35 92 76 84 34 44 80 15 76 35 55 11 100 14 17 99 25 3 53 38 59 54 73 42 96 42 56 26 97 41 16 72 47
88 98 62 19 79 95 77 63 65 60 20 44 31 26 74 55 24 67 95 24 31 47 34 77 79 69 100 99 93 11 88 81 46 53 41 75 61 71 27 76 98 98 54 79 63 37 15 85 10 20 59 62 50 73 40 89 61 88 65 20 32 56 81 36 30
50 36 71 75 5 84 39 91 32 63 12 89 71 96 31 22 73 13 97 67 84 44 55 98 99 72 90 16 77 17 14 100 30 47 94 59 7 11 82 13 70 86 51 44 82 52 26 46 85 88 8 67 92 96 7 84 54 93 93 97 65 44 29 14 40
10 28 56 69 58 46 76 5 8 8 98 70 12 67 64 12 23 67 76 57 49 60 34 46 95 1 41 74 77 75 93 98 74 46 70 99 97 74 66 44 27 3 58 9 93 38 85 1 66 69 31 54 52 25 66 74 16 46 97 4 39 12 60 41 70
82 97 91 79 25 22 54 91 99 25 53 29 7 33 4 34 81 1 60 43 57 81 86 1 44 46 67 6 7 80 27 39 48 70 49 10 65 83 8 65 81 11 11 44 9 44 58 52 16 21 56 33 40 90 47 32 79 11 73 82 76 17 97 61 88
62 48 47 36 26 27 79 3 97 10 26 75 42 79 59 9 48 96 31 46 36 19 55 25 58 44 79 64 60 83 85 5 81 52 35 75 46 70 56 89 6 62 36 7 24 24 35 13 42 35 60 80 78 72 99 69 35 18 46 25 13 39 5 59 9
52 66 88 49 54 93 60 1 14 93 43 47 75 63 49 97 75 29 100 46 27 9 25 57 84 43 49 13 78 40 18 78 80 92 24 49 15 86 94 91 28 55 42 19 50 70 1 91 39 58 58 78 21 60 91 10 72 82 23 95 8 46 26 39 30
32 34 1 77 52 62 24 10 1 72 33 43 40 37 38 46 36 35 81 43 46 92 47 99 79 5 2 91 77 7 82 31 86 71 52 32 44 52 37 90 29 17 99 93 93 49 34 7 42 2 70 65 79 60 2 19 50 99 95 19 72 25 72 64 52
10 95 10 24 30 10 90 61 61 15 63 71 47 80 50 94 67 67 98 18 60 77 47 77 58 92 40 82 91 100 18 11 13 89 45 62 34 19 32 52 45 90 79 20 55 20 57 56 74 70 91 12 31 97 13 8 78 48 25 81 63 65 26 9 81
53 89 81 58 19 93 55 21 87 95 15 87 46 74 64 99 11 9 26 25 41 6 78 84 93 93 23 80 12 94 46 44 19 97 10 80 89 55 62 36 36 7 74 39 43 1 53 100 34 63 30 86 47 92 48 44 83 73 80 71 94 43 98 7 7
62 63 87 29 91 67 74 29 88 82 53 31 78 48 41 82 81 16 75 93 46 87 32 30 94 40 29 79 19 95 95 57 12 48 93 77 9 93 40 57 47 33 43 78 25 5 9 67 70 11 7 74 33 85 96 29 9 6 35 69 82 67 95 85 37
76 63 1 66 89 88 7 99 96 28 23 47 59 80 87 50 39 8 94 8 79 65 90 90 89 85 37 85 46 83 68 80 28 59 36 44 97 67 30 49 11 90 38 10 62 14 57 15 77 55 70 85 64 51 54 81 46 63 47 72 2 16 19 14 57
100 3 7 75 53 60 99 17 17 4 63 9 9 54 7 83 98 9 63 80 14 98 18 10 41 3 95 43 39 33 26 16 72 8 80 73 47 13 24 20 96 12 38 32 13 100 33 45 14 72 30 36 78 89 66 95 35 62 98 73 66 9 38 58 8
66 8 72 32 14 45 8 53 64 71 89 92 64 93 4 76 10 54 67 46 81 7 51 76 97 37 79 62 18 46 86 80 94 59 22 19 65 71 51 40 82 68 48 56 24 96 50 99 66 75 78 81 33 14 28 28 24 9 10 54 85 71 49 80 34
52 35 81 33 35 100 54 8 58 62 44 17 66 62 80 47 75 1 90 31 89 84 16 87 65 31 85 44 78 98 71 53 35 100 80 72 99 84 8 30 62 54 79 95 78 74 21 38 3 18 21 84 4 40 74 97 95 63 98 17 43 92 59 70 46
71 69 9 13 86 1 42 6 83 85 88 70 71 67 5 78 94 74 19 65 92 22 81 76 8 54 18 77 58 75 2 20 50 74 38 72 90 55 47 28 64 54 78 48 29 4 27 46 25 4 9 9 48 65 100 86 79 25 17 33 61 34 7 65 81
84 11 18 16 69 85 37 24 12 54 24 29 19 54 37 83 1 95 67 65 99 6 30 71 32 1 90 1 78 48 39 90 1 44 36 36 49 20 55 94 38 57 20 100 18 99 54 35 61 97 76 64 84 92 42 62 36 33 57 19 69 7 11 57 2
38 35 54 2 47 52 85 95 4 17 46 21 34 9 34 67 32 34 77 26 38 10 36 84 99 63 73 74 97 39 68 54 58 49 26 67 73 51 11 33 44 28 70 22 77 93 49 57 41 8 25 91 76 72 85 96 30 59 40 44 59 99 23 76 86
87 67 83 9 86 16 80 44 29 77 70 23 88 13 88 37 55 37 89 2 2 1 20 88 76 78 25 24 31 56 59 48 70 76 69 45 46 68 19 50 43 39 54 30 74 30 57 47 90 40 39 51 85 10 69 53 40 18 37 16 67 71 96 68 29
70 77 22 79 67 19 58 100 86 51 88 27 3 16 42 31 93 10 18 72 4 42 34 72 21 63 27 87 64 86 44 22 76 61 57 45 40 33 8 43 93 29 50 18 70 90 10 97 17 52 97 41 49 55 65 72 56 62 40 34 22 5 60 47 68
56 22 9 32 5 23 76 22 83 14 64 95 70 6 22 1 67 41 82 12 85 23 61 23 2 23 35 47 49 91 17 2 5 29 55 69 23 89 83 9 94 93 20 12 36 77 19 69 8 64 76 88 51 66 57 26 40 30 6 87 9 59 81 56 19
89 72 89 35 33 45 56 95 64 93 53 27 86 76 52 72 70 96 8 1 83 42 77 37 24 19 76 65 49 84 76 82 86 93 65 90 98 11 99 83 46 84 28 21 42 45 21 100 19 92 72 61 80 50 11 15 36 82 15 30 73 47 51 1 78
27 60 8 41 48 90 25 73 15 4 44 64 14 95 56 18 69 38 55 95 40 20 14 12 85 89 52 98 5 57 5 83 99 4 74 29 2 90 17 61 35 60 99 36 62 60 89 5 23 91 49 90 24 59 8 4 35 8 60 81 37 92 93 60 48
55 91 70 95 9 9 93 25 6 59 74 14 100 38 23 75 77 44 27 15 9 14 56 73 27 18 36 80 28 1 44 19 71 89 100 68 17 56 29 50 99 87 34 94 68 32 60 35 23 72 91 72 36 40 38 18 47 33 7 73 15 31 71 51 36
59 27 4 23 88 58 92 91 50 48 17 58 43 68 67 17 1 35 90 67 37 60 26 78 1 69 41 80 26 45 37 96 30 14 4 73 6 53 28 29 49 94 23 84 22 73 1 46 84 12 80 52 34 77 44 35 65 10 16 84 18 64 52 62 65
37 96 73 80 95 49 77 64 42 21 36 18 47 60 28 55 65 11 69 86 3 91 57 26 14 49 68 67 9 92 60 36 83 95 3 51 84 30 77 95 71 96 69 70 73 92 42 39 64 86 99 81 22 95 3 90 87 60 30 94 20 6 55 55 85
50 34 17 60 21 60 1 32 78 23 51 62 54 42 2 90 54 9 84 58 11 76 38 74 23 2 99 70 57 56 30 33 11 14 45 55 13 49 80 76 96 81 97 4 68 25 34 71 18 59 10 13 57 94 88 14 8 47 83 33 13 56 46 16 74
2 61 90 10 23 52 31 15 28 66 4 52 79 76 6 33 76 66 75 79 97 98 25 46 91 70 25 73 14 60 21 41 42 22 40 10 80 95 58 2 64 47 75 5 89 68 47 28 77 10 2 13 79 71 44 97 77 100 35 50 58 46 24 92 68
9 77 19 36 51 96 61 34 40 9 15 93 11 26 58 4 15 71 51 9 2 19 9 35 79 9 95 53 31 6 52 65 8 59 44 77 63 2 64 24 56 56 93 17 50 97 81 57 13 4 63 27 92 69 85 50 19 72 73 30 87 80 89 34 12
65 61 2 38 21 74 43 79 59 72 68 4 27 94 15 63 42 91 77 31 26 100 49 41 56 51 52 26 9 69 99 76 66 97 81 60 76 57 23 60 94 67 98 53 18 36 96 24 9 88 96 86 82 77 16 35 68 42 11 7 14 10 92 53 26
90 77 30 84 39 24 23 71 40 93 27 6 4 89 28 71 95 73 66 16 92 96 67 96 81 46 72 73 93 40 34 25 72 94 92 63 6 59 21 43 100 16 45 29 30 40 10 26 37 27 99 51 14 1 3 13 87 15 76 2 97 5 41 22 27
48 94 69 72 95 17 72 22 96 2 6 42 48 69 2 21 63 31 92 66 60 5 1 48 31 77 18 40 29 68 14 39 89 19 4 22 78 6 37 15 41 54 64 72 25 43 92 16 3 75 67 8 70 46 50 77 69 23 96 11 78 74 12 59 88
59 89 67 38 59 98 1 69 14 32 56 14 18 17 60 28 64 30 8 23 15 94 50 7 76 59 25 1 59 26 58 31 21 34 29 82 49 81 51 88 36 6 44 6 91 59 96 28 89 61 36 41 85 78 92 82 26 98 13 67 37 59 100 11 90
79 27 69 87 58 82 9 59 7 93 29 79 47 8 29 97 27 15 8 58 37 58 85 25 49 56 59 68 3 76 47 42 23 16 77 66 44 91 14 72 95 21 25 20 86 5 47 66 2 29 29 70 100 58 23 98 11 9 83 51 43 48 33 74 22
99 82 40 82 60 4 82 55 65 57 58 45 58 50 72 97 40 79 95 98 85 28 50 43 24 43 63 23 9 100 92 23 20 23 19 54 11 44 96 30 60 82 28 76 10 18 80 73 43 24 96 83 95 75 34 16 16 6 73 89 76 15 37 69 47
20 66 63 38 30 36 16 71 55 35 29 20 84 71 89 3 70 16 56 49 1 77 73 41 45 13 35 95 30 71 71 66 97 60 8 5 72 52 33 44 51 84 19 82 6 41 17 97 38 71 68 37 10 60 38 32 100 28 88 47 51 80 72 66 45
84 39 37 62 65 69 4 95 83 65 56 37 85 74 61 95 79 9 79 100 12 48 35 57 81 37 48 19 55 80 83 93 63 92 44 51 18 35 58 99 43 65 38 5 80 6 51 34 57 43 84 73 90 78 64 71 20 74 19 97 98 61 36 94 37
68 4 27 71 60 9 33 35 4 28 43 88 34 41 94 15 74 83 68 81 81 43 24 46 51 34 97 90 69 37 52 83 95 87 12 18 1 62 81 44 32 97 1 24 93 85 26 65 55 75 93 92 52 88 18 56 66 69 51 86 9 30 91 89 5
30 50 2 72 51 19 18 14 28 5 84 42 5 63 47 41 34 55 95 86 64 25 25 93 46 62 34 81 94 29 25 32 88 78 16 50 23 34 22 66 62 28 10 8 82 90 39 91 60 37 37 36 21 44 68 94 29 94 43 68 57 100 46 86 58
84 83 60 86 17 70 7 77 33 86 42 100 2 57 24 31 48 30 89 76 44 58 32 78 38 31 59 12 27 44 38 40 78 26 40 14 19 7 83 18 35 88 6 59 3 47 25 89 2 28 42 57 62 47 7 59 61 51 80 69 80 35 4 89 14
74 35 42 55 22 54 67 81 77 82 4 30 50 58 98 19 77 22 11 95 40 59 4 92 53 41 34 21 59 83 19 33 3 68 70 71 21 30 11 80 42 89 55 49 33 67 23 49 19 61 96 75 10 78 60 81 51 37 12 59 3 46 23 60 73
4 69 11 6 93 84 31 11 88 2 24 58 44 27 12 86 64 86 77 14 69 40 31 80 37 77 86 76 72 84 69 32 54 78 67 19 30 60 85 11 18 22 64 72 18 28 36 38 88 9 44 44 97 33 94 20 87 33 20 90 57 41 26 58 83
82 22 50 65 5 4 83 57 43 36 80 6 93 62 65 64 61 12 6 40 11 11 3 33 38 16 81 7 48 51 4 22 2 6 55 14 45 73 67 86 90 36 59 51 100 20 59 7 60 86 35 32 31 26 2 73 93 67 12 39 46 52 29 35 23
39 100 80 39 99 34 76 27 99 99 96 49 54 37 19 75 51 83 86 19 92 49 59 40 46 15 63 77 28 5 53 7 10 48 94 26 17 92 28 58 100 30 64 94 3 18 78 21 33 24 97 90 78 21 63 44 91 16 47 32 93 41 4 45 3
83 50 39 3 91 90 11 45 86 29 15 100 100 83 25 90 90 85 55 7 84 42 32 47 74 55 34 83 95 33 55 48 37 3 64 61 21 42 30 25 11 26 17 87 77 59 98 17 36 52 20 89 97 24 34 45 80 43 49 26 88 27 30 86 48
75 66 45 41 5 4 78 87 67 99 12 89 10 91 46 30 4 89 63 83 39 1 54 35 10 30 70 42 60 61 12 95 64 92 65 31 98 65 18 82 14 64 29 48 85 61 6 94 68 31 87 100 39 78 10 54 23 23 17 90 52 62 45 30 58
94 17 28 48 16 56 78 83 35 44 98 18 73 59 90 1 21 42 35 84 15 79 12 91 21 70 30 88 76 15 80 70 55 38 34 14 34 42 28 71 75 57 76 9 15 81 69 84 27 45 94 27 5 97 94 71 43 78 56 75 50 79 58 59 3
71 93 18 82 70 21 1 9 44 50 12 76 13 43 1 8 40 79 97 35 56 39 75 76 92 43 6 80 1 36 2 49 24 73 70 79 65 60 55 41 12 31 40 10 30 2 62 99 1 96 29 27 61 40 8 47 67 53 23 21 43 4 28 23 70
87 80 64 67 9 74 85 65 7 78 54 5 67 63 30 9 48 3 13 66 48 99 40 43 17 24 100 62 35 55 22 40 21 49 76 3 22 38 35 71 65 27 7 66 15 68 23 56 89 65 25 43 73 78 34 98 82 15 55 7 78 98 65 54 27
27 100 33 78 15 86 14 21 63 68 95 55 59 61 6 29 82 37 96 12 10 95 94 43 62 7 62 94 27 31 88 60 59 95 2 2 75 13 17 67 79 41 83 48 48 87 80 98 4 85 59 28 18 86 43 67 95 80 30 59 10 76 78 44 4
58 28 79 71 88 86 24 5 91 40 35 95 66 7 88 21 76 32 2 47 58 80 31 78 8 8 12 54 89 18 96 88 95 60 71 26 42 9 70 58 68 69 57 85 77 38 21 88 97 1 59 50 81 82 1 39 41 30 11 87 12 78 39 87 38
51 41 78 84 7 17 25 33 31 86 65 25 5 24 22 77 39 97 25 84 49 29 97 24 40 86 76 38 53 2 47 82 5 43 73 33 16 95 74 60 1 18 44 59 7 46 28 36 72 63 48 60 67 89 30 57 58 76 15 57 98 31 1 27 5
86 19 33 4 50 1 6 96 75 7 46 64 91 15 46 65 37 67 8 84 17 34 30 52 39 27 6 92 30 5 82 63 50 10 75 61 33 91 19 77 26 82 11 49 35 56 82 7 60 28 22 26 47 76 65 86 16 56 85 88 1 31 22 30 97
59 25 61 8 64 53 81 96 40 95 99 46 87 71 46 81 65 56 20 62 53 32 4 84 16 38 55 85 15 74 54 17 35 16 44 10 38 12 46 70 52 78 99 97 92 92 84 75 2 33 38 67 98 7 51 55 52 50 11 74 56 14 81 85 14
17 93 60 58 45 10 74 27 66 79 37 25 8 50 25 64 93 98 92 81 1 98 47 1 67 99 19 20 31 52 8 54 12 26 23 25 92 70 51 7 38 88 40 48 15 2 97 49 78 40 35 96 82 92 49 1 33 61 85 98 71 52 35 100 17
35 29 97 73 91 58 72 30 47 87 40 30 68 58 51 14 66 6 31 47 72 17 38 39 27 35 17 29 69 46 5 8 45 29 48 28 25 66 68 14 50 59 60 43 57 18 74 8 23 9 14 60 80 6 2 75 22 79 12 76 75 59 24 36 10
55 5 64 3 49 75 24 69 95 90 75 44 70 70 53 39 61 9 97 16 67 50 4 28 38 14 49 5 20 68 69 17 23 48 25 99 74 55 45 15 81 56 88 38 49 71 63 86 77 36 90 48 42 53 91 3 49 70 8 39 5 82 94 36 21
4 41 77 2 23 34 26 63 67 90 12 30 85 76 67 15 12 95 86 16 88 4 79 24 14 43 96 8 88 13 2 50 56 11 23 12 81 19 87 81 30 37 6 69 43 86 51 51 83 8 4 99 37 79 49 73 81 68 82 11 33 12 41 8 27
90 16 50 97 47 52 87 90 43 64 30 98 37 76 48 35 51 80 67 90 23 91 25 53 55 93 9 86 98 52 3 9 62 24 98 27 98 25 79 60 58 83 52 22 97 51 2 7 94 13 75 50 75 82 26 46 77 61 23 9 27 61 90 45 5
17 88 44 98 93 63 82 63 86 58 91 51 91 12 91 41 82 56 54 55 1 85 5 51 11 68 63 89 65 75 39 68 16 51 80 37 47 99 86 37 34 29 78 59 11 7 39 44 50 40 50 24 32 85 7 10 41 51 1 14 66 48 62 77 69
78 1 6 97 97 72 96 10 36 80 26 96 93 10 70 58 11 77 32 90 9 62 56 79 90 7 26 69 55 38 6 98 50 18 19 40 71 60 30 63 60 68 10 98 27 69 62 72 23 80 3 78 30 24 39 51 37 51 1 48 8 42 84 92 12
37 73 33 73 47 89 70 57 86 49 10 58 75 53 69 9 55 93 77 69 55 82 25 40 69 4 34 52 46 46 5 43 36 34 73 60 80 80 15 3 90 25 56 20 44 96 31 86 83 56 37 68 38 78 42 27 48 57 80 74 67 11 10 39 62
53 99 89 3 13 36 100 68 88 15 40 59 62 92 12 31 46 60 79 94 49 84 92 54 27 28 31 15 25 11 28 97 82 77 4 3 46 35 34 88 26 4 95 98 95 27 33 16 100 42 28 27 72 33 93 22 45 94 16 37 41 91 91 86 40
34 12 66 53 38 7 72 64 41 21 1 26 91 96 80 4 75 24 51 93 1 27 43 67 6 37 8 63 97 10 72 9 5 31 79 17 67 82 96 100 80 48 91 91 35 68 92 26 1 7 81 25 21 99 60 64 13 34 27 45 94 91 84 59 83
25 11 42 44 67 52 71 96 24 40 84 65 90 36 19 69 60 66 36 86 58 91 25 39 29 37 63 13 9 16 55 28 14 20 18 59 85 4 48 44 59 35 55 10 42 39 90 48 28 13 44 65 4 2 34 74 92 87 31 8 62 2 21 63 79
59 16 32 62 83 22 86 15 80 10 76 40 55 49 97 88 95 2 43 6 30 23 76 73 48 77 98 17 79 61 7 48 57 84 64 91 58 14 75 27 32 97 23 5 67 35 92 4 75 89 76 60 89 86 86 86 4 45 61 82 51 44 54 5 8
43 53 64 54 66 85 26 65 23 16 100 9 69 77 10 27 80 96 64 54 96 47 54 91 94 68 18 22 58 93 66 9 86 54 99 60 10 41 71 53 89 9 81 3 22 5 15 52 24 21 19 7 22 95 59 14 13 100 10 24 17 23 57 22 60
38 77 30 33 49 94 73 89 92 23 50 3 25 2 58 56 22 65 83 53 6 98 22 69 12 14 3 92 29 99 94 75 4 23 19 77 95 95 10 55 98 5 22 27 35 7 71 12 40 8 72 12 81 63 37 10 9 63 17 82 13 25 68 98 45
74 65 44 47 87 48 97 30 21 77 44 26 19 54 87 60 59 76 21 96 99 90 53 56 78 43 55 51 87 75 37 4 48 66 20 92 67 37 42 65 51 30 39 50 84 19 33 50 96 37 80 71 92 58 68 24 97 78 34 100 20 62 20 15 93
99 43 74 13 57 84 10 10 71 97 93 28 81 88 64 1 32 39 41 11 31 84 15 93 13 79 49 24 88 18 34 94 48 4 42 34 52 78 8 25 92 15 94 28 77 40 89 93 27 14 46 78 84 67 50 79 23 2 47 4 62 99 19 37 3
53 8 24 97 20 80 47 43 16 26 44 97 25 26 75 84 62 97 2 32 79 9 4 57 90 27 18 27 13 58 79 31 9 93 36 43 74 51 67 17 51 43 85 33 93 10 36 53 60 61 4 51 18 31 69 98 76 24 93 79 5 37 100 59 85
23 75 48 95 68 97 42 28 24 71 17 37 77 15 43 31 37 57 87 17 51 78 5 67 53 94 91 31 79 1 65 8 26 12 19 22 40 81 83 2 66 88 27 98 80 24 67 27 77 64 30 75 89 13 28 87 3 65 54 88 7 78 39 76 13
87 31 68 30 34 21 76 30 39 20 64 40 100 96 100 53 67 19 49 95 85 49 22 66 39 47 66 17 58 61 91 28 100 93 43 42 54 98 68 2 33 67 15 85 24 75 10 38 94 18 40 17 80 61 95 14 2 18 40 87 33 82 22 24 83
22 13 88 45 81 50 71 22 12 8 74 46 49 71 11 27 32 13 3 40 54 16 8 7 5 100 6 27 93 81 78 22 79 50 55 12 85 62 20 65 86 77 34 83 55 72 60 15 65 54 26 56 47 65 87 19 93 63 84 99 70 60 58 69 89
62 27 93 40 18 34 37 75 60 72 82 78 85 18 5 10 28 64 56 99 80 30 5 68 13 48 8 20 23 61 24 27 30 29 88 14 48 36 42 50 58 17 82 8 94 89 90 32 19 82 36 93 57 79 29 42 52 18 25 23 87 24 34 35 2
88 89 18 66 86 7 11 92 97 43 30 16 35 65 8 27 60 65 68 33 32 44 7 89 4 57 70 54 11 91 17 33 93 6 75 21 71 34 13 81 35 42 83 78 5 35 74 37 22 44 83 44 20 71 66 6 33 94 59 66 86 1 46 67 55
65 22 83 58 26 6 28 52 43 28 20 57 82 17 4 52 86 91 81 80 22 68 71 4 87 45 25 87 98 68 4 84 57 93 69 44 18 47 83 34 55 81 53 20 7 90 36 28 22 41 20 29 93 62 21 15 69 25 57 47 39 75 4 5 73
97 62 80 29 24 56 33 73 74 77 90 14 28 1 79 58 52 90 99 59 100 59 64 87 4 88 33 47 50 80 74 8 27 29 85 88 14 54 15 14 42 85 47 90 46 44 5 62 65 79 1 22 42 12 20 25 34 22 3 99 61 26 75 73 42
10 70 100 28 59 77 24 46 4 94 80 98 29 13 17 66 19 35 1 70 10 13 38 31 60 14 52 12 51 71 14 37 35 89 83 66 89 38 46 89 58 21 28 11 40 80 56 65 63 26 16 96 33 99 67 57 8 72 94 65 83 14 71 59 54
42 55 2 28 48 34 28 71 33 61 80 46 36 99 19 84 51 30 38 34 21 8 6 35 79 1 32 40 84 5 27 41 12 39 84 47 76 11 60 87 19 64 2 7 54 74 57 72 49 51 60 5 85 89 26 32 37 82 26 100 38 47 85 34 22
96 55 61 40 76 7 43 71 44 76 71 69 32 42 90 47 66 61 73 50 67 79 22 62 79 61 33 12 74 86 75 26 20 24 97 94 21 31 77 21 38 57 48 79 28 70 59 24 22 78 71 56 64 72 98 80 95 28 77 1 97 55 64 97 63
28 27 55 66 24 61 52 56 10 77 78 59 45 24 15 61 74 87 22 63 42 69 22 70 75 82 99 68 54 90 45 40 73 34 92 6 59 50 56 25 100 13 66 69 93 90 59 68 59 74 86 5 36 24 86 8 83 44 14 13 61 71 4 11 30
97 78 50 59 14 1 10 25 17 47 7 8 52 88 38 86 53 40 84 92 51 22 10 20 50 78 8 69 53 17 11 89 9 13 41 43 13 14 65 73 17 32 82 44 32 35 90 28 8 19 27 74 66 47 78 16 40 66 17 28 63 63 91 92 5
14 77 22 63 21 34 54 89 56 55 67 21 55 92 35 25 18 8 87 94 27 52 8 75 34 75 96 33 28 97 55 49 57 54 7 21 11 45 68 32 80 79 10 25 73 54 98 3 23 76 98 64 37 98 56 34 95 9 100 52 96 19 98 71 33
37 84 83 33 82 6 41 34 38 57 75 51 44 15 78 72 73 89 12 81 62 8 47 26 68 31 46 38 14 3 32 44 97 60 6 66 47 46 3 98 8 4 48 96 79 84 9 49 25 98 59 95 56 29 38 83 30 90 12 37 99 49 1 1 93
10 87 44 59 15 41 33 5 45 68 16 23 50 19 82 60 35 68 39 53 65 92 18 54 43 10 43 72 12 37 48 44 93 51 91 92 20 7 23 98 92 80 61 24 87 45 64 36 20 90 45 50 63 100 78 60 92 41 38 81 28 12 81 73 47
86 90 7 25 91 30 18 97 40 79 91 5 55 88 2 29 96 73 41 92 51 18 97 81 73 16 83 65 23 43 36 19 60 84 70 58 80 8 37 46 53 67 65 89 39 49 94 80 55 57 80 94 14 92 18 48 47 3 46 45 67 18 65 15 82
39 5 17 39 11 58 82 55 88 79 11 18 13 48 50 70 86 91 20 10 27 72 17 10 24 95 25 2 19 31 70 77 80 50 50 74 96 11 67 93 39 44 45 60 7 27 33 42 99 80 45 65 19 5 70 10 39 74 22 93 50 54 75 27 1
38 18 67 3 77 68 60 70 1 9 16 37 65 25 82 92 40 56 5 1 89 57 97 80 94 100 21 98 80 32 55 28 83 90 23 84 39 23 54 20 33 90 25 26 46 79 94 9 2 77 65 71 84 60 60 94 3 82 70 52 98 48 54 23 35
66 95 12 1 23 6 42 99 71 17 64 70 89 62 15 76 81 4 4 14 26 36 41 73 83 30 80 89 77 19 29 19 22 64 66 49 22 47 79 30 27 4 28 15 16 59 45 42 52 96 29 65 93 84 26 9 51 9 79 38 2 64 22 94 87
46 18 97 20 65 23 9 39 75 82 82 39 17 15 4 29 50 9 61 26 51 64 16 42 16 58 29 36 94 37 91 93 5 27 35 91 7 35 4 92 1 72 29 39 91 93 15 86 94 49 93 64 65 91 48 64 65 55 43 37 94 39 59 71 5
24 28 66 13 92 23 5 43 91 19 19 13 37 98 19 73 98 89 42 14 29 41 58 7 28 21 93 87 3 75 3 59 73 60 85 75 39 32 43 28 38 42 99 17 79 34 53 13 78 9 95 16 85 76 98 96 46 3 94 93 11 22 42 64 62
74 31 56 92 14 71 98 86 60 17 71 59 77 22 34 16 23 51 2 56 15 29 55 8 67 61 76 62 100 98 35 78 80 80 8 99 70 64 51 58 15 59 6 13 1 30 87 83 7 33 27 20 94 43 87 31 20 96 58 17 28 36 11 29 44
95 20 63 31 73 90 64 32 13 94 97 69 8 20 57 77 42 96 27 69 76 83 43 61 13 54 63 45 14 91 69 48 69 6 96 20 69 45 11 84 25 50 5 77 25 20 9 69 72 74 91 49 26 91 77 53 97 45 61 86 56 24 46 75 43
54 57 46 51 40 4 3 40 29 40 13 55 10 45 6 95 38 97 24 94 46 79 73 61 24 70 9 50 8 55 97 84 14 8 60 67 96 76 90 28 10 98 28 81 19 74 23 43 21 68 77 76 76 13 80 33 82 10 41 92 83 28 36 12 30
39 3 84 35 66 27 84 18 40 4 42 38 90 91 32 97 45 4 34 18 80 42 77 53 19 81 24 47 4 33 69 83 32 78 26 70 37 97 97 99 47 89 99 27 59 83 2 7 19 59 68 35 96 45 75 60 55 20 84 23 100 89 88 73 72
48 55 4 85 56 17 6 96 17 51 13 2 4 59 56 92 37 71 99 11 83 14 8 74 20 76 99 20 33 80 62 41 63 25 37 22 22 54 78 100 84 28 95 14 4 95 84 61 50 69 34 29 54 85 86 94 1 42 1 19 57 89 38 9 25
41 61 93 52 78 16 27 90 53 51 96 89 54 46 22 29 86 73 43 26 54 9 41 81 66 69 74 92 45 85 5 15 62 12 44 1 13 87 31 99 60 30 51 29 97 91 13 35 43 14 63 76 53 86 78 2 35 36 49 1 69 6 36 31 60
34 39 41 7 66 40 21 51 38 79 74 25 3 73 14 69 4 13 22 48 47 44 28 82 65 34 97 24 13 15 55 31 34 73 64 83 77 59 77 5 96 47 42 20 43 88 38 5 72 86 88 27 43 99 37 60 99 22 78 66 72 32 33 65 88
54 29 33 53 17 27 3 64 78 2 69 35 72 32 31 17 92 13 25 28 1 9 7 61 67 28 23 97 44 94 43 67 27 26 74 44 89 12 8 94 54 47 78 41 86 76 90 23 2 65 90 60 91 20 26 42 75 17 37 79 78 12 42 77 37
45 50 41 95 50 78 33 80 26 16 81 12 27 31 90 71 63 89 43 61 13 51 16 81 94 2 16 26 30 39 61 2 36 45 93 16 28 68 52 82 73 65 72 89 14 68 43 88 94 68 44 2 29 35 19 23 91 44 64 31 61 9 94 29 56
33 56 55 11 18 65 78 80 4 65 55 20 59 28 78 33 37 4 13 52 53 47 51 100 85 98 26 80 100 92 98 20 31 50 31 88 59 76 34 40 75 33 32 37 48 57 79 51 68 6 42 28 2 59 28 61 23 59 7 46 21 27 31 19 37
10 13 43 36 22 84 34 59 65 28 64 78 15 98 17 58 92 22 26 14 48 6 26 55 27 8 58 69 57 53 78 53 63 75 83 9 89 86 76 63 53 73 36 42 18 82 2 56 25 52 100 23 83 27 89 21 67 75 6 31 93 14 68 12 62
31 82 8 1 19 23 61 4 43 15 44 33 91 70 28 59 93 73 9 46 27 1 59 10 8 9 30 41 85 43 66 75 18 49 46 51 58 69 86 2 54 99 73 54 73 19 5 46 14 10 40 64 43 40 8 49 96 70 77 82 45 79 71 55 24
74 90 40 40 26 30 1 85 49 70 28 61 70 37 43 74 82 85 47 92 4 52 19 31 36 11 59 61 6 16 60 40 98 32 67 51 71 9 99 60 11 70 12 16 49 96 72 89 73 32 74 21 45 42 22 2 55 43 58 32 38 39 72 62 35
55 59 96 49 67 41 34 34 35 40 87 39 56 44 32 72 44 11 20 21 34 43 41 55 33 75 22 99 48 70 52 58 39 6 21 79 56 50 43 31 12 9 11 59 40 91 47 54 18 95 63 24 26 66 7 75 35 68 15 80 51 100 29 41 52
45 16 82 43 97 34 96 98 77 19 97 76 23 23 83 85 8 98 12 15 27 87 58 22 1 83 85 96 38 19 43 69 58 55 52 3 100 34 29 77 5 60 44 2 44 26 15 47 11 34 62 65 59 30 92 68 75 40 55 38 14 97 69 10 97
38 55 10 70 3 36 83 5 21 88 13 89 66 24 84 95 25 49 73 22 7 89 9 10 12 19 47 97 82 19 42 81 5 15 79 80 39 95 90 40 64 32 11 13 77 68 84 19 94 47 32 44 64 80 73 90 15 24 10 40 28 64 81 42 26
10 58 58 88 38 44 4 95 69 21 93 41 87 54 5 25 97 45 46 1 56 69 7 63 55 21 96 5 38 75 7 47 79 13 36 89 61 37 19 13 60 40 89 56 77 54 12 69 56 82 5 30 60 13 56 75 62 8 60 58 37 92 47 82 17
68 96 29 2 27 61 37 49 28 1 98 63 20 53 71 62 35 9 90 70 34 68 4 25 75 83 73 35 46 84 37 63 45 1 44 14 53 37 58 95 79 1 12 37 48 96 98 97 4 19 65 20 28 90 98 69 97 20 98 77 83 64 46 72 100
4 70 12 30 45 66 46 6 7 50 90 48 68 21 40 62 55 55 46 66 3 96 15 13 88 38 68 79 23 55 5 36 23 7 42 79 96 28 27 97 34 7 75 48 17 83 53 53 18 81 13 36 26 31 26 7 78 95 91 65 45 47 90 64 9
35 98 42 6 75 83 14 19 9 24 16 65 62 98 29 26 81 1 94 60 52 20 8 33 70 82 77 75 78 4 6 16 30 21 57 3 74 93 60 24 1 96 51 65 90 80 15 80 43 66 28 83 73 22 84 11 8 92 100 19 59 78 74 26 76
87 21 62 70 67 24 84 42 79 34 80 52 4 24 75 21 9 60 27 90 3 7 63 35 28 22 48 69 64 41 9 91 12 59 47 87 95 36 78 56 79 82 99 28 44 26 29 41 45 3 88 62 5 39 45 51 34 51 92 4 43 26 1 79 73
20 60 96 68 62 84 33 57 32 79 70 90 82 73 11 38 25 11 20 83 90 49 24 20 82 36 61 48 61 81 19 49 15 56 87 6 95 41 53 38 7 20 38 6 50 32 81 42 52 79 49 93 7 54 37 1 99 54 71 87 21 79 75 88 83
30 6 53 41 24 80 70 39 80 68 73 52 48 31 49 8 25 50 69 95 37 28 72 54 8 24 89 37 43 49 67 60 79 11 62 27 21 100 83 60 97 30 14 22 64 53 75 62 36 24 94 18 11 27 66 88 66 3 98 67 21 92 88 70 74
86 37 51 7 77 21 95 83 79 46 55 27 6 71 55 27 44 22 71 22 81 81 47 52 24 57 24 26 95 86 52 100 25 26 14 2 27 79 90 37 59 12 11 73 35 50 99 14 52 5 7 100 10 15 55 43 36 65 16 40 97 74 37 63 10
97 77 82 66 64 90 84 71 39 28 63 46 66 44 89 52 41 65 21 39 79 72 4 86 83 41 58 30 97 54 72 91 98 81 89 43 8 16 74 74 75 64 38 87 83 21 85 42 38 52 96 4 52 23 26 98 94 30 24 23 29 66 81 36 65
42 56 55 19 40 8 36 5 23 86 12 63 11 83 93 50 70 26 14 81 45 48 93 4 33 24 29 52 34 20 99 21 41 99 51 53 37 75 29 36 88 76 42 54 15 17 6 22 3 62 60 2 77 80 76 30 88 45 45 87 98 16 3 39 63
26 83 79 71 87 50 38 4 56 11 47 70 27 89 54 81 94 29 32 13 20 81 89 45 19 63 45 50 54 90 73 29 53 16 93 80 21 17 30 51 58 4 48 44 18 47 64 30 96 89 73 22 85 88 33 51 86 43 21 96 7 100 20 54 88
27 96 18 88 21 4 59 73 77 29 44 55 43 75 78 29 90 93 68 17 53 50 82 48 99 80 38 89 77 45 20 66 13 19 21 31 92 96 59 21 90 46 27 17 7 59 91 78 100 68 4 24 9 49 93 60 1 20 26 100 44 62 55 68 38
50 86 79 94 21 32 94 73 56 3 11 75 30 77 69 43 43 19 92 11 1 38 52 57 86 53 41 12 6 7 22 95 100 90 22 31 9 35 73 3 6 56 97 19 66 38 95 95 77 23 59 55 72 79 72 62 37 23 30 5 87 84 73 14 56
96 39 54 2 17 31 74 59 56 82 53 67 54 6 4 56 44 64 62 50 74 78 9 19 89 78 26 49 94 33 35 1 93 5 82 83 24 70 65 35 63 98 75 15 42 100 23 62 31 97 38 19 15 88 29 60 3 85 34 22 52 17 88 8 18
84 92 33 6 44 5 53 4 55 45 90 95 53 38 67 62 73 52 81 77 42 20 18 81 19 95 28 100 16 81 74 39 71 19 64 14 91 85 27 80 64 54 80 37 24 43 72 90 83 75 39 8 49 99 47 84 80 26 11 59 53 97 23 32 17
77 22 95 47 92 46 2 58 11 87 23 42 8 27 54 59 69 47 31 10 54 59 83 52 63 55 70 15 42 73 72 38 81 2 13 55 87 31 6 61 88 95 71 30 60 80 46 44 11 53 78 59 65 81 5 23 92 12 59 75 74 56 25 62 38
28 53 54 23 26 97 42 52 100 59 17 51 45 82 61 18 18 30 67 34 87 59 84 28 81 12 55 6 81 83 10 14 28 47 64 50 45 81 38 61 48 77 10 81 35 14 99 59 86 9 70 82 80 96 36 39 28 96 97 82 69 9 70 41 54
57 55 92 11 93 41 10 67 74 14 21 17 31 20 12 68 7 31 31 16 62 20 71 70 35 63 70 99 39 10 80 31 11 87 49 82 83 70 51 89 24 51 63 11 15 90 89 12 35 10 65 87 38 92 30 35 66 26 44 10 62 78 22 29 24
73 62 9 95 41 75 67 47 18 18 14 76 64 52 82 33 54 20 13 22 84 30 9 30 87 35 81 92 11 2 8 83 3 68 8 98 27 87 63 76 50 63 74 95 32 18 4 3 63 74 57 54 72 1 81 51 50 81 31 3 88 40 51 62 28
49 22 3 71 27 49 39 2 68 75 67 57 79 56 63 58 72 64 34 38 63 68 34 17 47 31 35 88 83 65 3 38 70 69 15 96 62 19 96 47 45 12 47 100 32 53 75 99 11 56 53 14 19 64 39 31 96 35 54 60 98 69 49 90 55
28 80 57 7 44 5 43 45 96 6 9 83 55 36 100 40 64 76 62 86 87 99 64 26 89 99 12 61 59 68 42 96 81 47 89 29 60 3 56 77 13 22 28 43 89 62 91 98 74 47 67 49 43 60 55 34 30 51 79 83 71 63 15 78 85
34 52 47 72 65 63 18 64 82 74 86 57 21 52 16 98 96 48 71 37 78 94 56 52 74 24 58 46 23 24 51 66 8 86 95 19 63 10 51 75 2 53 53 92 14 12 99 29 30 59 14 22 3 97 14 85 64 6 2 66 20 50 83 44 9
1 26 41 34 64 37 31 91 40 43 47 100 62 52 85 71 21 43 30 69 7 93 52 41 21 21 72 5 64 41 76 1 35 75 17 6 3 72 48 96 91 40 10 55 45 59 15 48 67 98 74 11 9 94 90 36 60 10 45 95 41 49 68 100 56
66 10 65 51 68 95 62 76 54 62 60 29 4 87 72 65 35 81 74 34 21 34 96 88 9 62 92 66 39 95 66 40 2 29 37 60 10 22 60 34 38 53 7 57 8 39 50 75 82 6 46 49 90 99 36 18 71 24 76 83 8 41 51 89 15
47 46 24 70 67 80 69 56 89 16 73 62 85 31 22 66 55 56 8 19 88 3 20 71 77 35 94 81 5 2 78 93 19 15 61 29 71 41 40 86 28 23 36 87 74 18 32 45 9 22 1 26 6 49 23 80 13 69 1 19 58 58 12 61 77
61 22 94 21 66 74 36 79 48 84 92 97 79 92 36 29 41 67 53 2 49 62 24 75 28 95 95 52 11 11 95 47 78 77 71 35 69 45 78 20 38 6 49 58 50 79 48 14 49 87 54 33 96 20 53 72 94 97 11 24 3 85 68 81 74
9 32 44 62 14 31 93 35 32 94 75 88 97 92 47 73 49 98 28 80 50 22 13 28 96 55 57 47 93 3 56 54 96 14 92 75 64 68 50 67 5 3 5 45 93 92 44 39 48 29 70 12 53 54 32 88 80 21 81 68 1 41 77 58 7
12 50 33 79 82 3 23 25 59 85 91 44 12 69 34 9 52 28 20 35 26 79 45 8 19 10 57 98 79 49 69 33 8 44 54 35 20 19 24 59 39 59 98 1 53 99 17 23 93 85 28 49 91 85 40 54 81 84 93 93 28 29 94 22 37
22 69 27 15 97 5 59 29 25 79 48 25 15 62 55 10 100 32 14 84 27 8 62 33 6 77 82 73 34 24 10 24 98 37 74 61 54 57 24 80 2 22 17 35 77 95 86 98 86 6 4 5 72 29 2 41 16 26 71 98 60 33 24 4 46
78 38 65 8 80 24 21 85 44 55 1 64 8 90 95 83 11 3 27 85 86 33 70 14 28 51 83 36 69 88 60 100 57 49 61 8 59 63 59 64 2 61 13 51 47 43 22 98 23 29 52 99 70 55 97 62 19 77 59 35 10 55 89 38 7
83 25 23 12 8 35 44 65 55 94 45 24 69 83 73 13 49 93 4 64 97 47 90 2 15 70 70 18 34 100 87 38 60 89 21 31 60 4 3 52 39 66 22 35 74 23 13 19 85 92 76 47 14 38 62 8 9 32 77 31 43 6 1 46 69
71 85 57 8 76 20 43 73 46 60 34 93 85 29 35 3 25 15 78 75 20 21 60 50 24 93 92 67 13 93 20 48 9 33 100 82 48 7 96 85 21 83 55 67 42 33 58 73 21 77 32 66 83 9 14 37 76 2 53 36 82 43 7 40 10
81 34 73 5 7 1 83 23 27 58 89 67 53 70 15 62 76 42 97 37 69 97 77 93 11 11 51 97 88 10 50 7 29 28 38 34 76 4 35 82 42 1 30 50 93 18 88 34 29 49 39 97 18 93 99 86 5 95 69 59 71 12 65 8 58
39 51 15 13 24 32 53 15 86 38 58 83 86 72 20 56 74 32 32 28 63 23 19 26 24 95 15 70 77 21 56 28 44 35 52 72 30 97 96 25 87 86 83 19 47 11 40 87 7 11 67 69 32 6 39 16 4 24 41 92 29 18 26 96 27
42 15 55 29 66 55 87 54 41 79 63 28 54 36 71 26 43 94 23 43 16 36 95 60 1 57 6 83 1 61 56 95 7 66 19 60 58 66 41 94 42 21 77 2 5 81 54 41 45 80 9 8 78 15 38 94 67 26 16 69 74 81 99 29 38
6 45 11 2 47 27 60 78 68 17 4 75 57 42 79 41 54 42 20 91 3 91 88 45 60 2 56 72 50 74 58 8 79 72 17 11 11 11 44 16 59 7 23 33 67 62 50 23 13 77 47 14 18 9 16 20 86 11 30 78 65 55 76 57 18
61 45 7 60 78 81 56 33 45 26 74 84 57 7 67 25 100 48 45 74 90 87 2 89 59 45 69 4 93 59 17 42 86 78 98 40 24 15 71 21 21 90 70 55 75 57 39 88 17 94 38 67 66 27 27 38 89 75 83 33 55 66 72 16 61
17 25 69 63 91 22 89 74 89 55 66 16 41 49 42 82 93 91 100 6 43 62 34 47 62 91 58 61 61 40 58 12 60 77 25 96 12 69 2 54 94 1 79 84 63 1 54 69 8 86 7 75 73 55 52 42 81 49 83 10 44 16 95 35 30
41 12 50 22 72 38 48 47 61 75 72 99 88 66 90 7 79 69 66 81 19 28 57 28 41 21 90 74 69 2 36 48 10 52 10 10 87 91 9 32 16 77 92 1 85 85 75 38 74 64 40 66 73 10 98 38 56 38 48 45 39 25 1 94 34
66 59 6 44 36 69 41 94 5 60 83 6 38 31 27 96 94 19 76 35 36 29 49 16 71 77 6 53 36 37 59 54 80 97 53 93 48 87 49 31 12 85 56 53 69 9 41 46 3 13 85 32 93 9 99 78 45 41 93 1 83 28 60 7 32
59 100 44 77 26 13 34 87 6 76 100 76 54 24 97 70 93 82 86 31 86 53 66 80 72 15 61 99 81 46 71 31 43 94 17 5 50 96 79 32 91 66 15 63 76 88 23 39 72 62 95 38 61 61 20 79 95 34 64 29 69 49 55 43 23
58 76 100 86 37 55 42 27 79 7 17 23 48 80 54 56 96 68 95 31 16 35 29 94 70 60 47 83 64 61 32 82 46 91 4 4 68 100 95 20 7 25 20 75 99 63 23 11 21 15 44 58 55 20 22 30 10 35 63 18 60 72 77 76 20
6 65 59 25 25 68 88 35 69 72 64 60 99 11 70 39 81 8 28 17 43 95 30 36 25 73 53 46 85 51 42 47 20 84 92 44 74 1 59 53 90 69 7 96 99 77 93 87 43 50 31 87 55 48 37 100 27 1 13 64 40 73 21 63 1
69 45 55 65 76 19 70 21 31 1 47 100 48 81 35 20 51 14 98 37 29 91 55 78 71 76 40 18 78 4 82 60 71 38 18 11 50 19 11 47 85 40 15 41 18 17 36 24 37 40 3 75 95 59 41 88 91 56 99 46 29 54 98 69 63
59 10 46 22 65 87 79 3 81 30 54 31 50 66 35 1 43 68 19 10 50 95 92 26 41 4 47 83 42 56 67 34 35 13 94 65 13 93 3 57 6 99 16 29 26 27 22 64 42 65 86 78 43 3 19 49 1 64 80 5 77 35 6 6 39
87 88 22 53 39 98 2 27 63 61 10 14 26 89 50 7 96 85 87 74 38 47 33 61 75 29 40 65 60 6 80 39 43 47 34 67 92 21 1 59 29 75 43 29 45 69 64 81 9 50 25 33 75 85 93 45 35 39 10 94 75 60 49 24 31
78 50 35 44 48 86 19 13 68 92 92 29 34 73 34 45 22 43 94 89 44 23 96 86 65 90 57 74 71 22 75 67 38 20 77 61 68 36 1 14 96 30 75 7 35 47 46 84 2 57 20 72 4 98 15 58 99 26 73 92 2 18 100 83 33
96 37 86 88 24 85 43 66 3 81 15 38 95 78 4 7 5 47 14 68 98 41 62 81 75 76 25 57 26 19 18 9 2 4 10 79 94 32 71 99 87 77 37 70 36 80 72 93 3 29 48 1 87 57 31 27 19 21 61 100 78 10 34 81 26
36 37 85 8 42 4 80 40 14 19 45 78 46 56 35 82 100 20 20 52 21 60 92 69 74 57 28 22 53 91 8 99 61 86 38 86 28 48 81 28 40 16 43 78 82 98 27 85 4 56 62 30 97 32 72 15 76 56 61 80 7 27 44 78 60
9 61 51 3 74 99 79 66 72 91 80 57 24 92 19 58 13 58 65 70 60 38 61 96 51 64 64 12 9 52 32 90 55 26 42 29 96 12 69 61 82 17 19 7 58 69 49 43 50 93 21 91 42 41 72 3 41 44 86 41 82 43 60 26 17
45 97 68 42 30 59 38 49 28 30 72 46 61 2 88 24 4 52 63 17 18 99 93 86 74 80 30 19 53 60 1 99 94 93 46 4 77 33 22 85 34 63 80 72 2 24 46 14 27 42 16 12 54 94 72 30 76 77 85 82 77 100 17 15 12
66 92 93 15 97 99 16 62 44 25 99 81 53 8 28 26 100 61 19 11 29 69 75 12 11 14 35 45 23 32 25 66 56 63 46 26 30 95 86 74 92 64 7 25 49 60 36 87 100 40 77 44 84 15 34 9 53 38 47 87 96 67 41 74 87
1 53 17 73 9 62 69 42 24 49 98 59 35 21 44 74 62 61 66 10 82 12 41 63 16 34 18 44 92 53 40 12 28 3 91 86 57 63 98 20 76 72 82 15 21 96 94 56 27 8 31 53 29 53 69 83 18 50 54 43 66 57 27 23 96
82 2 7 12 95 48 48 99 30 41 31 71 66 18 98 74 66 23 38 87 71 57 69 27 2 95 83 51 72 18 34 62 71 1 19 22 5 30 67 97 80 45 93 33 52 89 90 14 68 38 29 19 11 45 30 49 58 70 41 3 91 77 61 82 87
43 90 75 7 56 84 2 51 18 17 26 42 84 35 12 80 62 63 77 54 99 56 66 28 88 7 14 22 90 83 15 17 81 52 79 11 57 30 33 10 42 9 56 1 23 20 43 29 90 53 88 92 12 6 39 40 98 72 17 43 52 62 40 14 81
