30
4
10 6 6 14 7 2 13 18 3 5 16 5 1 17 8 17 7 17 20 5 10 20 10 18 6 7 5 11 7 11
9 10 1 11 9 3 18 8 10 6 13 7 5 6 3 14 16 5 1 4 4 9 20 20 5 9 11 20 10 19
20 9 13 12 1 16 13 8 2 3 16 18 11 14 17 1 16 3 8 15 4 8 15 8 9 5 5 3 19 9
18 3 19 13 6 5 15 5 1 5 15 14 10 11 2 9 14 6 2 5 7 3 3 9 5 4 15 18 16 5
11 4 6 12 8 11 14 8 13 19 16 3 17 6 8 16 20 2 13 6 7 11 18 2 14 17 4 11 20 14
2 5 15 13 3 3 16 14 5 10 6 4 9 18 8 13 15 11 3 13 6 13 6 2 3 17 7 12 11 18
3 10 6 10 8 15 5 15 15 13 18 13 9 6 19 13 3 15 15 10 18 14 14 16 8 2 1 14 11 1
3 3 14 2 10 19 1 8 11 17 18 15 5 4 12 6 19 5 8 16 8 5 5 9 1 3 15 2 17 9
11 19 2 2 1 5 14 6 19 15 5 19 13 6 12 1 7 2 5 4 6 1 20 3 13 7 2 4 7 9
8 20 1 10 3 11 19 5 4 10 2 2 5 19 5 15 18 13 11 1 14 8 9 3 3 17 8 16 16 18
7 10 18 7 8 15 8 4 12 6 19 2 11 20 10 4 14 5 20 10 18 12 14 3 14 11 4 8 15 5
3 10 17 14 15 9 12 12 1 3 4 8 7 13 18 9 15 9 19 20 9 18 4 13 8 6 14 19 6 9
7 13 4 12 6 17 16 10 4 2 14 12 16 16 8 14 7 20 20 10 14 19 15 7 1 19 18 14 9 4
19 1 12 16 3 13 20 15 1 20 2 3 9 5 8 11 17 10 9 14 15 18 10 5 5 4 1 7 11 18
5 17 9 8 17 8 1 20 15 9 3 20 9 6 20 16 19 2 4 12 8 9 10 17 4 18 17 9 16 19
13 11 14 19 14 11 2 1 7 7 12 15 18 13 18 9 5 5 3 2 9 2 10 15 15 11 5 8 4 14
17 14 17 19 3 3 13 9 9 17 14 14 1 9 9 8 10 9 13 18 15 1 12 10 6 15 2 19 16 13
20 2 20 11 7 1 4 1 12 6 3 4 13 15 18 19 20 10 15 1 17 11 8 17 2 16 1 19 16 18
9 17 15 12 9 18 8 10 1 6 16 5 17 15 19 12 20 4 8 19 5 20 6 15 12 4 12 19 15 14
12 14 5 10 10 10 8 17 13 3 8 8 9 6 17 16 20 7 5 14 18 12 10 11 20 13 5 13 2 5
17 1 13 11 7 9 8 5 11 11 15 12 6 1 5 4 12 1 8 10 11 10 6 6 4 17 15 16 6 6
17 10 1 14 2 8 12 4 14 4 9 13 4 4 17 13 14 19 19 10 13 17 5 3 18 4 9 17 6 18
6 17 7 16 2 1 3 6 2 7 8 14 12 9 18 18 17 8 13 13 17 1 17 7 3 17 15 1 14 20
16 5 1 13 3 1 1 17 6 17 1 14 9 16 4 14 13 9 10 11 20 17 4 17 6 15 8 14 7 5
8 11 4 9 7 3 6 9 2 10 16 15 2 10 2 9 20 19 9 14 14 6 2 15 2 19 19 4 10 7
14 9 2 14 2 18 15 16 19 2 7 20 8 6 13 9 4 6 18 15 20 13 17 9 13 12 14 6 5 4
2 12 2 17 20 2 4 4 4 20 4 19 16 5 10 12 15 2 9 9 18 10 3 15 17 15 11 6 19 11
6 14 17 17 6 15 13 8 15 12 17 7 2 15 1 15 20 10 17 10 2 6 17 6 19 2 4 6 16 19
18 9 9 12 12 19 7 18 2 18 7 20 6 7 14 7 19 17 1 11 16 5 6 10 13 10 11 16 17 13
13 15 5 18 16 11 11 15 8 14 20 18 6 18 16 8 15 4 19 20 7 20 4 9 17 13 5 14 3 3
3 6 1 19 20 12 16 4 14 14 9 3 4 18 7 2 3 16 12 15 18 3 18 14 2 11 3 9 12 10
17 13 10 8 20 11 10 4 11 14 10 7 6 13 6 2 19 17 14 11 11 16 13 8 8 1 20 1 6 19
8 2 13 16 15 20 2 18 11 5 18 5 14 6 18 11 11 17 13 2 9 5 10 12 19 8 2 16 13 20
15 10 20 10 15 12 15 18 11 8 13 14 16 2 19 3 19 11 5 5 14 16 18 12 1 17 3 15 7 17
17 16 8 3 8 13 6 12 18 18 6 7 19 18 11 2 17 13 8 12 16 13 19 13 9 18 14 12 2 14
9 11 20 17 10 18 8 8 6 14 17 4 15 8 9 5 8 12 16 11 2 14 16 18 1 14 13 14 3 10
15 16 17 12 9 14 2 6 8 17 4 2 6 5 10 13 5 1 6 16 12 19 5 7 6 15 4 5 7 15
15 4 17 17 20 8 3 14 14 15 6 18 17 9 12 2 12 4 5 17 10 7 6 2 7 15 1 10 9 3
16 13 16 16 2 5 16 19 19 13 18 19 15 14 3 19 19 3 2 8 14 15 3 7 11 14 5 7 7 15
5 7 17 13 8 14 18 5 4 18 20 12 9 9 17 1 13 1 11 6 9 11 5 12 20 5 13 1 17 9
6 6 4 3 8 16 7 3 5 19 9 10 16 13 1 1 6 13 11 5 15 8 18 2 7 8 9 1 18 2
4 9 17 19 2 11 9 18 8 9 20 7 1 14 14 8 3 17 10 12 2 6 11 19 20 9 17 4 14 9
9 7 4 19 17 9 15 15 2 2 1 1 20 14 3 14 9 15 18 14 6 10 19 20 8 15 5 12 15 20
6 13 6 10 9 5 11 2 10 10 2 10 16 11 15 12 17 16 4 13 3 4 4 1 9 3 4 20 4 9
15 19 19 10 14 7 19 5 19 1 8 14 10 5 20 2 12 8 15 9 4 16 8 10 3 8 8 1 9 15
15 19 20 19 14 8 18 18 7 17 4 11 18 14 7 2 2 18 5 14 11 19 16 2 4 1 16 18 2 8
10 20 18 20 18 12 19 19 12 13 19 12 4 7 16 7 6 17 10 16 9 1 9 11 9 6 19 1 11 2
7 12 3 6 19 11 12 20 6 15 6 8 18 20 6 2 10 16 5 3 1 15 1 14 4 17 9 4 15 18
7 13 3 3 16 15 14 10 5 18 19 4 5 8 10 9 15 20 3 17 5 15 7 6 18 7 20 15 7 2
13 1 9 6 15 9 3 16 5 12 19 12 11 20 4 9 19 6 7 3 14 12 8 15 13 9 13 8 9 20
7 19 7 3 14 19 11 12 12 14 9 11 3 3 5 2 13 18 10 17 11 16 18 15 13 15 17 16 1 4
16 17 15 17 4 15 5 11 4 17 5 15 9 5 8 19 6 11 2 15 13 2 14 13 12 10 3 2 9 17
17 18 2 18 12 5 8 15 16 7 2 6 15 19 7 18 1 2 9 12 8 13 20 3 6 2 2 16 6 5
2 15 17 18 18 14 12 2 2 3 1 2 18 13 16 16 3 7 1 9 7 11 14 20 16 20 15 11 3 6
5 20 20 13 11 2 19 14 8 17 15 15 9 12 14 3 7 4 1 17 19 13 6 16 16 17 16 13 1 9
6 9 8 5 13 18 8 3 11 6 19 14 3 3 16 15 3 4 1 20 16 8 14 12 11 20 11 20 14 10
1 14 17 3 15 4 13 15 1 10 10 12 2 19 9 10 14 10 18 4 12 14 6 19 1 12 15 18 10 17
2 7 12 14 5 11 11 2 2 4 19 13 5 13 5 11 3 10 15 4 11 5 17 5 13 5 12 5 14 13
4 15 17 17 17 13 14 7 11 14 18 6 10 1 14 6 12 5 12 13 8 16 20 18 14 17 2 16 5 1
14 7 11 13 4 16 7 3 2 4 16 3 6 8 19 8 5 17 12 15 15 6 11 4 14 4 19 11 12 17
14 18 14 18 13 8 9 17 20 9 18 11 3 10 8 7 8 19 4 12 17 9 8 11 15 8 15 9 19 2
11 6 12 4 18 14 5 7 4 2 13 14 12 8 15 5 18 18 10 15 18 18 17 5 18 16 16 20 1 5
15 19 8 20 4 4 7 12 12 15 4 10 4 18 20 15 9 18 14 11 2 3 15 2 6 7 5 14 12 9
4 8 18 13 15 3 3 18 4 9 9 12 12 7 11 4 12 20 3 18 5 4 7 14 12 2 10 7 8 10
16 12 8 8 7 3 5 6 9 4 16 13 1 9 13 2 19 16 12 9 1 2 8 20 9 14 9 15 12 10
15 19 17 6 6 8 20 3 17 6 15 19 2 2 4 13 1 5 7 16 5 11 13 8 14 20 11 4 18 4
3 8 7 1 17 2 18 12 10 1 4 2 17 20 3 5 12 5 17 3 19 18 15 17 17 6 11 13 5 11
19 5 17 3 2 13 17 5 12 17 3 1 18 19 12 2 2 15 13 9 18 17 3 20 12 5 16 8 10 12
13 16 20 13 18 4 14 1 11 10 11 11 13 3 17 19 18 4 4 17 11 5 11 8 9 18 2 13 2 18
9 7 7 3 10 16 14 1 7 8 16 3 2 10 2 7 12 6 18 20 20 5 6 15 10 10 10 13 10 14
2 18 11 11 16 17 2 17 5 2 15 19 5 18 4 11 11 1 9 18 15 17 12 15 19 19 15 15 15 4
4 2 9 12 15 11 6 2 20 2 12 17 16 16 4 14 5 8 19 5 11 13 15 4 6 8 9 20 9 20
10 11 20 9 15 7 6 6 14 2 3 18 7 19 16 13 17 6 13 4 15 17 19 6 10 16 8 19 12 18
19 19 5 19 7 8 3 9 11 6 16 20 13 6 8 8 3 20 16 5 17 16 15 11 1 17 18 9 15 12
9 14 9 15 4 16 15 11 2 3 16 6 19 17 2 10 20 4 18 12 2 20 11 11 5 9 11 14 3 6
11 3 5 12 19 8 11 19 18 8 19 19 8 10 12 12 6 2 2 19 14 12 4 15 18 5 9 1 20 5
4 19 7 4 4 17 14 18 1 1 2 9 14 14 1 4 2 8 6 8 16 7 9 3 4 6 5 19 18 20
18 17 4 7 4 20 5 2 3 5 17 5 20 17 7 15 5 12 3 9 16 9 1 11 10 4 1 10 19 18
11 19 11 12 14 18 1 9 12 13 4 2 10 15 1 2 6 3 13 1 14 7 20 13 17 17 1 16 7 4
4 1 13 13 2 18 9 13 5 4 15 4 18 17 12 2 15 12 9 20 12 6 11 12 13 9 11 6 11 15
7 20 14 8 13 20 5 18 13 1 1 15 3 12 15 11 14 4 5 20 10 4 20 17 20 13 9 8 3 7
18 12 5 13 2 13 19 1 14 5 12 11 9 19 18 8 16 2 11 18 5 10 2 8 9 3 10 7 9 5
16 11 5 17 18 15 14 15 10 12 10 7 6 6 15 16 10 14 12 2 10 16 7 2 20 5 12 5 3 5
6 19 20 14 19 4 9 7 19 10 7 2 6 1 20 9 8 20 12 6 6 1 12 15 18 17 9 16 10 12
20 2 6 1 17 11 16 17 11 2 8 11 17 18 6 5 5 4 18 10 18 12 20 1 6 11 15 19 1 7
5 20 3 20 19 8 5 19 1 12 17 6 19 6 4 3 10 12 2 17 11 14 3 10 6 20 7 4 8 1
19 7 9 4 5 20 1 13 20 1 4 17 17 13 8 6 11 11 15 13 3 11 2 18 5 11 19 8 5 15
5 15 7 6 19 12 18 17 7 3 5 13 9 10 11 19 10 20 8 11 19 9 18 4 3 4 1 18 6 5
6 2 6 9 9 17 9 18 17 9 14 2 1 5 1 8 6 2 8 16 16 13 6 17 15 8 19 8 5 11
12 12 4 20 3 2 13 4 18 12 1 10 11 10 3 14 11 5 14 12 12 19 2 17 12 11 3 1 17 11
20 6 13 6 20 13 16 7 4 1 5 4 4 8 1 2 12 20 18 17 19 6 8 8 1 10 17 17 1 6
7 6 16 18 20 7 17 3 7 18 5 10 18 19 18 10 7 3 12 7 20 17 13 12 1 17 19 15 1 18
8 12 5 10 7 7 14 10 17 18 10 4 10 10 5 13 10 6 13 5 20 2 12 15 11 16 17 7 16 2
6 8 10 19 14 17 16 15 7 15 13 8 4 3 17 8 15 17 20 1 20 18 16 20 15 1 20 2 4 8
2 20 14 20 9 17 8 19 6 18 12 19 12 5 13 9 12 14 10 15 4 14 14 8 17 6 2 15 8 15
2 7 3 1 1 2 8 11 6 8 13 20 19 3 11 12 7 14 13 15 20 17 4 6 8 6 14 1 14 13
3 18 3 4 3 18 5 16 14 2 20 13 11 1 1 17 7 20 14 17 13 6 8 4 9 9 2 19 3 9
17 13 13 12 6 8 18 8 8 9 15 1 16 3 13 17 9 7 5 4 12 17 18 9 1 11 20 1 7 20
5 3 18 10 14 20 5 14 6 16 11 15 18 2 3 5 5 3 2 15 7 15 14 9 10 19 12 10 15 17
1 19 17 20 19 17 18 8 18 14 18 19 14 1 17 7 12 2 7 11 11 11 20 1 16 11 3 1 15 8
20 17 8 15 13 5 15 20 17 15 2 11 3 7 19 11 19 7 8 14 7 16 3 7 10 10 14 13 6 14
16 16 12 9 8 20 11 18 19 14 12 17 20 4 10 4 9 1 13 11 4 16 19 4 4 10 15 7 6 7
17 18 2 17 5 16 6 20 16 20 11 13 12 4 10 5 1 4 13 4 15 17 3 1 9 20 4 19 17 5
2 15 6 8 14 16 10 11 11 7 4 4 9 13 14 13 9 17 4 13 19 16 7 20 8 12 3 4 20 2
16 4 2 13 2 17 10 9 2 18 12 16 8 11 4 20 5 10 20 10 1 1 14 16 3 4 13 11 18 18
13 15 19 12 6 10 9 14 18 9 14 16 2 10 11 14 1 14 9 5 5 4 13 6 4 8 20 2 6 16
9 4 2 2 10 19 3 14 7 7 8 17 5 18 2 5 17 3 20 3 7 20 18 7 6 14 7 10 8 16
20 3 8 15 16 11 8 12 9 17 3 20 11 14 1 1 10 9 2 14 13 17 6 4 3 2 14 18 19 11
19 18 19 11 11 19 10 16 18 4 2 3 2 7 9 1 2 19 9 2 1 7 16 18 8 5 15 18 19 7
20 5 17 8 2 19 14 5 20 20 20 17 4 4 12 6 1 14 15 2 1 15 7 9 17 12 18 5 13 6
19 14 19 5 17 7 14 11 16 7 17 18 5 18 10 2 6 5 19 17 13 11 11 8 11 17 12 15 4 8
13 10 11 3 14 2 13 8 19 19 8 17 12 9 15 10 14 11 2 13 13 19 15 13 20 19 10 13 12 20
20 15 10 15 4 12 4 13 7 8 15 17 11 10 4 19 11 20 11 7 15 4 7 13 14 18 10 15 6 7
5 20 1 20 7 6 14 10 17 13 6 11 3 7 18 20 19 8 19 7 20 6 2 6 6 16 1 16 7 17
15 9 15 4 8 9 14 11 9 8 9 6 13 16 11 13 10 5 11 15 11 1 19 5 13 11 15 15 20 20
4 11 7 1 15 14 18 1 1 3 14 13 7 14 4 16 8 2 4 15 13 17 13 15 15 19 12 2 14 9
5 16 6 15 9 7 20 3 4 13 8 2 13 19 20 12 9 19 17 12 2 20 12 10 16 20 3 13 4 11
20 11 19 14 4 17 18 6 19 12 13 11 5 17 3 11 14 8 14 16 15 11 16 19 15 2 8 13 12 4
8 8 11 17 17 7 6 12 14 2 12 16 13 19 8 1 12 4 1 12 19 3 13 3 16 14 12 15 11 10
18 7 8 12 16 4 9 11 19 2 11 2 5 13 6 3 3 10 12 3 7 14 11 1 14 2 3 6 20 13
