30
4
58 47 10 61 12 51 65 29 6 57 73 37 71 83 52 48 18 41 53 78 46 61 65 93 37 46 13 29 30 88
45 98 14 60 14 79 44 96 39 27 77 100 56 52 86 60 15 13 83 4 14 31 98 70 91 64 10 97 78 51
41 49 46 4 41 2 32 39 93 44 41 6 83 41 39 34 74 60 71 18 53 79 88 98 41 69 31 85 23 54
69 35 25 10 17 45 29 7 83 20 19 64 20 2 57 60 76 56 65 32 16 32 44 88 66 59 33 2 9 65
10 21 69 74 59 70 73 47 84 6 16 91 33 7 15 16 80 89 50 93 74 60 11 67 96 15 53 80 100 25
17 61 60 6 14 49 71 77 29 53 98 92 52 48 100 74 13 73 94 4 35 9 65 81 62 40 88 68 42 47
83 21 62 35 45 38 29 79 57 33 47 77 17 27 98 78 40 92 49 13 45 57 82 28 46 9 4 92 22 24
29 9 99 23 22 37 6 6 53 42 20 4 56 33 72 38 68 21 36 69 99 47 97 57 36 12 35 27 36 24
33 34 7 23 46 8 46 11 100 54 94 97 60 76 64 76 73 1 100 29 22 34 95 38 24 10 66 7 95 89
49 86 36 19 7 61 26 26 73 44 49 85 91 36 9 58 21 97 3 66 81 17 22 67 90 20 32 85 40 25
12 22 74 42 84 75 100 32 28 50 65 71 31 24 8 62 72 42 60 88 48 48 87 83 76 33 38 94 6 44
87 23 47 98 6 86 3 31 41 97 67 78 95 35 12 81 17 55 82 74 77 36 7 34 92 79 88 81 30 26
85 78 87 44 87 7 77 82 61 17 23 42 30 71 67 92 39 34 2 7 51 98 46 91 51 46 3 17 65 100
14 47 41 68 6 44 77 32 1 67 51 67 76 96 91 32 69 32 19 78 11 36 72 14 30 15 81 66 91 89
87 74 15 93 53 32 31 47 30 84 87 66 16 60 22 17 10 79 96 48 21 97 52 9 44 77 20 97 78 9
23 8 32 25 29 18 17 26 25 67 58 55 20 43 35 40 34 33 98 36 98 47 17 33 39 60 75 16 73 36
26 99 77 91 41 7 34 28 38 78 99 60 92 89 26 70 2 10 37 76 59 89 6 90 56 74 69 35 1 88
2 41 74 72 2 11 51 47 6 61 94 6 46 8 49 74 42 57 51 41 27 34 24 48 81 36 8 93 26 35
22 3 12 84 53 75 60 2 72 14 27 88 95 66 98 67 1 41 33 51 41 60 37 88 21 76 12 91 75 88
70 70 27 65 26 56 17 62 93 46 65 42 81 63 82 83 98 59 19 27 31 7 49 25 10 31 23 21 54 80
51 75 92 16 18 36 91 62 71 61 75 13 62 65 73 59 82 72 47 6 63 73 67 27 69 84 46 23 29 39
66 93 18 55 44 31 80 23 1 24 52 14 67 45 8 16 62 16 32 9 3 25 11 90 92 52 4 33 37 53
84 73 63 99 36 42 35 41 31 60 63 47 6 90 83 92 82 72 50 16 23 4 79 24 88 32 58 69 12 88
96 73 97 99 59 57 74 65 19 86 88 74 70 90 68 88 96 13 35 47 58 80 46 51 96 9 29 75 62 74
42 45 99 90 43 65 81 97 10 60 47 40 84 43 62 87 85 99 82 65 65 55 5 80 45 59 85 19 49 32
76 83 36 13 47 94 14 35 4 75 64 63 33 12 80 22 39 94 23 54 52 90 21 48 79 80 34 70 92 87
43 73 10 83 86 61 69 84 20 57 95 77 8 100 64 36 75 100 48 69 28 32 68 43 10 44 24 30 91 54
76 72 14 97 65 87 53 29 30 96 54 25 71 52 38 31 62 91 43 2 25 46 14 67 9 92 8 95 61 12
67 84 36 48 26 84 77 83 65 34 84 53 90 54 96 66 79 6 52 48 78 63 54 34 8 95 7 17 26 45
15 33 15 86 94 90 7 47 15 59 25 3 19 81 1 48 29 61 88 26 60 46 83 80 42 30 28 60 25 80
26 1 3 34 11 55 9 44 38 99 87 16 31 98 85 47 38 29 39 28 47 90 11 6 77 36 82 12 79 88
95 53 87 41 90 43 38 11 80 52 17 29 86 10 25 38 61 47 12 59 37 66 51 73 71 97 61 97 97 21
93 89 58 61 94 74 19 88 65 2 32 17 85 21 13 34 57 48 80 41 68 38 98 29 7 92 17 51 31 79
71 60 78 17 2 90 92 2 88 68 35 48 45 82 19 95 8 90 89 15 34 89 8 23 81 44 88 84 93 74
29 65 37 67 57 43 47 7 63 77 38 90 18 6 19 39 55 24 54 80 98 74 38 25 5 64 68 65 66 32
30 51 64 86 74 51 74 60 28 80 38 75 24 23 53 29 31 89 13 58 19 72 39 43 7 61 79 91 49 48
55 34 84 96 88 49 29 88 90 30 45 65 50 49 89 38 92 30 32 45 62 63 99 5 3 84 19 24 21 77
83 48 6 51 33 7 85 81 26 28 28 63 72 67 66 14 5 56 52 96 1 61 11 31 86 2 54 90 28 47
30 37 74 5 14 89 61 93 19 15 71 69 74 70 14 95 57 89 91 40 37 35 15 50 63 26 86 77 95 82
24 23 44 32 59 12 30 2 97 25 42 13 46 81 87 89 94 72 60 10 71 90 55 56 11 26 66 67 27 59
18 87 77 56 76 3 13 86 82 76 29 18 29 81 4 8 77 45 53 3 56 94 70 28 44 65 65 93 42 20
37 91 16 85 72 18 99 85 60 64 39 85 98 25 93 45 98 67 37 46 43 74 22 90 77 29 81 48 68 37
53 50 65 65 47 92 8 37 80 83 45 25 77 98 86 26 98 80 78 74 97 100 70 40 37 9 72 50 58 77
57 100 47 53 66 12 100 58 99 55 71 29 17 16 96 11 65 36 60 94 4 65 54 79 15 12 37 97 37 84
33 61 4 77 78 37 60 92 90 84 22 66 86 47 55 75 18 41 73 51 90 78 31 6 32 37 54 31 5 89
7 97 29 6 83 49 25 67 43 22 2 39 74 34 97 47 1 50 49 4 74 47 43 1 33 33 53 47 14 31
15 76 95 64 2 15 70 47 78 91 38 28 60 33 74 48 49 80 75 10 99 80 73 21 60 71 24 57 16 78
62 80 68 50 94 56 94 65 22 85 40 14 53 15 8 60 5 93 56 49 99 51 99 87 67 21 75 18 64 23
72 64 83 40 5 31 88 12 13 18 32 94 32 78 20 14 93 3 35 6 22 81 4 96 87 35 17 18 64 38
91 7 57 92 30 15 54 32 17 16 5 99 55 33 95 62 7 56 21 37 58 40 49 29 11 3 60 2 58 10
7 6 75 89 44 7 72 94 11 6 17 100 76 80 43 65 28 11 31 68 89 16 41 68 28 65 71 78 94 16
89 38 68 23 20 100 48 79 52 82 55 98 55 16 62 40 30 90 15 95 41 52 67 34 22 88 75 19 57 52
85 58 43 53 6 41 1 51 19 89 5 25 64 15 28 18 27 59 3 2 1 23 10 79 39 91 12 100 47 94
84 3 6 64 91 23 99 89 72 85 29 9 4 64 48 75 67 97 4 55 34 2 34 20 71 91 65 47 98 47
65 5 56 46 85 95 49 48 100 50 6 33 73 98 48 57 83 77 36 56 57 35 6 25 72 45 94 86 20 9
87 21 29 63 18 74 38 27 76 60 63 64 29 100 100 2 1 64 52 81 84 10 60 56 37 38 78 60 8 33
53 65 63 10 12 65 17 40 91 96 39 64 64 52 31 59 14 47 30 9 4 42 93 93 91 77 61 35 40 76
61 43 18 1 100 100 83 26 68 45 33 33 3 37 80 92 14 2 25 81 20 41 34 53 23 18 28 51 56 81
51 36 9 76 17 22 40 94 68 8 38 79 99 37 65 72 52 100 95 19 66 86 10 26 98 75 53 91 8 54
88 68 31 15 7 82 50 49 69 22 49 86 46 59 7 8 57 39 17 93 20 93 13 58 24 80 24 49 54 30
45 73 86 60 70 100 29 29 37 44 12 52 48 2 11 25 69 95 97 85 27 26 4 94 74 60 10 66 23 89
70 51 31 44 3 52 5 10 29 70 67 30 45 43 37 40 67 65 74 23 34 9 18 74 88 82 48 3 28 67
82 3 59 17 53 18 9 94 82 63 82 39 13 23 67 22 3 13 17 93 90 32 70 77 21 38 49 49 3 98
65 66 66 26 75 39 72 32 90 27 58 33 94 15 71 71 15 69 69 68 65 57 75 77 40 26 72 25 65 37
78 4 37 61 8 34 60 6 74 99 46 3 95 19 18 40 6 10 98 48 60 99 45 25 19 40 37 13 47 51
67 35 68 79 79 77 81 5 89 18 53 43 57 46 35 72 31 59 67 72 27 54 77 85 31 18 30 99 46 41
2 95 25 59 94 55 32 60 30 46 72 41 14 16 10 29 15 66 76 62 16 72 79 57 92 56 74 75 97 86
94 16 5 49 96 74 34 96 25 55 6 84 69 61 94 46 5 20 61 95 1 96 78 69 88 35 60 16 10 86
59 48 22 18 33 3 60 71 75 23 5 59 43 52 14 44 45 86 33 64 94 71 25 76 69 9 33 92 70 61
61 80 97 57 84 2 32 21 40 60 52 69 58 18 94 97 32 39 46 92 54 18 33 85 50 2 9 62 20 66
42 55 57 94 15 59 99 84 93 84 87 91 11 72 62 49 13 96 84 19 15 37 40 12 25 91 60 31 77 31
61 88 29 37 75 100 77 60 2 11 10 60 41 70 80 17 4 1 52 2 82 24 63 47 70 88 60 52 60 28
26 43 98 39 3 52 67 17 49 34 64 29 93 30 32 14 32 6 89 92 94 75 88 37 22 74 20 74 13 79
74 95 98 7 10 16 21 96 79 34 99 3 41 74 6 36 4 89 32 22 90 59 35 33 94 29 38 69 11 1
37 100 70 53 31 66 87 40 61 88 21 91 46 94 89 38 30 55 69 23 88 99 20 5 12 44 28 43 80 95
44 10 4 59 57 85 95 23 99 77 15 24 85 6 28 13 31 65 17 51 97 51 89 20 91 49 25 3 8 36
51 76 7 11 79 20 77 75 18 52 53 57 21 33 67 11 2 5 98 58 81 38 57 62 12 11 19 15 83 69
60 12 48 28 9 54 97 61 83 87 82 3 25 28 15 43 26 81 5 61 95 77 55 65 8 25 81 67 27 79
84 79 9 63 32 1 85 99 43 13 9 68 85 12 28 51 63 16 44 58 41 77 92 73 78 46 70 84 86 90
32 18 13 65 59 53 98 36 30 1 90 74 84 24 46 3 68 67 91 20 93 80 55 35 41 60 37 29 63 3
52 63 94 45 53 13 7 94 90 42 41 55 25 40 55 3 51 79 75 44 49 4 38 33 59 18 56 43 68 73
20 19 2 44 65 92 71 7 24 33 96 47 52 56 88 1 37 63 33 2 73 92 88 31 38 1 35 50 79 77
12 60 46 99 63 65 2 6 70 69 90 77 92 80 44 87 70 60 27 14 66 32 46 16 32 100 99 40 69 24
43 82 81 16 23 100 48 93 17 2 30 28 10 23 91 27 45 43 50 66 60 75 37 44 38 49 3 72 13 89
85 85 92 28 35 10 13 32 91 55 31 16 42 7 53 83 50 15 42 66 77 49 23 9 97 33 22 29 81 17
56 77 44 88 55 68 82 58 30 39 53 6 77 2 3 48 99 89 51 46 79 28 52 81 27 76 30 32 55 85
98 15 82 5 51 31 1 64 75 78 26 3 69 21 58 80 29 93 44 13 44 93 82 45 31 55 86 32 57 7
2 62 30 96 78 24 79 29 28 17 99 92 2 95 64 6 68 21 92 17 61 39 28 39 73 95 22 68 78 23
9 71 62 89 66 31 39 20 21 74 92 66 80 44 73 59 18 93 23 68 22 83 28 55 4 9 3 66 71 100
94 74 84 55 40 81 93 16 68 82 39 27 21 48 53 98 86 37 11 46 86 44 76 6 72 29 78 56 85 31
12 31 5 89 55 12 99 15 40 28 89 14 76 31 84 6 36 19 20 89 27 93 25 2 12 13 98 59 24 74
81 72 16 58 24 33 83 10 22 30 77 62 73 73 22 21 27 61 45 72 30 60 53 72 71 87 58 41 8 22
82 53 53 51 47 89 79 24 44 4 74 73 52 26 84 56 84 20 92 38 13 29 51 60 15 45 69 40 57 47
62 89 13 1 83 38 98 37 19 30 83 76 46 51 5 15 43 16 27 67 41 80 5 76 93 45 75 75 94 31
74 57 50 20 56 22 7 78 74 74 96 26 12 96 6 62 92 22 78 8 40 83 83 45 90 2 62 96 47 31
12 14 18 75 59 92 88 97 25 21 37 81 94 14 37 22 36 43 62 59 82 46 44 42 84 76 52 68 41 78
95 31 56 79 28 86 73 94 66 27 99 2 96 96 27 26 12 55 7 29 34 79 42 52 41 19 24 70 7 89
70 67 76 3 31 93 69 11 20 80 58 39 58 89 37 10 89 75 46 78 37 75 57 75 35 18 60 86 73 84
32 99 40 36 79 21 66 81 79 18 93 59 81 8 58 92 27 28 5 92 46 3 44 43 20 25 57 90 53 86
21 92 47 64 47 32 94 64 22 38 43 34 29 38 48 63 99 69 85 56 66 39 35 3 27 90 99 38 79 89
79 47 8 65 12 49 92 79 17 39 29 31 10 15 76 78 49 34 36 11 52 63 46 7 85 91 92 1 42 61
40 98 86 9 74 55 56 76 4 89 33 47 33 39 52 52 78 59 45 6 90 3 93 67 83 31 12 2 40 60
64 3 70 80 17 42 16 60 98 10 48 73 47 3 68 35 78 71 60 8 58 59 77 48 55 59 68 51 81 33
16 53 23 73 33 68 12 19 34 5 7 48 42 54 50 15 77 40 21 83 54 58 24 58 79 25 11 56 7 10
40 5 82 16 26 62 17 28 15 44 56 89 38 91 24 87 3 87 64 28 70 72 55 51 69 98 75 93 5 51
14 62 55 35 83 6 75 23 40 60 67 63 56 33 57 12 9 30 15 75 16 97 82 16 90 82 83 52 13 57
79 71 46 16 10 19 33 1 7 18 51 26 36 67 84 66 81 32 41 66 99 13 8 48 67 92 19 91 57 49
39 53 78 37 73 29 47 92 21 87 14 90 69 31 43 33 22 97 67 46 35 26 60 91 11 87 83 14 29 11
31 4 68 62 38 45 22 54 22 44 33 99 63 54 10 60 29 54 69 99 31 84 93 39 89 89 61 25 17 8
47 4 90 39 65 12 1 52 15 4 24 5 12 46 71 39 65 15 69 1 44 62 70 58 54 69 40 33 84 72
78 99 52 77 65 37 7 51 7 80 74 94 60 76 57 66 73 24 20 60 48 56 83 2 68 31 10 80 10 45
30 19 7 77 33 20 10 8 7 35 40 67 93 42 11 34 99 83 97 64 86 100 13 14 86 37 37 37 61 26
70 99 27 4 44 47 39 15 97 26 78 47 96 78 2 85 87 90 82 97 90 86 45 91 71 64 85 62 29 74
51 56 94 25 35 67 30 15 7 100 100 72 55 38 59 17 13 9 51 62 9 25 93 11 68 97 88 64 90 36
17 23 86 92 86 13 86 69 98 53 76 49 13 63 72 13 13 24 92 82 1 66 74 42 82 6 19 19 61 67
39 2 60 15 83 66 17 31 14 59 60 15 48 45 74 79 3 70 47 40 92 42 47 27 54 2 34 87 21 12
86 58 41 25 63 80 76 9 14 31 65 4 38 26 83 12 26 35 12 34 80 95 32 54 63 61 77 50 91 48
17 36 33 64 72 39 91 5 77 15 68 56 25 21 48 64 89 80 83 37 61 77 15 23 3 34 32 50 22 14
75 12 10 19 13 8 16 24 37 74 23 85 55 69 12 21 45 75 57 29 69 52 51 68 8 95 20 52 36 56
22 43 61 16 13 45 63 13 10 57 83 32 46 23 63 67 50 13 96 94 51 91 60 39 9 22 32 59 94 43
