20
4
33 64 93 45 5 89 94 63 35 24 98 94 62 24 30 26 78 16 63 64
1 10 87 48 84 18 9 73 78 38 42 49 77 29 50 59 40 81 30 64
54 12 65 85 81 33 1 5 14 98 93 27 72 71 40 67 37 88 79 58
69 49 4 9 94 46 2 49 93 14 83 80 4 51 2 72 5 61 92 88
81 86 21 82 47 13 19 42 18 35 40 55 55 95 71 24 40 84 86 97
34 27 37 97 74 93 89 54 17 66 69 10 81 56 84 27 95 41 33 100
3 51 56 59 44 6 52 98 19 79 41 37 28 95 12 77 78 52 95 76
46 17 99 51 83 8 94 30 80 60 96 70 82 63 65 23 65 16 62 17
13 27 27 37 34 80 18 84 94 96 88 30 23 20 95 45 77 87 10 46
17 26 77 4 83 29 94 55 83 3 4 86 38 72 96 63 76 63 13 53
81 70 51 69 60 91 22 65 56 58 26 84 90 43 7 71 37 82 24 99
68 17 41 19 63 53 12 62 34 88 31 59 34 11 27 60 66 22 95 40
46 72 70 50 29 93 6 33 46 97 73 40 63 39 18 59 75 4 45 63
94 89 30 68 87 40 54 76 71 39 18 26 36 94 49 55 60 56 74 22
30 91 53 27 53 65 19 36 21 97 88 60 35 17 58 58 28 82 45 42
26 81 14 80 60 72 57 39 6 8 44 82 90 17 75 97 8 63 100 76
99 88 59 41 41 9 22 73 38 7 39 43 26 44 7 42 97 31 74 18
61 73 11 82 65 72 64 80 94 5 46 4 19 37 5 46 85 78 2 45
49 100 97 75 44 47 52 94 62 87 66 54 2 17 31 81 22 48 43 72
63 66 56 65 55 62 97 70 20 27 94 99 53 77 62 59 29 37 30 75
34 3 75 99 82 18 81 54 62 93 55 34 36 30 43 31 40 34 84 43
21 3 51 10 88 12 44 98 59 26 12 90 65 28 29 29 97 67 89 91
18 83 81 51 95 96 61 96 75 89 18 71 10 12 35 80 51 10 59 54
82 45 41 53 40 49 40 25 100 26 50 51 50 5 83 23 93 31 62 13
33 97 62 94 21 5 9 95 32 65 34 61 87 94 79 27 47 64 19 2
64 44 92 73 82 65 86 4 60 69 6 15 71 80 34 45 24 59 38 93
28 22 51 32 91 62 36 97 17 80 70 3 28 64 11 56 24 14 17 57
56 42 36 20 32 81 31 97 90 31 63 20 20 93 74 62 44 61 80 18
100 98 55 48 71 6 19 81 71 90 73 24 16 83 94 21 97 100 76 98
58 88 69 64 87 80 94 18 53 54 17 37 79 18 16 16 95 56 98 88
95 15 51 13 1 55 94 4 45 18 60 92 26 18 5 10 41 13 4 19
48 96 1 32 42 8 45 18 44 3 90 97 60 8 99 77 29 100 28 92
16 11 64 69 15 83 26 28 21 34 45 66 15 66 99 50 26 77 26 66
39 72 1 80 82 54 23 37 97 23 53 69 51 65 5 46 22 21 4 25
60 57 61 33 50 21 55 18 59 95 85 79 26 96 31 53 10 91 99 16
82 30 10 68 42 45 7 79 100 28 46 14 93 30 51 81 16 92 93 96
39 68 72 24 74 51 36 75 71 28 47 69 35 36 76 30 48 9 91 78
34 88 30 4 19 94 25 25 96 10 36 66 12 16 64 11 13 78 10 56
99 71 97 13 86 53 26 32 6 67 24 59 4 9 64 76 48 1 30 53
43 87 68 6 21 42 54 74 9 84 39 78 6 100 15 69 74 46 29 13
47 18 97 79 82 60 79 43 89 14 53 79 85 48 100 95 92 18 30 71
39 25 22 83 96 49 44 54 61 47 69 31 33 53 10 60 80 85 34 85
5 55 96 93 73 47 12 84 6 80 6 56 26 22 30 42 17 29 10 66
33 34 94 4 99 87 38 1 16 78 28 32 7 56 9 94 25 87 5 81
3 80 77 13 27 46 14 13 13 48 62 66 31 80 46 16 90 15 46 80
54 89 35 10 10 47 49 6 7 77 47 24 9 63 44 51 48 57 40 31
69 6 12 25 47 97 56 15 95 91 35 77 21 63 74 43 54 22 7 37
2 1 43 96 19 59 57 65 68 92 9 98 91 12 99 37 74 34 69 100
64 9 85 62 41 53 70 2 18 12 51 57 48 88 2 43 65 30 45 74
51 53 36 11 20 2 33 84 77 85 71 3 7 54 19 22 10 9 61 82
90 73 48 36 20 43 42 37 84 82 45 82 66 53 81 70 10 85 72 26
13 62 4 54 7 1 79 95 21 45 36 19 69 90 11 1 36 40 52 47
31 54 57 2 72 5 76 58 41 5 50 45 52 29 95 72 70 68 55 55
53 11 34 92 72 60 50 31 98 27 9 41 90 31 61 57 64 94 37 96
24 4 77 64 23 14 2 76 7 27 82 20 59 7 83 26 16 14 67 98
37 54 78 83 62 46 57 7 63 91 73 75 55 35 51 73 86 29 36 48
68 63 55 28 30 22 54 39 23 64 64 37 38 22 39 20 86 72 48 75
45 7 46 50 76 66 3 83 100 42 96 13 50 33 35 7 39 26 44 93
51 44 55 28 93 73 80 48 49 9 47 4 89 84 50 16 56 81 70 69
82 33 63 97 2 44 82 54 4 82 46 13 93 92 83 61 13 67 60 97
47 88 85 37 95 10 56 99 53 55 92 95 60 66 15 61 89 88 68 67
59 93 26 58 42 87 37 85 1 32 45 23 17 25 32 70 76 94 65 18
93 79 19 33 63 79 87 15 36 41 52 66 57 78 69 4 19 61 88 2
38 7 70 92 5 22 100 59 39 46 73 64 32 41 37 59 55 84 59 28
72 80 95 68 92 91 47 28 13 40 20 13 97 75 58 3 36 66 79 85
70 55 64 17 22 20 12 89 29 38 2 18 82 51 89 51 91 89 53 6
28 61 42 70 79 13 38 51 92 14 65 71 98 56 45 3 1 73 58 72
13 83 18 62 53 48 90 48 1 35 25 39 2 28 63 9 34 28 55 80
70 82 18 98 28 88 59 19 57 15 1 88 29 26 14 48 82 42 26 92
57 42 69 38 68 13 23 71 43 71 99 90 44 65 19 1 4 92 25 84
32 51 83 74 55 92 57 46 88 88 21 27 87 99 91 28 61 73 63 96
4 53 92 65 77 93 40 78 28 14 31 20 6 60 97 63 16 67 10 78
74 17 84 42 2 32 70 27 42 49 80 26 46 2 60 6 17 28 26 6
34 24 50 9 65 91 17 98 96 47 43 17 87 63 27 26 78 20 2 97
80 35 2 7 50 55 11 100 68 40 34 65 70 94 40 8 67 31 94 58
45 82 77 7 4 98 21 32 14 37 7 16 33 69 66 70 56 67 45 63
76 90 5 29 56 99 8 99 43 3 6 82 9 80 6 70 40 69 63 28
83 76 16 42 37 41 60 38 35 68 8 49 33 27 44 6 58 77 26 7
54 68 93 77 73 91 17 60 96 64 99 92 43 82 21 35 81 72 71 90
51 80 47 90 68 32 28 72 2 58 79 5 93 69 68 100 21 46 74 47
