55
4
99 92 64 3 2 17 23 25 34 77 26 79 64 58 18 64 80 61 94 64 8 61 38 22 86 42 46 51 84 8 81 66 25 70 10 4 70 91 11 92 93 73 13 97 23 54 41 17 46 77 3 31 81 42 1
18 74 65 11 42 64 79 23 20 81 98 65 13 42 28 72 29 21 70 57 15 31 10 59 89 39 30 63 39 23 93 7 31 2 37 4 52 50 28 63 12 2 37 78 81 90 11 58 28 11 46 82 39 97 28
25 95 16 63 5 26 85 64 81 99 19 34 55 60 91 92 76 16 12 100 41 92 86 47 46 73 59 84 74 83 81 61 80 55 23 97 1 36 8 76 70 100 49 96 65 10 46 58 46 24 44 82 14 7 28
50 60 26 71 32 11 25 89 99 98 35 77 52 80 74 62 82 69 17 7 47 13 84 55 95 61 53 89 19 58 79 35 90 11 90 89 50 21 13 84 30 22 74 3 66 93 29 79 24 43 36 40 63 18 96
35 25 89 9 48 49 26 98 64 32 10 12 50 27 85 48 62 56 13 38 45 79 5 93 33 65 68 40 40 78 74 39 85 25 72 87 82 11 97 7 32 52 20 26 23 86 73 79 71 99 39 14 91 64 23
65 54 17 21 21 3 35 28 77 77 78 53 41 3 72 63 88 75 86 32 86 30 75 60 88 88 16 33 16 21 98 88 69 24 99 38 21 78 57 66 13 79 58 19 60 72 40 82 8 47 89 18 3 34 43
3 8 6 17 18 81 70 18 42 43 50 34 43 76 96 100 77 40 48 54 42 16 42 91 94 45 36 92 16 14 89 82 43 53 15 37 2 26 15 53 5 84 32 20 64 80 91 15 30 20 93 30 27 73 47
52 85 42 18 50 42 91 85 10 65 61 7 55 8 54 83 81 32 57 75 8 36 33 68 88 34 29 68 47 80 55 82 42 96 64 96 82 88 32 87 20 33 5 45 48 41 11 20 61 71 24 69 85 85 96
56 38 83 15 72 45 84 86 69 62 40 76 16 39 2 71 55 73 100 23 58 85 2 73 86 28 35 85 44 40 16 52 83 17 4 38 23 22 27 51 3 4 60 14 98 37 71 55 93 46 27 61 2 59 86
48 68 77 3 36 30 100 92 69 25 48 63 4 54 81 18 58 91 9 46 62 48 63 72 10 1 38 93 22 38 56 37 98 43 66 28 19 13 12 81 71 19 43 93 72 61 32 9 29 100 78 51 24 78 96
80 85 43 45 21 4 43 72 25 34 83 80 73 88 61 82 74 96 99 19 43 10 58 67 14 59 77 20 88 38 65 84 27 72 87 77 22 53 43 44 53 14 70 4 52 97 44 91 68 43 82 98 46 46 79
33 96 44 44 71 56 97 93 36 18 1 51 21 67 21 91 60 78 18 64 42 45 6 60 36 22 95 59 36 10 19 31 27 9 14 64 84 27 93 66 58 34 69 45 93 38 96 9 38 8 14 98 96 8 96
77 46 34 48 9 72 22 95 91 47 47 9 27 42 23 52 11 41 61 26 7 26 97 99 9 65 93 5 98 97 44 18 8 79 32 45 12 55 28 23 91 93 74 50 100 42 20 97 79 95 6 26 18 7 69
6 10 22 40 72 90 4 19 95 27 83 59 94 12 62 57 98 24 71 70 97 75 64 51 100 43 45 66 64 93 47 96 37 46 52 39 37 97 72 23 22 82 33 11 67 80 83 28 23 15 51 91 70 63 46
24 45 83 19 56 61 26 64 35 83 25 33 61 74 24 47 75 65 56 35 58 63 30 21 99 30 56 30 50 47 92 99 59 96 97 55 63 48 58 95 27 25 38 90 80 67 12 25 82 33 91 98 41 40 54
26 60 91 94 15 16 27 97 69 39 33 76 77 88 59 35 57 86 89 15 60 47 5 40 54 39 54 12 16 20 52 67 77 8 9 64 8 40 1 65 33 50 11 19 70 42 90 89 87 45 75 19 83 67 72
92 70 20 81 40 100 10 4 34 62 3 45 46 9 96 77 71 73 43 43 99 43 9 29 88 90 44 71 86 5 8 71 91 8 28 43 58 44 38 20 2 58 28 24 46 79 28 76 60 33 62 79 1 98 26
50 64 51 21 7 64 71 7 39 23 13 41 47 59 57 27 91 62 64 96 26 72 25 54 69 78 29 12 94 28 38 6 5 52 3 100 54 81 63 12 44 48 54 85 84 2 15 41 4 59 39 11 80 57 24
30 15 46 18 74 72 9 86 27 15 35 43 80 98 74 83 93 100 13 20 95 28 89 40 88 46 81 74 6 19 62 14 93 18 21 97 14 5 41 90 12 33 57 26 92 84 81 74 49 12 60 8 3 70 48
80 4 97 42 89 74 39 77 61 60 52 6 54 14 78 62 5 19 6 71 86 18 58 9 77 7 60 96 89 82 24 46 83 34 27 63 7 59 57 14 42 48 95 16 62 59 46 83 52 41 82 35 35 74 45
50 65 33 83 57 62 87 67 28 84 3 20 40 22 12 97 90 86 57 42 20 67 27 1 14 90 96 16 56 45 12 16 86 30 83 95 10 14 7 92 28 26 8 53 14 70 17 23 72 64 50 89 17 23 81
62 32 61 10 68 17 100 58 43 57 53 40 100 27 59 34 87 45 92 33 100 43 20 22 56 59 45 35 81 98 61 72 4 96 18 64 92 91 46 8 11 25 42 78 55 86 49 27 6 52 35 85 41 100 1
60 76 77 72 64 52 64 99 34 65 6 61 97 42 83 88 32 78 65 15 11 25 37 73 46 97 57 16 4 8 72 25 73 13 2 36 17 53 58 69 92 18 67 31 60 79 34 17 6 30 17 85 39 46 61
43 53 23 56 96 89 82 47 52 90 63 79 46 80 47 91 35 20 11 86 4 44 5 17 65 74 27 42 62 30 16 56 69 66 50 81 40 33 6 48 10 64 74 94 4 89 26 49 91 89 45 31 69 73 19
1 11 85 53 49 90 73 9 30 28 18 26 47 18 63 33 5 34 8 91 14 90 80 91 54 20 81 13 92 97 76 85 42 91 82 1 66 55 20 45 36 21 94 12 26 28 38 75 70 33 45 66 10 35 51
19 87 80 23 25 35 59 7 71 69 24 34 76 99 80 57 40 18 88 20 78 32 67 85 31 46 17 72 15 79 78 42 19 7 68 33 15 87 40 96 16 56 31 69 27 40 53 51 28 44 19 43 79 41 48
80 86 21 18 39 9 61 8 41 88 43 99 48 89 7 35 66 84 15 14 37 29 97 63 48 22 98 91 17 84 97 82 83 74 70 34 79 48 24 56 10 87 98 61 4 22 72 75 50 61 78 68 62 79 74
41 30 56 98 4 26 80 92 94 24 2 43 39 88 20 79 45 40 41 47 56 80 93 16 56 30 36 100 20 26 10 14 83 74 93 12 6 58 91 63 45 73 63 91 33 94 100 56 83 41 6 98 91 61 87
12 29 72 100 91 91 84 53 83 33 45 6 54 9 10 5 10 66 70 29 27 80 47 46 89 86 6 14 2 44 30 23 25 84 10 32 11 47 58 78 51 6 13 39 40 15 59 35 61 97 69 41 24 18 38
32 50 86 86 5 73 66 78 98 1 30 56 69 76 86 22 71 30 92 10 56 36 50 50 31 69 29 67 75 30 25 46 42 41 50 90 76 43 37 87 74 41 98 12 9 22 56 44 62 90 86 53 44 80 2
67 77 69 45 38 75 46 29 44 90 9 76 16 37 72 13 91 93 27 75 12 79 51 45 16 58 30 54 65 45 1 17 14 15 61 20 40 19 66 100 99 50 25 99 64 1 46 78 81 1 48 37 86 8 52
20 19 42 24 66 30 28 4 26 41 6 17 78 42 27 91 37 44 70 99 4 92 13 10 97 89 8 3 74 60 2 52 52 31 78 44 31 14 52 73 13 14 33 94 69 56 66 72 95 80 34 70 39 61 55
50 95 58 91 47 81 98 51 85 16 43 39 50 40 53 94 85 38 17 40 60 23 54 44 1 68 59 16 27 36 32 51 40 33 54 75 84 63 62 6 36 62 68 7 69 32 92 22 41 57 29 7 56 75 64
79 97 51 31 60 78 87 38 70 15 44 49 18 14 72 17 14 60 100 50 9 54 28 76 23 18 74 38 27 71 62 90 3 47 96 32 36 82 17 7 88 86 78 42 10 21 75 62 66 45 24 50 37 44 48
12 14 91 55 39 2 27 66 57 7 98 55 42 20 85 58 64 81 98 51 29 94 1 93 96 17 81 45 97 18 64 56 80 14 57 81 60 19 25 65 26 68 83 73 86 64 50 93 62 4 26 28 86 92 17
16 9 21 31 94 33 60 10 81 66 13 94 39 28 54 57 21 85 74 32 55 88 9 57 53 91 45 86 66 83 18 96 61 66 70 8 49 28 26 43 48 1 77 46 54 76 71 23 83 10 77 26 45 18 8
61 66 33 11 34 26 82 58 74 26 53 22 3 97 23 44 39 73 24 36 71 2 4 54 50 5 78 10 28 10 80 6 79 17 25 66 62 66 76 99 54 7 70 66 74 55 59 90 42 87 42 36 41 75 28
32 83 10 64 38 17 72 93 7 9 4 76 1 65 61 37 46 66 57 44 33 14 58 99 96 68 46 21 27 69 80 35 40 59 13 14 84 38 18 68 76 96 76 44 33 76 69 53 40 29 100 76 56 61 83
61 90 82 85 96 74 92 16 74 58 70 52 57 64 9 57 65 72 89 9 18 80 95 47 43 11 72 60 83 47 39 2 37 5 11 59 69 62 56 97 67 90 92 33 87 49 38 52 15 53 78 40 84 15 80
54 63 33 25 35 3 62 10 59 12 37 96 68 61 95 78 61 10 63 82 90 81 16 8 23 9 3 41 54 10 23 75 86 99 51 31 65 70 89 93 44 60 71 11 23 26 40 10 10 16 90 66 71 96 96
94 73 67 39 39 59 48 46 26 80 69 24 52 38 92 62 44 22 14 20 52 12 7 27 1 95 19 12 68 20 34 22 29 32 60 52 79 63 46 54 97 77 9 40 79 100 34 39 96 59 99 80 100 87 75
10 23 16 60 39 44 21 66 77 28 62 55 57 30 28 16 49 52 5 89 1 96 45 20 39 55 100 16 97 54 74 40 8 77 24 11 80 21 37 16 55 26 30 15 45 2 24 96 64 14 15 92 30 3 97
65 4 74 87 66 35 16 19 15 97 76 86 5 42 28 48 66 63 81 17 95 58 81 40 26 61 48 83 5 77 37 7 94 68 49 41 80 11 15 5 77 6 1 87 53 88 94 77 35 21 29 77 73 98 18
72 47 92 25 46 9 79 59 17 64 94 97 10 35 89 30 51 65 80 61 76 29 68 98 13 98 3 100 88 6 40 58 13 42 13 50 86 57 62 69 5 63 61 40 40 3 49 76 18 13 88 53 12 51 90
21 76 5 71 41 97 80 20 74 52 70 47 87 53 1 75 85 88 23 5 62 100 89 31 71 17 73 66 64 34 82 81 50 70 34 73 96 45 34 46 31 92 10 7 100 53 50 61 20 68 1 63 47 100 28
91 100 63 61 17 34 70 93 81 97 72 73 86 89 30 66 94 10 80 26 10 24 63 41 94 55 96 61 50 48 44 77 66 13 25 18 46 18 16 84 48 17 23 79 67 89 100 20 44 75 85 52 46 45 23
33 64 26 83 68 82 69 75 51 13 7 57 25 29 1 94 91 27 53 70 57 40 89 79 94 5 96 44 30 53 88 1 72 84 57 89 57 58 89 40 99 100 70 9 69 2 60 7 16 6 91 46 10 82 43
85 73 29 43 48 35 74 25 88 63 32 78 89 75 59 71 92 34 31 87 72 40 79 38 38 64 98 29 33 67 82 60 55 35 19 93 85 58 10 10 62 98 27 51 100 22 61 86 49 54 100 2 57 58 92
8 85 45 25 86 21 47 86 24 55 5 11 33 35 28 10 12 4 84 18 99 58 38 95 44 73 64 97 49 13 41 30 43 86 7 28 44 5 7 56 11 80 62 89 61 43 99 95 86 75 15 15 62 81 84
45 77 66 88 56 47 32 88 88 35 92 51 83 43 8 82 74 32 69 7 17 6 14 54 88 56 21 28 59 27 33 44 83 25 8 59 33 17 25 40 70 89 22 63 55 45 74 50 82 59 75 32 13 40 9
27 88 35 83 9 24 32 10 80 51 39 91 42 82 76 12 92 84 72 98 35 80 96 57 32 15 48 46 39 100 83 26 64 76 83 14 31 40 72 69 80 40 100 16 5 68 72 31 84 73 17 3 28 92 61
80 80 11 99 5 96 18 67 76 41 64 19 13 88 7 54 45 77 38 28 83 84 75 90 78 12 4 39 76 61 54 65 30 26 71 35 45 80 7 96 85 35 15 75 57 58 34 67 70 82 42 94 7 30 51
79 47 94 48 88 30 11 95 58 8 39 44 66 12 7 33 14 57 85 14 65 67 58 29 17 3 69 85 97 2 46 63 55 30 90 82 88 87 80 3 5 74 21 75 18 37 78 25 16 19 37 88 44 86 88
22 11 63 90 83 81 66 75 67 93 78 65 19 3 25 81 17 65 18 42 5 60 99 83 93 23 87 82 73 93 94 64 57 86 38 47 72 26 25 73 75 28 89 72 18 78 14 7 92 59 67 14 39 70 12
24 97 51 71 38 47 76 84 25 40 49 63 50 20 20 71 20 39 95 14 8 86 27 84 54 20 5 17 22 28 65 52 47 49 79 69 48 76 89 70 6 52 11 5 80 38 19 4 49 27 16 99 24 68 8
61 41 96 52 63 56 93 53 5 8 93 41 57 73 57 67 89 50 74 15 75 53 52 28 18 60 1 31 7 7 14 49 78 27 10 57 69 25 25 56 87 61 83 27 32 19 62 75 89 65 60 77 62 75 96
91 30 18 88 91 95 15 34 73 57 85 22 72 17 56 25 60 29 2 13 86 96 75 67 84 29 31 2 73 41 82 89 44 64 90 18 3 30 17 68 82 45 85 76 18 39 84 93 68 67 31 53 5 86 87
58 31 68 68 64 75 56 29 37 9 59 23 91 66 69 63 31 25 15 56 64 68 56 75 32 30 50 33 81 94 25 43 45 52 65 75 62 32 36 11 60 64 19 35 32 58 39 88 41 35 7 56 69 4 53
38 76 19 93 81 85 95 9 56 49 46 62 23 66 91 93 41 15 62 17 49 18 20 34 34 80 13 80 11 85 98 85 55 96 79 100 66 94 94 21 79 29 59 86 49 95 38 53 6 70 54 17 79 59 94
61 37 6 76 22 78 85 91 97 68 57 66 81 39 79 21 34 15 4 47 96 85 13 88 1 24 39 40 2 66 70 81 92 53 6 41 8 80 80 96 29 71 53 98 45 41 3 43 86 70 37 34 64 36 25
40 50 43 59 88 14 98 28 87 28 54 63 69 89 71 94 27 87 81 40 73 87 44 66 97 32 83 94 22 63 61 65 36 66 28 12 54 19 26 54 74 67 16 40 76 43 29 33 32 25 8 50 86 3 82
42 46 58 44 3 66 13 99 57 20 80 43 17 12 79 63 22 55 43 89 99 57 28 26 26 30 3 54 64 19 54 81 16 83 70 83 56 19 47 48 36 28 85 33 27 8 50 80 48 71 41 97 25 21 4
8 51 79 68 83 18 66 14 36 71 28 52 18 20 63 58 100 68 59 30 40 76 78 2 61 47 2 87 17 62 85 97 96 92 82 8 13 41 86 96 22 4 49 52 58 37 70 86 69 28 6 67 51 64 13
48 22 87 36 27 87 14 61 8 2 25 44 38 100 92 29 8 5 80 6 77 30 84 19 70 90 17 28 79 66 90 70 95 5 58 59 43 67 94 92 20 74 83 52 50 5 72 62 47 54 47 44 44 29 83
52 60 84 84 21 57 54 54 8 20 79 4 88 82 55 46 11 49 91 80 17 73 82 80 47 31 70 36 100 23 92 77 23 89 95 64 54 19 5 5 90 6 74 10 46 56 10 28 21 99 69 16 23 27 23
100 45 37 3 63 15 7 74 61 39 70 37 7 92 91 71 13 29 92 91 42 33 84 31 24 25 91 42 24 100 23 41 64 13 49 20 100 39 96 28 55 97 39 30 88 58 38 37 88 89 66 74 89 48 23
58 52 6 21 57 54 49 66 95 38 28 69 50 39 78 95 94 88 80 37 88 83 1 32 17 55 58 16 91 6 34 25 97 64 74 2 48 80 37 19 57 56 12 1 93 27 70 16 71 16 70 72 69 7 82
28 24 42 54 53 49 60 46 78 42 8 19 90 95 88 9 62 31 77 59 46 85 7 25 92 37 63 55 76 46 84 85 52 62 62 7 45 54 45 54 73 63 50 91 2 41 67 73 14 86 75 64 79 76 85
50 16 43 54 46 40 47 84 35 42 11 50 23 53 67 17 4 27 83 90 86 53 11 42 60 20 26 66 29 14 95 26 68 58 95 50 89 86 20 36 53 89 65 65 94 67 59 40 15 80 41 73 6 8 27
68 44 98 25 2 45 37 30 67 80 20 9 81 98 20 19 67 23 66 61 14 74 2 42 68 14 31 56 47 96 54 24 67 13 78 1 17 24 89 14 4 27 46 19 33 95 61 19 41 22 6 63 28 86 22
14 57 66 19 70 71 8 85 15 90 1 55 39 19 60 76 26 78 13 5 64 21 17 95 39 64 17 70 37 79 83 89 21 15 89 25 55 78 36 7 46 35 28 73 11 47 6 44 48 1 55 22 9 1 39
83 53 36 76 7 9 55 35 32 64 45 97 56 74 9 13 47 34 89 41 4 51 13 80 65 82 48 74 61 8 36 47 57 25 59 49 40 62 9 69 40 3 63 39 9 41 39 5 8 42 81 40 66 38 98
92 79 69 1 99 55 63 76 75 28 46 40 40 41 20 85 86 23 42 70 71 23 58 1 36 3 33 41 89 51 13 51 11 55 91 38 15 20 41 87 50 33 78 83 65 40 73 80 57 92 7 15 38 8 54
90 57 46 15 67 68 61 93 12 5 30 61 47 40 17 50 13 82 81 30 72 77 63 26 94 5 94 27 13 21 12 50 36 7 100 29 94 35 41 15 7 48 74 73 97 72 27 24 21 97 79 28 23 55 5
9 16 34 23 57 44 9 58 50 92 44 86 56 9 99 13 49 17 83 7 19 16 60 28 93 51 77 6 32 96 34 69 35 56 38 94 47 20 73 11 94 33 2 44 71 82 75 68 67 62 26 67 82 9 63
21 98 98 10 90 80 59 33 18 75 33 91 72 65 35 24 44 70 3 12 88 3 12 86 3 39 62 66 50 27 4 89 31 34 46 2 24 46 92 21 83 76 90 6 35 100 37 17 44 81 1 1 61 7 98
31 100 75 72 55 67 74 50 22 56 81 35 91 61 15 69 60 10 31 24 52 87 6 87 49 26 11 99 25 31 76 34 74 3 91 80 20 97 65 93 27 71 10 91 65 61 67 82 17 44 62 92 64 25 67
29 50 39 97 12 70 87 76 21 66 80 48 9 86 19 18 83 73 33 5 93 64 3 4 97 89 9 35 76 43 6 88 64 61 83 50 15 36 29 41 42 13 79 82 18 8 38 31 56 20 46 21 59 18 47
34 69 70 5 29 14 7 42 67 33 92 38 58 32 86 71 51 69 17 99 15 44 13 19 100 41 65 19 19 89 21 85 5 68 60 53 76 37 6 65 87 80 47 19 11 65 24 89 95 26 45 22 87 98 88
30 29 61 6 59 34 91 9 12 2 78 55 57 41 91 84 6 100 99 45 17 73 42 82 31 44 71 69 42 54 62 62 85 59 93 53 77 43 85 27 15 99 69 27 96 6 66 24 16 48 97 74 41 24 35
6 74 46 9 90 24 25 28 64 46 21 82 20 49 45 1 99 61 40 39 77 46 22 69 65 15 87 9 45 6 57 64 93 21 98 30 15 87 72 17 80 44 56 21 35 11 17 67 66 84 50 46 96 77 47
97 47 76 81 60 67 96 62 45 9 46 83 15 54 53 61 71 68 95 51 47 66 44 41 84 79 12 15 2 47 7 79 79 40 69 62 60 35 7 68 31 41 22 89 97 59 54 40 4 34 65 67 99 74 49
54 69 59 98 92 5 39 72 68 61 8 7 9 84 71 50 38 84 8 50 99 100 44 69 88 33 38 32 29 68 90 5 5 97 23 59 74 65 20 20 5 41 42 36 91 58 9 16 62 58 61 91 80 36 82
71 6 21 38 40 61 80 43 75 13 22 35 19 6 81 35 58 9 51 32 61 45 56 50 7 97 81 27 96 20 31 53 69 90 77 44 74 39 85 84 1 3 83 46 19 33 35 83 94 92 12 10 14 38 28
35 56 42 39 40 46 13 41 8 24 23 36 53 49 82 61 12 36 82 15 50 49 42 68 96 58 46 18 79 67 7 14 70 54 88 60 60 77 78 24 80 97 67 85 12 73 25 10 88 57 56 49 41 42 8
14 32 24 20 86 26 97 58 15 14 95 64 46 51 64 28 67 3 92 64 26 50 76 47 47 9 19 30 86 50 10 87 14 32 43 36 98 23 29 74 37 5 34 80 95 36 75 67 77 29 9 50 65 8 24
63 31 56 12 6 69 80 94 89 85 87 53 81 22 82 75 38 45 58 87 31 28 70 47 92 64 30 8 24 10 18 77 34 59 68 59 43 41 56 23 2 43 22 22 17 6 8 7 65 85 18 24 26 92 84
22 79 51 23 80 97 62 27 16 32 35 3 21 86 78 24 98 50 10 69 16 82 59 71 88 98 84 19 7 16 73 97 76 1 83 93 73 72 90 74 38 74 86 25 47 3 37 63 50 84 69 84 28 69 71
8 82 93 52 50 63 8 61 93 23 44 3 82 11 25 76 63 60 96 24 40 21 64 43 38 56 3 18 21 11 99 83 17 20 38 15 77 94 77 87 14 50 48 14 98 33 39 17 99 60 10 13 79 31 40
68 10 23 49 79 95 8 75 57 73 89 53 82 74 36 57 35 17 59 20 25 46 43 39 51 61 35 66 24 21 94 12 78 2 36 58 81 75 7 86 20 76 94 86 36 44 97 30 54 51 76 77 65 56 5
100 28 15 15 76 79 40 99 14 68 20 76 87 50 90 55 61 23 86 29 79 80 60 48 44 46 80 99 81 30 39 44 73 91 64 47 38 35 49 35 34 21 53 44 53 97 2 36 36 50 36 68 70 49 64
29 42 49 54 20 95 13 2 72 34 66 9 69 20 80 15 43 85 72 22 54 44 10 41 15 57 72 19 91 45 53 77 71 29 6 84 42 81 76 79 4 31 97 88 29 23 29 62 34 28 41 13 8 4 75
16 6 72 3 9 82 60 94 60 68 76 57 9 89 98 83 29 68 70 87 47 74 90 65 94 67 45 70 2 38 37 33 79 52 70 36 3 30 5 3 25 37 97 28 57 66 11 2 53 63 44 72 80 18 88
22 43 14 89 47 35 30 28 96 17 47 91 32 74 62 66 51 52 33 53 4 79 77 35 23 90 19 36 40 19 5 38 37 28 68 27 59 39 2 63 18 96 42 26 15 74 36 58 8 92 15 18 24 99 32
17 59 54 73 92 7 39 88 40 17 100 63 12 76 98 23 78 58 53 10 52 35 63 56 89 84 21 75 31 5 57 23 85 61 56 99 92 40 95 80 47 62 3 66 41 74 41 63 9 67 92 37 68 10 28
89 26 45 14 38 34 1 54 61 48 1 59 84 29 80 98 56 96 18 62 71 46 91 89 61 99 21 80 48 81 21 24 47 92 99 13 57 35 27 80 77 29 17 8 18 89 31 1 52 19 28 14 75 9 88
35 39 21 74 78 81 8 30 60 39 69 44 12 49 43 45 10 1 21 96 29 100 86 7 64 39 34 22 11 51 27 67 80 83 1 53 78 39 10 76 22 63 31 83 16 96 6 29 22 37 92 34 23 23 78
48 37 99 82 80 68 40 31 44 38 100 86 56 4 19 83 95 16 74 68 65 37 84 3 43 82 64 7 96 47 92 49 14 80 2 87 6 61 45 91 59 62 88 57 7 55 21 60 89 84 34 6 72 94 3
74 83 59 7 12 75 90 54 99 93 21 33 96 23 80 86 59 33 65 67 39 91 69 2 13 72 89 95 51 63 96 38 5 74 55 39 87 35 94 36 62 16 95 31 14 30 29 49 21 96 88 69 32 80 57
95 71 8 64 35 35 6 6 36 15 81 17 29 60 99 97 37 5 46 31 47 5 58 1 38 38 57 99 80 2 66 82 82 48 7 79 63 82 97 32 14 98 11 15 87 97 98 67 66 66 99 85 8 74 17
68 84 84 58 42 45 64 69 26 68 96 18 37 8 28 68 25 76 66 71 4 55 21 91 97 33 91 87 95 35 25 60 74 83 37 40 28 6 64 37 3 15 63 3 84 1 3 50 20 63 38 14 22 41 13
35 77 57 75 4 96 75 4 26 49 50 42 4 86 83 39 41 22 100 95 50 90 63 12 25 63 75 24 86 53 14 60 40 49 2 51 38 99 57 98 70 73 94 36 63 100 1 7 61 37 95 37 55 7 33
19 95 94 35 86 6 88 13 59 61 14 7 35 99 10 31 33 19 70 83 77 84 55 69 25 17 34 11 80 34 50 57 47 43 11 71 75 3 30 34 62 50 12 23 91 39 87 37 83 41 63 94 7 18 26
13 58 24 79 26 87 10 58 49 15 38 69 59 47 29 75 44 50 42 34 34 10 58 38 43 68 62 58 54 80 39 4 98 77 87 23 64 9 70 26 37 23 15 11 85 47 21 45 14 28 7 64 83 43 53
59 80 30 18 79 78 59 80 74 14 14 28 45 20 79 11 53 3 63 47 26 39 88 37 76 10 38 82 89 4 84 53 75 63 70 97 87 64 100 44 52 58 2 37 96 67 39 66 54 54 1 50 2 62 57
40 92 8 5 68 31 74 19 61 95 42 86 73 6 27 76 39 42 51 24 91 72 93 25 76 73 88 3 35 88 59 75 84 100 98 9 62 5 51 20 75 10 34 96 71 52 9 66 33 95 90 77 44 43 35
61 89 79 76 81 94 19 97 85 7 92 61 10 51 82 43 92 59 49 52 65 29 92 17 24 50 31 47 84 22 94 39 69 39 45 47 46 70 18 28 92 29 61 29 5 73 97 55 49 48 4 68 66 16 22
64 71 40 22 34 9 50 92 80 67 80 94 87 86 65 93 83 58 74 52 63 62 97 17 76 10 68 46 13 6 74 6 68 42 22 33 100 49 87 96 23 16 44 82 41 22 31 97 21 2 21 63 40 47 40
15 80 92 82 19 26 47 59 75 76 70 10 77 61 68 60 96 100 61 35 35 100 98 27 92 98 74 70 53 52 66 95 65 82 73 88 100 9 87 23 48 81 86 60 41 73 13 74 54 26 63 57 29 10 95
18 53 46 95 58 24 39 24 70 65 67 12 77 60 77 88 65 51 84 80 71 4 57 15 30 38 17 33 100 60 21 2 5 73 58 49 49 75 85 20 10 46 11 29 98 67 55 65 13 34 40 3 48 40 13
18 25 79 67 65 86 57 83 100 86 52 85 15 86 94 41 81 91 20 100 95 28 5 89 87 43 38 90 92 89 90 17 51 19 27 100 37 1 21 21 98 85 49 59 8 65 18 62 37 16 97 80 75 60 34
5 45 73 87 49 55 95 5 15 15 40 70 53 22 55 51 11 73 48 78 48 27 52 88 85 70 89 1 94 13 70 51 5 98 65 83 53 98 1 65 17 73 20 3 20 29 42 74 40 53 81 17 51 92 40
20 77 31 44 73 19 58 74 28 45 67 36 95 28 39 39 80 16 25 49 100 2 53 29 97 7 71 79 78 64 46 83 97 12 34 58 71 70 86 70 96 53 69 6 51 68 30 24 59 96 98 33 95 6 80
93 54 76 100 71 93 4 99 74 64 78 74 99 73 30 84 27 16 45 64 45 8 40 33 9 18 13 61 17 73 87 3 61 65 44 85 48 61 37 9 94 12 91 90 15 6 14 86 78 95 72 21 11 31 84
99 21 8 73 37 53 5 62 30 95 30 87 24 57 32 24 99 78 15 39 50 12 7 40 73 16 20 74 70 21 41 88 55 89 49 61 79 24 67 26 74 32 50 29 86 19 100 59 5 45 48 67 45 100 1
99 66 42 77 43 7 67 66 100 28 89 73 79 15 39 49 69 69 13 48 100 97 66 11 32 79 4 93 83 4 41 28 25 44 90 13 51 62 45 71 94 19 68 30 37 22 27 14 95 72 94 78 70 83 38
95 32 70 85 39 75 11 17 24 40 73 99 100 39 60 1 54 15 71 54 11 93 53 45 35 83 18 65 58 91 50 2 10 1 8 34 14 90 6 1 88 6 72 48 36 54 77 49 51 35 90 43 42 29 73
17 44 36 87 61 72 56 75 90 50 11 90 87 31 60 65 11 97 7 77 20 14 1 61 40 48 24 81 54 90 40 44 78 2 36 92 44 100 99 36 10 14 78 15 16 25 5 84 85 56 3 12 13 92 33
34 89 20 69 83 23 33 98 72 30 43 23 87 37 90 49 4 24 31 47 55 98 61 20 45 15 35 11 71 73 26 78 3 85 99 14 84 2 22 26 2 33 91 45 65 58 40 7 70 85 60 57 21 13 18
88 70 95 48 22 48 72 96 14 30 19 76 63 49 89 61 31 60 47 11 28 75 1 44 32 70 17 79 48 42 50 6 96 5 99 44 5 14 85 94 84 9 37 26 15 1 44 20 94 74 29 16 96 80 39
42 43 24 29 45 71 62 88 55 16 96 83 14 94 85 98 46 50 12 34 86 36 67 61 59 7 19 57 46 75 37 38 4 15 36 25 70 100 58 29 15 76 90 44 79 96 65 68 45 84 33 1 86 40 42
85 72 47 69 39 28 77 17 45 27 17 76 65 35 63 29 62 27 44 74 15 90 80 9 75 48 75 68 84 51 4 87 72 72 46 10 82 8 92 17 53 24 55 82 97 16 26 73 4 33 90 38 87 71 23
41 93 58 78 38 47 61 96 80 80 86 54 74 24 64 58 1 98 27 78 84 77 39 94 39 7 80 25 33 53 87 47 7 43 35 83 14 89 88 5 59 90 87 2 44 16 43 65 16 8 14 73 43 78 48
67 81 89 32 72 10 81 72 35 34 74 9 35 98 16 67 50 36 25 48 11 72 50 3 38 84 96 91 61 1 25 94 94 46 59 12 77 72 61 2 70 2 33 59 93 45 12 78 91 76 77 10 79 59 29
66 29 49 50 79 6 78 65 77 26 1 11 66 59 46 21 99 100 41 46 87 40 33 70 92 15 90 41 28 9 100 30 83 70 37 100 83 70 99 74 36 76 68 19 71 40 11 58 24 56 48 91 93 31 17
50 80 13 43 79 35 2 33 92 32 75 43 13 22 94 25 64 75 8 66 96 53 59 16 31 89 40 19 4 58 63 22 6 91 77 74 83 32 28 71 94 6 38 88 18 92 13 19 86 28 80 17 100 49 31
33 9 84 51 78 80 99 98 37 63 88 99 35 14 37 76 70 83 82 32 14 6 84 59 53 38 70 91 38 45 70 89 81 84 46 33 75 67 64 85 26 22 100 2 59 54 4 23 55 34 66 34 24 62 73
15 33 51 14 35 21 1 88 75 72 79 17 72 58 14 89 18 33 71 82 1 7 57 26 64 14 35 90 24 19 86 87 44 60 84 43 55 96 10 39 30 78 38 53 11 32 100 11 36 50 8 91 71 25 95
51 62 36 39 36 48 51 17 33 25 26 96 6 91 73 84 86 62 41 25 29 34 61 36 12 29 84 45 74 53 81 39 58 73 50 12 55 72 92 47 80 32 9 97 17 30 79 6 17 92 44 68 48 67 28
80 43 29 52 17 74 20 11 60 31 39 74 18 32 59 43 92 60 86 90 14 57 8 54 67 3 94 19 51 99 78 93 92 34 40 99 9 73 66 19 40 79 73 30 72 11 48 90 12 76 9 77 6 70 76
19 58 94 99 9 34 100 24 51 11 31 1 68 29 59 75 16 32 58 55 43 90 96 18 25 12 81 19 41 85 52 75 79 45 83 54 100 73 1 10 78 23 44 33 65 93 39 63 42 21 49 72 55 79 86
3 2 24 71 45 3 67 52 90 45 87 41 20 22 37 50 31 54 59 5 52 19 87 16 61 30 67 9 80 7 9 28 49 30 19 17 2 54 67 51 71 82 10 32 26 13 76 18 96 34 78 91 11 10 75
12 90 4 55 42 54 44 60 42 61 18 33 30 74 79 66 67 57 25 24 71 22 38 93 28 42 24 73 56 55 24 21 27 16 98 24 62 73 61 71 9 44 46 35 100 78 95 84 29 98 39 88 13 83 36
45 67 28 59 19 96 94 47 24 1 76 74 14 47 29 78 78 14 67 19 86 6 62 57 25 5 89 8 32 21 28 25 82 8 2 72 9 6 13 75 27 2 86 76 4 42 37 25 92 10 33 56 47 2 24
52 18 41 98 2 14 72 10 11 15 94 72 95 36 6 28 75 97 31 95 12 87 41 19 82 76 77 13 38 59 98 50 78 86 30 70 92 20 86 30 33 90 76 83 51 64 55 70 13 7 74 70 54 45 76
1 73 58 20 40 14 15 14 33 95 51 38 28 16 30 64 77 3 84 62 79 63 39 100 23 1 94 87 46 85 10 9 11 94 89 54 86 61 23 63 89 37 31 79 18 35 62 69 43 37 51 61 32 39 16
49 33 18 40 54 23 26 29 45 31 23 82 1 69 84 59 88 47 57 95 37 46 26 20 47 71 12 61 38 9 26 33 87 10 86 78 73 39 47 33 7 47 25 22 24 52 59 37 25 57 71 48 46 75 96
58 86 60 81 79 94 79 32 12 86 22 9 12 17 45 19 74 36 58 69 18 5 34 5 21 82 22 45 63 87 4 60 25 39 1 47 79 14 81 54 74 6 5 90 7 11 62 24 35 69 38 65 94 9 42
73 96 73 90 17 36 19 49 49 4 82 69 38 73 74 54 61 92 53 41 46 45 81 62 18 49 85 68 86 10 80 27 63 65 58 92 75 85 96 82 96 87 100 54 48 5 49 89 91 84 26 70 46 59 17
99 9 92 80 88 58 61 13 21 47 78 64 20 43 8 95 23 41 9 45 54 11 93 36 63 75 98 16 68 7 38 27 92 9 71 67 42 79 69 15 87 86 32 46 100 14 35 45 69 21 57 78 72 74 95
36 88 69 46 9 93 90 47 27 33 62 40 78 31 99 8 69 81 6 49 98 13 5 14 47 35 46 35 92 42 81 72 35 93 44 77 88 92 12 84 33 76 16 29 2 7 1 96 92 11 92 46 100 65 99
2 26 23 90 80 22 47 33 8 49 23 11 85 80 32 23 85 31 1 91 65 34 86 56 35 51 82 29 84 84 93 31 80 26 68 29 80 4 60 9 6 97 53 19 36 70 5 48 31 34 79 69 2 54 40
8 59 8 22 98 20 82 54 29 45 15 78 1 16 90 87 86 93 7 23 72 18 30 93 21 75 8 66 77 36 91 23 38 59 92 57 41 66 67 36 56 77 44 33 70 89 11 63 53 53 86 10 3 68 19
24 3 37 83 56 12 1 47 66 4 20 34 99 85 27 8 3 13 3 36 12 25 39 64 27 39 29 96 45 24 1 66 58 70 59 42 55 98 57 71 91 60 24 2 13 77 72 65 2 59 13 82 35 84 58
23 19 23 28 56 43 30 19 34 71 90 50 36 93 30 73 92 85 26 64 49 70 28 94 88 78 89 4 48 28 17 82 73 98 65 57 23 92 47 25 67 88 24 4 10 64 10 80 75 22 31 1 91 87 17
28 82 41 72 1 93 78 60 53 72 93 10 15 64 91 31 55 12 98 50 26 29 5 23 52 39 38 14 16 56 19 23 89 80 77 95 74 34 37 21 62 10 24 48 42 60 72 49 72 71 44 54 24 46 39
78 88 40 31 97 16 53 73 35 69 21 74 87 4 96 42 53 54 57 41 75 31 90 10 14 87 66 29 43 59 36 63 24 73 13 85 8 28 50 20 22 40 72 26 37 38 65 18 18 86 41 52 51 49 2
81 62 41 29 11 45 56 90 99 78 74 91 57 73 46 29 69 30 13 23 66 53 77 65 47 39 54 66 73 40 94 25 98 88 59 96 47 18 96 84 92 93 41 13 29 70 40 40 9 31 41 7 68 64 59
26 24 23 72 95 99 99 30 66 83 51 48 63 64 84 37 66 73 7 61 59 52 78 18 60 2 59 78 45 60 12 68 41 5 6 40 53 23 88 59 11 26 40 44 21 3 37 93 100 85 41 7 100 26 63
14 58 57 67 11 56 24 16 29 64 24 85 41 38 8 4 69 67 63 45 73 30 19 83 32 22 57 4 89 8 58 49 21 30 55 93 86 20 66 70 34 95 9 24 31 8 25 70 62 52 57 3 14 58 72
93 78 79 38 24 76 53 56 45 31 4 88 86 17 52 22 85 14 46 97 87 11 48 68 54 5 16 68 97 89 61 39 85 34 81 76 98 9 89 71 74 71 34 81 31 39 83 67 22 66 49 15 78 54 38
99 10 81 24 87 87 29 70 82 86 100 68 34 6 8 91 9 91 51 26 75 12 66 68 6 66 43 50 82 31 100 70 60 41 67 84 69 35 66 50 75 39 33 57 27 16 93 10 69 42 83 3 16 51 54
42 35 74 81 17 47 84 87 60 74 9 65 79 35 85 20 50 83 73 53 65 98 32 15 49 60 23 83 52 20 89 33 28 88 35 37 57 47 32 27 73 27 16 65 42 49 95 76 78 3 14 34 93 73 69
55 93 38 40 71 50 71 35 61 99 100 57 37 61 50 37 31 42 58 100 2 85 14 36 55 74 72 87 92 76 39 90 61 27 9 59 84 42 75 6 16 100 57 22 21 38 86 74 90 87 90 20 15 23 74
16 46 28 63 28 11 53 17 80 93 34 21 51 100 50 12 89 8 97 89 87 90 99 88 27 24 14 60 39 60 62 4 3 74 83 75 33 79 58 4 49 92 6 36 22 68 70 45 89 19 11 87 12 92 92
65 53 47 56 54 94 86 33 14 57 82 2 15 11 88 54 6 32 90 20 30 89 32 18 2 14 25 75 98 69 99 67 97 100 63 4 39 2 87 22 58 91 23 57 10 65 85 60 31 12 12 26 52 89 82
24 70 22 51 47 8 6 27 76 94 80 20 55 26 75 27 8 69 3 95 85 34 26 95 46 48 9 99 59 97 15 32 72 49 43 55 24 23 41 99 77 49 56 68 44 9 81 15 100 5 12 31 81 83 56
92 92 92 35 2 64 29 41 44 79 10 35 14 67 73 70 58 64 89 68 50 88 26 91 6 86 39 99 90 43 2 80 91 10 48 19 47 16 80 93 54 23 56 40 7 44 99 28 24 100 8 36 81 18 50
3 35 100 94 97 94 55 6 41 95 14 56 85 99 52 9 21 90 42 60 47 54 90 30 39 16 22 72 69 74 84 30 76 44 23 39 4 25 87 64 39 38 8 52 27 56 91 56 67 51 8 77 6 53 54
84 64 28 41 8 83 43 44 13 99 93 17 82 39 23 88 93 41 37 1 3 99 17 95 14 2 73 90 18 50 57 12 14 48 65 80 75 40 3 95 23 22 5 62 87 13 97 31 68 96 10 52 69 68 98
97 88 68 70 56 55 100 65 91 49 8 69 52 65 75 21 18 16 64 68 37 95 50 45 95 94 69 27 84 1 69 30 28 75 28 85 2 83 18 75 46 41 61 60 32 72 93 83 4 68 83 100 30 13 31
31 21 1 55 78 51 10 11 39 33 49 21 63 84 86 79 23 4 59 83 32 59 97 79 47 30 17 56 3 15 94 100 39 69 34 4 92 32 58 71 100 5 17 67 89 34 27 76 67 40 32 44 18 55 70
1 34 84 46 69 15 27 62 10 88 75 94 30 77 77 10 10 67 13 61 86 31 29 71 58 29 60 37 85 9 62 78 25 13 77 14 37 56 68 30 56 30 23 96 94 91 70 44 69 46 51 21 95 73 99
1 85 35 95 96 73 99 33 51 14 14 96 80 86 36 16 71 9 74 61 57 37 74 16 47 50 62 78 48 79 10 53 77 92 91 95 67 72 40 7 71 63 99 61 100 48 41 34 41 22 46 70 67 32 75
54 14 60 49 8 79 83 24 14 49 78 3 12 62 87 79 13 14 23 12 68 82 36 95 1 99 77 87 67 18 98 80 44 15 7 11 4 95 14 39 65 58 49 27 99 63 90 26 84 18 67 82 52 42 5
85 22 27 13 26 84 71 20 47 75 72 16 91 88 12 90 68 4 3 60 44 13 47 47 90 61 81 20 74 82 89 70 21 49 84 27 64 31 63 4 97 69 31 42 22 71 81 86 87 33 7 39 78 11 49
83 19 83 13 95 96 83 60 14 1 40 7 97 9 84 11 64 36 12 45 86 57 80 54 49 94 16 12 87 10 23 68 76 42 96 47 7 74 89 71 82 16 55 7 50 38 85 42 72 18 15 19 84 41 49
44 46 98 94 55 80 19 15 92 49 77 4 94 93 38 65 3 3 22 56 53 54 42 89 88 40 18 4 85 64 52 38 35 12 68 59 5 59 96 32 99 29 84 68 33 27 39 35 63 38 67 30 83 20 22
82 51 55 98 8 4 49 63 98 53 23 22 86 48 88 70 62 62 9 6 34 20 52 98 51 44 31 49 78 35 20 68 20 32 49 45 97 69 6 32 94 80 45 46 91 31 45 61 2 36 80 82 13 17 15
66 99 73 4 14 39 50 61 16 34 91 27 18 33 51 49 31 28 99 75 22 18 79 26 46 12 4 39 94 7 20 88 4 31 5 88 23 24 77 81 90 42 5 54 98 98 78 52 2 19 42 54 19 78 19
85 26 69 73 76 40 59 95 5 37 18 27 5 24 11 70 95 5 82 83 97 7 14 79 74 18 74 62 35 52 91 17 76 87 29 26 95 42 86 25 29 13 5 57 45 39 84 19 14 46 38 25 99 44 51
3 22 48 16 66 65 53 51 7 82 74 70 27 24 99 15 63 15 87 11 2 57 44 56 60 58 32 47 28 41 67 90 61 40 60 34 63 68 90 86 1 20 39 18 8 33 82 40 99 78 4 87 23 31 47
95 61 20 87 99 76 63 26 64 2 67 77 73 79 30 89 79 100 18 83 8 45 59 57 27 82 57 46 54 41 53 18 38 96 62 88 57 62 36 14 87 42 92 64 12 70 64 25 92 45 45 97 9 81 29
27 39 26 85 7 70 62 58 39 64 64 76 33 4 30 36 50 52 94 50 36 27 92 43 19 32 67 87 14 94 88 4 48 35 13 51 86 50 97 36 56 29 91 72 73 54 42 43 60 90 6 32 66 100 43
7 30 70 13 73 82 65 23 55 27 52 93 28 87 54 29 12 56 27 71 94 51 40 69 51 35 2 45 72 13 39 91 30 50 71 37 93 51 98 41 70 85 65 65 1 69 70 98 29 69 15 12 81 55 57
38 27 97 1 41 45 97 63 11 26 32 7 14 53 36 91 47 47 66 55 65 78 6 10 92 55 76 88 4 82 21 11 51 31 6 18 42 2 24 38 66 45 48 86 64 33 27 23 58 51 83 5 76 56 25
19 33 58 93 6 80 7 3 51 88 25 35 7 27 50 53 59 51 63 45 49 49 97 98 57 67 83 78 23 26 46 33 62 97 76 85 18 46 29 67 23 96 74 49 67 57 14 7 88 43 11 50 15 77 67
59 67 29 7 62 39 57 13 9 58 64 90 68 74 86 97 31 29 56 15 82 83 13 88 86 28 66 32 57 21 33 46 75 34 81 34 100 71 77 80 20 67 2 22 69 14 71 93 30 66 74 6 70 61 38
46 74 36 84 62 50 19 44 23 4 47 81 23 84 59 13 37 63 56 74 28 7 16 26 64 76 6 46 14 80 46 97 80 70 58 86 1 97 22 42 58 14 49 50 28 94 20 83 72 50 19 14 80 36 86
29 56 59 84 79 66 31 6 35 55 48 3 98 90 58 23 67 89 78 84 15 84 25 15 2 57 7 53 78 13 80 46 82 73 32 75 15 81 78 67 68 22 20 24 69 19 73 59 3 8 74 60 46 85 19
85 49 90 69 86 9 8 51 19 52 87 1 57 34 49 40 43 88 84 49 30 22 95 27 13 48 63 30 89 31 92 34 77 83 15 29 84 22 39 41 89 86 19 80 56 75 9 21 57 41 12 59 39 75 47
40 43 18 34 85 83 31 81 78 20 99 6 39 93 94 82 7 68 9 10 3 6 77 86 99 49 68 71 54 87 31 10 15 59 28 5 1 36 90 43 9 78 95 39 89 48 98 37 37 24 46 66 88 76 35
29 23 13 4 25 76 92 31 41 91 29 12 24 53 56 49 47 81 47 63 53 28 73 49 72 76 30 81 90 43 57 61 4 70 34 63 56 72 76 28 16 22 46 30 48 66 40 97 59 46 76 21 83 47 95
17 77 86 58 81 44 32 99 3 56 69 56 1 2 41 11 13 26 26 71 12 73 35 4 100 95 8 7 21 25 75 86 92 69 95 87 45 10 44 86 49 98 10 24 77 64 23 53 55 41 23 89 21 38 43
47 80 85 54 3 76 48 9 26 20 16 25 6 75 28 61 46 10 79 59 74 98 16 40 59 72 30 55 5 96 20 18 18 36 52 77 93 88 11 37 39 2 14 18 49 93 31 28 40 23 77 58 81 9 25
68 98 91 85 93 51 99 61 28 1 24 57 25 46 23 34 97 35 17 85 43 42 66 70 100 95 12 91 97 66 86 35 77 61 94 69 10 72 52 14 35 41 84 8 85 75 66 64 38 54 45 25 2 92 17
73 67 19 11 18 91 90 45 76 21 66 1 5 39 94 54 95 14 80 7 21 1 71 23 17 69 30 35 37 93 35 54 34 41 78 20 85 32 1 54 63 32 47 97 39 2 61 12 49 15 29 34 47 10 51
67 86 44 27 81 30 27 8 65 70 85 11 12 38 73 79 72 68 37 29 57 24 41 72 31 69 45 34 5 33 95 38 96 15 21 17 11 73 79 37 23 43 18 15 53 99 65 41 11 31 65 88 39 31 28
33 38 49 40 7 23 88 44 52 83 68 55 61 33 12 33 98 75 40 51 21 91 36 53 57 50 81 10 15 80 33 85 17 2 61 31 33 44 48 90 64 16 18 10 90 57 90 26 1 53 84 52 66 94 40
11 52 66 37 86 2 49 78 92 100 22 39 13 31 13 14 56 2 69 84 24 12 58 23 16 93 73 18 9 18 96 28 18 10 69 31 45 36 8 95 88 7 5 49 39 30 46 100 10 14 51 52 72 49 32
36 11 3 38 39 93 94 57 56 32 69 70 79 20 61 91 86 96 53 84 87 41 74 60 86 44 23 20 75 79 85 30 48 72 55 93 57 84 93 69 42 23 7 79 22 13 85 98 53 38 64 30 36 9 1
11 71 68 86 77 27 82 86 42 5 69 53 78 21 13 44 45 71 93 46 87 66 8 59 71 14 88 81 95 12 60 92 97 89 19 66 79 98 41 84 93 55 53 5 27 41 1 32 95 76 22 45 98 66 26
50 100 88 9 46 66 1 33 17 53 57 5 32 7 60 56 23 31 18 84 37 7 7 27 89 61 66 48 98 44 22 85 70 27 24 11 28 77 4 36 32 41 25 2 63 41 23 47 46 55 2 37 99 89 19
38 94 50 32 5 43 79 25 70 69 76 39 89 16 10 4 70 97 3 70 88 37 86 5 74 2 54 78 2 84 35 61 4 4 82 43 100 4 12 97 94 31 30 51 4 21 59 68 43 25 53 36 72 16 82
28 79 15 27 16 96 7 43 94 58 20 3 69 100 19 96 88 66 88 88 79 79 20 22 2 61 96 1 64 48 58 46 82 25 56 62 57 81 81 66 89 16 18 50 80 23 69 76 7 68 62 33 23 76 81
73 1 14 81 26 88 18 8 24 54 18 18 3 83 20 77 11 84 10 14 87 83 10 22 93 92 75 56 35 78 98 86 30 19 66 81 3 33 12 43 25 98 63 50 12 22 7 90 64 66 4 40 77 5 46
20 11 37 96 92 71 68 68 36 38 85 48 17 90 51 12 98 82 66 35 28 39 95 97 74 88 6 98 11 42 60 95 97 84 52 21 35 3 37 93 57 40 43 99 58 82 38 36 62 80 19 49 68 9 2
12 39 19 43 83 66 62 81 50 97 33 76 96 65 53 58 37 78 72 81 9 81 1 66 96 88 36 35 5 84 14 98 19 25 97 80 32 33 5 54 36 69 92 55 60 84 74 54 73 69 11 40 5 67 46
59 58 1 96 81 67 52 88 15 22 24 52 31 69 70 21 25 21 84 98 33 8 57 15 75 68 11 19 20 64 89 18 51 72 54 25 53 66 10 38 98 44 15 53 99 56 93 16 77 81 7 61 13 21 67
93 98 61 62 35 29 51 6 43 32 9 15 9 40 2 17 33 84 80 50 24 49 79 90 1 14 32 81 45 1 19 62 46 18 99 87 18 66 19 93 92 30 94 82 85 25 13 85 23 3 1 87 5 96 47
82 98 38 2 52 96 47 100 78 75 22 58 43 82 94 75 52 96 58 30 68 45 72 16 19 38 23 86 63 90 90 47 40 30 74 97 50 85 61 39 47 85 76 8 21 95 7 78 56 65 26 50 76 84 92
42 5 74 62 14 80 19 42 62 35 36 35 69 69 20 4 1 75 54 86 30 85 4 11 28 1 65 17 93 48 81 39 67 28 15 41 32 54 96 90 26 78 55 29 46 73 9 95 62 32 73 58 77 73 46
94 40 31 5 89 38 81 7 53 28 7 94 40 3 17 3 76 58 78 37 59 49 47 75 78 65 69 42 84 60 79 55 89 17 39 1 82 58 16 76 73 63 93 52 48 81 61 59 51 95 48 90 85 25 20
78 85 29 88 43 5 78 41 91 16 39 79 17 41 75 41 90 32 79 76 12 68 60 5 75 53 62 16 26 74 25 52 46 24 86 75 64 33 46 17 57 79 1 90 54 56 27 23 63 34 80 64 45 51 51
41 34 57 2 14 83 88 34 2 46 55 65 65 29 4 52 63 11 73 49 25 43 57 19 59 57 59 4 39 55 64 57 48 23 32 3 26 14 78 18 57 9 41 26 11 29 72 100 67 100 67 94 2 52 49
41 65 65 4 75 44 53 57 72 11 35 54 71 53 51 89 22 96 23 92 38 78 97 57 99 3 39 60 78 76 23 63 15 67 10 15 38 56 48 65 27 59 8 80 55 58 49 82 70 2 57 57 73 52 35
79 15 58 19 66 90 99 12 6 66 85 4 75 73 89 60 14 97 29 7 5 97 51 31 7 40 100 82 70 11 55 69 100 22 25 61 18 54 86 4 9 64 70 34 19 11 55 47 57 67 41 72 14 4 60
12 40 47 91 23 66 82 45 24 41 1 21 83 74 72 36 19 60 7 79 67 5 26 5 48 76 95 84 11 38 24 25 1 47 26 99 23 11 70 99 5 67 25 33 19 11 43 43 50 76 34 68 79 23 41
11 80 97 87 45 29 66 99 30 46 60 35 98 61 45 51 39 92 34 29 58 26 13 85 16 56 94 93 74 84 76 5 15 66 89 10 50 46 63 44 16 24 99 2 38 76 29 24 72 3 6 70 24 30 69
83 97 62 34 8 56 59 10 99 11 42 94 46 98 90 3 13 49 2 44 81 44 27 85 75 89 90 52 99 1 89 75 69 17 4 43 17 91 32 14 40 82 68 28 85 82 16 76 24 63 67 34 77 31 12
67 92 91 57 36 36 33 91 14 3 6 13 9 80 66 17 32 11 62 48 19 6 25 88 62 69 86 74 91 27 77 89 47 81 24 48 81 15 60 43 95 45 8 85 69 53 87 87 64 69 8 89 7 53 46
53 35 28 73 6 85 72 44 9 66 10 5 93 6 87 53 21 90 60 22 78 64 20 41 72 96 97 86 64 29 45 75 21 60 25 62 23 25 59 37 50 12 19 93 39 20 59 47 24 47 58 50 29 68 11
90 64 43 85 66 12 82 9 45 80 3 18 14 80 37 60 1 79 50 27 4 84 33 7 86 68 12 90 38 80 19 45 91 59 71 36 36 74 53 64 78 44 61 23 51 34 82 12 25 95 23 39 2 94 93
78 11 16 23 10 35 61 15 2 89 78 66 9 43 61 64 74 41 61 54 20 76 65 85 71 51 80 10 34 59 31 27 97 24 10 38 51 9 48 50 7 22 28 49 42 76 90 64 8 6 51 33 7 50 36
82 18 45 57 9 48 9 30 73 96 23 61 77 66 52 69 45 5 83 35 43 26 27 53 29 14 98 8 37 12 9 99 11 2 49 31 52 14 29 30 29 1 97 10 93 1 36 44 92 69 76 21 95 44 80
97 28 52 71 23 98 13 5 8 63 60 30 47 65 45 20 81 88 64 71 29 83 44 20 89 10 54 20 58 47 84 17 42 73 1 92 93 50 32 69 71 81 75 47 3 97 78 58 47 60 50 22 62 63 27
88 75 7 19 43 10 88 23 18 74 24 37 84 34 31 28 17 99 43 83 20 36 33 95 21 98 30 34 75 73 7 66 67 60 58 2 92 31 95 11 87 21 90 42 91 95 67 14 78 66 75 63 80 10 8
83 14 60 11 24 67 19 45 56 12 43 50 9 51 53 93 76 97 2 3 93 2 38 48 32 92 74 30 20 84 98 29 84 59 81 83 2 74 43 39 10 54 30 50 26 69 57 56 34 25 23 24 8 29 77
14 71 6 48 32 6 35 27 61 76 15 13 16 45 8 21 70 28 95 24 15 5 55 55 93 4 98 89 13 58 32 12 74 76 81 19 47 21 34 67 38 30 99 18 8 19 50 52 100 6 38 26 66 9 41
63 38 83 72 34 8 29 19 45 82 69 18 50 60 12 39 76 26 44 74 96 82 46 65 60 82 43 11 26 4 39 73 27 95 75 87 56 63 86 46 14 5 13 56 16 28 21 90 70 5 54 98 18 68 66
