25
4
11 18 9 9 2 4 6 14 15 2 2 12 13 17 6 19 7 20 20 18 8 7 18 6 13
6 5 8 10 14 1 6 2 2 16 4 1 10 17 14 19 17 3 3 12 14 14 12 8 2
14 5 18 19 13 12 5 8 9 10 6 4 8 13 5 6 9 19 3 3 9 4 15 9 4
1 4 2 4 10 4 11 14 1 8 4 8 18 9 18 17 3 9 9 15 19 4 10 1 12
2 17 15 12 7 20 10 9 4 12 17 2 16 9 1 9 18 20 17 3 18 3 1 18 4
11 2 10 9 5 19 17 7 18 10 3 1 14 13 3 2 12 13 20 10 4 6 11 19 10
1 6 16 2 19 8 11 18 1 8 4 10 15 14 7 4 5 11 19 2 20 5 14 13 8
12 4 20 10 6 6 7 15 13 1 6 10 7 11 14 20 14 19 13 12 14 9 3 18 8
19 4 17 17 7 19 2 14 17 16 6 13 5 8 10 5 18 7 16 14 15 13 6 14 14
19 2 14 12 6 13 7 1 15 17 4 1 13 20 20 13 4 11 12 19 1 10 12 5 6
6 6 7 4 19 11 10 7 16 9 15 7 11 7 11 14 5 5 16 2 16 3 11 8 7
9 19 4 8 7 9 9 20 13 19 7 10 15 4 9 10 13 19 20 4 9 17 11 15 18
18 18 11 8 1 7 14 4 8 19 3 20 10 11 12 15 4 20 18 9 11 16 14 2 2
6 13 12 6 18 1 15 10 7 2 20 19 5 15 20 10 17 12 10 5 20 3 12 19 5
15 9 15 15 4 19 13 1 14 4 3 4 5 6 5 13 16 15 13 11 17 8 1 20 2
15 10 9 17 9 13 8 7 3 10 14 2 8 15 19 6 6 4 19 14 4 12 10 4 12
20 17 9 3 16 2 11 2 15 5 16 11 5 7 9 16 13 5 14 7 1 15 2 18 7
9 10 17 8 3 9 7 11 20 20 12 13 11 14 12 18 7 3 1 8 15 6 2 1 7
1 9 19 13 19 13 13 10 1 20 10 3 9 7 18 2 5 14 15 8 20 10 15 4 8
9 10 20 8 20 3 11 15 7 11 4 3 15 12 7 1 8 8 6 9 15 8 16 10 17
11 11 19 16 17 17 16 7 14 6 4 6 9 6 11 6 9 15 20 3 2 5 16 11 14
15 8 19 14 8 8 1 19 9 2 11 17 16 20 11 2 15 9 15 17 18 18 18 6 1
3 12 13 14 9 1 16 3 20 10 2 7 17 11 13 10 1 14 8 1 18 1 20 9 9
7 1 10 9 17 17 12 7 10 15 9 15 20 7 1 12 6 17 19 6 16 20 9 12 9
2 11 3 20 3 2 13 3 17 7 19 20 18 8 17 18 4 19 16 16 8 12 18 6 15
18 15 2 18 13 10 7 2 13 13 7 2 15 17 1 12 17 14 11 1 1 11 9 18 3
16 16 10 5 14 4 15 20 5 7 17 4 1 2 10 10 17 13 13 15 15 10 19 18 9
6 18 12 7 15 16 15 8 15 13 3 12 16 14 10 10 9 5 20 3 20 19 12 15 14
15 17 9 3 20 13 1 17 7 19 7 12 16 3 7 5 14 11 6 15 4 14 3 4 15
19 12 17 14 8 7 13 10 13 17 20 16 17 9 7 16 5 5 18 20 14 19 3 17 4
7 2 5 15 14 10 17 18 14 20 6 10 18 8 2 13 2 6 12 19 13 16 17 20 10
16 7 15 13 13 3 16 6 14 3 13 17 11 14 3 17 19 18 18 2 20 12 10 11 5
1 9 17 3 16 14 18 15 20 16 4 10 10 14 12 15 7 3 5 9 17 2 12 16 5
9 19 8 14 18 18 1 16 13 5 9 14 11 10 18 5 18 12 6 3 17 1 12 11 6
18 15 12 20 11 15 17 8 20 12 18 18 4 11 1 1 19 1 15 10 5 7 2 14 13
4 18 18 13 13 6 10 19 6 9 13 14 10 3 17 7 12 20 18 3 17 2 1 5 16
1 6 11 20 12 18 9 4 20 19 17 17 17 13 16 13 12 7 12 16 2 4 15 2 9
13 14 12 10 2 10 8 5 5 13 17 1 16 9 3 12 2 2 15 12 18 5 11 12 18
20 14 16 11 18 1 6 16 14 2 9 12 13 10 1 4 3 2 3 6 20 4 1 20 1
16 9 15 3 7 9 4 19 13 12 16 10 19 15 16 15 6 17 18 4 9 9 18 15 14
20 14 11 1 6 16 4 15 5 10 5 7 16 14 15 8 16 6 14 5 9 4 18 13 10
12 12 14 10 8 4 20 6 18 8 6 9 10 10 16 16 4 16 10 20 12 16 13 2 12
10 11 18 12 11 7 4 10 15 11 20 3 6 8 4 3 6 8 3 1 9 2 17 19 9
2 14 11 16 6 15 13 3 13 5 16 19 18 4 5 7 10 11 20 19 19 20 9 14 13
17 19 1 19 2 14 13 1 14 11 10 13 5 18 12 12 5 18 20 3 2 10 12 18 13
16 15 1 9 2 2 1 19 4 1 7 1 15 9 8 7 7 12 12 8 14 12 9 13 19
13 1 18 6 3 12 6 18 7 2 7 7 15 9 4 2 9 9 14 6 9 9 12 3 2
2 11 1 1 2 6 10 12 14 11 16 1 1 10 16 4 14 14 8 6 6 1 13 16 1
8 4 2 14 14 12 6 10 9 16 13 8 19 7 5 10 5 13 7 19 8 3 5 13 17
6 13 17 4 15 11 11 13 15 4 18 7 10 9 1 19 18 3 15 1 4 8 12 7 18
16 11 9 2 15 19 2 12 3 19 12 2 13 11 14 11 13 20 11 1 16 1 10 13 8
10 6 13 8 5 1 14 9 15 4 4 14 1 7 17 13 14 2 5 16 11 18 7 9 13
12 7 10 17 16 1 15 6 16 17 11 6 7 5 6 13 9 17 17 5 8 17 8 4 15
8 1 6 1 5 19 12 12 13 2 9 2 1 13 8 16 13 20 20 3 13 14 8 3 8
18 16 11 2 13 14 20 20 17 4 15 17 16 13 3 20 1 14 9 18 12 2 5 15 4
3 13 18 7 11 18 6 20 11 7 17 13 18 6 8 17 18 9 16 17 18 9 9 9 8
10 1 19 4 2 2 1 10 19 4 20 12 12 8 5 19 17 20 13 17 19 15 3 7 6
5 16 5 20 11 3 3 6 2 13 1 13 20 8 3 12 12 16 10 14 6 16 8 14 20
4 7 13 16 15 10 7 18 11 6 13 20 18 20 3 2 6 3 7 20 12 13 4 16 5
10 1 14 15 14 16 11 11 3 18 16 7 4 9 9 13 1 17 17 2 1 9 18 16 9
17 5 19 13 11 8 10 8 11 15 16 1 8 10 15 8 6 11 5 19 17 11 2 20 11
8 16 1 11 3 6 15 14 13 11 12 5 19 10 5 4 16 13 19 4 5 20 2 12 16
13 18 17 18 20 5 12 20 6 9 16 14 18 18 14 3 13 10 10 18 3 16 9 11 10
3 2 16 5 9 12 11 19 2 18 17 14 13 14 7 3 4 20 19 12 5 1 15 9 14
5 12 20 4 20 11 16 6 5 14 3 7 15 10 7 3 7 3 3 5 19 17 15 5 13
6 1 1 5 15 9 8 17 10 19 17 3 18 20 15 7 1 13 18 8 2 8 19 15 11
9 3 5 1 18 3 4 19 8 9 6 4 9 1 16 2 1 2 8 12 16 12 19 11 2
10 10 18 7 9 1 13 8 9 8 6 18 17 1 12 8 5 13 3 20 20 1 5 15 6
20 16 8 19 20 10 18 2 19 10 10 12 8 18 16 14 5 8 1 8 1 1 6 20 1
9 2 8 17 8 1 2 4 8 16 17 10 13 10 7 8 20 15 3 17 15 3 16 16 7
5 10 12 16 3 4 20 8 9 5 13 8 2 9 7 2 3 16 20 12 2 14 11 11 2
19 9 15 12 6 11 3 11 18 11 12 10 20 3 19 15 16 6 12 5 7 15 18 16 6
1 1 14 7 1 13 6 5 10 14 14 3 13 8 14 13 13 13 8 16 7 9 8 9 6
1 7 9 7 1 17 1 18 5 10 20 1 6 17 15 10 10 6 1 17 18 16 19 11 20
19 10 8 7 5 10 19 2 14 3 2 5 2 19 5 5 18 19 20 13 8 2 4 7 2
12 7 14 11 19 13 3 18 9 9 10 7 10 7 8 8 4 18 2 5 17 20 7 16 10
17 12 4 18 11 11 12 14 19 14 9 17 1 2 7 14 1 5 5 5 10 13 15 8 3
20 9 13 3 8 7 15 2 13 10 6 13 1 18 20 20 8 5 18 5 12 17 3 6 11
8 11 17 3 3 10 2 14 17 15 17 10 15 6 8 18 20 5 10 9 6 18 5 1 17
16 11 12 18 3 9 8 11 8 1 19 8 10 13 13 1 15 17 13 8 18 16 1 9 17
18 3 10 1 14 20 15 2 15 20 3 17 14 4 18 12 20 19 1 16 1 10 20 8 12
17 16 16 9 3 4 2 12 9 10 10 9 15 3 18 13 15 14 19 18 4 18 5 17 9
14 7 20 3 19 5 17 5 19 7 11 6 2 7 19 12 3 17 12 7 2 19 10 1 9
9 20 8 13 13 10 19 15 19 18 18 13 2 8 8 9 3 5 2 16 9 7 19 11 9
6 3 16 16 1 9 8 7 18 12 1 3 8 15 16 13 10 8 14 18 7 12 19 1 7
7 8 18 2 18 4 7 9 19 2 19 4 17 2 5 4 3 10 19 12 17 16 3 4 6
7 13 20 1 3 2 7 9 4 9 10 5 14 8 5 13 9 12 20 6 20 18 1 18 10
2 1 19 20 13 14 19 16 1 7 7 2 3 20 5 3 15 8 18 2 5 8 20 6 11
9 15 12 1 15 10 18 11 5 13 7 11 14 12 17 19 3 19 17 8 11 14 20 18 17
6 12 4 18 18 12 13 2 7 20 4 9 3 18 17 6 7 9 9 6 1 16 3 10 12
19 16 10 14 5 15 5 5 2 3 13 14 8 15 7 15 1 18 5 14 15 12 9 4 7
19 18 10 10 11 4 2 1 14 9 14 6 16 5 11 18 8 1 13 11 2 16 6 8 2
3 2 9 12 15 5 6 11 17 11 19 19 9 14 9 3 5 13 4 13 1 12 7 1 7
11 6 4 16 4 17 12 8 12 13 3 19 6 14 8 11 1 5 16 4 6 5 6 10 16
15 17 4 19 18 11 16 20 15 19 1 15 14 9 1 2 6 20 5 13 3 6 9 11 14
8 5 1 19 12 9 7 4 16 16 15 10 2 5 2 14 14 11 20 18 12 5 11 15 12
17 5 9 18 11 15 15 10 16 6 17 4 14 16 3 14 3 7 9 18 4 14 1 9 6
19 5 7 11 4 4 5 1 20 11 12 20 17 16 10 19 14 20 12 10 6 7 2 7 2
16 4 11 18 3 13 19 19 7 8 3 4 6 3 6 18 4 2 17 6 4 16 3 13 8
14 2 19 6 16 18 10 17 5 18 13 10 20 17 13 14 11 7 4 3 11 1 16 7 5
