90
4
70 55 8 86 27 67 38 26 15 35 64 75 10 78 93 55 42 82 95 4 19 6 23 30 52 92 2 73 74 93 21 89 64 17 50 25 85 11 11 91 38 84 6 98 62 47 59 86 57 88 50 85 81 6 66 32 28 5 91 85 16 57 78 81 71 32 90 37 60 90 82 57 54 35 14 17 93 94 89 70 47 59 80 36 24 39 36 77 61 74
100 53 1 16 21 18 30 45 28 54 34 56 63 22 55 91 30 94 34 23 21 2 72 77 68 10 20 22 75 1 94 1 10 4 73 2 96 65 87 66 68 64 52 58 54 94 11 17 16 17 11 20 61 95 24 88 70 81 30 51 68 92 61 70 74 4 6 95 28 97 41 68 31 75 43 56 22 64 84 45 84 84 93 33 8 79 64 83 14 100
20 73 45 81 69 74 74 24 64 77 18 57 32 99 13 73 67 95 91 20 22 38 72 19 37 45 53 18 48 65 28 12 60 14 87 1 70 42 7 45 47 34 40 35 11 62 41 86 73 99 66 5 63 33 20 73 7 99 96 71 37 6 44 42 17 54 79 93 100 60 54 47 27 41 92 48 18 25 82 14 11 24 70 71 39 3 46 21 29 72
10 4 95 87 17 24 38 30 79 78 96 10 59 100 44 75 91 68 20 82 13 6 43 52 52 13 58 76 63 36 14 11 88 72 15 76 29 99 36 67 10 73 87 18 62 60 76 19 75 31 69 43 64 70 46 52 55 50 38 84 95 83 8 44 66 82 35 70 14 57 14 12 88 39 90 45 21 59 56 89 46 41 94 12 11 7 4 26 28 52
76 59 43 64 62 49 52 97 43 28 1 91 44 36 52 38 49 20 30 46 41 70 54 12 90 64 100 89 87 36 26 43 34 16 11 78 57 3 82 88 48 93 36 12 15 74 54 87 47 59 31 41 68 67 54 12 29 96 53 15 40 20 63 42 37 6 82 14 68 87 44 14 10 37 91 58 74 88 13 74 69 64 56 56 18 92 19 99 78 69
7 89 11 32 72 5 76 81 57 79 73 40 78 85 70 6 18 90 91 74 13 18 8 3 81 26 63 76 89 70 2 72 98 28 76 64 94 31 78 29 54 83 35 20 46 20 45 36 63 44 98 18 47 94 78 61 19 33 14 4 27 65 3 89 68 69 67 83 27 64 67 14 34 94 73 13 84 39 94 21 59 23 23 22 82 51 4 80 4 51
92 52 50 2 28 95 98 94 25 5 40 53 61 35 55 85 1 72 12 56 95 16 70 71 29 65 81 17 43 80 25 24 39 26 38 66 54 8 6 73 88 80 94 3 79 54 25 5 40 9 45 75 72 26 87 81 11 25 23 94 96 15 62 89 31 61 46 18 38 99 83 9 68 40 34 6 31 84 93 83 16 35 94 54 92 84 88 98 66 34
58 32 18 88 55 29 51 35 52 29 11 17 88 56 60 4 14 7 37 75 24 42 47 59 95 32 45 4 12 47 62 50 58 52 52 53 4 89 95 42 31 7 66 98 59 74 27 35 2 58 10 44 65 40 6 81 24 32 88 50 61 92 8 81 4 63 6 84 63 57 25 14 25 54 18 75 29 2 17 61 61 32 1 33 51 34 49 72 73 36
74 43 94 24 24 99 23 67 10 71 63 7 95 64 48 47 43 7 95 20 17 38 79 83 51 83 77 65 92 40 8 14 48 52 15 66 80 35 59 29 12 61 23 97 27 93 53 57 19 35 54 48 77 38 90 13 97 35 29 18 20 68 91 63 56 20 72 90 79 78 37 72 28 9 17 59 58 60 62 78 35 15 85 100 19 42 38 56 42 30
58 66 61 52 57 81 44 55 31 14 70 84 31 15 61 49 72 25 5 18 23 27 96 26 23 73 37 32 77 91 17 68 33 19 23 25 89 92 14 20 68 12 75 16 75 53 76 19 44 94 51 62 29 62 94 88 12 23 91 91 27 36 67 88 75 15 65 8 9 41 39 76 22 9 73 99 16 61 5 78 74 39 70 3 22 52 59 54 75 36
73 34 36 23 10 53 3 64 15 46 72 8 46 81 3 79 81 85 40 22 92 14 58 51 45 13 25 25 76 58 93 87 53 8 16 40 39 14 56 61 14 98 52 56 75 74 70 56 63 25 51 56 55 91 4 93 34 8 49 81 89 1 77 5 67 74 1 62 41 61 20 4 51 84 60 19 7 67 17 80 16 92 64 52 38 49 85 84 32 19
63 95 83 41 84 19 1 59 57 74 4 1 52 99 64 36 93 42 97 14 23 14 27 32 78 60 9 94 73 24 71 100 16 8 44 61 98 55 98 53 4 22 51 16 2 91 66 75 60 86 65 71 38 71 59 69 7 30 38 72 47 81 81 20 7 45 81 18 30 7 44 77 88 53 36 27 45 59 42 91 93 17 100 59 100 19 5 38 71 84
83 16 44 63 77 17 84 33 34 38 21 32 70 72 16 23 52 20 71 56 43 25 72 63 11 15 30 88 85 52 37 37 66 76 87 72 90 70 43 73 61 12 1 55 67 11 77 36 38 5 11 35 4 42 17 95 60 17 86 89 63 71 89 46 48 63 93 72 39 63 61 40 48 79 58 23 51 73 16 51 41 47 50 69 11 71 45 59 71 41
14 49 88 50 74 57 40 6 19 17 3 47 23 85 34 18 89 90 96 85 22 5 5 29 18 91 2 52 2 53 38 85 31 3 56 66 5 1 95 71 14 7 11 21 95 9 44 69 13 53 2 96 38 32 16 50 83 55 92 85 64 11 69 85 52 37 3 35 51 70 96 98 26 96 26 11 1 3 81 47 11 46 31 24 78 75 54 93 40 95
74 96 89 3 84 30 41 82 16 22 77 9 8 74 52 99 31 99 97 51 99 15 41 61 73 100 61 57 82 26 59 97 70 36 41 89 61 8 91 83 75 28 1 46 11 76 43 51 70 3 54 20 97 51 71 92 30 50 59 6 13 54 69 28 23 25 97 5 34 32 74 34 9 56 84 28 16 56 93 29 24 81 58 64 85 32 48 14 1 29
31 92 69 10 33 72 38 79 59 4 40 68 85 49 9 6 57 88 3 49 62 57 13 65 73 48 99 12 8 68 65 24 51 43 96 53 90 22 60 63 48 50 70 91 96 33 52 90 66 86 32 5 60 3 5 33 87 30 35 67 8 71 28 75 80 42 62 52 15 42 86 19 26 52 95 16 6 94 48 48 90 35 82 65 62 39 31 82 68 64
81 43 23 45 50 45 70 11 8 65 55 7 2 82 13 12 18 42 12 1 54 4 100 30 97 3 25 23 78 58 98 66 11 55 24 30 32 66 97 36 46 94 14 81 50 10 11 15 17 65 77 5 38 91 91 36 79 16 73 95 1 87 68 14 74 90 38 80 40 25 22 19 59 96 2 71 3 39 21 88 90 71 47 88 97 93 85 40 72 95
60 86 97 8 91 94 37 31 9 58 38 21 72 54 89 2 24 52 29 81 9 3 82 89 62 73 56 28 74 40 30 100 16 28 84 32 66 19 9 8 65 38 39 25 12 43 2 32 38 24 30 80 67 97 14 6 25 22 50 6 41 30 100 57 23 71 15 49 21 1 31 59 73 74 8 23 6 6 74 92 18 82 48 73 97 50 19 52 37 59
75 5 65 40 88 13 86 11 38 86 92 15 58 52 87 19 65 42 16 19 83 69 18 6 73 86 45 72 18 8 59 4 12 22 9 6 98 89 19 91 23 43 18 90 22 39 48 22 79 67 99 56 52 41 21 60 52 24 57 15 59 57 60 31 75 65 94 78 50 17 28 64 6 47 35 82 39 31 56 59 49 39 44 82 84 59 55 72 100 34
57 75 5 37 98 33 82 36 70 94 22 33 50 49 38 63 88 95 31 40 89 8 38 26 34 21 63 15 72 11 33 100 70 9 85 77 14 31 19 85 39 26 26 37 36 92 84 88 19 27 27 25 45 46 14 30 5 35 13 91 20 62 48 71 23 52 60 66 71 81 50 38 55 38 12 59 88 8 83 18 98 80 95 64 25 9 8 92 90 76
79 56 77 55 92 79 17 62 52 33 88 64 23 50 21 74 8 46 33 60 25 1 58 19 4 12 2 14 2 13 85 99 1 27 17 39 36 8 21 5 59 20 97 75 1 27 58 44 9 79 44 78 51 2 21 9 25 21 57 34 77 89 38 5 22 30 2 16 18 20 54 14 98 66 53 7 29 66 38 72 34 61 27 27 97 41 53 1 57 72
15 35 79 70 53 59 37 94 49 32 2 18 14 44 17 58 75 4 82 75 58 53 84 48 100 67 41 4 67 44 57 63 38 72 75 72 70 59 14 82 92 22 84 39 70 48 15 56 67 98 32 89 39 71 44 62 88 61 94 32 2 55 35 19 97 2 1 54 71 44 86 5 11 1 85 60 11 47 43 6 14 57 66 94 73 37 97 60 53 10
58 86 25 55 9 4 17 22 63 54 38 41 100 44 37 71 49 37 46 96 11 100 53 79 11 19 77 77 21 11 31 72 73 82 98 92 36 83 87 41 32 94 71 66 87 96 57 85 79 57 9 40 67 47 61 5 51 26 90 34 19 11 64 15 18 39 38 23 1 72 8 68 54 55 43 22 80 34 78 58 86 92 91 12 23 62 80 7 32 44
14 91 2 92 77 78 49 62 16 70 51 19 100 57 44 42 54 10 8 91 63 94 52 49 40 35 86 39 4 14 26 29 77 34 52 13 50 70 26 81 60 41 95 22 72 3 99 100 41 11 84 87 46 97 43 20 50 58 82 15 16 3 10 27 33 60 97 75 66 80 37 7 6 80 53 29 29 64 66 80 28 24 94 53 62 70 49 66 76 14
97 39 47 75 7 93 91 26 17 65 98 38 49 63 50 28 10 82 8 84 7 79 15 41 39 85 98 46 42 83 24 2 8 39 81 88 42 22 15 38 33 75 25 6 69 92 86 2 60 64 48 40 56 56 15 40 89 76 90 41 36 40 93 61 6 76 89 99 6 73 16 77 41 93 57 83 97 16 68 61 69 66 99 87 93 66 25 13 87 75
26 50 37 77 88 95 77 4 84 22 9 95 5 47 99 6 59 61 18 63 48 99 73 83 13 51 80 42 66 8 55 29 95 75 77 76 51 81 71 88 33 1 2 6 79 91 30 98 55 35 86 91 20 63 96 91 13 40 86 62 11 50 12 88 25 37 61 99 4 66 76 25 22 95 34 41 1 41 37 45 15 34 99 70 73 98 29 53 46 80
96 97 84 34 4 36 37 78 12 32 8 12 32 32 81 50 90 84 88 88 34 97 19 41 46 13 39 69 79 70 54 70 95 67 10 68 88 5 44 69 81 95 72 67 21 25 33 16 69 44 22 42 49 18 38 93 57 48 15 62 5 90 82 18 66 20 51 13 46 50 12 18 57 21 20 46 95 41 37 57 63 41 26 20 49 100 91 13 57 8
72 69 76 93 46 20 35 52 84 92 7 53 25 87 2 68 19 64 95 23 37 92 94 89 56 87 89 36 89 25 20 24 51 24 93 9 8 39 2 66 68 26 60 8 36 15 1 89 65 99 37 60 7 52 47 94 27 10 74 17 6 81 18 40 23 41 96 3 27 59 2 65 62 17 57 18 93 11 63 10 25 34 5 78 76 23 22 83 84 96
50 13 98 45 55 67 60 90 33 49 10 56 21 52 67 64 42 21 100 78 95 68 82 80 51 42 32 32 19 7 75 29 65 87 87 18 54 38 18 67 99 10 1 93 17 81 36 70 64 50 64 100 21 18 2 12 39 67 62 65 61 18 42 87 66 94 19 1 94 9 91 3 57 86 68 86 86 93 91 59 17 63 86 14 68 11 17 51 59 22
52 47 83 17 8 87 42 91 50 66 20 10 76 38 41 81 11 23 36 3 73 38 32 63 77 55 84 99 49 77 56 37 48 46 21 28 74 61 25 57 86 74 12 51 81 32 54 74 37 12 34 21 43 14 48 29 26 91 46 14 15 10 56 52 17 11 12 87 97 11 42 86 16 31 35 21 83 75 7 14 25 49 27 38 39 32 16 5 24 6
11 80 79 33 90 89 46 27 77 87 72 35 15 90 96 93 66 65 14 15 92 40 63 60 6 74 18 93 60 63 70 80 47 5 72 44 97 78 54 64 30 73 29 72 79 12 88 17 52 47 14 39 53 23 66 100 99 35 90 29 8 59 74 12 17 58 20 78 17 85 24 10 78 91 1 87 46 49 100 86 98 33 22 89 7 25 68 39 17 19
64 94 61 62 8 48 65 6 51 74 54 1 58 50 2 75 100 15 83 98 52 33 84 8 73 31 90 21 61 9 45 15 22 23 39 82 69 69 55 51 19 89 60 43 13 38 34 44 70 28 47 12 4 58 13 82 67 24 35 25 63 57 52 49 86 51 23 69 3 3 70 44 77 2 24 77 44 26 55 100 53 43 14 26 75 56 88 61 7 27
11 16 86 28 48 9 45 32 29 5 64 44 40 32 37 28 76 51 22 29 45 93 92 49 94 50 55 81 29 10 51 46 28 59 13 96 73 16 23 28 8 15 89 83 28 79 68 42 37 98 93 45 98 100 98 90 69 26 3 84 29 12 49 1 58 54 83 26 76 12 88 62 17 94 47 20 17 41 76 91 14 45 86 36 8 3 24 4 47 43
88 89 29 55 20 7 19 78 49 40 33 87 8 100 95 97 96 71 11 83 13 44 100 71 45 46 72 90 26 69 47 51 57 16 28 66 47 42 52 72 88 45 76 3 34 7 11 96 1 17 7 58 79 66 19 28 8 12 69 6 27 33 41 57 71 64 10 51 24 83 29 17 85 78 33 31 67 5 88 30 62 80 7 63 40 16 22 87 50 24
56 84 27 70 95 62 28 52 86 37 43 28 43 40 17 20 76 64 74 29 7 14 3 49 75 52 80 97 21 80 77 76 52 24 92 51 96 67 4 26 17 54 24 13 84 94 55 80 17 9 52 72 96 32 96 13 3 31 78 12 24 32 94 75 99 62 83 27 49 17 28 98 68 83 32 58 34 93 64 7 38 31 18 67 81 52 39 54 68 33
65 35 31 53 84 65 36 50 80 63 39 14 11 46 51 3 99 45 44 88 3 67 48 84 92 40 99 17 57 30 17 14 99 45 66 19 38 78 76 52 98 63 67 7 88 19 81 85 7 70 80 76 87 41 1 16 29 22 1 11 8 44 57 52 66 48 97 91 81 76 25 24 98 83 100 45 54 49 63 44 55 100 32 79 25 74 17 3 47 57
96 96 80 97 68 66 98 17 54 86 14 31 77 4 62 3 74 69 26 100 69 94 27 82 38 7 82 94 32 65 57 63 94 21 18 77 62 79 26 30 43 71 6 42 81 1 33 61 76 90 35 96 7 34 59 40 10 63 89 12 93 8 5 26 60 27 97 50 33 30 2 44 11 8 59 31 40 61 6 2 56 54 9 48 34 48 96 21 25 51
88 35 88 60 78 61 11 10 61 71 29 93 9 25 57 69 80 24 82 20 82 97 12 64 79 31 33 55 17 3 34 82 92 83 43 78 82 37 33 56 47 47 49 77 57 71 47 80 33 10 53 75 41 24 34 64 69 98 83 27 5 91 33 91 81 25 19 70 57 48 49 45 5 19 31 34 88 7 79 24 64 56 35 56 32 7 81 75 12 41
22 11 98 47 47 20 34 38 87 56 91 63 46 43 93 61 95 78 9 14 95 33 47 48 6 19 21 68 39 40 87 69 63 97 44 76 64 91 5 66 11 45 61 2 15 30 17 1 49 46 55 21 26 66 85 58 10 60 27 25 26 66 72 4 96 5 44 40 70 14 85 46 2 95 76 1 76 69 96 24 21 99 43 44 54 15 52 77 62 74
59 90 52 35 52 100 63 62 90 2 35 86 38 55 7 2 26 31 23 39 37 8 22 31 88 68 46 38 13 30 70 88 16 100 43 3 15 4 48 85 86 65 24 35 90 21 3 74 4 45 93 84 82 8 95 90 42 30 98 50 58 80 65 83 93 81 16 20 32 84 59 36 19 31 33 67 42 29 43 4 99 68 56 13 36 17 56 21 59 32
23 99 79 59 39 54 95 32 51 10 44 71 25 40 74 98 70 64 17 88 54 5 14 44 80 40 37 11 63 32 30 79 80 66 81 39 1 22 60 18 35 12 19 54 95 44 20 3 93 17 73 57 87 27 16 66 7 5 20 55 8 100 3 58 66 71 100 27 10 76 99 51 3 58 59 7 48 51 5 91 29 51 29 62 98 63 16 34 81 92
64 23 80 40 59 27 57 23 10 4 46 65 62 85 9 29 26 42 50 97 66 27 90 18 59 19 19 23 47 44 13 76 92 15 49 13 91 63 48 68 53 34 4 36 68 100 85 16 53 89 60 55 36 58 72 47 45 30 59 55 27 84 64 54 97 3 27 23 32 85 82 27 68 37 100 89 63 27 90 69 38 78 8 70 10 97 14 16 15 49
3 58 27 98 40 81 47 17 84 79 51 69 90 37 55 75 41 62 14 26 39 99 6 19 26 76 67 24 90 90 1 20 49 26 83 49 97 66 46 85 2 65 79 10 12 53 82 18 73 85 57 26 90 41 60 45 39 15 93 57 70 28 92 35 75 13 59 3 44 7 86 62 13 41 73 58 75 25 57 18 20 36 3 96 65 11 35 96 50 46
94 91 68 65 32 2 51 22 67 59 16 51 24 79 66 67 25 8 34 94 12 53 89 56 72 20 41 87 31 70 67 62 82 87 87 85 88 38 44 79 2 36 35 2 9 5 12 39 15 32 24 64 67 13 13 88 53 7 42 3 85 80 51 63 35 8 63 50 79 98 15 24 72 24 4 4 5 24 95 66 48 79 77 50 56 17 1 4 30 83
36 6 84 89 52 71 28 50 10 37 53 12 76 57 2 93 35 68 55 32 12 79 74 14 54 9 17 87 98 83 60 98 28 39 54 47 57 23 48 76 2 89 99 22 83 16 96 13 33 91 11 11 59 16 39 44 7 51 16 12 92 55 83 5 32 23 51 93 96 14 19 37 1 68 66 57 100 38 31 62 38 89 32 61 77 39 71 48 40 23
18 50 32 63 8 83 46 97 38 92 42 5 90 67 23 44 17 17 50 54 90 49 86 20 2 58 51 7 100 18 54 23 3 82 74 54 22 76 95 23 67 84 11 43 80 22 95 48 12 84 90 5 31 42 41 30 75 5 29 54 93 36 67 90 94 91 58 14 47 56 26 57 42 48 18 65 33 47 77 26 48 69 58 48 48 100 25 41 41 97
56 1 96 91 7 47 46 10 43 73 48 78 60 20 76 19 43 47 2 13 62 8 10 2 10 20 1 63 98 86 90 34 67 13 81 14 5 26 50 28 79 44 9 74 30 89 75 95 94 95 6 63 4 41 4 13 4 76 7 3 39 86 56 98 17 93 75 35 99 100 46 76 39 7 35 29 88 18 43 90 16 26 36 61 74 45 59 93 41 46
50 53 64 42 46 89 19 76 99 49 41 68 41 52 20 34 15 18 89 83 63 24 93 79 97 42 66 15 32 87 49 48 30 97 91 70 70 8 70 40 48 61 99 77 46 10 34 87 39 79 80 13 18 61 33 14 53 70 83 11 76 13 9 73 11 88 67 79 8 78 96 27 31 94 54 60 25 11 41 56 64 95 18 6 49 40 30 13 23 50
51 6 50 3 80 80 48 68 84 70 79 61 49 62 41 42 56 96 45 11 29 82 46 97 73 85 2 23 24 9 11 86 29 88 67 94 59 73 64 48 49 61 88 99 69 94 28 99 70 40 80 88 90 3 22 15 52 45 28 78 14 56 32 67 5 86 7 92 2 37 93 52 16 35 87 84 61 55 24 47 19 44 85 15 41 48 7 13 57 50
87 86 52 92 94 22 35 48 10 50 71 67 15 68 44 9 56 24 67 82 1 87 97 51 30 68 59 35 71 50 5 100 67 62 87 17 34 94 52 17 7 30 70 57 58 62 20 98 1 63 26 62 60 26 60 32 96 56 8 66 15 11 8 18 49 23 79 36 44 23 91 34 95 43 40 32 54 52 66 18 44 91 65 24 70 26 30 49 43 15
82 45 26 95 29 50 43 66 94 71 55 96 56 47 65 80 82 66 61 7 97 13 57 20 54 7 74 87 1 86 25 75 81 30 13 3 36 36 5 28 79 12 65 76 4 99 22 60 83 100 97 25 10 76 33 33 86 16 60 33 93 100 8 98 96 30 88 48 41 16 3 40 10 20 47 12 30 38 70 78 33 27 60 2 66 74 22 77 18 98
93 90 79 92 51 55 59 7 15 93 92 1 70 86 46 12 95 98 80 46 87 72 89 53 19 76 30 100 68 69 53 59 67 42 73 10 5 98 18 25 5 80 67 64 73 77 83 86 35 70 63 68 21 24 27 66 42 13 79 37 72 52 13 10 80 76 20 6 54 73 4 39 83 4 98 91 40 82 64 25 2 20 66 41 75 49 14 64 67 99
84 99 49 57 79 54 19 26 100 31 19 56 43 14 92 33 87 41 13 5 45 99 62 99 69 47 17 53 62 8 18 92 95 62 30 52 49 50 7 55 78 27 82 37 90 67 66 82 8 82 17 37 63 36 52 40 11 55 93 67 40 22 30 67 85 93 32 100 29 3 82 45 95 4 1 5 86 18 98 71 29 8 55 8 38 80 74 36 78 56
80 4 71 73 13 21 30 45 7 43 91 15 24 64 66 18 17 70 37 100 46 84 34 35 89 76 58 17 86 76 46 23 75 96 65 47 94 96 86 92 47 53 55 25 49 92 94 23 32 2 54 84 95 94 41 8 44 5 87 55 2 64 93 31 64 13 28 34 86 24 100 71 97 80 41 31 2 58 4 20 97 43 89 83 24 27 43 53 7 71
37 74 5 74 13 26 26 19 77 57 80 47 92 64 13 78 18 64 13 33 10 10 89 44 61 15 75 36 72 81 68 62 16 82 46 56 25 52 53 10 92 62 74 21 36 56 57 20 72 26 29 15 91 96 99 60 90 61 3 41 30 10 88 79 83 46 31 79 21 49 53 57 79 67 51 97 10 24 65 2 51 91 95 89 57 95 22 90 66 76
1 95 53 32 67 11 30 80 40 100 59 3 53 79 1 31 22 29 6 90 99 1 32 48 46 33 35 89 94 79 15 9 77 17 96 29 79 93 37 77 48 3 56 86 3 28 96 38 23 96 71 53 23 32 24 9 18 90 14 90 7 61 34 78 39 14 22 20 65 77 88 76 39 1 5 81 61 79 69 8 65 58 95 24 91 82 77 91 16 54
10 33 96 84 32 20 39 31 76 64 35 50 44 73 6 90 36 77 85 87 86 58 63 56 21 9 67 5 89 2 53 96 99 95 4 63 80 38 49 30 9 16 41 98 50 4 35 13 63 58 13 92 48 60 99 13 61 10 62 2 44 36 92 80 26 40 29 24 80 5 50 91 65 31 58 55 87 2 17 60 85 38 26 98 38 73 96 77 5 90
60 100 51 75 36 40 92 76 38 69 84 1 9 28 74 49 89 41 19 58 11 57 83 96 94 42 40 83 61 83 10 20 78 18 71 72 23 37 54 37 14 10 71 81 55 77 91 68 67 71 15 43 82 78 89 84 87 96 3 7 69 16 57 20 49 37 57 10 13 11 14 91 69 62 67 75 6 89 29 95 8 34 62 75 4 57 83 59 7 53
39 69 8 66 46 15 30 92 79 1 33 91 59 1 59 70 26 2 67 71 46 99 86 92 59 20 5 20 38 70 16 63 64 91 93 84 52 87 42 80 26 16 66 81 87 90 37 44 24 56 46 33 52 89 49 31 41 35 16 82 21 36 84 49 73 58 18 91 25 36 58 65 75 31 62 83 25 56 17 6 89 23 37 94 96 77 27 72 31 56
33 44 61 4 2 4 86 46 36 31 45 73 8 67 73 91 89 29 83 24 90 16 95 80 30 46 36 12 17 57 75 58 65 30 97 14 47 5 42 86 56 25 55 15 71 78 89 29 38 89 64 23 84 85 94 28 86 86 20 96 5 75 65 8 37 70 49 55 63 13 1 31 91 91 70 54 57 52 54 87 12 89 82 29 69 59 50 8 15 100
11 75 11 83 9 7 27 63 45 84 37 94 57 87 74 77 72 89 36 86 38 99 15 100 90 73 31 56 80 96 29 60 49 19 71 58 19 80 93 50 28 27 62 75 53 16 22 65 61 32 28 16 50 25 91 19 81 49 22 80 79 63 60 66 70 44 99 20 22 34 49 51 12 57 21 96 79 88 21 50 46 68 18 39 76 9 57 64 60 50
23 90 30 19 46 21 37 62 79 74 11 6 26 74 24 26 45 89 81 34 72 23 73 5 10 51 99 77 87 17 99 30 71 5 67 75 31 26 26 68 44 80 93 27 73 8 80 69 63 47 74 38 24 94 41 29 11 35 59 27 94 99 61 3 77 71 28 10 62 13 82 48 99 89 16 96 56 66 18 12 59 46 44 15 92 96 35 97 72 57
17 33 51 32 55 12 66 90 83 32 8 60 39 89 5 61 85 100 94 64 47 15 97 7 25 65 86 92 68 95 37 74 70 30 46 56 15 14 82 52 61 53 94 58 68 19 45 63 25 11 63 39 61 100 14 72 69 23 62 17 69 51 34 72 50 92 40 44 41 93 37 92 93 24 67 47 77 91 89 16 36 13 66 58 50 13 29 91 16 52
15 87 57 100 4 26 77 12 50 26 35 98 80 28 18 38 62 95 93 40 89 65 100 61 80 58 13 92 57 14 15 74 8 61 7 65 3 42 13 50 40 24 47 66 53 95 48 30 53 13 60 76 44 55 84 31 62 23 43 25 17 86 59 48 44 72 87 55 99 99 51 11 74 94 97 90 65 7 47 94 27 96 10 95 86 58 21 69 76 77
45 3 12 62 2 33 3 20 68 80 80 77 61 37 42 2 82 45 7 73 81 45 91 68 11 9 57 42 43 19 40 90 42 98 17 78 5 71 82 98 71 77 56 83 62 57 56 50 75 86 45 89 93 91 73 94 30 78 2 38 17 92 37 87 9 16 35 92 3 61 88 68 89 15 77 62 64 49 52 59 33 83 40 4 80 42 33 42 79 99
7 22 20 100 6 16 78 15 5 92 3 97 80 69 74 29 78 72 46 25 29 49 27 75 53 43 30 94 17 43 72 94 27 8 64 60 28 67 30 60 44 2 87 76 76 33 45 74 32 6 41 26 54 10 36 58 36 87 87 11 95 1 2 26 69 98 79 15 58 11 73 95 88 8 87 2 10 40 99 41 95 83 64 49 75 30 48 83 77 59
6 100 57 78 76 34 16 66 70 62 91 26 85 40 65 11 100 65 20 24 63 62 56 56 3 3 16 85 9 61 80 63 41 69 15 43 58 30 99 86 55 57 1 36 39 41 45 8 83 5 78 49 13 29 40 58 1 99 41 23 91 47 87 76 22 64 36 56 28 58 42 97 85 44 8 53 96 95 36 93 96 20 84 54 21 64 20 45 18 86
96 85 90 89 84 7 69 98 15 89 43 17 61 16 90 63 30 8 71 26 84 61 38 95 48 48 83 97 73 27 6 84 88 30 56 89 99 15 67 100 74 57 1 89 33 5 44 44 84 18 6 33 36 94 50 12 86 11 58 68 4 41 55 70 44 60 14 65 28 16 28 64 54 38 96 64 15 9 11 6 83 75 90 33 52 11 69 100 32 27
63 56 15 6 80 41 76 28 70 7 5 19 7 27 87 49 23 67 84 12 35 62 37 83 10 24 65 47 2 73 48 71 26 58 23 37 100 95 50 50 15 6 36 55 28 42 57 50 81 40 60 33 81 46 77 86 34 74 45 62 30 40 43 25 24 32 95 9 42 67 79 76 37 99 2 1 98 82 26 51 53 95 62 77 71 74 97 91 56 64
97 45 63 73 42 73 47 53 100 79 93 88 17 6 29 20 4 88 98 95 56 15 61 37 70 19 38 1 54 85 57 6 33 42 18 85 27 45 70 97 87 36 29 70 47 69 20 54 77 42 49 38 41 14 72 81 32 22 12 32 79 6 87 24 24 31 56 74 1 34 58 51 9 23 42 2 56 13 42 70 80 54 96 23 28 26 37 50 63 64
4 91 27 79 90 30 60 87 41 56 7 4 38 98 27 81 86 48 4 15 85 24 5 27 16 68 57 81 45 78 28 29 9 29 83 26 36 92 66 71 43 9 75 34 44 90 89 84 40 78 49 16 66 63 10 75 1 87 7 59 78 78 70 67 68 45 40 8 39 12 47 22 77 17 23 64 85 96 15 41 10 70 37 71 18 67 8 32 18 53
56 3 75 88 23 38 11 60 89 30 85 8 79 42 82 21 38 84 95 100 54 16 83 19 8 25 59 37 29 82 6 2 71 72 62 41 100 96 56 24 9 83 84 3 87 70 21 3 74 47 2 75 52 6 32 43 71 94 83 91 28 67 58 46 3 55 8 52 64 6 67 3 69 70 16 16 25 62 77 33 3 48 89 21 35 29 80 88 27 47
84 51 52 38 51 83 13 83 4 58 3 100 81 40 82 28 93 56 9 16 55 17 6 33 91 31 79 66 72 10 10 90 85 79 16 18 15 33 38 18 48 61 64 26 36 48 69 24 30 69 17 49 43 54 63 74 7 48 74 85 97 18 84 59 51 91 38 70 92 5 36 19 12 5 34 70 41 63 78 52 5 47 99 65 1 23 41 13 17 24
96 40 22 18 70 40 70 82 47 91 8 54 73 58 96 41 6 90 97 2 57 67 22 97 17 98 70 22 10 18 59 36 6 76 72 39 79 62 67 75 77 18 45 46 48 93 4 4 10 96 79 79 17 61 90 68 33 58 100 87 100 36 86 68 91 91 37 8 50 85 93 100 93 44 30 79 22 95 31 38 2 29 48 81 26 32 79 35 33 61
54 2 32 3 16 86 63 61 77 40 71 14 14 83 4 39 66 65 23 16 53 85 14 28 49 73 77 23 100 49 85 45 39 70 25 58 1 86 83 5 49 8 89 56 99 68 96 70 47 86 50 53 80 10 13 73 5 11 55 13 11 15 72 58 76 67 98 23 6 9 7 50 5 47 84 84 98 1 41 15 96 37 64 34 100 14 52 6 73 32
53 72 24 88 2 33 53 35 5 80 83 77 56 66 51 71 2 35 58 4 67 8 94 99 31 71 22 43 82 7 5 27 59 93 55 65 30 15 48 8 10 30 58 48 94 33 90 34 68 30 85 23 88 89 68 39 16 46 85 64 62 19 71 23 38 54 70 80 5 35 48 71 2 31 50 30 56 56 91 66 51 86 44 83 43 96 24 63 69 36
62 43 68 42 98 50 31 1 14 98 28 99 5 18 7 86 23 40 5 7 57 21 91 44 20 21 61 92 16 97 67 56 67 70 5 61 98 91 85 17 67 30 53 19 18 51 84 82 23 5 59 18 74 100 51 29 79 8 12 3 94 82 13 20 80 77 60 33 14 93 7 35 24 58 75 54 90 54 9 60 84 19 90 44 71 14 53 4 44 2
53 41 33 10 96 66 80 43 33 97 5 23 55 42 98 31 57 98 17 26 17 14 44 1 36 11 56 87 82 92 6 42 53 88 97 92 55 65 77 16 28 38 10 87 5 83 9 18 47 30 49 12 77 7 15 8 29 13 37 13 99 55 82 53 3 68 68 17 13 43 5 35 32 22 31 75 93 16 57 56 15 70 71 20 80 5 5 85 33 100
65 90 55 6 72 81 92 5 64 17 48 45 47 15 79 5 42 98 52 48 63 75 31 83 38 34 37 33 76 24 76 59 4 73 96 99 53 87 81 29 30 73 14 36 87 24 76 35 45 42 4 59 33 62 11 8 26 91 24 79 23 38 1 45 79 66 60 64 56 64 35 9 44 49 9 48 72 11 50 2 79 91 16 21 2 52 4 1 24 32
77 37 29 77 89 43 99 32 52 73 34 70 67 42 62 49 90 60 10 58 35 72 88 19 37 81 68 74 13 96 70 59 37 34 74 15 96 60 48 55 6 32 12 67 18 75 99 30 82 99 43 22 44 92 96 8 6 76 1 46 37 25 2 42 69 39 4 37 91 1 18 69 68 12 43 64 65 69 78 78 31 2 64 71 62 28 93 36 34 100
47 58 88 70 84 20 64 95 85 34 86 32 32 50 65 53 50 83 19 85 64 78 67 7 71 26 36 70 88 59 94 86 27 62 72 43 21 69 95 16 44 55 77 39 90 82 11 45 84 65 50 99 72 36 98 46 28 100 27 28 97 52 31 42 72 25 51 11 4 70 12 20 74 42 31 15 70 30 68 35 9 6 91 57 91 43 27 54 20 24
100 100 75 92 9 58 43 4 74 12 39 79 26 40 55 4 19 92 79 25 41 98 29 38 71 66 58 72 82 62 25 9 49 74 1 78 90 61 75 70 15 2 33 97 80 48 84 28 67 50 97 33 88 70 50 22 53 6 40 1 35 45 47 27 48 63 94 78 44 13 72 56 79 80 58 85 30 63 85 50 79 99 57 34 42 10 7 13 69 39
4 40 10 34 79 92 23 12 52 26 78 51 74 61 52 62 99 38 26 61 88 91 65 65 17 58 62 82 34 95 43 91 82 96 84 95 6 76 14 89 68 58 30 3 81 93 15 8 14 94 63 13 83 33 76 75 24 16 63 35 87 94 62 51 62 33 52 80 45 87 25 75 17 69 47 65 40 48 58 75 7 68 35 49 92 76 54 26 78 16
91 86 29 84 16 40 46 30 23 85 19 84 60 65 70 55 92 44 52 9 76 62 88 55 51 23 70 75 78 41 35 47 90 52 4 31 5 98 52 18 74 74 62 48 86 9 95 79 10 74 37 31 28 74 79 95 59 12 73 52 79 72 70 69 15 18 85 23 76 33 58 30 62 5 61 23 47 53 49 40 97 17 75 72 87 58 85 69 8 73
9 31 43 23 37 84 4 37 6 10 58 88 47 34 30 16 74 78 4 30 61 45 73 84 43 36 81 61 52 52 3 58 12 14 44 62 40 15 72 8 33 58 30 55 46 48 20 79 50 26 70 9 35 44 62 48 63 59 31 12 22 5 35 61 15 40 31 86 49 7 53 27 37 74 91 87 81 77 9 28 15 77 53 48 48 64 3 86 81 20
69 95 95 83 59 28 25 81 41 77 60 75 14 98 39 53 60 99 6 97 35 43 14 69 56 57 18 1 15 20 89 69 73 45 46 59 48 56 35 7 28 44 76 87 38 83 25 93 28 53 25 81 92 92 45 72 16 84 29 19 51 42 73 84 90 41 41 84 20 83 53 98 32 97 59 31 72 81 73 74 78 18 32 79 61 5 56 64 38 30
73 88 75 27 62 2 17 10 90 59 96 60 12 66 72 53 84 99 27 70 88 25 40 79 99 90 84 15 9 86 7 66 83 36 15 66 60 63 86 59 54 29 22 32 71 2 88 20 14 95 92 47 27 63 46 89 9 3 25 34 71 71 93 93 46 40 77 23 87 75 75 63 45 61 44 87 45 17 32 46 67 100 96 31 3 21 39 5 30 81
21 37 22 68 71 84 26 62 36 91 44 19 97 16 74 28 52 89 9 73 21 32 78 67 57 54 100 48 39 38 13 9 15 44 28 34 97 49 36 2 37 16 12 66 12 35 29 85 11 89 61 96 19 81 78 99 68 48 55 88 9 83 82 73 2 69 34 71 1 61 49 80 10 6 26 15 11 94 26 37 80 55 36 5 40 90 60 62 7 52
62 29 69 90 10 91 20 85 30 48 77 22 12 32 57 49 31 61 56 2 87 100 14 70 90 8 99 91 74 60 11 9 60 79 79 21 69 25 59 61 21 19 64 67 4 87 77 28 59 75 4 44 58 81 1 74 7 33 19 12 69 76 23 50 30 28 98 11 68 15 53 49 5 16 33 40 64 68 6 26 93 100 86 2 54 43 78 18 27 28
21 89 69 47 96 28 8 86 85 13 23 19 2 82 41 7 66 22 27 9 56 92 17 2 34 91 94 4 96 67 13 42 45 85 94 69 84 42 60 90 44 42 18 72 86 48 55 86 25 43 85 63 67 68 20 97 94 90 45 55 35 47 75 5 72 52 67 7 11 56 2 54 43 52 45 63 71 5 4 40 43 96 83 63 48 34 49 69 16 77
49 95 49 45 58 65 14 89 58 93 98 87 22 58 11 46 7 66 12 25 56 98 84 93 34 56 57 56 99 97 24 52 76 90 65 30 27 36 73 36 68 55 87 68 52 21 81 65 100 84 10 87 21 45 31 98 6 27 74 13 19 47 96 35 24 27 49 95 42 86 26 4 18 94 35 26 64 37 82 43 43 74 61 16 78 21 16 71 11 70
93 37 36 64 96 56 20 33 24 77 19 44 34 83 72 60 86 90 31 80 74 94 9 98 52 68 42 10 91 69 49 44 56 83 100 19 1 11 91 44 94 60 78 98 85 96 96 14 81 6 72 78 7 98 42 11 63 99 68 45 100 51 93 74 95 62 80 68 36 73 90 34 63 97 37 64 43 67 96 70 31 40 93 86 80 41 12 74 8 5
4 36 11 5 23 34 74 45 88 37 57 4 100 46 61 66 15 43 26 76 83 45 94 42 2 12 96 61 31 63 77 92 28 71 14 50 5 64 28 80 99 98 15 18 72 65 24 18 88 10 32 90 64 23 70 78 5 69 93 77 10 4 93 51 28 44 61 24 100 15 28 95 23 78 14 56 23 77 67 50 80 59 24 63 1 67 87 25 97 91
97 79 33 24 71 57 67 69 97 72 45 79 83 9 8 95 69 44 64 76 76 93 58 34 13 65 99 73 31 91 16 26 39 88 78 6 33 10 91 100 94 100 66 8 87 12 14 74 8 80 88 92 87 82 24 62 16 87 71 30 30 99 14 48 45 91 79 55 99 16 11 19 67 100 20 28 33 72 66 63 23 35 35 60 6 82 2 29 64 41
14 24 72 15 64 64 54 2 91 37 76 24 68 41 98 2 60 65 92 41 29 68 76 55 87 20 24 85 38 30 93 43 95 34 8 2 77 12 60 100 51 86 77 96 52 36 56 72 62 29 11 21 66 78 21 100 36 76 66 40 25 70 42 45 24 36 19 28 17 20 97 75 33 52 39 29 94 50 100 51 76 87 85 27 16 34 29 71 15 41
38 96 26 81 72 37 62 97 52 23 4 29 94 1 93 44 62 77 16 90 36 30 78 84 79 65 31 42 3 78 8 98 33 73 95 34 69 33 53 89 94 2 80 79 38 19 38 8 91 45 98 41 58 96 26 33 13 59 57 32 11 23 93 73 64 51 23 2 54 40 94 4 45 74 7 30 68 25 21 78 31 69 62 5 80 31 61 100 22 98
40 75 37 38 94 23 97 17 91 68 59 9 42 26 45 2 17 90 99 57 19 18 41 84 43 75 6 2 78 2 37 96 34 79 5 54 51 22 74 75 30 79 13 4 93 77 64 24 33 27 59 26 50 89 87 39 71 41 24 40 2 24 86 48 94 95 5 51 31 77 36 19 64 71 22 97 46 12 42 51 20 90 63 62 41 93 30 75 55 84
82 8 90 59 40 25 67 71 28 53 95 77 34 70 37 37 29 59 27 6 31 23 55 13 17 80 49 86 82 25 23 9 20 28 10 32 15 63 78 26 48 43 5 48 17 99 9 87 92 43 62 25 74 87 67 20 51 68 55 31 29 1 56 59 10 64 6 51 69 93 54 79 23 63 18 95 32 100 26 86 76 42 25 71 59 64 58 71 16 4
70 70 17 21 48 25 17 68 88 33 37 99 89 98 80 90 46 6 22 4 8 85 47 16 59 72 87 67 47 14 27 37 95 80 90 86 19 22 2 85 76 12 46 24 77 62 42 73 18 19 2 78 14 9 66 35 39 90 24 49 81 19 78 37 72 74 85 18 7 21 85 19 88 58 76 58 93 34 47 69 43 19 47 6 53 29 60 81 78 59
15 95 91 82 48 76 74 45 82 4 27 74 63 90 69 84 8 81 47 66 49 49 37 73 20 95 52 82 46 21 85 89 7 76 62 80 39 38 44 37 50 12 70 41 93 78 31 40 55 51 53 1 46 25 13 70 100 16 32 42 42 1 45 17 16 15 56 3 57 87 94 45 20 11 39 71 35 16 36 51 67 32 13 70 82 58 30 95 77 77
72 78 53 82 80 61 91 62 1 23 99 50 16 21 4 29 46 54 15 50 25 90 3 21 1 62 28 15 95 22 60 99 28 20 63 95 12 96 92 63 51 58 14 89 14 66 10 5 88 1 80 16 59 53 79 52 85 28 100 39 13 12 66 12 78 26 99 40 8 42 11 72 28 35 54 36 90 21 45 31 8 24 47 88 65 74 24 83 61 90
21 98 73 26 79 71 22 72 71 60 30 36 44 32 73 97 23 84 34 62 71 14 86 49 95 58 74 73 78 99 79 73 21 100 44 74 35 86 58 86 34 96 56 73 20 13 83 17 75 3 21 68 91 25 32 66 28 76 7 43 85 40 78 72 97 53 52 73 8 20 99 2 3 1 96 17 67 32 26 80 79 60 5 84 83 18 26 57 22 48
35 93 75 93 65 84 89 15 35 92 85 69 21 72 90 57 73 74 5 74 25 11 67 87 92 74 55 20 7 42 61 26 11 27 48 70 5 91 67 53 79 55 65 71 88 43 17 53 30 38 86 88 24 1 45 41 31 82 70 27 70 19 53 90 98 98 88 82 38 90 69 41 48 51 56 4 9 61 80 73 54 58 40 84 41 10 72 43 78 86
13 84 51 20 73 69 41 46 74 94 9 8 42 26 5 64 38 20 98 32 59 56 68 27 33 39 27 19 37 5 63 34 11 8 94 61 96 53 6 84 44 22 100 31 22 73 38 51 54 57 57 57 75 20 79 67 74 57 24 22 11 40 32 19 47 53 51 75 32 79 64 40 57 33 1 62 84 4 9 92 58 59 22 57 52 94 87 15 39 43
34 45 54 54 24 49 49 34 78 11 91 87 24 79 87 3 69 51 55 32 18 66 100 24 83 53 24 75 22 19 58 55 49 69 54 24 78 17 60 66 4 11 20 67 84 17 55 66 64 21 59 78 8 63 94 97 78 98 61 77 82 8 32 75 45 66 34 83 80 20 50 53 11 36 43 39 22 74 74 59 38 12 2 41 78 31 11 56 68 86
79 5 84 66 82 64 50 15 55 20 77 59 14 7 37 38 39 35 41 15 89 11 69 99 100 83 69 67 54 4 11 29 47 83 99 92 10 37 66 56 65 23 43 94 80 87 17 48 52 32 100 64 81 96 85 58 12 19 16 47 30 86 96 72 7 58 36 49 9 11 76 88 7 70 90 78 67 57 48 26 99 34 100 61 26 10 9 98 34 99
7 97 67 20 93 30 15 95 98 60 41 72 91 75 46 8 82 19 83 42 45 83 74 26 2 11 62 31 64 76 19 6 100 9 54 96 97 24 63 12 82 72 61 5 61 19 3 93 85 34 77 28 89 61 4 17 91 40 73 2 68 16 84 94 58 26 26 36 49 47 35 34 98 86 96 67 27 43 53 28 10 13 12 70 26 18 6 79 66 21
36 83 74 58 60 30 31 35 16 77 2 26 40 60 14 13 90 80 69 24 56 72 87 5 11 96 88 67 79 31 65 87 42 13 62 55 38 84 12 32 84 100 13 49 70 87 90 67 79 93 42 61 5 2 74 34 84 13 78 98 52 28 13 31 7 99 54 19 47 7 22 78 16 97 2 100 58 54 33 27 53 36 73 84 34 94 61 92 92 85
99 63 48 6 56 1 9 25 48 8 87 78 3 36 7 8 58 86 94 75 6 98 35 43 97 65 87 83 15 79 19 70 88 63 16 58 75 84 53 58 75 86 96 25 51 58 20 82 56 48 34 88 3 8 35 61 59 26 31 6 41 30 43 17 17 10 24 70 52 87 4 63 70 21 83 41 61 9 99 100 51 25 70 82 76 14 75 53 53 69
45 61 26 36 74 95 70 7 29 32 86 21 14 94 33 38 4 67 69 37 88 77 1 41 60 93 2 24 91 62 38 6 52 95 35 88 60 75 9 45 55 85 86 15 96 2 8 81 53 47 82 77 67 74 36 5 64 42 89 10 53 41 13 7 100 70 74 74 35 100 63 31 28 37 82 93 94 1 60 22 94 31 92 67 24 40 77 76 61 79
76 65 14 63 18 76 62 98 6 72 7 22 99 4 72 19 37 4 96 45 83 39 60 1 39 48 80 4 44 57 18 49 10 6 56 32 77 15 83 50 88 25 30 29 30 63 64 57 17 97 18 24 47 92 29 63 5 66 53 57 18 95 12 91 20 3 96 54 95 19 41 51 50 11 98 86 58 85 24 17 19 17 12 34 35 12 54 67 2 86
1 54 60 41 90 2 48 68 14 95 68 88 91 46 4 59 46 55 3 56 20 32 8 17 80 48 85 61 3 76 71 78 98 45 9 68 74 14 30 18 37 92 8 92 39 63 66 1 11 25 55 28 30 21 26 75 41 16 75 89 54 44 3 66 46 19 95 8 87 16 27 64 65 30 2 35 19 34 9 87 51 47 27 18 91 6 69 22 36 80
56 60 20 81 28 58 64 16 70 100 43 18 67 28 14 92 72 63 74 61 60 33 33 63 74 27 8 94 78 49 21 48 84 43 34 5 10 76 56 55 9 74 8 33 87 44 76 12 57 53 71 38 50 67 43 70 2 70 15 94 63 76 71 29 10 78 42 47 40 3 87 96 84 28 35 62 11 69 26 98 92 99 82 87 53 4 95 6 17 79
78 60 14 29 51 87 56 83 27 40 34 67 24 88 82 98 42 29 52 6 30 32 99 88 13 58 68 93 66 94 66 97 40 35 37 15 6 28 75 50 46 60 31 36 67 38 15 81 4 35 83 52 58 63 59 66 96 35 28 32 64 53 59 81 51 21 30 68 24 53 11 23 15 10 52 48 17 35 94 76 13 77 64 9 89 9 44 87 91 26
80 25 48 66 79 2 93 86 56 79 24 47 71 48 24 69 36 78 97 1 8 35 96 83 23 51 10 12 55 79 1 20 84 19 41 19 47 7 32 52 7 64 69 80 29 29 62 95 25 7 31 63 16 48 85 44 95 64 18 98 72 78 48 50 42 41 11 57 6 47 21 93 38 62 24 90 32 63 23 64 65 96 13 61 11 7 29 35 4 56
53 35 42 65 33 85 49 39 6 23 71 97 7 39 55 49 77 31 22 63 23 75 63 58 16 89 82 33 77 74 29 39 84 59 64 11 17 33 63 42 48 72 82 10 17 66 88 80 60 12 73 53 6 37 100 6 11 20 1 17 95 45 45 86 84 40 62 54 24 42 51 72 33 33 6 96 30 2 77 55 55 21 35 2 39 98 36 7 26 47
59 93 8 3 67 76 18 38 30 19 87 74 71 52 60 94 52 14 75 52 6 83 73 22 61 15 94 60 21 11 19 57 57 100 36 64 78 16 12 15 56 71 40 58 67 43 47 72 90 51 47 20 53 2 78 2 62 12 43 47 94 81 17 56 68 92 29 72 32 16 90 60 2 11 3 76 24 62 99 71 98 67 65 83 63 78 62 61 82 61
21 66 36 99 47 49 97 28 42 32 98 54 60 7 27 56 71 68 12 79 84 20 100 32 95 82 77 35 97 41 99 48 74 26 57 94 41 23 42 99 38 61 92 15 8 20 31 19 49 98 14 86 26 85 34 71 49 58 95 99 82 69 76 64 89 40 58 71 79 19 47 36 48 12 80 39 32 5 38 56 38 58 36 76 1 93 16 30 98 61
70 29 73 87 24 5 40 7 21 87 26 75 60 31 88 90 84 72 19 81 40 10 92 99 5 96 79 83 59 46 87 88 2 1 22 53 48 76 41 8 30 16 73 96 69 75 80 33 8 4 47 22 87 98 10 88 10 98 90 93 48 71 40 99 74 1 42 75 50 97 45 10 48 93 54 40 46 8 54 29 32 43 47 10 56 88 56 28 21 47
23 51 77 3 26 74 45 20 85 81 80 38 45 59 29 72 36 80 15 27 49 93 54 85 87 87 69 70 50 80 52 66 92 79 49 86 32 49 55 83 5 87 65 90 41 64 60 96 30 63 48 94 17 54 31 34 42 59 80 44 25 94 47 70 93 100 84 23 87 40 55 83 51 56 52 83 51 82 37 84 20 13 76 15 94 70 38 96 14 99
71 8 43 98 88 19 89 23 5 60 81 80 1 87 20 28 81 68 61 14 92 96 62 6 25 68 43 2 78 12 71 90 13 86 55 74 8 30 12 69 88 76 85 75 55 94 42 30 30 10 98 65 48 25 53 21 76 36 85 85 21 98 73 49 55 16 100 43 44 4 86 8 38 95 50 42 2 21 19 31 98 73 19 11 75 85 27 97 73 68
6 52 66 41 9 96 86 5 29 50 23 7 65 21 70 12 40 33 24 8 34 47 62 67 52 87 5 22 30 57 7 86 73 35 46 51 82 21 57 26 85 34 100 32 69 94 85 31 51 5 25 41 4 92 68 36 31 53 82 85 95 77 45 85 59 8 88 24 54 31 79 84 34 58 12 63 96 20 24 26 78 17 23 18 21 65 20 56 26 21
22 36 96 34 1 5 71 42 82 71 36 94 84 15 59 16 49 60 7 50 75 76 87 25 97 76 64 35 9 32 6 53 10 57 55 89 82 47 11 5 71 8 26 99 57 18 49 27 35 74 22 29 90 27 19 39 85 99 90 83 26 95 14 3 94 7 94 45 15 77 84 53 79 55 61 92 16 66 62 19 90 40 7 27 9 18 58 45 87 8
5 23 98 87 74 68 65 12 12 90 67 51 84 22 93 70 82 77 38 84 39 99 8 60 66 26 12 58 11 42 55 29 7 94 46 10 72 63 9 23 100 97 91 93 17 45 72 2 33 54 27 19 91 68 26 65 23 9 17 38 53 39 48 1 9 47 52 90 20 46 100 11 71 73 57 88 28 65 88 85 82 6 80 20 71 49 29 90 13 20
68 18 78 21 57 55 24 40 84 22 65 7 78 65 24 93 2 7 92 28 45 60 70 93 32 62 25 31 7 50 88 8 20 32 70 59 58 45 45 78 87 66 81 9 49 1 66 4 23 26 78 7 13 15 87 64 85 55 57 56 73 70 95 47 56 57 14 87 95 33 48 16 4 86 43 71 93 44 68 46 13 100 41 45 3 6 26 41 97 49
30 32 89 99 56 8 56 74 22 92 29 71 30 62 79 86 68 99 92 11 62 14 90 6 43 49 51 1 35 24 24 12 36 48 36 58 9 86 96 32 5 52 20 30 77 77 7 95 33 73 83 42 19 46 23 91 26 6 89 41 65 89 95 7 21 69 5 17 10 64 79 42 42 88 69 28 76 98 40 20 37 25 7 30 20 61 19 60 16 99
72 24 44 90 79 45 65 99 48 29 76 86 28 49 4 24 39 66 47 66 66 35 25 42 83 30 8 35 89 76 85 48 32 9 83 88 20 27 94 44 71 90 100 69 61 25 76 34 10 91 86 82 29 84 92 85 40 29 66 56 42 84 96 17 62 29 99 76 19 8 79 25 90 63 74 16 71 9 98 48 48 38 100 97 78 95 96 8 75 79
96 16 83 18 77 18 84 56 3 19 13 53 20 87 86 73 30 72 65 73 78 97 70 55 63 76 48 11 82 45 2 28 8 27 62 57 29 14 72 49 79 71 46 55 65 80 91 8 90 4 49 49 96 1 84 60 41 11 14 25 89 58 63 27 36 10 49 51 67 93 95 61 91 11 64 37 18 99 7 66 74 47 95 67 37 81 15 31 82 78
59 21 43 26 74 37 80 58 64 86 8 34 38 58 10 62 60 49 61 26 30 17 88 89 68 6 77 51 3 71 97 14 4 47 70 17 85 61 3 42 34 10 37 79 67 81 68 84 40 51 81 30 74 4 4 49 82 43 60 3 84 11 53 16 79 100 22 80 60 92 89 49 78 29 19 36 67 10 90 67 55 20 81 31 51 63 70 65 78 58
88 72 36 6 70 12 63 81 70 49 54 2 87 53 57 31 5 100 6 10 94 45 89 56 75 24 92 75 65 41 81 4 89 56 63 15 97 98 8 62 49 86 17 46 95 31 96 88 27 78 35 36 40 61 32 15 29 42 15 31 24 10 62 63 44 99 73 9 34 45 43 88 68 92 8 68 31 30 64 12 28 76 99 13 85 93 85 85 31 92
41 67 97 80 79 55 30 61 19 98 59 90 62 57 50 3 60 51 63 30 64 93 86 70 56 46 14 30 54 15 86 63 100 60 13 55 53 84 34 55 5 20 13 59 53 89 44 81 75 34 44 20 5 14 69 63 4 23 12 49 11 50 98 69 35 45 1 8 8 36 70 67 33 8 45 76 92 100 60 79 75 15 72 95 45 58 92 58 44 14
67 81 24 37 24 22 1 16 21 35 89 11 28 92 20 96 16 11 11 31 81 97 99 16 27 2 66 59 36 89 49 60 78 20 55 7 98 32 77 10 41 83 89 81 72 20 13 63 34 68 22 96 62 5 37 24 73 70 1 15 80 86 39 71 79 26 97 57 62 73 13 82 37 62 55 22 72 47 36 72 3 68 37 40 95 45 76 51 87 53
52 63 90 85 55 68 34 74 63 99 24 88 16 97 6 24 59 46 44 67 99 26 24 7 17 89 56 6 48 6 44 62 49 95 98 94 48 24 19 15 6 6 79 60 48 82 47 5 21 79 59 93 95 42 5 55 33 19 40 94 28 22 71 68 89 67 51 67 47 6 98 76 26 51 57 57 90 70 74 25 90 12 11 99 12 21 98 79 99 96
94 32 80 70 44 79 94 39 12 16 1 35 55 18 75 22 66 95 79 60 5 66 34 91 8 82 19 31 89 66 44 29 93 49 85 67 57 54 76 90 80 78 61 36 87 95 81 84 44 35 1 53 77 73 60 2 53 11 46 6 11 24 13 62 96 87 11 78 84 39 27 74 1 11 5 42 95 48 53 46 17 2 67 36 63 91 33 82 90 56
20 15 86 87 45 68 65 28 79 29 49 78 35 25 79 46 3 96 22 17 69 85 62 35 16 35 77 40 89 8 59 55 83 52 7 65 33 70 44 22 86 33 10 25 28 31 100 11 81 41 80 22 98 71 7 1 63 45 61 74 97 23 11 95 75 82 33 34 97 26 81 77 38 50 64 74 78 69 92 86 65 9 80 53 79 28 73 2 21 34
10 2 59 86 59 84 1 93 64 89 5 38 99 5 45 64 93 21 69 54 32 68 89 70 29 19 23 73 67 65 45 56 33 85 23 68 97 75 53 18 24 24 14 27 45 68 22 8 37 66 36 50 2 28 37 28 77 33 55 57 7 32 49 17 69 70 48 20 44 35 5 8 34 19 22 36 13 21 76 60 4 6 42 81 14 81 54 24 23 88
18 96 65 52 18 71 58 36 44 33 15 73 88 22 34 2 47 43 55 85 80 20 76 55 75 43 34 37 38 42 76 17 41 17 11 2 90 76 20 4 64 19 15 83 20 69 45 45 7 29 24 2 22 41 91 34 82 61 32 91 55 48 45 100 20 25 31 58 53 44 55 64 33 3 55 83 54 100 92 29 14 29 80 65 97 52 37 78 20 42
53 44 60 97 21 52 7 90 44 2 4 70 93 64 40 37 26 1 30 34 58 23 97 63 97 5 91 54 40 35 44 79 2 85 93 77 48 36 78 28 76 50 37 55 16 1 87 38 87 38 78 26 1 99 87 11 5 49 61 57 3 46 64 61 31 72 86 99 57 94 68 3 69 99 61 56 98 25 6 13 38 23 87 29 69 48 99 46 86 31
96 35 12 23 54 59 18 56 83 25 18 13 65 8 9 64 73 65 95 91 60 70 82 47 71 29 9 95 2 78 72 91 85 89 18 46 39 81 82 67 14 97 96 17 47 45 27 81 86 66 14 83 56 100 92 3 45 2 8 12 75 21 69 78 80 33 76 52 77 58 63 12 10 53 13 91 95 31 85 16 92 60 45 18 51 85 45 23 88 93
91 41 5 95 88 92 47 19 16 75 50 90 86 20 6 28 89 5 99 73 67 11 46 21 62 23 13 14 32 40 74 72 82 78 81 77 73 43 72 78 8 72 60 100 66 88 59 5 24 64 90 91 45 83 13 15 68 88 3 61 40 46 7 65 93 26 70 55 61 98 33 57 47 39 34 56 63 4 47 73 76 82 54 41 55 81 11 72 56 82
55 3 88 31 10 97 74 5 47 44 20 18 35 78 27 60 86 32 12 96 4 32 11 33 16 47 93 69 30 39 8 15 35 44 44 47 28 73 18 50 93 54 83 28 3 34 19 33 96 53 54 83 28 93 26 14 3 50 14 26 84 44 18 78 21 7 48 79 71 14 53 61 58 2 28 100 13 44 54 42 90 90 8 56 12 74 17 99 63 60
44 61 35 66 5 91 92 80 27 35 43 55 65 20 79 92 69 42 9 78 8 23 55 20 37 41 63 21 34 93 93 97 66 5 51 53 43 91 58 97 79 45 74 8 62 80 64 25 26 89 22 49 33 26 55 40 72 22 32 25 42 37 79 44 93 18 80 9 67 71 5 5 9 84 59 94 37 55 72 81 34 27 13 86 90 52 78 24 26 33
93 71 49 59 29 59 1 79 53 71 80 71 58 9 23 60 9 50 49 64 1 93 2 47 53 12 36 72 99 13 98 47 33 52 52 66 38 24 78 31 98 9 71 25 13 64 80 84 34 86 9 3 36 36 76 14 52 20 66 89 6 47 30 92 71 31 71 19 16 17 80 95 34 30 22 20 100 55 86 49 66 90 52 100 15 43 38 94 13 21
39 52 5 55 11 40 68 84 47 81 70 32 76 7 4 43 73 14 27 52 27 33 55 61 79 62 66 55 65 50 23 54 93 59 100 38 76 26 79 19 87 28 60 21 94 59 4 4 19 75 47 40 51 27 94 65 22 48 16 91 67 50 3 31 99 38 70 70 22 98 84 55 56 11 24 35 59 16 86 10 26 93 46 17 54 14 16 27 80 99
19 48 12 40 61 75 92 75 17 35 76 73 30 91 70 21 29 20 79 73 39 13 57 87 32 9 2 86 48 43 72 15 77 19 60 64 15 20 31 59 85 42 22 9 81 13 26 71 56 23 81 26 66 16 83 62 73 84 7 62 68 28 64 97 57 72 29 32 55 67 23 79 77 91 65 19 52 41 78 72 85 91 56 74 89 32 75 8 18 57
47 15 69 35 89 27 20 73 39 1 81 91 14 41 10 20 25 1 30 11 93 34 68 92 41 53 36 74 54 45 94 81 96 88 58 44 71 79 96 48 31 85 87 44 30 33 63 50 10 98 28 54 42 98 44 81 99 62 65 59 99 63 24 33 62 48 94 85 41 83 4 42 3 26 77 44 10 96 44 3 81 58 43 33 64 81 16 95 71 73
59 60 38 2 54 14 4 32 3 11 64 71 11 80 12 75 1 20 41 76 10 92 73 26 26 94 31 10 70 89 100 93 72 47 97 82 74 57 38 54 46 95 68 71 44 50 21 36 96 19 76 97 56 41 61 86 16 36 61 63 63 96 69 33 54 94 85 88 10 82 19 28 44 88 39 49 6 35 6 45 45 63 83 68 76 77 40 18 51 39
46 9 55 9 83 54 37 34 90 83 66 92 51 71 62 52 45 15 89 30 50 90 19 99 32 72 16 4 70 6 41 85 37 64 7 3 57 43 77 78 92 1 50 11 95 28 1 5 70 29 55 70 43 32 7 14 45 84 4 79 89 43 97 42 91 47 60 53 83 1 91 55 78 73 49 49 45 9 19 13 53 26 50 86 7 98 88 94 41 44
33 22 34 27 30 90 62 41 96 90 40 10 69 56 70 61 62 4 30 72 34 64 99 75 11 35 74 20 56 35 99 11 66 8 68 44 75 50 10 92 6 90 5 90 38 72 84 58 80 75 85 51 20 26 63 19 100 92 82 22 55 30 43 94 76 14 8 30 6 5 99 90 86 75 72 88 66 10 42 79 18 85 91 98 39 84 33 59 72 3
87 49 8 55 89 37 78 35 27 53 47 36 63 31 29 46 65 64 52 12 65 73 95 31 41 68 73 44 75 25 51 83 68 89 84 69 98 32 57 14 99 99 98 98 17 29 31 53 9 89 17 58 69 50 91 75 28 12 67 56 36 67 54 11 70 12 16 74 61 81 27 72 65 98 6 31 50 94 73 5 18 43 27 63 91 47 67 79 94 81
27 32 22 34 52 40 3 92 49 1 36 57 55 97 8 14 39 46 24 25 86 29 21 60 78 98 86 85 32 98 67 77 60 32 100 85 60 57 34 88 35 47 58 24 12 86 70 13 47 7 35 60 64 73 35 98 79 78 53 100 63 8 16 76 70 33 21 72 47 92 79 44 23 1 69 7 35 68 20 44 82 92 26 3 95 52 64 79 94 97
59 34 50 12 72 23 78 60 39 61 77 97 26 40 45 88 48 18 11 72 71 81 81 89 77 34 58 93 6 21 64 76 92 79 55 93 14 6 80 65 66 73 96 67 29 12 84 66 71 75 89 76 11 4 84 11 34 65 51 54 39 48 86 85 75 79 5 62 83 74 80 98 71 86 44 22 17 52 46 39 76 13 46 89 66 28 71 14 73 29
65 81 46 95 85 84 75 79 72 74 32 19 10 67 72 5 65 83 31 76 82 50 92 65 94 92 61 53 43 16 46 4 89 31 65 80 76 9 65 96 9 1 64 63 13 13 20 14 49 62 54 86 42 74 73 50 91 50 14 55 99 29 30 52 34 89 89 60 39 41 69 13 7 49 49 47 5 99 43 96 57 64 56 82 56 4 58 18 49 8
75 55 50 34 34 43 65 39 97 31 31 14 25 49 52 78 64 66 90 70 2 22 52 63 27 8 3 41 95 75 65 95 31 9 38 1 74 95 76 37 9 44 85 85 29 36 5 98 21 58 70 93 52 89 55 2 54 54 26 52 45 4 12 43 57 41 10 17 55 18 40 34 59 99 86 11 48 87 5 32 85 8 53 78 48 90 69 6 71 7
25 43 74 5 89 73 6 30 5 77 5 66 7 18 93 58 67 71 7 93 100 91 68 30 49 12 27 13 68 44 70 27 44 9 32 31 29 1 24 97 20 14 70 40 63 4 18 45 75 65 22 28 99 45 7 16 88 61 95 91 75 83 72 67 6 5 100 99 12 78 83 58 89 52 78 52 77 24 4 73 38 46 29 2 22 87 71 99 100 74
17 23 3 7 45 69 75 11 11 25 82 90 59 53 48 93 17 97 80 32 60 6 4 99 60 22 88 17 36 9 43 72 19 35 69 99 22 95 53 15 64 78 70 1 14 34 16 65 17 3 41 56 88 81 70 35 72 28 63 16 85 12 6 83 8 47 63 40 8 1 76 97 45 10 87 26 35 43 64 34 22 91 33 94 69 49 65 99 82 59
83 8 94 95 97 21 96 12 63 6 61 83 78 40 62 30 75 20 48 21 36 62 24 49 97 10 57 61 42 27 29 59 29 34 83 75 44 24 12 66 7 28 16 90 17 66 19 91 71 49 14 27 16 41 42 84 20 2 80 65 14 19 99 22 11 30 65 10 5 50 70 49 86 26 74 20 71 68 57 3 95 43 85 39 3 1 35 24 49 2
28 19 68 43 7 57 9 35 50 84 46 85 37 44 76 14 35 16 26 5 56 69 49 74 62 69 97 33 42 24 43 12 11 99 59 78 28 59 56 64 2 83 94 31 23 70 53 94 51 70 85 11 82 98 88 80 25 20 100 83 95 14 63 32 43 88 8 47 35 8 61 97 44 47 19 44 71 98 1 47 91 68 83 34 68 11 92 1 34 87
75 48 62 30 7 39 2 1 15 24 46 47 74 96 41 85 16 43 33 14 49 91 99 57 15 99 94 16 80 86 5 51 50 78 95 50 96 6 8 15 70 39 70 16 60 87 67 3 48 30 97 51 36 47 79 81 91 97 33 22 94 59 23 6 51 38 41 19 16 79 20 53 92 94 21 95 43 28 3 47 65 52 42 54 54 87 35 4 62 28
3 76 24 82 94 91 84 20 64 99 74 46 12 53 28 39 85 82 51 43 12 63 56 63 60 16 76 4 13 27 20 84 31 29 23 26 51 59 21 49 85 66 15 68 41 100 18 71 21 33 53 27 8 25 2 64 28 7 70 89 2 27 77 53 97 43 19 74 25 96 7 24 49 22 57 89 22 39 57 92 98 89 89 43 19 89 16 29 34 29
67 99 27 24 53 8 15 28 7 67 27 41 93 55 25 47 86 23 1 80 39 92 18 16 24 94 17 15 83 25 42 94 57 91 13 25 66 46 93 33 10 83 40 17 97 33 39 68 54 93 64 92 4 43 22 99 72 85 11 17 18 56 59 58 41 92 13 7 71 10 34 89 12 85 16 79 19 55 35 72 11 14 25 19 28 52 69 33 49 46
87 88 97 62 85 40 3 75 12 90 24 40 3 75 20 51 87 5 56 16 36 89 19 43 47 70 89 12 72 91 48 79 97 99 64 49 56 25 42 79 28 68 75 51 32 47 12 95 53 17 17 90 67 96 53 13 90 89 61 41 10 54 43 45 100 45 15 51 7 71 35 48 47 84 92 76 7 43 5 19 81 43 42 23 79 32 66 25 42 18
83 21 48 78 68 94 23 63 7 18 58 60 45 15 72 56 38 33 89 4 49 29 56 25 78 69 28 90 58 20 47 82 71 19 20 52 25 72 22 18 97 22 85 60 82 78 53 48 41 53 26 36 45 32 66 60 16 8 21 67 47 13 75 72 53 30 84 23 60 94 90 1 75 96 71 78 83 63 86 32 18 40 54 69 30 27 9 99 70 67
17 52 20 86 94 21 4 32 61 95 12 46 32 28 98 87 60 97 68 30 2 99 100 38 22 93 5 42 66 12 10 25 24 20 78 32 27 8 65 90 99 62 94 82 39 60 57 30 67 43 6 58 5 80 62 70 44 79 10 26 23 90 7 80 53 9 64 13 39 78 83 56 84 21 53 9 38 15 78 82 68 84 6 4 61 56 81 66 45 17
50 8 49 69 45 32 10 23 95 30 62 59 55 55 58 41 48 73 10 15 19 94 11 1 92 7 83 30 63 44 92 85 92 46 53 54 88 54 17 63 99 13 65 16 5 60 74 1 38 87 10 100 57 44 86 70 47 25 51 52 71 87 39 17 17 60 99 35 50 55 13 4 80 82 59 4 74 86 77 7 70 9 7 34 71 70 47 42 94 47
66 63 29 59 97 25 84 11 94 38 46 64 45 98 17 57 19 14 36 7 100 54 87 44 3 85 54 72 35 58 71 42 84 60 78 50 26 20 6 25 39 65 32 58 23 45 51 5 83 24 85 95 79 12 2 58 80 88 65 21 43 6 84 77 50 41 17 58 21 79 87 93 17 47 99 18 87 70 70 84 28 31 95 60 27 69 66 100 88 40
14 7 45 61 12 45 77 88 7 15 60 78 42 85 62 30 55 18 84 41 34 57 11 18 96 77 88 70 31 38 3 87 23 49 25 52 96 75 56 89 62 2 52 28 62 90 97 66 34 5 77 59 38 84 25 48 52 92 29 63 59 42 22 71 15 59 95 8 41 65 50 49 18 11 9 84 32 59 95 9 31 49 45 50 60 33 25 67 89 40
21 39 23 60 82 17 42 86 7 21 78 60 42 51 91 18 2 52 56 41 54 87 4 89 38 87 70 61 92 29 32 92 68 12 43 44 78 86 6 17 35 49 2 59 68 63 67 91 56 61 80 70 46 61 99 92 94 45 45 60 34 11 73 99 29 7 53 39 18 9 17 52 41 46 5 2 85 48 31 5 29 14 86 27 67 89 89 46 36 48
62 64 1 69 99 21 39 80 77 72 45 90 33 84 25 74 98 77 3 56 93 85 20 93 91 10 60 99 75 10 18 18 44 33 99 33 51 4 53 55 66 71 24 36 57 100 79 38 46 29 97 95 41 1 69 50 14 61 98 34 20 98 96 5 55 68 3 62 35 58 61 64 25 3 44 75 71 84 44 50 27 59 60 32 23 76 20 54 31 78
100 6 91 51 43 28 14 10 16 93 89 7 2 19 74 36 20 4 32 17 86 78 74 68 77 43 81 94 92 50 64 37 6 60 38 18 25 98 11 22 48 16 26 23 99 32 83 99 83 68 80 5 40 41 26 86 27 80 22 35 47 50 65 87 44 72 31 78 20 54 40 42 72 32 59 84 15 19 23 93 64 34 33 96 74 67 23 93 35 46
11 61 49 23 33 31 91 21 45 14 60 40 23 56 73 20 26 57 61 30 10 90 46 18 44 92 44 88 49 35 40 26 6 18 56 95 96 83 2 34 10 20 16 39 11 37 15 13 48 40 90 53 50 77 20 19 10 18 48 72 95 58 9 65 77 78 14 19 82 6 26 6 25 28 68 99 41 58 100 45 83 21 74 58 76 10 98 78 79 2
56 6 61 15 46 81 25 3 46 29 76 69 22 51 58 98 70 12 77 40 90 72 29 89 82 52 41 49 46 7 33 60 7 100 69 80 94 81 76 8 29 52 47 97 44 26 80 97 88 80 79 87 44 28 66 43 36 11 21 97 17 39 25 22 9 35 2 14 65 51 98 46 16 80 20 40 35 9 8 87 35 61 77 16 8 76 49 50 86 65
67 61 13 21 25 5 85 1 77 77 5 38 41 90 36 3 61 100 9 22 86 49 29 52 64 46 60 2 36 94 69 93 98 60 76 81 56 11 84 57 99 40 64 64 47 86 91 77 60 72 9 99 85 88 36 50 8 42 57 3 50 44 7 22 57 49 6 98 47 63 94 11 75 95 67 45 25 27 42 30 74 8 16 22 81 20 10 61 45 7
26 22 26 61 37 85 62 72 59 96 21 85 94 48 17 86 26 82 84 13 37 88 87 80 74 58 57 50 36 29 13 90 32 80 62 31 92 33 90 55 14 24 61 74 87 70 56 97 33 20 75 16 13 78 67 35 70 38 67 100 40 76 84 39 71 74 94 20 76 48 75 65 25 68 21 59 33 4 17 33 1 17 97 10 92 41 80 17 79 3
9 43 90 24 46 95 75 89 73 33 6 17 74 22 29 72 23 32 52 22 39 82 74 48 93 45 28 12 69 66 31 2 16 34 56 66 48 56 91 25 88 92 5 76 16 32 1 94 39 71 7 95 19 16 9 28 47 85 94 72 61 5 92 45 63 99 30 4 58 98 7 23 41 69 8 57 100 11 86 42 31 7 62 69 23 1 96 24 47 1
34 17 86 66 21 29 51 91 85 98 10 69 40 64 92 43 21 42 66 12 88 2 1 26 85 36 94 30 70 52 92 24 98 86 68 33 43 31 78 18 40 76 56 75 15 49 74 59 23 10 33 72 93 8 97 58 49 65 69 58 96 54 29 23 37 35 11 20 49 40 40 16 62 34 6 46 57 88 78 22 8 59 73 3 71 86 30 83 27 21
79 50 3 77 2 17 12 42 81 81 69 8 34 88 50 55 90 18 44 100 6 50 83 31 83 95 92 46 63 73 7 66 3 78 93 94 85 36 84 28 36 63 87 33 22 73 30 10 1 60 61 73 13 80 43 41 86 51 91 13 30 89 62 99 58 20 56 47 82 31 86 12 53 15 73 32 31 45 33 23 8 41 41 98 56 25 84 95 85 76
18 14 17 55 20 76 52 5 81 23 67 53 82 67 68 93 78 16 80 41 47 19 87 53 21 79 92 36 11 73 62 66 6 11 31 40 71 38 35 7 77 82 22 13 51 72 18 51 17 79 19 58 98 82 8 19 40 81 86 76 64 16 75 63 82 98 31 94 58 1 100 61 33 83 9 58 19 56 50 10 39 66 80 97 86 92 42 51 95 59
38 38 90 65 39 33 98 51 93 72 52 37 71 20 78 97 76 97 25 34 91 4 15 19 71 77 22 93 90 83 11 91 78 62 45 68 2 22 10 12 29 52 55 48 80 91 9 54 54 57 40 82 84 18 88 12 54 52 10 15 24 38 50 72 63 6 81 71 41 94 20 99 1 59 39 20 73 99 27 61 63 24 86 60 26 94 57 4 76 39
75 20 16 77 34 58 63 2 60 20 59 62 13 58 8 77 29 11 2 82 43 82 9 81 9 9 39 80 33 91 45 13 74 68 1 92 89 100 45 94 46 56 35 25 80 90 7 89 13 49 55 34 24 47 25 84 35 57 52 53 24 24 23 23 48 79 63 96 66 37 97 61 49 9 4 49 61 13 73 61 25 12 52 9 3 69 31 28 66 27
67 26 23 27 6 25 65 23 49 75 41 57 22 5 2 12 12 18 100 100 50 88 95 85 70 92 8 50 56 86 64 35 58 72 57 18 99 61 58 92 19 89 89 50 78 56 84 4 65 98 69 74 67 9 92 52 47 14 86 39 56 18 86 39 83 55 13 43 40 38 78 22 73 88 89 56 11 60 58 10 31 53 3 29 90 85 66 85 95 72
74 99 69 14 16 1 62 39 17 23 94 5 16 1 95 98 36 46 42 37 13 58 73 32 92 72 19 15 21 41 58 69 50 95 35 68 20 37 30 4 7 69 84 74 22 91 3 37 42 65 39 38 92 65 24 63 95 37 2 46 14 70 75 6 71 45 95 80 50 56 61 31 2 75 39 60 12 53 87 3 98 94 45 28 89 11 31 31 92 99
80 12 47 80 10 31 85 17 17 24 17 17 24 22 59 48 74 34 54 99 46 50 28 20 72 56 46 85 42 52 20 40 38 90 9 50 83 61 13 29 71 68 80 56 99 6 22 10 95 96 83 76 11 72 55 61 69 31 43 68 64 54 39 91 12 81 55 19 54 37 82 96 50 93 68 97 75 27 30 33 77 64 58 43 49 58 27 84 11 97
8 11 81 8 14 33 68 74 25 99 55 51 31 17 9 81 16 40 38 63 83 46 34 70 15 92 76 42 67 88 77 28 85 70 40 69 54 63 78 73 7 73 54 36 69 77 58 55 47 87 64 40 45 95 52 5 87 16 27 35 85 78 38 60 86 8 33 30 82 18 75 90 26 16 36 60 83 44 63 64 24 45 91 79 66 57 29 63 16 4
27 31 57 100 25 33 33 26 12 37 11 4 97 49 5 73 76 88 50 13 16 30 7 70 68 44 66 94 43 3 28 89 3 48 42 38 75 98 29 57 56 22 30 47 32 2 78 99 14 13 90 5 40 51 67 17 100 2 10 50 25 75 28 70 73 55 7 10 54 35 88 34 25 12 28 56 67 57 96 39 28 84 69 35 11 73 12 92 23 62
43 42 74 81 96 68 26 19 85 90 78 54 82 4 76 39 91 23 1 32 91 64 58 94 7 7 25 70 30 88 15 10 16 29 41 14 68 48 93 46 28 44 73 1 46 4 18 82 69 16 19 88 75 1 59 28 25 7 40 55 16 98 81 35 45 87 77 98 86 38 94 53 90 16 84 55 91 8 10 41 67 94 16 12 89 38 34 97 50 43
80 21 89 95 5 72 98 4 69 72 1 3 93 13 38 32 1 78 21 11 15 92 14 25 59 65 62 57 27 71 16 46 63 63 35 22 54 69 19 38 100 56 70 42 76 80 76 13 37 27 4 24 37 12 52 97 18 48 8 9 86 75 69 79 81 33 10 27 77 74 29 86 83 36 22 85 29 62 75 43 3 3 11 74 36 30 17 84 34 67
7 22 10 75 1 63 8 35 22 83 8 37 20 28 9 100 95 93 13 42 60 95 87 93 98 83 43 42 74 5 83 32 100 48 8 97 67 35 27 64 62 46 78 71 90 32 82 90 76 97 96 38 67 5 83 4 17 58 49 18 33 50 78 23 15 18 75 77 14 93 44 91 76 72 43 2 67 50 45 57 46 9 24 60 63 82 65 78 73 46
1 50 98 87 2 92 40 86 39 11 11 89 1 62 6 40 16 50 97 56 26 47 58 89 32 69 75 7 27 99 1 99 64 10 69 4 6 9 34 71 21 29 47 82 79 67 3 53 49 27 59 83 88 22 1 60 86 91 7 70 15 66 99 6 75 50 34 86 75 99 4 74 43 1 78 43 80 38 67 62 100 46 89 11 97 46 29 24 35 18
76 91 57 11 63 100 14 43 51 24 61 97 14 30 83 94 36 53 19 26 98 67 7 97 87 27 63 43 37 74 77 6 66 59 93 81 54 53 4 6 59 89 91 72 87 77 70 7 23 78 62 76 45 48 16 91 90 56 79 46 97 55 6 83 35 18 13 26 81 72 7 55 92 71 64 41 12 84 96 29 8 62 60 57 15 61 35 75 74 64
96 55 91 24 32 99 39 3 34 76 69 13 81 83 16 29 44 10 74 98 72 8 74 42 42 44 94 5 69 49 32 62 28 62 4 16 50 99 57 12 60 73 90 56 83 4 75 2 100 1 45 94 16 91 57 18 24 87 82 24 54 79 78 68 59 54 93 98 24 26 71 65 90 85 83 37 26 7 57 40 16 59 74 66 20 29 3 97 84 43
64 35 92 72 81 25 82 97 47 32 4 35 58 42 46 21 89 67 11 60 83 7 59 67 56 8 61 11 40 59 58 99 40 14 96 2 65 15 92 25 93 13 10 52 28 77 75 33 92 36 40 27 50 21 13 90 56 5 24 96 96 48 38 85 21 86 22 25 18 1 64 60 38 68 14 64 9 90 34 9 73 87 71 91 54 21 80 40 11 26
80 57 67 14 2 93 17 56 74 13 61 89 88 92 60 94 50 44 97 77 93 53 14 19 100 28 34 78 99 10 5 44 56 40 45 84 9 66 18 87 55 45 51 99 60 47 86 65 40 4 52 97 94 78 46 24 15 4 44 36 63 43 83 44 8 51 67 24 64 32 67 85 73 58 79 83 62 85 90 47 23 11 85 91 34 66 79 49 77 18
78 67 58 43 36 24 57 53 88 8 33 57 65 84 46 18 63 65 28 15 31 52 29 82 85 31 67 45 87 53 91 82 24 25 22 37 80 8 28 99 4 89 78 35 17 88 91 33 53 62 49 62 27 14 31 48 27 47 44 72 40 2 100 93 92 67 16 92 31 3 62 63 6 98 14 3 75 34 53 53 87 97 47 26 33 82 92 42 1 67
93 21 26 86 8 29 49 36 56 84 8 37 1 46 35 41 82 64 81 18 70 30 16 26 61 53 2 41 82 81 83 24 85 59 20 28 6 30 71 64 43 71 19 91 19 60 9 64 78 90 2 98 55 11 87 69 39 17 88 58 80 22 77 73 74 19 63 88 53 80 62 81 54 11 82 70 79 9 11 70 44 53 84 22 30 25 49 1 23 5
46 8 33 92 29 97 98 35 33 46 2 13 80 83 82 12 19 90 6 14 100 75 79 81 47 3 98 98 95 1 15 56 38 42 73 69 2 72 22 70 55 32 30 27 25 83 14 73 17 10 28 70 37 61 44 62 8 69 31 54 15 27 64 60 92 87 4 15 76 44 92 19 56 82 14 16 5 57 71 57 76 30 66 59 23 22 30 36 99 2
53 2 51 37 63 83 38 62 73 78 27 13 78 30 26 59 41 58 77 30 91 84 59 53 98 72 54 54 41 60 96 61 43 68 47 99 74 14 71 23 26 27 47 78 58 63 56 42 48 78 82 50 65 5 19 20 50 39 9 2 94 57 30 59 29 1 47 95 95 48 21 97 30 40 43 44 5 49 66 44 69 50 66 7 50 88 34 74 48 80
23 40 38 51 93 57 9 19 62 12 4 60 92 83 53 44 52 28 94 24 53 25 52 91 17 72 64 42 40 28 43 28 7 7 28 73 41 89 45 27 91 41 41 5 70 53 15 30 97 67 67 4 87 79 7 88 41 79 84 44 29 23 34 28 82 40 78 15 86 89 19 93 69 25 60 8 8 59 20 62 40 80 83 95 79 57 95 45 26 33
12 68 96 99 87 19 18 44 42 39 31 14 91 86 29 89 94 50 73 3 23 80 93 26 21 73 90 44 63 66 8 97 78 54 88 87 41 14 34 65 32 90 93 53 100 74 57 14 27 31 88 66 72 60 91 49 12 97 1 84 31 54 53 75 57 20 21 80 5 40 55 52 45 22 16 73 65 7 2 58 82 32 31 10 79 22 9 48 27 22
6 30 81 64 77 12 69 96 68 9 71 81 26 90 58 84 79 71 14 55 81 92 36 96 89 37 93 7 60 87 89 18 75 48 5 95 44 52 91 3 84 79 3 89 27 23 47 70 48 20 34 23 90 34 35 7 66 72 59 18 48 2 33 17 33 95 46 84 75 8 85 39 26 20 37 67 42 74 40 89 5 36 3 45 34 24 72 22 94 98
91 76 81 34 78 77 38 23 68 85 74 6 44 25 37 70 88 4 36 45 50 72 31 72 77 81 69 16 28 14 2 94 86 48 58 6 62 72 76 18 40 76 17 27 89 10 20 50 65 65 28 16 17 93 25 6 86 92 40 62 72 2 58 94 46 96 51 33 5 67 64 74 53 69 84 73 32 79 61 58 16 12 97 42 63 11 35 51 56 37
63 72 63 56 91 12 2 50 57 53 9 11 9 55 1 100 14 4 84 53 13 52 85 20 60 77 83 34 33 79 13 78 14 43 81 68 63 59 30 60 75 94 85 94 82 88 69 18 61 15 25 86 87 52 17 89 20 43 81 60 79 35 1 88 39 89 77 54 37 29 95 31 81 48 63 93 73 72 84 25 17 83 94 70 39 64 89 33 96 33
5 84 94 69 57 97 24 58 37 91 14 32 80 25 88 28 40 51 43 38 16 42 80 48 78 42 37 100 50 38 4 15 22 35 94 10 48 92 55 42 73 12 35 52 79 29 30 58 58 75 61 17 92 66 13 32 18 69 11 71 72 21 61 76 59 1 30 52 87 52 20 36 11 86 22 100 12 44 15 28 75 22 35 8 37 48 47 64 38 62
35 52 46 59 61 91 36 44 57 73 22 99 49 54 49 64 86 88 10 50 58 92 51 40 64 54 83 71 75 87 45 38 82 48 18 27 77 83 18 54 47 92 34 13 8 54 28 46 51 91 53 48 100 30 59 69 99 3 93 34 29 29 43 52 28 82 87 15 91 73 62 43 73 8 5 1 78 9 55 12 16 3 7 2 79 75 50 64 11 76
26 27 70 2 21 36 68 3 20 17 26 48 62 86 43 96 63 56 23 29 55 6 24 80 62 46 12 20 56 94 43 95 15 21 22 91 26 72 33 67 92 51 78 62 37 62 94 25 100 27 7 63 63 36 92 13 10 42 5 54 88 56 29 42 70 70 32 50 30 45 40 39 31 67 78 10 74 51 15 62 53 49 16 21 56 86 39 1 57 70
81 3 29 26 81 26 87 71 29 91 39 40 30 45 14 92 33 22 93 63 55 43 85 67 22 92 31 10 71 1 69 21 13 4 10 44 74 92 30 87 13 70 6 8 26 49 5 71 82 82 53 45 40 41 34 49 57 35 32 81 41 99 55 53 17 91 27 52 44 6 20 56 44 5 73 24 20 49 30 87 8 52 63 91 8 96 96 40 72 78
1 53 19 79 27 29 99 60 24 48 8 30 54 51 6 22 81 84 82 14 35 27 4 51 5 18 74 7 64 42 81 94 66 7 73 35 21 12 84 99 85 20 97 2 78 52 94 29 14 34 35 48 73 100 31 38 10 55 99 56 46 96 54 29 11 23 6 34 2 36 28 8 27 21 21 83 1 77 12 50 35 67 8 69 28 36 76 34 26 23
61 34 67 1 43 14 6 72 59 71 11 66 7 79 22 81 87 48 74 14 45 89 82 90 77 30 66 48 42 16 16 52 90 39 95 68 52 83 2 96 73 98 6 5 73 55 26 100 54 80 45 5 87 54 99 91 20 88 64 29 44 65 7 75 31 93 90 46 100 72 7 3 25 18 26 84 88 42 4 20 25 70 80 28 70 5 19 81 100 98
64 33 56 64 30 20 9 55 79 14 18 19 57 32 83 4 82 9 58 86 77 95 27 21 59 96 67 19 69 53 42 93 61 96 60 6 91 53 52 87 40 48 72 32 79 59 69 69 39 68 44 6 83 86 65 67 45 40 53 45 91 30 25 94 62 68 86 64 49 43 62 28 90 55 78 46 42 82 6 8 71 72 39 13 46 59 86 57 74 58
51 68 33 76 14 79 49 30 67 51 16 30 95 45 57 35 62 26 5 65 85 47 7 23 88 25 60 28 68 60 90 8 19 45 95 68 28 36 92 88 86 37 38 99 7 15 29 75 38 86 11 94 77 96 28 70 82 34 5 94 20 23 45 38 38 62 82 54 48 35 65 90 76 78 15 44 7 17 82 43 29 90 96 60 24 2 97 7 24 83
99 15 34 84 48 94 8 68 90 98 17 25 5 60 75 13 18 14 9 50 42 77 6 15 84 33 75 65 3 65 98 75 18 23 37 96 68 19 30 49 25 97 47 36 2 56 66 30 62 67 71 18 21 23 63 28 1 60 2 37 49 76 88 24 5 75 24 60 27 94 72 4 7 24 86 75 18 81 77 42 99 72 12 13 44 81 67 78 66 7
17 25 1 70 18 42 26 65 95 59 83 69 97 3 46 64 33 12 32 93 39 94 96 59 39 47 45 12 4 46 11 30 80 29 82 10 10 82 31 64 68 8 49 47 56 65 98 56 21 13 33 32 56 51 38 49 41 51 83 51 46 37 70 50 7 29 85 26 1 8 1 4 10 53 55 98 20 7 40 40 82 30 99 7 42 87 40 31 55 58
23 42 11 72 17 53 87 97 43 87 25 93 49 15 90 13 41 90 79 7 24 74 67 33 76 97 19 9 3 83 9 32 83 83 65 17 37 48 56 91 77 73 63 83 48 89 25 2 96 52 57 1 66 43 76 96 37 48 44 96 66 85 8 79 2 44 93 60 11 65 72 68 5 44 75 68 61 96 64 42 67 66 3 28 46 44 51 90 96 32
40 97 49 37 23 66 40 25 79 82 15 95 81 88 27 75 55 67 34 77 8 68 80 22 57 42 47 97 56 48 66 2 1 68 84 84 87 5 76 38 74 80 3 41 100 30 42 73 71 78 37 54 62 26 18 77 78 74 52 4 19 18 74 17 88 67 70 60 50 86 46 80 67 62 2 93 2 80 90 80 85 87 84 58 99 41 37 26 23 44
64 39 49 44 56 31 4 50 83 76 12 25 2 69 16 45 97 64 40 92 5 48 36 53 55 25 34 55 62 42 100 5 46 5 71 95 53 38 27 53 36 10 55 46 31 27 21 64 79 56 12 94 52 86 86 89 75 77 12 13 60 82 9 34 47 88 33 39 17 74 52 8 22 39 10 49 32 79 62 70 86 12 42 51 41 75 93 21 32 56
59 66 54 91 95 32 52 34 26 52 75 15 75 29 27 87 28 73 26 6 91 100 68 53 84 94 19 88 36 67 61 82 39 7 2 27 96 57 10 47 79 48 76 16 45 48 42 9 32 36 63 44 77 4 46 58 53 90 2 30 26 49 86 59 9 22 78 94 100 95 99 47 4 22 38 35 53 36 35 70 56 50 27 63 7 64 45 32 44 33
11 31 70 97 17 80 97 7 4 37 49 11 63 60 80 57 28 31 44 7 89 63 54 92 32 24 21 36 67 14 1 12 100 73 14 13 68 83 49 69 61 91 7 55 62 66 57 44 80 37 5 62 7 52 54 81 38 9 34 68 48 27 11 68 30 100 28 81 26 43 89 19 42 47 90 34 52 6 62 40 64 41 21 3 44 3 39 22 58 77
45 81 90 79 58 42 94 49 45 62 9 88 91 18 25 40 12 39 14 48 99 97 24 41 53 5 41 88 95 99 56 83 96 82 2 71 99 63 97 93 69 28 67 13 35 63 42 14 38 37 53 49 19 5 2 85 50 25 81 69 49 22 84 65 60 23 8 57 68 45 39 51 28 81 55 63 67 21 49 9 22 60 62 85 82 89 81 57 54 61
6 26 19 58 85 81 50 74 11 7 30 47 82 20 19 16 17 99 95 91 22 82 76 21 8 81 71 32 70 18 75 57 30 20 49 29 21 9 100 9 14 82 58 18 24 84 5 88 65 52 40 20 98 67 42 20 78 50 77 15 94 38 61 85 67 84 21 81 91 24 58 66 95 42 73 48 97 85 7 17 23 100 85 96 80 47 83 99 82 36
75 4 17 30 89 53 8 2 3 40 48 78 35 15 37 74 78 26 30 42 86 81 28 14 61 11 94 6 83 73 92 9 67 21 47 31 82 61 60 71 94 18 3 13 57 46 15 94 15 5 20 32 97 40 36 83 27 72 23 64 90 10 17 64 13 27 62 27 13 95 66 44 63 78 28 85 71 29 75 100 31 7 43 74 4 35 2 10 14 35
90 5 17 59 17 96 82 93 11 76 72 70 37 20 96 72 50 26 9 88 49 59 52 36 1 25 30 74 29 4 62 30 86 92 11 75 10 30 71 57 8 12 65 24 86 65 95 6 81 3 94 48 80 53 41 48 50 73 58 46 13 82 9 21 89 64 68 72 52 4 10 54 5 100 48 3 12 5 11 25 46 29 37 53 8 26 87 64 45 9
23 89 39 71 4 36 79 69 71 64 55 72 100 26 28 78 47 30 33 21 89 31 55 79 29 14 100 62 20 100 61 82 46 57 83 20 84 79 49 78 100 72 49 91 77 18 83 22 2 93 41 69 60 2 66 78 67 22 73 12 97 87 1 31 86 39 96 48 39 40 61 92 36 69 21 84 10 32 48 3 74 36 87 71 71 51 13 81 35 97
4 58 100 51 72 91 33 23 62 68 77 12 52 70 78 76 56 14 55 90 33 16 85 2 11 82 89 17 44 4 49 37 73 49 34 98 7 43 32 27 98 41 40 64 92 93 77 12 24 52 38 11 31 55 92 11 37 6 86 66 24 93 17 15 51 18 71 39 41 31 7 55 97 82 8 46 78 2 68 55 63 95 50 55 3 51 19 34 1 32
53 22 49 38 39 68 85 80 76 79 83 100 2 26 36 14 32 19 15 59 27 43 59 41 83 58 61 5 74 21 85 60 38 51 90 65 98 93 36 27 36 44 58 36 13 79 58 61 58 99 13 23 46 41 50 36 93 2 64 15 12 86 52 23 49 40 2 66 53 14 2 12 73 6 13 91 15 78 36 26 45 61 73 16 32 39 8 49 40 11
85 56 53 97 24 46 78 97 34 24 59 92 61 21 59 28 66 29 6 6 54 2 37 50 41 3 74 99 32 47 66 31 14 95 68 30 63 19 94 81 10 95 38 100 6 35 10 88 89 46 21 77 95 46 88 51 36 22 12 52 31 98 26 60 67 68 79 49 4 22 98 14 95 1 42 17 4 1 97 33 85 10 10 88 52 80 14 90 23 86
4 73 78 92 30 80 75 49 15 89 22 96 55 19 81 82 31 53 53 51 24 16 17 50 6 17 50 37 56 96 71 1 23 29 33 48 76 63 13 41 51 75 15 35 23 69 88 38 52 73 46 77 30 92 4 61 11 34 53 44 56 85 14 44 60 29 97 97 94 46 62 18 22 29 19 98 43 66 78 9 49 16 53 44 81 22 84 26 77 40
2 33 29 66 66 28 83 82 45 53 39 74 12 90 10 43 60 82 51 46 45 55 61 67 70 75 97 11 43 28 92 93 11 83 58 55 26 13 95 49 37 73 96 25 39 45 56 43 45 38 95 12 31 35 20 45 23 14 7 23 89 31 52 39 14 19 83 95 84 37 15 2 13 83 56 48 43 15 39 35 83 16 13 29 54 92 13 51 94 65
43 70 15 58 70 28 71 84 28 53 67 85 50 56 60 35 68 15 15 99 52 71 86 19 6 48 75 89 30 3 46 17 66 43 30 4 68 38 5 100 78 98 86 70 77 14 66 31 46 15 44 100 46 25 48 29 96 46 87 30 72 84 98 97 58 20 91 30 67 95 81 12 33 19 49 38 63 62 30 62 46 7 81 30 60 52 9 5 39 3
19 78 27 55 73 1 5 40 34 3 52 41 97 1 39 71 45 95 3 52 4 70 44 35 2 69 41 88 64 29 76 10 81 21 26 66 13 62 35 64 43 58 86 48 10 2 44 5 79 60 47 92 36 100 12 64 81 53 42 97 20 47 74 31 18 36 30 98 90 11 68 68 86 71 22 48 79 13 30 98 55 5 84 100 17 1 86 11 89 100
33 62 78 37 54 88 90 57 22 94 89 42 99 81 82 32 42 47 95 34 23 86 58 98 24 46 32 76 60 28 33 28 80 30 44 81 71 46 14 88 86 41 81 51 59 82 20 38 29 100 24 5 98 60 39 6 22 20 88 99 48 32 24 27 44 73 59 46 39 95 22 11 37 4 54 93 2 35 52 97 74 61 22 87 97 13 81 38 99 29
46 9 45 6 69 24 23 8 57 91 60 44 31 98 64 77 38 53 53 1 78 18 87 89 75 24 25 34 13 12 89 86 32 4 48 52 15 77 21 52 70 38 52 13 89 60 80 43 57 90 26 51 79 59 46 15 35 17 63 47 69 32 57 18 85 12 58 5 17 15 68 36 94 42 36 44 97 6 34 84 47 8 79 53 36 14 88 40 64 90
90 26 46 82 87 18 83 55 61 29 13 7 27 69 56 32 52 74 91 66 62 38 87 37 71 62 21 52 66 3 4 23 88 65 9 32 46 6 96 22 85 97 8 31 82 74 92 52 75 2 77 24 39 80 76 24 97 4 11 26 39 42 20 78 32 33 92 71 10 37 73 3 34 9 38 79 89 4 16 79 62 88 69 78 67 8 55 7 40 12
22 4 69 39 14 41 39 53 71 8 26 30 15 68 18 63 32 99 80 64 24 65 26 6 83 96 80 29 74 52 51 68 88 56 89 11 69 17 7 55 58 43 35 38 29 87 12 76 37 50 12 50 44 44 55 47 53 51 10 34 64 76 4 62 41 48 27 79 77 34 23 89 51 51 34 39 76 76 10 53 28 73 2 34 75 13 93 16 28 69
11 53 36 65 54 94 36 33 69 21 45 8 95 53 41 2 28 7 43 52 58 4 8 56 26 31 82 39 89 64 99 19 1 6 87 67 98 67 79 50 7 2 7 22 90 25 15 7 80 90 76 82 35 28 91 71 41 67 3 90 98 35 24 81 19 63 98 16 93 18 44 96 25 83 70 37 26 64 92 29 20 17 96 54 4 74 68 88 88 82
18 46 82 53 54 73 7 58 94 76 96 44 49 50 47 96 67 89 85 25 89 72 77 74 64 14 30 55 75 98 18 71 78 14 80 91 11 32 15 52 64 65 44 22 65 47 3 35 40 35 17 42 99 13 41 59 64 21 3 24 3 3 46 37 60 82 29 99 79 70 98 37 79 63 44 96 69 1 40 81 12 14 44 61 68 74 67 20 55 58
64 88 88 17 25 71 38 66 4 46 30 77 55 85 21 95 14 56 5 38 11 71 77 77 22 26 85 36 4 42 46 47 79 29 99 83 5 23 35 6 30 20 29 15 9 4 14 51 79 97 33 55 65 73 5 37 54 28 37 59 6 33 19 80 39 18 8 2 30 42 32 50 85 33 1 39 81 89 29 71 17 83 8 29 15 47 30 75 37 15
93 98 96 26 21 25 97 89 17 70 89 65 33 72 81 80 83 50 87 37 42 48 50 27 29 64 89 27 95 80 95 72 79 18 49 40 2 68 90 73 4 34 68 93 16 50 84 58 41 10 91 33 78 51 2 60 18 54 39 90 62 4 41 51 100 77 80 58 21 75 57 55 33 5 11 36 54 79 69 96 92 42 13 73 55 39 62 79 71 53
26 56 47 47 94 46 80 48 18 70 53 86 78 69 54 84 81 74 23 65 18 78 76 72 1 40 60 34 40 78 76 41 83 49 79 54 95 41 100 4 18 59 5 30 58 77 23 69 55 57 9 53 82 84 77 39 53 66 43 77 98 42 59 51 10 76 2 34 41 12 75 66 76 19 83 95 33 12 91 28 30 37 73 3 3 24 9 43 87 64
80 23 15 51 29 32 35 9 96 24 20 55 48 63 94 84 72 83 3 33 82 27 26 14 73 63 69 61 31 13 28 90 81 40 79 4 5 25 19 21 76 24 41 59 65 18 85 12 52 61 96 65 22 89 65 36 67 45 49 52 48 77 89 70 66 4 80 87 70 42 98 84 60 8 88 57 38 23 16 74 62 28 18 80 1 9 53 39 34 24
38 33 14 20 78 96 32 34 2 42 33 19 3 12 18 12 86 15 66 23 82 71 46 48 96 22 10 22 32 43 16 85 62 43 90 27 49 42 74 81 10 38 57 68 83 78 25 80 70 54 18 5 95 68 46 95 51 15 81 45 92 22 87 48 58 49 72 23 59 37 27 12 56 13 4 86 2 53 80 35 25 30 67 57 70 75 47 82 14 92
20 49 55 63 13 34 36 97 8 52 97 52 7 41 2 44 88 21 62 10 87 55 69 63 11 2 58 44 65 49 65 94 33 56 30 52 71 59 67 93 30 2 23 54 5 96 74 23 59 20 81 2 15 99 76 76 16 29 16 24 51 79 5 45 97 43 89 9 27 60 11 68 55 93 55 19 13 84 21 5 94 89 45 83 82 78 73 20 93 98
37 52 29 19 63 12 76 71 19 12 39 5 93 36 73 5 52 10 21 44 45 86 8 60 64 26 22 22 23 86 39 86 51 12 28 54 90 93 66 82 99 32 48 95 74 20 3 76 52 31 83 5 74 7 73 69 56 49 56 20 10 55 59 6 82 38 46 88 12 76 17 38 64 27 31 39 1 63 19 16 61 8 41 16 54 36 55 56 14 63
48 77 96 47 55 3 34 9 97 4 10 14 3 69 1 16 8 37 57 37 2 35 98 53 48 35 62 83 8 97 35 77 2 66 90 57 77 71 95 3 22 16 10 36 15 88 80 6 92 2 15 79 72 25 27 22 62 78 77 44 11 54 65 88 18 78 26 41 41 89 42 8 85 36 10 32 28 72 38 31 48 19 100 54 47 70 65 7 78 24
84 47 17 56 90 95 67 34 26 76 74 60 60 62 61 72 36 44 89 10 65 5 63 61 8 57 39 9 97 48 35 78 57 12 91 64 38 48 13 92 100 79 3 6 9 56 62 60 31 78 87 54 22 94 12 73 13 82 12 89 87 77 7 41 87 16 71 5 56 84 56 28 29 66 48 15 31 64 91 22 48 75 51 46 19 63 48 62 88 49
50 78 2 57 5 98 2 75 68 96 54 50 66 80 1 16 22 38 43 49 62 82 13 34 95 30 59 35 46 67 24 58 76 16 7 67 45 10 34 13 57 49 100 84 28 69 14 29 85 78 89 23 11 28 19 85 2 70 26 32 60 12 80 73 19 39 31 67 76 93 71 59 9 2 92 91 76 31 77 12 29 74 76 60 19 17 6 41 72 65
82 52 14 79 60 74 58 53 38 4 6 43 96 71 82 95 86 77 61 19 10 46 20 100 22 25 6 37 49 98 17 57 27 4 73 47 13 85 99 54 50 49 92 100 21 62 49 47 88 26 17 90 67 41 31 100 94 31 85 6 42 23 95 26 83 17 99 18 19 88 93 44 96 59 82 56 57 97 27 72 62 22 54 60 7 56 97 41 8 84
54 5 47 84 76 95 90 83 100 85 47 29 2 5 69 73 59 93 73 28 24 62 44 53 56 30 91 33 100 62 20 51 58 86 8 43 94 66 79 35 94 39 44 2 20 42 100 96 5 3 54 13 58 11 57 23 76 7 24 76 99 35 51 84 80 11 26 78 78 55 2 91 85 81 85 90 45 71 15 29 75 27 33 84 24 76 19 43 99 88
69 42 80 45 36 81 72 8 41 51 26 59 98 96 57 100 28 91 79 18 93 52 16 61 32 12 58 76 75 24 57 29 42 35 100 53 51 4 96 34 34 25 35 90 60 27 24 45 94 84 39 6 80 64 20 34 32 34 47 60 15 28 32 66 79 93 18 52 16 94 100 65 1 82 58 34 9 53 97 77 18 96 74 21 40 33 79 85 18 12
12 15 76 44 11 99 19 25 46 24 35 25 98 92 47 43 58 79 88 9 13 79 78 69 42 16 56 33 70 98 67 95 53 26 16 29 38 37 97 65 15 13 34 10 46 17 24 46 40 12 62 18 100 87 73 36 71 60 100 2 74 24 76 48 18 72 93 85 52 88 92 27 53 91 99 16 94 14 57 78 11 1 75 77 39 67 31 82 44 53
78 38 14 95 54 6 98 65 86 2 86 46 12 9 61 55 91 91 21 85 10 53 52 64 45 38 77 87 69 40 97 27 92 41 32 24 27 97 38 17 91 54 93 89 34 34 37 61 20 31 39 25 79 32 56 94 12 62 91 50 52 27 22 20 78 59 76 97 53 52 79 92 41 33 90 14 58 78 93 19 51 9 43 45 85 35 79 69 85 100
1 42 34 20 35 100 77 95 65 43 74 10 4 66 60 7 44 28 48 42 4 65 21 54 95 81 36 14 65 48 17 12 24 23 100 40 75 16 97 79 37 66 16 96 51 16 17 69 83 72 28 75 28 49 86 89 20 30 15 82 56 18 57 76 43 75 39 33 96 82 18 94 95 50 40 39 85 31 84 90 72 28 66 53 4 3 100 14 48 63
92 94 34 75 99 100 29 95 8 22 74 86 22 98 42 58 14 71 41 51 91 72 52 70 94 44 27 4 14 39 30 21 48 76 22 93 44 21 87 49 31 12 16 14 93 26 53 69 35 32 93 55 52 12 20 91 16 43 9 31 56 95 48 69 16 26 9 34 12 19 77 55 97 41 7 45 26 61 19 90 65 91 81 1 46 56 47 95 61 68
52 47 51 1 85 67 47 85 61 3 57 12 33 77 67 25 53 29 96 91 14 20 65 3 63 24 64 31 3 39 47 99 97 51 88 70 55 55 57 12 37 31 30 64 99 62 61 37 39 58 21 15 44 100 2 9 73 40 28 79 1 7 40 27 47 1 57 99 79 70 45 26 27 86 11 69 11 4 22 95 88 58 26 95 29 98 62 90 5 46
39 66 9 39 10 85 67 24 16 21 45 85 94 6 38 23 46 86 7 11 79 45 59 7 44 47 21 64 69 86 81 40 77 61 61 5 85 75 6 74 2 68 33 4 92 93 56 44 88 56 82 73 54 14 33 41 27 91 59 32 40 21 56 19 59 29 61 2 58 23 72 9 100 74 41 88 81 57 18 63 84 27 32 92 13 64 26 50 48 39
59 77 2 50 40 19 38 46 15 33 8 85 39 69 35 12 90 6 76 11 78 73 34 88 91 78 31 21 36 47 90 74 49 16 69 12 42 70 36 27 64 43 36 28 75 64 63 16 72 35 55 61 42 49 59 34 75 98 98 61 30 56 66 85 62 54 48 35 30 46 91 17 76 27 48 36 36 58 28 80 50 14 1 35 97 42 98 92 13 50
59 57 10 100 86 53 5 64 91 1 39 36 46 18 55 8 22 31 94 35 79 94 49 32 84 46 28 87 100 46 6 90 59 66 40 50 52 52 90 56 58 17 41 96 77 31 38 76 37 74 10 70 87 44 44 93 91 97 63 2 48 53 22 46 68 24 36 66 60 60 39 38 42 37 7 55 68 34 1 89 34 88 25 94 67 87 3 26 67 48
5 72 62 8 59 40 24 88 76 34 1 1 74 58 96 58 55 34 44 99 32 95 23 7 82 4 84 59 68 17 38 8 37 54 59 24 50 99 20 16 35 58 26 28 34 68 90 33 9 3 22 50 29 21 38 89 7 33 79 88 98 50 20 5 8 57 37 89 85 40 15 94 6 33 92 43 63 22 98 43 77 34 99 94 16 31 48 74 32 47
27 56 22 93 30 86 92 42 13 70 51 95 41 68 67 14 61 70 27 54 72 100 22 30 24 10 65 25 81 6 51 39 72 24 18 8 1 74 87 19 2 44 6 47 23 22 71 44 39 41 58 75 16 6 37 76 91 71 84 8 98 74 15 83 72 58 9 35 58 16 74 66 53 38 64 74 98 41 12 73 24 80 22 69 63 18 34 37 90 4
10 81 76 40 5 38 57 87 71 96 21 15 28 54 77 66 65 69 22 89 11 59 1 76 73 58 63 99 9 98 52 92 65 33 44 81 35 49 64 48 77 80 22 52 31 40 69 88 61 40 30 87 68 37 87 98 11 51 37 73 80 42 54 30 62 43 96 85 73 76 41 35 96 97 43 31 16 62 15 58 54 73 61 58 75 76 20 21 50 57
64 46 5 18 37 31 62 54 40 2 13 75 40 32 55 80 46 41 44 9 57 62 39 48 69 16 14 92 21 69 99 38 89 32 99 80 56 32 98 60 9 24 5 71 65 49 53 32 24 50 16 10 19 97 38 80 66 82 9 57 89 49 84 34 81 39 49 53 95 27 60 34 85 73 11 95 53 82 89 82 63 47 28 32 25 86 72 15 22 14
75 80 51 9 93 18 100 72 53 50 77 10 6 56 21 9 66 55 95 44 3 37 10 86 9 55 20 33 1 40 75 56 77 76 18 62 30 88 49 65 13 96 6 19 45 12 85 61 48 70 86 91 51 100 87 80 63 97 8 15 1 57 3 14 98 2 88 93 5 100 98 16 88 86 53 69 73 41 96 51 12 25 45 5 44 80 50 49 63 44
87 45 26 79 100 26 93 58 8 43 91 73 65 23 49 60 52 74 13 4 78 48 28 22 81 71 88 30 51 92 93 28 1 78 54 96 3 77 95 22 54 32 6 83 90 26 62 98 65 58 78 30 43 88 85 98 39 43 98 14 38 70 48 48 85 58 50 33 33 30 3 63 8 37 18 58 8 10 98 98 93 57 46 83 48 32 20 33 24 15
48 8 2 24 30 47 72 11 39 74 54 88 18 13 62 74 48 56 79 6 40 66 26 97 2 23 7 54 49 97 3 91 2 23 37 40 16 66 96 28 67 79 80 25 85 45 21 75 74 1 99 84 58 85 16 38 8 11 77 18 99 46 77 53 2 47 47 39 51 84 47 69 93 93 79 95 31 80 97 65 59 46 1 63 22 12 27 9 96 19
25 36 8 59 97 35 21 11 39 67 46 61 35 90 9 85 67 11 11 63 52 93 34 12 23 42 88 87 38 72 70 39 70 37 50 68 76 23 91 100 25 42 81 58 27 34 78 83 40 73 29 20 32 84 95 75 43 84 98 91 52 54 63 23 47 13 55 72 19 96 23 77 37 28 20 57 52 19 52 58 91 98 76 60 89 9 88 88 26 29
59 61 59 9 48 29 36 58 45 48 44 10 77 57 39 88 63 11 97 19 88 36 86 93 75 35 9 71 83 95 63 71 57 81 84 69 27 12 14 71 77 17 1 53 74 82 92 34 31 85 33 63 85 85 20 17 16 78 25 99 83 60 37 77 57 82 60 100 79 33 14 81 9 24 76 10 11 65 83 34 5 30 31 61 8 2 3 43 26 30
90 74 83 88 5 61 58 75 19 19 30 16 65 37 98 97 5 29 11 100 24 40 94 61 71 52 14 8 59 91 39 29 61 12 38 81 86 40 71 94 88 45 88 59 70 84 7 76 30 66 56 34 5 15 3 88 8 41 87 90 67 3 14 78 61 86 29 19 73 6 78 80 47 35 32 73 28 77 67 63 71 45 86 47 33 64 23 5 29 12
43 74 53 30 95 35 74 34 47 51 50 52 96 43 70 36 58 31 93 45 90 93 50 25 4 84 13 66 85 32 61 37 4 44 88 23 33 42 67 92 39 21 90 61 43 37 79 66 99 74 93 67 85 18 24 46 11 71 5 10 7 38 39 100 86 28 69 58 55 63 87 47 31 89 25 7 39 64 72 98 11 53 12 47 10 3 70 73 6 57
4 21 51 79 24 40 35 70 90 91 27 25 51 88 61 15 63 46 84 16 49 68 50 30 97 37 73 63 77 22 21 21 95 84 98 5 86 7 90 6 68 39 9 35 20 64 21 24 93 85 99 73 39 51 23 7 22 9 79 24 50 97 31 86 35 50 4 100 3 40 57 64 27 39 37 43 20 37 36 44 9 25 19 62 94 32 50 12 66 99
24 65 39 72 69 56 41 72 8 23 54 74 28 97 81 63 12 22 12 9 11 9 72 43 27 20 7 7 8 47 22 12 26 1 21 93 37 11 91 54 74 19 59 47 64 88 79 33 87 72 79 36 62 99 93 45 31 20 68 62 49 6 70 36 44 23 55 11 6 64 65 81 98 82 32 26 7 57 88 84 95 44 7 74 1 65 61 84 65 30
43 22 18 82 11 27 99 64 79 23 9 43 71 63 75 40 96 7 9 98 58 94 69 83 59 45 52 24 31 48 26 44 20 8 59 92 89 75 47 31 34 82 6 53 92 44 96 39 91 87 84 15 16 18 30 79 33 22 5 25 75 10 99 1 22 30 20 17 38 12 22 27 24 61 91 50 14 48 22 73 17 7 50 100 63 98 12 100 34 47
74 86 19 11 87 95 5 25 32 85 61 30 86 38 57 43 53 34 92 19 57 44 27 37 80 47 33 48 96 17 62 61 73 52 91 22 67 11 95 10 84 52 77 37 62 78 35 70 25 34 13 5 18 54 73 57 95 96 21 40 9 94 80 18 100 59 6 100 39 77 59 4 88 36 91 29 17 97 26 56 9 97 29 5 80 29 2 45 81 72
77 56 31 34 22 86 10 33 6 59 75 48 82 100 97 78 57 42 22 74 12 74 34 65 6 9 52 11 40 33 53 59 93 95 11 48 83 81 33 11 74 75 90 86 33 60 36 6 71 8 27 76 75 35 4 7 96 27 86 96 20 10 68 92 23 40 49 92 5 96 61 7 29 50 48 74 14 8 40 55 88 25 5 4 83 33 69 6 66 22
94 67 49 100 88 92 51 18 23 92 76 80 41 88 2 43 30 84 46 42 52 29 38 73 55 34 63 19 20 14 51 32 86 3 54 78 28 35 24 40 9 54 44 3 56 3 29 83 16 92 2 14 20 81 87 26 99 51 41 24 78 68 38 79 96 19 84 58 63 45 21 9 36 90 1 72 83 88 34 98 93 18 97 35 31 86 8 76 31 50
95 8 54 45 31 36 62 84 72 76 2 73 17 54 36 73 70 75 86 40 65 14 13 100 46 7 26 68 70 24 71 53 38 62 21 4 62 45 24 55 67 61 18 3 60 72 47 72 78 32 55 56 5 74 68 64 13 54 41 16 66 64 34 45 35 96 1 93 88 46 36 10 38 92 33 47 59 91 20 80 99 54 49 23 46 21 32 9 91 18
81 28 25 60 8 77 65 69 58 11 44 7 16 21 65 27 90 39 26 72 6 89 72 77 11 87 70 55 1 71 49 73 65 33 89 93 78 28 45 71 12 78 16 10 53 1 37 61 34 84 39 87 19 17 36 63 51 93 85 17 78 8 45 89 48 22 57 30 60 63 12 34 88 24 80 13 1 71 8 33 25 83 77 99 5 59 41 57 17 20
15 63 67 34 3 83 71 87 11 47 56 22 74 53 8 44 20 27 73 97 9 50 15 54 81 86 47 4 80 36 73 22 61 31 32 91 17 26 88 72 70 71 78 36 50 41 7 86 29 63 27 73 90 28 30 86 84 25 61 19 97 71 98 100 20 15 86 68 85 85 79 80 71 42 16 83 22 87 54 69 40 53 56 94 61 88 41 45 34 63
64 20 42 16 74 33 36 93 74 34 79 61 55 58 58 21 71 58 99 41 7 3 60 64 37 63 19 42 64 55 39 71 5 69 97 30 51 30 8 16 62 58 66 30 92 47 7 44 29 13 66 34 87 76 4 35 99 36 22 26 77 5 52 2 29 7 29 59 9 33 75 46 64 95 1 31 98 63 100 84 98 13 96 32 93 28 61 70 48 80
13 17 67 39 20 69 39 20 77 46 95 41 55 19 49 12 54 92 13 84 16 44 53 15 8 26 61 68 37 55 87 87 11 14 85 52 100 63 34 69 54 90 24 55 2 67 54 22 36 28 59 25 38 56 48 72 45 11 26 55 57 75 27 33 96 38 7 5 54 67 57 63 82 11 67 72 41 60 42 42 69 51 57 66 24 79 13 93 21 51
87 92 2 15 10 94 1 90 53 10 1 87 49 70 44 31 8 18 95 65 53 49 23 68 49 78 85 36 74 37 21 39 90 23 79 83 33 7 52 50 64 33 18 26 98 66 40 70 67 32 99 58 96 60 75 54 42 82 77 52 90 13 13 30 10 13 63 60 28 79 62 39 3 89 23 81 39 9 17 46 43 31 24 4 40 77 10 9 18 99
96 82 27 83 86 26 79 91 53 41 34 91 57 14 81 63 2 100 52 26 45 2 32 51 13 80 35 72 80 46 71 97 16 72 85 9 15 66 74 34 86 40 1 41 64 99 41 66 98 56 56 83 73 99 56 97 33 35 41 15 12 85 65 23 3 46 59 42 46 51 10 66 39 74 22 77 35 7 68 77 97 20 57 7 18 91 93 1 7 47
2 93 93 47 36 92 100 43 67 86 48 42 32 4 33 60 74 25 96 25 98 78 3 3 51 28 81 66 86 65 21 73 81 88 76 97 7 51 63 29 6 87 39 60 54 51 48 68 81 47 77 64 20 4 95 38 63 41 68 61 31 1 76 65 56 95 70 57 46 61 62 91 18 97 1 88 59 60 94 80 23 71 98 67 2 54 81 17 2 9
70 64 70 72 44 35 87 71 88 6 51 14 86 15 63 33 100 97 50 34 21 29 67 22 75 32 42 72 76 19 17 23 74 79 31 42 50 79 83 74 31 49 54 32 67 86 9 79 45 5 33 37 33 68 5 27 90 91 93 42 72 34 60 3 63 90 93 1 72 88 68 21 57 78 74 45 63 79 54 42 15 58 23 88 38 25 74 13 8 45
57 50 58 24 78 77 34 100 61 9 40 73 56 54 72 5 75 52 73 12 78 84 2 92 42 98 20 82 30 71 50 28 52 48 46 2 46 25 12 53 85 84 7 89 19 76 99 51 70 20 16 16 52 68 75 81 96 96 69 94 22 92 90 9 88 91 65 50 64 80 73 77 59 83 71 83 14 4 29 80 49 42 54 46 38 54 22 63 70 36
30 64 13 70 8 38 93 2 35 77 56 64 62 85 70 95 86 52 11 36 38 61 7 8 6 19 7 37 90 39 93 31 93 73 79 32 58 42 15 55 79 93 45 9 61 93 77 97 34 28 27 80 11 63 69 87 92 39 11 67 52 77 66 49 79 58 54 45 57 8 65 26 95 72 4 25 43 54 94 91 5 41 79 88 16 23 64 7 98 63
53 92 100 25 67 42 48 18 91 71 42 13 15 28 57 88 43 2 14 40 21 75 33 27 66 17 46 59 87 85 43 49 41 3 18 92 68 13 76 73 55 36 44 57 30 19 7 62 16 26 44 4 99 71 21 3 67 81 60 94 61 33 68 29 32 90 75 68 16 33 27 66 42 32 69 8 54 18 94 32 73 59 35 36 51 66 87 48 54 6
50 63 50 13 55 60 75 94 28 36 26 24 65 44 57 22 70 72 15 100 18 23 69 41 74 60 34 49 6 86 51 89 85 10 86 82 72 73 53 85 66 89 84 100 41 59 33 52 47 30 37 18 50 4 34 29 47 1 27 23 50 98 34 97 12 59 82 62 99 83 41 88 5 69 90 62 18 88 79 93 95 5 36 42 1 24 46 90 88 29
93 34 37 5 80 41 47 97 29 55 73 37 8 57 5 25 87 15 92 13 24 20 97 90 40 96 56 40 4 26 14 94 27 52 90 37 100 46 55 65 100 2 79 50 46 81 9 43 78 58 5 54 67 41 68 26 79 41 22 41 74 82 44 26 100 91 41 92 52 20 28 94 17 18 50 46 62 82 31 2 41 6 49 50 71 19 41 100 38 9
92 47 93 85 20 76 51 68 23 57 50 21 65 62 93 40 10 78 84 11 76 58 15 43 72 91 64 10 50 16 12 30 3 70 92 92 7 45 34 63 56 66 75 16 75 40 50 14 97 15 23 59 52 50 18 80 5 18 97 58 32 1 42 2 17 6 77 20 18 68 97 9 87 44 76 79 24 39 98 79 51 44 68 38 26 37 24 38 81 54
97 81 40 54 60 48 69 13 39 75 49 100 49 86 26 58 7 59 55 47 6 75 60 24 69 5 62 11 70 71 47 78 11 73 68 83 63 67 35 84 47 61 38 10 77 10 39 41 95 97 33 33 46 13 90 95 37 94 23 96 13 89 36 90 14 75 14 67 53 74 14 56 100 74 43 88 91 28 28 30 5 59 75 82 63 4 59 10 10 92
59 75 27 87 72 46 59 34 48 64 40 90 76 40 75 92 83 65 31 44 24 32 98 4 51 50 18 20 19 100 63 3 32 24 100 29 69 63 27 66 65 31 65 85 27 6 91 18 47 17 16 67 71 85 94 39 80 96 97 93 63 24 92 21 72 15 95 49 34 22 3 4 100 67 42 38 11 87 25 16 30 54 68 35 48 76 99 52 47 95
56 47 4 32 3 56 32 49 28 56 76 10 19 72 74 22 77 70 49 44 16 47 69 49 87 15 81 72 13 93 9 92 41 63 41 41 3 91 51 53 73 97 82 83 35 57 34 82 40 80 19 37 42 82 25 59 35 76 36 18 6 26 23 31 21 29 89 74 4 57 36 93 40 23 84 78 82 77 32 26 12 33 58 7 75 81 74 1 82 32
37 83 89 75 56 84 55 9 84 1 53 41 86 60 100 70 48 84 22 54 60 89 86 84 46 38 13 39 56 92 87 84 96 49 97 57 96 90 20 67 41 27 80 19 76 46 91 78 16 100 13 93 32 97 52 93 62 30 69 82 54 40 98 59 78 43 30 32 57 79 7 33 40 25 35 21 33 15 97 84 61 22 73 81 76 94 66 40 55 83
74 91 80 37 90 52 89 99 1 59 90 38 100 1 67 34 15 83 79 75 65 34 23 11 56 7 62 14 79 75 14 58 59 47 43 49 14 59 62 100 37 18 50 92 76 48 95 17 51 36 21 74 51 36 40 31 14 16 35 35 30 99 38 74 20 11 12 48 43 19 100 28 70 70 92 100 72 88 10 18 100 61 21 44 39 84 96 38 31 40
55 71 39 20 80 84 53 68 16 76 61 38 14 5 83 57 83 43 49 86 41 33 73 7 54 21 23 42 77 45 100 41 4 49 22 95 28 41 62 70 38 38 55 18 61 65 57 24 17 97 54 99 22 68 11 24 83 19 85 89 59 63 21 4 33 35 33 6 41 39 76 92 62 87 18 6 21 43 76 70 89 98 82 13 80 14 98 74 32 80
71 54 84 96 35 67 68 5 40 40 73 15 76 6 68 45 50 56 73 6 31 97 71 76 70 92 43 39 73 37 54 91 47 1 2 2 38 62 94 73 35 25 42 11 29 25 55 81 28 63 81 84 8 68 57 72 10 25 95 42 64 65 54 30 74 69 100 53 17 9 92 38 26 46 31 42 58 50 51 10 32 16 45 95 50 59 5 38 63 77
26 12 85 86 17 17 65 85 43 40 88 60 27 94 20 27 86 4 49 68 87 30 70 49 93 11 1 99 60 43 57 34 45 33 35 79 99 64 59 45 83 38 97 75 16 49 4 89 14 58 28 78 9 45 20 73 59 15 37 23 93 72 31 83 68 28 66 45 60 70 92 79 18 73 76 28 92 1 21 94 24 41 60 96 67 58 14 20 58 40
62 33 50 46 8 8 78 41 71 60 23 17 66 24 25 9 25 53 84 65 98 94 28 77 20 95 40 17 5 29 28 77 11 55 7 18 19 43 10 74 80 97 46 23 94 9 38 66 40 84 71 27 53 95 83 2 26 34 17 1 55 57 51 53 53 30 77 40 96 66 48 57 38 36 72 25 10 41 65 47 29 56 6 95 9 24 22 25 7 91
72 11 22 100 96 8 2 36 72 48 33 57 94 85 84 44 75 20 74 63 7 46 87 75 52 45 61 77 58 17 76 58 85 80 38 35 76 17 33 83 72 11 59 61 64 51 86 19 20 3 86 12 47 79 45 90 95 18 51 96 69 81 47 14 29 41 86 87 9 96 96 3 59 30 53 74 28 21 62 32 55 92 98 52 87 20 89 95 47 91
20 43 33 21 23 7 67 61 60 19 92 91 99 29 5 48 83 34 79 15 54 20 93 66 19 54 76 32 88 6 95 65 100 74 82 45 61 85 7 66 50 19 96 11 93 70 87 50 94 11 26 31 96 88 27 90 82 28 95 45 71 53 40 42 52 50 2 13 68 35 40 31 100 28 76 14 57 40 52 75 39 80 84 51 77 88 16 18 73 53
36 42 6 13 62 11 91 27 45 20 86 86 76 23 99 47 11 16 49 47 27 63 81 79 69 59 30 21 24 99 90 61 2 29 4 61 56 85 100 22 88 34 82 33 86 39 16 73 55 85 62 41 38 35 92 13 85 3 61 36 79 8 52 76 64 17 3 100 5 71 70 83 84 32 33 62 65 30 15 30 26 1 78 86 61 32 45 40 16 3
48 95 75 9 31 84 19 64 52 59 94 54 9 26 25 100 21 81 89 74 52 62 41 5 65 64 80 32 56 68 23 61 45 97 87 88 54 41 62 50 35 67 93 57 23 56 70 39 28 19 35 74 2 72 53 55 70 50 3 76 32 42 25 26 41 54 32 84 13 95 14 15 94 68 21 65 48 85 64 50 9 19 20 94 75 16 17 11 6 77
87 53 38 57 41 50 72 91 48 55 52 78 85 51 1 18 43 6 80 37 17 92 7 29 92 93 82 93 45 93 88 44 27 83 24 91 35 42 100 2 85 87 72 82 78 71 12 100 10 90 52 4 80 16 64 15 4 53 48 34 2 85 84 52 48 33 23 1 91 40 68 56 63 26 10 81 53 79 61 30 3 15 40 75 82 24 75 75 61 33
16 24 29 46 2 98 48 3 46 26 18 25 96 95 48 91 54 52 77 37 25 56 81 74 67 88 35 78 95 21 21 80 21 79 9 98 47 92 88 90 52 69 11 87 98 27 14 36 5 67 18 14 58 48 99 76 98 93 21 6 25 72 64 44 13 10 89 82 3 78 78 29 78 79 100 1 48 90 3 37 58 30 58 1 30 38 73 61 59 3
16 86 24 1 8 9 17 40 30 88 67 30 10 82 15 80 86 75 73 62 29 83 6 21 12 13 57 36 15 67 78 68 70 29 70 80 29 59 79 30 63 76 70 20 58 63 97 37 80 23 90 36 24 4 67 39 96 11 70 12 45 97 43 96 32 65 72 67 39 83 22 76 16 75 95 94 83 28 2 17 63 15 65 6 17 34 45 79 62 25
41 49 82 24 67 26 88 89 29 19 99 29 38 49 89 37 26 85 90 61 87 97 74 46 88 21 20 40 43 79 5 45 48 54 58 28 78 99 7 31 65 19 68 92 36 16 11 98 40 7 61 81 47 38 41 42 84 68 20 24 72 14 43 76 89 80 34 82 83 1 75 56 49 82 51 40 54 11 39 6 68 21 53 31 22 70 33 21 86 12
58 64 62 45 74 33 100 29 54 66 71 28 53 97 74 12 42 81 62 84 50 57 19 53 6 59 40 55 39 6 14 56 12 58 64 13 82 7 76 92 67 51 11 22 57 4 57 73 2 96 59 93 73 56 83 81 87 90 5 1 37 29 64 38 68 71 11 73 63 93 84 65 55 49 21 99 11 98 100 100 19 99 64 9 24 12 2 5 85 84
24 22 81 75 48 94 65 24 67 90 68 64 94 34 100 77 91 21 80 16 54 48 100 82 45 25 3 5 24 67 4 49 21 94 26 82 96 47 54 23 43 84 98 33 31 24 22 65 72 6 49 91 61 33 92 28 27 99 81 91 98 78 14 38 47 46 69 25 26 33 23 87 91 72 71 79 99 41 37 21 56 81 27 28 30 65 38 5 58 6
72 59 21 18 92 85 49 12 71 10 88 24 9 65 64 17 53 54 2 74 62 96 36 78 58 51 98 9 8 93 6 53 75 70 87 77 56 26 95 59 94 67 96 44 16 99 73 31 80 23 93 39 45 37 54 37 56 15 16 55 73 2 14 58 56 54 33 97 81 83 23 28 11 29 47 55 42 64 90 17 15 71 16 79 46 12 14 39 53 72
62 51 57 24 60 57 92 12 51 35 84 33 21 39 83 51 7 79 77 100 59 33 87 81 43 73 19 13 48 18 57 8 37 75 43 75 2 58 8 29 71 83 98 14 54 64 75 28 62 59 45 22 8 54 45 19 63 75 87 16 38 10 53 92 96 48 69 51 29 53 39 3 47 51 6 21 41 47 7 77 41 71 21 26 75 91 99 50 29 35
57 37 6 68 96 35 13 8 30 11 78 33 73 10 65 88 20 45 77 46 37 52 77 82 18 49 94 8 37 39 63 13 99 81 95 89 28 34 89 91 77 73 18 59 62 96 67 82 90 97 75 95 76 38 62 54 84 58 50 12 52 27 90 97 28 32 10 25 5 28 48 96 43 59 98 31 13 4 7 61 96 15 55 6 74 64 62 35 7 11
49 38 11 10 53 32 15 24 1 41 56 9 59 42 93 17 14 32 1 28 70 69 92 23 38 93 63 10 32 32 42 90 84 65 89 74 79 43 32 20 8 18 36 30 56 73 11 2 93 32 88 90 76 74 4 43 33 38 88 44 26 97 44 89 30 87 62 83 81 13 6 2 17 11 65 71 81 15 53 33 24 8 83 13 61 5 2 67 15 43
89 45 43 20 16 54 43 93 8 29 59 93 19 35 38 26 38 16 67 90 36 56 7 84 74 7 44 84 8 8 81 2 65 57 100 89 76 48 62 42 76 17 38 97 17 71 67 67 91 18 41 96 37 52 85 78 28 33 83 8 62 73 29 38 81 87 64 5 25 28 45 45 7 91 18 37 10 40 62 6 74 30 100 36 85 83 63 56 82 57
36 47 52 39 41 21 50 90 98 60 44 75 79 53 31 94 41 44 16 30 29 85 14 51 49 60 34 89 88 42 30 9 19 9 91 39 45 26 64 77 47 73 77 45 7 78 40 10 42 98 12 33 50 95 93 30 90 29 45 22 10 16 48 66 19 7 88 71 5 55 95 54 62 92 17 37 44 75 89 38 20 98 6 97 97 34 58 95 89 13
73 84 59 43 25 89 78 47 78 8 63 12 8 27 30 51 30 34 39 68 24 16 76 52 64 63 33 94 4 22 68 42 56 39 6 37 3 64 44 45 2 38 25 72 29 3 17 64 48 87 18 41 14 58 95 52 20 30 8 81 79 61 26 37 70 88 67 67 45 39 84 83 56 30 38 73 77 42 91 56 66 19 28 98 27 72 38 56 13 9
86 28 31 35 5 57 20 90 45 82 93 36 4 84 57 39 1 58 60 37 97 89 16 14 25 2 21 70 94 60 30 61 2 55 6 45 84 79 85 28 39 5 92 50 32 36 9 38 96 23 16 92 58 14 97 28 30 48 39 85 65 74 16 31 59 21 71 87 37 76 92 9 95 53 42 66 70 60 55 1 46 73 67 19 67 48 2 47 12 85
5 29 42 84 29 21 49 73 26 81 54 10 98 17 51 75 41 81 69 48 48 97 11 29 36 94 44 78 16 58 17 71 14 35 65 44 84 22 19 51 92 69 91 75 89 8 69 15 76 52 67 75 73 33 83 32 86 54 16 56 82 5 96 28 27 50 82 83 44 13 31 48 31 42 96 27 29 41 1 23 65 69 56 91 85 12 14 69 88 29
11 71 95 1 73 42 31 100 14 8 21 76 58 16 90 9 100 93 42 50 44 67 88 56 97 42 12 69 1 8 55 2 52 49 49 97 32 41 40 8 27 29 65 18 31 8 40 17 98 80 42 49 69 31 34 43 63 36 82 55 30 11 91 6 44 17 30 22 20 25 33 7 43 11 82 4 72 67 67 72 77 99 82 41 98 21 20 3 98 86
73 69 94 81 46 76 8 42 47 43 82 97 21 17 33 75 24 56 30 33 55 80 76 51 10 80 3 20 14 91 99 27 92 97 73 46 10 93 77 37 93 71 4 10 13 39 64 65 39 5 57 81 62 66 25 4 75 2 63 87 4 30 76 85 2 9 16 81 22 23 17 48 57 58 74 9 15 7 89 50 94 49 35 55 75 48 22 26 45 76
13 74 67 1 14 61 5 94 66 94 58 64 61 32 89 33 31 31 71 94 59 15 70 59 16 87 20 89 60 45 4 53 67 11 100 22 49 16 34 89 59 18 37 79 5 56 72 77 70 94 53 39 17 78 78 6 17 69 78 9 89 4 8 2 50 17 75 5 16 56 15 67 47 33 65 15 62 11 85 13 66 13 86 31 37 12 33 63 86 16
63 41 57 26 8 26 91 27 62 13 67 96 67 68 6 28 42 52 90 67 27 81 22 45 38 19 64 87 35 68 92 28 32 54 2 36 43 11 50 75 75 15 55 71 47 7 93 91 19 22 70 28 8 99 40 12 89 98 19 47 99 69 25 2 29 61 79 91 67 84 73 20 24 99 38 33 5 56 5 68 98 37 6 68 69 38 75 40 71 8
22 38 59 21 65 5 74 79 65 31 51 34 19 2 75 85 7 82 72 79 53 25 95 42 7 87 94 27 64 66 13 60 97 82 81 59 23 42 58 87 11 37 94 38 67 77 12 98 14 29 65 20 30 63 16 79 74 41 65 34 23 14 42 43 42 64 90 29 52 57 50 4 54 90 5 28 52 12 92 30 42 29 29 12 57 35 97 1 60 63
44 91 81 83 26 51 99 68 41 43 28 51 27 85 76 34 91 81 98 95 15 30 34 31 89 44 98 45 6 12 21 85 31 90 35 39 63 20 14 8 26 40 97 57 57 72 85 10 29 68 23 36 42 64 51 60 90 64 25 87 64 95 94 51 70 27 9 29 80 48 25 66 62 10 46 40 8 10 100 22 30 11 16 2 87 33 2 40 96 71
85 98 8 35 4 22 31 57 42 5 32 17 33 26 93 49 6 78 69 27 18 61 2 23 88 34 33 21 10 71 48 78 33 26 56 74 41 88 12 64 36 24 91 77 18 87 94 52 47 33 18 66 86 66 82 13 40 67 18 100 45 93 83 35 17 59 86 80 8 98 84 47 33 41 32 33 67 46 73 55 79 98 87 19 17 48 77 89 10 21
62 89 16 73 97 4 58 2 13 28 49 7 28 80 38 73 68 22 93 29 79 99 87 18 18 86 57 78 53 18 5 90 50 88 20 53 28 96 2 92 78 68 69 8 61 38 25 6 56 35 86 16 80 75 69 53 89 100 14 80 29 93 40 37 97 89 42 53 74 56 65 70 24 25 17 78 19 13 66 86 35 99 61 20 5 92 78 73 21 33
70 84 4 18 73 62 24 57 32 11 4 31 93 87 44 46 9 58 41 99 58 50 78 44 44 14 76 59 14 53 46 4 41 24 23 94 94 47 72 83 38 91 12 93 33 3 48 29 20 72 2 67 84 13 47 83 2 32 82 94 42 50 72 54 13 22 39 48 67 59 42 77 25 51 19 32 94 58 98 49 58 55 46 99 43 2 79 11 52 66
16 66 71 13 62 48 71 87 44 30 51 24 91 52 64 26 74 20 73 94 22 71 78 20 74 2 93 50 32 74 47 14 58 57 100 61 67 3 79 28 40 19 94 92 25 29 19 44 75 3 37 74 84 90 50 16 80 55 88 10 88 29 100 35 95 14 6 33 47 68 96 78 72 64 21 97 53 65 86 85 57 100 88 37 46 80 14 31 32 52
30 4 75 27 66 86 16 61 47 94 15 50 62 9 35 69 8 24 16 65 27 24 5 98 4 40 34 86 99 75 6 67 71 45 44 16 29 53 11 87 91 89 50 70 12 22 96 1 83 58 52 48 16 8 56 17 94 54 2 15 95 6 100 15 34 73 11 69 6 2 33 49 65 11 44 28 16 14 93 61 16 97 99 23 21 87 72 31 14 81
43 95 4 67 31 78 56 83 91 53 55 15 56 39 27 29 34 95 84 27 23 4 57 84 50 91 70 40 39 94 35 88 21 16 16 15 34 3 76 51 73 61 8 5 43 100 51 39 96 49 97 7 14 59 31 63 8 87 86 62 99 87 47 73 27 39 13 46 49 74 71 66 53 7 2 39 41 43 86 71 12 47 35 85 49 51 45 49 5 30
12 75 44 40 77 22 22 80 68 19 65 47 69 46 13 64 97 40 100 68 30 46 71 7 34 24 95 37 22 75 86 80 11 63 18 6 88 92 33 17 44 87 17 44 50 47 21 7 17 9 57 36 76 57 10 79 13 92 28 61 21 12 42 22 76 63 36 71 43 54 86 4 89 47 5 2 49 32 29 42 61 36 9 30 78 21 66 44 87 65
40 61 27 87 52 98 34 2 36 37 95 98 48 11 98 69 42 6 72 18 29 69 69 72 90 1 37 95 2 22 32 87 31 23 16 2 74 51 1 65 75 63 84 29 79 58 18 15 45 87 29 91 25 39 69 22 51 86 11 6 37 27 43 31 32 84 66 58 1 67 30 38 42 27 64 63 46 100 66 56 84 48 25 69 9 80 20 84 59 17
83 77 37 74 5 74 34 11 66 9 59 73 37 56 30 76 45 66 45 21 26 47 67 54 66 17 20 88 13 47 18 94 97 20 93 6 22 15 39 2 64 98 32 6 86 61 44 17 25 71 49 24 63 41 16 74 37 27 11 41 93 11 28 46 2 9 87 43 67 92 89 32 33 99 4 81 1 66 66 54 93 76 73 63 52 92 73 2 9 18
64 88 54 9 89 98 15 20 40 92 76 4 87 85 78 64 22 69 26 27 3 23 70 98 54 8 63 92 88 18 94 1 14 44 23 96 39 53 63 44 48 4 78 80 33 45 21 100 45 28 47 61 42 50 42 36 86 49 82 17 2 31 41 98 29 75 91 56 62 11 20 65 61 64 1 39 25 96 89 29 33 93 42 58 90 35 36 75 41 37
33 25 37 86 45 12 19 65 95 83 36 99 61 26 79 3 21 67 24 40 35 29 10 47 16 67 60 100 98 15 15 96 35 99 85 11 49 83 93 46 48 37 52 79 65 91 83 66 2 76 59 75 27 57 44 72 90 34 66 88 12 33 2 31 4 97 39 93 11 52 67 56 75 48 51 69 63 93 9 95 70 71 77 97 5 86 45 65 39 56
45 92 23 32 52 72 43 87 31 93 57 2 4 55 1 38 90 42 29 31 9 38 7 95 49 26 88 82 69 87 32 85 63 99 57 92 70 27 30 21 39 36 86 22 32 37 45 11 87 28 50 99 40 56 12 52 21 94 72 17 37 9 22 100 39 71 38 72 87 98 56 5 66 43 92 27 90 50 88 25 1 26 46 77 79 98 84 49 13 91
98 29 64 74 21 2 10 17 27 99 56 38 28 18 59 26 78 55 43 84 3 50 1 1 78 100 18 75 83 37 17 48 69 95 16 14 47 44 41 92 77 82 38 92 5 73 22 82 83 29 51 31 51 7 7 44 88 72 76 70 60 71 56 3 32 100 51 54 94 60 57 61 6 45 3 44 30 60 56 55 94 60 49 57 29 90 69 99 3 97
15 71 49 95 43 92 74 6 85 83 85 15 60 99 51 15 5 92 84 49 8 53 84 2 66 2 82 24 99 46 48 69 93 77 66 87 57 98 16 56 56 19 27 58 57 50 91 95 52 31 56 31 77 92 70 16 33 26 8 42 91 4 96 52 80 6 12 8 20 90 59 73 44 69 16 79 20 24 70 43 79 6 2 87 93 77 9 72 72 89
100 16 59 83 81 69 27 47 52 83 68 84 47 27 38 39 3 96 47 21 88 70 82 11 40 67 75 59 55 18 42 98 44 71 51 34 2 21 60 74 51 19 13 45 43 12 94 12 4 32 54 2 95 22 3 31 94 3 45 57 70 48 6 13 64 45 91 5 75 97 53 96 53 66 41 81 41 74 89 30 100 71 83 51 36 48 75 75 86 46
20 16 21 26 71 69 44 11 49 23 77 50 96 42 55 1 28 32 92 13 98 74 76 12 32 59 31 75 35 22 94 98 100 55 48 79 4 98 95 43 20 36 25 37 6 69 80 64 99 3 34 95 67 37 92 55 70 34 94 12 83 48 11 36 90 70 65 65 97 35 12 89 97 14 55 87 64 35 33 99 45 8 52 79 78 82 78 70 45 63
18 69 42 23 70 12 50 37 9 85 72 42 95 65 2 8 14 7 76 34 83 69 36 63 29 35 58 85 30 79 11 63 40 89 42 90 42 13 7 51 10 71 45 21 44 10 95 35 36 33 1 1 52 65 59 90 80 18 36 55 92 62 83 23 30 45 90 49 76 27 9 85 17 32 25 34 57 77 56 49 1 88 57 61 7 2 26 44 69 6
22 93 45 22 40 16 92 45 78 41 6 41 95 80 3 55 75 50 6 55 88 72 35 33 86 100 41 75 83 53 82 71 18 56 79 26 22 44 4 68 14 65 79 37 19 35 87 59 40 15 44 16 77 61 4 31 30 41 67 61 35 58 62 95 61 45 66 25 96 64 13 48 20 90 14 33 84 42 58 1 16 79 42 33 98 41 26 32 67 22
63 40 24 56 84 22 49 29 81 65 27 85 39 14 97 5 70 13 88 52 52 64 67 70 61 65 52 87 45 72 7 21 35 51 69 65 48 11 53 91 21 95 64 57 39 68 66 76 13 13 16 66 95 72 14 22 44 90 10 82 24 98 15 42 53 91 46 100 51 57 14 47 43 72 19 71 49 22 12 61 85 63 82 14 21 20 63 5 25 77
73 90 25 81 15 48 23 36 36 99 80 50 95 10 34 92 77 43 62 94 100 45 45 30 77 91 27 47 93 35 48 75 36 96 67 48 6 49 78 30 80 70 88 61 32 92 100 76 25 97 25 16 5 10 98 40 25 77 75 51 31 14 74 88 64 12 5 79 3 82 8 94 8 34 5 73 32 2 30 100 11 63 34 36 44 75 46 90 21 24
4 92 95 53 81 99 79 86 63 96 44 65 14 81 38 88 54 1 98 21 4 98 25 11 40 58 42 43 98 54 28 54 30 27 37 29 81 53 30 4 39 15 38 29 80 72 32 78 40 78 60 47 13 57 12 67 94 99 78 8 22 96 23 48 54 87 9 72 95 84 35 16 30 76 19 30 81 23 77 31 61 53 49 8 65 12 7 37 74 72
38 87 81 79 1 23 52 44 39 97 88 68 71 12 46 97 20 92 84 80 90 32 46 37 52 40 4 33 74 11 43 78 46 58 43 45 96 64 64 83 57 54 87 33 83 94 43 83 64 1 86 67 7 50 81 9 33 18 50 67 32 59 41 80 12 62 12 97 80 17 19 4 78 46 98 18 49 34 17 2 6 71 21 48 47 38 28 76 65 1
87 16 78 53 61 9 79 99 48 45 49 76 81 41 84 44 10 51 6 50 13 54 33 74 38 75 55 37 20 79 8 8 60 49 1 3 67 44 100 69 1 60 15 26 48 7 56 6 29 70 91 30 3 34 31 14 65 86 97 34 11 22 89 32 73 75 37 25 10 46 15 10 10 25 48 83 43 64 21 44 35 52 69 94 11 67 85 32 64 96
91 34 78 50 64 76 69 89 19 48 57 63 69 10 4 88 94 48 69 66 2 21 8 8 43 4 54 43 81 34 5 11 53 100 46 52 50 14 48 67 63 39 44 3 55 10 68 67 91 26 30 42 91 32 36 52 2 31 74 84 96 69 97 7 73 89 50 60 84 94 99 19 50 51 41 17 27 98 95 57 89 25 15 88 37 53 44 39 32 20
63 47 98 34 48 57 74 95 49 62 10 59 3 4 86 34 47 74 63 70 46 86 22 60 91 77 21 15 89 80 33 74 33 61 27 56 72 81 65 5 46 97 22 4 4 10 52 4 34 51 18 98 48 56 54 62 33 35 63 74 21 76 100 37 37 55 41 17 18 26 87 19 16 43 87 33 95 4 90 78 60 97 39 74 21 68 99 40 31 95
16 27 21 28 52 56 39 4 65 82 34 64 23 66 60 36 18 89 100 60 41 27 29 59 79 36 2 9 7 63 47 8 60 96 38 65 32 60 21 20 34 65 91 64 88 71 19 64 100 64 59 68 54 83 94 66 57 66 47 99 78 36 25 60 47 88 92 38 61 50 92 50 12 34 63 78 95 74 86 51 88 66 91 10 59 35 39 58 55 50
15 14 63 81 53 49 40 46 94 13 42 97 85 63 39 1 16 49 38 77 12 1 75 20 11 78 64 56 55 74 70 44 25 41 91 24 77 72 73 28 38 44 15 49 40 11 28 20 23 76 10 27 99 85 95 56 37 41 83 82 88 8 68 13 94 20 82 59 61 51 50 52 9 20 46 88 16 94 77 14 39 20 14 40 22 85 71 53 28 68
38 47 35 70 48 78 45 25 95 35 47 6 93 5 39 64 85 40 91 60 4 88 5 88 36 70 49 73 1 56 84 97 68 28 60 9 93 97 55 98 35 4 49 69 54 23 72 58 73 21 98 56 22 71 34 89 90 19 38 23 88 39 53 97 33 59 75 86 18 93 95 12 98 49 82 74 95 65 13 17 30 58 53 58 56 81 40 64 16 40
51 53 46 83 9 76 17 40 81 64 17 44 59 70 53 31 85 46 60 29 18 5 3 24 38 47 48 24 32 13 40 81 11 36 51 15 97 10 85 24 95 47 36 50 11 4 2 59 62 55 7 40 35 95 23 85 73 75 4 44 18 25 42 81 19 91 50 62 60 21 35 15 38 97 83 17 60 14 42 95 9 91 55 95 66 65 3 58 57 83
99 92 12 52 42 94 83 94 32 58 59 4 22 4 28 79 53 84 5 23 37 42 73 54 32 83 43 12 70 31 83 85 7 16 51 57 49 23 78 94 38 30 78 66 90 5 14 7 90 65 10 1 27 1 80 1 8 41 12 3 44 67 73 28 3 80 58 94 99 79 59 57 24 40 79 4 29 23 41 21 18 84 92 99 54 33 69 89 25 23
73 26 2 15 6 62 85 66 57 53 53 63 38 29 39 25 2 98 83 37 43 75 49 3 64 2 96 92 60 34 23 35 1 81 34 6 40 50 90 81 93 28 10 13 92 60 28 68 36 71 91 99 29 30 3 29 38 59 55 19 30 56 55 17 96 49 94 78 17 88 46 29 67 71 14 90 86 26 53 26 71 4 77 11 97 18 6 68 87 73
81 23 77 43 52 34 89 19 13 38 62 41 31 25 76 30 62 64 92 42 19 89 36 2 91 11 3 73 15 40 54 63 96 84 67 50 78 39 60 45 16 39 58 12 13 98 27 8 82 50 53 79 46 82 49 74 50 83 86 80 51 89 46 12 89 39 30 59 27 34 90 32 86 42 16 88 65 98 55 51 85 75 38 42 95 96 65 25 48 45
90 76 33 57 53 97 23 77 5 84 20 61 65 92 59 99 56 63 80 48 19 28 14 56 10 50 68 82 68 36 35 77 61 78 63 85 65 2 90 62 35 10 6 4 75 48 74 61 98 90 51 9 11 82 59 13 11 41 75 11 55 72 91 23 83 7 20 94 4 44 83 32 85 58 43 1 90 57 29 21 13 48 90 93 61 89 44 68 45 77
57 54 31 29 100 14 92 70 3 6 18 11 35 61 95 37 77 3 67 49 54 61 38 62 25 79 24 85 42 89 32 24 70 66 93 70 38 35 98 93 84 14 71 55 7 30 42 20 73 49 82 17 55 1 88 78 51 68 46 70 90 77 52 90 92 52 93 9 69 86 45 6 39 95 63 94 79 62 63 95 54 73 41 96 59 28 29 60 36 20
12 47 37 50 49 35 86 54 26 88 23 27 15 85 39 4 8 83 10 71 77 75 88 77 33 50 32 21 60 22 8 49 45 38 96 88 32 46 83 4 67 75 68 51 42 97 27 65 70 6 34 31 93 57 89 54 16 47 99 34 57 88 95 79 9 98 4 59 64 52 7 35 96 64 36 9 34 31 10 71 35 66 23 89 97 4 22 48 77 27
88 96 22 51 30 50 75 71 19 91 94 46 30 68 34 44 88 34 48 20 67 43 78 18 68 6 86 22 47 42 91 65 72 45 40 60 89 24 53 77 63 95 92 5 68 84 92 72 91 1 79 4 95 67 96 11 70 23 72 59 48 29 95 35 82 49 44 14 90 96 29 58 14 1 44 71 53 57 75 95 20 11 10 59 36 72 55 45 87 11
25 38 93 88 77 93 79 98 7 39 69 51 33 34 83 7 32 79 79 28 77 14 11 53 66 31 76 85 73 64 38 53 32 56 57 98 28 79 43 70 53 35 3 82 66 93 19 26 91 88 35 57 83 59 78 45 15 83 73 44 25 85 59 57 28 90 47 22 72 61 41 44 11 33 89 77 35 58 69 5 67 55 84 13 98 51 89 50 71 30
85 87 13 73 83 23 2 14 58 46 30 46 80 99 50 56 50 52 81 78 64 34 16 61 13 78 12 7 97 29 5 59 73 76 39 89 63 1 13 22 8 59 73 86 34 86 15 100 15 63 13 40 9 49 31 59 65 13 43 42 98 12 36 55 27 40 99 23 64 95 75 81 6 42 85 52 40 46 59 25 4 80 93 78 33 47 87 20 50 40
