85
4
30 2 31 50 81 22 82 60 67 28 8 92 27 17 42 45 86 14 21 87 26 57 51 9 21 50 7 64 48 53 27 6 8 27 80 62 36 83 81 52 98 51 41 94 6 73 50 96 64 72 14 42 35 60 2 2 2 77 91 93 84 23 64 49 100 82 16 54 3 14 3 96 35 13 62 74 38 42 14 7 50 19 29 58 85
5 16 85 6 12 97 40 48 42 29 34 70 23 96 13 45 85 10 8 100 61 70 12 26 10 36 84 55 32 100 75 32 89 78 87 54 55 8 91 68 61 81 49 55 40 46 48 78 59 51 30 41 89 57 75 19 67 39 39 90 44 12 3 64 73 52 91 67 60 15 26 93 42 98 55 89 1 73 77 9 42 97 64 84 92
15 28 26 80 83 14 95 24 24 15 42 88 84 71 75 66 72 25 55 78 68 84 75 51 97 24 81 8 16 80 43 83 14 94 57 11 23 10 26 18 21 20 10 66 3 78 70 41 79 42 87 65 26 8 72 19 54 34 43 63 85 99 48 88 54 49 74 74 37 53 74 68 58 7 63 100 19 98 58 85 72 89 3 3 96
100 1 63 6 72 58 75 72 89 78 33 71 8 69 12 43 30 7 3 91 31 81 56 5 38 21 10 38 56 42 50 5 36 9 82 64 62 97 12 63 33 30 6 14 4 30 12 87 10 23 82 66 53 65 81 23 34 75 67 12 20 88 92 22 36 81 41 76 49 24 79 20 87 12 66 16 72 10 19 81 87 27 44 11 73
30 71 44 27 47 76 13 38 88 3 57 37 20 18 39 19 90 89 4 11 52 84 65 41 55 69 76 90 27 64 75 78 39 35 36 39 40 43 9 81 69 73 81 12 80 21 76 81 62 87 18 40 92 60 84 24 32 10 73 5 59 65 24 99 63 7 43 66 31 5 98 4 2 29 4 81 49 41 52 7 54 34 79 12 73
49 32 55 71 47 76 95 37 29 66 48 9 37 17 74 31 50 79 81 23 32 28 99 21 27 77 61 91 99 89 28 84 81 30 84 65 58 6 35 68 5 5 72 51 44 78 64 58 32 23 52 6 51 74 24 8 82 9 61 52 33 29 6 50 21 21 64 10 53 27 30 44 43 94 85 18 81 79 90 38 55 80 31 71 62
12 40 90 78 40 8 80 86 90 40 57 57 32 29 69 47 9 37 72 50 37 43 76 7 13 64 37 10 88 24 2 39 82 35 95 26 67 17 38 27 19 4 59 16 54 88 69 90 18 97 23 34 12 59 99 17 58 8 3 27 68 84 75 19 92 69 62 2 37 30 19 16 36 35 92 75 80 45 36 13 28 9 89 45 71
54 18 50 89 73 43 80 95 98 36 92 4 41 42 88 56 43 60 91 62 50 73 25 40 86 10 85 46 85 44 82 89 57 64 58 13 52 16 72 18 50 1 5 91 86 90 48 49 6 56 9 22 24 77 65 71 54 68 9 6 3 15 72 86 26 35 85 64 85 49 19 12 14 62 43 78 37 78 40 93 59 98 52 17 77
82 21 95 51 95 61 15 88 93 4 56 34 54 83 56 6 8 58 63 20 77 12 40 11 79 50 18 2 74 58 31 71 48 62 45 97 91 39 25 65 71 13 48 14 78 29 82 41 37 78 37 8 5 75 18 11 31 67 20 36 46 31 25 3 19 22 1 80 88 78 88 49 24 27 12 76 16 62 51 59 83 82 65 66 82
14 15 71 79 83 85 35 63 59 44 38 8 9 63 27 79 5 26 96 35 15 37 78 95 16 14 80 85 56 95 48 59 1 47 36 96 36 98 94 15 56 95 14 76 100 54 80 2 61 55 5 66 1 77 60 32 46 19 75 40 98 30 60 29 59 57 43 82 9 31 69 24 87 100 73 65 28 10 37 100 62 6 33 60 84
85 85 34 65 19 72 11 12 33 46 41 46 77 43 28 61 82 36 41 64 40 12 60 28 97 89 72 8 11 96 39 54 56 70 91 49 86 99 2 83 100 11 75 81 85 77 79 18 38 18 11 61 58 19 31 26 57 68 63 27 23 28 65 66 2 7 30 48 64 34 58 7 13 81 81 63 74 63 75 88 65 14 71 57 65
42 31 8 79 44 64 4 13 21 51 64 63 46 63 88 34 29 53 99 30 3 74 1 90 28 24 47 65 69 62 45 40 31 14 88 59 9 68 55 71 49 66 69 16 21 34 21 5 20 82 12 42 20 23 35 71 52 62 68 81 90 42 33 32 49 15 3 78 64 89 50 23 19 34 12 70 35 90 69 23 69 35 5 88 5
51 9 65 54 72 20 41 73 76 9 5 53 18 72 77 8 83 94 13 41 63 31 93 21 30 90 78 41 92 56 13 57 41 7 58 60 37 48 92 43 83 13 93 12 56 44 45 34 79 60 30 40 34 99 24 22 17 28 17 98 67 13 41 11 35 45 71 5 12 78 5 11 34 1 1 19 13 27 61 5 86 43 35 25 87
63 42 32 25 65 62 76 74 88 99 30 92 73 33 56 53 19 4 4 7 37 48 50 71 85 75 28 55 28 45 11 44 56 53 65 72 99 80 9 8 66 19 76 53 63 93 83 34 23 36 97 95 70 27 54 38 80 65 47 37 37 99 74 68 91 59 9 11 48 96 96 60 96 28 12 57 75 29 47 16 34 85 82 4 70
55 77 80 55 14 98 55 3 56 65 57 52 45 74 32 7 38 17 64 87 36 89 10 41 61 78 18 7 49 55 84 17 2 96 93 44 55 40 59 37 79 59 4 2 37 1 42 76 2 95 84 69 33 94 23 30 88 18 100 18 61 85 72 20 75 85 58 86 51 61 22 78 39 66 100 25 82 83 60 31 35 84 85 8 24
35 100 15 54 7 61 46 26 34 74 4 43 79 71 77 37 63 10 92 58 92 83 48 38 1 38 81 52 46 85 82 27 95 87 9 25 12 70 37 11 70 71 48 81 86 13 64 38 54 86 28 42 79 41 15 15 92 93 64 96 15 17 94 5 7 47 74 89 5 5 24 17 39 62 69 21 6 33 61 11 92 94 52 58 49
81 71 37 51 54 43 78 29 44 37 10 34 81 2 39 71 97 52 57 77 10 28 95 69 47 68 82 30 38 56 12 54 67 96 70 97 99 94 71 48 43 26 51 74 92 52 19 97 28 3 86 52 9 53 65 44 51 51 28 19 25 29 64 43 46 25 35 51 71 57 18 90 26 49 75 40 17 82 17 33 74 18 6 66 28
59 74 66 95 65 18 74 77 95 15 9 50 3 47 30 19 80 28 32 82 79 45 40 92 28 60 31 48 7 83 67 50 98 46 82 59 75 44 4 71 91 9 12 18 41 7 96 37 6 100 19 51 34 1 68 3 62 36 19 13 28 45 75 5 61 92 77 63 88 86 2 91 96 66 33 94 63 34 76 49 2 6 3 89 38
26 28 45 6 69 39 100 85 94 49 25 58 8 4 70 15 23 65 42 42 21 73 59 23 64 84 68 81 5 49 59 49 60 62 41 91 21 37 6 87 92 33 17 80 62 98 43 89 17 93 59 73 50 16 74 61 85 18 36 64 44 71 49 26 54 59 5 71 12 4 42 22 77 91 67 50 22 100 43 76 99 91 93 72 42
19 73 62 22 36 88 35 44 74 15 36 47 87 78 46 100 78 34 23 90 6 75 93 47 28 23 33 70 76 93 58 75 100 37 44 51 57 28 11 15 36 78 100 38 24 98 40 20 36 66 25 51 61 4 4 54 85 12 69 4 47 96 54 65 23 41 76 29 80 48 64 8 42 54 31 68 24 44 96 91 11 52 96 43 20
55 74 7 88 7 24 8 36 89 58 55 54 72 37 33 33 29 46 61 16 1 24 30 3 43 37 32 55 93 56 88 50 20 64 23 33 17 52 32 50 99 51 24 62 47 80 8 44 54 58 11 89 41 4 63 94 24 78 54 80 4 68 8 23 21 44 59 79 48 9 99 72 54 16 72 72 20 59 14 2 21 63 53 49 61
69 9 31 22 52 35 25 99 66 68 63 69 37 70 49 39 40 41 77 68 97 59 41 23 87 98 48 30 60 26 91 57 9 5 85 95 31 85 22 19 88 81 8 28 25 62 53 72 10 15 88 33 75 57 25 43 26 39 77 58 96 100 57 15 95 20 89 46 25 82 61 71 58 26 93 27 53 30 81 3 84 4 22 97 61
7 88 92 79 8 50 53 50 90 67 4 51 15 100 46 30 30 33 10 94 82 2 32 32 89 70 86 17 80 95 53 44 67 72 61 64 20 28 49 4 75 99 47 26 60 18 38 5 20 75 83 74 73 77 99 70 87 80 63 18 68 42 73 75 82 67 98 78 11 73 13 99 31 23 63 69 15 100 29 73 41 30 30 48 99
47 98 7 74 54 87 26 58 95 98 98 82 61 48 2 64 53 75 49 50 58 1 4 71 83 19 40 25 13 58 89 18 27 17 64 14 4 45 13 28 25 86 80 16 36 11 77 29 46 73 92 33 79 70 60 6 92 17 17 81 64 20 68 60 100 91 13 47 55 79 55 23 1 11 81 53 45 83 68 52 81 98 50 78 100
44 50 34 57 80 52 34 17 16 34 81 100 51 23 85 79 33 52 46 9 17 59 17 29 52 73 29 49 64 67 67 97 64 16 54 66 72 82 91 53 65 77 87 44 82 7 11 29 20 46 6 67 76 34 36 53 98 59 20 54 45 22 77 7 68 79 70 23 88 87 21 19 83 95 36 18 73 15 71 87 48 65 66 97 77
56 5 41 64 90 53 40 98 47 16 19 29 36 86 40 2 1 65 30 4 53 56 14 1 1 33 27 12 19 26 18 65 17 58 81 56 26 63 42 6 14 33 74 70 45 28 14 18 56 26 9 82 19 99 77 100 83 42 91 44 61 74 84 49 53 74 76 82 73 13 95 33 70 42 51 24 13 85 31 81 92 72 75 24 83
27 20 90 24 15 46 96 60 61 57 58 33 12 98 93 91 12 79 1 100 48 26 38 37 74 4 85 70 16 97 3 57 6 46 8 99 90 40 9 35 39 85 24 33 30 78 39 74 42 87 99 85 18 61 47 72 41 28 32 22 57 33 75 92 88 8 51 74 49 46 80 2 60 24 94 95 32 58 37 58 60 81 75 42 5
97 8 39 19 46 6 52 67 60 82 13 91 10 40 32 100 89 16 58 51 4 8 66 64 58 59 60 92 79 44 66 59 46 13 5 33 43 36 19 20 90 1 63 1 44 19 12 44 76 14 23 48 97 9 84 70 89 100 74 70 60 49 96 16 82 37 20 67 45 29 64 57 73 19 4 89 27 27 12 77 26 71 69 87 50
49 34 30 61 69 86 56 43 42 96 29 6 16 96 22 87 59 95 93 21 100 25 75 47 93 95 44 75 13 26 37 6 84 16 50 55 23 80 57 100 96 89 5 17 92 95 63 30 32 33 31 63 37 39 28 80 60 98 75 37 99 25 3 9 27 67 59 47 55 28 81 66 12 41 51 41 39 58 29 45 14 91 31 16 73
17 91 29 6 94 34 42 58 49 25 63 3 96 25 100 97 20 52 95 25 26 51 48 77 71 83 11 54 10 60 81 60 68 88 25 87 94 16 10 37 40 51 63 6 30 27 59 98 33 13 68 73 3 85 83 89 69 45 20 96 37 45 79 75 39 93 70 48 2 98 46 14 56 88 74 8 39 97 89 56 73 64 97 5 19
66 96 16 1 46 77 54 72 97 66 22 25 28 65 40 63 87 8 41 16 26 53 62 28 27 88 42 8 65 16 8 50 26 97 1 44 55 28 62 42 63 69 97 26 43 80 34 38 57 31 93 32 40 88 99 28 22 32 88 41 27 63 11 25 74 43 27 48 99 32 87 99 71 42 20 36 87 26 28 53 14 66 4 20 52
97 6 26 56 77 45 13 47 46 46 65 76 37 47 12 84 61 95 56 97 44 60 64 4 77 97 56 10 88 23 17 32 98 72 66 70 47 48 36 87 18 59 26 27 37 69 63 94 17 68 8 67 66 9 78 90 38 35 20 93 90 13 47 12 48 86 9 15 88 51 94 49 68 24 56 75 95 65 80 29 28 68 65 30 92
39 37 50 42 90 94 82 44 92 35 23 21 11 52 80 51 69 12 90 56 34 76 9 11 9 63 27 6 66 50 87 31 23 83 52 91 24 82 51 96 71 54 63 27 87 52 65 7 67 37 13 93 55 71 40 7 42 61 25 68 41 20 28 8 10 53 73 1 45 56 69 57 21 43 15 80 85 48 15 78 34 96 38 54 48
86 17 70 14 54 21 39 27 11 84 75 14 25 73 70 72 60 95 39 9 7 65 65 43 80 56 47 74 81 11 21 31 39 10 61 91 89 54 26 46 24 37 12 38 30 73 10 100 69 10 7 40 52 73 56 82 41 87 70 9 18 17 71 4 46 12 65 51 11 85 51 35 20 45 57 79 91 9 26 31 9 16 20 35 44
31 61 30 47 95 68 58 66 43 43 31 91 38 3 23 35 40 66 71 48 28 22 44 66 22 43 13 89 47 5 40 76 31 85 1 85 86 18 89 13 18 44 32 50 26 6 23 36 98 15 33 7 32 7 50 41 27 22 4 71 50 64 7 21 32 5 4 87 28 72 49 34 95 75 17 96 92 83 26 56 89 6 23 1 91
97 84 100 76 57 85 73 46 58 56 17 27 66 95 78 39 50 43 77 48 13 25 23 76 91 58 57 40 67 93 76 96 48 61 77 66 55 1 59 14 6 11 76 20 5 59 83 76 90 75 59 53 80 55 65 59 62 59 2 89 62 59 25 93 40 97 7 94 63 49 34 66 79 55 8 28 93 2 7 68 28 27 76 7 9
63 62 7 48 15 95 68 47 51 42 95 85 11 73 82 69 5 59 45 27 44 1 32 20 57 53 22 49 2 25 62 75 14 85 4 34 10 81 58 84 85 67 79 25 78 92 74 75 24 97 72 71 17 77 71 79 73 51 24 87 55 86 37 33 10 7 4 12 1 21 38 32 22 87 52 10 89 84 86 2 11 62 47 39 7
31 71 45 37 100 41 70 61 62 5 57 71 81 63 74 74 42 38 76 9 66 6 12 23 94 58 89 81 26 16 35 93 84 72 5 91 96 49 94 44 43 33 83 36 40 84 30 96 64 70 82 4 18 40 60 58 13 76 100 89 37 20 76 8 58 57 73 89 12 99 94 99 26 26 63 43 84 54 92 51 47 18 22 5 17
24 92 61 77 70 63 38 44 25 84 64 57 37 30 82 1 74 23 70 40 50 53 10 32 49 99 95 49 17 99 69 25 28 32 69 64 85 70 54 42 57 31 51 12 69 10 10 35 62 18 29 9 48 37 88 1 27 82 10 83 47 98 44 14 27 14 51 47 17 30 8 78 44 85 65 77 21 71 1 55 92 49 58 69 84
11 14 74 19 7 91 84 11 92 16 76 94 23 78 79 45 19 50 89 100 34 25 61 78 17 61 99 12 65 11 19 72 74 45 15 37 88 40 8 42 42 62 81 94 15 5 97 84 61 96 43 71 89 37 90 29 80 59 97 67 86 89 28 73 47 62 82 76 98 75 40 35 78 54 71 30 5 30 60 67 22 62 27 44 60
74 49 99 91 93 97 20 100 59 96 99 12 37 41 63 24 50 11 9 27 94 35 69 81 22 73 38 69 2 58 91 92 89 28 58 53 40 72 97 79 72 38 36 38 60 71 47 6 21 39 32 69 81 1 90 91 63 84 19 39 92 71 77 67 22 20 67 44 99 85 36 87 13 5 59 47 27 63 89 43 19 45 52 64 56
95 73 32 29 53 8 4 86 87 81 44 67 71 32 44 9 5 38 24 30 13 39 27 46 97 44 56 19 45 97 22 71 15 89 43 98 50 76 11 93 90 97 76 34 6 79 21 95 26 47 60 63 90 38 12 99 95 89 68 29 43 79 83 35 54 6 67 57 13 51 84 13 15 46 44 73 30 52 56 35 83 59 68 30 86
84 37 60 91 92 42 74 57 7 1 67 33 85 12 32 37 36 29 83 21 44 76 42 31 43 57 56 97 49 79 4 34 79 73 33 91 94 56 86 93 86 8 59 47 49 62 5 3 58 23 73 49 4 81 18 43 32 51 62 82 63 50 18 61 43 32 62 31 80 18 49 99 1 30 96 69 64 46 57 49 54 41 17 50 97
34 82 90 34 29 85 18 67 78 73 12 60 11 37 9 17 14 32 45 70 19 96 35 97 44 3 46 7 27 13 70 29 79 11 26 8 4 40 81 12 89 45 5 91 33 53 82 2 53 64 37 59 6 88 25 100 13 66 99 57 17 78 41 23 100 47 6 63 31 66 13 10 6 8 35 11 8 20 8 91 32 85 3 43 11
13 58 14 87 41 73 27 12 48 54 60 99 22 44 32 7 92 96 67 84 40 60 2 42 30 56 25 23 84 40 40 21 53 62 5 39 25 56 25 11 58 32 53 46 34 55 73 27 79 65 80 25 27 61 46 82 78 31 100 74 83 77 74 45 52 45 8 61 16 100 2 48 27 45 45 69 59 68 60 27 14 7 56 37 13
20 16 20 83 36 36 94 26 62 47 53 35 45 85 59 19 53 53 57 63 52 45 80 10 22 42 5 58 72 75 12 70 13 49 13 72 66 62 37 75 24 22 66 75 69 42 14 51 17 9 49 89 78 27 73 81 40 18 87 24 25 43 49 56 82 34 76 70 4 88 47 52 25 74 64 30 13 91 66 28 31 90 8 4 64
70 97 25 80 12 49 85 52 11 7 48 11 29 19 80 15 31 27 18 65 52 10 77 41 48 2 96 2 91 14 50 88 20 59 88 21 58 89 61 70 93 87 98 62 67 83 4 64 78 59 22 39 74 18 31 37 79 23 93 68 64 44 31 50 7 23 74 17 39 24 15 100 95 91 59 26 82 89 75 26 27 100 72 64 93
88 5 68 100 19 6 14 53 77 22 60 69 17 95 18 34 70 54 49 62 35 92 62 70 54 66 92 93 54 37 52 2 63 41 41 71 10 99 40 78 56 85 45 8 47 57 7 48 2 8 49 51 46 95 53 33 50 85 91 32 18 14 11 33 96 98 72 91 30 83 85 91 91 90 72 56 25 11 78 89 15 22 22 49 90
33 90 27 5 59 73 14 79 26 83 80 65 52 93 56 57 63 59 47 85 72 43 47 18 18 36 84 76 89 25 52 72 34 75 56 34 15 28 90 61 7 33 42 18 88 67 77 22 63 22 48 57 79 55 14 44 3 26 14 51 95 38 55 34 39 1 37 86 76 85 73 39 66 62 97 76 35 66 78 81 5 43 80 97 59
96 99 58 22 4 75 12 50 49 41 66 83 59 63 36 51 18 76 67 32 95 13 99 74 26 69 86 43 62 20 56 78 69 85 58 41 21 90 99 11 86 15 1 91 89 18 71 85 59 98 93 45 83 100 24 58 88 14 30 74 38 12 9 68 17 6 95 54 5 59 53 84 38 4 43 52 91 10 16 66 42 7 56 96 77
23 73 73 82 59 48 43 87 70 9 13 41 68 83 65 72 57 35 79 27 44 55 72 100 14 98 24 85 59 63 15 30 15 73 66 60 28 66 51 95 50 89 21 32 30 27 75 77 90 68 91 72 15 10 21 26 96 66 80 28 65 19 56 33 61 9 83 65 98 60 86 63 41 64 57 10 76 65 30 41 93 90 82 49 54
53 1 74 60 22 55 97 22 31 76 43 57 40 93 85 35 59 71 44 37 64 21 83 16 23 26 69 69 13 84 39 34 74 42 24 69 19 11 34 60 23 79 20 81 82 63 70 96 13 62 93 68 100 32 89 42 57 100 57 53 55 29 66 73 29 20 15 4 43 51 1 75 85 63 84 52 20 81 51 81 18 74 78 93 56
71 87 12 54 31 84 63 74 97 65 5 75 33 23 6 26 38 19 25 92 46 64 33 38 27 21 79 66 43 83 10 74 32 72 52 13 44 46 76 85 34 79 37 66 80 76 56 34 91 59 56 89 62 100 12 91 57 13 73 3 75 96 77 59 71 70 23 25 28 41 79 93 37 89 40 87 71 17 35 20 38 51 6 17 50
19 91 18 72 65 80 4 86 28 44 2 32 50 26 62 91 33 11 53 49 79 76 30 76 65 48 5 37 38 50 19 99 24 39 64 55 19 82 96 91 50 60 21 53 30 31 75 55 89 68 73 81 15 59 12 72 77 27 84 67 64 99 87 47 6 91 32 43 9 36 33 63 80 17 62 57 78 78 30 77 71 36 28 39 95
3 45 54 12 28 74 70 41 39 53 89 34 70 32 14 36 100 88 92 84 35 91 22 84 94 67 50 31 3 87 54 10 23 37 26 9 13 10 29 80 24 44 72 19 23 81 62 66 68 50 1 30 90 60 96 74 2 6 50 94 32 54 54 49 26 95 86 35 56 50 3 68 50 22 72 18 38 25 28 68 53 17 98 7 11
92 79 90 35 68 7 4 49 96 6 68 15 59 44 59 83 10 33 16 40 12 70 51 73 50 58 41 92 75 87 96 38 73 29 68 9 81 35 63 100 24 41 89 30 16 43 100 22 89 87 40 61 65 89 30 29 16 67 10 22 94 28 6 24 48 48 6 35 71 63 56 7 1 43 80 99 90 92 4 88 80 20 40 42 75
19 41 48 58 84 35 48 88 3 75 92 69 5 79 85 50 25 29 55 96 64 91 5 30 7 13 21 65 5 14 26 91 25 79 38 46 51 62 92 26 26 65 88 54 21 7 53 97 94 68 64 43 14 30 1 85 31 22 41 18 71 62 40 72 99 5 12 55 42 3 46 20 6 43 22 4 35 87 10 34 10 63 30 90 42
22 63 57 13 75 73 28 78 93 32 20 100 98 3 59 78 21 26 62 30 47 24 32 97 15 54 15 41 84 12 18 41 17 86 49 53 33 84 40 80 96 16 63 49 33 48 42 46 89 22 55 30 39 23 13 44 25 70 29 86 2 36 78 84 74 88 37 40 83 74 85 51 58 79 72 10 81 30 67 64 56 58 94 26 62
56 98 5 58 19 14 35 70 23 61 4 49 7 58 71 77 28 70 4 91 70 26 28 40 1 1 78 9 74 63 58 68 80 80 43 31 69 84 23 30 2 40 41 5 6 85 38 81 49 34 77 85 23 86 82 74 49 27 48 11 84 69 54 100 72 34 90 23 98 25 38 24 76 90 31 71 83 94 82 55 81 88 42 14 9
10 42 55 57 82 5 71 29 31 83 79 48 64 74 9 87 3 63 36 41 7 76 83 76 93 24 40 87 51 12 32 31 46 84 19 69 66 19 20 75 75 10 86 45 52 48 51 97 10 35 25 68 73 77 89 16 77 60 59 6 3 63 1 30 93 6 55 92 91 90 4 69 51 77 69 13 19 3 10 86 72 29 48 1 15
12 72 54 20 82 91 93 76 39 10 37 81 93 3 98 30 98 100 49 54 13 53 92 63 96 31 83 80 93 17 16 10 75 6 6 7 20 50 92 22 56 34 89 20 30 63 10 35 50 72 88 91 50 49 30 20 94 71 92 63 100 13 23 53 97 15 5 12 89 44 43 81 35 56 37 98 76 22 58 44 37 62 39 18 50
57 57 1 43 81 89 59 64 96 86 55 5 84 36 27 66 45 19 8 76 35 79 33 50 48 18 85 36 68 27 27 1 52 25 80 46 23 10 17 18 4 22 43 40 19 11 3 97 11 94 99 37 76 69 86 43 34 33 21 12 86 78 47 82 7 14 58 7 5 78 20 17 42 50 12 79 29 88 58 62 2 9 67 23 73
32 46 80 79 62 43 79 7 85 78 6 66 11 78 18 39 100 89 25 22 15 57 96 8 5 13 2 56 18 75 84 78 64 32 57 44 16 90 12 98 97 27 20 77 86 38 32 56 98 13 70 97 76 81 44 73 49 12 16 7 100 28 68 23 36 36 2 57 99 41 99 21 18 51 78 84 25 14 38 53 17 66 81 89 85
49 57 52 37 76 33 96 32 27 83 53 29 70 41 51 38 73 23 49 71 58 97 48 69 59 6 82 3 93 30 7 60 74 3 15 76 72 48 2 41 6 2 13 20 8 53 48 64 66 40 48 6 50 90 51 63 75 71 10 56 58 85 65 76 54 17 82 37 8 64 66 37 44 22 1 26 5 29 33 12 63 83 79 91 17
34 83 35 90 19 82 98 77 45 53 72 44 57 76 71 38 52 16 63 33 83 41 91 78 28 18 100 32 91 57 65 51 60 16 93 73 55 26 78 39 100 55 64 68 84 1 3 70 97 7 43 75 48 3 6 11 43 97 62 29 98 52 62 25 40 38 83 14 22 62 74 30 13 81 10 30 80 44 72 34 62 69 45 82 72
54 28 99 64 3 57 2 82 2 30 33 73 43 12 36 34 73 33 76 59 56 2 68 30 60 79 94 8 45 59 17 17 22 15 5 23 4 34 60 85 12 99 93 53 90 78 2 87 82 36 95 20 36 32 93 39 100 47 20 21 2 14 39 52 48 1 41 59 8 3 89 17 93 64 11 23 52 87 28 5 69 49 72 46 13
43 47 52 93 52 33 33 47 57 42 73 72 81 8 62 62 98 25 73 6 36 18 25 88 95 43 85 27 71 30 59 70 7 80 35 26 54 60 4 21 53 6 22 35 78 74 75 66 29 66 80 13 22 49 23 57 17 86 43 17 27 8 16 99 17 64 83 32 9 27 46 11 58 58 28 3 89 96 74 64 56 84 27 34 44
97 77 27 55 73 70 80 76 12 57 42 29 56 30 55 24 65 84 14 99 97 39 39 49 29 9 63 78 6 93 48 26 19 66 93 31 86 86 30 67 9 31 11 57 81 66 68 28 45 27 24 64 68 14 71 72 75 60 24 52 4 40 41 89 43 22 54 95 47 97 84 3 49 48 91 80 57 69 37 86 16 13 90 80 71
18 45 4 13 70 43 47 67 9 27 31 29 84 64 92 80 69 13 6 73 15 67 53 14 90 20 73 63 25 18 11 97 24 36 48 79 27 51 56 44 11 64 48 24 46 85 62 17 68 41 33 36 76 90 76 9 27 81 68 63 14 88 38 37 66 23 59 32 17 56 88 70 64 71 93 83 89 28 28 75 94 23 90 59 92
58 39 11 75 71 23 4 75 69 25 68 52 72 84 5 87 83 56 50 69 77 94 73 56 23 93 77 73 38 79 36 43 83 16 1 48 29 3 2 26 78 40 93 35 37 92 51 70 39 29 12 54 95 50 42 52 45 74 47 62 21 6 76 94 46 26 89 11 53 36 36 39 35 75 56 67 96 3 63 91 69 12 73 16 64
41 6 3 27 53 84 92 62 36 5 20 21 66 89 14 63 71 22 42 33 36 6 31 27 72 35 74 12 13 58 49 38 98 1 89 55 31 45 70 18 23 95 69 30 13 19 84 7 63 92 5 44 15 72 74 55 73 37 66 29 23 21 67 94 76 32 92 99 63 1 46 79 67 80 7 90 13 92 84 48 33 85 61 34 69
46 27 13 52 76 80 47 74 53 95 14 84 8 85 19 56 33 56 58 39 72 100 4 10 79 8 95 54 80 7 61 88 75 84 33 52 74 68 81 84 58 20 9 32 50 19 5 63 38 29 73 76 100 65 49 59 45 46 27 3 26 2 24 18 56 21 24 71 77 49 9 57 71 4 98 67 55 69 1 74 84 2 13 7 23
76 75 6 23 67 98 86 50 38 8 41 42 93 31 15 60 50 56 10 43 73 13 30 70 47 77 89 35 12 11 73 86 66 62 38 68 54 6 84 2 88 24 38 92 50 84 41 49 4 97 20 22 85 19 82 5 88 50 43 80 44 46 38 68 70 32 32 84 32 16 38 64 59 3 29 51 45 100 24 2 42 25 6 7 69
82 98 30 99 41 95 72 78 32 56 94 17 70 6 84 99 69 38 23 46 41 14 60 6 92 20 4 89 52 11 10 95 63 2 65 13 42 34 83 2 75 41 89 79 24 100 98 13 36 1 3 95 20 69 18 23 61 65 31 31 87 92 56 21 76 67 10 8 64 15 73 93 72 27 33 38 69 29 6 87 1 13 69 92 29
64 93 67 49 63 83 83 31 3 77 89 53 37 79 54 55 56 52 91 74 37 71 6 14 78 18 30 71 44 12 95 94 49 8 38 65 81 83 19 61 78 38 54 36 28 26 9 45 62 72 61 96 48 3 24 29 98 66 2 30 40 92 100 53 97 58 2 51 91 80 59 12 87 75 1 80 48 56 1 49 58 29 37 84 35
87 66 93 72 92 59 62 99 56 50 59 40 66 80 52 40 55 62 7 25 97 99 55 35 68 31 11 73 69 78 9 55 97 48 43 37 41 60 62 89 67 55 28 84 25 58 67 92 28 69 36 36 37 38 43 7 5 76 45 73 53 24 27 4 61 73 58 64 15 38 92 10 38 11 72 49 5 33 55 7 37 86 88 98 28
56 92 71 23 94 29 98 10 59 15 59 49 47 56 27 51 34 100 81 52 62 81 19 20 36 13 52 62 41 10 56 65 16 58 57 11 82 40 29 9 94 5 56 22 95 47 1 75 43 8 10 49 70 71 83 34 12 65 62 17 42 69 75 33 81 91 87 12 4 71 85 50 27 51 14 19 54 19 44 52 21 42 45 82 67
2 45 10 51 91 49 39 3 52 33 53 14 2 26 88 15 62 44 12 58 22 39 63 54 16 77 7 28 80 31 36 85 10 72 65 100 42 51 36 83 92 49 5 54 42 95 60 39 44 22 97 60 9 39 73 40 42 85 14 42 47 93 62 59 27 17 36 53 40 78 97 76 88 65 95 47 25 3 21 82 4 83 5 33 21
65 82 23 18 37 69 48 71 38 83 67 13 31 15 14 5 16 32 3 93 17 30 75 88 76 36 77 54 58 71 66 66 44 86 34 8 70 7 87 100 88 82 96 6 14 78 7 50 82 58 42 26 46 11 87 29 63 62 44 42 3 51 25 45 24 27 38 97 74 16 49 45 64 21 36 74 62 31 67 53 54 70 17 11 23
12 29 20 31 100 22 28 63 71 73 23 21 29 35 44 2 42 10 31 59 98 38 37 21 6 15 88 96 32 52 41 31 1 47 42 3 50 88 34 1 72 52 34 69 15 85 78 63 4 27 38 55 50 81 27 86 37 69 13 53 53 46 88 16 85 2 89 13 98 94 30 100 40 55 1 81 23 36 2 7 7 24 22 1 83
5 72 90 22 27 28 2 98 97 47 28 11 4 65 78 40 41 86 56 29 64 98 5 71 44 93 10 26 84 2 56 65 15 73 76 62 99 86 46 68 22 14 18 70 61 35 39 47 67 79 61 29 10 37 24 76 62 35 12 37 3 21 67 36 58 30 53 59 48 98 64 65 25 45 34 62 14 81 73 56 20 18 20 87 23
69 30 33 49 30 91 41 30 35 40 29 66 25 50 61 95 41 19 12 79 34 4 74 40 64 73 18 10 7 56 42 84 41 37 42 74 40 94 39 15 84 95 6 19 15 82 33 48 50 41 73 11 25 15 49 96 23 90 37 65 51 81 46 97 81 35 15 71 6 14 58 47 20 21 37 61 82 15 76 91 85 99 47 47 96
76 78 63 41 80 3 47 57 10 21 85 7 92 31 24 23 71 59 60 55 68 52 88 64 54 13 61 65 59 57 5 45 100 19 88 85 15 28 16 34 91 78 57 82 18 21 77 34 85 13 15 98 94 91 66 82 48 51 60 71 13 50 99 67 90 34 87 48 98 7 96 88 92 31 89 99 35 50 57 81 68 31 35 63 71
64 3 18 97 54 96 6 36 52 46 88 53 10 39 1 71 7 98 8 83 90 56 57 10 87 40 24 45 38 22 12 52 26 11 4 38 8 34 29 67 96 86 46 10 93 20 53 75 11 33 95 66 6 35 22 11 85 71 75 69 67 4 68 81 1 63 95 91 65 79 25 87 38 8 50 11 39 22 22 71 62 42 16 97 34
90 31 71 100 96 40 18 24 75 33 10 100 48 79 37 24 10 32 77 16 34 27 27 73 18 50 84 56 74 57 80 56 90 74 4 4 13 87 76 1 55 6 100 54 70 55 21 59 61 28 1 74 6 57 52 100 50 85 86 97 55 94 69 10 50 26 44 79 9 11 25 40 81 63 4 31 46 3 21 59 60 97 89 74 5
64 98 11 21 5 41 7 87 31 95 55 97 2 44 4 78 49 14 79 60 64 6 18 77 21 39 30 55 81 19 35 78 85 80 64 56 62 58 23 88 20 43 63 88 2 32 93 11 10 89 35 26 28 20 32 62 95 7 41 87 83 29 36 19 9 73 1 60 95 16 40 25 36 4 46 80 56 61 24 10 6 64 7 27 18
71 70 58 41 70 3 12 27 69 33 19 69 15 26 89 60 13 73 85 74 73 11 36 56 34 94 97 42 2 60 58 94 58 38 7 43 44 41 91 42 25 82 42 10 20 91 37 32 50 64 91 66 79 43 7 55 60 21 94 67 95 25 38 75 5 82 24 90 11 81 51 3 17 94 22 45 56 97 93 4 51 14 51 79 95
75 100 60 26 4 32 80 32 90 12 29 46 9 83 35 33 16 99 70 16 43 90 80 48 78 25 68 93 80 36 76 34 72 82 82 66 88 28 64 82 25 25 77 88 83 52 72 77 42 64 94 76 83 82 2 83 48 37 27 79 64 80 51 25 90 22 29 48 4 17 47 31 46 96 30 50 90 86 52 40 35 6 61 85 49
58 43 25 67 31 18 78 65 32 35 88 60 88 93 23 43 22 59 17 8 32 60 94 59 71 75 35 72 73 28 77 92 18 79 59 51 75 100 22 36 66 67 12 49 2 41 23 54 53 95 88 12 14 41 26 39 6 86 78 19 31 40 71 97 71 95 85 47 23 46 53 24 77 73 86 18 76 97 88 34 15 23 10 74 95
22 8 36 94 62 35 55 28 89 69 69 94 62 32 37 88 67 9 16 99 51 32 83 99 41 13 88 39 93 85 39 63 91 84 63 24 95 100 32 90 24 26 28 68 36 5 92 67 63 56 2 7 94 97 22 41 75 37 68 72 19 78 99 85 87 89 91 28 45 48 51 30 60 68 27 54 4 53 32 32 7 84 15 76 18
3 17 39 2 93 22 61 51 13 92 11 77 62 5 73 68 16 54 57 82 79 32 71 88 66 77 89 61 38 11 93 83 46 98 43 61 86 57 15 85 51 58 10 50 12 65 31 80 23 84 16 75 92 50 50 68 72 5 76 61 79 29 43 17 66 85 42 82 59 5 81 55 10 74 27 74 21 76 74 47 8 12 85 67 64
28 42 96 40 13 3 53 87 69 26 26 8 17 74 4 83 5 78 19 45 77 57 57 25 39 1 93 6 97 2 35 38 29 17 56 76 48 12 66 15 73 7 53 67 49 17 41 76 94 38 90 47 34 45 83 73 44 42 90 41 96 6 42 6 28 35 22 28 85 70 61 98 8 56 21 90 81 60 34 93 44 48 53 47 65
85 59 3 22 44 49 100 46 97 7 71 41 52 65 58 27 77 39 73 75 16 49 61 61 56 99 81 95 54 40 98 3 76 28 38 96 6 73 64 25 23 10 85 34 82 57 68 17 83 93 98 5 51 30 88 42 28 31 59 18 5 96 69 1 50 20 39 44 23 56 81 74 29 10 79 90 43 57 74 84 58 77 67 90 34
45 69 1 18 39 19 42 81 88 92 87 86 18 74 95 71 2 66 17 70 30 33 33 48 73 74 60 68 26 52 53 42 12 55 55 82 90 46 57 65 96 4 85 28 69 95 49 29 56 69 84 37 44 42 23 52 16 28 40 16 63 92 55 85 28 81 35 62 62 12 69 100 43 11 52 11 42 16 51 34 64 51 57 53 77
22 56 31 31 45 17 87 18 56 45 6 76 54 58 39 39 80 96 57 83 36 82 63 69 36 18 86 46 95 96 73 52 87 57 15 66 15 100 31 52 90 33 33 13 71 41 65 98 14 43 34 65 99 35 39 16 18 79 87 79 12 23 61 39 61 12 53 17 82 51 15 35 3 31 49 75 94 70 98 68 87 49 66 54 4
44 47 63 3 57 47 88 60 69 4 93 9 19 83 18 45 21 52 71 21 92 77 32 49 94 45 12 10 73 99 76 1 71 39 2 90 16 48 64 49 28 23 30 77 37 41 15 17 64 30 93 66 4 68 33 38 4 61 66 63 7 17 50 3 35 31 90 41 94 5 55 58 99 17 26 9 92 12 21 79 66 74 60 59 77
8 64 10 12 54 62 12 93 31 28 42 69 39 39 23 72 93 33 28 93 30 45 61 8 56 73 75 4 63 52 68 29 81 11 29 22 8 85 16 72 2 25 15 81 75 13 37 85 94 34 33 75 86 8 86 66 89 36 24 87 4 88 91 69 22 73 5 30 1 67 35 28 94 14 100 68 28 90 21 54 53 15 65 73 61
6 53 42 59 1 69 29 59 44 27 95 45 14 28 26 10 85 44 29 4 85 75 91 51 9 96 33 25 32 77 54 72 5 30 30 26 74 76 81 94 84 49 52 59 27 85 44 18 64 72 2 41 99 7 50 58 88 1 6 65 20 24 38 77 95 36 37 49 54 17 63 36 98 50 100 10 35 15 43 54 2 24 10 28 98
30 71 93 86 61 61 1 78 14 85 2 46 43 17 99 40 77 52 69 94 82 35 86 92 36 67 26 36 84 86 72 34 25 48 76 21 28 98 71 36 38 95 91 48 60 20 61 32 34 24 21 68 39 99 3 44 61 98 100 79 50 89 81 78 38 93 27 36 82 44 25 62 95 76 47 79 43 41 46 65 39 98 71 36 54
18 80 69 67 55 12 83 30 40 89 57 20 100 19 55 68 8 33 20 96 1 2 40 49 72 5 71 25 61 70 46 51 90 80 27 45 3 92 54 100 56 30 28 86 45 26 1 8 51 76 20 16 48 82 47 11 92 86 69 30 44 74 58 80 96 87 52 52 93 5 45 100 50 28 12 23 54 14 24 1 27 86 12 99 28
90 18 62 98 6 56 18 56 31 44 2 33 29 2 74 39 89 49 24 65 68 70 92 81 82 56 5 20 70 12 91 12 36 39 71 78 92 6 63 93 45 82 97 28 59 33 35 71 71 1 3 31 18 4 100 7 58 71 3 39 14 51 98 75 56 94 57 90 64 76 14 30 8 55 6 51 90 68 69 6 63 93 19 38 44
55 37 98 93 68 31 57 2 60 84 76 10 47 98 22 32 36 87 97 18 57 53 92 62 82 70 79 72 14 87 14 83 47 43 55 95 22 57 21 90 87 84 31 76 56 34 94 45 61 85 92 58 60 35 100 56 46 84 49 22 70 97 87 6 76 86 65 23 20 86 57 31 65 37 51 61 16 24 27 80 70 71 56 15 5
46 37 49 82 19 82 16 72 56 59 10 34 84 5 41 85 77 78 8 77 17 1 90 78 69 40 18 44 69 75 27 58 40 53 11 24 46 77 48 6 78 27 4 64 12 49 96 91 60 70 20 60 77 6 96 46 17 13 49 63 66 1 42 71 59 7 43 47 35 99 33 43 99 71 48 85 35 53 75 87 26 1 62 78 38
79 70 71 11 40 75 9 87 30 80 9 67 38 100 16 38 73 39 85 49 60 95 6 55 64 18 72 19 49 63 79 94 39 2 23 82 70 52 51 82 34 54 25 63 15 49 95 74 78 74 90 69 66 62 76 77 45 83 59 83 81 45 58 64 39 91 50 3 93 3 38 20 42 47 76 84 17 89 5 5 38 18 67 39 50
48 12 70 2 92 31 40 84 59 26 70 93 39 91 66 54 37 59 50 88 73 86 92 43 12 10 57 30 17 91 26 58 89 60 59 60 59 74 10 26 57 54 18 72 54 82 13 70 90 33 1 70 15 89 51 93 12 77 53 63 36 80 81 79 61 41 23 37 53 56 100 38 11 35 65 3 60 28 47 15 46 49 34 74 46
3 83 61 74 95 48 69 10 56 62 81 59 38 98 51 60 42 17 48 35 20 63 24 1 5 30 76 81 2 1 29 97 66 64 53 27 100 80 10 22 88 63 22 66 85 71 60 61 48 8 10 75 18 96 16 5 54 1 83 89 97 68 15 94 20 69 41 52 59 8 52 32 91 37 98 16 16 76 49 51 83 74 30 19 50
41 16 50 18 70 26 91 86 99 62 25 53 36 5 62 32 29 69 20 41 67 86 7 82 90 67 30 75 16 15 52 36 5 86 66 1 81 82 100 62 17 60 60 94 58 53 69 70 43 77 75 44 72 5 56 32 57 70 32 21 58 31 70 36 85 94 100 25 69 46 8 11 15 27 24 54 92 83 90 25 28 43 68 59 27
8 51 53 77 73 92 15 97 35 60 12 90 33 31 12 69 55 46 78 31 29 99 9 75 8 62 65 7 46 85 44 9 60 78 38 95 38 69 92 20 28 100 67 52 96 81 64 13 41 98 14 46 39 49 83 52 94 42 34 48 38 89 9 50 49 3 21 18 80 5 79 11 70 45 76 2 68 13 39 14 93 5 57 12 91
10 27 80 4 81 70 38 14 11 91 70 72 35 24 25 71 56 1 91 20 46 37 52 38 38 12 24 54 42 4 48 71 100 28 72 86 30 89 1 40 83 14 44 97 30 67 95 92 44 24 32 31 93 95 75 43 66 10 32 60 77 9 20 18 70 76 54 14 95 17 26 97 89 79 100 39 78 75 1 77 17 2 70 47 74
64 58 59 64 85 93 23 77 68 10 67 67 37 52 41 30 85 61 60 80 35 10 53 46 47 39 80 42 76 72 90 46 83 75 21 81 56 97 24 76 72 27 22 65 90 5 25 69 1 56 92 29 60 27 29 24 63 34 47 52 72 65 63 30 64 48 48 93 87 96 96 92 60 60 43 74 71 73 61 16 53 16 89 66 46
27 36 75 24 42 45 60 51 12 55 88 21 77 73 52 4 71 28 72 40 52 78 90 64 32 72 92 3 29 59 100 98 1 29 66 3 7 60 82 16 12 96 23 34 33 92 3 63 93 25 80 24 79 66 31 6 68 73 79 77 4 60 34 89 89 11 97 24 76 18 25 97 54 26 31 23 47 27 52 49 43 73 78 8 14
7 41 22 93 21 49 53 72 78 62 49 42 1 76 29 94 4 56 69 95 87 32 92 16 13 12 44 38 90 37 85 96 59 66 15 23 24 93 100 60 49 92 93 90 53 98 80 90 88 44 16 81 41 81 94 50 84 49 39 31 90 51 55 40 58 7 5 48 35 69 63 34 18 58 15 95 16 20 51 79 7 37 30 95 99
77 80 42 48 96 18 87 53 93 74 17 27 17 56 23 98 8 61 70 65 42 42 62 43 95 5 57 78 55 82 51 59 61 45 62 28 100 53 69 86 74 67 24 21 15 69 14 79 7 14 5 89 1 44 30 6 32 93 82 4 23 28 69 49 89 84 55 45 71 96 28 38 25 9 45 6 30 15 3 60 35 39 4 25 13
12 6 51 91 16 32 33 14 16 54 32 95 13 87 68 79 87 57 47 83 24 68 15 62 43 94 73 62 61 48 18 11 74 89 56 78 61 30 81 37 12 81 10 88 97 63 39 36 35 71 12 26 48 1 33 52 97 31 55 7 40 81 19 79 65 56 38 46 17 53 40 97 55 32 95 53 91 63 95 8 32 47 52 22 32
61 95 55 68 22 74 48 29 25 60 65 88 63 55 98 86 22 1 73 81 11 3 21 87 42 49 37 75 47 90 3 35 70 4 12 47 2 50 24 14 92 17 90 55 29 44 33 84 41 98 38 86 51 91 48 22 58 24 81 3 54 78 74 24 19 43 54 70 58 51 4 37 3 76 66 46 55 35 91 9 66 91 54 56 47
25 80 89 94 71 59 60 88 5 100 46 82 89 83 24 42 76 64 31 58 53 67 56 22 72 78 1 96 39 44 18 90 51 4 87 77 62 92 84 87 73 62 89 60 24 49 24 52 81 93 33 70 61 4 61 60 79 14 98 76 16 35 64 84 74 50 15 68 16 60 82 6 78 30 64 27 19 21 89 60 70 67 78 58 27
78 41 74 69 6 77 26 95 49 53 97 43 81 59 4 48 39 50 46 59 28 77 64 14 1 76 67 11 23 46 81 21 30 96 93 54 81 65 80 70 56 82 42 8 92 67 36 82 95 95 30 90 40 3 27 71 20 93 24 10 5 97 31 92 25 29 17 69 16 93 23 97 40 74 14 26 65 24 18 43 97 7 70 54 52
97 45 91 5 49 23 87 45 17 63 64 5 19 17 19 21 13 56 87 85 12 43 95 22 54 50 40 39 84 69 52 64 34 10 8 48 45 43 35 60 14 72 29 29 13 46 30 40 43 55 35 23 29 42 21 56 52 68 58 34 55 76 62 55 9 43 60 28 94 84 23 4 46 76 42 39 8 5 48 52 79 45 72 68 54
87 40 46 99 94 63 32 1 96 41 97 64 57 30 17 70 14 59 15 33 31 1 81 56 29 7 8 28 42 67 94 8 49 98 6 45 34 43 50 55 98 85 91 42 65 40 59 20 32 98 74 14 47 51 41 64 45 86 39 22 76 5 30 81 9 62 61 48 100 3 74 15 72 33 41 98 77 98 9 50 49 70 75 28 5
37 98 2 73 3 20 40 95 41 71 44 10 84 58 15 34 2 49 66 27 82 94 66 12 25 81 58 9 47 59 73 39 78 23 12 35 77 84 51 96 94 68 57 93 79 87 44 93 17 93 2 82 48 50 1 20 87 56 2 15 99 15 43 79 47 32 60 5 2 33 24 2 73 42 12 3 26 93 9 14 39 60 47 83 6
30 93 74 12 36 63 85 72 90 50 48 26 93 48 99 17 90 85 81 20 86 94 72 29 81 2 13 75 93 27 18 27 24 96 63 35 98 83 14 63 67 75 17 72 9 80 37 69 80 35 8 70 11 48 26 92 28 63 80 2 97 62 17 49 9 68 77 3 99 54 33 80 1 71 21 37 12 5 86 36 35 54 9 23 22
27 37 61 2 52 35 25 58 65 14 71 42 37 33 6 27 69 67 29 3 8 40 44 55 78 88 41 94 14 29 50 19 36 12 79 38 3 52 12 31 30 38 64 37 69 79 9 77 25 25 39 4 49 83 28 66 12 35 46 32 23 93 63 69 13 15 54 44 88 94 75 83 4 32 8 66 57 24 78 33 58 12 47 40 70
33 52 56 84 43 50 75 24 82 87 51 30 73 32 54 76 58 100 98 22 52 89 96 56 70 3 83 12 51 90 79 74 7 98 5 1 47 100 26 79 62 72 43 81 77 56 22 18 84 21 46 99 37 81 33 6 53 27 61 46 70 1 60 63 37 81 10 72 99 60 77 37 52 74 18 11 16 33 51 79 5 56 31 93 35
44 13 30 9 65 69 57 98 93 84 17 41 32 75 51 44 54 67 62 46 47 64 65 13 27 28 88 97 55 73 25 94 63 99 77 14 49 50 80 58 14 29 58 72 83 100 52 14 71 88 76 85 48 84 52 91 27 32 86 6 98 18 29 87 30 90 35 61 78 56 14 98 77 7 96 69 25 42 62 98 86 42 53 41 82
100 64 32 52 52 91 53 21 70 23 91 47 64 36 26 90 93 38 16 11 63 60 92 11 22 82 97 56 47 71 43 17 57 29 29 58 3 34 66 30 42 58 64 23 58 75 66 36 24 43 51 29 59 10 43 77 69 89 12 79 29 8 42 47 29 100 99 18 35 30 24 1 30 47 8 17 57 6 1 72 3 49 23 66 38
67 6 46 48 33 55 1 66 42 45 43 75 75 93 57 6 90 4 84 65 60 93 22 87 5 48 95 93 77 59 51 40 63 75 35 2 93 35 28 26 57 50 99 57 90 98 68 25 21 3 85 1 50 66 71 94 93 86 58 7 8 7 42 3 6 55 63 82 43 22 85 43 85 79 84 65 62 23 16 74 55 81 91 75 53
18 32 87 44 66 38 82 57 75 39 56 68 1 99 50 36 85 40 33 61 19 45 16 17 88 3 72 49 71 11 26 82 12 26 16 11 31 48 46 23 76 76 4 71 70 56 32 98 51 63 36 93 68 38 62 57 76 14 9 64 96 55 61 59 10 11 60 98 66 36 48 21 79 48 38 58 76 14 59 45 35 85 28 70 86
5 23 85 34 27 83 75 10 73 10 45 54 68 86 20 57 100 95 15 12 28 56 6 44 100 90 35 5 26 25 7 78 56 73 68 28 75 46 80 80 45 57 73 29 56 71 56 1 83 98 3 98 36 98 3 26 17 3 23 53 10 59 11 21 80 85 12 10 3 4 15 56 94 72 28 48 4 21 2 45 65 54 52 21 42
19 25 76 55 85 59 72 90 63 48 77 44 52 37 1 52 78 46 52 55 63 18 55 39 78 11 35 62 53 63 31 65 32 59 67 99 81 78 83 34 84 1 79 72 7 96 66 88 58 31 8 49 75 84 69 74 9 22 61 68 43 19 40 33 99 57 98 38 11 46 4 39 25 48 49 17 64 46 57 6 19 91 71 81 53
69 77 41 38 23 60 49 54 62 20 5 88 36 9 5 24 75 34 51 44 74 25 74 43 98 92 98 19 29 17 61 86 35 40 74 35 67 21 43 87 57 47 58 27 97 78 13 41 25 82 51 49 37 32 57 26 59 60 26 82 71 97 28 100 87 48 84 83 1 20 70 91 49 35 7 80 82 100 2 94 84 6 46 99 4
40 20 84 66 79 70 7 3 40 83 95 95 8 14 58 7 48 84 56 95 34 45 23 77 2 29 76 16 83 44 27 100 49 37 54 83 19 45 68 54 35 59 3 54 58 9 11 70 71 33 48 40 50 7 34 22 29 23 50 20 5 51 9 17 80 65 92 39 92 77 6 65 84 69 73 83 97 21 50 26 22 87 49 6 31
93 53 27 39 87 86 67 70 40 27 35 41 49 35 73 52 39 82 60 58 32 28 6 76 48 10 64 61 2 25 70 55 1 64 61 68 46 20 14 45 83 61 72 95 80 67 79 1 62 26 91 59 94 10 28 5 74 74 8 49 51 3 45 79 80 3 12 43 64 83 65 36 44 43 54 11 34 62 16 11 18 15 44 45 73
43 82 2 82 11 56 75 91 20 65 66 37 32 35 65 73 47 63 14 63 27 58 74 46 10 2 17 2 65 6 83 94 11 74 2 31 17 26 77 72 59 24 82 44 1 4 81 48 25 71 74 19 16 4 82 37 10 86 46 50 56 8 82 17 71 41 74 80 25 71 25 61 93 61 41 33 4 33 27 68 43 12 95 17 16
80 21 22 52 94 57 4 10 9 35 40 44 98 7 77 70 19 89 67 33 76 50 67 27 96 63 28 32 49 31 9 1 95 100 50 27 72 8 86 1 44 33 30 35 90 51 16 88 33 6 69 89 30 67 68 36 54 41 20 83 72 11 23 85 62 100 6 21 47 5 55 100 55 75 79 11 55 68 77 1 32 16 78 87 4
91 13 80 28 59 20 63 26 18 16 19 82 32 37 78 96 13 66 61 91 12 84 35 19 12 88 28 15 81 71 18 78 78 38 72 62 32 67 47 31 18 3 15 45 87 43 38 14 95 46 18 48 92 87 13 72 13 48 4 35 58 44 97 20 28 74 8 27 41 12 3 55 84 32 17 58 23 96 61 99 45 3 10 3 76
87 15 31 19 3 4 90 20 52 93 10 24 78 27 92 1 82 55 39 24 19 66 69 95 18 25 61 92 83 30 91 88 90 80 38 51 15 96 32 11 48 3 45 80 48 14 97 70 71 16 55 86 34 32 73 9 82 16 53 66 94 83 17 13 71 87 88 38 60 39 7 32 6 31 23 95 98 94 71 88 30 22 33 20 18
91 28 40 96 74 77 34 71 32 14 19 25 50 39 48 11 65 69 93 56 89 76 62 83 56 22 21 57 95 87 76 86 29 61 15 48 84 45 64 61 23 84 80 52 80 19 29 99 55 50 47 11 28 60 98 8 33 47 58 96 95 56 17 56 24 46 29 6 44 3 16 85 19 45 20 48 14 58 21 64 75 10 17 6 17
2 18 83 59 96 25 67 88 77 31 66 68 11 15 29 88 50 28 33 50 87 29 8 5 85 51 81 68 98 60 32 74 74 26 74 11 93 91 37 70 52 11 30 77 82 69 34 46 76 56 22 99 70 79 91 42 83 57 21 23 39 66 10 53 22 61 89 62 15 44 15 39 74 7 28 1 19 68 34 99 79 99 66 48 5
10 96 82 56 97 91 84 86 71 11 29 34 89 5 77 43 28 2 98 96 74 95 81 82 24 52 64 57 35 30 12 21 51 64 33 71 9 47 68 66 48 90 51 88 46 61 93 6 32 98 56 34 90 72 85 97 26 52 23 7 87 25 56 97 58 20 92 58 72 62 73 60 39 59 41 10 82 32 67 9 98 72 46 62 37
55 7 41 80 28 39 3 39 3 46 40 57 9 90 82 35 3 87 23 81 15 6 48 24 41 18 88 25 74 86 57 100 79 4 57 39 93 23 50 11 46 33 82 79 26 36 37 92 75 61 62 61 53 12 23 32 14 27 78 95 16 19 36 68 50 15 20 85 2 100 64 83 8 27 70 75 40 91 61 25 85 41 35 47 20
35 76 50 88 32 31 86 15 58 74 97 74 52 100 57 43 41 45 96 81 39 20 58 41 88 91 34 27 46 99 29 68 9 67 54 74 56 97 77 5 25 99 40 22 31 64 32 44 80 27 74 58 19 26 37 24 45 43 66 60 47 95 72 46 82 24 42 72 75 62 29 37 4 35 33 50 38 98 77 83 24 16 3 3 59
68 31 31 27 11 97 43 31 76 75 39 32 62 68 51 64 95 36 74 20 43 93 84 66 94 41 49 29 88 2 59 89 41 24 100 96 34 67 27 95 63 5 56 51 39 96 44 58 10 24 34 71 8 47 74 25 48 49 73 84 67 86 98 1 96 19 30 98 14 22 76 18 92 7 48 21 91 31 61 65 41 35 29 68 46
45 71 100 44 69 13 56 79 14 88 24 12 89 9 22 59 61 12 44 41 23 64 18 30 5 79 18 9 14 30 12 65 41 25 78 71 57 65 76 97 63 66 76 79 29 37 50 33 21 20 92 77 11 18 17 41 61 61 71 66 59 91 28 10 84 10 78 16 84 36 37 10 89 18 45 97 55 32 56 8 70 96 17 57 2
98 44 20 21 92 78 87 89 10 35 83 89 50 20 20 19 44 56 89 23 75 98 17 16 98 55 93 48 70 16 26 65 36 17 24 28 2 97 23 5 52 7 54 16 70 6 99 75 88 39 97 24 10 32 64 3 79 10 79 44 84 87 48 83 47 72 26 62 1 13 7 66 82 56 28 69 49 84 54 51 1 93 94 80 59
41 9 57 27 5 8 43 20 1 96 30 4 86 62 98 33 6 31 69 41 19 50 14 71 98 73 73 28 56 22 17 34 46 47 12 48 6 38 51 66 8 24 99 17 60 94 96 77 48 66 50 62 37 90 66 19 11 92 7 63 88 13 3 37 82 41 51 66 76 65 57 28 60 23 82 45 18 64 80 48 50 77 89 2 37
43 15 95 68 92 94 10 52 32 90 76 95 75 52 52 6 26 63 11 96 4 40 65 36 15 95 24 97 88 73 12 11 95 1 64 12 10 23 21 26 96 80 47 32 23 35 70 19 99 74 62 80 84 58 80 35 63 80 46 68 20 66 24 67 31 49 4 74 10 100 3 96 60 12 85 86 14 11 23 41 4 31 79 63 76
87 21 87 33 33 46 39 17 49 93 74 76 79 23 16 90 35 95 40 47 70 55 30 67 14 7 80 46 12 47 56 77 77 94 36 13 58 58 52 12 34 50 95 29 33 23 15 63 22 56 60 12 100 64 72 97 96 24 87 42 72 38 83 68 71 38 98 70 56 54 44 4 25 67 44 17 88 72 67 53 24 85 45 27 76
79 36 95 1 67 35 26 88 94 79 46 40 27 100 51 87 48 33 20 38 56 17 45 88 62 27 98 24 80 13 44 83 65 66 19 53 45 82 60 32 37 98 22 10 21 7 43 94 65 85 79 28 86 73 98 78 89 49 81 70 10 53 17 94 45 84 47 86 84 83 29 80 27 17 38 56 59 50 28 11 14 72 1 13 42
19 58 97 27 31 35 80 33 37 84 9 95 67 30 33 1 80 45 54 48 5 78 34 70 1 54 47 39 4 19 44 76 23 7 9 71 10 46 49 33 48 4 76 40 93 26 1 16 77 28 14 21 27 56 13 20 37 12 80 12 37 12 17 4 2 7 44 7 58 45 18 88 87 55 64 2 12 82 22 25 42 12 62 97 81
78 37 32 74 26 73 55 80 71 78 44 81 42 90 9 81 51 35 94 61 69 24 10 9 70 44 37 10 32 28 38 54 34 69 35 28 98 67 3 63 4 50 68 99 99 43 5 84 43 98 9 87 34 28 79 71 6 37 59 53 76 23 61 40 90 53 72 7 65 29 93 58 21 14 75 66 35 60 93 23 82 66 41 6 2
53 13 53 63 23 14 65 66 12 73 61 91 35 97 61 89 10 53 83 80 47 84 97 47 92 75 26 35 46 55 57 89 36 19 34 6 86 83 79 53 39 17 57 100 7 24 84 91 50 86 18 43 63 69 8 55 29 18 41 77 76 8 57 92 52 18 10 40 33 88 49 57 88 58 81 53 7 11 3 13 47 80 19 15 82
63 25 58 32 13 30 88 48 78 48 25 45 88 11 82 64 24 49 27 85 74 34 84 12 68 72 33 93 47 29 29 4 53 22 31 78 15 94 20 86 13 22 3 35 83 44 55 84 61 97 27 47 64 4 35 76 7 43 51 17 22 80 80 73 61 40 28 28 58 62 86 90 52 6 72 27 81 71 51 77 6 27 25 44 37
68 44 55 13 88 58 93 97 82 59 56 85 15 1 87 83 33 30 10 39 23 35 59 2 89 57 24 58 35 7 91 85 9 60 64 88 94 92 15 40 20 78 75 96 45 26 25 4 58 13 62 31 41 83 92 95 51 35 25 81 13 97 3 39 5 38 23 46 64 72 3 56 40 40 84 47 19 88 94 99 51 86 16 68 30
12 97 55 67 34 63 44 54 29 52 1 18 60 21 43 52 78 48 1 20 1 53 7 37 25 50 21 98 75 72 93 14 59 62 7 56 85 45 58 8 95 28 34 11 80 60 81 15 33 47 91 23 71 96 6 38 16 9 53 10 38 50 77 33 47 11 70 70 75 57 56 83 88 93 98 67 16 86 13 95 18 35 40 22 59
88 38 70 95 55 11 5 20 88 22 76 33 98 1 43 15 33 5 75 71 59 2 42 20 89 47 22 69 73 61 57 4 35 18 5 100 69 83 55 50 10 72 51 99 49 80 89 79 50 88 25 13 55 29 37 53 32 41 22 99 52 97 78 68 98 25 3 90 17 88 25 100 82 36 49 100 13 24 59 69 96 38 90 68 7
27 26 39 100 76 16 66 22 47 44 2 57 18 55 26 53 81 56 54 51 21 54 44 93 44 3 54 75 75 59 86 35 1 97 88 92 88 69 21 5 75 85 52 15 31 25 47 73 79 28 78 73 8 35 43 68 19 34 85 5 58 39 43 25 21 96 90 63 78 100 97 31 73 72 96 36 40 71 99 80 91 87 19 81 27
78 94 2 97 48 27 23 62 5 84 99 92 90 14 79 36 49 67 24 92 19 65 51 32 56 91 65 46 92 83 71 67 80 71 17 78 19 34 39 28 88 40 65 79 100 48 16 23 53 18 51 43 56 17 37 67 75 21 7 74 34 56 72 28 82 18 58 32 93 98 87 34 42 83 30 10 20 99 50 91 14 88 42 53 22
59 83 31 7 13 44 69 11 6 91 92 77 35 91 67 25 24 83 83 36 29 86 50 84 14 91 97 78 77 33 1 84 66 79 59 85 9 78 86 98 68 77 42 11 77 20 79 94 54 7 47 77 53 55 58 60 15 60 96 6 43 76 40 66 19 33 24 74 29 79 98 27 3 57 63 1 42 44 10 19 20 87 30 97 58
59 36 17 38 29 19 67 21 10 70 95 67 24 96 75 95 24 43 16 86 44 46 36 41 55 13 87 81 43 49 21 38 87 44 88 60 34 45 80 98 50 12 66 37 32 55 72 63 32 94 10 74 91 27 7 19 27 5 56 90 14 97 18 66 67 4 65 97 31 54 95 57 64 7 11 6 95 22 5 35 11 71 34 9 26
47 39 78 28 89 39 9 16 68 9 65 33 35 92 24 37 99 66 10 55 82 46 98 11 58 73 75 11 12 86 39 60 93 34 38 61 45 25 22 16 98 51 10 38 12 65 1 46 18 80 49 30 49 20 71 25 3 25 19 17 83 94 73 42 45 25 9 2 70 59 54 24 32 41 80 28 37 3 32 82 84 95 49 85 36
76 80 26 76 28 71 34 46 53 60 40 90 8 54 46 58 12 18 32 59 3 50 20 5 24 67 16 15 72 53 57 89 77 82 59 82 77 96 17 16 64 45 36 34 19 94 63 2 51 73 84 23 67 83 72 42 68 10 36 82 11 68 67 58 77 22 28 57 57 33 100 2 77 1 42 76 23 12 55 95 35 24 34 58 78
28 83 81 14 70 85 33 91 4 24 47 44 51 95 94 13 98 14 78 91 86 53 11 38 76 77 96 76 89 87 77 17 46 10 45 74 64 8 86 37 43 35 78 98 90 67 41 29 43 77 41 5 16 63 74 57 82 40 95 27 34 20 65 97 32 76 57 5 60 52 91 41 40 47 93 66 10 25 21 23 29 11 45 27 12
95 27 39 5 27 31 66 82 6 52 39 18 87 15 45 86 47 59 8 5 63 60 34 7 50 9 52 48 50 22 47 55 46 38 93 77 99 48 48 29 33 25 58 61 54 2 89 47 74 53 24 42 38 55 24 81 23 64 77 62 28 7 23 90 96 44 58 26 67 58 68 19 8 86 90 6 24 52 85 75 83 31 84 66 7
80 11 50 28 31 24 82 8 99 23 24 36 68 56 54 82 42 83 58 49 67 56 94 13 90 18 28 39 19 57 26 93 1 61 12 79 39 56 84 1 91 45 20 81 46 95 25 52 93 78 79 48 11 9 85 71 98 33 55 34 64 84 25 46 59 77 55 27 77 2 70 79 6 28 83 62 69 27 85 84 78 23 61 35 12
54 81 36 73 5 37 42 33 17 7 85 100 26 15 41 83 93 39 42 26 96 66 24 99 7 8 17 39 8 4 69 38 86 37 81 10 31 92 93 37 43 92 14 69 65 20 48 13 60 78 79 67 30 29 94 47 18 58 91 52 4 63 77 22 66 65 33 75 11 74 60 40 22 12 70 72 50 71 95 64 9 44 70 69 86
58 89 38 83 22 59 90 66 32 46 69 12 38 7 39 4 58 74 23 77 21 27 16 21 41 38 44 69 74 92 39 31 47 6 52 75 4 30 12 2 37 38 32 48 40 1 100 75 43 90 76 20 75 47 59 51 80 11 27 27 44 98 98 4 70 81 60 30 50 53 29 54 43 35 86 58 66 94 12 18 26 44 40 38 53
13 70 95 22 41 36 18 12 15 12 17 8 3 6 83 22 72 94 49 73 61 38 44 78 39 100 90 87 30 11 48 52 57 57 1 33 50 21 85 100 81 95 67 47 43 45 32 98 28 23 44 45 44 25 23 40 31 49 17 31 94 7 67 57 24 3 20 78 33 99 66 46 70 41 76 1 81 45 82 24 40 29 90 59 13
80 50 17 91 70 72 27 97 73 24 16 76 83 90 44 42 14 96 46 37 31 37 16 32 24 93 16 37 71 20 8 87 48 19 50 37 16 62 28 38 4 17 92 29 60 66 43 67 90 87 82 15 66 57 37 66 85 76 8 51 97 2 47 35 38 23 81 21 45 87 4 85 41 46 58 12 39 94 11 99 100 63 5 2 42
72 54 15 25 87 21 50 15 69 9 68 73 16 92 59 47 2 24 25 83 17 4 69 59 55 56 36 70 35 17 82 70 19 80 93 24 45 79 31 10 33 51 41 30 91 26 56 13 64 52 82 80 95 6 16 96 64 4 22 13 88 48 59 96 2 77 27 77 63 84 29 75 98 24 22 70 76 33 41 28 34 11 23 51 1
50 72 52 47 72 24 37 50 79 2 54 85 31 63 35 74 86 63 65 8 21 30 57 50 81 68 91 2 34 63 78 55 14 94 50 88 55 74 80 26 58 48 32 17 84 75 73 61 49 53 28 33 89 89 48 93 13 43 8 76 8 3 51 57 52 77 68 83 26 87 1 45 81 4 57 96 50 38 49 48 94 94 74 39 86
30 23 86 29 29 62 28 58 82 17 3 39 95 65 43 90 78 95 85 86 31 42 24 69 22 40 96 61 33 27 65 57 8 9 70 47 92 39 91 33 3 25 98 18 15 90 51 85 63 41 47 51 16 3 42 78 46 73 22 71 46 57 26 30 91 46 65 89 20 73 9 42 79 57 5 24 29 37 9 13 54 89 11 100 5
51 47 66 21 44 88 33 27 78 28 35 50 73 4 66 94 60 10 8 75 1 30 49 100 26 59 79 97 50 98 36 3 82 27 34 11 10 4 81 79 77 80 50 22 89 42 17 28 14 24 2 76 7 13 44 70 74 16 27 28 40 55 66 31 92 28 25 64 19 57 45 9 12 2 53 48 31 18 30 8 19 20 69 9 59
91 74 53 89 18 72 88 92 45 58 99 82 38 56 3 20 20 85 17 70 87 99 90 67 11 50 71 45 38 72 47 32 18 51 57 82 21 26 59 52 24 37 19 65 12 91 37 21 5 6 43 11 7 71 85 59 29 16 57 73 44 5 80 2 63 63 5 54 61 86 96 61 36 84 93 55 35 37 51 17 20 71 72 44 27
89 40 73 33 24 32 40 23 75 28 65 90 97 47 53 15 53 75 80 86 98 1 20 49 100 92 90 98 100 48 99 7 68 7 14 48 57 87 22 20 5 84 51 81 51 5 11 14 35 52 15 100 89 98 44 32 23 18 31 40 7 33 82 40 78 22 48 93 34 100 62 91 88 30 12 51 32 92 99 100 30 59 95 38 53
2 81 17 73 91 91 77 43 47 70 35 70 96 94 47 14 46 27 61 29 76 75 52 74 19 90 79 5 95 69 22 63 14 48 48 28 60 76 27 82 48 89 78 86 57 15 50 59 10 71 99 93 5 88 5 36 69 41 2 93 92 65 81 48 84 25 93 17 52 8 61 85 39 38 25 66 90 87 30 4 57 20 66 87 27
7 10 78 73 71 92 46 90 72 86 39 48 76 46 13 91 4 64 40 50 20 40 42 28 95 23 79 99 57 87 62 3 97 51 95 36 69 72 76 1 52 42 98 9 48 38 80 36 65 38 26 50 84 71 56 38 13 6 29 68 34 100 78 24 65 90 10 1 67 89 6 20 7 63 61 57 18 54 1 49 17 4 32 70 88
70 7 94 57 45 55 25 55 100 47 15 60 36 90 74 71 89 71 31 93 34 63 85 31 16 71 61 45 34 48 98 18 38 85 95 15 38 87 21 6 37 91 66 81 97 77 30 35 42 39 22 27 16 53 40 25 8 34 32 82 45 87 84 65 35 15 47 98 11 72 5 22 45 79 98 4 41 17 59 95 81 88 10 94 75
13 96 99 36 8 36 30 53 96 43 25 5 77 19 14 10 38 38 75 11 40 4 55 92 88 14 56 85 80 44 54 13 11 13 90 77 91 50 73 5 68 83 36 64 89 17 65 33 75 53 46 42 4 46 95 70 85 8 86 79 84 73 82 30 70 16 42 23 89 78 16 8 19 15 50 95 57 24 90 14 47 20 40 95 49
80 78 12 54 45 35 55 99 67 55 73 30 10 99 89 43 76 44 55 12 44 71 70 88 51 59 69 20 73 55 48 41 6 77 53 39 23 88 17 70 68 49 83 58 7 2 57 79 18 76 47 64 59 33 2 24 12 42 91 54 25 53 67 9 99 10 48 66 94 31 9 8 10 30 90 96 21 4 27 14 4 6 4 18 45
26 4 63 1 65 83 52 94 58 9 37 1 99 81 6 24 2 46 10 28 82 68 98 15 43 96 32 89 37 84 97 80 7 7 41 27 11 72 65 50 48 17 4 77 20 86 72 98 70 56 3 99 95 67 6 73 99 55 61 37 15 87 97 58 94 59 60 39 96 4 92 48 40 20 99 98 100 90 65 56 65 88 41 4 68
22 34 96 88 43 8 38 70 100 7 13 20 38 58 96 20 3 100 29 77 52 71 68 58 2 4 75 45 67 87 94 65 8 65 17 8 29 94 92 62 9 49 39 32 71 87 43 60 71 10 28 47 22 36 5 92 100 57 44 8 97 69 9 77 57 52 93 85 98 81 23 59 66 35 64 29 82 8 49 36 17 51 29 42 94
48 2 86 42 97 3 5 64 56 30 12 8 40 27 15 78 33 65 61 30 40 97 63 24 67 14 54 12 73 68 82 68 9 21 9 35 62 42 3 68 80 73 14 18 99 88 45 26 69 86 13 67 46 93 68 15 71 17 57 99 55 48 61 45 21 39 35 19 30 95 72 44 93 12 29 44 28 9 72 51 74 49 11 61 47
15 79 25 91 83 20 84 9 49 83 83 93 4 98 33 99 24 12 67 83 4 77 18 56 13 77 31 37 47 91 95 78 10 45 18 85 97 21 93 16 3 5 9 79 77 78 15 95 45 90 29 40 69 48 50 10 60 84 40 73 76 92 74 99 75 89 82 53 47 100 54 64 11 44 54 63 98 67 5 24 1 71 22 73 81
78 97 76 48 56 70 17 20 94 25 28 1 75 84 88 2 39 93 80 77 65 65 19 62 18 20 48 12 96 19 30 27 98 80 95 99 27 63 2 100 20 35 19 66 56 5 100 23 44 8 86 91 94 81 39 55 22 23 38 65 13 40 34 74 79 77 90 22 34 96 57 91 34 43 31 4 99 58 42 51 43 80 42 52 97
96 35 30 81 100 59 84 32 37 25 40 56 81 32 75 24 2 81 63 80 56 86 30 1 65 15 60 4 25 16 13 25 41 77 29 46 70 21 94 79 5 34 95 23 89 81 67 99 40 23 4 99 39 99 28 51 60 7 81 74 99 19 9 79 49 28 76 76 61 58 86 44 11 94 82 11 10 57 82 69 17 9 37 91 54
30 72 65 44 33 16 54 65 61 44 16 21 36 55 14 16 56 28 1 37 7 5 33 97 83 88 57 33 40 13 55 40 88 94 32 70 26 60 71 87 7 81 70 24 89 5 76 25 53 81 47 28 1 99 11 60 3 43 5 20 31 8 94 4 28 75 93 50 29 2 60 10 91 36 85 47 77 97 67 51 23 63 5 62 34
98 77 89 80 76 84 53 44 70 99 32 56 48 48 78 95 71 54 93 77 100 38 63 61 85 81 38 57 68 65 6 8 40 8 15 26 67 41 85 6 20 63 8 58 69 43 66 62 89 83 2 14 57 72 13 78 18 54 78 45 10 49 10 47 61 39 25 34 68 93 34 41 42 11 77 99 68 9 13 85 34 37 48 17 7
55 15 18 98 68 95 32 61 7 54 80 11 84 95 32 24 76 98 32 70 2 27 13 91 19 39 57 16 95 29 54 16 37 52 57 51 9 92 45 51 14 85 98 98 84 100 8 57 16 27 65 63 30 53 26 84 61 78 16 3 10 39 70 58 79 59 33 53 88 78 1 12 69 27 4 26 89 89 2 28 59 100 7 57 81
15 45 99 43 38 71 46 52 44 58 98 70 27 93 16 35 30 89 1 19 70 38 91 67 18 84 93 12 4 65 61 74 37 75 26 1 99 55 63 37 41 10 7 75 58 81 42 88 2 17 27 39 77 25 36 27 38 99 50 78 27 90 100 25 64 59 22 21 72 23 50 63 8 8 67 39 83 71 100 55 14 54 1 2 11
99 47 76 20 84 73 42 19 93 17 100 64 83 35 84 50 30 94 84 49 26 66 85 41 82 85 52 12 24 56 9 18 63 45 46 64 53 19 99 97 57 78 97 32 8 68 44 52 9 92 47 74 8 38 55 2 12 46 46 62 57 36 8 89 11 23 18 40 93 23 99 72 75 61 5 97 80 88 48 49 9 22 46 70 89
5 2 78 86 93 38 35 84 22 37 7 69 65 38 75 24 19 1 15 25 82 47 1 57 54 15 68 88 31 83 33 21 7 42 73 60 2 8 12 13 96 12 86 95 98 49 64 58 14 56 91 49 98 7 72 54 3 12 89 70 83 46 47 6 69 45 68 85 63 95 87 83 59 75 57 97 67 4 26 30 67 92 51 90 90
93 87 6 80 30 13 92 24 65 22 75 40 42 59 49 30 51 68 2 14 63 80 6 71 95 13 50 37 9 12 65 45 82 70 54 67 4 23 28 4 20 58 73 48 52 97 46 29 34 75 15 51 65 85 59 88 7 7 77 12 91 13 17 82 90 83 34 15 65 31 33 28 95 37 65 99 88 84 30 56 15 13 57 70 44
86 72 65 35 43 20 75 76 3 45 93 23 13 95 10 2 84 77 56 91 5 3 24 58 30 1 83 86 89 84 70 96 41 82 27 32 18 9 61 91 3 67 87 76 53 36 54 1 79 65 64 55 62 22 37 44 47 48 16 88 31 88 23 91 42 32 7 84 1 52 84 37 28 56 70 17 41 82 53 77 89 44 86 82 66
73 81 48 6 81 18 29 35 78 46 20 8 70 44 40 49 69 48 57 49 41 71 44 18 98 94 59 82 73 5 50 4 42 17 81 2 91 67 16 8 26 99 60 14 93 7 27 1 35 30 28 48 69 7 7 60 35 98 24 10 58 10 36 30 27 71 6 82 94 81 30 56 11 12 26 66 63 38 66 94 91 63 57 44 24
61 59 66 7 44 46 39 72 46 85 84 92 73 18 28 3 65 57 67 17 77 17 78 52 69 1 79 79 6 98 64 89 54 91 7 36 4 76 39 59 95 96 19 100 10 2 62 100 25 47 60 86 36 90 72 26 34 26 28 89 84 58 40 78 88 30 53 32 42 66 47 92 88 48 33 96 99 31 37 77 22 65 55 13 61
48 1 88 34 59 88 14 44 45 42 19 63 45 53 89 15 57 94 13 85 16 56 62 67 53 97 46 97 68 100 22 75 73 76 60 39 11 18 23 29 44 87 97 34 72 19 87 94 2 18 36 72 71 48 70 58 26 79 91 18 60 51 85 77 53 38 46 80 69 66 53 87 60 86 44 84 74 62 11 45 73 35 6 48 57
79 95 94 12 59 12 100 51 7 9 4 1 72 81 55 97 22 21 77 3 57 28 69 61 16 87 63 65 97 79 99 2 81 50 97 63 90 12 17 51 45 43 10 85 88 79 48 73 58 32 78 42 50 67 77 41 19 52 71 66 1 81 98 13 86 53 37 58 84 51 31 11 35 4 35 24 48 32 88 43 79 35 71 23 73
66 9 60 61 50 53 90 55 70 41 21 93 5 85 70 28 14 44 58 36 93 37 100 85 96 53 28 69 10 16 72 26 30 49 19 90 63 12 96 29 43 34 71 29 76 37 18 14 90 69 64 70 83 32 48 14 66 51 78 14 91 66 77 47 72 74 29 28 75 58 85 33 7 65 18 100 90 100 9 74 75 93 44 34 14
49 21 30 10 70 62 27 83 70 33 11 23 84 28 100 25 45 45 87 31 99 36 57 96 53 16 72 77 58 41 24 32 14 73 22 77 30 72 9 21 89 40 48 90 47 41 35 27 90 94 20 98 66 91 79 49 39 51 53 1 16 99 18 85 54 29 16 49 21 92 37 33 72 26 95 98 55 13 94 44 81 45 42 43 51
87 76 17 27 48 84 96 93 63 10 43 79 81 75 14 58 59 42 20 21 70 44 73 16 54 91 82 14 79 26 99 10 6 95 19 80 66 42 8 82 40 28 65 54 65 74 34 40 56 30 15 58 30 93 14 38 75 51 54 96 96 16 73 26 46 37 44 66 17 63 3 82 15 13 88 78 43 9 88 78 95 51 49 84 85
22 92 86 75 64 10 30 56 25 62 9 100 55 88 82 69 19 54 71 37 78 25 52 21 35 26 28 23 96 96 58 66 42 20 25 76 34 62 6 12 35 62 80 73 61 28 5 92 37 74 53 89 5 49 24 93 95 54 30 87 18 80 40 70 53 19 4 3 59 90 44 3 54 76 75 34 58 20 64 90 52 18 20 93 46
59 87 5 14 60 13 2 64 64 21 14 29 43 79 34 8 70 35 44 16 20 77 11 26 48 24 80 19 77 48 100 84 20 3 4 54 91 39 27 86 80 3 62 6 79 29 26 57 92 3 34 74 16 89 25 14 10 31 65 93 72 79 9 28 76 93 24 57 56 71 64 72 100 68 45 47 14 69 92 26 36 49 89 10 25
24 28 62 96 50 70 7 39 72 68 77 7 16 84 82 85 1 90 1 11 56 6 24 51 54 80 33 47 21 15 14 90 90 87 23 81 58 70 47 70 63 70 16 90 53 1 47 94 50 20 85 79 77 89 21 37 80 88 87 22 73 16 6 52 28 93 6 94 35 33 51 48 48 70 60 31 84 97 63 69 29 8 71 58 28
88 35 62 75 37 93 16 5 7 37 3 28 38 91 77 66 37 31 8 19 73 3 93 29 55 71 53 90 99 54 10 40 25 90 60 69 84 22 32 87 90 65 77 18 31 6 23 33 55 76 33 65 73 5 28 43 80 62 18 93 18 48 73 91 85 45 70 54 57 17 2 16 59 25 34 9 87 74 1 93 84 11 7 30 96
29 63 20 74 19 65 40 52 27 41 44 52 19 63 70 19 78 22 74 82 67 71 78 39 49 46 91 6 83 36 57 91 41 35 36 90 63 90 59 49 60 23 53 13 89 15 40 61 68 5 16 47 2 55 33 31 59 39 100 32 64 95 34 42 8 67 29 18 8 90 69 18 73 88 7 96 62 9 13 23 67 63 62 62 25
71 21 69 57 93 96 96 55 48 77 11 9 91 46 83 28 99 25 83 61 81 45 49 66 32 78 83 73 44 16 48 11 76 96 32 16 80 76 16 98 14 43 85 82 32 100 2 67 58 36 13 5 20 47 76 16 34 11 79 46 13 78 42 30 87 25 26 47 8 49 50 87 76 7 45 55 89 59 82 95 57 78 1 26 87
66 71 33 54 88 30 71 36 69 30 30 1 45 10 60 11 4 100 55 49 88 63 23 80 56 87 1 24 99 36 53 87 69 34 53 82 23 93 31 55 67 99 32 86 20 3 40 2 13 53 6 39 58 26 44 44 76 79 59 35 77 86 28 60 87 13 69 80 56 25 76 89 88 96 50 85 41 71 89 51 74 66 31 61 14
42 41 23 10 86 65 74 42 93 89 27 27 64 68 90 17 7 53 72 63 73 16 78 64 94 18 43 56 49 55 37 35 70 48 31 89 42 72 13 5 24 46 5 27 73 83 75 49 6 60 61 61 35 77 78 89 76 68 72 97 89 86 94 85 93 25 100 97 33 1 84 85 45 82 24 75 22 89 38 77 71 56 54 9 95
31 78 72 20 51 44 80 79 62 40 36 66 71 44 67 65 27 66 72 64 66 63 52 84 44 5 86 90 100 100 50 100 53 16 47 44 92 62 26 83 17 93 41 51 75 3 28 19 69 54 17 18 50 40 95 99 69 74 98 96 72 66 45 56 33 42 90 93 15 29 41 12 89 7 12 21 93 56 78 68 61 27 35 31 93
45 51 63 98 78 15 48 1 36 21 26 73 40 16 80 74 40 15 52 15 93 42 38 64 99 12 66 72 24 3 59 67 70 49 8 8 53 19 60 67 34 31 52 33 89 59 5 47 7 58 76 28 89 96 93 32 24 4 25 96 25 72 43 88 31 28 52 75 10 75 95 43 81 94 88 68 100 71 30 44 82 23 24 69 33
2 18 17 76 13 89 41 75 52 8 41 4 80 2 25 42 11 3 17 82 70 35 15 42 54 44 39 89 20 32 36 33 96 93 60 77 54 22 4 40 4 62 57 33 36 22 41 51 27 72 78 50 41 60 86 27 60 12 2 69 89 91 81 95 36 19 57 10 26 16 26 79 70 67 93 56 62 69 74 3 33 19 21 18 86
56 4 11 66 98 100 98 86 34 17 48 98 83 89 12 35 97 27 9 54 57 10 12 23 60 39 59 84 52 82 76 34 96 32 92 88 89 37 78 27 7 49 85 31 46 22 69 13 55 33 21 60 74 58 15 57 5 28 44 61 8 6 27 24 27 18 41 32 20 16 32 54 40 68 84 40 54 9 96 12 23 52 4 11 44
61 22 100 54 38 83 14 62 99 32 7 37 99 37 74 17 25 41 72 1 60 85 30 34 72 22 82 37 29 94 95 19 99 65 26 75 90 69 75 68 57 70 78 77 53 8 26 65 3 38 38 52 7 29 57 15 91 53 34 92 59 4 93 41 82 51 77 19 41 7 57 83 62 70 58 83 58 53 96 24 18 35 14 37 1
26 58 84 15 85 3 34 93 72 51 67 79 26 44 78 57 93 98 10 20 35 31 37 38 52 79 7 3 93 41 59 36 35 75 100 62 62 92 6 10 32 95 27 17 71 7 16 69 86 84 31 48 10 7 22 35 84 90 63 39 53 4 76 83 72 44 15 69 86 35 30 24 35 9 54 96 87 73 48 54 37 98 28 41 52
86 60 61 47 68 64 96 85 37 90 33 36 99 44 52 5 18 84 68 47 54 36 71 53 14 42 24 81 79 35 76 98 21 56 25 43 48 18 71 29 98 18 28 49 92 42 49 86 43 68 87 30 35 68 73 46 83 12 98 26 95 5 91 79 72 46 63 57 34 26 1 48 25 3 4 63 55 57 55 83 91 71 35 7 51
96 57 27 47 48 92 66 87 8 31 26 81 51 11 29 22 93 6 5 19 47 64 26 48 19 100 73 44 34 87 76 16 72 65 9 85 98 14 86 41 82 21 12 93 94 18 91 15 3 6 88 25 85 48 20 13 98 5 52 94 53 7 89 66 20 44 28 49 82 66 41 84 3 33 19 36 89 76 32 87 5 43 13 44 22
62 40 4 90 20 28 84 82 2 3 31 31 27 5 43 66 96 84 39 57 92 93 65 47 71 52 77 41 25 68 35 11 57 90 45 23 87 81 49 48 39 65 86 76 69 23 63 42 36 7 52 93 55 64 66 89 65 50 66 44 85 90 60 43 36 28 76 46 80 3 49 77 32 27 96 68 98 60 76 60 41 85 6 47 37
54 26 71 32 73 55 50 3 14 18 63 75 30 100 100 81 69 1 40 24 18 85 5 61 38 91 89 39 43 32 29 49 69 22 97 23 87 78 21 90 25 5 74 23 91 53 5 99 35 46 30 65 45 18 56 33 66 93 33 25 64 93 38 69 17 57 53 36 96 25 67 49 89 74 21 97 90 42 27 84 5 10 30 17 77
38 38 19 43 30 6 46 71 25 93 54 84 48 44 73 25 80 42 57 33 2 84 70 89 68 95 8 4 82 43 40 81 100 59 93 5 16 80 71 74 2 22 34 82 89 42 18 33 78 63 86 21 29 78 92 34 51 47 48 95 54 54 44 82 68 24 85 63 91 2 39 1 63 31 42 15 7 26 60 74 39 24 100 60 54
27 65 87 55 83 21 13 94 77 24 13 73 27 7 84 92 6 53 10 84 10 74 58 50 3 79 71 27 25 94 28 46 40 21 81 9 56 73 51 50 1 83 7 80 13 91 8 82 77 44 59 47 61 4 90 30 5 87 66 62 52 99 78 67 12 88 57 25 99 68 66 56 74 49 12 23 8 88 32 25 78 98 61 74 36
11 97 94 46 97 7 9 48 36 39 53 22 55 79 68 40 23 12 64 81 18 29 60 89 50 74 76 20 25 9 75 97 11 38 31 67 47 100 33 14 46 10 15 5 46 94 26 41 38 65 21 2 29 91 86 78 39 98 32 13 97 98 80 29 27 12 26 26 58 66 78 28 47 41 8 95 63 9 59 81 78 78 19 16 42
48 25 42 82 39 40 5 81 75 64 8 72 46 52 50 69 4 98 78 73 71 46 85 46 49 80 44 46 29 64 86 15 45 79 55 47 88 97 81 33 7 38 66 93 3 15 57 83 78 40 62 75 57 51 15 92 40 86 8 9 76 38 20 43 51 80 83 53 3 97 82 94 45 26 37 62 28 46 31 50 86 41 58 53 52
65 50 93 10 33 10 18 99 64 86 26 58 55 83 85 49 57 16 33 75 58 94 84 84 58 61 40 40 24 2 9 50 9 38 71 73 1 57 8 57 49 84 20 9 70 43 38 81 7 44 48 41 58 79 67 79 64 6 14 90 37 8 50 42 41 4 93 2 13 42 22 67 33 45 98 78 16 90 67 77 27 11 43 74 65
95 22 3 90 68 49 13 91 38 29 79 17 99 42 55 100 7 24 84 15 44 98 31 1 82 32 82 26 78 4 31 49 100 3 90 62 70 2 20 63 80 59 89 77 72 31 81 18 9 34 57 32 41 28 2 44 3 14 75 42 69 42 95 65 72 61 63 70 42 41 35 21 70 3 34 34 97 16 79 68 75 10 91 3 17
73 46 31 36 99 98 5 64 40 76 100 20 58 28 56 33 10 66 69 28 67 64 22 55 94 81 31 47 39 57 33 75 52 100 4 61 40 85 37 95 33 5 55 58 52 96 36 55 30 10 22 7 51 16 20 57 9 11 82 34 21 42 70 9 14 5 30 35 30 45 21 5 63 22 2 99 7 19 93 28 53 60 83 10 60
59 61 1 63 10 45 36 100 68 9 27 34 49 5 67 58 28 49 4 90 93 67 9 14 32 92 80 18 16 67 88 50 33 98 12 60 58 30 34 27 28 87 69 69 82 85 97 90 32 98 84 26 74 59 83 73 22 56 51 62 2 30 19 60 97 5 15 24 25 90 1 79 4 90 29 87 23 44 75 70 22 66 41 12 69
37 7 33 80 32 53 98 69 69 59 64 50 49 12 24 93 99 24 42 26 6 32 12 34 83 68 78 44 30 40 44 17 55 69 59 87 72 67 44 11 80 81 85 10 6 33 45 91 69 60 31 12 97 12 81 68 95 61 2 54 74 28 19 82 21 68 37 94 85 90 4 25 55 63 88 3 64 37 100 53 18 88 21 99 65
81 30 79 68 28 13 15 82 7 15 74 54 98 97 53 1 28 32 23 76 2 15 26 20 77 32 45 99 46 40 90 23 28 99 46 66 5 87 5 19 89 86 91 2 81 6 50 1 100 59 4 3 35 67 14 6 52 41 81 20 18 3 77 72 23 29 38 47 11 19 70 99 6 38 97 15 71 75 95 96 64 5 31 51 18
74 96 89 57 55 41 27 87 82 21 50 75 59 78 51 83 50 67 77 62 95 66 91 82 25 55 54 35 79 61 48 99 44 31 64 38 28 40 74 3 15 60 54 52 8 43 59 76 16 90 19 31 3 41 7 95 12 4 100 10 7 95 74 25 34 80 46 64 88 40 16 87 74 39 30 27 2 5 35 12 49 30 23 19 3
73 41 82 54 27 75 100 30 50 51 19 89 76 35 61 95 91 32 7 53 32 12 78 43 71 13 53 9 98 52 68 5 79 47 25 49 99 31 27 67 39 73 92 62 78 61 85 15 94 93 22 15 64 57 46 87 70 22 54 21 84 69 69 65 87 54 4 14 15 39 56 47 68 71 63 39 98 68 24 99 64 8 31 94 88
13 64 62 36 22 78 39 27 94 96 2 86 16 3 46 62 4 65 2 76 42 97 2 83 100 59 10 86 96 100 51 8 92 41 7 2 23 12 37 3 77 89 6 10 57 44 31 97 29 62 98 38 89 27 22 86 80 43 83 60 56 49 38 79 91 39 94 38 11 34 41 21 33 91 46 57 36 6 83 43 75 6 9 18 53
42 85 80 2 73 48 38 30 51 89 53 74 34 3 93 97 65 85 33 69 23 57 99 30 45 81 42 24 51 81 88 57 10 79 29 99 97 100 14 26 76 76 40 66 44 11 74 96 20 100 94 55 15 37 2 45 36 15 68 60 54 21 2 24 31 98 85 27 5 91 73 77 73 73 89 77 95 63 100 47 27 16 56 37 36
26 98 53 38 78 81 49 79 67 4 11 33 30 68 43 68 63 56 41 37 72 94 80 80 87 94 33 7 87 37 3 94 45 34 62 46 26 85 7 97 32 49 10 2 47 92 80 23 35 39 8 27 10 69 44 3 81 92 5 80 70 2 49 16 13 97 20 42 11 23 99 15 23 66 10 40 9 94 70 17 15 32 79 100 14
43 1 57 17 31 76 36 62 11 45 26 59 64 76 34 73 34 58 78 44 10 60 82 3 93 68 32 58 1 49 71 9 97 24 59 55 73 63 23 10 34 64 62 47 8 20 8 35 31 8 18 95 44 52 78 99 5 20 50 63 16 90 16 3 28 48 91 89 64 71 67 36 67 85 73 68 37 92 87 77 81 73 14 10 92
62 79 43 90 83 91 91 68 52 9 67 85 100 22 11 55 20 11 76 98 68 62 45 7 13 5 86 23 26 24 39 92 53 42 73 97 51 63 75 37 61 11 87 45 85 97 15 100 73 31 2 23 74 39 91 71 91 65 67 28 90 76 26 52 11 26 91 12 11 76 52 12 65 80 92 99 16 68 79 83 17 55 55 44 98
37 50 80 22 34 39 26 49 58 39 59 48 81 10 53 9 47 99 50 54 42 45 78 71 63 4 42 52 75 80 74 89 12 31 1 92 54 93 10 15 72 95 32 14 17 24 46 81 27 38 13 59 84 84 95 63 84 49 45 34 28 46 22 54 54 41 4 44 5 81 83 50 17 62 49 87 44 43 22 68 23 47 11 94 62
65 80 90 13 95 72 98 6 83 90 71 62 19 72 58 45 25 17 2 22 81 97 82 100 42 66 48 82 31 17 44 4 86 43 24 86 6 8 47 40 75 96 37 89 96 65 41 89 74 67 78 56 96 33 49 33 26 88 23 51 11 36 96 97 9 18 47 13 62 44 25 67 42 20 84 25 35 88 18 44 89 36 29 9 70
88 17 94 99 45 94 21 28 72 46 31 55 91 3 15 52 46 97 91 37 30 83 63 40 51 80 3 98 66 77 96 100 9 53 56 56 74 5 12 20 14 72 62 98 62 41 93 48 11 73 62 16 30 15 53 6 51 87 75 96 31 59 22 36 40 100 53 14 49 65 28 64 55 4 99 58 87 48 29 31 76 61 53 56 2
11 97 8 55 59 84 32 99 66 45 42 24 37 97 88 34 15 47 23 78 42 92 83 43 91 17 23 85 59 100 69 14 36 8 76 12 48 84 90 20 48 97 56 38 53 65 1 78 57 68 4 54 21 10 79 66 52 20 57 91 71 25 13 40 89 30 16 21 59 52 12 49 91 69 91 68 72 56 31 68 43 79 26 60 44
86 24 82 27 47 90 66 1 45 85 84 20 31 91 44 20 70 92 4 4 95 32 86 43 77 17 76 77 13 73 1 88 35 61 80 76 49 75 43 44 26 97 27 26 29 29 17 48 100 77 2 29 52 17 26 32 94 52 94 4 33 68 33 53 34 49 17 14 5 54 13 72 6 55 71 72 54 11 84 65 38 63 22 83 20
73 42 86 23 20 20 9 57 29 86 48 64 3 94 42 49 32 27 1 48 58 32 8 12 93 47 99 15 97 25 29 17 71 92 19 59 31 95 94 71 4 19 13 50 42 75 31 7 56 15 88 76 24 32 55 18 35 54 100 17 22 100 79 66 27 70 56 59 90 34 36 83 99 74 40 49 24 62 79 91 20 37 49 10 57
35 59 53 3 55 20 3 89 3 94 21 61 100 52 42 71 79 3 93 31 58 12 34 79 75 66 59 17 34 38 64 21 62 91 26 61 68 12 60 69 31 35 74 86 28 41 6 38 34 50 22 68 74 35 70 5 68 8 22 86 31 36 96 47 70 76 61 56 58 19 24 61 37 98 98 66 47 33 5 50 95 43 5 73 100
92 75 19 13 86 50 46 75 69 89 73 67 43 43 33 77 39 31 3 89 53 74 17 59 64 38 47 91 3 46 10 79 100 73 32 87 59 4 72 33 35 61 61 71 19 62 2 51 92 8 43 27 31 71 79 16 24 14 31 29 6 43 6 33 36 2 25 87 65 93 85 11 55 90 61 52 18 33 21 3 50 22 33 11 62
17 21 94 3 47 62 95 64 59 72 58 18 94 39 77 24 42 65 40 8 3 91 22 91 1 79 72 57 94 91 76 40 19 90 12 90 23 24 5 50 45 2 23 33 8 75 58 75 18 32 92 92 37 57 91 36 86 86 83 28 38 94 29 8 62 31 14 11 20 4 54 54 100 52 46 10 24 48 48 3 89 59 68 37 15
6 31 42 11 58 56 12 15 88 16 96 77 25 36 22 86 7 55 38 49 52 13 17 26 62 5 75 32 71 2 43 11 7 48 12 75 42 56 75 73 65 26 14 86 74 33 97 85 25 45 7 96 31 11 53 65 99 23 96 82 57 13 15 21 88 17 13 46 46 69 79 54 90 100 14 56 59 46 34 11 22 37 83 76 34
23 38 3 44 21 25 76 76 6 41 99 95 56 33 53 70 6 82 100 4 7 56 60 21 47 86 67 63 9 17 33 33 13 5 57 93 62 2 41 22 80 7 79 78 3 68 88 18 64 53 99 17 5 50 55 88 95 84 4 43 60 64 32 20 46 57 11 65 13 32 16 48 35 15 67 6 44 89 79 30 80 63 7 25 33
23 69 24 59 70 36 62 3 88 94 42 78 12 88 3 82 9 12 63 72 79 78 33 18 1 92 53 98 23 44 45 70 81 83 59 13 52 62 44 90 99 96 33 6 28 50 16 49 73 77 81 38 96 97 33 5 33 21 65 34 6 67 1 60 93 23 71 50 85 87 52 34 3 20 98 38 66 42 15 81 53 55 21 32 65
31 91 47 100 33 45 100 45 62 22 69 13 82 91 10 48 54 44 100 87 47 56 48 34 50 51 69 89 19 100 45 94 54 21 83 47 69 22 7 6 97 90 39 7 48 65 66 14 16 48 37 60 7 35 43 52 53 58 62 90 36 54 98 32 48 7 78 8 69 76 9 20 3 71 15 77 19 49 51 1 92 34 22 35 89
36 57 25 49 67 21 27 39 55 85 56 76 31 40 25 69 59 66 80 50 69 83 46 27 85 100 57 75 15 98 26 33 26 38 99 94 47 99 9 84 41 94 61 20 96 64 72 57 60 51 65 34 41 90 87 7 23 82 90 71 36 100 86 30 47 14 83 97 26 36 23 48 63 9 1 67 99 4 9 5 16 90 41 84 17
22 79 10 75 98 32 56 4 87 60 2 40 12 41 40 1 11 71 16 94 66 34 50 89 56 34 4 27 68 20 90 74 50 50 7 53 43 1 36 43 20 73 7 90 39 3 24 18 42 44 87 94 46 92 95 49 25 12 58 65 62 67 75 3 85 24 40 56 24 76 65 52 45 41 14 90 17 69 34 38 3 93 55 23 46
70 65 7 44 85 35 76 9 23 19 36 19 47 17 15 48 81 38 64 12 40 100 8 78 60 75 78 39 33 30 93 28 31 49 34 29 27 50 58 40 97 42 68 9 78 85 51 36 18 82 65 76 6 90 89 66 77 13 54 12 29 6 78 3 62 4 37 98 70 16 64 9 31 37 46 37 89 88 88 70 48 55 72 33 96
52 76 69 22 58 28 58 19 26 1 93 86 38 24 9 28 21 95 65 66 33 73 54 46 40 28 72 53 10 39 89 38 56 35 7 44 88 74 79 96 29 52 75 89 47 81 83 85 49 40 51 67 81 77 1 86 26 67 93 70 98 68 63 96 17 78 31 13 49 55 52 94 68 93 94 20 25 33 27 15 40 25 96 79 64
100 48 61 22 100 22 90 49 28 6 25 65 93 82 73 40 66 2 68 90 49 94 15 6 1 66 2 91 6 66 92 7 41 26 27 7 47 21 34 87 79 63 96 74 30 25 33 24 38 89 20 36 100 86 70 7 13 82 67 31 47 80 47 1 41 93 98 19 73 56 30 99 25 20 97 90 97 64 47 21 57 14 16 44 14
2 60 78 95 38 9 85 23 95 93 5 24 64 71 2 15 20 32 28 20 66 44 68 22 84 1 83 48 31 100 66 32 38 7 17 64 91 14 29 87 10 36 78 16 38 9 66 69 24 38 59 37 96 34 97 47 6 87 63 48 53 4 35 40 67 37 74 62 64 44 24 79 58 63 1 16 16 17 61 38 68 7 93 26 100
32 97 46 16 4 64 48 4 64 74 53 59 79 71 69 77 88 97 11 26 2 37 90 62 27 75 75 15 3 51 24 51 58 18 70 64 92 55 77 12 22 48 69 53 34 55 70 28 54 27 10 54 31 34 60 31 92 40 89 96 32 64 65 100 60 23 68 38 84 20 76 66 57 26 70 17 28 39 44 29 4 68 10 41 54
79 56 19 59 30 15 88 32 56 7 18 16 62 24 100 38 72 99 83 85 60 92 59 38 19 95 95 91 79 35 51 14 97 5 17 75 59 33 16 50 91 17 50 77 68 24 63 66 42 45 9 68 99 46 64 81 23 75 96 1 1 51 43 41 1 63 20 88 47 21 6 99 30 14 35 63 49 5 87 13 55 19 27 32 91
30 11 98 25 78 60 42 73 94 39 65 29 13 25 51 93 96 7 96 67 13 24 65 86 74 87 43 10 15 46 59 36 95 63 18 75 27 47 87 22 46 15 13 13 53 11 14 22 58 62 70 18 14 30 88 90 67 87 78 67 7 69 18 64 58 55 36 47 83 58 7 3 85 49 75 20 67 50 37 50 27 79 35 24 66
67 65 20 92 64 21 17 91 72 42 3 14 11 73 67 100 8 18 57 11 37 56 60 42 51 30 80 48 42 46 66 91 50 6 42 97 44 98 84 57 73 23 66 58 62 62 82 78 90 21 55 91 28 30 72 87 86 4 70 43 7 47 58 31 36 4 16 62 79 92 7 94 88 76 56 81 60 76 14 24 74 53 100 52 42
1 41 37 6 77 60 80 9 26 15 68 62 17 40 16 69 11 97 95 49 46 87 84 74 99 88 65 98 26 95 21 24 25 63 69 23 42 69 14 51 59 69 1 81 99 27 46 58 17 10 59 15 87 52 92 24 15 28 97 5 64 39 64 4 97 29 96 44 29 80 10 20 72 88 50 56 94 68 77 35 92 27 9 90 69
67 93 21 39 76 88 34 78 23 81 75 34 85 13 82 21 71 15 47 17 81 53 24 55 53 22 27 80 72 20 5 33 3 8 33 48 9 93 48 81 6 48 47 68 55 67 35 11 68 87 71 57 93 68 11 20 79 27 31 26 74 22 10 83 38 49 14 67 72 84 8 32 59 57 68 94 56 75 42 8 16 95 43 98 81
69 87 66 94 4 53 55 83 2 48 17 68 38 37 27 32 11 62 26 98 43 52 2 94 100 35 81 77 42 84 86 79 91 44 45 92 27 94 61 64 29 30 32 3 75 79 26 15 13 65 34 6 26 28 60 71 16 71 4 78 13 50 87 49 43 59 13 6 50 53 70 36 67 19 42 45 69 88 14 63 54 23 100 41 63
68 34 51 37 78 47 37 11 88 4 84 40 35 23 21 17 51 71 25 8 49 85 23 65 98 13 97 49 17 62 46 84 21 53 22 92 66 5 44 77 51 52 45 1 70 80 20 80 24 68 16 59 49 65 25 49 10 12 64 41 11 31 56 57 33 65 80 4 24 37 11 65 58 40 32 77 99 73 71 22 39 100 79 37 91
1 33 89 37 33 50 73 26 66 33 39 17 61 29 99 80 84 9 84 16 41 54 58 8 98 49 47 43 18 9 19 63 83 94 19 9 96 14 8 51 80 96 86 90 57 96 86 59 39 84 38 1 34 100 63 73 45 64 60 38 17 76 61 10 20 89 66 40 85 4 22 96 44 6 22 5 74 22 78 6 99 13 55 2 88
94 33 69 22 5 20 33 27 39 48 30 92 38 35 27 25 3 46 87 71 31 62 91 65 61 5 15 48 19 75 71 62 99 67 11 21 64 86 47 33 2 70 81 100 75 97 66 49 14 100 98 59 21 70 37 14 7 58 19 91 10 70 100 76 50 12 43 4 53 43 19 48 65 34 64 57 47 32 94 76 88 89 19 69 87
75 33 33 86 20 77 36 49 16 82 11 31 63 83 24 25 59 42 93 38 85 96 51 28 73 2 4 20 23 66 2 58 35 4 53 81 10 37 89 24 75 55 66 14 76 12 9 25 47 33 100 9 68 27 16 55 69 39 56 99 68 27 77 33 79 86 20 48 56 98 73 43 42 40 58 70 56 67 75 65 17 61 11 74 32
39 31 73 1 73 13 34 38 22 51 20 37 90 18 11 66 25 94 92 61 18 53 37 76 83 78 21 99 5 30 70 68 24 95 39 44 48 15 85 39 68 48 4 80 12 84 12 77 18 50 87 41 25 87 53 84 34 75 41 23 51 21 36 68 53 44 55 39 2 58 65 98 60 85 52 67 55 100 37 92 47 50 49 23 62
71 91 86 85 47 84 91 30 23 33 32 19 56 86 48 67 88 56 8 76 41 26 55 14 33 96 52 92 50 75 44 39 17 68 75 1 84 90 4 76 98 30 92 62 31 70 17 89 13 48 73 56 68 86 10 80 48 43 17 100 31 3 100 80 90 61 49 28 40 93 4 8 32 73 69 54 97 35 2 19 17 1 15 41 71
40 2 6 21 76 30 80 6 8 54 59 57 36 6 26 50 44 88 68 28 64 19 83 37 12 66 68 22 67 74 61 76 97 73 6 45 97 59 47 59 66 92 38 49 95 31 2 66 31 36 51 97 21 97 61 10 80 93 89 78 20 70 5 3 62 19 15 53 52 34 66 32 3 39 84 63 97 26 28 86 93 27 62 67 64
52 55 41 28 27 75 20 65 66 64 34 60 74 100 52 60 57 41 45 21 26 4 60 40 85 69 58 26 11 60 3 22 87 6 31 55 26 22 71 71 1 69 99 38 72 6 14 92 60 85 25 29 19 11 68 50 56 72 67 91 33 8 89 63 80 78 48 22 13 64 77 90 60 37 73 27 14 81 66 42 64 63 64 66 77
55 6 73 53 42 72 43 13 23 97 41 72 12 4 90 33 32 31 24 71 53 9 42 68 57 31 58 18 7 92 4 51 21 25 72 97 53 7 86 37 64 97 8 73 51 69 86 12 84 51 24 12 62 57 19 56 51 71 50 5 7 84 22 68 74 87 89 55 48 18 82 71 47 37 17 55 28 87 82 31 92 20 71 93 7
50 6 39 42 26 14 39 42 52 8 99 90 44 69 41 86 96 85 88 4 64 9 98 87 3 72 6 22 46 51 28 5 42 77 13 51 87 61 22 98 39 99 7 21 37 27 5 3 23 29 82 84 55 83 60 99 55 79 29 79 77 28 43 18 87 49 18 57 87 46 10 43 46 39 54 77 19 66 37 96 58 66 72 68 40
86 64 29 56 60 72 55 75 3 53 91 25 13 25 89 62 18 5 87 28 85 43 73 91 56 22 71 73 61 70 98 38 33 75 45 42 82 85 71 79 76 59 24 35 99 35 50 90 67 39 82 97 78 34 80 65 65 100 73 54 95 38 63 17 4 19 20 67 25 25 84 79 26 70 81 26 12 2 92 2 73 2 56 2 82
52 31 42 6 90 68 40 52 41 56 82 39 94 87 11 41 19 90 5 93 29 14 65 78 99 81 60 66 34 56 81 40 52 91 99 44 90 51 56 90 98 99 100 94 10 37 98 36 28 39 11 63 86 87 72 42 18 1 31 39 85 47 9 33 70 80 12 28 1 25 100 6 61 50 57 30 61 30 86 89 65 76 30 51 48
48 67 68 29 63 36 35 12 10 56 83 63 22 21 96 92 20 85 60 14 71 53 11 94 69 99 58 32 34 80 44 37 97 56 47 85 59 31 74 100 20 35 63 68 91 38 52 89 42 39 60 50 19 6 51 25 2 90 9 30 26 48 5 62 98 28 13 32 12 56 33 65 2 6 97 59 90 45 87 60 88 40 83 45 60
50 66 8 74 64 99 57 47 88 36 97 29 77 29 19 75 59 46 83 82 33 14 91 39 53 12 1 29 16 45 1 14 61 1 38 26 30 66 27 4 70 20 40 41 62 27 27 7 36 40 26 99 23 89 18 50 84 53 56 53 58 83 83 53 23 74 89 99 79 12 78 79 85 64 31 87 2 82 50 29 47 13 48 81 2
46 50 10 95 40 92 91 17 17 95 16 96 27 98 31 15 43 14 61 68 25 94 91 100 17 71 60 96 38 36 6 42 78 44 9 73 45 13 1 55 50 59 73 80 38 49 84 35 61 29 69 82 45 31 67 60 93 2 28 49 35 12 62 1 96 85 19 22 42 14 33 21 5 36 32 62 56 2 39 19 7 54 31 42 1
93 16 18 8 13 17 67 77 10 48 81 88 96 45 9 38 54 58 96 25 31 4 90 99 58 53 64 40 100 84 23 5 49 60 68 63 72 74 79 56 63 61 66 91 78 70 79 73 77 39 37 57 58 60 64 42 71 59 16 18 42 96 40 49 31 92 33 56 58 34 7 77 6 1 76 70 95 84 62 79 12 43 61 63 95
51 64 93 32 43 100 23 90 23 78 17 31 89 70 80 41 80 16 28 85 60 6 31 26 39 81 1 86 68 73 28 60 19 53 30 72 25 10 23 77 96 45 78 85 88 95 31 85 15 46 47 95 48 44 25 75 46 91 24 36 2 17 41 82 99 39 47 93 39 45 50 93 81 87 19 21 29 7 30 19 6 59 95 60 82
7 99 19 34 44 26 73 42 88 23 12 43 88 26 4 57 27 64 69 13 33 29 28 34 96 33 59 24 75 14 22 68 13 34 97 53 89 9 34 12 41 89 27 96 86 12 33 95 73 18 92 78 89 68 32 5 32 51 5 21 95 85 4 28 37 100 42 95 95 21 11 35 69 48 62 59 35 39 98 34 91 19 77 47 8
66 40 5 33 82 54 63 44 29 37 57 79 53 1 8 42 95 62 62 6 98 7 97 68 67 29 94 89 80 7 36 25 48 37 11 67 43 50 50 72 80 79 91 43 63 69 41 85 78 20 41 89 57 23 26 19 57 10 73 15 89 15 18 44 7 48 48 3 45 95 80 85 71 60 33 7 88 69 25 85 20 68 87 62 40
20 100 27 83 60 25 90 34 53 35 93 44 25 60 44 95 48 18 69 55 94 79 27 4 16 22 54 33 3 66 24 83 65 56 75 9 95 75 84 47 20 38 3 77 72 49 86 23 75 87 85 37 53 30 39 80 76 41 4 66 24 61 50 38 76 85 11 53 37 13 34 99 68 19 39 93 39 77 49 1 48 100 8 80 54
7 13 33 13 60 4 12 97 33 80 19 35 39 9 17 17 19 11 51 79 37 6 67 88 4 100 45 83 95 5 66 73 37 7 2 69 38 59 90 2 39 75 53 5 90 78 76 68 51 40 2 30 27 38 100 99 29 22 24 8 68 16 84 89 4 82 34 83 15 44 15 41 38 59 13 76 32 90 4 15 46 51 25 52 79
29 31 38 85 46 74 96 42 71 71 16 39 83 84 52 62 55 94 12 15 98 60 54 26 56 24 78 33 25 95 75 99 80 74 64 20 44 56 8 39 33 84 18 35 12 14 7 29 57 21 93 27 40 39 96 23 23 73 15 49 51 89 93 50 42 99 93 38 67 87 17 20 29 79 80 31 66 14 61 87 54 26 87 45 33
96 30 22 77 95 51 14 86 93 78 78 100 22 16 72 91 64 14 51 22 14 50 86 25 33 81 50 93 88 7 73 96 30 22 74 39 2 4 5 17 47 11 89 84 71 59 45 78 15 6 37 93 54 67 42 71 65 95 78 39 37 62 56 94 18 43 54 100 53 66 12 75 40 90 40 41 77 58 15 71 68 40 63 21 86
93 18 87 98 54 60 91 83 87 35 44 28 53 91 4 8 85 82 99 8 68 64 89 59 55 96 60 66 36 33 3 93 94 85 52 17 87 32 18 25 45 6 67 30 70 28 9 54 34 20 48 71 2 78 3 6 78 48 68 81 43 73 36 57 27 23 75 64 31 64 44 99 80 83 84 28 20 81 29 87 92 10 49 8 61
90 86 68 42 94 56 51 91 43 100 9 21 44 2 89 97 3 85 46 22 67 13 15 36 10 52 35 3 67 93 25 77 20 42 19 16 29 30 100 71 79 4 18 59 9 25 99 73 26 16 80 40 27 37 85 21 33 91 96 32 56 93 58 79 66 7 66 67 46 29 57 90 85 56 77 67 65 24 61 50 30 32 16 61 36
73 83 52 11 76 56 2 3 47 20 43 88 6 63 21 14 64 12 10 14 10 17 39 91 14 8 23 57 93 99 45 95 23 41 60 86 74 83 83 90 51 85 3 45 15 41 18 23 2 12 94 88 59 27 54 31 72 29 55 38 100 81 59 41 16 91 90 94 22 70 88 85 60 11 99 70 72 27 48 33 7 73 43 27 11
48 14 52 11 20 86 46 27 80 6 25 60 15 63 78 25 73 88 75 90 10 48 73 74 59 66 61 64 55 70 17 47 93 26 4 11 43 8 100 43 60 39 78 41 31 11 10 62 47 86 24 49 80 38 19 63 77 58 92 4 86 15 45 92 13 81 99 27 89 44 26 33 36 36 64 56 14 65 99 73 12 50 14 78 90
35 78 11 35 86 93 64 70 63 44 2 21 33 34 94 67 15 37 30 42 93 24 32 34 5 42 15 64 93 14 26 92 76 67 6 51 100 28 59 69 15 93 65 3 27 64 86 9 17 56 88 93 33 91 68 20 2 90 26 64 56 3 93 74 1 70 21 7 61 49 21 56 89 66 99 31 27 57 58 21 28 21 26 57 38
36 35 7 14 31 65 43 93 31 15 11 89 21 97 69 16 4 41 14 91 98 79 63 42 78 1 82 53 45 72 100 17 74 35 29 30 86 53 29 74 51 50 10 82 60 23 92 28 45 48 74 65 64 30 37 20 69 7 91 73 27 42 56 59 72 41 44 78 32 26 58 66 21 65 100 43 35 8 12 70 54 90 20 75 69
3 99 2 59 91 97 21 45 57 95 99 17 84 58 37 90 74 87 35 27 41 89 63 10 40 41 23 16 97 61 71 8 63 40 32 59 51 49 9 84 17 58 79 40 93 40 80 54 67 12 95 78 56 93 21 98 45 37 64 14 17 53 15 50 86 93 67 51 83 63 7 77 59 11 48 4 37 97 73 89 93 45 30 61 72
74 92 34 48 55 62 51 49 59 80 87 68 28 5 82 92 81 22 21 41 9 96 73 74 58 76 36 58 81 100 14 41 57 61 17 68 35 45 54 21 35 47 99 90 27 99 96 92 62 59 36 29 21 82 46 50 24 26 76 99 78 34 87 17 14 22 57 38 59 74 92 6 1 15 67 19 93 50 98 77 65 67 8 42 13
95 56 55 11 87 74 87 89 33 40 46 19 74 63 54 98 39 11 3 60 26 8 26 95 56 21 29 35 96 22 76 35 58 90 27 56 51 21 26 48 79 4 37 10 43 74 78 7 58 79 33 19 30 60 19 36 75 14 31 40 47 55 7 68 13 3 9 52 30 12 49 32 65 78 9 77 76 71 71 35 7 35 27 79 17
66 4 88 94 29 41 72 47 98 19 74 75 44 49 41 8 94 48 83 45 62 37 48 10 10 16 16 12 3 53 88 69 88 9 6 32 47 3 93 7 81 5 59 89 24 81 32 74 3 55 58 11 61 37 32 11 32 5 24 93 99 55 95 70 47 69 46 42 45 30 75 83 40 90 68 35 74 38 29 7 56 100 59 97 50
6 90 2 12 60 94 30 56 26 16 34 79 10 54 11 15 9 99 80 60 47 31 60 13 91 56 93 13 10 100 98 52 77 48 53 80 17 44 80 51 62 78 34 10 73 4 9 27 6 37 71 37 83 11 11 80 36 11 30 36 46 11 20 87 24 30 66 94 66 45 59 98 41 6 88 11 83 73 11 97 61 46 36 15 46
27 58 30 4 96 29 45 49 100 19 77 57 3 98 91 11 60 54 27 87 38 35 21 38 9 41 54 38 92 73 71 93 78 51 10 83 25 100 97 94 66 2 99 33 96 55 48 42 68 4 62 32 89 42 19 5 20 85 79 76 12 50 55 5 37 24 93 95 44 6 86 31 63 99 76 66 44 65 6 30 75 88 28 75 64
20 77 83 73 7 13 44 87 17 38 52 35 16 46 99 74 48 35 79 76 84 38 49 40 83 83 3 69 20 46 67 29 9 83 18 92 26 81 39 42 88 95 35 24 20 60 6 16 69 93 46 72 9 44 51 77 85 55 46 20 47 65 4 81 9 80 58 72 37 91 31 22 87 85 21 55 14 20 52 21 8 17 25 57 93
31 30 63 79 93 83 24 47 95 52 47 16 19 35 54 16 57 84 88 39 12 70 56 65 54 34 6 27 95 100 40 24 53 42 77 56 27 5 27 69 81 81 96 28 63 98 47 99 25 60 61 100 67 28 51 12 63 92 35 91 84 96 29 95 66 4 12 50 91 1 85 81 7 90 77 40 37 39 97 4 17 5 87 15 17
77 70 52 53 87 16 61 28 5 27 36 52 6 68 28 89 33 64 84 43 20 34 19 29 75 49 9 24 53 51 38 100 32 28 5 34 2 73 65 67 27 100 67 64 28 85 81 43 26 54 19 44 74 11 54 48 43 90 36 14 77 54 97 25 71 82 51 77 22 34 51 25 77 21 46 65 91 85 69 25 83 42 71 39 12
52 31 44 78 68 73 32 14 15 12 13 46 98 40 40 22 22 34 84 12 47 88 73 21 10 58 70 73 38 60 98 64 62 30 38 38 51 83 22 76 62 2 7 97 46 99 19 32 30 100 36 56 7 16 88 56 23 67 25 63 6 5 18 59 72 57 19 70 44 93 8 99 66 93 39 54 49 24 21 30 42 17 57 61 16
82 66 26 68 26 27 80 42 33 61 13 45 54 85 29 4 66 100 54 57 82 82 18 43 19 24 61 84 18 17 7 61 46 96 16 41 12 53 68 44 81 32 64 55 11 52 30 72 94 82 26 93 19 35 58 13 39 36 92 29 88 63 75 62 100 5 52 22 94 12 29 11 92 71 66 28 55 41 17 71 17 95 55 14 66
34 73 93 82 44 54 77 81 68 87 33 83 24 49 25 10 73 22 2 96 70 26 89 99 12 53 16 5 11 79 35 24 50 35 44 82 100 19 86 93 17 96 32 31 31 40 13 17 57 55 60 53 6 27 28 96 62 95 32 93 54 75 29 15 86 53 86 41 88 8 84 92 51 6 81 92 19 66 94 29 29 63 82 75 89
24 43 97 58 96 39 6 86 72 66 45 85 8 36 59 25 64 84 11 85 2 61 64 15 59 29 76 23 35 77 65 53 11 60 88 99 9 74 81 82 72 24 56 43 41 35 79 81 29 70 50 100 68 26 36 44 85 4 20 30 98 4 33 87 98 76 50 73 35 2 49 84 2 71 19 70 40 3 19 77 100 76 74 44 16
59 57 19 52 17 10 14 33 73 88 75 18 48 36 23 39 87 41 77 91 69 51 64 70 4 16 50 23 47 78 30 37 96 59 82 65 35 70 8 9 21 66 64 91 29 43 34 53 59 53 100 45 43 23 9 58 88 55 99 47 83 100 86 57 37 27 86 77 78 77 4 74 39 73 56 92 57 86 47 82 96 29 26 60 76
35 48 46 47 54 37 2 34 86 92 88 15 13 37 57 7 29 28 15 22 12 33 27 76 55 59 9 55 50 68 7 29 62 20 10 60 81 53 20 88 15 92 5 66 9 6 99 64 82 7 98 96 9 12 79 26 94 37 57 5 89 79 32 11 26 75 18 25 18 29 75 20 9 73 78 95 14 53 58 97 1 49 98 56 35
66 70 23 53 66 50 16 46 81 51 6 70 94 85 97 20 83 99 32 59 87 56 2 29 69 68 76 15 18 95 38 34 39 64 70 49 13 56 96 63 70 18 89 99 52 21 73 10 87 39 81 36 21 60 3 21 78 100 62 18 76 33 99 88 40 16 30 46 13 57 57 40 58 77 34 42 65 8 12 87 3 63 32 26 95
16 42 86 2 90 42 66 41 100 19 18 47 69 99 30 100 41 60 32 71 85 86 81 84 97 60 1 60 8 71 89 78 10 47 42 24 70 86 44 71 15 1 45 10 72 77 22 56 26 37 35 70 73 77 7 6 12 36 43 89 16 15 62 24 58 42 35 19 68 2 90 58 38 29 74 95 23 86 96 12 68 56 37 46 40
70 48 70 34 6 5 84 80 25 13 43 19 66 25 95 16 2 1 19 45 55 6 42 2 45 25 73 11 97 21 17 70 36 24 9 70 23 22 70 68 47 40 11 92 5 7 43 98 62 26 25 24 49 32 52 21 6 84 62 12 97 64 42 71 10 36 25 82 99 11 89 74 14 5 53 75 54 80 34 37 22 62 39 64 83
33 80 60 34 89 99 7 98 6 14 96 54 46 72 3 81 3 27 83 92 89 85 95 60 12 89 17 42 8 57 83 70 75 80 4 75 77 15 40 26 72 6 84 73 27 79 1 24 82 40 70 3 17 74 89 26 35 43 48 97 72 11 78 68 43 87 61 27 48 85 91 12 13 19 40 74 1 37 8 29 86 22 3 90 42
13 15 13 59 9 14 45 90 8 86 28 99 61 6 83 38 63 37 37 21 17 1 82 28 29 31 17 58 21 90 60 33 5 50 28 93 43 88 58 16 59 24 72 53 56 53 43 56 53 79 43 47 87 52 88 97 25 52 60 1 66 24 22 61 19 82 95 82 37 24 59 84 53 94 53 48 21 97 13 38 83 48 43 76 44
16 30 77 37 18 42 85 71 96 68 88 16 95 13 5 66 100 48 8 17 48 88 13 96 4 52 53 87 25 2 19 49 27 7 45 64 65 56 17 56 22 90 2 17 94 52 74 20 16 29 23 57 68 77 73 97 96 60 78 3 76 87 68 35 95 77 11 63 70 50 29 64 48 81 57 46 5 94 17 38 30 32 28 8 22
68 30 78 4 58 37 17 18 76 55 62 11 42 27 67 19 54 3 51 63 79 91 47 15 34 30 81 33 14 21 99 1 53 95 32 93 57 5 32 10 22 95 44 15 100 70 7 47 6 16 68 97 96 48 28 59 76 83 15 82 41 51 77 24 20 75 59 77 99 32 38 83 6 93 18 2 66 59 30 48 69 23 87 82 15
20 77 40 78 37 22 43 75 34 44 35 23 98 60 66 60 41 56 17 26 15 3 50 61 79 92 46 16 26 28 22 41 95 30 90 83 23 26 94 97 90 79 89 46 98 51 27 90 93 27 4 70 47 53 24 70 13 46 89 67 69 51 9 28 85 69 12 25 9 49 34 66 46 17 52 52 83 40 67 91 65 16 70 43 77
7 100 84 51 47 57 88 61 52 98 77 93 73 29 50 80 2 57 87 95 24 58 62 60 8 59 3 71 7 11 58 80 12 85 63 8 85 68 12 44 68 58 25 8 76 6 72 98 71 36 57 60 71 57 38 71 94 17 29 41 12 31 41 27 63 76 4 70 17 9 46 30 46 99 53 62 89 85 33 1 4 52 68 30 92
2 63 60 43 83 65 77 62 1 100 64 17 75 83 11 98 45 82 87 73 80 78 24 96 90 24 22 20 70 65 93 18 71 8 44 21 53 9 6 31 57 41 69 1 4 31 7 53 72 68 76 20 59 38 39 54 76 41 4 18 52 84 13 60 81 56 96 69 32 78 50 16 96 4 87 34 91 9 29 77 21 68 19 15 93
76 5 14 30 48 22 9 74 71 86 19 15 36 1 92 52 10 81 97 56 40 49 28 6 47 3 1 28 30 19 95 34 40 6 75 80 84 29 52 41 83 65 15 19 92 3 100 28 75 46 29 69 15 69 47 47 84 10 11 63 41 57 95 67 80 36 77 81 27 35 10 53 85 11 94 70 83 86 53 75 78 6 30 27 76
22 92 36 91 90 62 70 11 28 100 96 39 59 2 51 72 75 71 12 28 55 68 76 54 66 79 12 72 48 91 60 81 57 32 82 11 75 22 90 96 35 23 10 65 49 84 91 1 33 1 52 14 70 32 55 59 84 5 95 100 44 62 97 33 5 96 64 89 80 44 48 31 3 21 61 24 83 77 98 34 10 14 26 31 38
97 31 43 33 93 7 30 20 88 55 51 42 95 96 57 15 93 53 74 12 28 20 9 67 15 9 74 87 75 98 28 100 12 11 25 7 11 81 96 27 37 61 5 72 28 42 92 30 99 9 5 91 76 24 2 75 37 17 16 77 50 79 66 46 57 33 76 18 27 12 63 33 32 16 87 16 78 36 55 19 92 81 48 55 47
81 80 93 64 38 22 100 56 26 4 32 70 81 26 26 29 78 38 14 26 81 18 55 36 43 49 84 63 55 84 29 61 79 20 11 56 29 63 92 68 70 56 29 47 48 82 17 13 35 94 53 19 68 92 62 98 72 52 72 83 7 84 58 55 75 45 14 62 99 95 59 11 86 73 1 86 56 79 64 89 98 39 68 54 44
96 78 11 86 77 97 9 82 15 64 69 1 74 15 44 35 89 45 68 11 70 77 34 27 36 71 94 65 95 58 23 40 21 49 42 29 67 66 64 21 23 59 12 7 37 86 47 16 67 62 80 53 96 6 34 65 86 73 30 82 99 38 7 63 46 89 47 22 60 46 28 11 23 66 80 14 93 57 73 4 28 37 43 47 32
24 10 86 52 76 34 31 49 86 3 23 46 99 99 93 58 4 32 16 33 12 1 84 40 95 13 73 84 79 19 30 63 60 36 83 90 32 34 5 37 83 76 83 12 4 87 86 43 65 47 90 9 5 70 26 100 23 2 31 36 77 89 87 97 99 60 77 41 76 45 14 79 30 71 95 91 71 4 24 68 66 76 26 93 96
86 68 10 14 68 60 77 28 36 3 75 56 60 72 17 35 92 29 5 15 36 61 67 41 45 48 76 46 97 96 81 78 23 7 45 2 57 31 58 27 53 14 80 31 48 88 2 76 64 54 96 16 13 2 92 92 9 80 39 85 6 47 76 2 6 27 98 77 97 95 27 3 71 5 53 93 95 95 48 45 8 54 12 77 45
87 60 32 87 92 60 51 65 32 53 82 41 89 9 43 92 53 39 38 73 59 63 42 71 44 5 83 16 24 32 40 58 29 31 21 54 90 67 56 58 66 94 96 57 33 7 54 27 79 56 65 2 61 13 24 93 57 29 44 83 65 16 42 48 52 1 43 50 57 1 43 38 48 25 25 46 81 65 60 2 3 42 31 57 70
19 8 46 29 25 32 73 64 84 48 26 39 39 17 32 28 95 94 49 7 29 69 67 59 90 48 32 84 21 91 25 15 29 29 15 57 63 97 49 84 100 78 5 21 70 5 100 11 30 92 69 15 22 82 55 39 69 81 3 71 64 74 74 91 23 49 84 55 67 57 38 69 61 47 65 73 47 19 94 24 52 56 16 24 70
23 41 76 34 86 2 52 65 8 76 54 59 94 66 64 60 65 15 44 27 23 87 56 46 42 49 78 11 38 88 92 66 37 17 8 28 40 53 11 20 78 1 78 52 53 38 24 55 84 75 42 2 80 67 19 69 80 85 64 72 50 92 98 78 97 24 17 32 54 34 43 56 50 86 77 1 92 23 66 30 50 21 1 58 85
41 96 27 23 62 74 70 14 8 93 37 39 52 36 32 13 96 29 78 78 3 70 92 47 49 8 62 20 43 84 49 83 23 43 77 33 94 20 94 36 28 13 37 79 61 66 86 71 45 27 24 26 18 69 45 90 85 52 90 39 34 44 91 76 32 76 66 16 79 97 83 65 65 92 4 59 5 15 4 46 29 6 80 80 18
58 66 36 99 40 30 39 91 40 75 51 74 64 2 9 56 25 95 61 25 13 98 85 6 42 41 36 70 16 73 9 1 77 93 3 29 63 84 32 79 91 46 41 58 81 47 39 38 55 47 10 11 32 30 48 59 86 16 99 30 42 58 53 13 70 66 97 31 48 59 34 94 7 63 48 38 58 42 69 18 51 77 96 36 86
82 44 87 1 52 67 45 3 56 11 21 8 36 7 18 88 28 80 29 90 79 13 86 51 59 56 93 91 52 25 89 37 53 43 34 5 74 6 7 25 76 86 89 53 46 3 42 59 2 19 80 78 38 18 83 76 57 85 96 36 87 34 49 99 14 60 31 85 27 76 74 79 34 88 28 53 46 59 15 53 5 42 79 89 13
12 95 53 73 90 52 61 26 43 71 11 25 82 46 97 18 58 58 84 80 29 94 19 94 83 8 30 19 15 97 81 71 37 40 49 10 84 45 97 23 48 33 28 49 46 16 52 64 36 5 39 17 84 83 25 16 8 59 60 93 7 87 86 56 50 69 17 39 6 31 21 81 9 11 12 56 63 23 61 71 29 86 29 14 95
70 88 45 35 14 81 100 61 51 20 11 95 62 67 36 18 96 70 69 88 85 12 9 86 39 60 91 41 91 7 28 13 43 23 20 34 81 49 17 90 22 35 91 34 21 32 5 75 91 61 20 38 96 85 3 12 62 72 5 89 83 93 36 99 26 61 28 11 97 63 63 78 29 80 15 66 81 44 12 2 33 81 2 52 65
9 62 12 9 71 61 99 47 32 7 36 45 56 49 95 30 11 33 21 49 49 72 30 86 6 28 92 36 68 7 90 31 18 65 84 31 99 83 57 65 86 22 3 58 23 80 93 57 3 57 56 7 62 26 40 95 38 31 36 99 94 81 42 27 35 96 37 74 93 20 96 50 21 74 82 94 45 87 97 26 36 47 38 20 70
17 39 9 12 57 46 92 1 96 4 76 59 16 83 96 19 30 65 80 15 62 38 48 75 11 64 72 50 87 21 34 22 87 30 53 81 27 37 90 47 2 15 80 81 7 61 11 70 64 59 88 9 73 84 32 26 3 93 63 81 88 28 62 64 66 76 43 38 99 12 80 68 9 57 81 93 26 9 89 35 69 78 87 62 4
38 32 94 78 85 90 57 51 71 43 35 28 31 77 81 79 63 66 15 62 81 26 34 22 18 44 80 83 95 27 65 65 32 58 21 37 67 35 56 27 31 87 18 4 78 57 20 84 71 70 41 31 70 11 24 72 81 67 97 16 6 81 81 76 8 31 57 37 46 63 18 53 35 45 81 13 40 75 54 45 38 72 30 58 43
33 14 37 6 17 52 34 16 88 99 25 74 45 77 12 45 55 80 21 28 12 19 92 5 55 10 71 2 32 65 69 15 30 7 1 8 64 58 54 58 98 67 54 43 74 85 12 90 27 32 55 74 93 92 84 51 54 19 57 82 58 24 97 54 88 87 40 75 99 87 33 77 44 59 36 50 72 77 92 66 93 97 64 14 49
14 30 60 30 14 8 84 28 97 91 93 1 81 58 70 98 17 53 73 70 35 56 49 34 33 6 99 97 74 58 14 3 11 35 43 54 68 74 65 48 10 3 88 50 54 96 97 86 87 89 67 34 99 47 96 44 71 1 92 11 70 2 95 97 95 19 9 38 37 69 19 20 2 78 25 9 66 17 63 4 33 63 55 69 99
28 99 58 79 77 1 85 81 17 63 76 17 14 46 90 26 78 51 92 46 79 97 14 74 65 47 39 83 45 35 49 41 90 65 77 89 25 25 78 83 27 76 86 20 76 35 96 43 11 100 42 10 56 78 5 60 24 21 38 12 18 7 46 26 83 58 25 41 50 9 9 39 21 89 78 52 86 100 17 2 58 8 12 42 70
75 78 61 65 95 28 69 79 24 44 17 57 37 81 31 39 77 61 68 33 3 90 69 65 19 88 69 36 44 95 23 39 20 37 44 50 83 40 84 36 37 68 16 74 74 15 65 83 87 68 87 18 36 17 27 11 37 74 15 61 20 19 8 75 6 38 20 25 71 31 97 37 54 54 16 80 53 97 85 40 49 93 33 82 36
77 38 100 17 4 83 57 47 64 25 57 55 9 92 17 18 97 65 32 27 12 49 96 31 52 87 30 44 27 31 56 6 64 53 1 64 43 85 4 99 100 52 84 32 10 25 15 8 65 65 60 90 24 60 24 20 78 22 88 63 68 86 83 19 35 65 41 62 75 41 66 23 9 43 55 12 50 23 19 36 86 54 62 57 14
16 86 51 6 36 77 59 82 99 35 26 76 9 70 40 10 23 69 72 91 31 56 63 65 100 74 85 44 96 75 86 16 14 42 10 60 46 20 10 78 84 27 87 4 98 45 34 26 61 78 90 56 78 95 51 42 26 78 54 86 70 28 9 41 73 95 61 97 1 16 96 99 48 44 91 31 16 46 91 100 28 17 68 66 100
82 80 20 79 10 58 23 88 45 93 31 3 30 64 31 76 70 18 73 58 46 53 6 86 21 46 1 58 58 97 11 21 82 64 20 50 50 22 37 55 44 63 61 75 88 16 11 19 25 54 59 5 68 47 65 72 4 67 9 68 94 3 45 24 34 55 65 24 48 10 22 50 39 93 30 19 57 49 98 2 60 17 51 12 47
