45
4
45 75 90 35 51 1 63 47 36 10 60 16 94 19 20 74 14 73 35 88 56 19 1 96 37 17 40 53 10 17 40 42 60 56 18 85 4 32 34 79 14 49 46 54 1
14 25 32 2 95 40 38 40 88 77 41 66 11 51 71 44 82 63 47 84 27 53 28 35 68 64 93 100 38 64 59 41 78 35 75 64 29 16 95 91 76 20 73 79 18
77 97 17 76 100 89 30 14 32 53 31 70 52 21 15 66 33 3 68 29 6 85 95 94 70 34 41 8 9 38 74 75 50 61 57 1 22 8 51 54 24 14 62 11 76
66 89 71 75 42 75 64 56 23 47 20 37 24 42 83 97 8 88 24 32 10 44 69 73 8 51 70 55 42 93 21 81 43 25 57 34 71 19 68 38 10 54 90 71 68
15 62 20 88 51 12 3 11 15 43 62 33 19 38 80 66 84 12 71 88 44 84 18 79 18 22 73 30 3 70 42 16 27 27 22 5 6 35 70 37 68 43 11 85 96
45 33 60 33 51 46 33 58 10 14 82 19 28 43 19 31 45 64 22 7 8 72 50 99 12 79 13 16 47 100 98 24 34 62 6 19 59 22 89 76 42 57 81 75 44
27 82 59 63 78 45 38 33 89 71 50 48 49 68 40 55 11 34 48 97 20 59 23 36 65 59 63 76 41 29 59 25 79 30 43 13 79 52 69 82 44 76 9 37 93
85 97 68 86 6 87 76 80 1 92 60 2 76 21 55 77 2 8 85 53 1 23 65 42 45 70 77 14 97 92 48 63 75 90 39 34 54 66 36 65 51 30 61 5 53
24 94 85 87 43 60 79 22 33 56 98 97 56 22 55 4 19 78 97 28 100 70 7 5 69 29 92 17 63 83 43 8 60 33 19 7 52 83 48 66 25 21 77 42 94
52 74 57 11 22 2 7 27 52 49 84 92 90 5 24 86 97 72 42 91 17 31 23 53 51 98 26 9 16 31 61 91 53 85 35 19 13 83 10 26 77 93 80 53 30
10 71 92 8 45 12 28 1 27 69 97 96 59 12 31 24 97 88 93 13 96 11 90 40 45 22 36 50 78 70 85 41 82 78 56 20 71 22 51 28 27 1 98 21 7
29 46 82 43 30 33 64 67 85 37 36 16 33 75 33 86 60 16 37 21 44 11 10 60 79 70 10 50 12 51 21 97 54 98 19 65 23 61 50 7 51 18 30 58 7
69 30 100 91 89 80 15 89 80 68 29 82 9 51 50 67 24 91 77 50 95 99 5 53 95 82 58 13 96 39 79 89 20 6 69 16 9 76 93 56 96 76 19 89 83
66 66 12 84 41 39 12 48 90 4 87 7 51 3 26 81 13 91 53 67 34 70 84 90 80 99 18 15 35 30 52 35 77 92 10 56 18 46 32 29 94 61 38 47 54
35 26 37 100 50 44 79 29 27 71 23 65 4 34 4 41 24 69 56 79 76 51 16 99 95 60 51 71 91 9 25 97 91 29 2 72 33 35 56 39 48 62 12 26 60
18 48 55 3 22 41 45 66 4 50 35 2 24 36 38 9 12 33 90 68 14 97 15 59 12 51 8 26 81 45 49 93 11 46 100 39 27 10 74 31 81 56 2 3 70
1 55 71 94 20 33 27 24 87 28 76 25 63 7 63 24 43 24 95 32 43 8 61 18 6 65 41 89 50 90 86 55 80 66 22 60 70 52 81 38 67 7 79 15 69
16 52 22 93 45 20 19 59 74 18 30 63 5 58 97 44 4 16 62 37 19 78 7 84 26 62 95 59 93 35 93 59 68 8 82 74 22 10 73 65 59 77 44 44 38
1 14 82 78 86 60 59 52 43 83 47 42 89 75 66 49 23 91 37 19 79 65 24 16 97 68 8 15 20 27 48 61 95 64 41 83 68 23 33 82 89 47 5 39 65
31 100 43 4 28 34 24 21 93 22 67 59 89 82 86 88 16 15 92 5 13 98 24 9 29 14 97 67 76 51 77 55 94 83 37 58 36 83 90 66 59 10 85 88 2
46 60 27 10 25 11 90 73 61 96 60 8 67 81 20 87 30 86 47 39 93 60 34 12 5 86 84 85 78 58 63 55 58 70 5 33 63 31 35 74 62 42 16 76 70
69 3 8 73 58 85 97 34 43 29 27 97 22 33 66 56 68 25 71 32 59 16 91 21 28 66 48 39 64 4 81 3 40 15 25 54 43 40 96 62 89 56 58 59 84
95 91 85 55 1 100 49 82 82 78 18 34 2 49 16 53 92 69 73 89 17 95 3 100 51 61 100 85 3 9 96 95 89 26 91 97 24 15 50 33 47 7 48 96 30
87 49 11 13 59 47 7 59 14 3 98 97 70 89 45 66 66 18 22 81 60 94 99 21 50 46 74 31 91 41 52 5 97 47 62 69 34 74 31 20 35 87 24 4 71
12 55 100 16 92 32 80 25 82 25 55 5 58 96 97 21 35 1 11 69 68 85 99 75 53 8 56 10 49 65 98 7 57 80 48 27 80 66 49 88 71 78 20 4 86
55 36 70 56 31 16 15 76 66 19 43 90 29 9 14 44 79 96 51 45 99 24 47 57 35 75 96 44 9 47 98 90 53 62 16 56 16 99 95 60 40 57 35 71 35
99 61 47 38 19 74 82 99 48 81 53 81 17 36 73 52 34 38 71 37 43 3 81 29 74 10 20 67 80 18 24 37 18 69 87 39 87 82 64 96 1 42 96 44 14
47 69 38 2 47 72 43 90 51 68 11 64 46 4 74 100 93 45 24 70 46 48 49 66 46 83 36 40 31 87 14 92 36 17 88 99 62 28 10 69 39 84 3 61 2
27 54 49 76 100 5 4 63 22 99 97 62 76 29 8 76 100 27 2 42 64 44 24 11 98 47 66 19 41 98 8 67 45 39 60 40 16 23 7 62 46 34 76 64 48
6 8 37 50 93 16 94 60 29 29 84 81 31 20 28 32 56 81 79 24 71 47 7 58 72 55 55 17 39 47 70 19 66 46 25 91 47 10 63 49 41 29 66 85 43
37 88 85 69 81 60 70 78 11 9 86 20 6 47 9 73 26 75 48 15 33 77 82 21 27 17 46 31 34 98 13 68 66 64 98 44 14 55 85 60 59 2 82 32 41
13 82 66 73 77 76 70 6 46 26 91 17 86 16 100 37 21 4 96 14 46 15 37 88 84 79 81 4 86 58 17 18 12 51 3 26 44 66 89 14 6 10 78 96 44
4 82 16 93 43 1 48 23 33 80 98 34 18 37 19 31 16 13 57 74 54 81 6 34 18 23 45 20 13 38 94 69 31 90 76 68 86 62 60 26 75 81 81 95 87
32 4 8 17 69 16 81 88 3 36 100 5 20 15 34 8 38 88 79 32 43 16 57 88 5 47 94 44 95 5 84 100 35 71 100 6 38 17 87 87 42 71 46 35 77
54 38 43 84 94 98 80 58 18 35 98 37 72 51 54 36 78 25 91 84 15 2 16 98 64 6 43 80 62 42 36 41 63 13 81 61 25 99 80 2 54 28 74 67 68
23 3 28 20 83 19 21 21 96 95 100 27 81 92 99 13 41 38 22 69 23 5 11 100 11 63 60 63 28 30 27 100 3 35 68 8 80 13 2 79 20 30 38 36 5
47 7 46 23 100 20 17 40 2 100 24 44 78 70 49 31 92 14 41 32 15 51 2 64 57 6 32 71 10 77 93 97 11 73 10 78 77 91 16 57 73 25 26 15 99
53 91 69 68 93 1 28 88 45 86 70 61 55 61 3 78 63 40 50 3 99 36 89 97 77 59 35 99 86 18 80 77 37 15 20 38 56 41 66 11 56 47 14 75 25
40 27 24 60 46 58 4 83 2 2 95 67 86 31 81 5 18 62 55 97 28 13 87 1 21 81 49 20 87 57 32 4 38 66 75 86 78 31 75 74 66 58 36 52 23
91 24 59 54 82 82 93 27 79 10 67 9 59 31 58 19 41 65 97 25 7 65 43 94 70 53 41 62 76 18 30 16 89 89 100 42 62 42 89 91 44 93 71 8 87
50 29 61 97 58 83 29 72 54 78 10 14 10 50 20 53 9 15 65 28 50 81 77 39 94 5 74 5 18 41 80 94 85 99 15 85 46 6 41 97 27 21 69 89 67
28 21 33 19 23 63 83 75 13 10 75 9 39 36 95 53 61 5 61 86 89 45 54 88 77 82 28 81 8 79 61 70 43 100 21 59 30 19 85 11 95 84 51 76 33
50 90 37 4 34 19 53 28 83 60 48 57 22 80 41 69 48 58 47 69 20 94 81 21 86 89 10 8 25 81 31 66 53 57 40 98 66 34 92 46 33 39 17 80 29
75 49 59 96 65 57 99 58 87 40 53 16 72 69 57 42 18 52 81 66 28 78 47 13 2 21 31 51 82 11 47 52 79 97 82 17 1 1 9 94 97 48 7 6 64
33 65 17 22 21 22 44 10 58 85 44 40 3 8 89 94 31 49 12 99 61 29 64 85 32 2 51 36 31 53 29 24 82 43 61 60 99 11 1 45 38 70 90 7 92
96 60 33 31 27 40 57 55 17 54 32 25 6 63 63 55 2 27 55 35 67 20 39 17 12 94 26 84 86 12 42 98 34 48 17 19 57 11 84 67 19 78 20 6 81
72 65 82 15 38 45 29 25 87 35 58 35 98 43 59 49 100 4 33 51 59 40 87 6 51 26 55 90 50 37 6 56 78 92 98 45 72 67 3 79 69 71 56 1 4
59 16 81 16 71 65 13 85 43 6 8 34 10 67 82 29 73 98 8 31 11 4 33 35 48 7 84 44 16 37 35 55 26 41 55 50 30 39 76 79 67 77 97 44 9
83 63 61 49 38 62 87 55 59 69 63 57 64 97 96 84 71 80 36 55 68 71 13 42 9 43 86 19 80 35 78 25 78 76 44 16 23 63 47 25 40 69 64 15 49
79 98 45 76 14 7 71 65 94 69 31 31 58 51 29 59 63 29 99 84 62 24 94 42 72 67 43 15 20 72 92 24 37 30 75 36 97 42 70 22 91 12 43 61 19
69 21 90 81 81 98 43 9 30 49 38 18 61 92 20 75 63 82 32 12 17 38 35 46 20 9 51 76 43 76 82 70 10 64 4 77 87 16 97 75 22 26 6 29 4
32 24 94 77 88 7 47 12 78 64 90 43 100 64 73 100 24 28 93 59 80 94 13 35 8 59 99 82 86 36 30 45 62 45 68 89 44 27 89 46 32 72 1 59 89
95 56 25 88 9 62 22 94 68 84 36 15 47 75 100 33 32 23 7 83 76 91 40 64 26 65 43 89 64 33 64 32 41 18 52 15 26 95 96 50 15 13 3 53 71
94 5 39 23 79 82 10 71 4 59 100 1 67 21 7 82 9 50 76 38 70 20 27 39 60 97 20 22 41 10 74 47 4 73 63 51 47 17 12 42 22 83 14 15 24
36 87 65 26 66 47 54 2 86 98 68 9 91 28 82 68 66 16 33 34 44 45 51 34 6 27 97 54 97 22 95 31 73 1 18 23 85 81 73 15 25 28 94 78 87
35 82 28 87 18 62 82 10 50 2 44 28 63 71 15 20 66 5 6 41 7 5 8 92 100 54 91 28 24 71 96 70 56 84 70 30 32 78 77 54 44 31 55 38 47
60 65 71 67 28 50 8 94 70 9 54 67 55 5 32 23 13 19 56 22 90 77 77 53 56 43 48 7 61 70 26 17 56 66 84 100 78 49 91 24 62 33 52 33 66
58 52 2 41 15 25 56 63 57 7 93 84 74 61 65 72 83 4 83 4 45 34 57 21 26 36 52 34 2 76 73 95 53 64 44 65 38 35 60 76 58 73 86 100 68
71 88 66 10 17 67 23 23 6 74 6 16 91 15 8 20 27 94 30 81 62 37 40 26 83 61 57 72 24 78 30 86 13 54 40 43 99 47 34 36 6 12 38 22 38
10 38 99 12 46 75 13 5 60 61 57 23 87 99 61 9 99 12 47 29 34 72 94 26 40 44 18 30 50 1 37 62 100 24 73 33 12 37 46 38 60 81 65 33 82
73 16 30 48 96 73 93 38 95 67 19 42 6 54 89 7 63 59 66 19 76 70 32 56 69 59 34 55 44 64 18 26 2 55 98 2 78 76 9 51 25 37 62 100 43
18 79 20 41 8 98 70 27 11 28 34 65 9 98 58 78 92 45 77 41 31 88 73 45 5 44 82 48 47 23 97 2 84 66 56 8 56 21 83 87 13 35 85 12 91
96 40 86 59 12 74 38 37 36 75 92 50 36 91 1 21 89 27 33 41 65 44 6 74 8 96 88 56 9 34 86 39 14 40 45 46 6 47 88 44 17 47 89 100 75
2 51 71 55 1 94 82 60 54 10 90 33 16 66 63 30 64 58 1 58 27 33 71 62 43 92 27 87 3 89 22 11 30 28 68 71 85 78 67 45 88 58 16 65 84
88 69 36 22 78 47 28 19 58 42 68 56 62 4 47 58 24 64 20 31 9 33 96 58 43 89 21 68 51 18 80 21 56 99 13 96 10 94 65 33 95 26 28 58 61
85 20 36 76 10 47 23 73 49 29 31 80 66 88 74 57 87 30 51 80 99 90 19 28 56 100 80 57 92 35 38 52 16 51 56 13 40 67 36 42 62 33 93 30 93
71 88 31 13 79 88 67 27 54 50 28 65 1 51 23 94 64 26 52 13 9 24 76 98 88 70 32 20 92 90 31 53 96 64 61 63 100 48 31 83 45 13 89 82 36
81 72 33 20 37 1 1 97 92 36 22 5 51 75 54 54 33 56 19 34 7 53 59 88 27 10 84 28 37 78 77 2 67 80 89 47 6 46 65 12 88 1 30 92 28
50 70 24 81 73 27 81 83 94 26 41 38 10 36 52 28 80 91 80 74 23 36 95 33 31 88 35 95 30 56 59 24 90 4 11 36 28 23 88 42 85 11 62 50 88
58 49 28 12 70 97 100 68 83 99 62 33 33 73 24 47 22 22 90 94 9 70 66 1 23 35 95 68 61 34 45 32 79 28 43 54 10 4 90 90 20 55 61 92 71
67 75 56 54 18 49 11 51 20 5 8 41 22 5 84 19 19 31 88 54 27 40 67 26 28 55 49 100 77 70 95 5 68 100 6 38 48 88 80 37 13 6 51 84 92
51 61 55 79 13 75 52 36 15 11 89 88 13 8 19 70 27 92 20 43 73 15 38 19 34 45 41 85 16 2 26 62 50 51 70 20 39 40 40 86 70 51 55 91 50
52 15 70 99 81 28 37 96 11 52 25 53 64 62 61 74 8 4 96 16 97 31 93 76 97 98 80 39 10 37 37 100 50 6 90 63 48 3 27 34 20 59 9 19 5
12 3 34 60 68 91 78 78 67 73 50 85 95 93 46 80 57 24 25 4 19 90 84 5 53 78 96 18 97 52 69 14 89 42 29 99 8 90 67 56 54 68 40 29 1
65 90 96 69 27 21 18 28 12 28 50 65 26 51 88 46 33 96 57 37 41 79 28 14 4 39 14 31 28 1 72 3 32 25 3 19 95 99 96 18 47 72 1 49 30
95 13 34 71 57 52 13 31 77 78 26 63 32 20 4 82 61 67 24 94 98 16 26 14 65 11 10 51 13 5 9 47 65 80 9 28 99 25 41 49 90 27 65 12 69
37 52 8 46 25 1 28 9 28 49 26 25 70 20 97 78 98 48 74 22 19 62 73 59 65 23 10 74 14 70 53 24 43 32 95 27 44 50 8 18 8 30 59 78 62
65 95 40 16 43 13 7 65 90 26 96 5 36 99 15 40 84 86 100 54 25 56 75 44 47 91 57 97 14 12 52 3 17 38 29 24 56 74 96 96 50 40 61 65 31
75 12 24 60 83 28 39 23 24 81 88 82 27 42 87 53 21 41 71 46 76 28 14 41 9 38 73 79 53 13 100 2 9 79 100 57 9 30 55 51 95 99 74 100 42
25 27 44 100 67 10 38 38 34 7 17 50 47 59 24 39 70 44 52 25 1 97 26 20 82 21 36 17 26 76 86 2 46 81 1 43 38 61 53 66 77 34 16 28 53
88 15 82 24 12 26 21 22 30 46 86 75 28 41 44 95 48 19 80 47 71 59 28 67 98 88 22 48 29 99 19 2 60 20 19 55 25 55 11 7 44 92 45 60 32
82 12 75 57 89 70 44 13 51 74 14 58 10 37 79 14 88 65 54 21 69 8 45 43 82 72 56 13 11 3 14 10 92 99 48 6 57 2 81 38 40 54 75 90 10
100 29 66 23 55 97 54 33 92 9 87 35 3 91 32 87 59 95 22 31 62 45 52 16 3 64 12 38 6 19 16 20 24 53 82 49 61 87 7 84 78 34 77 78 55
17 25 52 33 18 4 22 79 26 39 66 85 58 5 79 50 4 74 61 8 87 8 3 41 2 59 21 94 28 97 89 94 73 64 100 95 17 34 81 10 13 36 65 24 29
22 95 22 41 14 52 25 92 61 60 38 75 39 78 69 4 50 17 9 45 90 20 63 46 83 95 8 30 49 30 51 57 92 3 63 89 53 50 25 56 78 42 54 47 42
67 58 23 93 15 86 35 3 83 61 81 30 54 9 76 29 31 85 2 15 52 24 5 37 3 58 100 74 14 5 32 26 79 40 15 27 81 94 57 86 87 37 55 82 36
93 16 5 67 22 91 63 10 62 25 11 10 5 31 61 48 39 91 18 28 73 98 47 69 24 27 57 27 21 5 38 34 27 60 51 9 87 73 73 27 26 86 19 21 48
41 20 54 99 49 70 28 81 90 71 11 61 45 46 77 97 24 94 26 81 15 38 75 90 31 6 16 29 42 73 34 77 56 82 44 21 57 60 7 22 46 19 36 78 19
75 6 71 66 11 30 15 69 86 91 92 87 17 97 45 23 81 1 22 2 19 88 29 86 65 26 24 85 91 17 80 41 39 58 64 13 70 20 87 10 38 13 28 8 100
36 34 82 16 81 47 60 47 61 15 82 21 90 68 21 75 98 40 96 6 71 32 33 53 6 75 17 33 38 91 64 48 86 21 58 39 65 2 39 58 68 24 7 22 76
30 42 52 56 70 41 63 75 16 100 36 71 57 29 66 6 11 9 48 9 23 52 43 95 31 35 11 87 4 38 92 67 30 35 62 58 61 67 45 73 20 25 48 26 9
78 59 26 18 30 26 15 7 29 72 63 38 99 14 26 25 73 43 4 77 92 26 84 66 65 77 84 11 98 89 60 91 63 7 26 54 72 53 69 91 66 44 83 93 25
42 56 64 44 78 30 36 71 88 17 40 70 11 29 58 72 95 59 19 49 48 23 17 91 97 3 92 7 33 17 81 25 28 16 76 84 88 78 18 3 29 1 86 1 98
91 38 25 14 47 90 69 35 29 30 27 40 23 20 59 21 94 19 79 77 96 17 78 78 29 89 17 96 46 100 11 56 74 66 57 30 10 19 73 98 22 17 92 6 67
14 66 60 7 39 24 89 67 72 36 2 58 60 7 3 16 6 76 97 92 79 33 60 6 83 14 87 8 8 61 35 57 40 62 30 86 82 38 70 43 43 58 78 40 2
75 85 71 2 31 44 95 26 61 82 43 51 75 21 42 53 86 14 2 5 97 57 31 30 18 89 9 75 48 47 5 5 2 74 10 65 49 92 80 8 99 16 61 41 21
31 50 53 88 77 51 88 93 86 93 83 94 51 45 92 95 80 54 86 37 69 46 21 91 62 68 63 70 33 32 7 2 84 37 39 25 29 85 23 39 40 17 78 27 28
36 56 75 45 71 8 39 71 47 87 25 58 45 16 38 90 13 57 57 83 29 21 95 64 35 29 85 86 71 79 51 37 99 26 25 17 83 58 75 59 4 6 17 22 56
49 37 17 88 51 21 22 6 19 40 16 89 95 44 93 81 52 70 28 95 82 55 62 84 30 43 77 32 16 30 99 18 28 75 11 56 100 96 68 45 90 54 93 28 8
96 70 88 69 67 31 76 36 49 16 56 14 14 68 81 52 24 23 51 15 99 17 42 56 34 86 53 46 20 44 72 97 45 42 39 17 99 54 97 25 82 34 52 81 61
68 43 97 83 28 52 84 73 29 15 55 43 62 9 56 77 56 19 50 7 21 9 88 50 77 50 60 69 88 6 70 14 3 41 19 40 77 78 93 52 57 59 75 16 83
61 11 96 86 32 24 17 83 67 84 24 7 3 63 97 48 64 91 13 19 27 9 64 33 9 64 56 89 90 10 70 79 67 45 29 27 56 96 91 89 76 86 30 30 100
95 78 96 62 24 55 32 91 24 78 78 68 19 36 47 12 61 21 29 6 5 71 17 8 70 37 68 68 24 3 15 68 35 91 30 78 5 27 44 80 35 35 81 74 100
51 53 29 95 5 28 19 61 96 63 69 68 91 56 83 94 95 31 96 9 7 43 73 73 20 36 84 41 4 26 72 34 69 84 79 7 49 27 78 8 11 11 72 45 76
72 91 8 83 80 18 87 2 8 87 86 18 84 25 14 26 92 11 89 44 36 20 54 41 92 26 12 53 18 50 60 38 16 78 24 95 61 24 41 35 50 34 51 43 55
95 86 93 97 18 2 27 21 28 88 85 64 46 82 54 27 62 74 79 10 67 34 50 80 39 1 61 92 82 76 99 88 29 54 19 21 44 52 90 26 83 57 80 80 92
51 81 70 73 4 85 41 77 31 98 71 92 92 74 26 50 71 78 71 17 36 61 4 4 28 16 54 79 21 89 9 24 29 29 42 96 89 37 14 30 20 49 87 34 62
4 57 42 52 19 38 6 32 100 55 35 51 41 67 58 35 37 33 96 55 92 60 95 6 48 36 3 90 55 17 73 63 20 59 66 11 33 93 82 90 12 53 69 97 17
36 7 21 78 53 75 2 82 30 28 21 76 39 42 37 82 44 10 93 29 83 39 100 26 3 77 55 54 19 96 43 73 3 61 54 66 79 60 32 97 18 69 75 90 56
11 85 18 7 52 24 20 100 17 97 58 62 64 36 96 15 88 5 77 6 45 3 64 26 39 89 56 52 29 86 67 79 66 52 44 35 56 20 64 40 24 52 57 69 63
82 93 54 87 32 86 67 82 5 40 85 66 12 16 39 19 22 59 77 41 4 89 45 61 58 33 3 88 50 66 43 82 26 50 55 87 67 14 59 27 100 23 25 29 78
95 75 26 23 12 23 99 12 56 2 84 6 79 72 31 32 76 42 7 21 49 68 32 39 79 8 20 52 71 74 59 60 14 69 48 3 60 4 88 88 78 75 76 40 64
73 44 94 52 55 84 96 70 89 83 94 22 45 4 15 6 56 57 54 58 42 32 85 30 9 66 89 63 66 88 23 71 3 40 81 60 55 24 12 3 72 89 30 79 69
22 90 6 28 35 17 75 68 36 60 73 22 11 55 61 40 72 50 62 30 100 42 30 76 92 26 10 19 32 55 26 99 68 98 11 85 58 59 17 74 24 65 63 90 3
1 53 84 98 21 19 83 24 49 63 59 3 40 98 71 89 64 90 46 47 45 11 82 29 48 18 55 76 20 75 43 8 31 34 34 14 79 70 64 82 64 93 98 23 28
5 93 6 53 60 34 45 8 72 38 90 4 21 89 12 3 78 9 25 31 55 76 65 62 86 65 26 80 8 81 18 38 53 53 99 74 82 41 61 76 48 19 66 2 84
41 90 38 85 78 97 95 58 95 90 71 43 57 77 81 56 49 44 92 71 18 90 39 35 6 60 56 19 98 92 33 34 85 48 41 13 49 20 7 100 29 87 17 68 92
8 67 19 38 45 62 56 54 77 46 31 79 98 49 100 92 58 58 93 30 24 34 12 25 85 38 59 23 95 82 40 29 55 60 22 67 49 21 88 75 42 38 6 47 55
78 24 75 13 22 70 9 59 66 85 75 67 77 65 37 42 65 23 33 86 71 27 35 61 22 72 38 51 32 88 28 8 35 21 78 77 92 92 8 96 57 89 33 79 14
75 100 42 47 98 76 69 18 13 86 3 64 2 27 25 99 82 33 41 33 36 61 54 79 99 9 57 38 70 78 18 23 36 72 18 89 22 14 71 43 82 90 100 96 31
57 32 10 3 25 11 55 21 19 32 83 79 30 45 74 85 90 84 24 59 27 28 92 24 80 83 93 94 7 54 62 82 64 13 49 53 22 86 82 85 13 64 27 4 55
46 26 39 41 34 36 28 84 31 95 83 82 1 15 85 20 9 8 19 28 46 78 80 70 42 93 15 95 13 66 93 89 38 37 5 42 65 36 18 52 57 63 80 32 65
10 43 92 53 68 44 57 74 62 17 100 9 25 70 25 25 44 38 84 73 74 73 17 89 5 53 64 27 78 89 78 33 10 35 1 96 47 61 92 100 47 70 34 77 75
79 27 71 65 89 93 38 69 5 83 40 42 87 9 22 13 6 57 38 48 23 59 33 68 33 97 46 47 79 93 51 50 2 92 14 16 20 45 82 5 100 5 33 99 5
88 7 11 28 27 95 37 4 25 76 60 46 81 19 43 24 74 10 12 22 79 26 53 98 19 42 74 31 70 34 9 88 11 29 29 78 32 86 88 20 91 91 22 92 80
86 83 64 51 61 63 2 87 24 43 88 43 44 23 80 4 35 39 5 66 82 99 27 32 43 68 8 82 77 48 88 8 66 12 16 32 35 62 27 7 9 68 18 50 27
33 31 57 12 52 31 93 38 16 10 100 85 57 89 98 30 75 16 7 13 46 2 36 92 75 38 76 67 36 89 67 67 33 73 35 20 7 95 68 24 23 60 100 30 94
81 94 42 8 48 11 19 6 61 85 85 93 73 16 28 57 26 20 6 93 94 14 17 14 98 77 64 42 28 63 38 99 51 8 18 1 18 43 41 30 68 4 27 80 44
70 71 46 27 78 69 54 47 63 9 88 99 85 73 78 25 19 30 9 80 8 74 19 46 57 17 15 95 24 52 19 20 8 17 42 87 70 33 14 79 45 9 50 40 28
53 31 89 95 15 60 56 9 59 97 11 60 54 36 66 61 77 59 49 78 2 71 3 88 9 92 34 51 58 61 85 26 6 16 44 26 66 91 7 50 8 76 51 95 28
89 81 87 57 40 3 94 37 1 84 25 72 4 20 57 62 13 76 20 1 30 50 6 36 87 51 94 25 84 16 31 22 53 52 70 71 59 60 73 27 6 27 97 99 25
100 10 23 87 55 84 85 53 40 29 83 4 51 10 96 55 31 23 81 52 53 68 78 23 3 6 33 80 21 73 53 8 75 20 87 33 80 12 80 78 96 88 25 68 38
11 40 98 3 62 70 34 82 18 64 78 65 18 49 27 43 42 93 47 80 40 1 62 49 69 31 97 27 9 5 42 19 93 20 40 46 24 88 15 91 84 80 86 10 65
83 43 48 94 18 24 73 27 15 17 27 80 56 86 52 73 72 76 83 21 38 47 34 87 56 45 13 32 95 33 46 21 19 42 29 31 27 54 57 51 61 69 94 19 68
67 55 18 25 66 21 82 99 73 91 41 54 82 89 59 92 37 78 87 8 81 43 56 95 58 57 54 33 77 87 33 9 88 40 47 25 39 82 30 32 59 4 79 49 83
32 53 3 35 6 24 57 81 62 78 50 8 88 8 98 46 92 32 53 23 55 52 24 33 69 2 68 63 22 76 72 89 59 100 64 55 55 30 28 56 50 16 83 44 25
66 48 58 20 46 42 14 74 36 24 38 73 76 9 8 30 97 75 26 97 29 3 66 53 63 10 74 27 69 83 99 36 92 73 80 94 11 38 35 92 80 23 48 64 1
12 57 15 61 100 93 3 49 56 61 80 72 42 73 1 71 4 47 80 42 71 82 57 23 51 21 85 27 51 80 23 63 23 52 28 8 7 48 52 18 98 82 80 43 92
95 85 8 28 35 51 32 85 19 88 99 36 38 16 96 95 92 92 97 1 45 42 32 87 66 91 42 20 65 3 5 36 41 56 86 13 48 40 37 23 72 49 89 4 77
34 75 11 89 58 65 66 89 25 22 96 14 86 81 83 48 27 53 9 76 21 2 74 6 83 61 86 57 41 64 66 92 49 78 37 50 5 63 89 56 58 18 52 72 89
56 26 75 90 38 65 84 78 9 80 12 73 57 70 5 62 77 31 52 48 46 60 56 63 54 42 69 13 96 46 11 98 64 64 25 88 89 92 57 6 29 52 17 12 51
72 57 42 48 90 18 86 8 53 52 30 88 81 40 14 69 27 27 92 77 22 76 49 2 56 76 2 85 69 17 53 74 21 13 40 51 31 55 55 19 61 14 87 77 2
93 74 35 80 93 88 54 38 17 70 69 89 10 98 90 69 34 41 48 46 54 14 73 53 66 43 64 42 22 24 100 84 62 69 72 19 84 53 83 6 67 37 96 23 62
58 9 76 66 52 20 31 88 58 18 60 63 43 29 83 14 66 68 40 35 58 52 22 93 70 68 44 19 24 6 62 46 11 67 8 10 41 51 50 12 11 5 72 40 16
76 35 96 8 91 21 35 43 62 74 27 45 84 8 31 66 5 47 24 6 35 52 2 55 69 36 86 50 65 83 13 5 94 88 75 27 42 34 23 66 41 94 38 52 32
88 60 13 79 36 11 52 96 76 90 13 2 45 40 30 58 85 89 5 34 68 63 1 37 87 43 1 99 10 44 20 77 64 81 35 73 70 56 57 4 88 66 91 64 47
5 94 51 91 36 14 98 10 54 36 52 8 44 37 13 75 84 66 32 10 32 92 91 65 46 72 12 90 76 33 70 36 44 86 51 65 27 33 31 88 60 19 9 84 17
12 88 66 44 27 13 99 43 65 21 23 40 58 88 18 34 59 93 32 47 6 27 44 87 15 20 13 63 27 76 18 46 16 1 34 84 72 44 93 61 59 95 70 85 89
37 18 14 46 53 66 4 68 84 53 24 26 1 44 57 45 49 88 76 70 47 93 21 78 46 31 88 19 83 88 51 55 61 11 86 47 51 13 10 28 16 57 55 73 1
96 49 61 84 94 90 62 76 15 37 3 68 12 90 12 36 46 7 74 20 13 32 84 2 18 76 34 30 34 74 74 52 75 13 88 84 44 9 22 29 83 54 25 53 64
98 59 98 55 39 76 82 26 98 35 22 72 92 82 24 57 9 87 70 41 75 35 86 40 72 97 59 2 18 21 30 68 50 72 22 39 31 16 10 47 2 12 57 76 14
76 54 2 77 27 56 68 21 2 97 83 23 54 23 82 19 47 69 55 89 46 17 97 43 7 45 69 19 38 45 34 48 65 36 31 66 39 12 10 11 70 53 8 92 95
68 3 10 80 99 80 6 92 76 99 49 62 78 54 93 81 43 55 26 20 55 63 47 27 21 14 87 7 60 62 34 10 9 37 66 20 3 11 28 32 49 95 37 81 28
14 27 58 17 94 100 33 69 33 50 34 18 23 22 53 50 59 75 26 52 54 93 25 78 3 75 26 9 75 65 25 37 54 19 11 32 1 41 50 23 9 8 80 31 70
59 86 98 38 99 45 47 57 53 7 45 59 44 66 34 94 69 96 57 17 7 21 98 33 20 79 14 81 2 75 44 85 73 24 40 67 8 21 68 36 60 11 76 17 88
36 28 30 75 1 97 44 34 45 46 12 48 78 76 77 15 64 79 91 44 67 73 47 90 73 14 29 77 84 29 81 89 98 38 31 17 75 82 44 84 91 89 17 10 79
48 61 41 19 38 59 33 18 30 52 31 93 57 4 4 32 98 18 96 15 38 95 31 18 62 96 66 93 9 25 70 85 19 98 44 57 65 71 45 48 15 3 37 73 33
79 92 27 22 49 84 94 36 27 35 85 94 73 78 86 56 24 59 29 16 88 54 2 10 9 18 36 22 90 71 67 56 59 6 79 15 40 6 71 74 34 74 84 53 7
93 13 79 80 83 73 18 83 6 62 52 81 21 84 28 23 77 63 20 58 87 65 81 27 24 68 23 46 57 6 20 98 39 87 76 43 67 15 92 87 77 66 48 87 9
63 39 45 96 98 100 81 45 76 56 92 100 37 41 25 66 66 15 79 30 30 84 40 49 9 84 25 92 5 80 33 39 22 80 26 35 32 21 53 77 44 74 47 53 69
21 6 100 22 55 7 77 7 55 41 87 36 97 92 71 13 36 36 88 29 85 23 79 100 45 16 28 40 52 32 80 2 86 43 87 99 6 63 59 1 74 62 54 2 5
6 90 10 67 61 27 49 61 46 25 70 100 46 54 15 52 74 15 21 25 52 21 46 29 97 66 74 20 74 100 25 73 93 53 23 68 43 94 16 12 50 15 45 48 43
63 14 90 72 10 10 40 31 37 16 3 80 93 21 65 77 2 13 83 42 39 23 3 17 87 92 18 62 29 31 31 53 82 28 24 73 50 93 63 95 37 69 84 66 27
77 45 32 34 1 92 84 19 38 43 22 90 22 44 7 27 92 59 41 49 53 95 52 83 84 15 33 73 59 37 30 18 8 1 1 67 34 98 64 52 95 45 82 85 39
83 38 16 86 77 61 61 97 45 58 43 21 32 13 24 50 2 61 63 66 78 71 52 23 56 33 53 34 90 59 71 71 2 81 81 1 31 29 85 82 74 72 93 16 45
65 24 50 12 54 52 39 72 49 18 77 3 21 50 96 53 87 78 34 65 26 6 93 83 15 29 33 37 55 50 87 43 45 50 58 37 49 2 52 58 69 83 54 69 50
9 16 64 32 100 50 26 39 31 75 21 57 91 52 52 80 2 54 69 17 67 69 10 70 61 67 27 18 87 65 66 1 88 41 1 56 58 3 93 1 97 60 66 35 82
25 23 98 55 6 68 82 47 24 1 38 16 55 94 12 8 62 85 39 38 80 26 57 27 9 34 82 27 82 33 66 70 97 39 79 74 60 92 84 7 56 13 5 58 43
78 29 27 7 78 91 60 80 52 53 80 7 44 99 62 61 76 43 27 12 44 75 96 12 89 24 57 52 61 21 62 33 70 32 37 77 63 54 30 67 58 60 42 26 21
98 1 47 68 96 62 94 1 52 79 87 66 17 81 67 46 61 43 32 100 4 50 86 27 52 49 21 77 82 28 16 61 73 34 6 90 21 61 28 87 8 29 83 94 40
12 1 61 6 86 28 35 83 56 12 99 83 58 24 43 100 37 17 87 3 94 1 89 24 18 69 82 34 69 52 47 74 95 69 91 48 43 60 32 49 14 13 6 73 66
82 38 92 3 11 80 45 69 65 56 99 55 23 42 75 94 100 55 49 68 93 72 28 25 4 59 27 13 46 21 41 20 15 57 78 28 9 62 36 36 18 69 92 9 33
97 46 11 93 17 53 19 52 46 23 14 14 29 14 88 67 4 91 57 37 91 25 91 84 90 78 14 18 20 91 20 50 30 64 2 2 62 80 39 13 69 43 81 26 81
95 15 94 8 81 16 69 21 93 90 99 31 6 49 47 70 56 56 79 62 56 14 41 7 53 30 50 42 17 13 28 56 77 11 43 27 44 70 70 76 32 26 13 21 39
71 21 58 21 79 2 58 97 40 98 5 98 71 7 46 26 3 12 43 5 24 42 63 37 27 71 34 6 79 59 58 42 60 92 13 4 94 59 93 77 46 89 72 68 3
77 76 22 22 76 9 17 46 2 23 35 72 25 41 99 81 42 59 58 48 65 76 70 60 14 99 15 94 78 6 38 92 22 36 71 62 35 86 61 25 73 72 86 100 88
65 7 82 62 44 93 30 12 83 26 72 46 7 33 90 89 80 97 74 42 17 58 25 28 21 19 98 34 30 99 22 81 79 38 13 25 35 33 5 57 64 81 21 77 2
95 40 46 76 97 63 8 1 25 69 3 57 100 74 35 73 92 62 82 72 98 22 83 5 40 5 66 97 97 36 16 13 54 14 44 87 73 40 47 31 50 39 34 65 7
6 91 77 56 95 14 93 29 32 86 13 41 13 32 80 5 7 16 39 58 57 17 7 47 6 84 91 38 48 57 2 52 39 3 47 44 50 25 59 16 9 86 82 91 89
35 1 22 7 26 44 59 55 86 68 22 44 35 57 56 98 15 51 29 33 27 12 98 62 35 98 92 57 11 89 39 15 20 95 81 50 11 18 87 18 69 59 45 60 6
