25
4
11 11 20 8 5 1 5 9 20 2 14 5 9 8 12 6 15 11 11 5 15 4 4 7 12
15 3 17 20 14 7 4 11 5 5 2 17 1 19 19 2 16 1 7 4 8 1 3 8 6
6 8 9 15 4 2 5 11 11 10 5 12 5 8 15 19 17 8 6 9 9 12 18 11 12
11 17 16 14 15 15 11 17 17 19 6 17 7 10 15 15 12 19 13 13 2 6 16 5 3
13 16 11 13 18 14 2 16 11 14 14 9 6 3 2 16 2 18 10 2 2 8 6 15 4
17 16 16 17 5 11 7 14 10 14 19 13 5 13 14 11 18 4 10 6 14 8 11 14 13
11 14 4 3 20 4 11 4 20 12 18 5 12 1 8 15 8 8 18 4 9 7 3 9 1
1 18 17 3 5 7 17 2 13 6 14 12 8 12 15 20 19 20 8 13 15 6 9 5 3
2 18 4 3 12 5 1 7 12 8 9 12 13 17 13 14 20 7 15 10 15 6 4 3 15
13 12 3 18 9 4 16 10 12 8 10 12 3 8 5 9 4 2 8 3 9 2 3 6 1
20 5 2 10 3 6 18 4 8 14 15 6 16 3 10 14 15 1 9 14 4 17 1 10 10
19 15 15 20 14 10 13 1 20 6 4 18 1 17 15 13 10 15 6 10 9 17 10 5 17
7 12 8 19 13 6 7 20 16 2 1 11 19 12 15 10 16 6 3 3 1 15 10 14 19
13 8 12 17 11 11 12 11 3 9 8 12 3 4 13 16 5 1 19 13 19 3 14 18 11
19 6 9 1 14 11 4 16 1 13 13 17 14 13 12 3 3 16 5 5 8 8 7 15 17
12 17 8 1 14 6 7 2 18 14 4 11 4 10 3 11 17 3 6 8 5 7 16 15 1
18 16 13 7 15 20 3 12 18 12 18 3 17 12 3 2 15 7 4 18 3 12 1 3 18
1 19 9 3 12 13 16 10 2 13 4 12 20 12 4 3 8 15 2 7 11 4 5 16 20
17 11 4 9 11 9 13 3 6 2 10 14 20 13 14 12 2 5 18 7 5 18 7 1 6
10 13 7 8 5 1 15 11 18 14 18 8 2 19 1 17 13 11 5 8 15 10 12 3 19
18 17 15 20 6 11 15 7 14 18 12 5 2 12 1 15 6 9 19 14 5 4 1 3 18
18 13 13 3 9 7 18 8 7 11 12 10 19 16 1 11 19 17 1 14 1 15 12 2 10
4 18 19 17 15 15 5 11 3 15 13 17 19 11 13 17 20 20 10 18 16 3 3 3 6
4 8 2 13 8 8 7 3 11 14 4 10 14 14 8 3 12 13 14 3 16 4 9 9 19
9 13 5 19 12 10 20 11 9 17 20 4 7 1 11 10 15 19 15 8 17 10 19 4 3
6 12 20 19 19 10 20 11 19 10 18 19 6 12 6 15 5 14 19 10 13 13 11 6 9
14 6 13 7 16 18 14 16 9 3 4 10 1 3 16 12 10 18 8 19 13 15 5 19 8
13 13 11 16 4 16 14 6 3 12 2 18 13 4 18 17 7 15 13 17 5 5 13 1 16
1 17 4 15 1 16 20 1 19 2 14 20 18 6 16 12 13 5 8 3 4 8 2 5 10
2 13 16 16 6 9 6 12 4 3 3 12 15 6 18 20 6 9 4 7 3 13 16 4 2
10 19 9 16 6 4 13 1 20 1 4 18 2 11 16 15 20 3 5 14 1 10 15 3 2
13 5 5 8 18 18 10 3 19 14 8 17 13 6 4 5 18 12 13 5 11 18 10 19 7
2 13 16 13 19 12 2 16 16 11 7 4 12 4 3 19 5 5 8 20 6 5 18 10 11
11 12 3 6 13 20 12 6 19 17 1 13 8 1 9 12 3 1 18 11 17 5 3 14 18
2 10 13 3 12 18 9 19 7 9 13 10 7 1 10 9 14 3 19 11 3 1 10 9 14
5 13 4 16 10 3 3 3 4 2 5 1 2 2 10 4 6 12 14 12 9 9 8 18 18
7 4 15 2 18 14 6 9 6 10 6 10 4 2 11 1 9 11 3 19 5 20 2 10 2
11 2 14 1 6 10 4 2 6 3 16 12 8 5 3 11 1 20 18 20 3 2 16 4 12
13 17 7 13 16 12 15 5 13 18 14 18 19 10 15 18 7 5 9 5 13 17 2 1 13
18 19 8 7 18 10 15 1 9 7 3 5 15 14 19 17 19 19 13 3 1 14 19 1 11
11 4 1 13 20 1 4 3 7 12 20 19 16 20 4 1 2 15 8 2 9 14 17 17 18
12 5 6 3 3 4 1 13 13 15 11 4 2 18 6 2 13 8 11 16 8 1 17 5 10
17 9 8 9 8 7 8 2 15 15 18 2 9 11 6 10 12 9 8 14 13 16 11 16 7
5 8 17 15 7 10 19 13 3 10 14 14 7 5 19 4 13 7 9 18 3 19 20 1 17
7 7 20 1 5 20 8 17 5 17 7 6 13 14 2 19 17 12 4 1 1 4 8 9 8
13 4 7 16 11 10 20 9 11 11 19 14 10 12 1 4 18 8 17 18 5 15 4 11 9
2 13 17 16 12 1 1 10 11 1 1 7 13 19 7 5 3 8 18 8 2 14 6 10 6
13 17 8 1 16 7 1 1 19 5 1 17 8 20 9 7 3 16 4 6 3 18 19 19 20
14 20 9 1 20 13 13 1 16 2 18 8 2 14 20 2 18 15 9 17 5 10 9 15 8
20 13 6 8 4 15 11 19 9 16 8 20 12 6 18 1 3 10 3 13 11 17 1 14 15
2 2 8 3 15 10 1 2 11 13 13 2 1 6 16 15 6 3 12 14 13 6 9 12 19
7 7 2 6 11 15 10 6 16 10 14 16 10 14 18 2 3 20 9 18 11 6 10 9 1
15 2 12 5 18 18 3 6 5 2 4 1 3 2 5 10 1 1 4 18 9 10 7 15 17
5 9 3 2 4 11 12 4 17 5 13 5 18 6 16 19 5 1 13 5 1 6 6 9 19
4 8 7 14 2 19 19 4 12 7 8 20 1 7 12 2 9 11 7 1 14 9 7 12 6
11 12 1 14 5 20 15 12 12 18 15 7 19 1 11 5 5 3 7 15 5 7 11 7 7
10 15 13 9 6 3 11 12 13 9 19 20 4 14 19 8 12 5 8 4 2 14 14 4 6
18 5 1 13 17 7 6 12 11 13 8 10 17 1 3 2 1 6 5 2 19 1 20 8 5
19 4 13 4 10 11 12 19 2 14 5 14 3 5 3 13 7 4 6 15 4 19 2 5 5
8 12 11 1 4 8 19 9 13 14 7 10 12 20 11 10 2 15 10 19 20 4 17 12 17
8 2 12 18 4 8 10 17 6 4 2 8 2 19 11 8 2 8 9 10 16 11 6 12 8
12 11 12 11 7 13 18 7 11 19 7 4 14 20 3 15 13 1 1 6 14 13 3 9 8
8 10 5 8 8 10 5 8 12 20 20 7 7 19 7 7 6 5 13 20 1 6 11 1 12
2 15 3 14 9 16 5 3 10 12 3 12 6 17 10 2 14 19 14 14 14 16 13 9 1
4 6 3 17 18 14 13 18 1 15 4 19 19 16 6 7 8 17 17 18 10 16 5 12 11
12 4 10 14 19 18 20 7 12 9 15 4 4 5 5 6 15 4 19 2 2 5 15 18 12
15 17 6 4 9 13 18 13 7 7 16 6 3 18 17 6 15 9 6 11 9 7 8 20 15
8 3 12 18 11 3 2 12 4 4 1 17 20 1 4 3 11 5 19 6 2 13 6 8 15
13 9 15 4 11 20 17 6 16 14 2 11 6 12 14 16 11 14 14 6 8 18 3 6 6
12 10 20 10 2 10 6 20 18 15 19 12 16 12 13 8 7 12 4 18 4 1 11 6 1
15 6 13 12 14 15 15 18 17 16 8 1 2 10 6 19 14 4 7 10 7 1 17 8 10
15 8 15 12 3 19 7 7 8 10 8 13 17 4 2 14 7 10 16 12 18 7 18 19 8
3 15 13 11 15 18 7 19 4 8 3 7 8 8 20 10 20 10 6 1 13 14 14 18 8
9 1 20 9 10 13 12 19 3 12 6 8 16 20 9 16 15 8 5 15 11 6 18 2 18
10 4 3 4 11 14 14 16 7 11 14 16 3 19 4 18 3 10 18 6 19 2 12 4 20
13 9 1 20 9 12 17 4 10 4 3 16 14 9 4 8 17 8 17 11 1 7 6 16 3
18 9 5 10 15 3 4 14 12 9 20 10 14 14 11 7 17 12 9 19 14 10 8 7 4
12 11 14 8 19 13 8 13 5 14 20 3 8 11 5 3 13 12 14 16 9 18 1 11 12
16 20 1 16 6 12 14 15 6 17 18 7 5 1 12 17 20 9 7 4 8 18 4 8 11
15 1 19 2 18 11 1 4 13 18 3 10 16 14 5 2 2 11 6 10 4 15 6 6 2
2 4 3 10 19 1 8 1 3 20 11 18 3 8 10 6 17 11 20 13 17 1 10 5 11
11 13 10 7 17 12 13 12 14 7 3 4 7 20 18 18 13 7 16 2 15 12 12 19 13
9 20 19 16 8 12 6 5 14 13 10 11 17 7 19 19 6 6 6 8 2 1 3 15 14
12 18 17 2 16 11 5 2 6 16 4 1 13 9 3 12 8 2 5 17 8 4 8 16 5
10 10 12 1 13 14 18 17 12 10 11 16 14 1 10 16 2 17 2 13 13 18 14 17 4
4 4 17 16 4 19 14 11 18 3 1 20 12 9 10 5 10 20 13 17 1 9 16 11 6
16 4 1 3 18 5 18 14 12 9 1 2 10 2 2 16 11 8 5 20 12 8 1 19 20
20 15 19 10 8 13 12 18 10 17 14 18 20 1 15 6 6 12 16 14 3 20 17 16 9
20 1 3 5 16 4 20 16 18 20 18 13 14 1 9 1 9 8 6 16 11 8 5 17 1
14 4 14 5 10 11 11 20 4 11 12 17 6 12 20 6 17 7 9 10 17 8 6 18 4
19 2 9 19 9 16 7 10 1 9 4 13 11 4 17 19 2 1 15 15 1 1 1 14 20
13 15 6 19 13 3 11 20 4 6 13 16 8 18 20 7 12 7 4 1 12 1 18 20 16
14 9 14 6 9 8 14 19 20 14 14 7 9 5 6 13 19 18 8 17 13 19 13 16 4
12 20 8 8 16 7 16 12 9 15 3 1 13 7 16 17 17 10 19 11 16 9 1 15 2
15 10 15 7 19 15 5 18 7 2 19 10 1 16 3 11 18 10 4 16 6 1 14 8 18
13 7 5 10 14 13 11 12 5 4 1 1 5 16 5 1 18 12 3 18 9 9 14 11 11
3 8 9 12 4 19 4 5 15 12 8 12 13 14 3 15 1 1 20 17 8 6 15 12 16
10 1 9 5 5 20 17 20 18 1 6 15 5 15 11 10 3 15 15 19 17 17 7 17 5
5 13 1 12 10 3 4 20 16 3 19 5 18 11 11 17 6 15 4 6 11 5 20 6 13
4 6 12 16 17 13 16 8 20 7 5 14 11 13 2 20 8 9 4 19 16 19 6 12 5
