20
4
75 34 64 39 20 34 21 100 62 80 86 11 14 87 90 86 75 51 21 91
61 18 24 58 47 7 83 28 33 23 15 54 90 59 66 58 61 88 85 86
91 44 79 76 30 48 40 4 13 20 87 37 85 97 43 22 81 67 35 49
26 16 16 76 47 36 74 94 8 54 93 14 68 40 18 39 13 59 22 75
30 14 40 16 48 18 21 43 94 53 100 13 83 25 64 25 79 41 29 100
21 90 83 33 29 78 90 84 75 94 11 26 29 65 81 18 92 11 37 12
19 32 43 90 4 35 1 91 77 63 11 42 63 98 82 100 97 89 41 91
5 50 63 8 66 100 65 96 40 4 13 14 72 1 49 79 82 64 35 85
38 57 67 64 84 66 29 86 31 83 95 31 17 82 99 79 80 90 99 54
51 95 87 77 51 38 39 45 82 99 14 74 100 82 27 82 68 54 47 76
66 12 50 77 41 41 60 24 11 67 84 66 41 31 21 47 68 48 22 15
35 90 49 97 61 14 46 51 17 70 28 87 96 21 86 10 15 21 92 6
100 90 91 97 72 2 56 94 47 39 60 64 30 8 72 68 63 62 53 94
57 44 42 7 36 58 11 1 58 65 70 83 84 55 28 19 78 44 55 16
40 84 21 32 15 33 1 12 51 18 97 99 40 69 61 100 56 19 23 77
54 23 59 52 23 99 45 6 80 69 60 70 44 38 69 100 29 72 28 13
24 36 48 59 1 38 90 18 42 50 56 69 78 2 75 21 12 86 36 73
52 28 18 88 71 97 89 72 57 69 34 35 8 13 1 51 88 60 98 35
98 9 31 49 46 1 99 20 2 92 21 85 42 31 27 59 73 95 30 29
27 58 34 22 43 3 15 83 58 80 78 31 51 5 27 14 57 69 86 30
11 1 26 25 3 68 30 94 16 52 32 53 68 29 55 52 1 58 48 17
3 71 39 68 91 31 22 24 35 9 58 18 53 64 13 3 44 24 31 13
9 91 98 50 61 17 38 44 34 66 85 15 74 71 97 49 12 32 75 29
27 25 23 69 98 41 14 79 92 80 27 48 8 63 56 35 5 48 38 100
15 4 16 67 34 94 24 91 52 29 63 33 84 94 20 28 39 14 84 6
1 66 54 76 80 10 44 29 9 55 14 73 30 60 2 81 34 26 35 20
98 28 59 69 94 98 83 54 29 35 54 29 20 66 9 65 43 8 4 51
61 28 28 27 15 53 20 17 24 96 68 92 96 93 24 100 47 51 91 56
12 17 91 6 72 98 66 91 43 7 47 48 98 84 60 30 78 46 63 53
64 78 85 89 85 98 15 32 16 24 44 77 54 61 45 79 22 75 39 62
25 16 84 30 67 27 74 33 94 18 50 35 4 48 17 51 83 88 92 92
68 63 44 43 51 70 94 40 44 83 8 67 23 16 90 29 46 80 55 20
47 35 85 64 36 85 72 71 62 5 92 39 1 48 83 99 21 74 75 29
89 82 78 38 65 13 54 58 16 45 74 59 37 79 52 1 44 37 34 30
52 28 36 83 63 70 87 14 21 57 65 68 53 9 68 25 8 33 48 26
25 87 90 16 64 6 73 43 74 10 16 34 6 61 69 67 84 17 96 57
75 62 90 19 75 76 52 6 38 54 78 98 47 46 54 91 67 23 72 59
87 94 79 91 45 80 16 85 16 21 7 87 74 87 21 33 44 33 69 11
39 70 82 4 7 60 82 88 93 28 89 31 15 73 74 78 93 8 17 21
96 27 93 25 81 9 38 96 76 28 66 20 74 18 75 69 28 90 27 59
87 44 42 34 13 54 23 34 64 54 50 11 45 82 28 33 41 66 54 32
17 98 76 64 50 15 66 40 32 51 83 17 29 24 5 44 12 25 42 80
72 7 85 10 63 38 56 22 73 84 39 37 57 49 67 74 68 88 18 26
7 21 11 93 20 33 40 8 90 39 35 77 66 74 46 20 43 42 70 53
31 73 92 44 42 11 93 98 17 100 42 5 96 42 48 83 33 93 59 58
93 94 32 30 24 76 38 70 97 86 10 69 28 18 71 27 13 40 92 34
54 20 82 55 48 79 66 96 80 16 30 17 52 45 30 17 73 61 78 91
58 90 81 51 87 80 25 40 13 13 48 57 77 9 31 75 11 13 91 13
90 100 8 44 34 66 69 72 30 21 55 54 11 57 12 9 68 33 65 43
80 52 71 22 74 46 36 71 76 43 36 4 1 61 16 2 71 6 28 41
38 64 54 69 19 73 85 77 100 77 97 93 12 76 25 30 17 33 60 57
9 49 55 4 23 35 31 98 51 68 77 69 37 19 69 98 50 30 37 39
5 66 99 11 28 66 73 33 92 33 46 21 62 56 85 12 44 91 57 4
80 31 86 73 79 61 23 11 97 85 97 31 63 54 55 34 66 62 15 18
72 66 38 71 5 34 6 84 34 35 48 13 5 15 20 34 91 85 7 68
12 73 57 61 45 81 14 46 48 60 99 61 73 16 46 93 69 98 2 26
85 33 71 51 39 81 100 75 17 77 86 32 10 48 90 50 86 49 56 31
61 69 14 24 21 19 54 51 37 7 10 93 12 57 84 58 43 30 68 56
45 21 50 52 89 90 4 64 23 47 44 79 80 40 74 48 50 13 36 92
63 66 36 37 83 98 81 92 36 13 58 2 74 59 28 80 43 58 83 91
67 9 5 40 80 28 56 32 33 9 22 98 12 42 72 83 78 21 28 12
48 73 77 49 80 94 2 56 65 92 25 85 23 77 81 84 12 54 83 30
95 37 19 17 71 76 7 66 97 20 44 75 3 29 31 46 93 17 2 19
71 72 48 9 18 88 59 23 83 64 79 46 21 25 37 30 92 2 87 5
83 89 11 2 22 23 5 17 66 73 80 98 4 3 25 70 39 10 59 94
7 60 37 89 41 35 49 41 12 33 94 23 96 24 36 32 94 24 45 51
51 32 96 28 43 60 42 47 70 60 17 41 28 88 22 69 46 43 29 37
61 21 46 42 39 7 85 36 46 56 77 79 24 63 39 68 81 68 41 98
98 86 76 30 86 44 44 11 35 82 6 22 6 10 77 45 79 37 49 56
10 2 26 78 58 36 54 50 90 20 32 22 19 53 1 9 8 44 60 32
47 9 89 90 3 23 42 48 7 8 57 30 79 5 9 9 29 23 38 66
98 48 14 26 24 82 13 92 74 2 40 56 26 65 30 34 45 71 59 62
54 91 37 88 45 89 62 45 22 75 45 44 21 37 82 43 6 88 15 1
12 57 93 97 24 30 35 25 16 89 80 2 89 13 90 35 60 73 64 14
50 91 51 49 25 21 58 19 24 76 70 67 62 96 82 6 46 10 81 45
70 69 88 92 80 42 7 85 82 15 41 3 47 50 83 86 27 71 48 65
53 73 88 3 10 9 15 86 8 89 37 21 29 31 24 17 3 92 63 40
32 56 5 81 14 34 88 66 77 56 37 61 55 91 44 69 24 73 91 54
100 82 1 42 93 91 82 80 62 31 89 12 93 8 87 44 3 51 29 95
78 34 13 56 86 77 53 63 24 44 25 57 60 18 8 55 59 26 73 8
