50
4
30 53 60 18 45 14 41 36 46 89 21 58 62 46 61 26 73 27 14 23 39 94 64 78 29 15 37 82 59 7 7 98 2 51 66 45 47 42 79 26 79 57 38 42 71 64 48 64 8 47
39 4 97 56 20 25 92 16 34 80 33 4 47 91 8 68 24 37 75 91 97 83 65 80 40 43 73 63 5 58 85 73 28 87 36 59 5 16 14 49 51 42 24 83 84 100 6 68 35 62
88 80 12 52 13 37 22 70 33 40 65 30 80 38 55 20 87 68 12 94 41 69 25 49 3 79 29 49 11 36 18 13 35 61 74 64 41 65 38 4 54 22 77 100 94 75 10 66 7 79
44 73 21 54 3 68 18 77 6 17 5 83 76 82 23 69 33 59 96 40 87 19 76 24 50 74 33 84 60 95 33 95 90 15 86 21 39 97 70 93 80 14 19 72 58 50 82 98 12 75
18 91 84 62 46 38 75 39 55 14 77 40 90 22 71 70 47 51 23 34 27 90 85 35 92 6 96 39 73 22 55 54 49 92 39 61 96 7 7 85 61 95 1 35 26 5 87 17 56 65
32 38 96 43 45 31 99 22 74 79 59 67 27 81 2 95 46 24 20 65 65 13 65 23 50 52 15 88 47 36 78 18 57 34 5 18 88 86 17 73 84 51 50 80 47 21 86 92 11 24
60 2 67 23 76 70 83 65 94 47 99 85 62 4 37 41 3 65 69 45 44 86 19 70 50 27 86 71 28 65 42 89 86 63 38 15 28 5 51 5 92 6 68 33 56 87 63 5 25 72
46 64 81 43 8 78 79 59 78 33 61 50 17 7 86 87 76 68 14 58 4 74 41 58 90 100 93 68 87 9 23 86 1 76 85 30 23 80 41 86 35 67 87 82 48 60 47 83 86 96
96 99 97 33 1 82 98 83 22 39 75 24 69 75 65 90 42 44 84 94 3 77 94 13 69 43 42 28 10 31 49 42 15 27 79 31 2 22 80 86 61 11 47 42 39 99 53 19 64 40
98 61 72 51 26 69 29 98 55 27 4 13 74 71 3 51 43 80 89 92 80 95 89 6 61 89 95 99 17 1 57 86 19 82 62 52 57 50 15 55 48 60 68 20 98 87 25 41 11 35
50 40 59 58 51 93 10 18 26 24 15 36 86 81 55 92 57 55 57 15 65 13 96 49 57 74 77 87 20 98 24 13 43 84 91 82 38 88 67 56 59 66 28 5 21 72 79 75 64 52
69 97 10 96 32 59 11 76 6 67 97 68 27 85 15 3 63 65 86 82 27 66 40 93 3 68 91 92 33 79 21 90 47 38 62 10 75 31 38 86 28 93 95 47 98 65 49 10 57 85
20 85 81 81 38 65 71 37 17 1 21 11 24 15 88 47 90 82 18 78 15 46 5 91 16 71 77 94 93 56 76 22 51 68 17 52 61 90 83 30 66 91 7 42 4 3 52 55 5 45
14 11 37 79 96 86 48 9 25 73 16 31 74 53 38 94 94 52 24 89 89 55 55 23 90 6 21 8 5 68 61 42 61 84 56 42 37 69 11 73 29 41 6 22 82 2 21 62 67 55
67 62 76 57 54 91 47 8 11 85 80 55 93 82 58 34 20 6 78 14 42 72 92 48 20 13 16 71 9 95 33 7 46 53 31 72 85 46 86 80 39 78 59 79 27 92 11 86 66 71
59 24 50 7 55 31 26 47 86 24 99 5 16 32 37 58 75 45 26 43 4 96 26 90 15 3 75 34 14 83 6 56 20 14 61 44 95 82 82 45 47 34 99 15 78 5 4 48 82 86
78 43 100 85 3 43 46 31 44 91 6 82 47 24 19 30 6 60 21 35 93 67 88 28 15 88 66 52 24 32 8 36 86 97 2 58 39 44 23 46 87 13 31 52 24 6 38 100 27 47
43 4 30 21 75 53 24 65 22 92 44 46 48 24 64 18 68 67 61 70 13 47 12 40 29 31 81 96 39 37 86 79 68 51 63 8 93 79 21 47 28 60 14 90 14 8 26 5 39 63
58 63 66 76 18 8 69 12 8 72 81 43 42 60 80 24 76 44 69 77 97 71 19 44 30 97 82 52 91 56 82 91 11 30 4 77 44 32 3 74 9 70 14 73 55 40 61 36 70 21
15 30 80 87 33 26 90 13 93 31 74 91 27 53 82 23 6 63 73 99 30 8 79 11 16 87 63 16 22 54 83 25 77 3 36 92 96 6 100 88 56 27 57 38 64 63 67 99 68 61
31 40 49 16 11 76 93 39 33 16 84 53 33 19 47 29 95 20 50 8 54 84 50 40 29 60 4 34 63 75 26 5 67 4 23 89 82 36 86 25 62 20 41 9 35 92 54 77 87 52
11 95 26 78 38 92 94 72 88 15 55 23 67 78 92 50 26 65 76 88 18 3 2 60 31 70 47 91 5 36 11 37 7 41 6 59 62 30 66 69 9 86 7 47 60 96 35 95 52 11
19 3 57 5 97 66 46 6 81 2 8 38 99 44 89 78 34 89 37 57 10 41 38 24 28 69 42 83 1 64 89 26 94 55 90 70 75 64 46 45 28 22 99 57 53 86 52 9 61 39
1 13 46 95 37 36 54 90 76 98 15 74 85 52 77 49 31 89 37 29 27 27 77 51 3 53 49 84 68 92 26 6 18 63 23 16 77 83 89 53 74 35 12 86 16 8 31 64 45 11
12 94 86 45 65 33 38 52 58 33 82 81 32 96 7 56 3 67 8 98 83 48 62 60 14 72 44 65 97 28 81 33 20 94 91 10 20 16 58 17 51 15 24 50 33 8 26 86 20 54
14 5 100 78 30 69 27 9 98 93 51 92 90 64 62 5 32 71 80 15 72 52 17 82 67 66 56 26 64 93 43 61 33 80 58 27 76 1 35 24 11 52 59 30 2 18 36 86 80 32
36 63 22 9 39 59 47 42 82 29 24 32 55 78 48 67 70 7 22 36 84 22 38 91 64 89 63 81 52 84 71 38 25 67 37 3 62 27 31 91 15 93 3 44 33 84 44 56 10 1
71 14 59 18 63 87 17 10 60 96 43 46 1 60 28 20 45 71 84 37 11 36 65 94 48 12 47 23 99 64 15 41 94 40 41 86 62 44 97 96 28 54 6 89 39 13 71 49 22 20
60 1 76 54 8 8 51 46 9 52 78 100 69 3 73 89 90 76 60 2 4 88 38 17 18 63 6 92 70 77 49 47 91 70 86 18 98 5 73 64 51 3 37 43 16 55 53 69 40 92
29 30 92 94 46 94 56 56 56 26 100 28 71 51 47 35 24 44 89 28 86 100 41 86 65 80 30 38 16 42 41 82 29 73 78 3 15 84 46 24 20 20 26 27 28 24 86 86 5 38
26 18 78 95 74 2 74 47 58 71 71 54 38 6 63 84 24 30 30 23 27 49 54 37 71 70 20 4 15 24 87 28 81 26 79 39 22 36 51 9 27 74 9 4 12 87 61 3 93 58
86 37 47 27 99 4 87 41 93 13 87 50 54 14 55 58 65 25 17 4 29 76 73 1 18 77 43 32 59 89 56 15 84 51 96 26 99 11 55 94 2 14 44 37 37 15 72 84 34 29
50 31 25 54 46 85 15 54 2 88 23 92 56 48 29 81 22 66 55 26 96 77 15 36 2 77 83 98 78 51 61 74 84 54 1 86 69 10 36 72 56 66 66 12 73 54 3 78 22 77
4 28 74 48 36 76 82 75 57 66 98 100 6 55 71 75 42 61 54 28 85 7 51 46 63 86 90 45 11 68 49 42 34 26 68 24 19 35 2 5 69 84 49 33 55 99 18 7 92 75
60 20 51 72 38 93 92 13 2 83 3 75 63 69 70 63 40 26 86 85 42 29 25 12 96 98 75 72 10 10 38 47 13 84 76 26 77 89 40 16 23 24 89 28 93 7 22 93 9 77
91 64 98 44 13 9 27 88 63 4 50 45 17 18 20 35 70 77 2 68 22 29 28 31 77 74 34 45 58 92 69 12 10 84 93 31 14 90 89 43 5 16 32 32 98 33 34 52 99 40
9 6 55 2 16 3 94 49 2 56 49 22 11 40 84 27 41 90 67 30 84 100 17 45 8 68 4 38 24 35 60 98 82 89 98 91 18 34 43 67 14 78 25 75 82 85 79 66 80 73
49 15 41 76 26 96 76 36 85 88 22 36 55 38 23 81 76 52 53 75 63 66 38 94 51 10 94 14 59 12 35 79 64 89 88 53 12 22 8 51 6 19 21 3 75 66 52 99 28 92
89 3 48 68 36 45 49 20 81 25 5 28 56 28 28 5 97 84 92 35 6 94 42 17 87 20 33 3 4 57 1 78 93 28 6 91 22 1 85 5 100 27 93 14 29 74 40 25 95 79
31 30 29 33 72 81 36 73 68 75 90 5 33 31 39 30 74 84 49 4 87 33 73 27 37 55 39 68 99 28 98 1 91 46 53 82 46 59 1 60 4 99 60 46 13 79 43 49 85 29
14 100 82 42 78 69 9 28 33 13 36 97 37 33 4 90 91 59 19 65 63 65 69 62 49 10 77 6 79 59 42 50 26 32 95 41 28 37 58 63 5 8 62 33 11 45 66 62 3 87
21 62 12 26 11 91 41 53 98 41 6 97 85 91 24 65 59 48 4 50 52 20 35 50 61 44 48 60 2 27 53 81 60 53 47 75 34 22 85 96 50 8 19 9 5 17 92 68 19 21
1 51 59 62 70 41 94 66 80 100 97 19 55 77 73 4 55 89 14 99 17 22 5 79 83 63 75 66 84 18 60 33 77 69 87 46 81 75 58 35 90 79 58 22 79 1 97 59 70 59
32 100 80 41 91 32 49 6 95 50 75 82 26 100 99 88 4 84 25 47 9 36 13 34 4 88 77 94 38 97 44 71 13 78 22 32 75 21 24 100 62 44 97 32 97 46 22 18 50 99
3 12 44 89 86 52 83 28 54 10 60 79 31 58 52 21 40 21 15 71 99 90 78 47 73 14 79 2 93 56 21 40 85 42 75 75 18 52 70 15 55 58 21 57 43 96 88 89 83 93
50 75 90 41 98 18 52 83 51 100 90 16 45 66 89 80 57 24 50 28 6 9 55 12 68 43 100 8 9 99 5 31 8 80 52 16 63 45 48 15 81 57 96 85 18 54 32 66 23 75
66 5 83 10 34 46 17 40 43 13 76 59 13 21 63 40 90 83 9 29 77 84 87 59 21 26 95 38 92 41 69 97 36 87 8 37 80 68 44 75 63 62 77 37 64 29 4 11 35 37
29 15 89 2 30 38 36 58 6 6 67 3 77 69 66 64 57 20 26 18 30 10 55 99 28 89 43 56 21 55 19 30 50 41 2 79 31 25 93 68 50 76 98 59 68 100 89 64 16 45
95 14 95 81 15 98 100 3 52 76 4 54 7 69 39 48 47 8 76 59 53 34 82 79 35 89 97 88 75 60 8 42 22 54 11 67 35 82 31 14 25 36 3 93 36 34 44 34 62 63
58 92 34 29 24 6 69 9 32 43 85 69 50 59 65 58 78 78 51 25 34 65 86 67 96 54 27 66 41 23 85 69 22 39 17 42 38 1 4 6 71 73 100 73 10 51 98 66 3 90
68 31 26 51 93 7 23 42 52 65 29 65 27 83 9 2 100 97 1 34 2 5 21 88 21 14 91 5 24 4 32 53 92 60 41 30 39 7 44 71 27 12 77 100 28 70 41 77 6 85
88 79 95 13 30 14 7 49 42 51 91 53 17 91 100 56 42 50 45 20 81 64 88 54 52 16 33 6 54 51 83 4 53 74 87 68 93 4 88 65 14 7 52 9 39 66 50 20 65 65
51 94 87 7 22 41 75 100 92 46 46 45 21 25 75 39 1 29 86 89 97 39 10 73 88 47 59 35 58 85 95 84 85 91 34 13 16 64 48 86 85 89 36 6 14 64 15 62 32 27
15 64 2 26 32 50 43 47 63 9 12 16 75 37 99 60 24 7 99 9 61 56 53 93 100 54 91 57 33 88 10 40 34 28 6 22 68 60 7 63 94 4 4 7 32 21 81 28 80 63
27 46 37 88 58 71 44 7 63 13 28 10 84 12 22 43 5 56 23 37 3 22 18 95 76 90 40 60 46 51 16 59 89 49 53 5 40 76 16 45 20 85 32 49 63 86 27 6 22 40
70 20 29 3 86 52 74 82 49 67 66 22 78 4 14 93 53 92 23 78 13 77 29 14 83 6 8 23 80 48 13 17 4 19 62 24 46 18 88 72 1 13 26 96 41 45 96 33 4 39
47 63 96 14 36 21 70 88 54 90 22 31 6 87 51 76 23 80 4 85 49 14 87 32 45 97 58 66 8 69 88 37 29 87 28 92 21 42 52 35 55 79 79 6 91 99 13 27 90 32
55 80 22 12 47 86 54 88 93 86 55 49 44 73 82 77 38 62 64 43 81 62 6 22 51 26 26 7 53 49 73 57 82 30 99 22 32 47 11 60 75 64 21 66 1 90 45 75 70 81
57 59 37 82 97 39 62 64 16 75 75 35 3 2 47 43 45 27 93 64 23 92 86 38 25 63 74 12 69 75 40 53 96 36 30 22 18 92 80 26 48 2 11 97 67 77 42 24 14 79
35 31 97 56 26 98 69 82 71 50 56 9 30 27 66 42 74 12 24 47 54 27 58 79 96 19 84 6 55 81 66 51 64 40 97 95 74 39 2 36 94 38 5 99 71 48 75 85 51 72
79 90 5 44 57 92 65 55 64 82 46 66 82 47 94 84 92 71 94 70 74 92 41 37 12 42 2 7 64 72 37 92 95 53 71 31 76 68 27 66 17 57 3 71 46 84 75 21 21 91
61 1 32 5 21 84 10 16 41 13 62 2 49 42 93 43 97 2 75 71 89 80 44 61 88 78 99 97 1 25 31 25 22 23 67 47 73 39 64 63 32 59 18 76 60 7 47 32 27 35
15 42 90 89 94 68 77 29 57 10 3 11 21 98 41 9 55 2 84 89 82 45 73 24 27 44 46 83 54 6 4 47 33 65 47 79 33 5 6 67 17 3 2 40 38 73 4 3 32 78
52 59 73 18 10 23 91 100 69 96 89 99 68 87 80 100 37 8 34 18 40 85 95 64 73 47 1 62 45 19 66 65 89 25 15 87 4 94 95 26 67 39 4 25 81 15 97 77 48 94
20 7 30 22 26 25 97 71 76 52 7 61 93 62 72 73 70 81 26 68 97 90 12 6 60 3 74 50 27 54 59 54 60 34 62 17 62 95 69 30 57 99 60 5 77 83 57 12 29 10
38 3 46 67 45 82 73 73 83 5 60 4 39 96 57 81 99 9 25 84 64 34 58 57 53 98 21 34 63 85 56 17 39 100 86 65 73 3 79 94 4 89 84 44 19 90 93 15 30 82
11 94 38 22 62 51 76 47 89 42 62 77 90 81 33 62 39 48 71 53 87 50 18 91 84 41 40 100 29 36 60 45 6 11 77 30 73 46 17 88 91 47 64 89 42 73 63 22 98 93
88 67 39 45 94 53 34 53 76 94 62 71 74 26 6 41 98 38 32 62 21 22 91 35 62 52 46 96 20 93 4 30 59 97 27 22 92 95 98 42 7 60 48 62 51 33 9 63 53 52
45 73 89 55 59 13 58 83 80 95 49 28 59 68 66 85 81 54 81 69 81 88 30 37 99 77 63 26 1 86 85 3 37 49 29 85 5 43 89 33 18 100 100 23 31 11 63 29 69 68
49 39 21 87 37 60 21 100 51 15 23 51 63 100 47 14 66 91 61 97 45 90 9 36 42 69 9 17 67 78 4 23 59 14 77 62 77 23 80 36 77 90 39 11 26 86 99 5 23 50
84 71 17 29 88 17 17 51 18 63 52 81 74 41 80 88 28 14 26 43 72 70 18 82 94 74 88 57 30 74 7 72 96 61 7 42 84 72 64 13 28 74 45 100 50 17 63 56 79 10
6 42 72 43 91 91 71 64 78 66 95 36 13 58 41 7 62 59 19 57 14 88 1 86 25 24 75 100 91 49 70 90 24 4 4 58 99 98 23 53 20 73 10 40 93 37 98 9 96 25
54 96 100 100 82 58 22 54 74 91 47 85 35 41 52 3 77 49 39 31 11 33 56 74 77 63 17 82 82 69 32 32 92 39 25 60 86 98 17 49 81 26 23 9 69 41 100 61 45 36
99 85 40 48 70 56 82 91 75 78 65 51 14 100 38 99 92 9 70 50 28 11 95 76 38 34 64 44 100 79 86 36 86 88 40 49 38 34 55 12 12 28 6 21 43 69 97 63 85 59
91 29 62 46 89 46 72 5 62 8 80 81 52 59 31 59 28 57 13 3 84 3 90 33 69 42 24 84 25 93 21 76 44 7 15 58 84 91 13 37 32 91 65 31 26 81 25 80 76 15
63 2 71 46 71 94 84 87 12 61 49 70 99 18 25 38 83 2 58 94 97 81 83 74 99 80 69 89 20 39 18 48 83 42 44 91 43 52 21 34 81 100 95 99 87 63 62 14 69 47
75 19 13 37 74 94 35 83 79 56 75 22 47 78 23 94 72 99 98 88 80 31 10 60 34 13 63 74 6 56 90 90 20 59 48 13 52 86 11 91 91 29 54 12 59 81 75 9 61 92
50 97 44 11 1 82 2 26 29 41 8 73 87 84 35 89 11 39 42 18 49 65 9 59 81 48 81 38 48 4 52 2 25 75 99 76 17 57 89 5 63 22 31 4 38 89 57 61 29 57
87 57 53 21 57 85 67 12 86 49 34 78 84 64 85 73 76 74 70 78 42 56 85 8 90 29 70 34 63 31 85 45 21 60 34 97 95 64 50 23 79 67 98 66 41 79 45 34 39 8
8 27 79 56 44 53 84 67 45 82 22 11 24 89 34 77 98 97 29 96 28 31 98 16 34 58 70 22 72 72 97 94 64 61 80 40 9 60 97 13 26 51 86 8 10 88 52 59 66 17
92 22 10 81 27 66 23 49 61 50 12 51 56 47 21 67 4 14 4 87 67 31 55 79 77 1 47 38 93 4 53 95 35 60 27 83 3 2 47 41 23 48 53 31 88 16 82 77 1 59
69 71 31 28 91 9 1 74 98 11 94 57 74 23 14 91 99 51 68 84 23 43 80 33 75 77 28 49 65 45 71 98 7 1 59 18 18 29 98 48 15 72 29 64 29 2 69 26 39 83
95 76 39 85 73 42 55 41 21 63 54 3 75 46 84 99 92 38 52 32 60 29 43 29 76 31 28 86 77 24 2 14 43 20 36 44 98 27 65 41 32 91 78 27 47 65 9 73 36 13
79 88 44 44 24 99 2 54 35 40 44 48 83 81 18 74 3 5 34 35 59 50 86 14 57 54 15 69 82 86 11 93 97 54 88 49 49 68 55 10 62 75 96 51 99 78 26 86 68 57
100 12 63 12 19 33 91 78 21 39 11 55 71 98 88 26 10 1 73 70 44 27 80 86 42 88 31 88 34 36 100 4 54 35 21 14 61 24 75 76 89 99 68 21 49 60 37 70 54 3
92 3 72 81 43 24 8 50 48 26 67 34 14 23 31 85 2 53 87 21 28 60 32 34 97 27 43 28 60 46 88 92 91 85 72 15 32 59 30 4 81 32 81 25 46 89 68 28 33 49
3 85 5 99 26 8 79 93 75 66 6 13 6 40 28 72 65 50 38 67 68 87 33 100 77 72 21 82 100 5 37 99 11 15 42 10 54 9 43 64 59 46 23 90 50 64 11 64 25 91
63 34 92 40 58 56 5 95 31 73 93 47 14 52 39 44 49 30 32 43 26 35 2 33 43 100 46 5 21 74 39 54 76 20 60 69 33 96 87 31 12 18 29 25 75 9 53 8 75 16
92 33 32 99 45 77 33 7 23 35 80 44 6 74 81 14 11 89 4 93 84 38 88 46 77 74 48 79 48 12 21 20 99 23 20 35 36 83 12 87 30 4 87 29 7 50 35 100 21 23
4 61 75 2 21 71 12 70 49 52 40 62 71 11 93 79 85 76 61 33 94 75 71 42 53 29 26 37 96 36 9 19 14 52 99 58 54 92 99 61 54 59 69 11 46 61 89 35 50 9
51 62 54 72 85 39 6 23 14 83 89 10 47 86 15 35 58 91 49 99 91 46 1 9 31 81 52 45 49 41 17 98 41 12 14 61 33 87 51 80 79 43 81 28 83 13 57 66 80 70
30 7 62 62 37 75 96 80 90 84 21 17 16 70 23 75 51 3 63 73 29 27 67 88 88 50 42 79 80 39 22 17 32 42 91 93 63 78 83 16 17 36 11 44 19 100 28 2 18 84
47 37 21 40 11 60 21 88 96 17 34 69 67 86 86 94 30 58 39 6 85 10 51 51 42 91 84 14 75 70 25 29 82 70 90 95 11 72 25 98 23 66 92 58 14 83 6 62 61 49
55 5 81 78 34 87 68 69 28 68 95 20 63 68 38 8 45 38 36 4 28 39 85 6 28 60 80 67 89 30 75 82 53 8 70 70 89 12 13 79 44 64 55 82 5 59 15 96 95 75
47 42 74 21 29 78 82 13 50 84 71 10 2 22 30 98 8 27 2 40 2 27 38 45 82 28 64 50 92 68 66 75 32 21 45 38 78 85 66 9 40 76 22 76 88 24 95 3 85 4
25 30 46 87 58 24 96 55 71 6 69 26 12 11 91 98 70 49 37 93 78 54 17 93 4 81 69 83 73 76 22 1 15 4 17 96 38 9 87 58 33 8 24 87 69 35 60 8 83 78
88 5 84 37 67 40 83 16 95 4 6 50 34 39 88 51 67 81 26 3 95 95 62 35 46 5 48 37 8 67 48 94 68 15 51 50 74 53 33 15 55 24 24 60 9 98 74 28 90 10
78 19 31 68 89 31 77 35 70 21 68 33 37 18 51 6 14 66 65 82 69 15 2 96 55 88 53 94 90 48 81 3 6 12 6 89 84 46 14 71 61 93 72 56 34 6 45 74 95 61
16 63 54 98 25 84 45 30 28 7 98 23 22 78 27 78 9 96 83 89 81 39 40 79 64 6 57 76 2 28 64 74 82 13 92 12 33 80 3 15 5 24 70 67 31 92 63 81 7 100
24 9 65 56 29 9 63 17 85 83 99 46 52 28 27 2 42 95 86 22 45 38 32 97 81 89 16 94 72 76 30 100 38 1 88 7 3 93 80 49 84 74 61 86 37 6 23 33 24 10
82 28 21 8 18 64 20 96 67 44 78 19 75 86 30 47 73 91 10 23 79 10 29 70 2 20 40 56 94 79 12 17 72 27 99 78 51 13 11 60 83 73 95 55 33 3 18 80 4 96
17 88 12 49 18 40 11 22 63 28 38 14 60 65 43 60 32 64 15 69 26 30 78 66 63 53 13 18 13 75 73 12 8 4 100 78 42 11 87 58 82 29 83 36 60 64 62 69 89 99
2 44 25 89 71 16 65 53 18 40 76 54 97 13 12 27 41 16 8 51 57 83 92 3 40 34 70 86 53 55 19 96 14 1 51 50 87 89 97 4 64 27 48 93 63 67 5 65 52 53
4 62 64 49 6 70 54 13 2 51 60 37 62 89 63 70 14 66 97 92 76 54 56 77 57 98 100 45 57 12 37 18 56 36 17 27 98 80 51 73 89 98 41 36 54 68 83 93 12 30
67 97 60 48 23 53 79 35 46 42 29 26 28 50 94 91 44 22 13 45 52 11 61 99 71 89 75 56 60 75 49 64 33 47 74 90 4 28 12 39 48 77 41 83 2 29 89 36 65 52
57 58 56 89 89 32 39 87 2 25 79 74 87 65 36 61 39 94 7 60 17 80 47 44 96 70 11 97 2 7 37 58 96 1 83 39 86 93 47 65 28 27 24 57 90 66 13 35 15 56
72 45 24 94 86 92 37 86 44 91 49 36 53 55 13 3 51 17 19 53 96 41 92 78 45 69 47 42 81 91 21 63 34 14 85 23 5 13 49 1 44 11 36 60 31 47 69 97 50 72
73 66 61 46 38 62 39 79 28 86 25 8 26 51 59 15 52 46 38 68 45 70 45 44 22 45 90 80 38 57 57 84 85 16 61 70 46 46 58 97 49 19 23 1 82 69 100 82 19 2
17 27 57 55 70 65 58 44 6 71 12 47 20 12 90 4 14 1 67 54 54 80 19 85 75 16 1 9 13 67 7 45 65 60 26 52 86 47 94 64 27 92 53 60 78 30 66 3 25 4
73 18 70 45 6 54 20 58 13 43 61 36 44 52 46 75 66 41 63 11 29 68 62 89 68 77 8 30 54 73 23 49 61 54 95 83 31 44 75 51 1 37 51 42 40 52 97 97 97 95
18 15 43 45 75 4 17 1 98 88 56 35 58 68 2 75 69 38 30 73 17 78 92 2 28 58 41 78 70 69 29 44 45 95 98 49 30 45 23 41 34 18 19 40 58 84 2 86 96 81
7 14 13 63 21 6 62 25 16 71 34 88 92 38 32 1 33 66 34 66 7 17 32 23 33 35 31 79 18 35 95 1 46 60 72 96 93 96 49 2 84 47 71 29 44 77 27 100 22 75
97 40 87 15 10 85 66 42 75 16 3 32 41 60 84 60 42 35 29 8 97 20 86 61 69 19 53 30 35 3 99 50 30 21 92 71 89 41 52 8 94 99 81 66 35 46 13 77 81 45
52 3 68 74 43 68 19 59 56 99 17 10 52 48 83 39 99 51 29 54 99 78 85 64 57 57 13 36 50 91 11 59 15 75 63 18 23 11 45 98 81 50 5 52 53 60 89 15 2 45
82 42 51 25 85 68 98 41 44 68 97 23 32 53 5 96 82 29 22 48 37 12 14 54 16 74 71 46 99 11 78 35 66 49 98 93 59 57 49 31 15 19 81 10 8 48 54 63 62 84
51 9 82 86 42 46 87 82 51 63 24 68 58 13 1 88 80 81 34 52 19 27 32 42 7 70 24 61 99 22 20 54 1 96 37 80 94 79 66 31 9 57 85 70 68 16 4 86 72 74
28 18 36 21 40 21 23 49 100 40 87 58 9 3 25 58 55 11 23 4 68 23 7 12 90 22 26 58 82 35 77 88 9 93 8 69 78 37 63 99 58 27 79 27 75 99 97 38 30 79
73 17 71 47 86 13 87 60 34 25 15 70 28 62 15 8 90 98 60 13 61 53 70 39 75 61 7 23 95 3 47 34 9 48 79 32 93 88 20 32 66 14 96 92 88 81 24 38 10 39
16 59 89 25 86 69 96 52 75 58 2 28 60 22 7 16 30 94 44 76 85 47 72 93 94 56 19 44 38 11 39 86 76 15 64 84 81 8 21 80 58 1 34 49 24 73 38 46 54 47
99 65 61 77 96 97 93 37 97 43 21 22 44 90 85 44 2 67 21 14 3 2 9 32 87 17 47 2 10 3 68 44 25 66 52 68 38 5 81 30 36 51 82 88 32 34 100 46 79 93
40 93 46 78 47 79 56 98 45 95 30 21 73 43 31 44 71 43 52 37 69 12 42 100 1 87 90 78 88 1 34 91 100 4 35 97 60 91 63 29 63 94 54 91 67 49 50 71 26 96
77 75 79 67 20 45 54 41 96 77 76 41 15 20 75 33 9 40 56 51 53 8 34 13 51 35 28 66 51 71 84 92 42 95 8 98 51 36 15 16 3 5 75 73 99 62 71 27 51 17
1 68 27 63 78 85 26 1 93 36 62 9 63 2 65 13 70 97 38 38 95 84 88 83 89 88 34 59 26 75 27 46 62 15 61 36 81 4 31 78 29 13 25 7 100 74 47 37 72 58
39 10 43 83 4 71 22 65 39 60 55 19 29 46 46 17 85 56 7 57 86 54 89 29 44 98 14 98 10 58 50 77 94 33 2 10 51 71 51 39 55 3 62 41 68 26 58 64 44 29
23 19 76 53 18 12 75 61 19 3 74 94 68 14 33 100 25 74 44 65 46 71 98 82 33 34 19 48 37 26 29 27 42 42 79 53 100 38 68 3 46 57 69 79 49 72 84 5 30 28
50 15 97 87 64 32 19 71 25 30 5 7 2 54 42 95 73 64 43 4 73 80 28 28 23 13 55 43 13 19 48 50 1 11 35 75 36 98 26 36 96 27 96 32 25 71 15 96 49 81
76 24 2 28 25 10 6 22 9 83 28 75 91 95 90 31 92 86 29 23 62 44 92 14 61 74 87 95 93 49 84 57 32 91 47 88 59 74 82 26 80 44 5 55 100 74 19 85 78 52
37 1 60 24 83 87 86 6 81 50 64 78 97 83 78 56 75 60 68 26 40 88 5 11 71 86 66 31 60 83 22 47 59 85 58 77 49 96 61 13 84 13 16 26 69 92 69 24 22 41
89 74 29 68 28 37 1 59 67 13 89 17 97 33 69 54 85 60 46 13 53 60 75 33 87 19 87 66 23 22 51 78 74 95 22 38 42 72 17 23 37 46 60 37 29 34 14 33 53 94
52 27 61 84 55 24 99 60 34 14 21 23 82 28 82 68 8 72 81 8 23 47 23 39 68 95 44 28 72 26 23 43 24 79 47 32 64 32 41 39 12 21 30 82 5 41 9 49 67 56
53 10 23 10 21 19 40 33 82 60 96 74 97 95 62 46 7 26 93 50 94 31 16 23 45 95 6 43 44 11 29 69 24 9 24 36 99 18 42 40 90 18 95 38 58 32 34 40 31 38
57 94 23 12 93 15 25 18 23 87 8 85 21 75 13 85 62 24 55 6 38 75 90 95 74 35 12 6 33 1 66 76 35 35 93 44 30 37 5 60 83 43 100 94 55 82 1 51 83 76
88 81 83 47 34 22 74 21 8 27 22 6 87 63 9 5 82 51 61 15 98 35 99 71 80 67 43 79 57 68 83 63 50 52 22 87 66 4 17 1 6 12 93 36 47 62 33 49 48 68
61 15 7 29 54 59 1 50 55 76 50 89 7 61 100 61 23 25 28 54 24 91 18 1 18 31 13 80 98 99 18 26 36 45 49 66 8 8 63 72 72 71 25 99 53 44 4 23 7 93
13 37 80 98 75 38 68 35 38 27 87 1 28 31 7 41 90 7 27 62 33 9 87 69 1 70 89 56 6 51 19 84 93 57 97 85 89 80 1 22 84 89 47 100 27 24 57 79 56 51
36 31 90 71 22 88 64 1 98 30 16 77 85 80 17 9 94 59 16 83 53 93 51 47 61 47 18 84 3 79 96 18 21 63 45 63 46 41 49 35 62 83 56 61 32 15 39 1 14 31
41 58 87 7 8 9 52 2 60 15 30 27 9 81 96 58 86 42 10 3 27 89 54 34 43 68 87 68 32 20 60 5 21 94 62 24 78 35 7 9 26 96 65 50 41 9 21 11 81 14
4 10 72 59 7 69 80 70 48 3 45 71 34 76 71 51 30 96 18 47 66 59 97 11 59 68 78 89 59 84 94 91 59 43 85 75 74 61 82 72 93 61 32 76 54 60 94 47 43 31
50 10 7 89 91 35 20 33 25 83 97 7 49 44 92 74 83 12 76 63 11 70 79 23 19 89 88 22 53 27 43 9 19 82 9 28 4 70 92 94 51 57 44 31 44 86 81 33 53 46
52 94 6 22 20 94 85 25 80 37 61 85 86 73 46 14 6 54 35 65 11 80 42 45 87 19 55 82 24 10 52 100 64 1 40 18 24 70 45 44 98 75 91 15 88 91 5 1 1 70
91 77 9 9 20 17 21 70 22 49 25 79 24 79 37 1 61 7 83 91 34 70 11 13 79 21 44 50 89 27 22 63 22 11 3 50 77 10 10 82 99 64 100 34 22 41 98 82 48 98
46 20 57 67 67 1 82 30 25 79 37 90 10 14 19 79 46 42 84 98 32 37 1 8 93 5 28 43 66 59 24 76 32 96 50 96 52 66 61 49 3 50 12 3 26 24 18 61 94 62
30 57 96 5 69 90 40 33 48 58 30 79 34 93 98 3 21 99 65 36 89 30 2 59 12 32 83 59 49 40 34 34 49 88 66 62 81 25 51 4 71 71 29 74 71 20 6 33 83 61
29 3 91 49 49 84 71 29 52 66 62 99 71 69 67 19 29 41 24 78 98 49 68 48 10 39 76 100 68 81 35 36 35 100 92 66 49 99 11 100 63 25 73 72 34 98 34 4 82 99
58 10 42 63 79 55 98 82 14 24 70 69 21 57 15 16 100 47 17 26 78 39 9 27 71 96 32 64 6 84 29 73 90 3 58 4 17 78 71 68 33 17 19 73 67 30 37 74 7 75
54 3 36 1 55 62 66 70 41 48 38 82 40 87 9 33 54 48 27 17 84 36 96 68 15 93 54 20 60 16 48 55 5 38 7 76 85 79 16 33 39 72 61 17 41 16 66 79 72 44
97 12 88 25 19 82 5 37 85 69 30 95 25 85 11 90 73 97 82 92 89 96 26 23 69 10 75 71 28 6 37 40 55 100 94 67 20 57 5 12 61 21 80 54 6 79 43 26 25 46
54 19 45 55 100 47 40 86 94 34 49 50 48 12 85 94 40 49 100 9 98 13 49 79 56 23 63 15 81 69 48 80 11 3 14 68 100 6 66 92 26 27 98 21 28 16 54 51 87 82
55 92 27 85 27 49 100 90 82 90 90 64 6 14 20 27 90 84 39 5 95 4 33 39 63 15 61 50 87 76 78 69 99 8 97 13 62 99 2 28 34 16 37 78 51 1 30 10 13 39
66 30 68 3 25 17 25 91 10 95 92 53 42 78 6 80 60 99 19 85 34 44 93 4 30 65 68 56 21 80 78 94 1 41 27 33 56 50 72 60 26 55 31 41 39 27 25 65 19 91
49 13 28 19 82 71 74 47 40 38 53 27 14 61 71 100 17 33 1 52 76 46 74 23 55 59 44 67 11 99 2 89 60 43 12 57 71 56 14 42 91 21 52 20 4 34 96 5 18 43
40 100 93 24 3 81 7 9 69 80 73 88 65 56 27 3 29 74 67 33 86 18 33 49 68 45 77 92 46 7 92 53 18 14 11 62 44 43 69 5 37 76 18 80 64 41 1 95 43 34
86 36 30 28 6 1 43 45 40 82 48 63 100 75 58 73 84 76 85 92 18 35 93 66 47 20 96 77 31 75 71 17 71 17 87 13 41 84 64 32 27 83 59 29 55 7 80 19 69 47
52 98 54 67 50 56 26 66 58 14 35 16 44 83 16 66 92 38 84 82 63 29 27 59 88 43 25 28 51 51 87 52 91 79 16 97 57 54 67 30 53 38 90 40 80 15 30 4 1 45
86 10 34 18 67 88 26 79 9 30 55 52 23 3 73 33 36 52 24 35 21 42 50 44 30 66 92 85 60 23 36 61 47 13 22 5 81 96 58 45 64 91 9 27 73 4 16 98 96 67
27 42 36 41 62 52 50 6 33 1 69 6 41 88 3 57 66 93 59 55 94 62 64 28 30 1 5 13 46 79 59 51 14 53 31 36 36 46 7 96 81 44 11 20 36 79 25 41 39 91
89 93 75 28 8 78 20 43 48 85 34 88 41 2 47 16 38 71 89 17 44 59 43 15 65 60 41 32 90 40 42 19 81 30 34 6 29 84 19 97 83 56 89 78 13 41 20 22 54 19
81 87 70 50 25 62 46 7 30 71 43 79 52 61 21 1 49 21 54 48 92 90 99 55 66 83 91 93 71 94 18 2 3 14 98 68 17 87 19 15 81 16 13 91 17 47 66 5 4 60
24 62 91 8 80 26 52 28 74 47 63 64 27 2 37 22 75 41 7 27 59 29 73 70 39 4 43 60 97 4 21 100 46 84 56 95 70 27 88 53 33 54 35 62 56 51 19 32 32 67
45 100 63 91 86 91 33 44 17 45 60 99 11 61 93 63 68 25 26 91 32 61 70 79 12 51 87 9 94 14 9 78 83 80 75 69 23 1 42 3 25 53 11 19 50 63 88 41 98 22
54 59 82 44 84 14 13 82 45 45 52 39 21 20 72 99 99 57 75 86 59 100 73 65 89 53 77 18 77 47 95 26 29 10 9 88 86 62 55 26 71 90 92 86 71 90 68 8 72 49
67 26 59 70 98 74 28 81 70 46 68 18 59 37 65 67 36 93 37 56 94 20 63 22 67 77 49 13 38 31 36 43 53 77 6 91 65 32 93 34 32 55 15 68 35 60 3 58 82 37
8 81 66 74 50 34 51 69 92 99 94 5 45 7 7 52 77 13 32 16 69 47 30 42 83 43 18 3 38 39 85 46 38 14 39 38 44 66 71 47 7 16 66 75 70 52 77 58 98 42
94 48 58 24 99 32 14 35 75 21 59 24 52 4 9 60 40 53 90 63 27 37 3 8 23 6 96 79 85 58 59 41 22 6 83 26 74 22 25 1 38 99 47 50 47 86 72 88 8 33
48 30 9 25 48 66 62 14 36 4 84 63 56 98 46 52 33 28 58 9 30 99 45 4 91 55 33 20 74 10 4 93 28 1 74 77 49 47 11 58 83 6 66 79 77 100 31 10 31 39
78 32 36 13 14 76 33 40 42 73 23 94 73 64 79 55 4 57 66 100 87 65 93 53 58 43 65 32 89 67 96 10 13 4 42 9 4 3 91 53 90 17 15 10 52 13 19 86 22 32
75 93 52 17 29 76 11 46 88 19 61 28 37 87 32 88 24 2 89 68 75 57 76 87 1 98 49 91 35 47 66 64 93 100 93 8 81 35 13 73 89 43 81 73 82 26 40 35 35 56
56 6 67 73 58 15 56 11 50 72 65 26 19 24 29 30 37 25 53 3 44 79 53 90 72 86 60 98 12 92 49 73 3 69 78 29 82 66 52 62 5 14 49 69 100 59 13 84 67 83
25 42 56 100 91 36 72 50 18 64 5 1 33 45 31 25 6 16 34 88 2 96 31 96 29 18 26 95 1 78 87 7 89 76 89 35 9 92 5 60 68 89 88 44 16 16 51 74 51 15
67 20 22 38 59 90 80 15 75 85 73 70 3 74 73 59 79 40 25 42 12 90 10 28 20 98 35 1 77 58 48 41 13 81 34 92 24 56 54 100 70 50 34 20 5 29 14 47 49 63
64 98 86 74 50 8 44 63 89 2 69 61 24 24 6 24 43 46 51 26 86 69 46 53 21 80 51 6 70 19 98 18 34 19 5 23 68 66 92 46 24 59 52 54 39 51 49 7 53 79
71 37 77 77 14 39 11 71 50 7 94 99 33 98 89 69 14 86 50 6 83 90 33 79 23 28 2 19 40 59 63 91 22 42 89 30 49 39 50 63 56 43 65 41 64 29 63 46 61 14
79 3 22 97 44 50 54 28 55 43 26 29 22 55 97 10 66 50 41 72 42 61 9 53 49 53 15 95 44 19 15 85 82 78 5 70 14 19 6 91 43 88 98 25 90 33 5 12 50 11
71 30 37 14 83 19 61 94 97 63 50 76 81 6 52 27 2 66 27 97 3 37 83 78 91 77 21 95 79 1 46 27 86 97 31 99 62 58 89 38 10 65 26 55 44 47 10 30 61 69
65 82 46 12 53 53 22 55 63 55 73 36 50 29 7 12 41 81 49 44 91 22 97 53 59 72 1 54 72 83 97 57 57 79 6 40 66 89 59 96 10 38 76 3 20 43 50 95 30 50
89 75 64 28 28 12 93 75 6 71 79 6 90 38 71 75 67 86 97 90 58 48 89 38 19 60 14 90 55 3 11 14 79 39 16 70 44 61 31 26 46 82 85 2 44 22 31 29 19 45
43 52 44 81 69 66 96 2 78 27 80 57 39 89 79 43 44 54 41 97 6 35 99 11 17 73 6 31 28 1 53 62 81 71 19 61 21 76 96 66 10 24 6 70 87 37 51 56 95 68
62 45 66 15 56 10 82 17 47 4 60 22 88 52 57 58 66 90 10 98 22 86 67 78 2 57 32 43 97 11 49 77 48 74 21 73 96 88 8 33 50 83 71 33 12 92 26 98 8 71
13 89 78 74 74 50 30 74 73 86 98 19 33 39 19 91 83 33 76 61 2 39 49 43 71 43 56 4 90 25 14 36 16 6 45 47 80 85 71 14 82 56 25 72 67 5 52 47 85 80
67 8 71 98 6 43 62 93 93 93 67 62 52 56 14 67 96 93 4 91 32 10 63 41 48 75 71 100 81 69 36 90 5 59 63 26 64 11 100 75 85 88 14 71 2 76 78 79 18 60
29 3 44 21 34 64 74 100 43 82 53 42 57 39 28 70 99 81 84 81 24 2 47 56 32 83 44 21 96 28 92 18 80 10 9 98 61 57 85 48 42 45 12 84 89 100 9 20 97 79
27 85 74 62 49 54 28 13 46 49 13 54 62 88 36 53 96 24 55 50 60 87 21 20 14 5 3 46 59 30 68 51 76 76 77 100 11 97 44 64 81 68 28 77 34 95 55 50 29 60
9 53 31 93 30 93 94 32 76 62 42 46 90 76 17 70 69 97 97 24 79 15 86 33 17 69 5 33 63 38 50 65 70 75 53 55 20 57 77 27 61 28 22 43 81 42 100 73 20 76
78 93 6 6 1 90 96 17 29 3 88 8 62 60 75 8 14 83 13 38 7 40 95 84 69 29 94 24 52 93 98 63 95 91 90 86 51 49 91 24 71 51 30 48 32 28 4 37 1 42
64 18 66 62 60 97 62 63 39 35 69 31 17 42 76 47 57 45 28 87 56 96 13 78 25 35 17 59 33 34 50 69 49 54 63 76 70 62 92 80 63 12 90 60 49 87 98 81 38 19
42 20 53 95 93 20 83 54 72 90 41 70 97 53 49 19 92 16 34 93 43 93 75 89 69 99 26 10 70 45 13 62 38 7 64 19 76 1 38 88 10 9 10 37 32 47 80 23 99 49
1 97 12 93 3 88 29 59 9 10 9 9 19 67 73 83 5 81 36 6 1 42 44 30 18 79 30 88 18 93 56 22 25 12 62 1 69 34 91 11 53 82 15 52 78 27 91 81 64 71
25 51 30 51 81 13 20 90 38 67 37 92 66 45 86 98 48 7 75 50 18 58 24 9 35 29 15 78 30 11 41 9 1 30 86 38 50 2 3 25 19 31 8 74 29 77 27 23 52 72
50 62 15 48 14 89 16 48 32 15 94 34 38 83 49 67 65 59 29 73 39 77 3 43 7 51 32 62 96 72 90 35 39 49 50 38 16 18 57 10 14 69 40 74 62 21 88 2 10 41
31 28 61 25 74 49 32 69 43 20 48 8 85 70 44 69 96 23 92 60 98 100 24 82 13 56 26 26 9 54 5 82 88 50 83 81 93 18 95 59 28 38 63 54 26 50 59 55 2 39
73 79 37 9 19 71 88 40 96 63 62 24 26 65 28 57 13 69 21 7 94 85 52 52 42 49 88 66 26 53 90 45 55 98 23 37 35 73 88 8 92 87 34 48 85 78 5 61 60 54
48 98 61 69 24 72 6 25 84 56 4 73 40 100 1 13 53 69 34 76 25 44 65 97 79 42 24 72 32 15 74 82 25 25 85 15 20 3 95 91 11 58 53 15 68 77 83 54 99 2
85 68 7 62 1 27 22 13 41 97 82 25 27 22 86 13 98 18 27 94 48 45 44 42 25 84 18 75 37 64 92 96 69 45 84 53 51 96 90 9 85 68 11 88 15 51 86 85 36 62
6 15 89 38 11 66 65 95 14 3 83 36 37 10 75 39 19 56 83 8 71 26 88 24 92 18 72 84 61 79 71 42 67 44 47 31 40 47 92 16 45 73 10 25 94 22 31 72 96 72
10 83 90 87 9 67 50 36 87 92 44 44 33 68 64 12 9 12 51 59 16 29 3 99 72 5 29 54 37 26 12 39 61 90 15 100 12 81 42 56 5 49 32 92 76 70 91 14 24 86
1 69 6 78 88 47 25 96 20 24 45 32 93 67 23 81 39 59 95 48 62 68 73 11 50 27 16 84 88 48 82 48 45 27 16 96 30 56 71 4 8 7 37 63 8 5 91 76 32 72
45 40 61 38 61 95 69 60 12 81 63 61 62 46 19 40 64 76 29 75 57 36 50 35 37 58 15 57 7 28 24 90 24 68 63 8 77 85 40 76 82 46 22 14 9 2 77 90 77 83
24 52 9 10 2 47 70 14 93 9 36 55 47 1 65 36 85 47 40 8 19 41 71 13 48 29 81 41 64 65 40 24 45 24 26 1 47 97 85 93 9 87 73 29 28 86 45 24 84 22
63 43 93 61 8 87 71 57 9 95 42 44 7 56 80 81 69 45 32 40 95 54 60 20 96 40 67 59 100 74 72 28 79 1 7 33 39 43 5 40 2 3 74 37 90 39 13 79 92 10
22 65 12 64 45 10 53 79 59 80 84 66 52 83 37 16 54 80 76 86 100 69 1 59 70 24 6 16 84 23 27 4 25 63 34 91 79 99 98 5 23 56 48 51 50 12 25 59 30 10
