25
4
10 42 42 77 6 12 92 29 4 94 6 84 46 38 33 33 39 50 69 95 26 65 58 9 32
62 32 77 62 43 47 46 33 80 20 15 83 12 93 47 56 14 14 51 98 54 99 42 100 63
12 19 85 78 70 96 84 38 42 97 84 56 10 97 57 90 29 51 17 95 3 69 82 95 29
30 50 98 8 48 99 30 59 40 43 41 47 98 74 66 9 39 35 36 27 10 43 8 81 72
73 58 39 30 39 30 58 20 22 82 85 54 100 28 23 16 84 58 51 44 17 66 25 12 74
47 44 79 79 88 60 70 100 5 74 54 3 35 26 62 85 16 44 35 3 32 52 25 66 42
12 83 80 19 73 68 79 17 99 49 15 67 37 43 63 16 70 18 81 64 28 10 24 12 35
76 77 43 7 64 30 65 50 93 2 30 63 98 50 38 82 11 55 86 80 8 9 76 90 90
77 74 20 9 5 49 88 23 6 34 90 59 21 99 52 74 29 34 91 65 15 8 64 87 49
4 19 37 1 64 70 37 88 97 22 97 51 94 33 86 42 36 86 23 54 48 64 15 22 46
13 65 1 29 8 25 55 17 89 57 26 65 59 60 1 95 13 3 3 94 11 80 4 8 11
30 44 58 15 12 30 77 76 22 39 81 25 87 57 28 48 17 37 18 76 1 60 10 49 73
14 79 87 92 47 64 75 7 29 16 41 63 62 95 34 66 35 20 4 4 29 91 44 1 74
18 29 28 19 41 23 97 66 87 8 67 62 51 82 72 44 51 79 35 27 93 41 45 96 13
45 94 34 48 16 63 9 49 38 34 17 42 82 45 32 41 73 99 3 35 44 38 42 49 40
98 38 16 39 12 9 48 63 16 55 10 35 12 7 71 47 63 72 81 49 58 55 77 92 89
18 46 69 91 63 21 72 8 17 34 12 44 46 27 3 65 5 63 48 77 71 28 66 75 54
79 7 1 28 16 93 38 61 8 4 76 52 26 15 22 50 93 72 43 54 49 99 76 30 55
22 33 33 6 25 99 58 13 34 30 42 85 31 88 35 31 92 76 99 65 98 14 52 69 53
35 6 82 4 51 52 4 100 23 50 88 4 1 43 39 1 66 20 80 85 18 63 86 12 74
26 50 92 59 80 7 98 12 64 76 68 36 100 12 41 21 73 46 12 9 35 83 80 14 80
29 78 12 5 4 52 87 33 56 33 37 5 54 30 32 29 37 56 53 11 6 72 40 27 70
6 53 59 20 9 51 71 16 36 30 21 96 16 66 63 7 37 81 42 3 12 56 17 73 88
30 43 96 47 7 3 21 15 70 52 87 35 83 75 66 80 67 11 19 90 17 59 14 94 70
30 73 55 85 40 72 45 81 16 67 18 68 13 48 36 60 83 73 51 65 53 6 12 43 13
48 64 46 64 87 16 26 68 56 85 22 28 40 4 62 37 45 18 46 4 92 77 79 93 94
94 60 7 50 5 25 19 21 28 65 65 78 32 66 94 20 66 70 42 22 61 61 48 91 63
46 48 94 36 30 32 59 20 96 1 45 33 83 20 92 64 47 42 38 87 7 39 57 54 10
95 39 80 87 46 28 94 99 25 90 47 27 66 89 55 81 44 36 75 11 22 44 24 90 79
67 100 47 67 25 77 24 18 1 35 68 31 13 54 42 56 87 69 7 6 93 50 70 46 73
88 27 21 40 23 85 92 16 21 24 20 26 8 42 49 36 64 78 62 94 79 33 62 92 97
95 31 67 68 89 43 55 72 46 100 28 39 34 8 94 88 92 29 49 47 46 26 54 80 53
41 64 55 17 99 11 55 39 94 74 44 100 63 35 52 64 40 5 13 76 78 8 61 96 97
94 45 90 75 17 56 44 56 9 93 29 23 78 78 15 49 64 24 74 90 6 34 76 55 72
19 65 36 81 52 40 37 90 76 51 34 45 69 65 26 8 41 32 6 6 35 1 55 95 84
99 6 82 35 3 61 19 83 31 52 45 21 86 89 35 42 4 39 99 4 91 88 77 4 30
48 76 100 16 16 13 59 3 5 36 61 19 78 20 1 60 65 23 22 74 33 12 27 69 80
7 62 10 47 2 27 4 77 68 27 45 1 99 45 4 20 85 46 43 29 53 45 51 67 76
94 23 67 91 38 67 65 54 7 99 48 93 4 56 71 8 50 87 46 20 69 98 4 48 2
32 79 34 21 11 97 60 30 72 24 41 11 7 20 25 77 46 61 8 34 13 56 80 39 69
29 49 85 94 63 31 39 87 24 17 58 47 53 38 60 80 65 78 73 37 56 21 79 87 83
97 50 55 93 82 31 59 86 40 24 77 18 72 29 50 40 86 13 25 65 28 88 65 51 25
14 2 86 37 71 59 61 67 81 85 55 53 88 85 76 3 60 26 38 95 89 9 35 47 92
96 46 51 26 57 61 84 72 31 6 36 18 38 78 62 69 31 73 52 43 35 78 77 27 57
94 9 77 56 58 80 40 39 12 9 20 99 96 52 90 100 93 98 14 39 44 54 55 95 21
13 75 91 98 98 80 25 14 92 69 5 85 81 52 24 44 23 50 24 99 95 98 58 44 41
54 52 64 79 72 95 56 92 3 32 73 97 96 50 21 75 23 53 24 30 17 71 96 2 57
94 82 10 88 59 84 23 13 97 75 54 38 25 76 28 79 82 47 12 36 13 23 10 76 37
100 33 13 78 35 93 27 88 20 19 73 73 81 1 14 69 30 67 36 50 24 29 48 60 24
75 31 44 78 32 69 4 29 60 75 85 2 66 38 48 74 80 24 4 93 8 21 14 82 81
15 36 59 78 96 53 22 21 52 74 53 33 38 70 50 24 83 60 28 31 29 95 90 73 10
92 22 55 86 65 20 59 42 99 45 24 13 49 93 10 5 73 19 93 93 69 53 86 45 97
94 59 42 16 6 45 25 54 33 35 91 37 11 58 62 77 38 29 93 52 72 8 19 10 81
2 29 49 89 13 57 30 57 21 64 68 5 71 95 19 1 61 90 22 67 15 13 56 73 73
33 97 61 95 75 73 75 24 82 89 77 8 74 23 7 28 50 23 21 48 4 72 96 7 28
76 37 2 30 22 5 96 85 42 85 73 96 44 90 91 56 78 93 72 22 92 28 6 49 31
5 94 50 44 89 39 31 36 24 65 27 41 15 68 1 9 89 92 2 93 39 5 100 50 56
48 4 46 32 20 82 78 74 29 66 60 18 72 30 62 62 92 60 31 31 16 17 50 53 65
75 56 17 4 29 19 73 5 9 95 31 45 72 58 15 28 11 9 25 61 17 33 2 86 14
7 36 31 22 47 51 35 32 20 46 7 76 83 51 25 94 28 57 12 74 31 79 99 90 7
81 87 61 68 77 37 49 60 34 49 65 89 25 29 43 36 62 68 31 93 53 54 18 79 53
29 87 97 20 73 82 85 37 37 17 81 67 84 91 99 91 77 58 69 34 85 57 31 61 47
72 41 50 6 36 81 21 47 7 82 60 9 51 80 18 83 85 27 99 39 9 8 86 87 94
85 53 50 78 70 50 71 47 84 60 81 77 31 71 96 52 97 5 42 80 57 94 52 59 39
56 17 6 87 48 71 45 23 11 58 15 13 62 80 92 58 6 12 19 60 32 61 49 47 22
52 88 67 18 94 40 87 58 63 12 34 87 31 9 4 56 56 48 86 99 71 2 32 49 15
65 14 36 38 22 95 49 45 56 98 40 7 27 27 94 34 2 92 37 9 12 76 32 60 23
22 78 42 46 19 9 19 53 61 15 94 78 40 59 66 89 46 41 39 28 4 18 24 20 14
65 75 72 8 96 11 33 50 29 11 33 78 31 4 96 48 44 89 43 57 70 32 40 72 7
50 34 50 27 10 82 67 85 99 69 18 58 52 49 25 33 87 87 35 75 43 86 61 67 1
71 70 74 52 75 14 28 83 68 26 91 38 29 99 15 65 70 42 62 36 7 47 92 1 73
29 3 6 13 58 58 44 2 24 58 72 87 6 70 12 83 59 35 79 43 4 8 86 24 74
60 93 25 16 63 57 86 25 79 77 48 58 39 51 51 91 22 92 48 26 73 60 14 99 62
8 11 59 15 13 62 82 18 95 64 82 74 1 28 19 100 68 53 3 76 78 82 23 76 57
73 13 72 28 35 38 15 56 78 84 63 11 98 51 44 87 64 73 54 70 50 76 55 26 93
30 72 4 50 90 61 74 51 90 80 5 63 82 28 80 36 69 98 38 26 7 7 7 19 27
84 9 93 81 62 94 71 58 27 3 95 56 21 4 52 38 64 2 37 14 24 2 36 78 2
49 12 44 55 70 86 3 77 91 43 37 94 34 6 44 22 89 90 82 72 83 66 94 77 48
31 45 29 18 35 13 31 96 97 61 70 77 11 42 86 45 93 15 20 30 13 3 45 30 41
35 34 84 93 51 51 91 24 91 73 58 64 10 77 2 64 83 37 93 89 52 6 69 85 21
21 48 51 26 62 79 79 37 58 52 74 65 86 29 9 82 49 14 28 75 38 62 61 79 83
45 47 16 68 30 60 16 8 94 5 33 31 63 43 72 55 94 62 98 17 9 86 72 41 90
47 18 62 14 38 43 59 32 8 85 44 6 50 77 18 27 33 4 33 55 58 35 83 8 7
20 26 7 26 81 81 61 4 24 11 74 91 15 45 32 47 21 82 47 47 13 26 70 11 15
42 8 70 97 16 53 39 41 100 49 10 79 68 16 83 77 86 44 17 8 55 60 79 83 15
68 76 39 65 46 2 30 65 73 57 51 77 84 27 27 23 32 54 96 13 44 71 91 22 55
37 50 63 41 63 28 58 41 83 21 43 28 15 43 52 98 4 85 30 54 86 97 11 62 60
73 48 26 52 2 63 64 17 72 91 50 57 64 78 26 4 38 95 22 6 94 10 8 3 26
23 67 73 24 17 4 82 84 29 87 16 94 94 62 93 29 39 34 14 72 99 35 28 57 33
16 88 3 21 14 33 71 85 98 75 9 98 47 73 6 68 83 63 94 91 46 79 75 3 60
29 28 69 23 76 56 89 28 45 85 44 55 10 87 83 14 82 46 15 84 97 86 36 81 48
58 25 32 56 88 89 13 25 51 44 82 38 70 14 42 22 3 60 71 58 6 66 65 62 100
10 80 32 52 58 57 99 34 71 60 23 3 79 37 35 76 68 82 92 71 28 9 26 8 4
70 18 33 11 98 84 92 94 37 65 50 24 72 19 93 82 97 27 57 9 91 93 10 30 85
4 15 73 72 63 77 80 97 46 91 22 17 94 21 29 79 84 83 36 80 14 41 76 40 33
70 63 50 54 13 6 85 69 16 51 33 16 75 98 63 63 45 50 65 67 96 10 100 93 27
89 70 36 41 93 55 45 84 40 97 98 46 34 8 25 94 38 77 21 39 76 59 2 74 5
56 77 44 38 32 20 29 6 77 76 80 56 68 60 93 72 12 18 85 56 4 29 63 47 34
15 30 93 80 98 96 12 36 69 14 23 5 24 16 28 64 99 92 89 86 74 30 44 88 59
79 12 32 51 81 12 33 60 4 5 81 61 38 50 88 48 74 84 79 39 68 39 23 29 43
