35
4
33 48 80 12 40 92 89 28 70 45 14 39 82 78 34 49 85 72 20 86 66 38 88 59 65 53 97 8 79 15 37 68 18 71 11
75 94 31 92 21 74 13 22 44 20 20 24 39 19 20 38 43 59 64 67 50 69 77 76 1 14 76 38 28 70 8 6 89 48 98
3 60 73 90 46 37 11 38 5 51 77 77 54 74 52 97 68 22 94 71 62 64 78 11 61 71 55 66 54 100 52 89 24 66 1
90 33 13 52 27 64 72 33 6 93 22 24 48 83 88 43 75 29 96 77 41 51 91 26 88 61 100 67 4 34 100 77 83 45 92
76 28 34 41 100 43 56 98 10 58 25 31 23 28 37 21 91 33 27 58 11 94 57 53 4 1 7 3 43 64 98 39 66 85 48
48 43 21 89 34 59 62 53 48 55 49 47 28 93 79 16 74 84 92 33 27 32 87 8 26 95 36 68 79 25 72 66 22 84 74
100 59 93 53 36 40 8 33 87 88 20 55 31 71 82 11 76 100 31 90 55 30 24 96 5 100 81 17 65 57 41 14 6 81 60
21 71 6 58 85 11 35 41 34 62 1 33 76 44 85 28 26 55 31 40 65 36 51 77 67 52 58 50 66 66 53 97 7 55 46
44 18 46 37 67 57 67 43 76 7 34 27 68 39 44 88 23 51 61 70 31 51 26 59 59 32 78 96 62 31 20 62 42 17 27
39 99 58 83 24 22 72 37 95 76 79 25 31 97 69 80 71 83 24 59 61 36 16 50 29 2 89 100 7 95 87 5 13 13 38
92 59 43 64 5 37 11 10 77 48 97 29 15 39 100 74 47 59 89 43 50 90 90 49 40 19 81 2 2 7 97 8 7 30 83
37 81 80 64 90 25 77 77 93 35 71 35 17 69 3 9 22 65 1 90 25 92 27 68 67 47 24 67 54 88 77 54 78 15 88
89 20 59 80 40 4 29 4 46 57 79 55 24 84 3 49 38 97 72 57 11 26 36 52 30 74 59 76 38 72 22 21 67 62 69
71 75 72 30 96 34 46 3 15 16 41 96 12 51 32 64 53 55 27 45 23 1 83 13 27 40 98 4 86 14 15 93 36 14 60
31 83 77 41 68 2 24 75 71 23 5 11 47 42 50 46 81 84 36 86 57 65 66 15 28 93 56 99 26 40 93 42 17 32 57
42 66 77 77 26 5 43 72 87 47 64 73 81 81 62 24 43 72 46 41 37 70 3 59 64 96 55 93 3 88 87 5 91 42 88
86 93 99 79 80 97 86 88 100 34 70 7 20 25 40 6 58 24 100 21 86 96 30 77 27 33 47 13 94 63 22 32 86 27 9
33 18 91 10 35 77 89 23 61 100 34 75 24 87 73 18 68 29 66 12 32 4 68 48 82 92 62 7 74 52 49 39 61 63 55
16 49 99 45 43 25 53 31 89 88 31 38 73 35 95 18 51 93 63 69 82 41 82 62 45 67 92 56 77 4 31 3 5 30 43
18 91 91 23 4 93 9 86 87 76 63 78 81 16 17 73 97 97 68 33 18 21 77 93 100 89 33 31 28 6 7 34 14 32 71
94 70 31 81 95 97 18 36 69 15 14 98 49 80 29 18 55 11 76 81 94 21 7 26 45 99 90 77 40 74 95 53 32 91 45
46 26 59 72 95 76 89 23 45 37 5 54 31 17 19 97 94 49 2 45 82 43 58 16 46 50 58 48 1 56 30 77 14 99 100
36 87 35 19 93 97 3 70 41 80 31 85 14 63 12 24 15 60 35 19 12 32 85 15 35 72 31 10 92 92 81 35 80 66 35
52 92 22 22 81 32 59 49 76 63 36 90 25 22 65 41 67 61 30 19 44 91 17 67 85 46 57 77 29 20 77 28 4 95 33
39 31 70 18 97 31 4 18 21 18 71 94 8 3 25 67 94 2 32 31 53 51 66 65 16 69 100 14 2 37 45 31 14 100 28
32 48 98 86 26 16 56 40 35 5 84 86 6 82 39 59 21 36 84 37 74 82 27 76 81 76 94 86 90 72 19 29 98 63 29
50 18 48 82 48 67 22 82 76 88 37 8 34 73 64 21 52 53 55 21 41 38 12 19 14 62 38 87 68 94 50 9 4 82 27
77 45 54 1 80 39 6 48 44 44 9 80 37 27 52 38 24 15 65 57 21 87 75 40 67 17 58 87 97 14 53 83 17 78 34
5 27 4 76 93 25 22 74 99 59 59 44 52 16 65 95 24 76 96 31 72 37 68 56 84 80 73 72 68 50 70 6 76 65 60
13 61 36 10 6 44 67 6 81 37 96 48 48 10 69 64 76 55 79 20 12 32 2 60 34 56 67 13 84 66 71 3 5 93 14
2 70 66 65 6 47 55 48 38 45 34 66 51 32 88 62 96 30 24 59 49 45 9 49 25 91 40 81 7 88 85 47 6 1 95
8 50 21 85 88 64 78 69 78 90 30 73 93 17 11 7 52 17 14 45 56 10 4 87 19 82 49 92 82 34 41 25 91 32 9
10 44 28 81 34 82 62 57 66 22 33 6 82 18 6 86 45 70 50 64 38 79 56 88 41 28 99 44 64 55 5 43 9 63 15
43 22 69 94 61 10 3 98 99 96 85 99 96 94 34 46 90 43 90 3 57 18 48 95 35 50 89 93 26 88 49 63 88 46 19
6 34 21 18 58 81 19 58 61 45 69 100 78 41 56 85 6 10 3 82 59 26 51 39 18 28 99 89 37 58 21 98 28 97 27
77 21 88 60 73 91 34 55 56 60 17 84 90 18 78 75 26 83 8 72 10 87 61 12 38 85 100 24 22 18 83 81 90 24 62
17 89 11 70 9 8 91 11 51 31 5 17 62 94 27 55 40 76 26 65 13 84 39 15 80 9 39 70 66 4 79 53 9 75 98
57 31 53 93 57 37 23 86 43 87 83 57 25 57 49 7 11 87 60 27 22 33 44 44 63 98 92 41 32 44 29 66 89 14 49
19 52 11 34 95 55 80 30 66 37 23 97 67 57 37 54 15 61 17 57 86 93 70 69 39 62 25 60 55 9 34 94 29 72 8
59 66 100 52 62 11 67 67 89 66 92 80 91 40 34 14 49 82 92 39 22 37 71 53 54 70 18 30 65 100 36 60 40 23 67
1 10 17 25 63 96 49 80 2 45 71 18 47 13 18 33 34 38 58 73 48 44 44 7 25 46 80 9 2 13 67 94 59 59 67
7 6 4 58 12 55 87 43 86 56 25 79 8 74 69 69 95 13 24 49 95 96 63 40 56 51 56 83 90 82 93 30 39 42 96
67 35 38 39 90 17 1 25 4 56 99 10 12 72 92 82 77 47 40 19 65 67 31 86 75 89 28 76 6 34 53 55 19 25 74
9 36 45 20 62 46 40 69 41 85 12 19 93 41 98 70 21 10 100 63 50 32 69 2 93 56 92 62 83 96 30 30 95 27 30
77 10 100 5 77 99 64 21 55 39 59 55 54 81 95 68 2 32 55 90 84 47 91 68 71 21 100 64 81 41 44 66 100 69 63
98 10 99 93 85 67 63 91 49 91 29 46 100 3 31 73 100 41 43 64 81 78 78 66 29 23 54 75 53 24 50 74 34 48 43
63 32 40 66 22 24 3 94 46 48 62 34 15 100 95 81 60 30 90 78 25 95 28 75 68 32 90 66 14 4 75 10 96 29 15
4 81 95 47 93 86 77 83 3 68 68 55 24 32 6 13 25 75 41 28 43 70 10 33 3 90 60 92 95 7 100 24 37 1 32
80 31 31 77 36 79 38 70 85 71 13 5 46 73 18 44 55 76 75 34 58 64 50 21 23 9 95 15 2 45 24 50 89 39 10
58 53 49 34 54 64 75 15 68 23 49 92 34 1 2 54 38 93 53 56 11 28 92 79 48 17 29 30 28 13 87 28 89 80 100
19 86 81 27 20 64 29 41 75 48 85 28 45 58 79 87 77 39 9 28 98 91 63 97 35 85 59 88 33 73 94 70 85 48 7
53 81 71 23 28 94 63 81 96 23 73 89 14 93 7 14 17 59 42 67 46 27 56 9 6 94 56 74 4 65 77 25 57 32 25
35 2 28 61 10 57 17 4 74 5 51 20 82 15 40 45 54 78 13 61 42 31 86 37 83 96 39 78 53 99 19 53 46 12 85
83 34 10 53 99 28 69 84 36 95 98 78 72 81 94 48 24 74 85 97 97 90 9 65 30 73 36 67 32 41 42 17 72 65 58
86 51 4 77 62 81 25 25 94 79 10 90 26 95 60 4 55 56 67 4 19 81 77 68 50 76 6 49 37 46 14 56 95 78 24
84 10 29 27 83 38 23 38 5 3 93 82 57 71 91 45 75 15 85 60 14 66 34 94 76 41 92 66 75 8 38 66 61 99 44
31 73 8 43 53 1 5 15 90 71 83 29 33 27 95 49 61 17 17 21 44 58 51 55 72 9 82 39 58 88 81 31 99 81 63
32 48 20 29 41 10 44 62 60 59 86 4 79 93 77 79 83 93 68 97 71 78 52 6 53 2 97 82 70 68 14 8 42 32 42
29 1 48 49 21 89 29 82 36 4 12 97 37 97 4 56 41 2 67 51 70 47 28 18 95 30 7 72 51 50 99 62 1 23 15
92 9 42 52 49 7 9 75 39 15 50 59 19 19 65 89 55 79 78 15 23 41 34 72 6 74 52 36 20 15 8 36 20 88 48
5 38 92 98 74 26 5 43 19 62 16 59 14 49 64 42 6 85 43 39 100 45 94 72 50 97 69 51 85 22 67 3 2 10 9
58 77 97 46 70 82 90 56 14 72 56 34 61 14 72 49 25 60 100 45 75 5 39 94 51 89 73 84 79 69 73 65 26 94 2
36 64 79 15 98 80 76 50 96 5 1 38 93 24 97 68 10 19 23 70 58 30 83 39 92 84 90 95 39 92 9 78 48 20 53
25 9 77 23 82 2 70 83 62 9 45 95 89 86 86 80 87 4 35 60 17 60 2 28 4 28 23 79 32 58 82 90 55 84 96
65 59 12 74 58 15 47 8 43 65 20 93 38 24 54 51 68 83 23 94 13 75 6 7 72 88 60 37 7 11 45 88 20 29 99
20 30 47 90 24 75 40 35 39 71 48 8 58 46 30 25 42 23 35 23 80 97 71 4 22 63 40 68 36 9 89 60 60 17 5
46 58 3 59 70 46 71 85 100 66 65 41 45 71 82 55 92 48 76 30 8 14 48 29 79 89 36 97 22 87 74 75 48 44 76
34 79 20 95 6 67 88 2 99 26 100 89 63 31 16 44 52 35 57 57 84 18 5 80 40 24 63 69 43 96 100 11 81 51 37
25 15 26 14 97 57 40 1 39 14 30 74 6 68 46 83 5 62 57 64 9 90 38 7 23 76 42 53 16 45 39 48 19 97 50
71 63 11 4 75 66 58 81 76 43 37 8 38 2 26 80 18 53 94 69 70 11 13 31 59 86 97 88 97 88 32 62 11 23 95
11 93 85 22 48 42 15 78 57 24 98 93 95 33 97 28 26 32 42 32 52 88 6 35 10 78 78 43 48 27 6 99 95 87 50
48 43 60 83 21 13 2 5 91 95 81 19 34 17 28 89 2 37 86 89 56 35 71 25 12 88 90 68 56 48 42 68 17 97 53
33 32 98 96 44 7 69 100 95 51 55 89 10 43 17 34 36 48 85 99 30 70 50 24 26 53 84 10 61 6 17 57 68 11 14
8 60 93 86 47 87 21 79 72 59 70 38 4 49 20 61 59 100 14 15 27 30 35 88 92 37 97 77 98 50 4 9 100 30 31
58 52 24 14 6 3 81 81 5 89 31 31 62 32 52 59 52 29 78 68 80 93 13 57 14 38 74 6 29 16 4 24 6 76 49
32 50 77 75 64 37 40 66 36 8 10 21 31 5 64 100 40 85 72 26 37 78 69 59 18 84 2 3 75 79 82 89 71 99 40
68 58 39 60 25 78 17 80 60 8 56 54 58 5 37 96 23 28 97 51 64 29 64 82 23 47 95 65 24 18 86 87 33 100 66
12 19 51 55 3 70 1 33 23 67 67 84 37 62 86 85 6 32 25 72 64 28 20 65 76 20 19 6 51 71 62 25 28 46 23
95 30 36 28 3 51 84 13 59 96 29 77 76 41 59 30 61 2 73 8 26 100 40 71 41 79 66 82 84 16 95 84 67 18 88
16 69 34 72 67 92 48 12 65 65 60 4 30 97 61 9 9 60 57 86 87 16 100 20 38 65 64 68 65 83 57 48 95 20 88
44 12 51 96 15 66 53 29 78 4 75 96 78 66 46 9 13 73 7 61 71 48 87 55 55 92 68 96 26 81 60 6 7 50 88
3 83 86 74 100 93 24 48 42 65 12 28 21 1 64 71 97 17 27 94 82 32 97 28 55 70 50 100 55 8 78 26 62 100 74
85 80 15 67 36 36 94 52 27 5 55 75 36 61 70 10 25 53 43 64 99 78 92 47 67 91 19 24 99 71 84 21 7 99 93
48 4 43 82 5 37 21 23 67 18 88 55 92 67 47 78 96 65 68 33 34 55 86 78 12 32 63 94 61 23 26 9 74 24 14
31 15 30 2 43 24 26 24 38 82 53 47 87 38 32 6 28 40 57 63 66 81 26 49 52 30 29 12 56 64 60 37 11 64 5
5 94 77 17 52 6 70 90 23 55 40 39 68 48 30 78 57 26 7 93 59 69 89 45 97 3 6 88 81 96 9 62 20 11 44
75 65 64 10 62 28 57 72 68 46 16 36 27 51 24 78 41 9 77 70 79 87 4 29 92 61 22 7 45 67 63 2 75 39 57
94 60 39 2 82 80 62 69 86 67 51 29 85 28 91 43 83 67 51 41 70 70 42 22 13 36 62 95 13 74 37 43 42 12 58
66 51 95 2 2 4 47 96 89 51 82 35 94 5 91 41 61 47 34 96 43 75 17 83 29 88 36 81 95 23 56 57 56 2 66
74 12 55 38 80 1 22 23 6 71 53 87 91 96 37 61 91 75 76 67 39 31 26 26 27 18 53 69 76 21 6 38 73 80 62
53 42 49 4 11 20 81 16 12 99 39 10 47 76 58 82 56 23 14 77 24 69 31 67 58 42 75 75 16 67 20 98 52 88 45
46 56 52 46 65 98 59 87 80 91 31 98 10 58 93 84 32 37 3 84 90 80 64 39 54 96 34 63 77 57 27 67 48 52 42
77 98 69 98 71 17 62 48 71 31 15 94 78 27 74 59 69 12 13 28 25 78 20 9 2 63 89 64 2 34 24 13 17 51 38
24 20 5 90 1 66 13 1 80 37 80 1 25 64 68 47 35 74 54 4 62 33 56 20 7 63 30 66 59 25 64 36 75 19 17
84 72 21 50 53 55 27 13 44 35 62 26 46 59 7 99 88 54 50 25 20 97 14 45 34 70 72 39 90 97 25 18 19 27 100
73 35 38 94 9 10 19 68 76 77 42 21 78 29 70 91 44 40 94 41 28 61 47 92 26 45 99 15 36 30 94 14 93 95 52
76 84 79 8 25 6 57 98 31 30 98 97 27 33 68 64 14 14 18 84 72 29 15 76 2 74 65 79 41 32 63 32 49 27 19
76 34 94 28 71 73 22 21 35 100 42 11 21 68 62 75 91 11 32 34 69 14 34 9 30 72 40 51 41 59 56 29 69 37 12
6 17 25 40 42 16 29 44 43 88 51 94 76 4 69 76 80 32 17 82 78 28 41 73 13 84 79 33 27 94 99 93 5 58 41
41 19 14 78 35 77 46 100 27 62 90 69 51 97 68 67 98 47 88 89 12 77 34 88 17 74 97 95 38 54 93 9 81 18 47
60 95 47 35 36 46 44 60 37 32 39 85 66 95 9 98 66 85 9 35 33 30 60 79 45 24 95 20 40 43 31 93 96 12 13
88 41 70 85 16 68 20 60 91 34 37 32 45 14 63 88 100 70 23 14 61 5 88 2 55 63 20 92 49 38 86 73 86 66 54
25 4 65 41 16 61 25 32 71 62 7 25 14 90 41 37 9 71 83 64 86 31 98 46 75 32 4 18 64 91 8 60 61 79 14
21 86 31 17 78 28 89 49 97 17 93 71 57 68 83 5 24 50 38 100 7 40 32 11 3 40 15 96 19 55 25 91 28 88 16
38 77 67 16 98 87 51 76 41 91 50 59 92 57 26 100 57 87 21 29 11 68 25 21 84 93 50 99 29 88 32 99 23 2 64
14 10 86 87 29 56 63 7 99 26 2 93 86 50 91 43 45 18 13 73 91 11 20 21 83 33 57 6 21 28 8 25 80 72 58
14 87 22 56 57 27 36 100 44 90 36 22 77 56 99 47 6 81 71 54 82 66 91 5 38 51 29 59 18 89 86 22 86 13 74
56 94 88 40 48 59 41 59 34 68 85 79 95 55 95 89 62 72 14 40 29 48 73 13 17 79 72 54 34 61 55 52 65 91 71
59 9 10 95 54 5 57 64 16 83 30 24 8 10 31 69 15 16 47 48 63 40 17 36 50 83 5 41 15 39 72 56 44 69 23
95 68 80 15 28 46 10 78 24 47 100 31 10 86 82 74 21 39 100 62 30 100 75 26 90 81 11 78 54 45 77 43 42 19 82
39 3 94 14 94 45 41 20 74 20 78 43 76 100 98 62 38 100 84 42 65 48 28 8 3 65 97 77 92 69 15 97 66 99 81
89 61 33 6 78 96 91 49 60 20 10 24 23 25 71 1 80 67 24 46 92 51 30 97 20 22 68 32 55 59 37 20 86 79 31
48 19 50 12 48 52 88 17 69 97 64 6 84 64 41 24 6 63 27 47 89 28 52 64 78 58 9 37 41 83 15 64 59 26 47
86 36 43 40 81 11 39 35 16 58 48 9 76 95 31 95 40 80 96 58 58 17 60 73 45 47 4 38 85 59 28 67 50 70 44
57 51 38 85 80 93 76 45 6 65 99 30 34 60 100 19 23 16 26 39 83 48 74 62 70 50 96 21 78 23 86 91 29 72 83
63 93 89 22 81 90 73 62 82 7 92 56 55 64 55 60 80 72 45 37 9 73 89 56 74 16 88 89 24 25 85 26 8 28 56
1 63 30 27 21 85 28 7 53 90 95 69 100 79 96 83 85 29 20 77 9 50 29 34 74 61 73 82 29 11 15 68 51 37 43
32 52 15 77 64 27 1 25 44 92 96 3 79 64 13 51 64 3 2 46 64 100 29 48 98 78 30 1 68 74 58 49 28 77 62
43 16 93 47 8 56 86 8 20 3 3 1 2 49 4 25 45 98 77 97 98 54 30 53 44 96 100 60 94 22 49 68 81 70 67
13 75 34 55 33 66 55 46 44 17 15 94 54 41 69 11 29 53 31 5 68 94 55 57 18 86 28 29 17 29 77 1 88 17 1
99 23 51 36 12 100 98 55 12 31 71 54 11 17 75 75 40 67 3 95 53 5 100 91 87 32 81 28 83 34 59 44 13 27 96
86 9 73 57 7 97 13 56 67 83 44 56 64 14 93 10 42 91 86 1 1 59 25 62 13 81 50 54 84 95 81 36 18 71 76
84 49 16 87 7 24 97 5 51 11 48 10 36 78 52 62 79 90 45 58 42 84 82 61 93 97 60 75 75 40 60 21 84 67 57
32 62 2 31 5 11 35 12 49 16 75 21 74 45 85 40 55 40 65 27 12 85 14 11 59 57 15 52 41 25 27 10 16 87 98
46 88 43 44 12 59 69 97 97 4 89 35 94 22 14 96 25 73 27 94 56 19 26 38 95 68 45 23 58 80 49 94 86 60 59
97 61 21 78 60 1 23 52 28 57 63 8 7 77 45 62 39 92 31 58 50 84 71 19 64 21 65 14 38 95 26 24 25 52 25
46 64 87 81 24 34 59 79 25 23 78 56 70 64 12 47 71 39 83 61 47 86 24 73 88 58 43 78 56 32 25 33 19 33 16
59 10 77 72 30 68 68 95 18 20 36 37 95 77 48 54 50 30 86 59 51 68 46 56 57 16 50 55 84 7 73 9 39 90 75
6 52 57 38 99 93 2 75 77 25 1 20 72 34 67 72 86 18 98 30 28 98 6 84 69 67 6 8 35 86 57 57 92 55 41
81 28 39 13 28 28 92 68 28 25 32 38 66 8 28 68 83 34 10 47 39 55 71 42 36 24 85 76 74 92 99 60 14 95 17
100 81 5 33 29 90 9 34 52 9 53 30 56 46 69 47 33 22 26 27 63 92 26 26 22 56 93 57 9 22 85 20 81 34 53
11 12 23 10 27 53 99 13 10 32 23 49 13 62 58 2 49 87 19 91 45 66 4 42 74 90 46 11 77 39 85 99 51 60 85
50 72 36 86 79 82 11 29 18 62 69 94 14 23 72 48 1 15 32 98 74 16 87 5 38 72 28 33 39 30 79 94 70 6 11
58 71 2 14 44 98 87 94 9 39 8 29 60 99 72 9 64 78 90 79 92 91 67 61 68 55 66 7 5 40 39 73 73 71 8
69 19 25 3 32 8 27 47 5 74 88 99 100 16 56 70 54 57 17 60 95 16 46 37 89 95 45 28 35 100 72 22 43 13 12
62 36 69 19 42 36 87 29 66 98 86 85 75 25 45 69 84 78 87 4 8 91 63 27 74 98 89 51 56 65 12 8 2 53 53
17 52 50 18 54 14 52 23 75 1 6 31 100 40 21 70 96 70 4 47 38 31 65 40 94 31 40 2 94 34 88 88 38 64 73
82 93 15 51 75 58 78 84 80 12 55 93 97 76 15 65 2 50 22 22 1 29 50 34 82 6 27 6 91 17 1 72 85 62 36
34 39 47 41 97 74 91 79 29 97 96 77 1 45 2 34 71 28 10 65 1 29 14 91 48 98 29 91 58 45 96 59 72 51 10
26 20 2 89 53 98 25 71 76 41 61 37 100 97 83 89 3 23 34 47 12 92 20 71 40 88 65 30 31 73 47 35 9 18 72
