80
4
85 82 67 29 53 45 17 41 71 59 100 34 71 52 19 26 18 80 89 5 63 23 31 43 28 61 32 44 25 39 81 82 68 21 51 35 9 4 89 72 84 32 26 48 85 70 17 35 68 34 54 9 4 4 99 15 52 76 96 76 80 78 47 23 71 53 34 93 54 53 64 93 60 6 22 43 3 52 42 91
49 14 29 43 75 87 29 71 48 54 40 65 49 47 81 80 46 3 30 47 21 98 53 72 44 65 91 38 15 29 83 35 59 17 78 37 41 49 67 41 60 13 22 16 34 100 96 79 54 30 4 40 65 9 44 11 33 8 26 57 56 31 10 19 76 14 23 51 72 46 36 18 19 23 23 48 61 84 2 66
18 9 39 65 80 42 80 94 3 14 1 75 6 83 6 1 48 67 87 18 34 10 43 56 44 86 16 48 75 71 78 76 70 67 84 93 2 89 90 63 97 20 4 37 76 85 62 60 15 59 5 55 43 23 81 2 79 78 96 39 13 67 44 24 9 93 49 42 18 96 36 96 59 33 24 60 73 89 18 55
42 45 55 60 60 16 83 41 15 29 55 31 33 80 99 97 10 88 51 44 42 57 81 64 39 51 61 38 49 16 19 16 79 33 24 5 88 3 53 91 96 64 18 42 83 7 14 13 38 47 11 41 50 68 32 89 96 50 71 17 46 81 10 70 87 96 59 51 75 23 32 80 59 20 84 56 40 37 67 58
87 50 20 72 17 2 33 24 69 56 35 69 23 1 68 85 82 7 40 83 53 8 51 73 79 31 97 85 71 61 30 20 1 18 94 79 71 69 84 78 4 69 13 89 5 60 68 48 10 88 76 67 49 59 39 31 95 57 28 62 81 24 5 15 99 68 32 66 58 94 27 88 19 25 8 99 8 8 97 62
22 81 37 54 11 51 75 16 38 15 59 72 60 84 34 19 43 58 57 100 17 41 33 8 93 92 94 44 5 53 89 64 65 81 65 68 86 53 98 91 53 99 89 59 98 52 96 46 19 42 99 68 26 62 17 95 73 92 47 71 37 45 44 41 35 20 88 69 84 67 62 77 47 27 75 88 68 24 96 75
49 85 41 88 80 47 97 99 34 63 79 27 64 24 3 67 52 50 59 55 63 76 80 78 53 100 57 50 72 94 15 68 89 39 37 90 1 71 53 93 14 70 63 98 14 80 68 55 39 68 71 9 12 67 8 27 31 97 73 14 56 58 46 17 70 85 19 16 69 53 28 89 70 21 19 10 96 64 86 5
60 35 63 76 28 39 86 93 82 70 77 43 88 23 33 61 98 59 5 41 20 39 93 6 89 82 49 74 44 85 63 30 93 52 71 91 79 8 82 21 18 58 18 78 43 5 84 6 47 75 73 71 86 99 48 4 44 78 58 22 28 39 31 91 63 52 58 27 85 46 76 53 18 15 60 29 60 42 91 63
17 56 78 46 29 14 4 48 86 37 24 32 35 22 42 7 24 21 48 27 85 68 12 22 79 99 53 99 81 15 24 93 97 40 25 73 78 23 40 56 92 93 45 89 89 5 10 41 70 66 84 75 48 30 92 5 48 55 82 6 93 8 94 4 80 49 6 59 83 52 39 85 22 76 43 69 56 47 41 65
97 44 48 81 59 74 85 61 57 90 27 5 2 28 91 96 81 68 97 67 18 90 22 100 31 39 57 46 27 56 98 52 30 83 62 93 68 67 90 4 50 1 18 26 68 72 91 71 87 87 33 34 25 76 51 44 73 38 15 58 87 22 16 99 43 47 62 72 79 77 72 54 62 21 68 62 26 69 2 69
10 49 50 99 21 46 46 80 95 69 82 9 38 61 68 88 99 85 94 36 97 55 65 64 87 95 2 45 28 16 44 94 84 11 26 48 24 4 58 61 59 96 5 19 26 66 35 36 99 30 64 44 65 92 52 75 95 40 95 24 47 92 12 55 55 28 66 65 34 90 80 5 69 63 40 82 86 16 19 2
20 10 75 39 23 26 43 47 40 94 52 70 8 80 97 2 13 35 53 36 95 32 38 94 49 12 37 85 68 83 47 6 27 33 66 10 61 12 36 86 33 86 3 23 77 17 79 44 96 23 79 97 48 100 75 41 10 58 28 23 12 74 40 4 67 28 47 26 86 94 25 13 7 56 92 45 62 50 93 89
73 22 83 27 66 22 41 76 13 49 13 55 40 26 12 46 10 81 39 84 88 60 68 96 72 21 55 11 73 50 57 48 18 38 63 34 44 84 98 6 28 68 2 72 13 82 45 50 12 59 29 90 82 61 49 32 89 67 1 24 73 96 12 27 38 71 18 42 43 41 96 93 89 7 7 58 92 61 9 97
8 36 87 39 47 51 37 38 26 74 85 15 87 69 82 57 80 71 48 23 11 34 4 17 78 36 50 56 7 53 60 46 23 85 25 15 62 68 54 42 4 30 19 28 23 21 64 33 3 55 81 36 13 70 52 29 73 72 19 53 65 15 71 71 8 8 61 79 46 46 65 41 56 2 20 91 81 33 79 62
7 50 9 22 34 80 45 23 9 16 95 35 10 37 27 7 66 80 100 44 2 59 31 66 99 60 51 90 67 40 62 92 34 94 87 90 17 1 88 64 40 87 38 38 55 33 18 89 87 16 41 99 76 62 92 79 32 9 79 35 65 44 44 59 88 31 33 41 48 69 64 4 69 82 43 54 44 18 44 17
65 19 4 60 39 10 63 18 48 2 22 31 62 49 23 18 34 63 50 82 86 2 90 23 40 31 48 5 8 42 10 74 12 95 15 61 71 88 32 25 100 26 93 61 15 21 53 99 41 49 49 29 75 36 69 19 81 28 89 68 83 97 11 32 47 92 42 6 63 2 17 69 44 55 48 87 54 22 47 41
10 31 4 62 78 25 43 75 39 77 95 87 56 52 93 100 91 31 51 36 35 45 47 16 55 48 33 51 13 52 47 33 93 55 10 9 73 63 1 27 25 94 70 54 61 95 75 31 76 21 30 33 12 58 72 92 76 98 33 26 78 62 41 82 58 91 76 95 37 2 3 79 63 3 94 94 35 48 2 17
68 60 72 28 98 94 13 70 84 33 97 13 52 83 93 85 26 51 23 39 27 37 84 1 36 46 62 11 46 62 2 30 15 74 42 33 71 63 49 52 15 22 2 84 70 39 91 15 23 37 17 65 89 61 67 96 21 65 20 23 53 59 76 23 49 81 42 4 57 65 70 7 78 26 21 39 76 46 61 89
51 17 3 43 56 80 56 72 37 57 41 26 75 34 96 46 7 81 33 56 12 24 92 40 51 87 38 45 20 38 19 95 1 26 1 15 63 88 53 47 15 2 96 24 81 77 36 92 14 14 29 99 30 50 24 70 30 6 72 75 6 25 57 90 94 28 20 95 72 15 20 80 44 99 78 83 83 12 87 78
16 35 42 2 7 16 71 32 66 56 15 29 78 53 83 70 98 8 74 96 39 94 6 24 79 16 5 42 36 25 94 1 93 6 57 69 4 28 45 57 30 88 14 42 62 92 62 65 66 4 58 40 10 17 39 86 53 2 14 27 90 4 99 54 56 55 67 40 73 74 58 59 93 41 26 87 39 42 94 20
48 48 52 61 90 46 16 70 48 73 70 49 28 77 63 9 65 48 99 84 19 66 31 99 41 7 13 26 38 67 5 50 75 16 23 72 62 76 50 96 50 72 98 57 27 81 39 4 88 63 49 30 6 95 57 77 36 55 64 14 43 28 87 72 67 65 72 11 78 20 60 14 37 70 4 32 38 24 81 50
90 68 88 44 13 28 89 19 59 58 75 38 27 3 36 18 12 24 88 16 99 56 48 43 99 73 78 37 25 91 75 71 85 99 18 32 69 97 60 24 80 70 29 59 87 36 29 10 66 41 92 36 3 41 15 59 10 43 96 75 57 9 58 92 85 93 15 44 30 57 75 59 86 59 79 31 89 53 73 54
39 79 81 52 19 2 99 60 8 47 31 34 87 21 6 53 97 22 12 96 64 70 69 85 94 16 18 31 57 57 12 67 92 17 76 77 8 8 81 88 15 29 23 53 78 74 51 33 77 40 5 62 4 11 85 27 34 44 59 18 28 6 13 65 91 17 85 93 14 26 39 22 64 38 33 86 48 80 26 93
89 100 82 48 38 66 96 69 83 13 96 95 15 51 17 1 1 67 9 89 89 6 93 17 54 58 51 42 17 64 94 94 68 43 12 29 11 69 43 29 97 6 52 46 66 75 83 25 90 6 47 3 87 15 6 80 63 10 4 87 92 66 11 58 39 24 89 2 9 77 71 84 21 25 12 47 87 40 72 57
12 73 77 81 69 52 13 19 3 79 2 57 72 9 35 17 62 42 96 19 75 73 99 88 44 84 58 66 83 71 77 49 76 10 7 72 96 18 30 69 74 34 3 88 51 63 40 4 95 38 77 72 33 45 2 77 67 49 60 67 98 40 42 80 50 84 45 20 87 65 51 2 20 28 73 22 42 5 59 48
57 66 93 52 44 35 21 76 91 38 26 5 49 23 89 20 18 34 14 74 61 70 59 75 91 15 86 98 32 25 100 34 63 37 42 90 16 3 66 28 67 96 76 37 77 32 90 23 4 29 17 22 100 16 2 59 18 65 90 64 62 35 33 33 94 87 59 37 42 91 27 88 81 31 31 89 50 83 2 67
66 31 6 19 40 38 7 100 73 41 58 77 70 90 22 89 69 72 60 35 81 76 44 13 10 17 85 51 100 57 58 91 65 42 42 17 3 23 4 49 91 69 50 29 74 22 71 37 72 86 6 70 27 65 49 22 49 54 65 92 32 22 18 45 91 87 59 6 93 60 34 46 93 72 80 55 80 22 63 65
10 84 17 2 5 79 20 71 51 42 26 36 100 49 58 94 27 1 93 25 16 47 27 44 17 69 39 29 12 43 12 57 24 50 12 68 60 27 77 71 25 78 58 8 31 92 48 79 27 76 74 82 78 29 40 81 39 82 98 74 38 69 24 72 29 27 25 38 23 61 25 70 56 41 11 69 65 20 24 3
58 55 10 8 81 62 5 67 4 74 16 59 44 10 16 30 35 38 68 46 82 34 84 11 24 57 79 69 31 94 30 8 29 34 2 35 94 37 54 17 84 90 51 22 30 14 75 79 92 48 57 44 9 66 93 4 45 35 41 2 14 61 25 34 43 81 55 4 10 83 64 58 79 30 92 30 76 32 40 92
87 83 74 18 65 89 78 16 49 4 70 3 36 87 56 97 74 18 100 1 29 8 65 60 33 11 29 56 54 37 67 76 93 88 92 79 10 55 71 63 58 18 74 90 40 100 58 76 72 66 42 62 43 17 81 34 7 64 70 53 38 37 82 100 77 47 52 66 6 45 4 50 51 71 77 53 31 67 77 12
98 18 47 69 78 21 97 10 21 3 41 24 20 38 22 45 50 6 63 37 49 12 86 43 94 87 32 55 92 40 87 59 6 99 36 89 8 93 99 38 70 20 80 8 92 40 29 10 13 61 73 54 32 7 94 72 84 67 83 54 16 41 100 35 64 7 44 67 51 24 33 77 45 69 76 86 65 56 44 35
18 66 20 51 52 87 7 10 13 51 78 45 14 66 97 66 51 62 55 9 94 3 38 90 60 1 61 32 31 7 40 1 58 29 99 36 67 20 88 42 53 25 100 86 65 14 59 13 18 75 38 64 57 2 28 22 79 50 46 51 12 94 89 30 74 35 18 52 39 11 58 6 48 76 39 12 79 5 43 74
57 57 8 19 85 56 5 73 9 13 8 17 89 36 67 48 16 100 13 4 39 1 22 24 45 47 14 59 85 42 88 26 34 70 77 87 16 38 41 68 11 89 75 81 43 63 66 80 37 32 22 95 35 32 43 19 63 39 94 61 76 57 10 49 86 100 48 88 75 70 31 37 26 6 96 96 9 46 59 7
38 22 23 18 13 81 16 57 14 73 36 3 75 12 30 22 22 88 81 97 14 69 66 31 30 21 70 12 31 37 60 16 68 15 36 34 14 25 96 19 12 11 52 44 85 78 37 35 79 14 29 12 9 45 66 5 51 39 92 46 27 11 74 8 47 14 77 97 12 83 34 66 6 56 22 33 21 34 95 84
55 87 11 100 1 61 9 2 37 54 94 72 64 7 3 28 10 99 30 22 30 87 29 29 17 39 41 44 65 13 9 98 16 65 67 47 87 39 37 1 39 87 70 26 87 90 84 30 3 46 87 65 76 46 2 98 5 70 47 34 67 100 54 62 3 4 81 86 22 57 22 11 27 35 91 80 51 10 60 25
17 85 25 66 5 52 69 85 29 63 43 15 66 65 55 8 66 64 7 91 26 71 18 87 41 22 66 11 86 99 86 95 97 95 51 83 24 13 29 47 70 75 6 69 40 48 12 23 74 67 73 73 3 92 78 39 94 89 49 51 30 10 42 52 86 39 88 40 8 89 4 1 15 50 16 35 7 18 98 81
44 4 90 45 4 48 12 98 28 7 17 97 73 53 26 54 18 100 59 76 71 95 82 84 40 1 19 5 9 19 8 14 56 47 43 62 43 100 6 16 76 82 10 22 8 49 78 4 5 10 41 80 58 84 29 40 96 66 74 27 66 40 69 69 61 26 34 96 85 88 57 73 66 57 60 47 88 73 31 78
93 63 84 37 66 80 37 55 50 73 52 79 56 40 35 16 77 12 34 67 16 64 28 57 46 28 23 54 75 13 87 68 22 49 7 9 97 79 27 25 15 91 88 70 55 19 30 85 64 55 30 16 57 9 50 12 50 51 92 41 59 65 30 63 30 44 39 42 29 32 99 46 21 99 49 70 24 22 39 47
98 8 22 86 6 6 59 97 100 16 86 17 14 12 45 47 74 68 82 20 64 40 9 26 18 78 92 94 96 25 53 38 36 43 7 33 98 36 42 50 81 48 44 10 92 26 81 8 5 31 86 59 81 40 35 63 33 84 77 2 57 73 26 11 3 92 11 7 71 13 32 16 20 22 75 93 79 61 92 4
74 44 79 69 85 100 45 83 96 90 61 20 40 44 82 5 74 67 72 73 70 40 8 83 65 65 72 1 2 33 23 1 29 29 87 61 48 43 83 62 54 21 53 62 60 1 46 9 13 67 28 52 95 94 67 63 90 95 56 50 81 83 78 82 58 7 4 6 28 77 14 92 9 89 10 25 3 90 15 94
56 76 2 17 98 78 9 2 10 56 21 63 20 19 44 94 4 56 88 59 47 76 82 34 96 43 9 25 26 32 95 56 66 93 29 2 87 21 22 14 10 14 99 37 31 67 63 57 57 63 48 29 83 69 49 68 35 42 58 95 71 47 33 25 94 39 61 55 87 87 47 34 20 87 7 44 5 18 78 12
51 19 58 30 26 20 17 6 34 96 48 48 60 55 93 96 79 27 4 32 53 14 91 17 36 27 81 77 89 40 55 64 49 72 37 99 26 40 41 43 87 68 79 44 50 74 93 72 91 26 46 43 23 48 63 64 64 15 49 34 29 33 16 26 22 30 79 49 55 5 38 54 2 88 69 82 47 90 32 31
17 50 8 3 41 72 35 10 2 13 10 58 74 73 85 72 92 84 87 86 90 18 6 99 81 98 96 27 82 64 78 41 40 87 50 60 59 26 20 12 32 91 79 9 51 98 91 71 11 38 64 81 4 74 10 26 89 97 74 33 69 3 35 8 90 52 32 1 48 58 98 59 64 17 88 55 22 6 33 15
25 53 59 19 93 83 95 89 70 72 96 10 71 63 90 13 11 71 27 60 86 27 30 35 79 33 7 26 8 5 97 26 32 27 38 27 97 21 28 5 56 5 67 25 91 65 67 66 51 23 87 13 29 59 58 77 35 12 14 40 26 65 26 20 56 42 55 69 36 41 46 73 25 64 14 87 75 88 61 38
6 20 4 11 7 37 56 29 4 47 29 15 37 65 20 73 27 64 11 70 65 42 69 87 21 80 89 57 60 45 21 95 47 29 9 46 64 45 52 73 20 73 70 49 44 91 33 38 86 13 36 96 54 53 74 18 3 44 20 95 51 97 35 48 94 4 39 89 83 85 26 29 41 67 60 38 51 35 35 49
100 56 46 68 5 53 33 94 66 28 15 43 22 90 30 91 85 74 15 24 34 77 63 42 68 94 4 90 70 90 70 100 76 22 34 10 5 40 86 22 93 18 100 86 35 53 100 46 90 86 22 55 11 63 61 21 18 54 81 14 36 98 80 79 37 8 99 68 19 51 9 14 5 17 15 58 18 75 43 45
93 24 75 89 35 61 98 58 9 57 65 24 4 33 81 13 30 6 66 65 81 75 22 40 67 67 64 19 18 87 11 97 13 59 13 53 35 77 73 66 3 73 28 57 94 39 91 98 9 74 70 12 77 21 66 2 31 64 19 70 46 45 2 76 5 24 57 86 39 1 85 31 80 58 72 5 5 97 44 4
25 99 34 43 17 2 78 78 80 17 94 5 40 49 81 38 60 21 56 99 89 27 82 85 7 14 39 47 28 1 51 66 71 18 54 77 59 29 59 41 47 90 52 90 94 25 80 91 43 88 89 8 77 20 85 8 44 52 51 98 84 52 37 7 97 79 9 60 77 78 66 61 8 32 77 51 43 57 20 42
94 59 5 15 23 11 53 10 30 90 57 94 100 18 16 32 4 42 87 62 70 23 53 69 49 84 86 30 11 68 95 80 10 63 97 93 96 85 20 34 72 36 32 15 51 56 10 26 23 70 22 49 78 49 57 45 66 63 66 4 17 99 70 89 89 93 9 45 72 95 16 35 35 43 11 54 98 60 83 34
11 86 79 28 82 36 55 2 47 9 97 72 82 64 40 71 94 68 87 30 10 45 60 95 34 28 42 46 84 50 78 24 2 53 91 50 33 41 54 32 6 1 88 24 51 27 43 57 92 74 36 41 77 14 62 18 17 69 81 43 89 17 1 1 98 68 58 98 89 41 82 78 39 20 59 61 38 68 94 4
85 24 50 40 62 62 68 45 77 92 96 23 18 44 50 64 43 32 3 81 60 97 49 94 23 86 86 49 43 24 31 17 69 47 45 74 94 80 33 11 86 3 63 78 47 81 78 88 21 8 32 11 73 17 32 97 10 38 42 47 4 54 51 74 26 42 67 14 75 93 2 47 28 7 78 67 66 30 43 28
41 7 77 79 99 92 48 31 72 49 28 60 4 93 86 95 3 19 19 67 41 59 58 83 53 14 40 97 18 31 12 30 95 85 60 80 33 94 92 30 61 53 14 88 43 21 44 4 50 98 29 12 12 48 30 34 45 84 40 11 79 25 95 24 59 34 22 94 26 13 40 72 61 19 30 68 80 76 8 12
76 9 52 4 52 22 74 11 90 60 74 64 56 29 27 66 96 53 94 31 21 89 57 96 64 26 61 79 18 20 83 45 54 10 36 14 7 49 42 84 32 56 99 66 24 43 15 8 77 15 51 71 74 76 87 88 45 30 78 100 82 57 10 7 26 26 95 22 30 95 88 59 97 65 81 49 33 100 98 92
44 87 66 39 62 8 57 5 62 75 42 6 83 70 28 70 17 8 92 61 42 91 4 53 12 2 76 9 52 78 49 51 42 29 41 85 48 71 20 60 62 44 92 40 100 93 80 61 67 44 88 50 24 42 21 59 13 68 68 75 77 18 28 47 52 12 51 22 3 28 76 25 4 80 33 63 58 74 53 27
36 9 10 97 52 33 89 74 75 16 21 20 85 70 62 69 30 47 40 33 15 21 84 35 14 67 16 63 16 10 79 39 86 86 70 49 53 18 98 17 2 9 80 34 29 62 54 60 91 52 63 20 30 45 44 61 38 73 31 3 1 22 85 50 27 59 38 73 33 10 42 79 87 68 64 79 83 85 59 40
71 100 40 81 84 72 43 52 56 75 74 43 19 26 2 3 99 40 54 56 54 68 91 77 71 75 54 67 17 34 52 5 27 69 74 96 46 43 100 71 99 44 61 6 4 86 36 93 75 92 78 16 26 50 79 3 20 26 90 45 61 60 51 86 30 64 13 60 99 47 42 36 70 17 33 6 68 81 43 90
5 81 94 59 84 31 30 68 15 19 70 59 64 49 47 20 6 36 21 19 48 10 66 16 49 99 77 95 76 4 93 16 60 6 52 1 97 32 19 77 17 10 96 39 74 40 39 2 92 72 38 89 13 21 53 61 8 40 84 73 73 9 33 43 42 30 21 54 37 9 65 8 47 76 96 90 19 36 87 51
98 46 18 58 45 59 58 17 71 94 16 41 49 50 30 9 41 89 12 84 76 11 38 20 96 48 87 35 72 1 2 21 10 99 76 78 1 17 75 82 61 75 57 23 14 43 49 32 56 21 90 58 39 68 85 40 97 72 7 17 86 28 73 65 53 17 83 6 51 16 9 81 90 24 71 7 63 56 87 39
26 3 37 25 100 79 91 39 90 70 99 18 96 92 86 21 48 11 35 36 42 12 91 39 65 75 17 57 88 99 13 78 98 54 31 58 25 54 27 44 75 64 11 16 56 83 50 1 50 74 72 35 18 60 27 33 5 55 8 23 98 58 69 95 94 92 64 75 86 91 29 55 85 88 43 46 55 41 71 50
23 20 36 4 41 10 21 24 19 15 30 60 62 5 99 61 20 51 87 12 87 93 14 3 26 37 26 86 32 63 73 11 100 81 74 5 51 25 4 42 99 26 66 48 93 13 48 24 14 66 58 82 76 90 1 99 7 78 95 84 87 41 57 26 21 58 16 35 77 61 93 60 93 23 60 31 37 3 19 51
47 88 52 12 20 74 21 22 10 54 68 18 68 14 87 8 68 90 35 55 7 3 2 40 60 94 65 55 13 89 33 68 49 96 42 38 48 21 65 44 25 96 41 3 16 70 96 88 75 47 35 26 12 18 59 21 50 9 61 58 44 92 9 34 90 86 80 38 65 30 63 60 59 79 75 23 39 36 100 27
12 60 22 68 94 48 24 45 85 82 9 3 92 86 56 33 44 88 9 83 5 6 65 68 54 14 64 86 47 59 12 61 10 97 91 1 100 30 13 24 9 88 64 28 50 79 22 55 80 61 24 43 33 39 63 74 36 43 15 48 25 33 19 91 48 62 98 77 14 98 65 2 40 93 94 46 27 86 100 52
22 89 45 51 68 16 49 35 15 42 63 68 80 2 23 12 42 53 72 77 15 64 88 53 81 60 30 83 86 21 48 40 26 27 61 45 77 45 75 8 52 34 75 50 57 15 48 25 19 65 83 79 85 66 27 8 19 1 63 77 29 16 5 21 94 84 2 29 22 19 71 93 65 49 64 24 14 29 28 87
5 66 21 14 17 86 30 67 88 63 66 27 10 21 70 96 23 28 29 95 78 8 36 21 1 90 34 8 70 27 72 14 52 45 32 17 38 13 70 91 88 31 41 17 93 54 23 48 51 23 5 14 93 54 51 94 19 19 22 67 36 48 39 46 50 14 38 19 60 31 98 64 97 60 68 84 68 1 11 24
7 78 66 18 76 22 16 40 45 97 14 58 69 16 44 49 11 34 50 17 75 81 68 19 25 78 11 81 94 40 58 99 65 4 5 70 58 3 96 82 40 26 17 86 69 37 68 38 8 6 99 48 33 49 93 21 66 65 91 39 59 57 10 58 68 16 2 58 40 95 96 87 31 17 28 10 39 79 40 5
33 12 7 45 98 88 84 12 99 39 13 74 1 79 41 97 17 43 79 69 92 58 24 12 68 88 82 25 12 6 29 83 61 89 27 72 46 91 5 80 90 74 49 29 27 35 82 39 53 10 54 95 21 24 13 27 24 33 19 58 28 99 11 8 12 38 29 34 83 4 34 76 9 91 31 35 100 1 56 93
65 23 76 1 67 91 31 21 32 56 52 43 75 60 76 48 98 54 16 76 53 85 47 39 53 26 81 96 76 3 38 49 25 73 85 57 75 43 76 51 60 12 86 91 57 7 48 91 97 48 90 70 86 29 100 90 33 9 38 31 27 50 62 37 92 6 8 33 72 12 24 75 98 70 36 29 28 58 48 60
91 25 10 88 60 30 68 38 91 70 36 39 30 88 87 96 7 74 34 56 55 27 7 80 81 27 60 59 5 41 49 16 18 27 51 19 86 21 29 17 58 95 20 93 88 92 24 29 90 2 19 77 28 40 16 50 1 15 88 54 28 57 18 41 95 38 14 8 77 35 4 81 47 76 92 75 40 56 19 18
86 34 64 67 2 15 52 17 36 96 22 92 93 85 36 14 70 68 21 61 58 1 43 98 12 16 22 8 43 78 28 53 10 25 87 1 49 66 50 38 99 26 42 94 25 77 68 53 93 61 94 62 88 93 27 32 41 46 17 72 5 82 89 23 6 31 94 37 54 9 62 18 38 93 41 25 88 40 35 31
80 7 40 92 35 9 83 87 36 13 6 98 36 86 56 4 68 46 92 57 94 33 16 43 53 92 97 76 16 23 39 5 67 35 49 74 62 55 24 51 85 12 1 64 58 100 17 42 25 48 10 76 13 81 68 44 95 74 50 82 37 31 45 81 76 12 96 10 9 99 56 84 84 11 6 7 31 97 14 11
34 48 40 10 86 58 91 37 15 14 21 74 68 43 92 57 65 14 95 21 89 25 36 52 47 80 93 18 9 63 4 90 22 3 83 94 61 73 48 18 95 70 77 68 81 92 41 2 72 95 55 91 26 16 18 11 80 86 19 43 63 22 28 82 86 100 63 6 8 67 68 41 61 2 28 46 57 100 19 52
89 25 33 56 33 45 81 44 86 5 81 23 69 67 65 55 26 1 20 22 50 40 3 22 10 87 66 21 28 75 42 72 5 48 80 55 9 16 41 16 65 23 54 45 81 84 88 3 22 72 2 54 52 7 22 80 8 23 94 8 95 64 90 92 1 13 48 82 96 68 7 21 69 28 30 29 65 42 43 32
19 39 2 9 36 7 2 20 41 98 89 26 69 41 60 96 37 18 89 64 62 13 8 22 51 37 22 52 96 92 72 47 58 48 94 43 52 46 38 14 61 63 40 86 76 78 84 1 59 76 2 39 24 73 26 84 22 56 70 32 27 44 98 76 11 40 16 18 65 54 43 18 62 60 88 48 3 53 65 86
1 78 13 30 72 48 35 84 49 60 85 100 95 5 78 80 52 89 37 81 28 77 66 100 65 80 76 19 62 80 77 47 27 37 28 74 87 85 10 64 65 29 9 15 1 33 25 85 12 35 32 16 94 69 84 67 37 90 86 48 29 76 40 80 37 2 45 5 76 43 7 81 95 18 26 29 42 70 33 90
49 82 32 56 38 19 98 83 10 59 8 96 37 86 81 62 93 7 31 17 53 14 5 52 72 35 77 5 79 75 41 68 89 96 31 57 28 27 34 6 33 30 64 47 43 88 33 29 40 86 81 58 92 38 64 10 67 6 28 11 52 76 32 17 66 93 92 80 58 24 31 62 22 11 12 94 82 52 81 19
6 50 88 79 48 91 31 14 19 56 24 93 53 89 27 73 19 81 68 57 36 76 63 24 64 60 11 15 11 63 71 45 87 78 84 39 54 33 49 76 88 19 3 59 51 65 55 51 21 11 29 72 30 67 79 9 39 93 78 19 71 95 10 5 64 55 28 6 65 51 6 26 14 15 27 97 1 48 85 66
14 48 55 97 47 85 8 5 55 10 28 88 56 25 49 56 87 17 2 61 5 53 24 35 20 79 11 41 9 97 51 19 7 71 98 61 98 74 25 89 71 27 17 49 40 90 62 81 1 15 82 99 50 38 5 96 27 2 31 47 95 25 91 68 76 10 92 94 64 46 10 79 80 74 63 81 41 62 100 35
22 79 1 39 33 23 5 49 12 85 67 7 76 71 89 33 75 16 46 81 11 5 41 11 34 76 13 69 10 12 59 29 86 29 1 3 80 24 89 16 67 4 22 99 98 2 23 100 100 80 66 36 74 16 96 29 5 92 68 57 35 14 94 48 20 74 66 13 15 13 53 42 76 5 55 62 25 43 62 20
15 55 88 97 89 29 22 47 42 68 62 14 72 31 5 44 6 55 44 66 47 53 88 26 74 54 38 75 27 38 48 1 5 77 62 6 87 10 18 63 4 77 43 54 65 19 23 86 51 5 90 8 63 61 60 40 5 55 51 12 57 10 49 64 47 11 77 29 91 25 73 59 24 33 68 39 85 39 1 51
66 14 96 8 63 15 38 43 18 14 66 21 20 100 15 97 83 21 64 86 44 6 71 83 54 23 76 58 68 61 24 95 29 59 64 81 85 84 91 60 15 87 96 31 27 57 50 35 36 67 5 52 43 37 83 78 60 19 84 72 82 66 99 78 96 95 93 65 75 52 19 92 25 63 28 22 7 22 18 87
18 94 91 61 22 42 64 77 42 25 1 3 7 71 31 24 24 85 100 11 37 84 5 66 16 91 42 64 29 73 8 40 97 89 89 20 78 99 3 9 43 2 26 6 50 90 71 40 12 61 83 43 94 5 40 51 42 21 44 9 10 31 43 74 49 18 24 18 49 34 30 64 52 61 57 17 36 57 92 46
22 39 95 46 53 16 38 72 21 70 58 18 77 68 57 42 88 5 65 85 43 69 61 89 80 58 62 32 91 38 26 99 10 44 19 24 53 68 70 70 18 5 12 1 8 27 47 9 56 95 61 58 32 97 81 34 56 11 10 26 30 34 46 88 76 57 61 12 87 5 63 58 97 36 97 25 78 86 64 18
66 80 85 45 10 18 3 58 21 29 99 55 49 23 25 92 88 32 3 25 1 43 16 4 57 59 13 34 74 18 13 45 38 10 34 6 83 36 20 10 71 24 73 43 14 59 23 84 40 18 94 68 1 96 17 97 88 85 38 7 28 79 8 80 11 63 16 42 3 18 30 37 10 14 34 12 21 31 56 11
23 59 58 23 2 20 95 15 21 88 75 93 41 94 19 22 39 56 49 50 44 85 23 15 84 84 54 47 23 46 3 95 82 82 44 74 69 13 3 89 77 27 15 62 85 81 98 88 30 47 95 6 35 38 21 63 52 24 61 88 51 8 45 46 51 34 58 80 92 34 65 40 58 14 95 85 14 26 48 94
20 21 13 53 55 58 95 89 49 58 24 57 95 36 85 15 68 14 43 92 40 21 94 100 59 21 72 99 86 62 52 34 63 21 67 25 14 54 62 6 66 75 57 13 89 69 6 73 23 18 19 26 77 40 97 43 29 10 44 24 94 97 34 81 69 1 29 78 63 97 55 37 62 61 88 19 50 23 2 50
11 98 23 31 19 8 74 54 19 37 39 9 29 74 82 11 38 44 33 25 64 21 13 46 100 38 57 90 64 72 28 83 19 84 28 67 14 36 18 79 79 61 23 64 2 99 28 2 91 76 33 35 54 63 24 22 38 64 78 1 43 47 100 65 77 32 100 47 83 88 87 85 38 35 85 65 12 41 89 32
74 67 33 47 9 56 28 25 85 41 57 59 47 5 43 60 92 7 19 91 11 18 30 30 76 40 78 90 17 9 80 44 43 4 89 68 70 86 95 14 82 80 5 55 59 47 9 95 81 76 30 17 19 6 23 40 70 37 55 45 87 58 10 37 95 4 75 100 33 4 34 25 64 79 63 45 97 13 9 48
2 65 10 56 78 35 25 26 16 33 60 89 85 77 62 24 11 76 69 44 26 92 93 35 53 98 70 27 27 13 14 20 74 64 93 30 61 92 80 83 31 93 21 57 34 36 47 14 87 74 95 98 95 16 33 61 52 27 32 22 76 67 99 19 35 73 21 30 61 6 73 72 86 78 76 24 53 65 32 86
83 89 41 67 93 13 10 15 9 40 17 60 58 62 84 68 5 83 67 25 9 97 96 58 98 100 99 87 26 30 99 75 4 14 68 87 56 30 91 47 3 15 85 80 53 77 83 84 93 5 24 88 51 10 73 7 31 98 74 91 12 88 33 98 57 37 85 12 50 89 54 68 88 67 41 52 19 73 58 7
69 49 58 89 24 71 95 39 76 3 3 30 74 77 50 75 25 19 99 23 26 38 69 38 57 76 15 18 74 76 85 11 26 91 43 13 95 91 77 41 31 66 31 15 4 36 42 11 7 49 77 35 65 5 50 71 92 71 44 66 51 34 31 55 10 61 85 33 90 28 100 24 58 64 46 16 35 34 2 55
80 77 26 1 37 9 31 41 77 89 99 94 84 99 14 85 56 94 82 8 90 65 88 16 77 89 33 26 83 47 80 48 82 54 55 19 100 85 99 38 100 54 99 69 1 15 12 38 53 66 99 36 17 91 30 74 89 62 22 36 10 56 91 16 87 92 63 84 10 35 49 3 75 75 25 82 36 72 5 73
27 7 2 76 57 64 64 63 57 21 21 27 32 4 69 10 18 23 98 82 17 5 51 26 36 61 4 5 8 63 1 36 96 29 94 32 2 95 21 15 93 91 82 85 47 42 19 94 26 36 84 66 45 33 7 38 22 16 53 4 78 21 37 70 46 27 95 79 69 32 100 4 68 54 89 46 57 30 77 45
79 14 20 96 48 99 10 23 43 89 3 75 67 61 62 15 71 15 53 90 34 78 50 3 52 59 68 57 17 2 75 19 21 72 23 57 91 34 95 27 88 8 50 22 52 96 57 44 55 60 83 93 15 45 89 90 79 55 75 89 95 42 20 36 89 34 83 91 4 38 59 69 5 65 94 61 37 80 72 98
18 28 55 20 92 29 1 100 78 52 66 56 73 52 91 21 5 95 71 56 53 24 81 68 24 40 62 52 23 64 67 82 88 99 5 22 16 80 58 77 13 94 62 25 100 27 26 55 73 57 100 70 50 35 8 22 42 87 30 1 78 47 71 32 4 39 53 44 84 50 98 44 67 58 33 14 68 32 99 90
67 53 12 52 83 99 30 99 32 24 81 53 50 91 81 80 37 90 91 24 46 70 36 49 37 70 56 70 25 62 10 73 64 27 66 27 53 81 23 77 91 10 25 82 1 1 60 90 62 22 4 99 35 37 16 27 53 91 57 55 58 46 23 21 73 98 91 35 55 18 90 35 56 38 67 21 100 23 20 86
39 63 74 25 24 71 77 94 86 51 86 47 78 6 9 53 13 80 45 59 45 83 71 48 56 78 10 94 75 66 66 45 75 59 87 66 74 22 50 89 80 6 42 48 47 72 85 84 24 17 71 68 95 46 59 85 8 54 81 15 70 64 74 64 86 83 66 89 63 69 33 10 73 62 46 93 54 68 29 17
14 26 63 19 82 7 79 7 17 38 48 77 43 73 10 22 98 60 30 68 30 41 43 18 58 14 52 32 64 68 14 42 83 10 36 86 17 12 6 21 72 29 20 66 37 61 67 50 37 96 84 91 66 29 38 90 25 13 28 81 28 63 20 42 20 98 57 64 43 6 93 40 66 44 51 48 13 70 58 17
72 81 52 79 12 97 79 98 15 59 62 9 30 45 21 92 68 55 23 97 45 34 54 49 2 61 46 45 66 7 64 14 90 42 28 77 45 35 93 29 49 32 27 78 48 35 84 56 38 33 77 29 32 24 34 4 68 92 13 100 24 97 71 1 23 5 65 40 39 37 33 35 86 26 66 29 24 48 38 97
69 10 59 22 14 44 50 60 32 91 99 55 77 22 42 89 94 13 31 42 96 51 2 63 20 31 90 86 56 33 14 47 41 9 8 12 95 85 26 55 44 100 71 64 61 67 79 13 72 59 44 68 95 21 97 10 9 49 72 77 15 14 4 16 39 66 33 44 30 85 93 97 34 21 28 25 68 41 14 60
77 96 83 64 29 58 23 29 46 92 18 89 75 64 97 85 90 50 96 4 6 90 69 44 15 32 19 85 90 14 52 56 32 77 92 14 54 67 100 51 67 72 63 53 8 93 82 45 73 74 31 50 74 77 92 65 70 34 58 23 85 56 67 97 79 1 84 72 47 61 7 65 53 26 96 89 1 68 31 75
51 32 48 78 86 77 45 72 54 78 73 99 39 30 23 75 91 45 28 57 84 92 68 40 38 27 98 34 63 24 69 17 87 58 38 53 72 69 15 8 23 94 47 17 99 39 75 30 24 93 39 41 38 1 48 81 80 33 100 90 37 17 79 88 8 80 77 40 43 91 67 80 64 80 95 15 44 13 50 35
68 28 92 64 53 17 98 7 90 87 28 83 58 44 60 17 16 83 50 70 40 43 69 68 70 45 26 88 71 50 29 8 56 35 7 43 96 42 45 69 54 66 72 1 48 25 8 64 43 34 9 74 30 14 38 78 23 22 26 1 92 67 87 87 92 10 23 17 16 38 48 52 3 78 84 89 2 59 71 54
84 50 77 42 6 86 58 58 24 27 68 36 64 54 33 43 15 56 34 56 68 18 20 12 74 78 62 17 81 49 63 27 92 58 11 5 56 9 99 68 76 91 69 19 56 69 63 69 71 70 65 44 63 9 76 2 39 31 88 35 69 57 65 48 94 41 99 20 87 4 80 2 56 100 33 74 5 56 84 97
40 95 60 1 60 74 80 5 17 58 34 16 18 19 79 43 76 43 33 4 77 22 75 71 15 94 50 35 8 90 13 92 17 56 71 8 21 97 50 20 25 24 100 11 41 29 4 37 12 20 6 51 94 96 95 33 76 91 3 56 7 29 73 64 72 42 60 25 40 5 23 9 79 93 85 100 50 53 21 60
80 85 86 19 65 62 35 93 24 46 83 52 2 16 7 80 33 44 59 1 3 71 11 40 29 25 33 25 36 35 85 60 13 49 48 43 28 55 47 57 26 13 58 61 91 90 90 9 100 18 100 53 43 97 40 54 41 30 26 7 87 72 13 84 54 26 28 98 5 33 16 45 13 68 63 69 56 22 64 35
15 67 54 47 80 49 50 8 67 14 48 95 28 28 25 68 44 7 32 17 55 82 64 79 80 94 74 7 86 69 6 23 11 95 93 24 63 92 26 13 6 30 17 93 96 98 53 68 82 66 88 32 9 95 16 6 94 76 2 50 36 54 70 38 10 47 25 89 71 36 18 27 57 19 32 45 28 61 58 31
40 65 50 77 34 48 41 35 66 63 53 53 54 24 76 58 30 81 15 27 78 28 9 19 42 1 58 40 33 44 39 88 43 65 17 57 93 54 8 43 42 14 47 93 18 65 92 69 45 56 100 81 67 2 23 28 96 24 5 66 71 17 21 41 37 4 47 31 82 22 22 12 91 82 71 100 73 20 50 19
2 49 51 5 4 96 69 52 93 24 41 48 13 69 13 33 27 71 94 1 5 3 42 14 17 63 60 57 5 16 86 85 3 4 63 24 78 89 41 94 53 10 50 78 39 44 22 44 15 33 50 5 59 27 93 92 79 69 99 5 69 93 5 40 52 51 34 50 5 48 3 81 23 72 54 32 26 53 58 91
73 61 88 19 24 13 22 64 48 44 46 86 16 10 52 38 96 64 77 41 48 89 84 97 86 55 72 37 58 23 72 22 29 54 99 86 14 70 30 17 24 3 37 55 9 86 95 61 98 35 28 42 87 11 29 92 95 54 84 30 78 92 66 25 65 36 89 35 50 9 47 57 73 85 68 33 60 70 35 54
55 27 27 65 81 8 76 80 92 69 84 14 3 47 15 96 5 76 9 84 97 97 5 69 57 19 75 32 67 74 26 24 100 53 66 35 89 69 74 63 39 92 81 28 64 2 36 43 88 1 14 84 90 72 72 48 6 85 99 42 36 66 77 45 70 14 56 99 51 15 60 37 77 86 70 80 3 38 97 69
89 29 4 55 23 50 62 41 28 64 4 93 8 28 23 34 20 68 30 21 55 59 95 59 13 67 81 24 99 2 32 92 21 1 66 81 56 77 66 39 73 12 7 5 54 53 4 85 39 70 63 23 27 85 11 39 78 44 31 26 99 29 89 40 71 59 9 83 61 50 26 19 6 10 36 42 98 39 56 88
64 74 36 79 94 28 48 49 80 71 91 55 93 58 94 13 35 35 26 65 96 40 12 82 96 41 23 28 45 56 38 43 92 82 6 71 47 76 65 35 71 77 78 62 65 99 73 56 77 49 64 74 20 21 70 14 35 3 54 75 89 29 92 8 70 61 23 45 60 52 76 91 20 34 31 82 78 21 65 95
51 97 44 59 90 6 83 17 27 4 71 54 63 38 92 3 4 40 71 55 33 53 58 33 66 86 87 90 41 47 94 91 14 68 81 20 48 86 38 6 44 98 22 32 70 21 18 54 78 95 85 1 9 11 74 35 79 48 1 15 46 49 64 11 56 38 46 57 62 59 24 47 53 55 59 84 70 49 2 12
73 97 39 32 49 44 18 80 15 95 28 83 35 93 21 51 15 8 32 79 44 75 46 17 30 93 43 20 13 51 70 10 56 6 96 40 17 7 16 39 43 89 43 29 16 11 52 49 68 44 91 76 41 52 66 40 34 85 78 43 84 56 64 92 66 48 75 6 40 76 36 47 78 23 45 15 41 27 14 63
14 91 69 52 75 31 20 7 30 86 16 81 26 36 66 90 19 42 100 65 21 19 49 64 66 90 94 95 69 58 49 73 89 81 97 100 47 62 93 92 92 33 99 22 3 40 5 2 31 87 96 13 29 85 44 76 86 6 42 82 95 81 41 66 41 52 36 67 70 91 23 17 47 54 38 98 81 100 29 7
49 60 58 35 92 45 24 2 24 33 26 61 48 100 30 44 12 63 6 100 90 75 46 66 100 36 34 53 87 35 51 2 63 71 27 43 19 99 36 34 39 84 17 58 11 30 58 59 33 54 49 81 19 41 67 4 62 14 51 68 40 29 67 46 67 23 99 24 72 7 7 48 64 17 60 65 55 51 77 50
72 27 32 18 25 52 30 12 16 5 52 22 15 48 45 72 27 29 54 60 96 58 30 78 68 26 11 98 16 52 35 73 40 96 32 54 53 28 14 89 50 68 41 1 16 95 51 60 62 99 74 69 71 75 31 63 31 66 36 15 31 78 38 65 78 26 92 2 72 85 93 23 46 59 9 31 82 97 41 20
99 98 6 96 74 32 100 91 24 7 27 93 48 80 74 44 97 2 29 2 94 52 68 24 54 9 89 42 78 70 10 76 72 64 74 21 37 52 56 36 96 93 34 22 88 9 5 21 98 47 55 49 83 87 27 2 94 43 45 34 68 59 26 36 37 56 95 59 70 94 16 30 39 88 55 22 4 72 42 40
37 51 85 93 50 24 13 92 67 63 37 34 28 23 95 16 75 19 59 74 47 34 76 54 64 7 41 81 9 82 8 59 27 90 59 60 68 35 26 13 14 18 18 76 60 12 96 86 73 13 39 82 82 80 42 41 85 62 3 98 14 10 10 36 56 85 55 92 16 29 81 5 59 60 68 82 66 6 49 27
29 71 56 38 3 7 37 21 55 71 94 54 14 86 65 63 46 8 14 79 59 16 14 18 98 80 87 36 35 22 29 50 65 18 79 48 31 28 41 17 43 21 60 44 55 93 46 46 55 99 76 84 60 68 32 17 92 43 98 4 89 39 27 95 70 81 90 29 55 55 78 78 31 64 14 36 96 51 78 50
16 71 94 6 20 96 29 51 30 5 46 18 89 55 40 85 79 36 71 84 53 35 99 37 31 31 85 25 4 54 30 2 11 19 77 14 11 30 44 97 56 45 97 39 92 87 30 84 10 64 4 5 25 54 42 20 24 98 87 11 54 68 21 67 37 88 33 91 50 20 39 55 80 82 60 100 58 21 24 90
98 15 95 38 67 8 77 53 75 45 86 75 96 52 40 57 22 15 99 57 49 81 72 53 94 13 15 66 56 94 87 94 8 24 13 57 85 33 18 90 21 12 54 36 75 78 42 61 91 63 98 52 15 38 23 22 30 24 73 55 24 94 42 36 54 6 86 89 58 52 76 29 73 13 54 82 17 33 62 88
61 93 71 72 68 91 1 25 8 29 60 12 18 70 1 2 77 14 49 84 40 92 77 50 33 98 72 53 75 38 20 8 17 78 89 56 45 58 7 79 47 32 40 99 13 87 76 43 100 25 19 52 15 69 55 100 22 30 93 49 20 48 96 66 33 83 57 71 48 56 74 88 90 74 12 85 46 85 22 49
88 67 58 48 44 37 11 14 23 20 17 60 36 59 19 92 5 24 24 59 63 10 11 13 98 94 64 27 94 20 45 7 80 96 27 46 37 12 46 67 44 93 16 69 88 21 89 54 72 12 97 21 87 36 26 37 15 53 10 72 9 34 83 5 32 18 21 42 16 99 98 89 36 59 81 60 99 87 53 81
44 78 35 91 35 2 15 85 53 55 35 98 42 39 75 33 85 68 49 53 83 21 34 42 78 70 65 42 21 10 47 38 83 71 59 84 47 81 82 82 98 9 80 73 30 26 53 52 83 51 69 95 59 51 71 87 9 52 63 96 72 61 70 88 28 28 53 4 40 66 68 100 91 91 43 72 20 91 67 38
86 58 47 72 5 91 2 52 20 26 45 38 93 29 18 21 61 80 64 73 54 87 90 25 37 58 28 83 90 35 26 79 60 64 38 77 84 76 99 59 81 1 40 45 100 73 27 90 83 46 89 16 67 53 52 57 77 11 55 51 16 26 89 30 5 43 29 64 64 37 63 70 4 20 27 96 95 35 72 7
90 66 87 46 17 2 85 88 80 4 58 27 70 31 74 51 32 51 75 93 36 96 70 62 60 34 46 23 11 99 56 48 39 11 6 46 52 83 2 14 38 15 23 65 27 82 61 12 92 95 23 55 6 72 82 43 100 27 65 51 73 82 26 16 99 50 56 24 38 98 16 76 26 8 1 95 9 28 89 58
54 6 49 4 34 24 73 6 17 24 13 97 88 37 90 53 36 6 47 20 90 25 93 74 100 87 9 74 47 6 99 46 70 7 44 81 29 23 17 8 67 90 4 64 87 76 41 79 74 33 31 4 73 12 65 22 79 51 92 95 26 63 60 8 20 89 90 28 67 65 14 57 7 19 31 39 74 95 64 54
61 82 17 43 26 43 80 23 34 40 60 14 91 12 49 35 100 39 48 91 16 63 40 61 59 7 28 61 77 79 59 89 30 40 50 4 54 27 13 75 99 95 8 54 43 40 69 2 42 25 39 1 79 63 61 95 53 88 75 74 52 3 71 42 17 12 26 28 57 22 73 58 90 68 88 59 50 47 42 42
24 93 11 12 86 31 38 31 32 82 22 24 88 32 10 40 31 97 57 66 84 90 19 92 73 34 89 1 55 14 21 46 87 15 92 71 75 1 64 97 66 60 61 46 26 43 21 1 36 10 81 75 85 63 82 36 65 23 29 15 46 90 22 59 79 66 63 7 53 58 62 96 6 99 19 20 29 87 39 85
67 48 52 34 89 47 82 90 54 61 30 62 3 23 26 57 23 41 80 97 87 85 59 85 85 96 84 85 35 91 89 1 84 45 68 86 60 18 34 38 27 48 98 3 65 34 69 10 62 54 100 88 27 20 64 82 33 93 94 68 96 46 43 36 73 58 6 7 39 49 59 94 43 84 14 32 62 27 60 36
21 67 17 1 19 100 13 56 12 74 67 94 45 70 95 8 60 56 43 22 31 33 44 9 28 48 21 4 33 25 93 22 45 54 19 67 59 43 6 11 22 42 53 18 20 66 9 46 32 80 52 15 70 93 10 17 93 7 89 40 42 100 54 69 92 87 18 92 65 99 53 75 8 73 8 88 91 73 74 67
42 70 92 85 29 84 5 6 94 63 77 66 9 44 29 79 96 92 9 19 41 61 32 5 80 100 91 41 83 60 66 22 3 6 36 94 38 76 27 93 18 60 74 47 20 60 14 1 8 28 42 55 92 35 9 16 25 68 34 7 91 89 12 35 67 11 12 98 62 88 14 14 5 74 72 59 64 48 46 56
54 40 28 77 20 11 43 76 40 38 42 98 22 8 22 13 6 90 89 47 28 7 6 97 26 67 10 3 72 5 27 8 25 100 54 49 4 37 16 10 20 46 85 11 85 83 58 60 49 70 22 20 49 7 70 47 77 94 41 22 90 76 3 71 79 36 47 76 26 1 47 18 18 4 67 1 84 3 22 47
31 36 4 27 64 63 97 13 92 39 52 57 53 27 94 43 30 38 59 42 56 1 80 81 35 48 32 67 57 14 85 2 68 96 38 27 3 67 68 54 54 28 48 95 15 42 37 38 25 45 39 98 30 26 76 92 4 60 60 42 20 50 45 9 94 97 6 82 79 74 53 94 7 8 75 81 77 48 58 89
21 6 57 65 84 57 26 87 69 45 10 90 33 87 40 5 30 37 48 54 46 36 39 90 58 63 65 1 17 16 96 6 57 81 91 19 44 55 44 57 32 86 64 65 58 83 5 9 14 10 93 56 48 98 52 20 29 38 49 80 5 86 59 62 13 40 94 45 49 76 51 81 72 18 38 4 34 41 92 11
97 9 2 76 27 62 68 41 30 12 26 70 28 27 87 84 40 67 94 59 85 27 82 17 77 3 50 55 86 3 64 95 68 41 15 6 47 90 28 32 43 77 74 18 40 55 81 98 54 14 28 53 10 93 14 96 6 48 82 64 50 5 8 83 56 8 72 66 77 34 12 79 28 28 85 71 56 96 27 69
69 11 53 71 75 30 12 27 72 18 44 60 85 62 8 9 19 14 20 99 59 22 29 58 33 90 96 49 46 10 55 27 11 21 30 61 41 29 54 27 6 6 99 21 14 37 10 19 34 87 63 91 96 63 38 34 49 80 34 13 67 14 64 86 4 1 9 47 24 96 94 4 34 39 62 85 16 29 91 43
72 34 67 1 72 96 76 51 65 49 49 71 93 74 77 21 40 100 30 62 44 33 98 24 30 81 19 53 43 63 38 21 30 75 84 96 7 100 60 56 10 37 17 46 5 39 94 9 82 57 71 73 92 3 14 58 80 48 44 9 24 60 72 46 30 82 86 71 79 33 97 47 62 27 18 89 53 35 64 38
47 58 95 99 83 98 78 20 39 30 84 98 30 74 75 100 75 50 24 44 72 54 71 18 49 39 65 46 70 27 5 16 93 96 12 30 99 4 51 56 25 87 13 25 57 90 56 89 8 87 38 90 27 34 57 27 85 22 54 17 38 38 7 13 28 98 23 85 16 46 98 89 77 75 12 50 50 16 69 88
7 70 15 96 50 78 7 55 36 96 91 84 59 65 61 60 97 41 52 15 41 61 50 83 60 46 46 88 45 58 76 48 92 20 70 67 64 81 39 35 20 77 58 68 94 85 45 57 82 62 31 82 18 79 64 65 11 31 91 28 62 15 77 83 81 68 14 88 58 59 28 45 56 54 24 1 19 18 18 52
72 52 2 52 78 16 32 33 15 44 26 44 31 96 22 42 66 46 96 60 87 35 48 66 20 5 92 52 15 85 98 48 66 17 82 87 25 74 5 33 3 49 63 84 29 99 36 9 63 85 98 13 12 38 68 27 1 89 95 78 27 17 26 23 83 63 94 21 1 11 98 32 4 70 22 62 100 78 35 78
62 9 53 52 66 93 44 98 24 7 43 51 75 27 58 42 14 65 81 68 30 100 27 20 88 34 59 34 87 33 4 11 1 49 78 87 67 57 19 100 54 56 88 47 55 88 41 42 93 38 43 49 14 25 59 50 60 12 82 49 51 64 33 59 41 58 32 80 36 66 81 44 25 54 2 7 69 41 5 93
36 75 10 83 54 15 75 72 51 92 22 62 55 62 39 28 40 46 13 85 77 17 14 68 75 45 20 55 62 34 66 75 10 62 40 67 5 24 60 77 93 24 35 5 35 91 57 63 18 52 96 11 39 51 76 44 13 70 61 18 88 78 25 64 19 92 75 36 100 49 25 63 10 54 92 75 23 52 2 39
23 70 15 87 94 76 72 25 46 58 82 2 54 91 6 12 52 38 87 40 53 54 64 18 84 97 66 16 39 21 93 47 57 30 35 97 95 38 23 82 86 97 64 36 44 42 58 94 19 44 2 37 26 92 53 71 50 72 93 23 82 44 39 9 50 12 24 86 28 59 34 52 37 15 28 63 50 89 73 14
90 84 13 33 26 53 30 27 8 48 33 96 64 100 8 9 86 91 71 40 14 22 95 71 73 60 45 85 68 84 23 75 61 74 60 40 75 23 39 17 15 56 11 65 18 67 7 99 83 31 76 59 99 74 30 92 92 28 72 64 63 21 97 56 38 34 3 83 31 6 72 80 80 13 33 62 87 37 86 97
42 81 43 38 49 2 98 66 23 45 36 72 6 43 92 85 82 97 34 15 47 88 35 64 96 10 90 62 57 41 58 87 85 42 16 83 85 13 49 7 15 29 54 57 17 25 85 47 93 83 63 23 68 14 33 73 50 85 61 35 89 52 11 20 14 66 8 28 27 94 40 73 58 69 7 61 9 51 55 41
94 94 83 67 26 15 72 58 26 29 90 51 7 50 32 84 29 8 92 56 20 56 53 65 34 19 27 6 61 17 52 57 12 20 57 72 100 100 38 12 85 81 30 28 98 53 41 20 54 40 62 1 92 28 44 58 14 7 38 84 32 11 50 37 4 54 23 10 65 70 46 57 8 10 26 23 79 22 84 7
99 24 22 32 21 67 97 2 45 32 80 83 64 50 54 70 10 28 75 20 55 62 30 4 20 60 3 46 11 65 12 65 9 27 17 46 85 26 2 57 6 5 43 11 44 13 91 43 70 69 85 56 6 26 5 56 100 70 96 1 2 69 21 20 77 58 62 67 58 41 84 11 16 51 11 63 13 68 36 97
47 44 92 47 6 6 20 24 12 20 17 33 60 13 96 62 32 9 92 96 11 70 84 71 30 91 16 46 46 12 29 18 80 47 74 86 79 48 43 67 60 59 88 86 53 79 46 73 82 55 67 26 77 81 65 94 88 26 99 26 27 23 21 20 5 90 74 95 39 68 67 16 7 78 54 74 38 72 13 53
85 27 40 49 79 46 9 77 8 87 54 7 16 7 39 75 55 78 24 86 18 62 21 25 16 39 23 51 33 83 54 36 32 9 63 59 82 94 48 4 22 28 85 63 20 9 35 19 92 84 10 21 99 73 78 32 19 15 92 1 86 39 32 56 6 54 75 17 25 43 88 1 87 13 70 92 53 78 74 25
74 96 28 66 41 48 90 30 3 62 98 38 47 7 7 94 99 5 34 59 56 9 32 81 99 99 26 36 68 24 27 24 12 97 54 41 60 73 71 69 94 24 49 95 10 81 39 88 27 75 75 90 39 50 4 19 43 20 2 16 73 1 51 69 45 76 32 10 56 32 49 68 25 14 49 55 86 92 40 48
76 31 68 9 64 58 92 91 95 68 97 72 77 20 72 67 63 72 14 69 91 83 49 14 76 79 78 98 71 93 44 92 48 6 51 64 19 94 44 25 5 2 66 78 19 21 11 23 89 61 69 34 99 6 86 29 61 2 44 63 29 51 67 95 94 37 73 25 61 88 67 18 6 92 30 45 75 53 81 93
53 91 42 57 13 2 37 97 25 35 24 70 55 34 13 89 34 52 29 7 14 37 75 23 94 38 4 38 5 36 69 80 84 86 12 61 9 53 14 20 16 38 78 73 89 77 20 93 83 82 53 27 13 46 64 29 88 9 81 92 35 87 58 75 36 65 16 50 49 15 80 3 37 79 85 52 89 65 7 73
100 36 75 4 1 62 15 68 3 66 6 98 36 34 76 26 98 51 77 87 44 30 87 11 13 76 89 62 79 65 38 51 46 56 44 19 43 92 76 34 17 47 92 25 39 74 68 67 21 58 57 76 47 91 72 77 85 23 39 98 42 61 1 5 1 97 48 21 84 78 39 85 27 75 30 47 82 28 22 64
31 24 91 90 13 39 28 65 93 92 2 58 8 20 90 31 5 90 100 70 37 29 41 58 24 23 19 83 4 3 19 74 30 75 36 6 36 26 17 54 28 42 19 94 49 20 51 15 48 44 89 51 84 79 53 54 66 75 20 5 44 53 21 71 45 57 24 13 46 8 37 45 61 78 2 66 82 52 58 53
27 73 24 30 40 100 7 27 91 49 5 56 56 84 100 75 43 80 6 34 26 20 82 74 32 79 21 1 24 95 95 45 71 1 15 16 42 85 52 90 20 4 36 64 33 78 29 26 29 41 61 67 83 83 84 33 8 91 50 55 95 71 28 9 30 15 57 32 80 14 2 10 37 13 8 78 35 22 60 1
77 42 88 65 13 95 42 97 69 52 7 37 4 56 20 84 63 80 82 77 49 7 34 41 34 40 50 85 16 17 69 16 24 31 57 97 5 18 23 55 97 28 98 7 98 54 71 44 14 24 8 23 35 88 26 95 57 37 17 64 84 9 42 8 22 39 85 78 62 83 10 1 100 81 15 100 21 45 65 19
74 30 50 25 3 66 88 37 77 21 64 19 98 70 67 24 96 20 50 84 1 81 81 83 83 65 83 65 61 59 48 30 90 29 18 80 1 84 87 78 7 81 50 95 72 48 82 80 88 8 30 45 55 56 8 99 79 85 100 8 69 62 31 91 33 25 62 47 47 48 72 31 17 63 76 30 88 19 8 15
37 16 70 31 34 77 98 54 79 82 30 26 20 58 58 90 66 5 51 55 6 9 46 27 95 90 64 7 93 74 36 63 29 45 73 86 97 37 13 48 52 24 87 92 70 24 88 51 50 5 4 78 70 63 18 83 87 40 35 39 48 93 6 68 65 58 30 26 27 84 67 13 95 64 79 17 83 7 68 97
5 3 74 93 49 63 79 73 48 15 1 77 41 22 16 43 83 72 21 64 63 74 68 77 38 26 87 38 31 23 37 55 29 93 100 60 46 89 71 90 84 71 26 33 74 99 35 48 82 35 19 98 54 82 87 24 26 4 53 68 68 58 77 20 53 74 40 66 19 58 95 28 88 44 33 27 72 92 30 24
100 94 19 57 64 9 2 33 8 72 34 27 66 34 25 25 90 37 27 42 83 13 43 74 38 43 91 81 19 34 94 76 25 14 32 94 24 70 66 20 21 98 59 35 10 93 12 79 93 9 85 60 36 69 8 38 39 68 27 67 7 8 40 11 55 59 98 63 3 37 58 49 4 70 28 40 46 50 14 17
68 93 45 6 30 36 9 51 15 30 58 2 52 62 87 62 91 50 63 80 84 37 80 39 1 77 14 57 89 84 6 28 64 60 38 89 68 78 62 72 63 18 95 40 54 5 5 46 19 30 37 65 83 74 34 41 21 31 48 47 24 60 10 40 81 21 72 68 47 87 44 88 53 64 24 75 71 3 39 72
29 41 21 35 22 23 66 17 13 74 39 73 87 11 81 95 96 54 42 53 57 96 80 15 31 10 27 31 65 8 49 28 45 41 6 94 55 84 54 72 98 24 41 63 16 12 76 12 9 92 58 85 72 6 84 11 54 40 19 59 57 67 88 76 28 28 27 69 21 39 58 20 86 67 68 48 75 68 55 47
63 34 90 76 27 25 19 92 100 89 5 61 100 93 63 14 44 83 65 50 57 40 11 79 85 34 66 12 17 77 45 41 89 21 5 12 71 49 22 78 36 52 38 100 8 27 74 75 3 70 89 18 41 98 35 12 99 51 16 23 82 4 5 36 40 78 34 55 14 35 25 7 16 97 39 48 77 29 88 17
65 94 80 17 64 80 57 74 85 13 80 54 66 81 42 40 55 97 54 78 88 38 28 50 15 4 64 60 50 81 24 33 12 43 71 10 94 29 32 38 33 57 73 17 63 10 26 64 40 90 56 54 12 33 3 46 56 12 84 53 17 90 10 41 15 81 13 69 2 85 84 31 85 36 81 57 25 57 28 80
64 34 19 4 2 79 21 73 100 89 1 25 45 77 77 20 25 64 86 93 59 9 79 1 19 19 44 47 4 34 38 20 45 14 37 14 35 31 40 43 62 59 24 14 18 22 7 38 71 27 46 32 31 27 42 87 40 75 56 48 20 10 68 38 68 64 68 10 18 50 19 100 86 74 25 23 51 20 3 2
89 12 14 69 11 75 65 56 54 44 47 26 23 96 47 4 27 4 75 17 9 31 19 70 52 78 42 99 32 76 97 79 14 28 31 6 88 94 93 66 72 47 4 20 83 75 93 8 74 31 61 29 65 53 67 94 36 32 10 11 4 45 81 45 46 37 13 76 67 11 1 8 73 40 52 91 97 45 92 58
100 92 61 56 41 58 7 59 82 49 65 74 16 66 42 90 94 58 42 13 50 38 6 9 4 98 60 91 55 33 4 7 87 31 99 61 16 55 7 27 69 59 1 49 43 62 73 18 34 67 7 90 69 26 72 14 16 39 56 94 59 22 83 90 44 92 82 63 84 40 78 32 63 61 81 48 3 37 29 10
30 50 9 17 68 16 55 4 42 7 17 73 74 6 7 22 79 39 74 71 68 62 48 29 93 10 98 72 2 71 77 25 23 68 35 45 86 69 56 88 45 17 15 25 34 92 41 38 11 19 47 41 9 88 40 50 26 69 58 17 31 65 33 84 12 98 93 2 9 61 12 73 6 58 71 28 43 80 17 91
17 10 77 18 12 93 67 15 35 67 28 18 21 40 85 91 72 24 8 25 93 6 79 53 1 78 60 82 7 56 7 67 86 33 99 45 7 44 87 81 26 81 15 41 33 32 83 14 81 38 71 78 70 43 75 91 63 4 93 62 11 91 43 42 4 25 54 73 98 88 32 84 2 81 16 43 72 6 78 3
8 37 72 81 15 6 18 14 9 5 49 78 89 96 87 48 45 75 66 69 90 86 33 91 44 43 33 72 3 38 64 67 63 73 2 25 18 76 25 18 44 32 94 62 94 42 48 29 54 80 19 63 60 100 26 88 5 6 88 66 43 20 59 45 37 90 53 32 87 93 65 36 44 15 7 44 64 27 82 85
80 31 98 18 83 70 45 57 36 5 73 76 42 50 90 9 33 24 47 26 59 7 45 67 71 84 41 79 46 91 30 43 22 33 100 10 22 95 89 8 78 34 21 72 32 26 69 97 76 94 3 39 74 72 8 17 9 69 40 93 91 34 91 71 71 77 5 77 92 47 13 14 5 99 77 78 7 21 41 31
15 85 32 24 8 49 52 57 31 15 12 30 97 37 46 92 22 76 75 87 53 96 48 15 10 77 92 18 37 92 54 88 91 86 41 65 77 89 36 58 42 97 99 65 83 94 63 53 70 78 47 49 21 34 20 84 90 15 61 41 68 61 52 60 41 14 3 94 36 67 88 42 42 17 43 10 88 93 87 84
25 41 99 82 27 28 69 56 94 93 66 62 3 11 56 68 23 7 97 80 66 44 62 98 34 11 13 48 94 68 20 8 4 21 26 44 30 5 40 43 17 16 37 71 22 3 77 23 59 100 29 76 23 8 22 87 34 9 38 12 60 83 89 11 35 81 75 30 12 97 57 13 66 98 80 22 96 98 79 19
87 86 60 90 96 66 69 57 54 99 31 19 30 94 59 22 61 77 12 29 32 43 37 4 33 59 76 76 86 8 21 73 87 40 4 61 13 63 32 79 82 98 64 87 35 74 16 49 62 35 74 96 59 22 8 17 92 2 10 69 61 70 75 13 41 85 56 27 25 69 60 45 11 59 24 76 18 42 69 45
5 29 38 8 10 76 47 20 8 12 94 75 89 62 95 1 83 52 95 67 42 7 36 29 40 74 62 68 74 98 86 81 47 36 30 57 15 96 75 74 60 39 56 53 9 83 23 64 47 54 5 59 52 77 76 29 48 77 18 53 67 2 84 65 89 38 53 56 52 58 31 99 26 47 31 38 48 91 2 63
35 41 23 56 66 16 15 20 48 73 61 20 2 11 84 3 54 8 98 6 70 44 14 91 3 100 42 84 31 79 75 58 90 66 13 92 22 91 45 40 74 60 14 30 27 84 92 46 11 82 44 84 46 23 38 4 17 29 88 19 76 7 2 67 87 100 61 97 62 29 55 50 77 27 71 95 48 65 11 97
76 46 91 30 77 14 64 87 90 29 15 79 4 81 96 8 95 44 29 2 46 34 23 31 74 2 70 16 14 44 67 95 91 53 4 82 4 28 55 22 30 1 90 94 5 95 31 68 100 67 62 45 87 15 85 71 92 20 4 25 76 35 51 41 100 79 82 41 6 14 16 39 73 65 71 87 43 65 31 89
93 69 42 77 90 64 21 88 66 51 63 30 52 46 95 29 96 10 54 7 16 30 75 75 89 6 91 71 65 44 36 56 12 39 77 12 24 79 27 22 99 34 66 68 48 6 96 21 74 33 90 27 30 75 39 14 100 9 49 96 93 2 54 69 78 97 6 38 14 96 3 41 79 41 39 4 71 47 72 94
77 49 16 27 60 96 3 42 51 44 76 3 10 51 85 41 88 100 65 78 21 84 6 14 4 73 60 13 18 97 20 97 1 8 35 32 79 94 70 22 67 32 1 5 35 75 26 69 90 98 17 42 7 31 83 72 5 98 59 75 60 28 14 82 38 35 83 13 94 6 62 74 53 58 53 71 6 85 48 7
25 38 100 45 14 95 1 32 8 12 72 9 20 13 15 65 72 37 4 18 41 11 24 40 9 1 91 44 1 56 32 22 7 68 56 45 8 41 34 50 76 5 95 70 33 81 14 34 13 18 86 40 45 35 32 20 70 16 68 49 69 40 49 50 15 90 71 31 66 68 62 31 95 13 82 3 36 33 50 79
16 44 65 11 96 2 36 22 38 20 97 27 71 55 47 61 35 55 72 70 92 66 62 54 13 14 37 56 58 50 88 50 39 51 41 19 66 91 60 92 13 67 51 55 39 62 100 66 71 36 60 36 13 45 21 66 29 36 74 40 28 51 77 89 49 38 6 26 94 65 70 64 95 74 59 55 17 2 81 98
90 88 91 72 37 81 51 79 49 12 100 42 71 50 73 43 23 57 31 12 87 17 53 18 48 9 42 98 6 57 23 100 95 57 92 37 33 62 58 19 19 90 36 69 97 29 48 100 68 80 80 84 57 71 22 6 11 88 7 20 25 45 7 50 12 71 50 30 43 62 67 55 63 98 42 89 28 17 72 64
78 48 23 68 78 89 65 15 84 95 94 5 31 66 78 67 22 67 13 34 23 40 48 43 42 18 18 88 9 96 92 43 2 24 43 96 44 66 99 58 19 70 75 91 70 30 50 60 81 5 62 18 39 3 93 98 95 96 96 34 38 93 82 43 17 33 68 42 25 61 71 95 27 10 91 10 59 68 35 20
13 61 28 33 37 11 42 52 19 72 5 40 39 8 48 57 36 96 25 20 91 97 56 93 53 76 73 77 77 79 85 84 65 57 3 14 2 21 28 3 66 29 89 83 91 12 9 95 37 15 59 45 11 65 30 60 87 60 27 25 81 52 47 30 90 30 15 47 56 53 50 44 53 49 50 18 79 58 85 72
29 4 25 17 8 47 54 79 54 100 58 84 35 97 8 46 52 10 27 80 42 53 85 28 53 46 66 24 99 20 16 37 52 98 38 7 62 2 11 40 77 89 93 88 46 18 91 4 59 89 38 11 31 88 27 2 39 34 32 18 39 98 99 10 70 73 8 22 92 57 9 77 27 75 76 31 48 37 64 71
7 10 99 59 42 25 65 46 64 34 41 35 52 5 18 68 92 14 51 35 16 22 83 5 17 21 6 63 100 91 19 65 36 30 63 66 61 32 74 73 9 35 42 6 88 40 86 60 97 56 40 97 85 79 55 8 96 77 44 19 21 16 45 51 28 33 91 36 55 72 67 25 30 1 49 29 28 67 12 18
23 82 65 79 10 47 15 45 58 34 61 42 37 22 73 28 38 8 45 61 58 80 25 26 36 91 40 32 38 59 72 13 95 13 32 12 100 57 7 27 75 27 14 97 74 74 12 63 47 96 76 45 38 31 62 51 58 67 41 75 27 3 21 91 27 96 77 75 96 82 42 11 72 72 91 89 84 29 14 25
86 43 37 82 27 25 90 28 67 41 86 40 84 94 42 21 97 8 23 2 91 40 58 57 92 90 93 94 14 64 50 60 76 60 3 6 81 95 97 65 66 63 15 33 53 91 69 1 81 69 63 46 97 60 46 37 52 22 23 84 97 74 62 50 94 83 52 98 59 52 21 28 16 68 91 38 7 73 65 83
87 95 70 56 47 18 87 97 59 95 53 49 68 82 42 87 58 67 97 84 36 57 18 52 37 100 44 83 24 13 23 49 86 57 7 33 20 77 88 24 13 76 10 32 77 25 99 6 33 49 21 33 8 27 84 49 69 17 74 2 83 70 42 94 13 18 17 71 80 20 74 91 60 80 69 14 51 100 85 16
80 98 89 92 82 9 15 81 95 99 55 94 57 76 97 87 90 45 66 96 22 39 20 89 87 40 98 37 86 53 54 30 2 51 82 29 40 12 48 60 93 14 69 14 17 65 67 1 82 35 90 81 66 76 65 59 34 46 91 88 4 33 73 24 69 82 67 45 41 62 1 70 81 66 36 44 68 93 1 42
48 63 67 67 66 30 60 94 59 11 92 98 32 79 27 47 89 6 67 23 96 85 77 22 79 81 88 52 100 87 46 81 62 80 19 72 4 35 69 53 88 9 38 2 40 83 61 62 49 36 45 94 86 68 53 53 28 1 48 63 9 56 91 70 8 21 100 63 77 18 68 94 36 10 48 77 32 94 11 47
99 21 93 79 39 85 50 28 34 33 68 51 81 41 88 40 32 73 62 30 63 39 10 44 23 2 73 64 77 67 17 14 27 49 60 16 90 15 17 10 9 72 82 27 84 46 34 69 75 55 69 91 36 97 37 29 13 56 66 77 4 71 27 85 43 25 83 72 71 55 91 36 63 66 83 12 48 5 31 68
58 78 92 29 29 76 87 63 32 78 5 56 19 4 3 64 34 44 82 91 50 84 86 5 69 50 69 97 71 67 13 12 79 81 77 91 6 49 85 89 12 65 48 95 98 27 38 97 39 9 71 6 88 96 55 10 73 8 42 2 83 19 54 64 16 37 16 7 18 10 44 70 68 78 77 52 10 95 15 58
52 44 40 77 9 43 96 35 33 93 54 84 64 70 78 47 77 8 78 73 6 30 23 94 29 34 3 100 66 43 13 76 90 47 71 99 85 36 81 8 71 55 55 3 70 34 79 9 33 78 86 36 68 35 27 22 13 34 93 13 67 34 51 92 5 26 11 62 69 36 11 73 23 59 15 90 10 47 6 86
94 3 70 37 63 80 35 43 89 68 72 32 37 44 71 26 7 70 60 4 99 49 15 56 61 100 1 77 94 35 59 28 34 17 86 82 35 73 45 79 43 21 88 53 100 27 93 89 63 77 17 92 52 11 51 75 92 62 88 72 71 90 22 33 91 14 86 14 6 62 99 67 64 18 24 54 97 27 74 75
20 69 82 15 22 87 78 60 57 39 89 37 3 15 47 83 85 95 27 65 48 82 56 5 14 92 44 17 62 8 84 51 79 73 30 85 75 37 13 93 61 24 6 45 49 2 47 1 43 5 2 15 58 85 29 13 4 10 24 43 27 21 61 4 34 28 18 1 31 47 6 68 24 33 82 27 76 56 80 55
81 15 100 66 5 60 1 24 18 73 65 10 99 35 32 24 38 91 90 41 76 64 84 71 12 75 96 90 59 96 86 77 93 7 85 78 32 5 62 36 16 56 91 97 83 50 39 35 92 81 11 21 76 78 35 95 31 20 74 22 27 86 1 40 1 94 33 16 65 68 56 93 7 63 11 56 90 57 74 3
64 6 69 63 96 24 18 38 9 83 94 87 13 67 81 73 60 89 33 49 10 62 3 9 65 29 33 38 14 39 62 39 23 28 86 98 4 62 36 88 57 3 93 9 83 22 75 3 36 23 59 55 73 80 58 11 73 9 22 11 96 84 76 67 83 51 47 44 5 49 4 38 31 95 65 5 6 24 58 3
33 51 59 17 80 21 43 31 33 40 32 73 70 20 70 13 40 91 35 5 11 26 89 46 68 78 87 44 63 42 81 74 72 74 37 38 8 70 94 32 97 56 96 51 22 67 54 40 31 58 49 86 14 65 5 82 45 17 74 87 39 10 4 27 8 45 74 1 9 26 10 25 55 19 25 65 94 58 50 58
73 94 36 21 99 16 54 82 35 97 8 18 88 93 95 95 63 15 13 59 31 62 53 91 31 69 45 72 20 53 23 79 16 100 39 86 97 39 74 31 98 79 15 77 97 71 65 94 50 79 64 37 26 26 17 67 11 44 68 10 92 44 21 20 98 66 12 92 74 18 86 7 97 54 63 38 8 70 38 36
20 28 73 49 70 89 54 62 30 5 97 97 56 76 25 21 56 52 81 2 64 1 47 39 12 15 90 82 100 56 25 22 68 67 39 95 100 15 35 19 71 50 68 51 57 3 63 9 100 43 59 51 28 7 34 58 31 85 81 30 71 34 53 23 72 61 30 46 13 30 80 45 18 21 47 79 40 12 47 66
12 30 14 47 83 66 11 98 93 97 37 62 3 82 61 27 12 17 31 17 25 80 58 51 88 96 66 91 86 29 15 47 71 3 51 9 48 65 35 70 72 33 28 64 94 62 40 27 53 77 32 99 71 97 1 6 97 64 16 36 66 58 13 62 58 56 95 87 30 17 66 90 24 55 60 75 56 48 24 69
64 96 72 55 34 75 90 78 29 65 78 74 31 43 91 22 71 18 75 88 66 7 83 37 33 15 94 98 47 48 44 24 85 58 8 65 89 55 49 34 15 64 18 100 53 70 93 75 77 34 95 85 62 31 3 6 36 84 60 6 97 60 79 96 68 25 99 77 13 86 49 78 13 11 28 29 62 5 68 90
47 22 87 12 43 95 9 11 14 20 20 78 44 67 21 40 46 21 60 65 15 78 35 40 39 4 96 99 65 7 100 46 35 9 8 56 31 87 6 47 55 71 37 10 98 41 82 93 40 80 99 41 84 80 65 27 77 28 99 79 41 43 7 79 57 92 75 9 28 96 46 35 49 99 27 29 31 70 68 20
19 87 74 92 59 4 69 29 8 29 15 80 85 7 62 61 26 10 74 51 3 55 63 99 16 78 49 54 25 38 71 30 22 5 48 71 56 28 51 94 55 24 92 83 5 82 40 37 2 76 2 8 43 55 29 41 2 22 29 96 21 39 71 69 92 38 56 8 56 38 42 24 22 84 76 55 33 52 31 89
28 100 1 88 32 94 30 96 11 88 28 61 91 6 71 86 84 7 52 17 83 51 20 92 20 18 96 94 53 51 96 54 75 73 90 97 5 74 22 76 69 10 58 58 32 78 8 81 99 40 62 76 32 76 25 71 19 27 33 30 65 57 43 63 35 52 8 54 99 90 65 79 90 5 44 89 68 50 30 28
53 95 94 90 38 20 10 64 71 37 63 15 37 46 25 40 52 5 77 17 24 36 51 90 48 93 78 89 67 3 45 66 61 96 58 15 2 78 81 99 61 98 51 5 36 57 93 23 1 85 71 55 16 93 43 30 20 38 92 3 9 89 24 14 93 44 56 13 40 87 30 8 67 99 97 11 100 82 87 89
48 26 5 42 17 33 53 1 52 18 98 45 90 46 47 73 19 30 42 33 98 77 64 9 77 74 72 2 66 97 64 12 13 52 65 74 43 26 16 66 11 64 37 76 23 22 27 14 92 25 95 38 23 43 5 50 25 46 46 11 96 8 14 23 40 7 70 11 97 23 86 24 45 67 56 25 40 91 95 78
25 91 49 64 53 86 26 98 35 19 58 5 22 16 55 5 41 49 62 20 70 76 54 97 34 9 89 80 92 14 91 33 60 27 78 30 39 39 93 53 35 53 51 24 26 90 50 68 73 21 9 72 74 19 45 63 86 16 71 20 99 89 94 53 82 1 85 50 97 48 5 24 27 77 19 25 14 37 82 47
55 21 56 96 49 43 18 97 98 88 63 44 61 88 73 2 78 4 34 20 25 84 8 39 58 86 99 64 91 39 29 97 89 20 14 100 1 41 30 15 38 90 14 42 69 36 31 47 18 20 84 29 38 34 65 88 99 88 86 71 94 89 86 49 8 19 56 17 7 14 94 63 71 32 17 100 42 56 77 70
95 46 80 98 100 45 97 93 75 40 30 22 48 48 33 10 27 6 63 35 92 82 31 68 29 51 57 88 98 70 8 8 17 39 38 98 34 34 52 13 25 51 10 75 12 84 47 37 42 15 8 34 13 15 49 43 37 92 95 17 7 26 80 70 14 24 56 67 24 24 85 72 67 99 10 76 2 64 60 91
71 37 16 25 69 5 25 98 15 39 38 3 62 14 72 82 25 2 89 74 12 29 58 8 15 38 41 17 16 1 75 26 32 60 74 70 92 17 7 56 54 39 5 28 38 6 48 19 93 19 75 3 5 8 13 16 72 61 81 98 79 54 85 95 34 73 40 90 74 61 72 53 97 54 38 49 12 9 83 41
91 6 32 71 33 92 2 84 19 38 28 49 25 81 35 96 4 45 84 59 40 70 13 36 39 30 48 5 96 42 72 53 58 31 53 34 1 11 6 2 20 28 30 72 72 21 18 72 93 64 19 53 82 20 34 51 81 44 11 82 29 85 55 46 9 20 93 97 93 19 77 23 47 59 44 54 16 40 42 33
46 93 73 31 16 39 38 31 99 21 43 35 58 66 93 14 1 27 51 23 34 1 65 13 68 43 59 81 29 12 40 25 39 75 35 9 30 74 12 87 5 68 82 95 56 57 80 39 30 34 92 34 6 93 31 30 51 58 1 92 33 81 46 95 98 43 77 84 25 75 99 30 89 12 34 45 83 17 46 90
56 24 44 15 56 21 28 5 23 27 85 16 92 46 97 43 29 91 89 23 52 62 85 22 40 68 40 25 31 98 37 72 73 27 82 84 3 65 25 68 98 55 98 59 66 96 66 49 75 70 74 38 81 9 16 73 83 54 9 60 78 1 44 54 64 86 88 56 55 100 100 26 74 35 23 10 23 54 53 14
90 35 68 82 11 77 36 16 56 44 35 2 72 88 89 43 64 28 64 60 45 42 39 18 15 100 38 83 25 91 60 79 88 72 45 29 82 33 5 12 10 54 24 85 56 76 99 15 14 43 26 12 79 69 9 39 33 31 51 12 36 10 75 99 81 31 21 88 71 20 37 40 85 100 98 39 92 49 48 54
24 81 29 46 31 47 29 45 21 99 4 91 34 80 81 25 22 58 83 29 90 8 19 63 78 28 44 35 11 41 100 8 7 48 63 100 46 39 97 21 3 25 20 87 34 64 67 92 19 72 40 77 90 46 4 83 31 48 15 36 77 65 67 84 8 63 62 73 2 22 13 89 65 97 77 20 13 17 58 81
61 6 3 51 68 100 6 19 81 95 14 36 11 60 53 41 11 83 6 66 46 67 48 95 74 54 62 38 31 89 70 32 17 87 48 6 24 37 47 60 84 64 89 8 87 1 84 55 70 40 34 33 55 34 89 91 31 39 98 26 48 4 52 11 27 57 75 88 79 63 30 15 29 11 29 10 58 4 81 30
79 31 94 25 17 7 9 38 97 81 2 34 93 47 69 4 63 53 41 15 46 33 43 50 45 54 33 31 49 27 76 34 100 86 68 48 41 65 91 99 5 81 52 23 31 5 69 99 92 78 57 53 22 64 93 27 83 77 25 57 92 1 33 21 20 44 32 73 14 71 70 42 94 88 10 34 6 4 75 18
9 99 55 43 70 43 71 36 84 92 13 75 57 10 42 66 30 100 3 49 12 89 57 22 51 45 63 37 36 36 20 82 63 9 38 87 61 27 13 63 44 65 62 96 71 91 48 28 77 4 69 10 5 32 88 59 65 43 83 68 98 71 25 85 97 45 63 28 21 79 28 29 39 74 50 52 29 7 79 14
8 89 54 22 21 85 74 35 78 44 72 87 74 68 10 70 20 48 82 9 88 12 69 91 45 77 28 36 25 69 66 12 68 19 62 50 38 12 8 80 75 28 22 9 100 55 82 50 47 68 17 65 60 97 66 100 14 71 18 24 68 94 53 38 67 10 54 31 84 94 40 80 94 35 8 84 20 87 85 8
47 8 25 85 80 20 20 52 28 76 46 3 88 71 54 69 39 7 20 55 86 39 5 54 53 41 80 6 51 64 62 72 89 12 55 62 20 99 24 18 92 65 88 45 66 14 25 82 50 90 26 22 14 9 40 86 57 41 42 25 19 55 75 39 50 21 69 18 61 19 6 66 48 97 74 17 95 33 69 75
83 88 28 6 45 57 86 92 26 44 71 32 52 49 15 2 53 11 69 63 7 31 59 61 84 34 37 95 6 56 94 16 15 49 39 87 72 30 32 87 65 28 18 26 6 57 57 85 36 45 95 66 88 63 84 63 23 88 17 65 58 37 100 14 76 10 24 87 18 79 63 67 55 36 24 46 63 33 79 8
32 67 64 82 95 33 77 42 53 9 35 4 49 49 72 41 93 33 1 25 19 73 6 6 63 11 57 10 46 92 57 90 43 14 71 9 51 75 47 75 99 88 75 81 19 77 51 47 39 96 94 7 30 18 52 34 97 46 84 7 28 88 48 72 17 56 14 62 44 3 35 25 15 78 33 77 81 24 69 74
89 26 63 64 77 53 99 96 26 47 12 32 34 64 42 52 83 41 100 88 23 98 41 36 61 32 70 46 97 32 42 56 34 96 51 96 44 84 67 63 89 53 31 56 30 42 73 31 6 84 26 46 28 9 30 57 9 14 18 41 20 72 100 4 66 54 34 58 94 23 17 34 89 41 22 55 5 92 72 44
16 76 79 85 80 18 66 35 9 62 39 42 77 13 69 63 85 60 40 87 51 3 43 17 88 87 31 54 68 40 78 96 63 47 69 73 42 50 19 79 51 81 25 83 41 55 25 18 74 61 52 91 52 59 7 64 12 9 80 28 81 38 72 16 84 30 20 41 71 39 57 8 35 12 75 9 57 78 22 8
30 75 73 64 98 1 6 66 4 84 19 70 37 61 29 64 42 72 2 70 1 61 2 75 23 37 35 80 44 18 71 19 1 11 99 9 3 95 54 27 95 87 57 8 90 84 32 11 76 99 93 64 40 62 57 17 25 88 20 37 88 73 50 83 92 90 61 100 57 66 16 82 75 3 98 83 45 2 7 45
47 87 52 15 27 75 35 98 33 79 77 36 89 88 22 90 37 66 24 37 12 34 90 77 35 53 70 52 28 55 15 44 28 54 34 73 28 12 8 65 88 28 76 15 36 46 68 71 35 59 80 69 48 85 31 1 60 69 49 84 61 37 25 34 61 50 35 89 85 33 2 98 12 77 83 10 25 57 79 88
82 9 25 3 38 63 79 65 6 37 51 16 43 44 91 20 81 89 5 67 52 21 10 85 14 71 76 43 11 7 13 95 14 24 93 6 1 94 3 100 61 90 25 71 2 35 43 87 34 6 59 60 2 7 92 76 28 92 9 64 37 2 100 68 68 33 78 74 30 71 96 99 19 94 55 38 50 42 23 85
52 74 66 36 24 62 67 92 38 91 98 80 70 17 40 20 88 98 83 7 72 12 49 59 77 79 13 24 6 8 66 97 54 56 54 25 76 10 42 38 3 90 22 78 31 34 66 35 81 50 79 44 64 49 38 72 99 100 35 8 54 85 68 37 73 26 17 26 45 14 33 98 82 27 24 55 26 56 74 2
99 83 59 95 56 98 86 13 57 3 29 29 3 73 50 16 89 47 95 24 73 25 55 84 9 83 72 76 22 38 26 6 4 12 34 29 50 5 25 61 94 43 45 8 92 12 29 80 7 34 16 59 15 52 62 7 11 1 41 26 42 62 8 14 84 84 20 93 73 70 92 90 32 88 59 9 86 96 76 76
96 100 37 11 83 19 41 7 74 58 96 75 23 10 85 54 85 82 98 49 53 47 97 61 88 40 33 40 2 21 58 4 95 37 68 17 42 41 11 72 83 85 63 64 56 59 55 67 23 94 20 37 19 14 97 20 55 11 26 19 74 3 87 61 48 52 54 80 85 38 44 85 48 18 91 36 23 66 23 42
54 8 82 61 88 65 95 47 90 99 9 51 7 50 97 81 37 21 40 23 74 78 94 58 54 25 10 100 12 65 34 5 56 54 86 14 44 50 16 45 23 87 84 36 8 4 69 31 81 78 36 28 31 31 39 23 64 35 100 13 3 66 16 45 63 78 24 80 59 79 99 44 31 8 35 35 92 53 28 19
5 21 37 48 86 90 96 25 24 59 11 52 96 25 12 59 32 69 83 22 76 9 35 86 16 77 43 12 5 86 98 34 60 68 42 81 100 39 31 42 78 85 64 60 43 86 81 19 46 7 13 32 80 20 55 53 91 20 52 44 62 69 28 35 34 62 100 78 84 50 81 2 8 13 52 8 96 97 64 33
56 45 99 13 56 28 94 72 2 17 6 38 72 37 79 20 26 63 32 89 84 50 17 73 55 67 43 6 94 73 47 54 94 49 69 69 36 56 91 25 66 83 3 20 94 5 76 47 43 18 94 74 74 21 37 75 57 75 37 63 22 70 16 68 29 5 11 75 38 32 59 81 76 85 93 75 46 9 20 82
12 90 46 66 4 84 11 26 94 11 46 77 3 90 21 10 35 16 29 36 78 29 33 11 98 1 44 96 5 75 52 45 28 70 21 19 95 76 22 65 71 93 76 66 39 94 88 86 13 37 31 84 42 34 87 45 33 36 48 51 7 58 45 83 65 34 63 81 86 59 75 48 17 30 79 47 7 12 62 35
21 57 34 80 99 19 78 82 8 9 46 35 12 7 45 99 89 17 97 44 13 36 37 5 32 18 52 3 14 59 66 48 41 70 22 68 5 99 17 54 88 77 33 26 34 1 4 94 69 48 47 86 61 61 77 73 58 18 50 50 68 90 68 80 26 74 75 14 21 92 58 16 77 73 96 16 78 99 69 85
3 90 85 4 56 89 9 98 32 53 55 82 45 97 38 47 87 17 74 19 46 38 33 3 85 34 5 50 22 42 70 74 82 19 87 61 47 59 66 74 52 89 38 26 41 48 26 40 5 57 96 48 74 82 44 48 31 47 41 77 63 4 9 22 45 31 63 85 70 39 18 53 67 65 63 26 38 84 72 43
63 80 33 88 9 2 79 40 94 5 69 23 27 44 97 10 7 66 50 24 37 91 43 95 74 38 68 28 16 82 87 56 100 9 81 62 99 85 94 77 2 61 7 1 79 36 47 55 98 54 16 76 40 3 96 75 12 34 94 70 80 99 96 49 66 43 95 99 33 32 30 91 77 39 19 100 6 64 28 47
72 91 60 74 78 85 92 24 48 11 82 8 67 21 41 43 88 64 58 76 31 50 13 8 45 15 79 44 50 8 21 64 66 25 23 91 8 16 32 41 95 38 18 4 97 15 16 40 30 85 81 58 32 23 21 29 15 12 77 98 71 30 31 54 45 92 63 20 63 73 67 43 50 88 61 95 42 24 45 11
68 35 12 94 41 1 16 53 17 35 13 20 11 71 10 45 21 5 34 2 99 89 22 87 34 72 54 99 97 77 56 77 65 65 58 39 38 43 9 78 6 14 33 23 73 99 65 26 57 99 76 24 34 42 67 25 58 72 11 77 72 22 33 38 22 6 65 32 23 1 13 39 88 79 50 29 8 90 92 82
4 53 29 20 85 79 67 21 98 71 7 64 51 62 99 41 95 9 73 96 52 87 59 62 32 88 82 32 82 84 26 70 73 4 20 97 36 10 66 95 81 89 9 59 12 13 57 69 20 56 8 17 69 78 60 34 19 98 49 12 45 8 78 93 23 66 82 37 77 14 65 35 35 16 75 61 58 77 71 72
29 78 74 34 96 41 23 58 77 22 7 42 81 14 1 20 36 81 74 23 99 38 5 2 76 26 21 73 28 7 30 11 57 29 79 40 59 31 96 81 57 96 61 89 6 51 69 48 41 17 81 70 96 17 29 22 6 84 27 90 9 95 2 55 71 73 75 71 85 6 51 36 83 39 97 12 93 27 63 34
7 45 56 81 38 35 85 20 52 27 35 14 6 26 98 87 84 3 95 13 76 27 68 40 38 53 43 41 41 63 6 73 6 36 36 44 52 45 16 96 34 20 29 65 14 71 28 72 14 82 34 68 31 91 72 60 45 19 81 67 73 83 57 20 48 38 53 46 40 51 14 14 51 54 78 41 74 36 30 22
48 33 20 28 60 17 78 39 77 82 13 54 46 67 100 44 11 61 61 69 35 3 51 7 21 35 22 99 90 83 38 7 85 98 61 54 41 85 28 20 93 22 70 38 33 45 64 97 36 46 31 60 1 79 66 62 58 4 19 89 62 14 78 76 48 54 14 1 78 17 50 96 48 65 84 85 29 19 46 85
50 17 29 27 13 52 63 40 80 88 5 77 92 98 25 72 54 71 39 94 34 78 86 39 82 46 2 30 39 72 50 15 79 75 65 53 20 57 82 79 88 18 62 87 28 42 19 37 50 42 23 76 30 32 98 68 21 8 48 74 13 66 79 67 36 99 4 65 54 6 95 80 34 41 67 80 100 90 51 79
88 52 88 65 30 69 76 80 68 88 4 22 40 28 43 45 1 16 5 36 22 54 16 1 73 15 6 7 7 31 90 90 86 17 34 5 80 92 55 11 47 81 98 74 55 56 59 79 86 55 3 32 57 51 26 84 95 64 52 58 80 51 89 57 74 10 87 38 60 36 62 91 13 60 73 11 51 88 76 41
73 6 67 25 67 27 22 56 68 66 28 65 91 66 69 17 24 27 93 64 12 98 98 13 30 33 21 47 94 47 97 74 56 78 60 8 96 43 62 5 73 79 60 34 97 16 33 36 58 82 18 3 85 54 92 13 3 26 65 44 54 84 46 98 5 79 31 7 11 23 21 9 98 50 6 68 91 20 56 58
64 34 80 62 56 41 63 79 3 97 51 68 57 23 98 86 37 26 31 12 66 16 55 17 40 69 31 47 23 21 74 2 49 82 90 11 47 60 55 8 77 17 53 40 6 54 90 75 26 3 10 44 21 93 98 26 81 43 57 16 88 55 73 57 30 4 69 85 48 59 76 54 55 75 44 81 65 1 15 52
17 5 87 50 42 100 77 94 56 17 59 49 32 64 95 18 81 28 30 57 88 61 57 25 100 55 68 40 85 14 39 32 46 29 70 25 7 95 68 35 16 94 9 65 55 2 78 40 37 39 25 49 13 69 35 24 81 63 33 37 32 90 99 98 73 20 95 22 65 68 51 86 15 76 80 31 5 86 98 12
65 4 37 29 21 69 38 99 44 98 85 76 3 84 27 81 31 46 56 66 43 21 50 1 68 16 66 82 83 37 37 86 90 84 77 49 69 9 39 100 15 79 22 48 74 40 70 35 36 97 74 64 92 76 46 24 51 58 17 78 67 60 5 65 41 69 44 22 55 97 71 20 51 44 76 41 86 56 4 36
30 61 97 91 97 42 88 62 29 49 43 8 9 26 41 95 6 3 4 61 16 48 65 37 61 77 29 25 78 96 90 43 32 69 57 48 58 50 30 7 81 63 88 39 19 52 28 80 71 32 38 50 23 66 78 66 51 82 2 42 65 60 16 21 89 76 35 90 99 57 62 77 59 7 54 1 6 82 57 49
49 83 24 82 87 52 16 3 38 45 5 11 35 22 56 62 48 83 92 32 4 81 77 55 94 60 76 44 31 38 8 76 87 16 73 14 55 30 44 88 34 30 50 78 56 69 94 42 85 65 81 63 78 96 24 8 25 13 38 5 81 82 80 46 62 7 86 91 5 5 21 50 79 42 69 92 34 93 58 85
64 2 85 68 81 73 7 28 25 29 81 97 64 61 52 26 89 39 77 1 31 15 88 67 22 80 50 66 43 77 74 87 15 70 16 90 31 7 59 45 70 7 60 31 3 81 17 98 52 73 2 53 74 100 22 60 97 98 13 75 38 47 56 25 38 56 17 73 95 93 89 99 18 87 100 20 32 51 64 58
47 53 35 19 32 4 55 76 21 31 66 93 89 3 75 6 92 48 27 33 97 15 67 5 7 60 66 64 55 12 80 63 35 40 83 17 33 26 22 84 51 99 9 2 24 44 64 44 50 51 96 83 19 44 4 24 85 27 20 64 35 36 54 48 87 4 1 19 52 9 9 13 85 95 57 25 90 40 12 18
34 98 29 31 94 56 19 44 39 55 26 95 40 54 66 36 82 8 82 2 62 92 58 96 36 63 14 20 67 81 31 51 85 71 45 83 5 4 56 5 15 60 45 82 17 30 25 41 48 48 82 85 2 34 9 71 52 15 75 19 49 96 95 19 35 89 72 68 6 49 62 15 47 20 80 57 16 46 34 27
28 84 83 76 29 61 1 86 34 65 46 74 31 76 96 38 78 69 61 54 28 41 47 82 96 34 33 19 83 10 18 67 56 53 49 39 62 22 59 74 6 57 47 54 12 6 66 88 99 22 99 26 50 7 59 59 29 36 93 57 34 60 83 22 48 52 56 9 19 93 25 89 97 49 91 17 10 61 45 4
96 71 68 82 69 56 21 20 10 77 98 45 31 15 73 73 53 34 31 50 14 96 73 68 96 69 22 68 2 65 81 42 99 39 56 19 26 19 6 71 43 95 11 51 41 9 4 40 65 11 94 90 41 34 79 72 53 19 23 98 68 3 15 72 22 68 97 53 74 7 43 55 70 92 76 18 41 82 71 62
68 55 95 90 63 23 37 83 44 41 82 2 62 79 81 75 8 52 83 63 58 86 79 94 50 26 43 34 52 40 8 25 46 4 88 20 23 83 12 53 88 23 54 27 49 30 97 48 61 41 65 25 1 24 18 59 20 65 99 55 40 100 33 90 59 60 60 73 3 59 10 48 74 51 100 38 85 4 56 74
73 61 77 46 91 24 83 7 38 30 67 91 70 65 91 37 98 8 92 84 34 10 93 29 69 57 77 8 54 70 51 43 35 9 28 78 9 20 56 75 59 39 14 29 50 47 27 33 72 7 57 71 60 16 66 38 90 21 29 65 78 23 53 92 64 99 2 69 24 82 74 100 17 91 31 33 25 69 14 87
67 3 92 91 96 32 39 70 38 14 31 26 29 56 55 75 58 18 17 46 10 31 37 39 27 87 82 39 51 22 72 60 42 43 90 49 72 85 67 85 91 90 83 26 75 51 96 20 64 50 68 96 57 14 86 91 76 73 55 35 7 20 14 51 2 59 9 92 88 47 77 37 68 96 56 12 45 23 72 20
10 57 32 90 31 4 15 88 18 30 13 76 55 27 9 65 63 68 50 22 16 58 56 77 10 75 68 53 72 92 65 32 28 83 78 75 85 86 55 81 38 80 53 36 19 77 20 89 12 89 21 75 15 80 17 28 4 90 80 80 68 29 43 60 23 95 82 67 32 97 81 2 41 60 31 66 21 6 67 35
38 74 84 99 86 100 68 12 2 28 78 62 61 65 31 24 27 90 38 32 7 32 88 26 35 39 62 68 28 93 100 80 78 79 22 100 86 79 71 28 12 32 28 30 86 74 12 38 29 48 1 64 72 39 81 76 84 89 70 79 51 92 24 54 84 37 59 9 54 18 56 35 66 83 65 88 86 22 8 77
43 83 67 46 43 97 71 24 7 87 87 39 71 69 42 64 33 93 97 63 62 76 89 100 20 90 65 96 18 8 59 93 81 88 18 82 6 5 22 34 96 15 98 28 52 81 67 82 2 64 75 92 5 41 62 13 80 100 10 65 66 10 39 47 98 79 18 36 33 73 84 12 28 53 99 73 83 100 31 73
95 83 86 71 82 75 38 16 59 5 37 98 84 50 36 35 52 77 65 54 98 40 83 23 99 20 58 80 100 9 32 45 31 24 64 86 3 70 93 68 7 69 18 38 61 61 96 15 29 78 40 48 61 65 42 64 99 79 99 93 95 17 39 26 91 54 87 88 89 21 63 33 95 77 74 51 94 39 48 26
15 59 18 2 48 7 57 6 91 87 33 79 29 69 82 35 7 64 17 29 89 45 29 43 19 4 66 21 5 25 8 48 79 34 51 12 55 52 11 15 90 60 83 98 19 6 74 43 10 98 34 75 63 71 30 6 36 86 16 26 16 20 7 85 72 36 42 30 52 23 61 90 100 93 1 27 19 17 90 63
85 72 40 79 39 58 33 93 65 77 1 11 66 53 21 85 36 86 22 30 50 23 14 86 67 2 18 36 51 27 58 30 57 14 88 15 26 85 36 100 44 32 2 53 88 81 14 10 95 16 68 89 30 28 78 77 57 88 34 46 3 70 57 33 91 40 20 65 74 96 33 2 6 94 11 76 64 85 8 82
21 7 70 35 14 86 90 34 36 96 51 21 37 75 33 87 97 90 48 79 86 75 96 92 48 36 5 1 32 44 57 92 49 75 63 54 90 64 25 1 51 66 3 22 51 66 96 85 26 64 66 17 16 98 1 98 27 26 86 90 63 99 74 33 87 89 36 65 67 39 73 65 32 65 66 51 32 8 20 9
36 2 50 94 38 30 10 17 2 63 1 80 95 36 68 88 5 99 76 7 67 88 65 25 29 29 18 48 41 4 99 53 24 11 56 26 33 36 73 35 13 27 3 21 39 77 16 67 72 52 50 89 84 72 27 66 90 14 99 14 26 24 61 61 96 74 32 50 76 84 78 57 29 21 37 59 88 9 18 61
22 21 29 89 83 37 38 20 85 17 73 17 39 34 47 97 51 78 74 78 56 58 73 32 26 61 10 64 62 7 2 76 79 42 99 32 29 66 51 53 29 6 47 88 27 72 70 4 38 61 99 22 95 49 82 42 43 30 10 24 28 3 64 68 19 78 75 37 70 67 85 20 46 7 58 45 72 9 57 42
100 100 97 80 45 54 7 22 54 42 10 91 100 29 98 52 77 38 29 79 11 68 24 100 58 75 45 95 19 41 67 89 87 88 40 79 57 85 19 73 73 35 81 6 12 60 97 93 67 15 97 61 57 69 43 2 88 18 17 94 12 68 77 83 62 68 13 38 70 23 70 61 47 2 6 51 3 94 17 85
17 94 91 66 4 80 15 33 94 52 14 55 75 49 100 99 78 16 83 13 61 97 82 24 78 8 2 41 91 56 99 78 91 28 96 24 32 36 24 19 86 88 72 93 79 2 65 85 83 9 77 37 21 11 44 58 26 5 18 26 22 17 67 45 17 72 23 30 39 20 37 31 37 30 45 78 9 34 99 51
27 56 96 9 93 74 83 33 75 80 77 31 95 77 19 54 17 71 64 10 14 68 89 33 10 31 77 41 19 20 61 3 99 72 14 11 5 6 7 6 16 53 57 5 23 89 98 82 36 34 12 91 57 17 35 7 36 83 55 36 26 44 33 27 43 90 73 66 57 32 74 22 73 45 78 71 34 52 16 92
92 24 58 34 34 52 94 53 5 57 90 83 88 74 18 47 3 64 81 19 9 49 21 36 37 98 66 5 75 67 79 17 36 71 98 20 20 57 95 70 85 11 35 78 3 80 33 92 84 49 59 58 63 19 9 7 24 1 16 22 4 50 91 37 22 2 30 47 11 53 61 52 50 66 25 7 18 5 5 82
85 92 63 76 18 38 56 77 24 11 57 79 94 56 48 76 78 16 79 67 53 46 93 5 20 26 59 88 85 45 26 64 74 40 34 78 67 67 16 63 47 46 99 74 24 82 70 32 11 19 55 8 97 100 55 96 100 40 85 61 76 84 52 11 32 87 14 27 18 47 95 42 41 66 42 23 6 79 65 46
100 73 39 7 14 4 94 23 46 18 3 44 25 48 76 14 45 43 14 22 60 84 80 34 3 43 54 1 83 71 87 23 12 18 16 91 20 43 57 52 99 67 52 61 47 89 81 74 90 64 32 77 30 46 16 32 15 4 41 46 24 90 38 66 18 55 49 49 93 88 67 80 27 95 98 78 73 51 54 21
81 10 59 38 63 30 67 65 21 37 49 99 73 23 13 5 1 53 43 61 35 76 8 41 34 48 4 97 30 44 11 86 42 93 8 96 49 93 58 63 82 76 44 19 84 39 50 42 43 9 25 5 81 49 98 77 56 22 66 60 67 29 4 12 33 77 41 93 70 8 9 23 95 63 67 27 59 36 93 54
48 29 40 51 75 78 79 74 32 85 5 53 33 57 67 12 91 63 63 22 64 12 23 14 47 73 86 9 62 99 95 51 72 71 10 15 91 22 19 43 44 17 5 86 34 45 62 16 64 17 22 11 62 97 44 55 99 76 5 7 73 34 69 48 52 62 49 66 54 36 75 59 60 84 15 25 28 39 39 26
99 88 14 75 53 36 53 59 99 24 99 4 82 65 66 92 33 65 36 28 29 71 73 70 29 2 94 19 7 26 65 90 77 12 69 51 5 100 40 51 21 60 16 92 27 16 81 35 9 28 3 96 4 63 90 10 86 85 92 40 13 62 9 37 72 29 32 43 33 44 82 39 9 42 78 75 93 51 39 18
54 18 74 1 80 62 65 36 70 23 48 26 76 61 56 89 45 92 99 48 74 22 41 60 33 53 40 16 77 15 72 44 94 25 66 38 16 60 87 8 59 81 5 14 17 44 48 79 91 73 61 90 90 50 100 52 22 56 78 63 26 6 43 16 76 91 18 71 21 95 92 35 18 17 14 92 44 34 81 16
3 50 5 36 50 10 94 66 85 45 64 79 45 95 28 73 86 28 80 24 64 19 2 87 61 9 90 43 67 38 88 62 48 85 2 2 83 24 27 67 54 72 65 95 84 34 84 9 37 3 42 31 38 68 85 7 61 48 23 71 69 67 66 42 40 68 22 75 40 53 63 68 57 45 77 82 88 18 22 17
5 46 41 3 35 73 91 39 24 74 36 18 68 94 33 73 57 82 61 35 22 12 44 50 13 97 1 79 100 50 64 10 59 23 52 29 19 41 97 26 66 18 8 60 74 20 73 90 73 82 85 27 59 41 92 22 22 58 82 20 75 71 81 9 88 30 26 67 82 65 32 5 20 13 86 40 10 40 56 82
49 64 82 82 25 18 8 86 35 63 17 55 30 87 92 15 31 16 44 4 68 93 6 51 46 79 22 21 6 89 72 4 80 55 84 46 79 89 72 81 29 7 48 79 92 74 36 92 83 4 25 30 71 38 39 28 45 58 91 95 27 12 47 98 44 94 55 37 30 81 27 50 90 81 31 14 77 44 34 98
31 52 18 58 83 2 98 63 67 49 78 43 49 81 93 22 11 91 78 13 42 72 46 93 53 89 70 9 80 40 67 16 48 51 99 55 21 66 72 58 13 7 79 23 92 71 44 25 66 72 34 72 3 46 6 99 13 51 67 8 19 30 36 76 73 18 56 19 13 82 17 31 70 90 18 13 86 39 16 52
82 17 24 89 41 94 4 19 2 63 88 20 22 92 45 57 16 75 95 85 62 19 63 15 67 26 97 64 55 89 88 91 66 22 71 56 69 6 48 33 39 9 7 37 89 78 41 16 1 15 2 87 1 11 40 92 13 39 7 95 56 6 78 80 26 12 19 36 41 3 46 62 82 42 10 77 73 24 67 90
25 23 20 34 41 63 67 14 88 47 94 50 37 14 75 38 2 39 2 11 55 34 28 8 9 77 87 53 86 80 42 87 98 39 37 67 13 17 92 36 42 47 7 10 82 14 59 31 27 3 29 6 86 39 32 23 77 95 26 58 28 90 86 88 55 42 62 62 15 51 85 13 70 85 63 63 36 4 97 62
48 88 23 92 18 36 82 28 83 62 71 67 38 32 42 34 23 46 59 18 50 84 100 19 51 20 2 29 50 86 59 15 28 67 21 11 37 97 53 63 24 87 48 78 4 49 99 28 74 87 31 94 65 38 37 88 71 69 10 73 81 23 56 90 35 11 68 72 89 93 25 14 22 2 83 68 14 13 19 23
74 35 58 36 89 50 99 97 33 41 77 37 95 69 94 82 98 31 98 53 49 70 53 24 64 2 64 66 92 88 20 41 99 93 5 15 52 3 50 95 48 22 28 19 85 87 41 8 73 3 73 89 8 3 76 48 56 59 15 28 58 60 77 45 35 10 72 97 23 95 75 99 54 59 70 100 10 95 60 59
88 81 98 51 30 74 73 75 67 53 86 56 61 53 4 57 39 37 81 37 92 73 45 12 89 88 12 31 34 87 50 8 83 100 73 100 26 98 76 32 42 68 85 94 53 11 21 49 27 19 10 69 48 98 92 46 77 89 88 40 73 35 41 61 3 69 56 36 65 98 10 99 7 46 13 2 1 11 63 54
45 13 46 34 74 54 46 5 43 52 56 57 39 56 51 67 39 7 25 51 34 43 58 81 53 79 65 11 3 28 87 92 79 2 56 23 25 51 92 59 23 66 24 14 74 74 98 28 47 24 90 21 67 38 94 90 7 86 99 34 49 21 51 69 49 68 47 41 99 73 71 74 28 52 63 72 58 42 6 16
87 58 26 51 91 93 8 32 88 7 98 50 7 27 48 50 82 28 13 97 91 3 66 5 71 53 90 15 14 69 42 70 95 13 84 89 2 33 84 62 57 3 69 3 51 51 25 43 6 77 35 54 53 84 11 42 39 8 45 86 31 74 12 65 10 21 47 25 66 90 3 56 15 34 6 12 67 10 71 22
39 3 69 68 66 32 87 16 5 31 32 19 79 95 36 60 75 73 43 56 47 95 12 47 56 78 26 86 70 56 97 69 19 14 84 20 51 82 56 53 92 14 27 86 40 46 94 71 93 75 37 11 5 83 19 60 99 64 67 73 31 74 51 31 97 19 21 73 14 85 99 68 12 14 44 64 1 11 60 62
93 75 10 54 18 73 95 14 85 81 27 57 52 90 10 79 64 98 36 6 96 50 76 19 97 44 86 84 11 45 46 4 28 4 53 61 97 16 50 89 78 69 12 76 52 13 61 5 96 20 19 83 11 17 86 83 18 50 53 96 41 3 47 87 62 23 85 89 55 43 95 80 57 89 69 46 41 68 84 59
67 84 39 75 91 2 58 34 28 24 74 22 84 6 51 35 77 73 53 88 59 67 45 69 64 53 87 90 91 17 1 93 62 92 16 38 96 45 35 13 16 90 69 95 18 16 98 31 83 56 57 49 10 76 99 24 75 2 88 85 48 71 25 87 91 96 79 73 33 1 46 54 23 27 56 45 88 19 86 67
86 65 76 65 72 64 21 35 36 25 24 67 96 66 89 44 9 29 3 79 11 90 45 14 100 69 33 48 95 17 71 72 98 42 82 58 56 86 9 38 50 71 45 8 1 80 16 93 100 20 1 77 57 25 8 7 71 98 90 9 44 61 33 54 52 59 71 7 66 56 46 99 28 96 37 90 22 27 91 71
87 20 69 73 28 93 65 73 47 49 46 27 7 25 5 12 49 76 68 8 59 20 18 11 32 59 97 54 51 8 53 86 1 48 78 50 22 80 75 37 92 54 57 44 5 91 30 45 69 11 70 1 13 64 40 83 82 12 12 85 43 48 95 45 70 23 100 20 37 92 25 1 81 61 57 41 58 96 7 6
19 76 26 89 5 54 57 90 68 75 4 73 17 6 21 25 15 67 72 69 93 42 26 29 22 11 20 66 3 77 27 68 28 2 95 63 27 46 45 63 77 1 1 19 61 67 67 94 40 21 25 11 32 91 15 73 29 15 50 87 100 77 6 74 84 74 46 42 79 91 85 43 93 62 65 74 88 33 60 2
56 10 23 62 22 19 31 93 39 41 2 16 3 30 44 56 92 72 82 61 8 95 18 33 88 65 60 18 75 88 41 54 99 50 61 3 71 73 75 92 27 70 55 30 55 75 30 42 62 49 70 15 51 80 70 68 48 37 17 7 16 75 35 77 66 21 56 68 29 30 63 82 7 76 23 58 45 40 23 45
29 58 27 55 99 38 74 31 78 12 13 4 68 6 29 59 69 20 38 43 12 2 71 96 41 79 3 24 85 57 83 1 61 14 48 78 13 61 10 82 71 94 94 80 54 59 39 58 26 88 65 14 15 16 93 23 33 87 42 14 79 58 80 90 30 1 39 9 56 51 82 33 3 52 57 46 64 3 10 41
1 74 87 53 9 17 48 31 14 76 55 8 81 26 72 82 3 4 66 53 20 6 37 78 62 25 96 94 71 39 8 72 75 63 71 91 50 33 50 11 48 2 80 79 84 5 27 55 75 66 100 29 59 21 40 80 16 76 90 92 21 29 32 46 74 100 72 49 80 54 28 46 45 54 40 87 18 66 4 11
65 11 70 71 19 2 63 13 84 3 61 49 89 73 71 88 21 96 38 2 58 10 1 77 11 36 19 8 83 6 64 40 42 86 85 71 13 5 15 70 91 3 25 33 6 79 84 10 2 64 39 62 83 61 89 60 75 75 67 58 13 89 58 24 16 39 81 30 99 37 34 100 100 4 39 70 21 93 89 47
1 26 98 21 68 43 84 50 10 27 35 84 25 9 37 60 53 5 4 82 90 100 14 53 44 77 68 86 16 58 2 42 72 99 20 31 42 52 18 84 21 59 79 86 13 25 30 89 55 84 10 67 95 35 82 57 12 45 19 97 93 7 2 86 78 13 25 38 77 83 18 59 79 19 87 3 18 78 70 12
14 20 24 74 54 95 55 83 14 99 62 37 82 88 18 99 78 49 9 73 47 12 17 60 24 10 17 19 65 2 43 70 47 54 56 16 97 63 38 7 18 34 41 31 66 14 50 24 2 26 35 8 26 37 87 95 75 81 84 86 46 92 7 92 27 40 22 14 51 55 34 70 6 81 16 24 48 72 31 45
46 46 33 17 57 67 15 5 90 100 15 83 37 69 74 89 52 66 78 6 23 45 10 77 24 6 59 16 17 59 1 3 56 10 1 30 73 5 32 66 98 58 78 83 24 38 3 7 83 67 59 57 4 14 77 4 27 84 80 96 79 78 91 43 89 1 6 47 28 94 98 35 96 4 83 54 66 54 4 66
78 91 25 52 16 89 91 35 86 41 36 7 57 62 68 90 10 41 83 55 87 27 82 58 59 75 10 46 89 42 58 23 26 72 12 16 97 59 68 51 40 95 45 84 11 2 68 85 16 20 53 14 58 54 70 38 25 30 33 20 23 47 8 48 64 21 63 78 62 2 91 5 64 90 99 32 56 22 99 28
3 88 19 97 2 25 67 72 80 83 35 14 8 87 47 74 79 67 70 71 3 78 48 17 48 85 95 44 63 86 26 79 31 76 58 4 35 34 80 52 11 74 51 7 69 2 73 93 80 45 78 72 67 62 4 90 58 24 39 55 89 20 17 65 66 38 42 58 59 4 69 89 15 60 46 52 5 67 20 24
47 19 59 54 75 81 93 87 42 50 84 80 100 72 18 67 86 96 82 63 21 66 22 14 25 67 27 93 93 91 35 49 22 22 55 49 44 59 85 89 45 13 94 94 80 41 9 59 88 44 71 6 42 97 14 91 85 50 88 94 90 26 25 64 7 21 30 17 90 34 66 65 81 53 67 94 4 21 58 11
80 16 22 86 22 16 53 34 88 84 40 11 57 2 96 16 53 82 83 28 87 91 31 9 24 92 83 71 33 11 64 69 19 40 1 21 49 21 1 66 97 32 72 75 18 2 3 75 36 37 76 60 56 4 24 26 46 21 87 22 54 94 84 62 19 67 39 18 7 46 74 13 46 16 51 6 92 56 51 86
75 17 28 7 97 73 100 94 28 56 27 39 2 84 22 75 29 8 83 19 53 24 26 38 36 84 2 83 21 63 82 18 88 68 78 55 50 59 45 82 79 83 61 25 64 72 81 29 57 42 82 40 30 74 13 25 39 80 65 43 98 35 79 41 50 73 56 75 53 82 59 23 23 36 66 63 69 19 17 96
47 17 47 72 83 71 15 64 78 85 53 92 40 21 57 80 57 19 38 72 26 82 1 100 72 99 94 71 54 24 55 92 83 50 47 95 10 64 78 85 96 43 74 67 62 14 87 23 48 19 75 77 76 51 81 33 77 44 46 31 15 26 17 48 7 70 88 22 100 97 66 26 29 28 75 61 15 64 65 61
53 58 87 56 1 18 10 23 72 65 69 11 33 54 60 71 3 91 66 37 42 7 99 90 97 21 77 2 14 70 35 38 9 64 88 66 26 39 14 14 1 72 51 33 59 10 61 24 87 81 35 63 60 94 63 23 59 4 74 8 13 83 29 66 58 25 66 23 79 35 2 15 28 29 51 52 91 66 17 70
1 95 44 7 98 38 97 81 14 31 18 89 78 92 93 13 21 58 46 100 80 74 57 57 48 85 2 75 20 13 49 78 1 51 23 78 89 67 36 14 65 57 73 4 28 68 3 27 11 52 84 76 17 44 97 48 86 72 82 38 61 33 6 95 100 30 29 89 27 43 3 43 62 7 8 33 17 48 53 52
62 40 61 77 45 8 28 38 92 14 44 40 55 2 58 8 46 73 23 34 4 3 20 42 10 69 80 41 29 85 73 33 9 87 95 48 2 84 100 55 49 3 92 59 1 46 70 48 68 5 40 52 50 9 86 94 85 5 17 35 69 42 8 36 23 76 4 96 8 72 53 52 69 28 2 11 60 23 97 78
45 14 71 8 94 84 23 17 73 5 91 69 62 28 16 51 78 97 98 45 30 75 81 3 26 18 29 16 28 36 33 26 76 21 35 68 72 14 28 42 34 71 32 63 88 100 81 91 29 3 93 85 86 45 97 19 84 79 89 97 70 87 85 44 36 73 91 88 77 46 50 51 60 47 29 46 7 15 75 66
8 98 45 87 70 57 49 77 32 24 57 46 3 34 74 34 16 68 24 21 79 22 71 42 86 34 11 29 38 11 3 22 53 84 82 61 20 8 51 68 29 90 67 45 32 9 74 24 63 13 73 79 87 99 84 61 50 19 5 90 39 93 35 76 41 87 76 80 40 35 85 15 31 26 28 56 57 13 65 7
19 10 10 57 100 85 98 65 88 69 54 95 67 25 15 96 80 56 52 18 99 2 77 46 83 71 13 56 91 71 44 10 13 40 61 32 97 97 70 64 76 86 81 20 17 28 11 52 34 52 23 18 54 51 75 22 45 9 10 17 5 92 78 13 20 52 40 63 74 62 23 31 2 98 86 65 73 87 20 20
40 36 26 44 98 91 51 95 62 28 93 90 19 32 70 59 98 49 93 7 23 17 3 46 39 60 47 49 46 12 51 84 10 95 97 22 14 37 15 23 10 52 16 19 83 21 92 41 65 95 22 9 23 47 88 9 91 3 70 53 74 25 28 84 18 27 9 44 48 71 22 11 23 100 19 17 74 7 99 89
54 20 40 50 4 92 63 72 42 2 51 100 55 100 88 80 43 92 23 73 83 48 14 1 87 34 97 27 3 89 24 32 95 5 48 44 26 38 97 2 91 63 61 99 79 67 27 43 44 46 32 14 77 28 24 40 51 93 68 96 90 33 78 68 69 90 5 91 81 95 41 14 34 95 77 45 77 78 77 18
