75
4
62 54 69 4 8 92 17 28 50 57 93 27 58 96 31 98 91 47 98 94 6 59 37 64 61 93 67 60 30 81 35 40 52 26 89 47 94 49 11 30 9 17 51 45 14 70 36 61 8 25 9 60 43 43 65 46 44 99 91 8 35 32 15 30 1 40 56 23 91 82 69 60 99 24 55
39 99 79 17 13 34 44 23 94 35 16 56 44 15 76 10 97 37 85 17 20 94 13 69 34 34 16 76 97 41 1 56 3 67 71 95 31 20 91 49 13 40 29 69 63 64 29 27 67 97 71 42 75 76 64 98 99 72 68 98 14 19 53 42 82 89 4 75 30 93 60 10 68 94 4
40 22 17 25 34 97 56 22 77 43 51 51 81 21 23 62 78 46 57 63 62 57 43 72 1 42 63 11 79 26 63 63 17 75 39 79 22 94 17 65 4 58 98 2 15 38 36 88 84 92 87 87 41 67 67 95 69 59 86 81 58 21 21 35 59 34 70 29 23 67 2 79 12 12 17
12 60 41 1 92 6 54 55 38 67 20 14 77 74 91 90 60 50 41 59 13 79 8 34 72 16 88 89 2 62 14 81 65 62 1 90 65 68 84 20 47 62 52 72 99 34 21 88 53 63 31 49 97 50 98 59 22 93 2 19 97 56 81 6 4 38 38 9 41 72 92 10 45 38 10
48 49 84 48 28 52 59 95 89 47 81 59 78 98 39 97 74 47 97 72 90 14 52 27 49 87 30 71 77 45 17 73 83 13 38 38 90 28 100 73 18 42 52 25 40 83 28 87 19 76 83 85 99 63 61 85 21 25 87 35 13 62 59 90 2 45 8 7 1 5 91 84 7 13 57
74 96 88 87 16 22 26 10 37 43 12 25 47 33 29 69 16 71 22 95 42 41 86 81 78 67 48 98 58 67 52 96 45 21 48 7 7 65 81 51 60 67 72 88 51 99 48 17 60 42 6 80 76 93 46 59 29 81 94 75 31 31 75 1 38 5 84 26 66 40 92 43 96 9 35
33 59 68 23 44 87 43 50 37 10 77 88 52 15 19 17 99 94 57 11 38 45 80 9 87 48 45 77 76 74 72 74 29 59 49 22 77 4 8 4 14 15 64 75 59 13 90 88 94 11 88 35 43 78 66 72 12 80 43 84 88 60 13 3 21 94 30 71 23 96 61 22 86 100 75
43 53 17 85 68 15 3 57 94 37 10 63 10 43 96 93 19 6 58 39 5 50 89 15 23 73 23 40 78 97 8 42 85 7 1 6 29 15 11 57 9 25 22 59 75 88 30 18 35 43 16 21 93 52 6 39 46 61 35 44 92 67 78 32 36 54 80 67 63 28 62 69 58 5 28
8 85 30 33 53 2 83 3 13 48 88 17 74 6 96 57 66 85 50 72 47 33 67 100 12 90 41 2 22 72 4 60 53 98 27 82 75 74 64 30 65 67 55 56 53 67 52 40 15 88 7 83 63 69 49 65 23 46 93 63 44 58 25 95 76 56 74 47 51 96 57 14 94 13 67
59 33 81 13 19 20 35 78 81 12 97 62 24 6 97 68 4 8 23 39 34 2 64 90 74 74 51 59 79 41 66 64 70 43 100 41 18 12 73 53 28 78 50 62 2 49 33 41 54 50 65 68 84 71 30 24 36 85 96 28 81 43 90 24 76 87 24 15 1 52 40 38 29 64 90
11 47 71 25 51 39 96 26 84 87 44 1 11 98 33 65 57 55 70 49 32 41 12 44 95 75 52 32 34 22 80 95 14 82 90 37 27 39 10 10 57 36 99 34 78 100 65 27 69 15 62 43 86 52 45 75 47 53 70 65 58 72 16 22 43 42 100 78 10 6 6 18 80 64 73
18 42 1 98 91 31 58 72 49 46 17 86 85 12 58 51 53 57 56 33 55 79 29 35 43 3 75 94 22 88 13 41 63 92 6 82 87 98 58 59 33 24 88 10 82 24 22 51 85 100 64 29 1 73 42 31 27 72 55 80 7 19 54 18 86 24 79 19 90 47 34 25 10 12 74
32 27 80 3 11 6 51 97 68 14 48 8 1 96 25 69 3 78 95 76 1 58 61 15 39 53 25 63 1 74 85 52 13 23 30 66 100 64 98 49 69 17 18 9 33 42 11 90 5 80 42 6 13 86 12 35 48 11 43 38 14 80 29 76 69 86 86 9 87 7 66 41 49 22 20
78 55 40 38 37 64 14 44 49 19 7 88 32 87 95 75 25 10 89 10 74 58 75 25 10 21 51 86 79 60 80 81 61 99 66 19 38 58 84 44 79 89 66 69 14 2 56 92 41 71 41 45 5 38 63 94 35 62 3 8 47 24 16 22 52 59 77 19 90 19 32 75 100 29 16
24 42 71 89 32 67 1 9 16 41 65 36 85 26 41 32 8 58 11 32 23 11 8 49 88 89 65 38 10 76 62 61 49 65 14 31 90 4 5 52 71 54 35 77 95 1 32 25 82 46 38 19 54 56 87 35 89 93 71 11 63 29 33 67 17 46 6 78 92 18 48 40 46 75 76
53 15 57 65 69 33 12 58 48 4 19 7 82 59 76 37 93 91 32 5 32 97 18 86 69 67 19 47 84 73 100 93 91 95 19 81 97 76 26 35 7 59 98 75 69 5 60 25 7 56 94 54 12 44 36 10 22 55 75 51 87 63 21 55 83 82 18 97 13 96 67 72 21 97 84
41 99 8 15 56 67 96 3 32 16 98 38 60 13 57 20 71 85 32 8 11 1 72 38 34 55 8 36 90 77 2 31 20 55 39 19 28 68 18 23 31 55 87 65 71 65 40 100 63 33 65 62 20 70 52 85 97 77 71 80 38 84 65 36 99 18 42 14 62 14 94 77 87 5 87
78 13 61 36 75 18 57 21 63 37 67 7 16 18 54 77 13 94 31 67 100 60 98 73 36 20 42 74 59 74 14 21 73 72 50 85 21 77 90 52 83 16 83 11 55 35 29 68 47 70 46 61 33 93 5 73 86 92 72 64 8 12 13 2 12 50 10 14 62 99 40 76 22 11 60
90 83 100 23 98 46 60 72 74 4 21 81 67 8 42 42 13 83 32 37 32 5 14 53 36 36 23 63 42 89 83 29 63 93 3 52 81 7 6 16 60 64 92 81 55 74 41 85 84 67 38 86 54 81 65 54 44 55 6 33 51 95 20 69 78 17 1 28 53 19 52 10 79 25 77
44 77 76 93 21 47 1 93 36 84 42 78 16 56 81 100 16 77 19 96 92 37 86 24 74 2 44 4 77 87 66 26 56 82 62 44 51 78 91 54 93 35 58 14 39 43 69 82 75 54 5 5 12 98 46 38 11 6 80 80 66 31 10 48 2 5 67 59 56 27 85 62 2 13 81
95 71 74 45 33 6 71 33 75 99 97 31 73 73 81 42 31 15 94 60 41 37 46 41 94 38 87 63 42 35 89 51 21 24 57 59 30 40 20 91 16 12 15 51 61 27 71 83 99 11 51 71 91 78 36 56 74 18 18 13 19 1 57 2 64 87 65 100 1 44 18 12 93 47 73
99 22 49 45 14 14 34 78 18 4 12 59 51 1 66 52 47 83 4 99 91 39 85 10 73 65 72 8 99 81 88 75 23 9 95 100 21 96 69 61 74 39 51 63 98 76 25 19 94 61 75 9 40 30 91 62 53 45 57 47 44 50 62 11 45 42 43 90 10 79 46 37 94 7 99
19 75 85 93 39 91 55 67 46 61 72 76 37 54 6 54 50 60 83 29 36 2 67 54 33 67 26 98 20 53 92 60 14 66 44 36 99 48 88 78 72 50 32 36 80 40 83 21 95 75 16 49 65 65 6 76 9 7 4 92 76 71 65 41 87 53 39 53 82 66 19 3 3 13 91
28 8 5 25 65 72 82 63 22 29 70 71 20 13 53 22 3 42 57 68 59 63 5 33 2 77 14 76 83 91 79 98 100 20 9 35 13 62 65 9 67 97 34 85 59 79 6 89 40 49 2 60 14 67 88 45 24 33 16 7 66 50 48 55 33 71 49 12 87 19 34 18 39 45 61
24 94 74 63 51 7 70 48 78 57 29 30 48 76 2 27 81 95 47 88 15 19 14 82 31 21 45 100 58 8 89 62 19 82 19 39 69 51 26 50 90 70 11 10 53 9 24 93 65 48 93 90 91 57 20 81 78 32 8 74 79 69 25 57 15 31 66 5 13 68 10 38 94 23 91
62 45 95 62 53 34 65 90 53 49 30 8 49 65 42 93 86 43 37 83 48 12 18 9 1 82 85 58 94 48 44 18 53 34 52 77 64 34 81 76 28 44 62 93 20 87 96 80 14 39 68 31 55 33 28 26 25 58 1 52 87 57 12 21 79 74 45 49 100 82 34 27 61 7 37
42 39 48 40 45 95 3 78 25 2 79 56 76 83 56 69 61 30 56 24 66 73 70 73 67 4 64 39 56 72 21 81 57 29 70 52 61 24 43 43 42 80 32 79 1 64 3 12 50 70 94 7 3 5 42 6 17 18 57 24 11 99 4 49 88 80 77 26 45 18 17 21 40 25 85
20 88 64 97 33 92 53 13 47 41 89 55 43 3 9 99 76 35 72 61 32 69 44 9 26 79 69 44 41 78 75 4 64 6 14 65 21 9 14 26 53 63 24 88 6 26 37 30 100 24 45 37 45 30 86 29 54 76 41 37 11 91 85 60 58 61 90 97 65 56 32 72 91 71 89
50 80 23 97 99 28 67 17 97 51 25 93 36 78 63 11 10 69 85 71 90 41 98 29 76 32 49 65 48 71 39 33 35 18 53 36 86 6 7 38 61 94 32 34 40 11 10 76 2 72 32 5 87 15 30 37 66 71 63 87 20 20 16 67 10 92 85 51 36 54 20 50 95 38 18
84 24 81 29 51 60 9 66 70 89 94 74 84 80 94 2 85 75 24 39 50 14 31 69 78 78 34 34 39 25 99 100 69 2 98 50 66 46 72 55 22 21 85 7 99 40 83 46 22 47 19 26 11 31 9 48 64 98 46 69 86 31 19 42 18 56 81 2 55 9 19 78 91 7 56
95 69 91 49 62 82 2 34 35 49 97 87 70 51 41 54 17 72 74 97 96 44 76 43 23 26 49 73 72 52 49 86 31 98 59 59 46 5 40 48 69 26 81 84 42 65 91 71 47 12 2 66 85 66 87 88 62 82 11 52 21 6 96 60 16 44 88 42 81 1 62 51 41 4 18
7 8 32 93 55 100 61 23 49 4 61 26 14 38 55 99 59 63 39 35 75 88 35 13 81 99 74 40 70 31 57 72 63 53 68 78 72 94 93 58 99 75 52 29 28 99 54 17 19 44 7 70 84 29 90 27 25 43 24 24 34 34 13 9 45 12 47 3 62 94 47 63 50 65 27
75 18 89 62 57 13 87 32 15 58 45 51 31 90 86 96 67 41 52 50 81 53 32 17 95 27 89 87 49 84 99 87 59 21 44 26 63 61 31 66 71 15 78 90 67 53 72 7 4 72 85 51 69 69 16 70 62 76 58 44 18 40 96 81 85 80 6 63 67 31 100 38 23 41 18
52 61 45 27 4 55 88 10 42 50 90 36 68 49 18 69 18 82 30 13 100 43 29 78 30 5 19 76 81 75 30 47 81 88 47 21 73 60 36 4 64 63 49 66 37 92 93 70 41 19 91 46 32 9 90 39 32 91 18 75 61 57 95 49 60 56 28 43 5 3 76 44 28 64 76
71 56 89 1 23 88 4 61 48 94 97 25 81 34 62 36 81 31 1 3 97 27 82 41 21 47 22 8 13 5 92 92 80 18 83 20 36 78 83 96 13 96 31 7 5 66 26 78 57 85 96 28 59 97 15 18 50 31 84 56 45 6 33 79 74 67 92 96 32 10 84 24 63 63 83
91 37 37 71 76 46 56 72 47 67 13 66 39 90 59 37 82 99 48 26 53 71 92 1 67 49 17 100 26 23 89 65 40 28 19 21 62 95 12 70 59 55 76 73 7 30 10 73 87 35 56 88 90 83 66 43 17 41 63 34 11 10 30 66 42 9 92 73 26 58 27 70 30 10 73
6 10 67 79 53 45 43 83 54 52 85 41 13 23 74 71 86 78 85 76 59 91 71 36 30 22 6 1 72 34 87 17 30 71 67 54 68 80 98 69 11 41 46 24 74 19 4 88 16 56 23 76 44 49 5 97 78 12 48 4 43 36 42 37 53 57 17 12 1 2 2 85 100 93 78
1 59 94 99 41 92 39 22 36 22 11 79 89 44 91 30 98 5 59 84 12 98 86 31 20 80 10 16 96 63 83 15 45 40 23 51 18 22 7 86 100 98 74 80 73 19 11 18 74 13 44 2 99 73 16 33 92 40 94 71 2 45 100 44 60 84 99 86 14 35 30 10 38 24 36
4 41 27 83 67 72 28 69 99 91 85 98 70 63 66 93 22 81 10 55 98 27 12 18 38 61 24 12 42 90 15 2 97 86 70 36 30 76 11 2 85 19 94 99 24 76 66 31 13 24 47 49 62 21 94 82 63 65 55 91 56 74 79 27 4 18 31 9 73 44 43 26 35 28 27
88 27 98 68 42 57 19 31 92 78 10 25 92 66 91 93 70 60 37 93 49 14 21 16 21 100 8 45 98 32 99 6 91 67 50 86 4 39 81 40 78 82 28 14 11 17 17 53 8 2 48 39 94 34 30 47 86 77 60 71 56 86 35 80 90 65 75 36 72 41 69 14 94 35 16
63 88 40 55 35 44 20 87 89 49 14 32 24 83 68 28 29 80 21 26 6 77 7 85 2 88 6 68 60 89 25 78 2 47 21 72 78 49 39 25 62 93 7 41 90 9 38 62 31 100 21 96 25 94 57 16 43 4 7 26 83 7 60 71 77 6 80 74 17 42 41 7 6 46 47
36 2 72 40 67 73 54 41 67 76 92 25 83 54 83 21 35 91 19 73 36 39 33 35 66 65 25 97 89 40 59 25 45 62 28 100 97 19 4 4 63 41 30 29 15 43 29 71 10 99 88 74 24 11 41 23 52 32 100 28 42 17 3 90 23 58 16 59 57 82 41 1 100 80 76
13 39 78 3 27 43 63 76 58 51 17 6 59 67 73 78 73 36 98 4 61 16 78 19 100 81 92 39 86 73 61 83 43 46 44 73 20 69 94 22 84 65 77 23 6 44 59 67 38 94 80 71 28 57 56 46 53 73 37 61 61 62 84 66 34 30 3 66 30 94 80 68 90 44 68
98 40 3 43 97 16 23 77 71 12 100 33 20 61 27 83 49 93 57 68 99 41 86 11 37 32 61 42 82 81 89 66 37 41 41 79 53 4 14 66 5 15 71 85 8 57 15 81 1 11 56 47 52 57 92 70 99 14 95 73 86 85 77 76 71 92 61 63 97 81 67 90 33 26 93
14 34 31 69 81 73 85 33 48 87 40 70 14 92 11 9 7 98 51 40 23 27 23 65 27 32 66 37 65 98 1 26 91 52 84 28 98 9 42 36 62 75 50 18 26 44 43 26 47 52 70 48 40 11 74 70 78 81 9 94 85 28 2 40 98 55 81 25 47 41 25 67 33 54 12
88 68 16 95 41 16 63 41 2 65 2 87 69 29 44 61 48 57 24 38 18 10 48 64 33 44 63 6 48 86 31 69 39 55 78 5 75 22 57 96 64 54 38 30 40 99 79 71 26 58 93 6 43 62 45 55 95 25 46 88 90 86 45 59 13 96 45 15 19 15 63 79 21 30 42
43 76 9 62 2 93 67 42 5 72 63 31 4 80 16 16 11 73 12 100 15 78 24 42 36 93 100 36 99 74 25 47 50 64 78 23 53 71 65 79 77 59 80 88 17 14 89 93 42 68 22 53 78 94 32 1 2 51 19 82 76 48 46 31 33 58 79 2 91 14 46 1 12 95 91
97 63 16 88 56 98 57 97 25 99 82 48 45 65 10 6 44 38 23 56 89 10 35 34 35 56 36 65 85 71 68 34 7 21 30 95 85 7 68 80 71 16 37 95 72 53 14 46 23 32 9 6 37 38 26 26 27 13 19 68 29 23 47 83 60 95 68 71 68 44 30 71 3 49 6
15 87 82 29 18 31 25 95 81 73 49 3 71 71 96 63 80 58 88 49 34 53 48 45 26 100 21 39 75 68 85 32 74 34 6 39 79 100 4 25 27 72 18 47 19 51 99 83 22 54 33 24 17 31 81 9 7 62 16 46 84 83 24 93 5 44 31 15 30 90 68 62 92 63 24
29 25 2 76 16 99 5 41 99 60 75 68 96 2 9 28 89 81 89 23 48 67 82 84 57 82 54 61 96 23 76 58 9 76 92 88 1 16 20 6 56 50 63 13 87 83 15 57 7 92 10 18 47 19 38 86 94 56 35 54 2 64 90 84 34 67 33 93 1 57 42 19 97 99 38
62 80 34 20 21 4 82 26 16 99 91 12 71 100 6 74 48 97 55 85 4 7 28 31 93 97 45 35 17 51 88 67 91 95 61 65 37 23 80 100 32 86 87 1 95 49 80 76 68 13 29 88 10 93 16 4 43 66 15 48 15 26 95 94 91 59 42 45 14 92 29 22 46 90 75
78 56 40 7 44 36 33 44 68 28 67 62 35 71 7 89 63 77 92 52 94 77 21 66 36 47 59 7 79 9 38 68 90 86 54 49 91 82 69 24 62 28 68 1 51 38 81 77 45 82 83 83 24 45 80 4 18 30 80 96 9 41 95 44 83 14 62 56 19 51 100 29 82 29 59
71 55 76 47 94 43 56 98 71 14 3 83 17 70 82 77 25 43 18 19 61 46 71 22 21 55 79 58 23 25 42 2 14 46 82 83 65 39 75 71 73 9 76 4 82 70 23 30 91 54 26 59 25 3 52 96 22 100 29 70 10 92 71 25 93 60 37 5 51 66 88 56 40 84 12
5 57 25 10 90 36 60 64 1 73 58 58 7 98 56 78 78 58 48 3 12 61 3 67 88 71 79 86 82 81 19 100 73 43 14 54 78 41 76 75 30 75 8 21 31 52 10 39 32 62 4 7 45 97 58 30 85 38 12 37 73 35 59 73 16 55 11 84 46 71 22 75 15 98 62
55 15 24 3 96 5 73 20 65 67 69 85 49 100 82 74 61 30 80 97 65 33 19 51 79 19 91 11 67 13 68 12 83 56 67 98 90 79 71 25 84 66 34 7 90 92 10 35 74 44 42 62 81 73 22 82 83 96 65 58 40 31 71 57 96 79 88 86 84 51 48 41 77 90 50
63 76 36 72 3 10 20 30 29 9 65 66 91 41 8 47 41 63 33 3 28 25 80 34 24 98 38 70 8 90 91 9 6 18 27 42 82 17 75 40 24 93 62 60 30 14 31 72 2 71 20 13 67 39 78 6 1 37 25 41 13 86 90 70 52 69 15 5 86 96 78 46 95 28 73
77 56 95 48 90 71 18 26 99 90 41 64 90 3 54 85 15 53 70 31 2 64 32 19 25 71 57 16 53 72 83 19 40 2 80 59 98 37 82 97 39 69 56 40 64 21 45 82 51 64 70 12 63 60 73 97 48 54 65 10 5 19 21 25 60 69 78 72 45 93 39 31 91 6 85
31 80 70 35 98 83 16 14 22 34 100 30 67 65 79 93 33 6 22 83 40 2 29 7 11 26 19 17 13 27 48 79 44 28 68 44 99 64 57 72 72 1 96 64 81 38 33 80 28 8 37 19 4 36 24 21 21 37 66 1 26 56 71 52 54 45 14 41 32 7 13 57 7 94 67
75 7 63 91 79 15 26 65 20 92 80 55 40 95 50 58 89 86 95 4 31 32 66 96 3 43 68 79 90 65 6 70 9 96 80 9 18 60 14 79 99 66 90 56 41 88 84 75 57 72 69 98 43 21 23 57 91 88 97 79 59 74 94 90 4 32 3 10 44 92 45 85 16 68 41
55 54 92 98 64 99 50 34 2 93 63 73 40 23 35 42 85 12 3 100 33 91 54 89 98 71 60 5 99 94 45 59 17 97 79 47 54 69 32 64 21 95 80 2 69 76 48 51 57 75 19 1 11 98 98 74 70 60 89 58 27 81 11 84 29 93 7 57 72 100 73 45 39 39 91
49 63 22 84 83 74 43 4 32 47 62 79 36 16 57 48 4 47 56 24 43 2 20 71 7 74 88 78 71 97 19 36 83 80 31 10 99 1 95 82 52 100 60 83 74 90 89 44 25 82 87 2 11 88 49 67 90 31 23 84 87 30 61 69 28 44 26 93 60 20 60 17 50 78 54
2 63 82 24 48 11 28 24 49 6 13 30 15 9 43 64 31 26 13 68 40 31 11 100 70 5 41 33 48 60 40 95 82 18 42 75 77 35 10 92 17 77 33 37 34 86 41 88 12 18 66 73 52 80 62 44 31 16 10 18 78 73 72 75 34 89 19 92 57 7 18 43 61 46 30
14 80 8 5 44 49 68 20 39 25 76 20 7 7 82 4 54 97 41 95 16 59 42 37 60 58 6 78 48 79 93 91 85 62 72 46 58 31 7 69 61 77 26 58 5 88 70 94 58 5 67 15 59 9 38 8 84 39 24 38 28 22 67 63 9 88 42 87 93 87 54 13 57 23 33
24 81 5 81 17 9 20 93 61 33 8 93 86 47 5 99 8 43 6 39 6 21 40 16 40 83 57 11 68 79 95 58 30 18 84 65 44 50 76 86 99 45 43 67 97 8 70 39 79 63 29 62 56 13 40 98 33 58 72 87 61 79 68 76 33 37 80 77 35 58 82 31 13 73 49
23 7 59 66 50 84 16 3 94 75 80 10 62 58 58 25 46 31 35 92 39 99 66 5 95 34 96 78 3 93 67 35 63 12 40 79 99 69 99 30 77 54 13 73 64 12 12 29 20 97 55 10 95 92 42 90 10 54 39 31 16 96 82 46 63 42 34 30 39 61 66 67 21 88 30
2 28 20 39 44 1 21 22 84 47 61 25 11 46 59 32 25 56 5 16 49 58 83 98 81 53 11 91 94 44 84 2 54 42 3 3 29 30 2 3 56 35 88 78 48 96 23 75 67 28 84 85 56 84 76 77 16 43 46 82 98 40 81 80 41 52 56 70 64 55 97 8 27 1 44
79 47 57 77 8 76 97 6 66 62 62 88 62 59 66 43 79 1 100 26 33 8 22 86 57 9 65 70 81 12 29 44 37 73 96 83 49 98 59 25 5 24 21 3 8 68 83 13 69 99 94 90 11 1 80 2 71 99 63 83 70 48 12 64 51 93 43 2 73 21 92 91 8 13 39
1 4 30 51 49 64 44 14 100 5 3 82 4 23 90 8 79 90 87 17 1 45 65 24 67 62 54 19 10 74 53 24 36 20 45 65 25 8 85 78 21 22 67 1 63 53 75 96 24 58 1 4 73 5 95 32 53 65 7 63 85 48 16 89 76 88 82 79 73 91 54 98 49 31 3
9 70 74 48 3 17 95 36 31 56 89 72 8 52 2 21 91 73 4 60 84 76 11 10 89 24 90 63 4 31 81 24 69 30 68 20 64 19 62 26 47 26 52 79 52 61 17 99 45 7 77 94 43 14 97 7 11 85 48 29 85 65 39 46 3 98 34 3 79 11 82 18 22 69 18
90 92 21 43 35 48 45 23 67 10 26 49 1 96 82 90 39 58 28 68 69 78 15 86 77 42 100 48 94 25 63 86 17 63 63 12 28 18 12 93 59 81 5 55 32 92 85 33 75 68 43 23 2 3 90 50 37 58 43 58 71 45 42 48 24 5 40 100 47 16 81 95 50 44 67
51 40 67 55 59 8 42 20 95 12 21 78 39 18 99 13 83 91 57 94 3 2 86 39 99 25 10 32 69 5 55 28 45 80 65 75 80 16 5 60 59 90 37 77 57 12 74 27 39 57 42 87 57 13 80 42 56 46 82 47 72 24 96 85 75 100 42 47 49 63 29 28 85 67 42
60 93 80 16 43 2 10 30 33 26 5 1 16 8 33 67 65 34 49 76 71 56 71 96 98 50 83 57 45 12 71 86 1 51 60 49 75 45 19 82 67 81 97 34 20 50 54 92 96 7 72 34 47 23 40 26 98 80 52 47 52 31 56 84 47 90 86 83 51 16 1 57 92 93 25
42 76 19 91 88 71 86 66 65 32 4 51 9 55 48 57 72 30 42 88 91 22 35 23 33 67 4 27 70 37 65 73 100 87 17 92 12 27 29 79 41 50 91 21 43 63 91 13 83 13 59 87 8 31 88 48 28 63 31 59 81 8 78 81 74 32 56 85 85 9 15 68 35 86 13
3 40 61 19 8 91 43 33 48 11 10 45 1 19 18 87 70 1 52 47 29 51 13 8 67 98 93 30 2 73 100 10 65 11 36 73 69 2 95 98 86 7 60 1 80 5 46 98 81 23 38 4 17 63 57 6 64 52 32 45 45 27 1 96 56 1 3 1 5 87 30 77 77 34 15
30 81 38 24 5 1 75 97 100 2 92 7 41 19 41 63 58 13 94 98 52 50 55 65 39 72 71 34 70 91 85 52 1 46 8 64 35 6 11 17 67 1 50 37 75 61 48 14 85 39 77 68 25 74 31 71 1 88 46 23 45 91 22 24 9 89 12 5 61 68 66 4 14 69 28
32 69 61 30 16 91 65 6 70 22 10 81 37 30 38 61 72 19 61 37 16 25 53 6 57 45 65 26 13 86 67 74 89 56 85 7 29 31 60 12 9 70 66 59 48 32 43 51 8 36 45 80 40 47 63 34 53 82 87 25 74 71 68 41 55 45 65 39 83 3 24 65 2 25 87
44 98 57 95 72 72 75 76 8 58 71 22 24 9 33 26 51 96 79 19 90 64 13 47 11 89 93 31 39 80 78 5 59 6 7 57 97 30 56 73 59 9 82 24 16 26 63 58 57 83 93 26 79 30 92 13 60 12 60 62 58 26 4 63 44 66 67 51 33 11 17 57 43 24 3
75 35 55 28 32 43 35 81 59 2 19 1 50 39 33 72 95 63 2 75 59 2 2 63 57 76 15 35 43 57 34 71 46 71 75 39 48 95 76 71 87 77 60 26 48 20 98 36 95 93 82 50 5 77 21 81 8 90 44 68 84 25 54 91 40 7 38 88 2 20 5 95 87 64 27
97 37 6 22 22 50 62 66 85 76 62 87 15 2 16 85 79 92 67 25 23 51 95 22 72 62 29 26 36 11 33 44 52 20 43 89 27 68 9 62 74 20 27 23 25 36 72 59 40 11 25 17 33 76 12 63 95 36 9 19 43 76 63 65 19 92 67 43 99 26 34 10 50 68 40
68 95 92 39 58 95 38 59 33 69 44 68 18 96 44 77 45 7 100 85 22 56 21 57 40 39 90 47 36 85 44 11 95 31 35 45 64 63 98 15 49 84 71 36 36 70 47 16 88 37 43 39 15 69 56 19 11 66 100 58 92 21 85 94 73 8 47 73 55 79 49 82 16 88 68
26 47 96 61 14 42 54 33 85 46 61 33 70 87 87 48 16 48 45 48 91 1 48 74 77 37 59 18 6 72 60 26 83 4 21 74 53 80 35 50 70 22 6 47 57 31 1 100 64 31 99 99 60 4 15 14 62 100 26 36 67 70 63 16 53 38 61 38 55 36 61 41 44 92 4
62 84 83 43 80 65 79 91 5 22 41 73 37 72 96 45 88 17 46 87 94 5 54 52 71 81 68 27 28 42 10 32 46 67 78 92 98 42 31 22 32 78 2 88 4 53 4 55 23 55 4 97 27 54 57 89 50 7 21 92 56 17 51 79 48 65 53 13 45 47 99 90 5 64 3
89 98 40 85 4 35 95 18 47 70 25 1 77 38 46 85 100 92 73 90 43 33 18 77 45 34 93 51 91 18 100 77 52 64 14 56 84 9 8 57 38 80 87 10 36 22 27 69 59 1 48 41 12 23 33 24 41 40 38 36 54 69 77 92 15 50 59 60 100 59 36 14 83 29 5
82 2 13 25 67 49 53 45 51 19 94 42 85 84 39 24 59 5 10 85 55 13 30 67 52 24 56 46 89 61 44 64 10 48 57 29 80 45 53 84 98 19 93 57 32 55 28 92 2 39 54 94 22 45 77 72 76 88 67 87 46 54 41 91 60 58 16 68 19 71 33 14 22 57 43
84 5 56 74 59 14 69 35 97 52 69 39 20 88 95 65 56 75 62 50 34 10 68 58 74 94 11 92 43 55 4 42 20 57 53 13 87 36 58 65 70 9 9 50 19 24 12 8 83 60 66 100 11 36 60 34 65 86 41 42 48 48 42 68 42 20 23 17 22 100 75 83 39 25 28
37 18 21 68 33 74 3 88 32 13 86 74 24 8 56 76 36 93 77 5 99 16 63 31 29 4 70 44 83 51 5 36 77 32 47 11 86 62 21 61 22 42 51 25 50 75 59 7 28 81 29 27 96 32 76 93 74 56 66 38 95 55 87 46 27 56 21 70 21 97 64 24 86 38 28
84 73 73 58 42 23 100 26 69 22 90 23 43 55 78 84 17 12 97 12 4 95 6 12 59 98 78 54 20 12 77 58 65 35 64 43 95 69 55 70 32 82 65 3 85 48 75 63 94 46 38 53 86 39 53 44 66 50 89 79 96 14 19 38 3 49 29 75 27 58 71 67 54 45 39
35 16 87 71 67 100 27 23 38 79 92 77 63 8 9 21 21 54 15 13 24 9 13 63 28 100 100 54 43 91 83 32 26 22 62 63 74 10 41 14 60 20 6 73 96 72 81 36 42 97 79 52 70 68 71 73 64 54 89 33 38 4 9 44 86 79 43 77 26 2 24 96 22 68 43
38 65 40 44 53 80 8 49 2 77 76 36 69 52 29 57 45 82 35 17 15 26 30 59 85 6 96 78 3 66 71 7 77 74 74 64 85 24 38 31 39 41 19 83 47 42 25 1 15 5 78 59 60 69 2 46 77 43 9 29 70 98 75 70 95 22 15 98 38 70 64 10 71 63 25
56 61 98 14 55 67 49 5 10 14 16 42 84 39 84 89 69 16 3 78 14 14 62 26 74 17 8 37 30 77 87 82 60 78 44 42 66 4 72 61 46 66 12 38 94 96 40 82 55 63 22 6 21 65 41 76 33 24 62 1 94 79 6 37 61 75 48 82 54 52 1 87 39 91 21
12 89 39 90 25 77 89 23 2 12 24 54 44 1 18 16 18 38 48 22 98 76 2 79 53 15 40 31 1 71 66 25 45 28 13 59 100 94 11 14 52 22 95 48 20 91 25 82 39 16 69 74 69 47 9 92 98 23 78 49 46 84 81 76 91 1 14 53 54 44 28 94 65 87 13
81 45 32 2 24 32 44 17 78 30 6 31 62 37 92 41 20 100 61 74 66 100 60 65 56 29 24 72 65 85 18 21 89 25 13 21 72 22 13 81 45 83 29 13 13 7 78 59 14 47 48 5 92 9 68 55 87 58 34 31 38 6 73 93 70 65 26 22 77 17 32 86 84 90 34
60 48 27 52 75 54 58 47 56 4 30 44 76 9 41 4 21 61 23 49 99 73 100 89 30 6 9 81 29 13 26 21 86 31 77 57 61 81 33 1 1 74 93 8 99 78 72 51 82 43 36 54 69 57 1 60 29 43 32 50 33 83 57 5 41 43 72 32 94 43 96 9 98 17 52
52 14 36 92 20 44 53 4 52 85 37 45 43 12 72 94 81 11 67 15 70 91 10 26 12 36 16 98 66 39 40 58 65 43 26 33 82 28 55 33 74 5 85 43 54 74 85 28 18 61 28 36 12 44 63 18 78 14 63 77 21 55 2 29 70 51 67 99 1 74 42 3 97 55 82
19 34 60 22 11 7 52 11 2 7 1 47 64 74 40 85 27 78 21 75 70 36 38 99 9 59 21 84 23 9 9 32 62 60 97 44 57 32 66 65 72 66 1 31 48 21 28 35 52 86 81 41 97 7 46 53 27 65 56 97 91 42 24 51 50 55 3 59 93 66 86 15 13 93 100
52 17 67 91 60 99 34 1 29 58 56 8 29 78 51 74 86 84 60 90 50 14 96 45 26 99 44 99 58 78 98 35 29 95 97 30 64 58 66 79 7 27 42 19 53 76 33 93 65 9 34 23 50 33 78 32 15 95 31 53 13 93 45 22 45 26 58 46 29 68 52 33 3 8 78
94 41 56 22 45 69 25 90 83 48 90 38 20 11 72 76 18 77 2 36 4 82 94 7 80 51 32 28 38 44 61 13 53 48 85 94 10 97 68 2 66 79 63 37 29 31 14 73 11 6 52 85 30 16 15 89 59 18 19 68 20 42 61 35 31 40 25 8 60 69 12 17 25 26 88
90 13 26 2 87 3 3 35 62 24 38 32 17 38 38 77 69 97 59 78 58 86 32 75 44 73 10 39 61 20 8 32 65 55 82 35 73 71 31 32 33 57 34 8 99 89 66 37 82 98 75 4 27 37 97 2 84 57 57 61 59 68 4 79 69 56 73 55 93 92 91 13 37 88 65
63 82 45 73 47 5 95 89 69 97 50 44 14 24 1 98 71 86 94 72 77 18 100 27 11 16 74 64 82 30 74 83 98 82 58 99 11 45 67 65 50 32 38 58 34 39 32 52 47 34 76 12 35 88 10 55 32 80 60 6 56 14 84 75 18 90 57 61 56 82 49 39 17 70 15
80 99 81 39 75 49 23 97 96 61 7 40 81 80 56 69 100 43 13 69 50 38 87 88 82 5 96 26 84 12 84 75 74 97 91 99 14 72 14 100 77 100 81 61 15 75 91 76 70 80 1 63 58 92 100 52 87 22 81 23 81 12 46 11 22 66 30 50 61 73 24 85 72 17 51
75 69 5 10 84 37 97 17 50 58 19 26 29 53 27 56 41 34 16 99 52 92 53 46 77 88 45 56 93 87 67 14 48 53 2 59 69 88 81 9 16 33 91 22 91 20 76 97 60 69 50 80 31 38 93 9 98 25 43 99 20 55 13 19 99 51 94 23 45 59 49 90 92 82 9
20 59 77 43 19 91 34 52 6 90 41 14 39 96 59 83 28 30 86 70 41 59 37 10 69 70 82 51 74 73 82 86 43 23 81 40 46 56 51 47 100 6 15 46 73 25 42 94 75 6 81 75 37 1 56 47 60 88 51 4 51 34 25 74 7 32 61 77 42 64 95 93 25 23 4
11 88 13 10 78 1 95 19 7 4 65 76 46 46 9 91 12 22 35 20 9 49 83 32 93 19 7 12 35 89 54 16 84 33 38 88 96 96 53 70 19 27 60 43 92 100 14 55 19 37 37 90 51 74 100 49 37 49 99 57 21 22 86 18 37 9 83 31 46 64 4 94 71 35 92
54 14 97 66 87 37 98 82 28 83 53 98 83 92 84 68 58 90 14 68 78 87 78 11 1 49 27 83 50 82 11 92 25 18 80 21 63 19 88 75 52 37 99 22 27 29 65 15 40 34 85 5 48 52 46 4 100 97 67 69 50 79 42 94 23 92 92 10 44 68 2 65 29 98 8
86 54 37 48 2 35 5 90 10 5 72 87 38 97 16 16 96 96 20 65 96 48 86 68 48 37 63 52 77 38 100 31 57 85 98 94 82 72 57 64 42 3 7 28 30 25 52 44 42 18 36 12 27 75 51 78 3 87 59 95 100 44 71 2 34 22 1 1 98 21 43 5 5 20 98
93 31 26 9 50 38 61 79 58 47 39 32 10 38 99 35 27 47 86 45 95 42 40 5 31 50 18 95 68 29 75 53 10 26 49 88 8 70 75 17 15 3 80 9 66 36 46 57 71 58 54 4 2 79 39 57 5 75 91 71 45 52 65 46 77 88 32 21 87 71 37 28 85 52 73
92 76 7 83 4 38 53 51 80 14 76 26 31 34 47 11 71 91 46 27 76 63 42 98 39 13 4 84 99 20 27 41 26 73 65 32 90 61 2 73 32 76 3 88 96 50 92 10 68 59 90 82 35 40 72 67 9 33 91 4 90 2 66 94 61 33 27 71 78 17 20 50 91 84 33
55 80 97 38 68 94 63 53 36 47 35 48 45 93 82 59 43 71 21 87 4 100 72 30 72 45 92 64 29 74 7 87 64 43 34 16 16 100 99 83 2 43 51 88 57 7 84 100 51 3 47 77 12 98 93 6 17 48 24 59 44 76 26 40 21 84 85 29 75 51 50 81 85 24 96
44 73 21 19 31 84 4 27 40 7 84 52 30 51 93 91 6 2 18 46 17 21 45 24 24 1 80 54 65 85 95 61 92 38 9 70 98 46 32 74 63 68 63 55 63 43 24 95 49 25 99 31 11 22 69 69 28 3 29 86 28 82 75 26 21 39 38 51 70 96 62 11 71 60 45
91 22 90 85 62 40 5 86 60 10 98 6 7 67 67 35 99 14 98 57 39 2 74 19 40 2 75 95 81 49 85 42 24 61 59 51 57 26 62 9 55 66 99 37 94 94 1 1 20 55 80 98 77 84 96 60 74 87 81 93 42 70 84 40 74 64 63 16 50 48 48 78 26 78 22
15 8 68 18 89 99 24 77 68 53 10 55 87 73 6 60 78 68 55 74 38 42 51 27 18 47 17 51 65 48 72 56 96 40 81 12 79 94 42 15 78 29 83 99 69 5 88 1 63 62 8 99 17 8 65 4 87 29 80 99 42 58 46 53 38 28 45 87 61 14 30 57 52 15 60
9 89 94 42 3 48 56 95 83 1 22 43 20 3 46 24 18 19 21 49 21 9 22 50 39 75 7 64 13 23 3 5 80 6 9 30 77 97 40 58 74 50 28 11 8 34 72 32 45 88 89 13 29 15 74 49 67 59 38 70 27 26 81 97 39 71 88 88 72 97 55 8 59 33 7
22 46 47 45 88 49 28 9 49 43 89 58 87 19 48 58 87 58 27 56 18 16 63 56 2 43 50 32 90 55 62 27 4 26 77 54 61 28 58 8 68 6 25 52 75 14 83 77 33 23 66 14 23 38 18 66 57 77 8 92 42 38 38 49 56 70 74 9 3 67 46 3 54 50 86
77 22 56 40 89 83 7 76 28 99 64 32 97 68 3 27 81 18 47 97 14 54 85 24 22 7 17 48 31 59 13 73 53 39 17 55 27 29 50 26 72 75 11 57 50 8 97 84 53 9 36 39 12 100 11 43 26 61 65 42 39 9 80 92 45 19 1 60 95 84 48 81 45 80 26
14 19 1 71 39 54 52 82 83 64 21 98 54 39 2 36 79 18 39 97 86 89 33 94 26 47 27 72 48 94 27 51 43 14 70 12 19 90 59 15 9 45 32 34 42 6 74 85 56 68 13 13 51 84 83 6 46 87 19 2 73 19 75 71 10 50 78 31 91 50 86 1 100 68 37
36 65 75 31 55 43 4 84 46 80 76 97 22 79 5 19 99 35 53 41 11 90 10 36 86 49 20 58 15 79 74 7 90 96 3 89 9 99 7 47 93 38 100 50 46 25 94 14 18 43 56 82 74 85 22 68 58 74 3 8 5 90 84 64 11 94 26 39 61 38 91 55 51 51 98
60 34 42 32 32 69 23 93 98 81 64 42 61 35 79 10 65 33 92 5 84 77 25 63 61 34 90 40 54 69 13 5 55 29 80 90 23 82 91 87 14 23 41 43 21 37 68 90 99 81 64 20 39 8 13 54 96 71 50 59 75 30 87 96 39 54 31 16 7 81 31 61 10 75 58
9 92 30 6 25 15 29 17 72 19 63 65 14 96 44 6 12 87 83 41 98 32 90 25 90 64 52 55 34 93 41 46 7 31 18 44 41 7 39 81 51 72 34 8 56 54 91 96 71 67 16 62 54 89 41 97 85 4 36 11 27 74 18 38 60 93 13 84 44 66 1 11 3 83 29
67 73 46 90 3 64 17 42 72 13 50 44 41 65 47 91 82 77 100 1 53 15 96 35 84 86 46 9 62 10 57 73 87 85 97 16 33 24 80 62 47 61 40 58 42 51 66 92 1 7 24 38 68 5 52 4 98 74 84 99 42 3 36 14 49 91 37 69 23 44 99 99 88 13 41
71 88 41 33 53 26 93 76 21 54 95 3 26 25 40 32 2 16 28 9 7 16 67 73 98 41 41 32 95 34 33 42 54 59 15 77 68 71 42 18 35 14 5 46 76 27 1 62 94 26 44 30 95 11 16 56 71 70 11 43 57 87 68 43 2 22 24 75 92 78 61 9 20 88 7
71 89 24 49 14 62 35 96 45 27 53 61 29 99 13 12 100 2 38 73 55 22 91 71 61 59 85 9 17 67 68 91 36 100 52 68 82 15 53 55 59 17 28 45 62 100 48 28 91 6 37 82 33 12 49 89 98 98 40 14 87 1 29 77 19 61 12 71 44 85 66 53 33 30 71
39 5 79 48 3 61 12 31 13 26 74 31 8 70 37 15 58 29 83 83 22 43 98 23 89 65 55 40 7 12 88 62 47 98 33 30 56 82 95 42 70 9 88 37 100 20 59 31 11 11 92 19 18 69 72 19 81 57 89 73 22 39 41 30 60 83 63 31 64 27 8 34 93 51 96
23 97 100 30 65 43 8 17 96 55 84 3 10 84 93 32 40 90 84 38 61 49 98 94 58 25 21 95 60 11 36 77 78 36 13 78 5 60 57 84 39 6 87 74 15 39 99 2 44 32 53 49 19 100 19 25 23 15 26 7 19 75 74 28 88 81 57 56 72 74 79 15 55 26 91
1 80 72 20 41 94 39 36 65 54 44 70 13 25 57 31 7 84 48 39 14 50 47 88 65 72 30 2 64 36 57 28 53 65 26 59 25 46 62 37 88 78 4 44 45 56 24 72 77 40 72 77 54 72 61 86 15 18 45 56 98 28 97 45 97 66 57 4 73 38 40 92 8 84 28
68 45 42 83 8 48 96 41 27 87 39 2 73 44 84 56 65 81 26 10 43 95 40 95 81 34 75 88 58 19 4 5 93 34 23 77 62 28 19 1 58 84 90 92 15 76 62 36 35 32 5 99 72 26 19 66 4 56 56 55 97 83 12 13 79 39 98 20 11 3 42 84 57 33 23
86 23 58 68 41 62 79 71 38 64 95 3 5 21 13 89 56 47 23 21 61 89 41 95 18 35 55 48 39 21 58 80 74 67 97 91 3 77 50 39 90 8 82 44 74 65 9 15 16 1 43 6 56 19 74 43 27 74 18 29 1 27 85 45 100 2 68 69 20 64 62 95 2 64 83
17 8 30 80 96 16 70 91 76 56 64 34 17 80 96 31 34 36 7 15 81 7 10 52 42 9 56 78 66 52 38 6 65 43 30 45 70 59 41 70 44 31 91 19 43 75 57 64 35 45 69 53 67 20 20 96 19 95 86 100 70 51 91 3 19 14 91 37 71 81 61 37 29 81 18
46 82 44 90 56 84 24 48 46 53 65 63 10 30 74 5 44 18 89 17 22 30 5 24 11 1 87 12 10 48 31 95 88 65 67 34 78 19 12 53 55 52 88 48 60 4 90 72 48 32 54 75 97 100 47 82 60 78 90 48 14 78 16 18 64 90 58 22 48 29 13 59 47 39 76
56 2 5 39 92 7 85 55 4 79 61 81 68 5 97 89 62 29 41 1 85 48 24 8 93 50 60 95 87 10 96 74 81 26 8 84 4 70 94 72 52 92 89 37 96 5 28 23 45 74 38 50 99 32 41 56 89 29 73 90 88 20 1 58 65 93 46 29 68 30 98 17 8 71 36
73 10 9 58 37 61 95 23 85 87 12 91 85 76 54 12 40 9 7 6 17 49 21 92 35 89 25 83 7 50 90 33 66 20 95 32 51 91 86 39 52 15 35 14 51 64 25 46 76 86 80 80 99 90 27 68 23 62 6 86 70 68 80 29 36 71 25 12 93 55 50 94 81 11 53
61 92 95 53 99 68 43 37 56 40 68 44 91 33 16 50 41 78 41 61 36 75 100 39 32 24 18 61 8 25 95 14 86 99 42 38 47 24 70 93 88 19 84 94 54 72 87 88 92 65 68 27 68 6 82 3 16 35 64 80 71 15 26 65 86 4 8 94 1 62 37 32 52 17 20
29 72 93 18 7 5 20 70 4 63 45 100 58 8 63 64 50 28 59 70 54 89 41 18 57 37 4 46 20 71 12 49 82 79 3 36 10 67 34 65 90 37 28 8 26 29 79 39 13 94 94 61 18 2 63 1 9 9 36 30 97 7 50 16 65 2 35 100 80 38 50 42 90 71 86
98 77 31 6 14 98 100 54 64 14 23 33 100 49 71 39 17 80 35 66 7 58 63 16 89 11 59 26 41 23 76 32 22 71 26 38 97 28 24 49 37 93 100 81 11 39 74 89 1 53 37 88 5 24 5 53 86 98 77 69 48 1 67 95 89 68 60 72 47 13 23 94 37 91 13
15 21 46 60 10 22 95 98 80 52 94 68 87 2 86 75 74 76 96 19 60 93 57 67 68 62 62 14 6 9 90 16 63 51 25 10 23 61 47 82 47 90 57 96 65 35 68 16 56 91 83 90 72 32 42 9 10 21 63 60 64 56 6 84 62 89 21 79 56 18 41 87 42 65 55
17 96 98 12 6 2 18 19 88 6 39 78 4 9 14 18 67 25 80 46 32 4 52 40 19 100 4 99 72 69 31 88 8 99 10 19 59 78 85 59 23 37 56 39 44 95 73 47 91 2 38 84 70 89 16 84 87 18 67 60 7 33 69 80 9 99 44 58 22 62 14 14 37 26 69
97 20 95 42 79 52 7 39 67 56 79 22 95 33 29 39 77 57 68 47 14 83 66 25 100 41 97 67 30 67 71 91 58 84 34 97 80 79 29 5 80 85 82 1 33 75 35 9 88 87 93 72 75 72 12 27 50 97 18 82 57 36 87 57 16 59 84 44 97 71 98 44 65 1 89
61 20 46 31 12 55 77 71 68 79 57 63 71 71 86 67 60 96 46 84 10 90 33 41 27 37 70 18 93 22 60 91 67 22 92 65 13 53 62 78 69 28 77 27 64 39 28 47 82 34 88 48 46 73 22 58 91 32 36 78 31 40 21 90 49 30 23 31 17 34 86 55 11 77 16
47 59 14 48 58 50 45 65 84 54 57 30 51 67 99 62 35 43 4 13 61 90 27 22 1 47 19 72 76 83 73 90 23 44 34 5 64 28 15 61 71 32 5 34 65 71 11 61 55 87 92 89 83 44 36 28 97 33 79 2 89 57 34 5 65 65 36 49 52 46 79 84 60 46 40
9 31 61 65 14 85 55 70 40 25 94 5 31 68 19 99 74 98 11 80 50 18 81 61 61 38 42 88 76 73 84 59 23 34 36 67 93 58 35 85 80 73 69 15 31 96 58 53 10 95 63 20 5 98 21 44 59 2 10 60 58 55 95 26 87 73 7 9 4 25 90 39 99 22 75
15 52 91 38 4 10 14 94 5 4 53 43 42 64 51 70 3 37 95 2 7 23 73 27 71 59 66 84 64 74 95 12 92 60 20 44 41 58 53 10 98 47 69 12 100 50 44 71 100 20 14 83 25 80 65 47 82 59 44 65 65 96 64 58 5 85 10 27 97 67 57 67 60 20 79
2 98 72 16 23 82 31 12 95 7 50 10 53 96 38 31 79 78 70 1 88 64 21 67 11 46 78 8 71 79 52 47 31 36 22 72 16 93 83 46 40 16 75 17 17 17 44 54 77 74 26 11 16 65 10 10 45 8 67 82 16 37 55 33 99 89 10 77 70 54 29 92 91 54 46
13 83 4 80 87 93 31 91 69 63 77 83 26 100 36 54 80 98 70 81 1 97 86 27 83 42 2 39 82 17 43 9 7 87 90 16 49 54 2 57 74 77 72 37 10 94 30 89 96 88 76 28 84 70 60 5 86 41 58 44 74 97 8 77 75 37 54 91 45 90 61 40 96 28 50
18 98 87 77 71 20 84 60 25 18 7 12 29 5 20 90 69 33 51 42 46 34 16 96 97 48 11 68 20 4 70 82 61 71 41 42 79 39 41 100 33 88 29 20 14 53 91 41 4 21 44 39 34 39 32 55 49 54 72 28 42 79 4 46 62 12 32 11 88 28 59 74 58 54 44
98 53 8 63 63 41 30 53 31 76 29 2 85 62 27 9 45 46 13 93 21 36 41 16 55 75 44 62 48 28 76 67 10 55 20 73 4 6 50 39 72 17 48 89 14 73 33 4 13 89 62 100 51 87 71 51 14 21 57 88 75 19 52 7 100 93 90 21 68 76 11 62 33 52 85
30 75 31 62 58 55 15 57 91 25 83 31 2 31 27 21 10 44 80 23 100 52 94 19 81 61 99 83 30 93 18 76 57 45 97 72 41 19 79 97 18 85 11 11 47 54 49 26 85 88 86 16 58 100 4 16 12 16 4 78 4 43 77 25 5 59 1 17 94 55 78 9 63 84 54
58 95 36 78 96 50 85 45 32 12 12 8 54 4 53 13 21 49 96 98 60 45 47 82 85 38 85 88 76 57 32 54 77 67 70 71 53 39 35 75 23 90 100 22 5 98 54 99 22 19 76 90 37 8 73 4 100 12 31 3 68 2 50 19 44 95 26 16 45 60 16 36 19 62 11
86 27 62 17 91 76 13 78 60 23 11 90 79 99 36 21 55 88 85 10 36 8 5 83 55 51 37 91 44 43 58 25 64 42 14 27 20 88 9 77 81 18 76 23 28 33 38 68 49 66 90 35 30 6 86 71 78 23 74 73 74 26 29 56 58 96 72 92 28 30 62 90 68 20 52
36 23 76 4 40 36 42 69 22 95 47 82 19 53 20 93 81 40 33 37 24 11 61 60 63 84 45 78 80 18 36 21 24 39 94 35 26 50 23 20 27 53 53 78 64 80 94 46 70 94 95 12 20 29 95 60 76 20 85 4 57 88 91 41 73 73 37 59 100 87 92 94 37 61 61
72 11 86 3 24 17 2 79 77 65 89 38 30 55 77 31 1 24 5 48 19 4 83 22 14 41 19 9 50 86 95 91 21 13 36 61 76 11 24 10 48 98 39 45 87 61 95 34 23 10 85 56 38 37 53 63 93 85 43 73 8 6 99 58 13 8 59 80 56 49 4 45 14 86 91
70 40 97 1 76 4 73 16 66 50 2 36 52 35 12 70 43 39 87 89 42 69 50 46 17 61 9 81 26 24 22 43 28 86 1 74 53 70 100 24 66 4 54 1 43 63 89 59 32 56 38 42 36 73 91 46 71 74 95 33 42 6 78 13 74 4 42 57 37 36 89 95 13 77 6
48 6 56 17 6 84 100 22 90 71 67 98 74 70 70 22 73 65 24 80 99 45 43 50 5 62 51 16 75 20 35 8 79 87 52 67 23 1 71 95 70 85 89 89 95 34 27 55 35 10 43 13 16 10 13 26 86 100 58 68 65 58 14 35 61 16 92 23 36 12 8 77 36 71 25
86 53 98 64 51 59 30 79 77 85 3 88 73 49 17 36 48 36 58 97 35 80 72 27 91 52 61 50 39 79 13 62 13 32 30 55 56 30 50 73 24 19 21 18 10 83 50 68 74 28 52 56 30 53 1 49 82 12 3 16 64 34 46 92 6 29 8 19 67 24 37 3 88 37 58
86 73 88 79 100 29 7 90 2 48 37 63 75 19 94 53 19 70 62 62 41 54 41 7 75 53 6 85 2 9 50 72 65 35 87 12 13 33 50 89 17 34 28 73 26 55 88 9 96 35 71 67 27 62 71 25 80 76 38 51 88 67 71 93 23 11 35 77 36 86 18 23 17 73 39
73 65 23 9 11 79 21 20 26 91 13 13 23 10 91 63 13 29 21 38 91 29 40 48 43 92 91 5 8 34 3 8 91 71 77 96 79 21 9 77 75 21 96 90 28 34 53 81 49 84 93 23 29 5 90 66 64 84 100 37 84 82 1 68 53 28 90 73 32 62 61 58 31 68 95
32 76 16 2 4 58 62 78 99 79 29 69 37 81 56 34 36 60 55 26 71 61 52 35 86 25 13 80 75 61 36 22 58 48 35 20 39 71 99 55 34 27 64 47 64 74 25 98 39 86 5 45 91 12 29 17 83 97 2 77 91 8 40 74 71 62 89 68 1 48 41 22 35 72 18
40 45 15 75 67 13 41 29 47 97 30 70 55 58 19 27 23 62 5 24 25 37 83 34 75 98 88 11 23 42 80 28 12 55 24 67 33 42 34 71 86 50 92 36 83 51 73 55 89 60 12 74 57 99 43 31 71 73 54 46 10 56 74 43 7 47 73 44 27 52 31 8 67 20 83
56 70 49 52 50 36 83 72 4 51 44 75 67 71 6 22 77 46 47 98 67 51 42 5 26 25 97 45 71 85 21 71 53 48 40 42 90 49 77 23 23 85 94 5 88 1 9 17 48 61 77 6 70 94 83 57 50 100 60 1 74 78 85 61 66 41 94 25 24 20 14 62 55 65 30
92 8 16 24 7 63 77 28 34 17 71 82 25 11 24 6 36 84 56 42 24 40 16 82 41 23 54 3 98 20 6 9 14 42 18 20 63 3 16 75 98 80 32 39 67 27 53 34 89 68 7 98 92 52 52 22 64 100 97 84 37 59 65 64 4 42 69 74 99 48 70 66 43 88 34
1 46 65 91 25 3 85 64 46 41 86 60 66 54 60 39 95 63 64 94 31 96 35 42 58 74 4 8 81 54 97 9 72 39 28 53 14 35 43 34 79 5 65 51 85 2 9 82 94 85 73 100 81 97 49 16 86 68 86 97 69 85 27 30 67 60 14 83 42 75 25 20 10 46 59
65 28 60 31 22 34 11 40 9 6 51 82 19 53 7 34 13 19 87 56 69 74 57 33 35 70 83 33 83 88 12 47 12 29 11 18 47 49 40 52 85 13 28 90 7 59 60 15 72 96 18 28 45 57 95 66 48 70 55 23 94 50 51 27 50 92 72 34 91 89 86 93 33 48 57
51 8 95 57 64 29 99 86 46 95 32 35 15 80 66 82 91 97 31 71 40 83 92 97 7 26 37 42 52 72 69 30 81 22 27 31 49 9 18 27 82 56 62 40 59 40 60 65 61 89 67 70 51 33 24 48 41 32 12 26 90 60 64 80 86 71 74 64 47 5 53 69 7 9 45
67 63 41 84 53 70 93 100 20 95 57 21 56 80 2 54 39 45 11 29 80 9 24 56 99 54 21 17 59 15 56 34 73 41 34 22 62 82 63 96 20 8 48 21 85 97 90 5 73 4 69 73 82 82 44 8 73 64 20 10 55 22 21 76 68 80 84 42 36 23 45 56 5 48 93
87 63 22 38 81 96 25 9 45 17 86 1 7 9 74 79 14 49 7 53 19 24 71 87 52 37 81 28 73 52 12 63 15 60 86 60 60 60 35 14 18 33 55 85 78 51 61 86 64 81 24 94 95 87 2 89 5 80 36 58 8 23 53 41 63 39 86 6 7 62 93 24 78 29 58
63 1 39 65 99 33 100 4 61 11 18 67 25 27 34 65 20 67 34 78 46 57 16 23 94 67 32 88 81 89 25 30 96 4 35 47 93 17 1 29 64 8 31 3 95 38 44 4 87 35 27 49 90 24 87 84 17 41 98 52 73 71 27 69 34 1 71 58 97 34 85 3 83 98 8
35 5 86 4 22 43 12 76 55 41 65 9 57 69 15 94 43 75 70 69 13 58 3 63 1 8 78 23 61 67 78 12 59 50 59 20 74 66 88 57 53 95 57 38 27 94 23 9 84 98 19 30 35 60 71 60 94 43 14 34 41 29 23 94 88 93 54 13 63 25 88 11 95 78 42
95 8 62 64 45 21 4 17 5 97 50 67 8 9 73 80 98 20 62 8 6 84 28 64 45 23 89 9 45 39 90 36 13 82 46 59 54 25 11 19 25 40 63 42 85 22 63 71 76 62 71 25 83 11 12 83 26 69 8 69 67 9 51 56 37 65 44 96 8 49 56 62 21 76 49
30 26 75 42 45 60 66 11 88 71 9 12 71 30 50 69 19 80 15 52 1 38 9 86 34 44 30 74 77 72 43 95 15 2 34 23 4 27 9 73 4 48 13 28 19 54 1 50 89 97 39 15 4 79 35 7 78 43 67 68 55 76 43 66 86 75 1 24 73 37 15 8 3 4 19
11 86 15 6 21 72 3 59 45 93 37 50 50 78 10 6 7 74 80 13 95 88 46 79 94 76 67 75 89 60 50 89 10 73 76 94 10 8 83 95 9 92 78 45 44 89 15 79 31 49 100 100 53 91 73 21 29 27 29 66 69 71 15 47 43 81 51 45 29 78 18 19 3 86 5
55 69 31 50 66 95 4 33 37 23 66 12 20 72 23 6 20 76 83 16 67 15 36 96 78 94 32 87 17 81 67 39 71 34 80 32 5 74 73 17 41 66 46 97 92 4 59 63 42 4 86 41 92 34 46 25 34 28 22 90 28 60 70 50 53 69 33 48 70 15 2 60 11 68 73
33 7 39 74 94 38 56 2 3 36 53 76 23 73 33 16 80 67 23 33 17 71 38 32 21 2 32 28 28 99 83 68 27 86 30 85 45 8 48 77 84 36 63 46 10 79 27 78 43 89 97 98 88 23 39 93 100 45 13 57 99 56 43 12 14 76 13 99 99 14 44 7 53 90 70
59 89 13 95 35 55 66 99 50 64 48 25 55 85 44 70 9 96 58 33 71 28 9 31 95 94 49 2 88 34 82 100 53 31 36 13 59 21 34 67 96 48 86 10 60 19 99 96 100 4 22 4 85 29 17 25 75 79 10 29 80 66 75 56 28 23 29 5 84 89 1 63 91 100 54
72 16 36 78 26 90 28 31 37 19 41 5 99 24 27 72 3 61 29 30 64 17 57 43 98 32 58 65 47 91 50 89 9 65 94 89 62 65 71 75 62 16 17 10 3 75 4 49 53 72 97 68 86 30 83 84 78 27 15 44 59 11 92 99 1 91 10 29 40 46 68 87 73 45 95
7 2 3 92 83 93 18 62 87 65 17 55 15 2 2 14 48 2 94 76 45 9 79 14 99 49 93 18 54 53 73 14 89 96 49 81 66 63 98 73 87 9 69 34 63 36 41 78 80 6 60 6 24 51 73 32 47 19 91 100 57 23 36 83 34 87 79 81 70 62 97 85 90 44 55
8 52 34 14 66 58 51 85 79 23 7 53 19 4 94 54 38 49 26 35 1 58 70 95 12 56 6 34 6 57 32 7 73 72 81 31 98 29 86 82 28 21 35 39 35 99 16 32 32 64 46 3 31 67 68 18 41 57 99 33 44 87 70 29 95 57 77 94 41 13 6 80 65 96 53
32 41 58 41 26 7 29 83 70 87 83 32 20 60 7 100 79 54 19 60 35 59 33 15 73 38 62 100 32 7 84 87 5 6 36 60 37 10 54 88 27 58 47 59 73 20 11 66 100 58 92 33 49 70 100 52 51 27 60 65 78 31 22 94 77 52 12 49 22 64 31 58 73 50 98
20 62 32 53 16 13 77 75 85 90 55 34 7 58 47 16 4 97 20 74 61 55 41 98 48 68 24 94 70 77 74 48 4 72 17 39 78 56 55 64 43 53 6 98 11 87 77 24 41 2 42 67 51 48 14 69 53 37 3 54 35 80 28 26 58 42 79 40 22 31 70 88 21 18 4
1 19 95 9 30 54 78 63 14 37 99 42 17 69 8 91 74 93 92 83 96 93 40 34 25 44 21 43 25 78 34 43 65 9 19 48 35 66 26 57 17 94 56 45 33 57 58 6 86 69 34 92 29 30 84 63 36 51 37 60 48 77 81 85 1 70 5 83 53 22 25 56 66 75 1
50 29 95 95 79 92 59 58 3 98 13 12 48 39 40 69 11 51 43 87 97 70 100 15 80 91 92 59 84 76 46 55 72 12 68 54 96 94 68 14 41 17 21 58 76 95 71 17 52 40 75 2 68 79 84 4 75 77 90 33 49 11 56 11 3 12 69 33 73 68 70 64 19 77 80
33 79 44 68 73 45 77 34 21 82 60 32 29 43 91 49 72 64 55 46 90 31 74 3 39 99 41 81 72 68 83 32 1 54 13 95 23 85 4 46 44 91 60 52 63 31 44 80 79 49 4 4 26 24 24 41 88 15 78 31 76 71 18 33 37 22 24 47 98 72 100 29 23 76 4
31 15 100 75 54 3 2 76 38 28 56 92 64 31 2 21 28 92 97 35 91 36 30 89 57 11 49 86 95 68 34 77 30 17 4 43 27 5 66 94 69 29 14 27 84 37 20 12 82 94 15 68 96 58 65 65 95 96 2 45 41 62 99 22 76 85 58 72 46 84 25 45 19 45 64
80 98 61 42 77 97 53 28 36 87 29 49 13 80 63 49 12 19 91 47 28 99 81 96 76 38 21 76 95 94 98 6 25 6 68 59 21 98 53 100 99 91 32 40 79 70 5 23 17 8 22 69 78 20 70 57 63 96 60 36 4 17 36 86 13 30 10 48 13 27 29 33 58 71 55
31 55 41 98 90 93 46 56 22 98 23 97 15 80 12 39 47 11 90 83 4 70 40 60 21 28 79 46 84 77 25 27 96 2 46 5 75 90 84 33 95 42 95 50 61 25 65 4 88 67 44 59 61 79 41 18 91 94 70 74 79 26 21 17 85 82 3 20 18 40 72 95 9 77 8
46 15 46 60 11 96 37 27 48 57 31 99 28 96 22 51 38 59 90 32 98 60 35 27 47 78 7 39 59 98 6 16 8 3 97 37 16 14 83 83 14 11 88 90 59 19 59 9 20 100 84 2 41 98 44 89 62 21 26 30 50 37 99 74 76 28 70 56 93 24 87 93 60 10 1
40 12 54 20 23 32 80 41 68 5 60 21 69 93 33 90 6 62 56 43 41 79 7 23 85 61 41 10 73 68 92 9 59 100 60 98 72 51 13 71 15 27 87 11 36 87 28 65 32 60 88 28 43 67 94 81 92 76 59 66 3 58 61 29 60 12 27 90 69 79 16 96 47 21 5
69 52 84 94 90 10 78 97 100 99 98 82 92 75 83 1 90 32 91 82 57 46 11 34 4 74 20 6 22 64 29 75 75 19 92 12 72 71 10 93 90 35 33 4 12 9 6 56 97 38 57 96 22 83 92 33 32 60 73 30 85 73 59 17 26 3 29 89 82 23 77 39 13 47 37
88 59 38 93 54 69 72 20 47 89 4 75 57 9 53 73 77 9 30 75 47 76 85 51 5 96 72 37 21 7 38 2 37 57 93 54 26 98 60 60 62 59 52 9 12 75 40 6 67 100 53 28 26 63 7 76 29 17 71 45 86 28 74 29 6 76 50 8 96 26 18 78 69 79 78
64 86 41 56 69 40 4 2 3 21 18 15 70 6 99 10 78 25 56 56 34 33 87 18 35 62 83 30 32 7 7 23 84 73 2 2 95 100 80 85 76 79 48 91 40 56 20 13 65 39 40 59 46 10 90 78 90 62 1 59 55 59 86 34 69 60 92 71 74 12 5 47 62 57 56
30 40 20 33 76 20 95 63 3 52 60 59 30 67 73 16 52 45 16 74 21 14 42 5 55 16 85 33 17 50 95 17 66 96 13 17 12 84 34 25 43 56 64 18 98 92 73 73 67 76 29 44 36 4 25 41 49 39 75 74 9 39 19 80 42 36 81 34 68 14 42 15 50 37 53
91 22 85 64 100 74 68 6 77 60 23 92 12 19 68 98 3 97 41 51 35 55 12 89 97 12 88 40 76 53 44 33 17 89 57 75 79 70 96 45 73 68 41 41 95 51 44 98 90 97 58 84 97 41 48 36 67 59 43 91 36 68 32 51 31 75 51 97 89 13 24 66 79 5 75
98 47 89 51 48 39 55 14 46 30 61 15 81 45 83 85 38 9 16 74 95 45 4 41 85 23 74 18 27 88 39 10 44 60 15 94 55 8 84 18 81 70 73 25 12 28 18 87 24 18 82 25 46 93 78 50 31 4 71 24 86 71 17 98 53 41 43 63 18 53 26 58 16 38 100
94 68 83 68 40 25 15 48 100 89 14 12 4 58 62 81 100 20 2 72 59 99 25 14 93 51 36 62 74 1 76 67 94 83 36 9 37 2 48 70 62 51 54 82 3 42 92 84 12 94 94 96 22 26 14 77 69 21 86 88 29 56 21 97 82 30 75 42 81 16 93 66 2 95 84
60 91 2 71 38 62 8 66 69 65 88 33 44 16 93 19 49 10 35 6 70 34 45 63 95 23 48 79 71 71 54 5 89 52 50 69 74 10 78 81 40 71 55 82 33 99 84 98 75 1 55 40 92 77 79 34 44 52 7 40 67 30 93 2 10 17 55 30 12 9 63 77 36 66 61
13 41 16 41 14 71 97 35 31 25 64 99 8 33 25 53 4 5 73 16 3 24 8 40 70 93 2 32 50 82 24 36 17 67 26 89 7 91 76 91 82 36 45 47 9 53 8 100 52 33 35 17 95 25 54 69 71 37 76 97 73 76 37 88 16 18 68 94 78 44 8 29 4 49 41
24 51 51 63 19 20 35 54 79 16 48 93 37 73 47 66 14 64 99 2 59 93 7 34 66 75 14 12 83 69 56 80 27 4 57 46 15 74 87 75 59 88 46 51 38 42 25 62 100 15 46 73 34 20 76 79 21 27 38 59 60 44 2 19 70 84 39 95 89 76 51 56 95 22 74
37 100 47 79 96 18 55 65 39 39 30 25 42 32 78 3 64 8 21 82 55 55 30 99 26 61 77 97 9 6 84 91 2 75 27 96 28 85 9 57 99 68 63 21 63 24 25 87 81 59 21 31 92 88 36 32 83 93 83 37 63 59 52 7 12 43 42 21 89 70 44 60 58 66 89
27 59 43 48 12 60 50 81 80 9 64 38 44 18 28 23 84 8 63 19 81 20 63 93 46 99 65 12 9 44 16 32 62 67 50 85 89 81 52 94 41 49 37 33 38 89 29 12 90 27 73 35 83 37 14 78 92 3 6 11 88 29 7 64 82 81 70 10 18 53 14 81 11 61 43
76 11 62 43 54 83 95 56 38 65 32 29 36 25 64 83 61 91 81 2 80 69 85 39 82 67 36 16 5 22 33 48 63 41 7 93 62 2 97 84 47 57 39 85 35 97 46 90 7 24 80 68 19 83 28 28 68 93 56 66 10 86 60 36 47 37 88 23 6 86 46 90 54 68 78
86 19 3 13 96 38 17 72 13 70 3 59 85 60 16 48 91 39 86 9 7 65 22 12 11 2 15 64 7 4 27 28 60 18 60 75 22 88 71 4 48 92 6 12 83 1 40 45 99 12 57 13 37 88 95 86 19 50 66 2 97 68 26 78 58 59 28 61 55 27 77 90 64 31 54
69 57 26 97 73 29 12 94 12 89 45 9 91 72 27 89 74 80 6 34 79 72 29 44 26 37 24 28 76 71 7 9 41 65 97 43 44 61 28 56 84 28 16 75 44 100 16 43 7 24 58 86 41 39 52 90 72 58 29 90 15 86 63 72 66 63 16 1 53 38 76 3 51 31 53
27 22 65 25 59 93 78 59 2 41 77 98 7 40 21 80 35 58 50 10 20 29 17 59 58 62 53 59 100 61 48 94 7 55 63 57 89 45 82 75 82 35 100 5 78 60 75 44 2 10 32 6 39 94 2 81 57 27 81 82 54 49 68 3 29 5 8 5 97 69 13 3 72 11 2
45 60 5 48 87 65 76 56 8 63 29 77 26 62 61 92 26 91 16 10 39 34 48 58 38 36 62 32 35 3 27 41 58 45 55 78 21 21 19 83 72 20 100 14 82 95 83 50 60 59 31 63 57 71 63 67 87 84 46 21 5 98 76 51 66 81 79 14 12 90 23 93 91 25 6
66 55 1 79 38 49 47 15 87 98 92 49 75 76 94 52 48 75 35 99 21 4 55 29 63 83 39 55 94 67 79 16 22 18 40 63 82 14 30 13 21 76 18 29 73 39 41 69 61 67 18 37 84 75 51 64 58 89 78 30 71 5 98 53 43 13 58 13 22 72 62 100 73 95 30
97 5 16 58 75 71 38 22 35 46 26 4 28 45 12 88 58 69 3 88 95 92 50 73 31 2 70 42 38 39 49 63 60 97 28 47 16 23 63 42 86 75 22 77 13 56 87 90 15 59 56 42 94 6 94 11 73 88 27 95 90 69 72 4 38 21 82 52 2 15 60 5 33 22 98
5 56 82 43 82 55 87 64 41 39 27 59 73 20 55 94 77 2 77 92 62 41 47 64 58 50 76 11 71 56 6 73 36 10 76 11 32 29 82 44 23 45 69 100 27 73 3 16 76 71 13 82 81 67 14 88 80 99 20 88 65 87 4 22 41 76 92 8 65 29 90 21 87 4 39
47 12 18 37 94 11 95 80 80 73 41 26 17 12 91 78 97 77 67 66 1 10 66 99 29 28 44 68 31 9 95 46 12 4 27 97 72 10 28 54 94 47 83 66 5 72 12 60 1 91 20 58 12 95 54 97 4 34 25 52 55 15 33 74 1 3 38 4 26 73 62 2 25 61 78
36 20 21 44 66 81 32 78 19 42 39 25 81 62 84 62 8 54 7 23 5 80 73 72 51 98 89 72 66 66 5 46 96 7 15 54 15 72 78 52 90 8 48 35 83 73 88 78 53 36 33 46 71 72 47 63 57 3 37 35 28 53 2 55 80 41 7 94 93 14 98 17 26 85 62
56 98 21 59 43 56 40 91 75 99 86 10 75 47 58 14 85 28 58 31 12 26 26 85 26 76 70 6 65 41 57 37 88 72 47 41 67 84 16 42 69 90 33 52 11 43 21 74 20 67 6 32 44 51 39 7 92 16 27 43 51 84 49 56 52 63 56 40 67 12 29 75 64 14 33
31 84 13 13 96 24 15 9 55 75 3 58 98 65 23 55 98 46 74 26 49 13 38 51 43 25 80 52 50 98 43 1 47 64 5 64 55 65 52 63 26 20 88 89 30 95 61 80 69 64 60 70 97 82 34 99 86 88 57 43 56 16 72 73 15 38 30 98 89 21 19 43 75 24 42
32 27 21 34 36 72 13 40 76 32 61 93 83 81 72 92 97 49 99 13 19 76 4 35 53 40 12 19 55 42 58 11 95 9 77 24 69 88 24 87 53 8 78 88 42 54 42 81 70 30 47 5 7 43 25 29 55 9 17 2 45 74 46 73 8 75 37 70 42 74 40 27 10 19 47
32 20 3 44 71 8 40 74 16 1 35 51 76 12 92 13 94 60 33 94 15 96 56 25 89 78 82 79 97 68 29 93 40 96 65 71 84 100 56 39 56 66 36 94 48 53 62 77 90 36 36 58 40 50 29 11 23 46 36 85 8 65 52 53 75 57 92 90 20 13 7 1 17 30 93
39 12 21 98 79 59 30 45 31 20 28 20 99 82 3 91 81 38 41 38 39 42 58 65 11 65 22 1 55 46 29 31 81 67 69 29 82 99 75 95 56 20 4 33 48 37 29 43 34 78 26 10 71 100 94 56 58 39 40 50 27 90 20 100 18 86 9 3 22 71 77 99 99 94 41
59 43 94 96 91 63 93 28 35 72 58 4 3 10 44 89 15 50 8 37 88 68 28 28 61 31 70 32 62 3 19 72 82 10 15 6 34 54 47 17 28 44 49 67 36 28 72 58 34 73 11 53 37 71 63 26 100 22 100 57 26 10 50 7 22 75 3 96 57 69 59 90 65 40 5
13 65 75 55 31 97 28 66 23 33 100 1 81 19 57 81 20 21 88 72 58 4 94 1 85 40 19 95 52 8 99 20 1 13 97 67 21 3 52 87 54 61 38 19 33 53 40 77 9 79 80 40 24 21 9 39 10 51 51 28 57 78 72 10 81 91 53 4 12 68 35 43 62 48 5
43 91 6 4 88 1 23 28 33 71 41 72 5 32 88 76 72 70 33 54 100 97 28 37 44 15 16 3 79 22 8 88 56 26 82 29 71 9 34 65 73 9 18 45 96 60 89 6 84 21 29 5 60 90 74 55 78 14 42 28 48 72 74 46 4 29 79 79 6 72 58 32 44 91 92
22 35 57 95 41 64 28 34 90 50 96 2 42 91 21 81 57 50 42 2 5 24 93 4 25 3 80 3 82 75 25 76 26 92 61 51 58 42 31 38 4 93 57 81 64 96 57 99 51 51 49 12 12 36 76 3 19 66 67 20 2 56 78 35 63 65 38 9 8 86 70 43 76 31 47
25 47 27 21 85 29 78 97 67 98 34 53 43 23 16 25 99 45 36 45 61 2 1 14 46 14 50 36 69 81 32 66 5 27 20 89 43 61 60 7 74 74 69 43 47 27 56 74 91 86 65 46 14 24 46 32 32 21 65 64 51 73 1 75 62 59 15 57 87 61 88 76 54 87 77
72 51 45 5 12 63 27 35 26 6 13 14 96 62 63 69 67 95 8 35 100 71 92 95 32 17 97 27 38 46 78 6 4 93 39 3 31 95 53 77 20 72 33 72 52 59 99 17 72 73 68 37 55 88 52 95 84 76 74 90 93 64 24 21 55 26 8 17 99 83 45 12 51 78 25
75 2 81 41 30 10 77 4 98 50 50 88 86 12 14 74 80 39 29 28 86 73 73 52 12 75 77 14 25 87 55 89 27 49 28 70 10 70 72 29 42 38 47 2 66 55 15 87 48 12 10 87 93 92 89 83 17 5 55 35 97 94 40 4 68 90 26 25 60 96 57 99 99 28 1
99 100 1 22 46 84 36 37 13 44 31 21 32 14 91 12 96 55 28 59 5 43 55 45 28 15 6 58 69 48 12 90 8 50 13 90 64 95 35 28 75 92 33 89 89 33 56 54 82 100 88 23 58 40 86 81 35 93 44 76 39 62 59 87 36 100 7 18 76 49 67 16 75 31 80
6 67 88 35 46 23 74 55 32 32 12 73 54 2 80 61 41 27 17 32 56 88 85 79 91 29 48 76 80 64 71 61 10 84 73 30 88 56 70 99 90 93 86 60 96 28 34 57 2 28 94 23 47 65 96 10 20 36 67 35 38 28 48 93 82 8 29 46 15 75 63 6 36 98 98
77 85 18 12 43 45 15 7 27 39 82 45 18 63 88 79 58 16 33 91 8 26 28 78 75 61 46 63 37 44 49 49 61 30 30 77 40 37 48 63 55 79 99 98 5 8 89 24 91 38 31 6 43 60 34 60 97 100 58 88 21 2 53 54 93 45 24 71 63 65 48 69 82 74 3
30 26 93 42 8 93 1 7 80 46 79 90 38 39 34 33 63 23 28 46 86 7 11 41 32 75 49 15 62 74 62 67 3 51 43 72 40 43 98 8 57 37 58 27 37 15 14 43 84 82 44 5 76 62 19 44 4 15 78 59 54 72 93 37 15 54 99 33 22 19 35 47 95 34 14
16 66 65 36 28 91 46 6 4 99 33 13 58 94 10 74 69 60 30 97 52 15 25 89 29 49 30 76 21 83 29 45 5 52 41 33 21 51 67 71 11 3 83 65 79 42 70 21 29 48 64 96 100 92 29 96 12 24 66 7 69 55 53 11 98 58 56 1 94 17 79 74 97 43 1
4 81 59 46 7 49 32 67 64 11 60 97 94 61 8 19 64 92 31 45 40 98 98 35 48 82 71 4 12 92 64 74 79 8 5 44 47 45 90 17 15 100 44 35 27 86 81 29 24 45 32 40 91 64 98 13 13 11 71 81 1 19 97 29 39 13 2 22 23 39 64 73 80 6 3
97 6 28 59 98 95 69 52 40 69 79 64 53 91 74 19 79 44 22 74 63 98 73 22 28 96 25 70 61 91 83 76 94 23 98 1 47 24 77 88 46 66 1 71 25 69 80 76 10 42 36 77 59 33 40 61 55 92 77 46 75 91 71 99 6 16 40 86 32 89 94 90 6 83 28
8 36 77 20 4 46 27 21 6 92 45 13 12 95 57 10 58 93 32 63 26 31 100 42 80 86 42 79 96 67 100 22 34 99 85 51 9 98 74 86 31 67 54 29 17 63 74 60 10 56 44 95 68 20 56 61 71 44 81 61 38 33 48 100 6 80 41 49 44 14 57 25 50 2 50
95 51 31 88 42 76 53 55 14 12 20 39 79 97 47 6 6 98 83 76 81 31 86 61 15 4 19 33 63 17 97 59 79 53 8 52 82 70 53 30 92 88 92 1 86 100 98 100 44 49 97 6 48 92 15 56 38 20 13 2 8 9 29 48 94 31 5 84 70 27 56 97 77 38 90
79 38 78 67 99 67 77 37 95 54 8 49 82 8 11 13 80 17 19 40 19 14 63 66 83 6 34 18 33 7 50 4 90 81 63 36 20 70 37 73 39 34 16 40 12 2 49 97 8 60 23 27 1 95 50 52 37 36 8 75 62 68 24 53 92 4 10 26 80 46 24 60 1 28 25
33 97 21 6 25 24 25 30 91 19 74 59 75 58 62 85 33 21 21 46 73 6 21 55 99 32 95 29 100 100 23 81 25 94 5 12 70 100 31 10 66 78 47 47 35 60 46 81 15 14 45 1 68 31 35 89 79 31 12 87 10 16 96 16 77 64 24 51 68 67 41 11 21 84 48
66 97 22 38 10 80 67 15 54 61 35 51 13 46 9 93 50 85 92 54 84 30 21 29 48 59 8 82 80 3 80 64 94 83 17 34 79 28 79 19 7 71 1 32 6 78 54 66 46 95 69 71 45 29 47 90 53 30 57 75 5 94 88 9 70 18 28 18 3 59 54 20 77 29 72
95 75 24 19 9 37 57 65 16 44 56 41 65 3 78 89 69 76 99 63 81 29 69 82 36 87 82 44 66 48 23 16 45 62 99 65 5 26 6 34 11 68 47 90 79 57 43 52 17 15 7 38 29 30 63 4 57 86 72 93 68 82 7 38 12 93 99 7 47 84 48 35 91 77 99
45 100 95 55 25 18 23 58 55 27 98 49 79 43 57 1 59 66 13 30 86 26 35 68 6 48 19 68 48 43 64 79 66 55 60 26 14 33 95 13 21 48 86 88 14 38 97 60 24 81 16 20 56 73 85 13 18 55 60 83 45 49 50 41 50 54 51 83 86 1 37 83 2 91 5
46 13 15 92 63 60 89 83 64 90 11 95 13 18 57 98 29 93 68 44 42 79 11 42 6 23 79 80 28 17 53 27 39 75 71 53 56 94 22 49 79 40 90 36 95 2 45 37 9 83 100 6 72 53 19 86 99 70 8 81 31 35 79 31 49 70 81 48 74 19 11 45 63 19 18
55 13 38 69 97 81 15 98 88 34 18 74 68 33 54 43 36 51 14 52 48 27 15 11 15 20 65 21 35 51 19 81 54 34 100 53 98 47 30 11 34 78 44 89 33 16 87 47 49 82 52 41 87 5 47 27 86 27 51 71 49 86 97 30 82 7 94 96 51 21 46 75 57 8 22
74 4 70 9 33 87 85 45 12 82 50 77 39 75 16 31 2 68 7 79 94 74 63 29 52 81 9 32 9 58 32 2 12 43 59 28 86 4 32 83 41 32 4 51 37 15 7 57 45 26 44 35 47 59 56 63 92 55 67 52 78 67 61 73 37 72 69 30 28 42 31 71 53 75 17
40 3 95 27 34 81 84 39 50 6 7 12 80 24 69 1 25 2 65 73 14 43 88 28 74 97 28 89 21 27 15 22 17 54 83 10 24 5 91 79 50 42 79 16 92 64 67 47 47 23 36 10 47 71 85 47 20 17 51 42 54 63 77 1 38 21 38 49 11 91 53 40 39 64 73
34 83 6 84 12 70 66 81 52 77 44 28 61 14 90 50 53 38 52 81 87 9 92 87 70 28 35 99 90 40 79 27 7 19 31 61 55 51 33 68 32 2 83 97 8 4 12 25 72 85 14 33 20 66 2 86 88 17 44 63 5 60 19 65 84 70 65 47 90 75 20 37 92 50 17
49 24 64 64 50 46 55 98 86 20 53 36 68 86 58 70 29 9 23 13 75 49 11 76 90 63 28 36 94 26 26 99 17 35 90 56 4 74 77 54 98 25 24 90 74 87 63 12 18 50 45 41 40 27 25 21 49 18 20 51 63 1 47 97 4 99 44 97 82 19 59 7 67 28 59
38 83 81 34 78 34 5 40 17 30 84 51 37 16 90 71 47 24 47 7 22 65 13 38 15 79 83 23 83 67 95 50 24 95 39 25 1 35 29 87 27 15 60 66 9 37 51 58 87 80 96 2 14 80 62 32 84 60 39 40 21 78 1 38 66 80 50 14 98 43 11 1 77 46 7
31 16 81 42 12 48 97 54 99 66 32 60 86 41 91 47 55 52 81 89 58 2 84 99 18 35 52 75 38 49 76 70 72 44 76 64 23 91 56 68 34 41 17 47 18 63 49 98 65 62 40 22 68 68 46 53 99 82 22 89 80 17 64 95 85 96 67 12 58 33 79 51 40 70 51
60 95 84 30 86 98 89 91 43 46 40 20 30 22 28 96 37 100 59 3 7 95 29 96 38 61 33 6 2 43 6 33 26 84 55 27 92 19 56 30 3 82 53 19 43 17 9 61 33 16 3 27 3 85 97 19 8 14 76 47 54 92 34 56 80 53 82 43 48 88 2 8 5 78 73
76 56 15 14 87 31 67 99 36 60 41 31 56 17 53 88 19 67 28 80 75 92 55 86 37 3 63 48 88 25 95 96 25 25 71 71 74 89 46 70 89 4 26 89 23 29 40 92 69 21 55 18 19 21 67 88 46 73 63 98 3 89 27 19 91 82 50 78 1 69 13 6 62 78 5
58 94 30 62 24 94 81 88 94 94 15 83 7 59 73 76 72 48 5 68 93 28 77 79 50 96 16 12 40 18 64 97 99 69 91 68 26 24 4 57 74 80 50 5 22 15 23 92 35 59 15 40 23 70 45 59 27 6 86 11 97 26 83 61 48 19 77 82 87 92 82 68 56 36 13
63 57 58 95 8 86 96 57 38 53 82 56 98 45 29 18 28 9 60 48 8 74 66 67 69 32 62 96 46 75 41 23 82 59 66 74 23 54 38 68 12 74 82 47 16 39 49 73 34 74 66 65 88 28 48 97 7 22 41 94 61 84 80 24 9 52 3 77 61 85 30 13 97 13 54
40 56 12 79 5 26 8 16 64 66 81 66 65 16 52 71 18 6 19 91 60 86 36 10 31 15 4 54 55 2 73 77 78 62 33 47 55 53 26 8 68 56 73 89 34 76 33 95 4 71 99 73 44 59 7 44 6 30 48 69 67 41 37 81 37 86 28 13 82 63 8 60 10 4 94
39 52 82 67 31 27 67 77 34 88 43 51 25 9 69 50 98 45 92 16 85 24 53 11 82 87 54 73 89 65 68 46 71 5 67 35 15 11 72 75 98 79 78 6 59 50 6 80 21 18 8 85 81 79 52 17 88 97 58 62 87 58 19 16 20 37 37 44 50 72 99 74 38 76 33
80 30 94 19 89 55 29 69 42 6 73 68 58 94 35 81 37 95 10 50 42 16 53 55 28 57 31 60 33 45 5 71 41 44 68 45 74 22 25 76 33 70 71 94 28 40 65 47 7 87 23 6 8 46 30 54 83 8 70 19 87 90 99 93 38 96 23 48 58 37 61 58 33 98 82
93 48 7 66 73 45 6 24 28 53 2 30 82 77 1 48 48 98 41 84 35 65 96 48 34 45 16 96 30 9 52 93 14 16 30 9 45 61 23 80 74 23 23 83 64 44 25 3 38 89 44 60 96 25 29 28 25 31 78 69 5 20 17 16 50 16 19 14 74 56 48 93 99 32 8
92 78 81 30 57 84 36 84 22 84 89 51 92 60 58 83 14 87 3 9 92 95 93 8 49 72 94 61 30 35 32 76 42 73 8 23 91 58 20 79 80 95 42 82 53 3 27 17 92 73 88 73 6 90 34 65 26 1 23 18 35 35 41 72 59 66 31 25 49 69 10 69 60 90 84
9 79 97 55 26 64 81 55 89 63 84 44 78 19 11 88 21 34 82 6 16 98 38 85 15 63 44 50 77 68 12 5 1 57 21 89 65 7 60 2 7 87 40 21 62 45 79 15 77 51 22 44 72 6 76 68 21 3 68 8 49 70 50 83 18 70 67 46 54 44 11 43 29 28 89
21 72 59 52 30 17 81 22 5 46 96 16 50 44 21 68 1 77 43 66 84 68 75 30 1 11 63 19 28 10 57 68 11 88 24 51 16 68 13 10 64 52 90 43 29 3 14 2 16 48 24 39 64 47 80 43 57 17 75 7 80 71 35 38 9 71 20 49 23 30 2 99 35 65 28
9 11 90 99 60 6 47 88 95 94 14 69 50 76 18 4 92 23 31 16 87 74 20 59 93 31 61 62 38 98 10 3 83 49 85 3 66 26 41 11 9 64 70 35 10 60 52 52 73 90 1 88 55 32 8 52 12 40 76 1 7 13 6 28 52 63 14 7 66 67 23 45 30 4 64
78 31 5 83 64 99 74 75 71 52 33 71 50 80 32 83 12 77 37 83 60 5 42 71 3 87 75 49 53 28 14 63 61 3 34 48 1 36 99 36 70 62 37 4 52 42 17 5 59 27 58 39 56 7 23 5 36 32 43 16 64 55 17 69 34 9 50 86 55 33 7 50 68 84 48
88 30 59 1 21 12 99 14 5 68 99 48 51 90 60 38 74 46 48 38 93 93 19 5 45 80 80 59 90 30 57 61 94 24 34 43 73 8 35 14 12 96 5 36 28 100 72 51 60 47 46 17 30 69 49 24 23 3 81 97 87 75 91 30 19 64 94 26 50 3 27 57 53 81 73
95 75 89 71 21 37 98 9 72 31 54 93 60 89 27 16 80 45 10 53 78 29 20 87 81 67 45 10 26 64 83 66 3 40 16 84 90 74 83 11 99 100 98 68 46 76 59 83 70 54 52 6 98 46 38 56 47 41 46 72 86 39 13 71 38 78 54 37 12 71 33 13 34 24 89
21 41 12 17 55 52 51 15 97 95 4 79 2 58 51 63 61 92 78 78 15 16 99 20 77 3 5 62 3 12 41 97 92 78 30 93 24 42 73 24 80 60 48 58 4 83 23 100 95 15 58 36 24 83 23 38 45 23 75 31 30 31 93 83 17 38 61 58 27 6 68 81 19 24 29
90 16 29 28 69 64 66 51 45 45 55 63 45 78 62 93 84 97 60 36 33 75 96 15 66 77 44 43 92 69 11 61 37 54 32 42 11 55 81 38 14 56 23 28 4 59 80 2 23 55 91 22 24 69 46 70 41 1 17 70 26 73 54 20 73 25 11 8 66 82 32 87 64 53 43
18 37 8 35 53 99 36 46 55 9 93 8 70 69 98 64 19 36 46 93 63 20 24 53 16 62 6 67 23 49 11 98 36 26 64 57 45 35 91 22 79 23 62 54 93 30 34 57 54 36 57 65 63 19 51 7 64 85 86 63 35 90 98 73 30 81 58 55 12 11 59 42 22 55 19
92 70 10 70 14 81 13 53 43 56 77 16 67 39 33 15 92 79 73 48 55 35 100 97 17 1 24 88 82 12 82 84 100 91 56 22 99 20 14 75 46 43 56 91 20 48 43 49 60 34 57 75 21 3 8 71 4 39 68 100 99 78 99 72 30 25 59 97 27 96 88 51 27 89 26
65 81 83 43 47 89 6 57 66 60 60 76 21 41 68 61 9 61 97 26 7 52 10 71 70 29 39 89 41 11 20 74 4 3 63 78 36 48 35 77 59 44 59 25 43 4 37 71 44 5 87 53 62 76 16 15 80 35 8 23 4 66 53 93 66 25 64 99 6 10 100 34 40 25 75
84 72 92 8 65 35 33 34 45 30 32 95 18 60 6 84 24 35 62 44 84 76 19 39 21 5 89 60 17 20 61 97 40 81 72 94 99 62 14 60 29 97 29 52 26 13 47 75 17 38 47 70 4 6 74 40 23 37 31 56 56 40 46 100 16 24 79 53 3 50 1 2 87 9 23
84 11 51 8 75 22 83 8 56 21 80 10 37 53 18 68 60 25 15 14 68 67 43 11 11 54 32 80 39 93 28 99 65 61 44 27 95 20 1 37 77 87 72 5 78 41 50 25 68 49 90 5 76 16 7 30 30 29 85 78 54 74 52 15 47 81 24 4 18 74 20 49 46 82 74
64 16 53 18 87 93 99 72 60 35 63 91 94 71 100 89 48 17 96 79 76 96 24 73 4 21 22 12 8 16 89 6 95 90 97 23 40 59 4 8 67 14 69 81 73 45 79 25 7 5 97 38 10 100 24 17 91 89 94 15 1 66 47 9 5 2 19 58 11 32 6 74 44 47 86
57 16 97 1 67 90 70 36 52 47 85 96 29 85 95 29 69 42 29 37 10 43 29 79 22 64 19 94 82 50 52 9 20 98 83 37 12 73 66 37 34 58 48 27 68 93 87 43 95 21 73 23 18 73 52 98 54 69 37 2 30 14 97 85 15 15 81 44 26 41 59 57 41 9 32
95 97 83 100 69 84 25 17 43 7 42 91 58 87 84 89 22 96 96 56 10 76 96 9 90 16 90 41 40 93 78 38 2 20 95 19 86 94 73 27 54 14 55 52 33 81 87 82 33 93 95 5 15 66 70 81 16 31 100 80 62 19 14 82 17 37 86 89 39 1 100 28 64 16 79
85 38 90 95 36 28 66 97 82 28 91 36 17 33 17 69 16 71 66 21 61 69 7 96 30 65 40 78 9 18 82 20 25 58 62 89 71 62 43 46 79 56 26 42 44 41 50 34 36 60 27 31 4 54 34 15 45 87 56 78 64 15 23 79 16 3 64 16 60 91 63 11 88 14 46
82 56 90 74 85 95 17 29 74 39 87 55 65 13 9 60 88 47 66 35 8 67 72 76 62 10 15 61 85 90 27 58 8 91 5 48 67 45 77 51 78 12 1 78 26 66 85 19 74 50 68 54 91 2 5 39 97 64 21 2 49 68 76 62 75 24 51 75 19 92 98 50 82 57 78
72 89 45 77 100 97 11 79 2 69 70 58 25 31 57 83 19 38 16 15 58 93 91 100 37 5 57 19 23 18 42 53 85 60 15 38 43 76 73 5 61 73 79 55 54 22 66 44 68 88 93 23 27 85 52 63 91 33 98 32 34 69 60 98 21 30 99 42 9 82 79 55 91 74 71
41 74 36 16 49 48 74 92 94 66 62 74 78 40 71 87 95 17 85 56 27 41 94 25 89 94 28 47 42 5 52 36 47 74 12 85 4 67 49 93 83 4 34 72 56 33 4 91 93 53 55 54 23 82 33 67 94 39 87 39 60 97 29 73 45 67 70 80 42 40 24 91 12 96 75
44 90 51 76 60 45 3 57 93 51 37 77 16 80 98 65 6 46 35 77 58 14 46 99 26 94 46 90 2 52 99 95 60 36 81 9 43 42 52 46 74 64 53 24 96 26 60 11 52 55 32 73 75 5 60 33 18 94 63 57 4 3 29 64 19 35 98 6 71 9 32 65 35 29 70
22 77 21 74 72 7 23 17 65 6 62 84 23 36 95 76 87 100 14 52 43 43 95 67 32 44 31 17 56 98 85 35 49 95 17 39 19 34 30 70 96 96 70 96 29 83 7 64 8 87 74 91 17 32 44 64 99 15 14 4 17 78 30 16 14 12 18 82 11 77 3 51 59 22 68
19 69 8 79 75 66 48 5 62 21 99 26 89 51 5 3 97 95 31 45 81 54 88 14 3 3 62 13 25 30 36 94 100 26 22 54 89 46 73 7 64 48 19 79 69 24 6 63 51 34 35 36 50 41 56 21 44 46 54 36 64 60 30 21 72 57 49 31 80 31 20 95 33 59 52
44 77 94 61 63 70 11 44 54 94 70 50 62 40 36 15 27 2 51 53 90 87 84 45 2 31 4 3 98 95 64 27 23 2 43 86 11 9 87 34 43 53 15 65 76 57 1 96 4 76 40 75 89 30 38 4 59 28 60 77 6 57 15 34 2 31 72 13 98 18 60 22 65 87 62
32 91 10 59 100 55 8 72 67 26 80 45 73 7 21 98 65 27 54 59 70 35 35 39 75 81 4 78 73 60 61 35 24 48 65 33 65 14 4 28 24 81 96 26 10 46 14 51 40 17 47 95 60 79 24 43 29 67 47 39 98 21 73 45 15 55 23 70 72 51 53 3 85 96 16
36 4 57 93 1 94 70 83 44 96 63 15 77 15 3 59 50 100 86 53 59 82 58 65 67 85 2 39 14 86 4 61 20 24 45 68 66 42 88 62 26 19 99 97 22 85 47 27 55 21 100 9 22 35 8 44 82 8 27 20 45 4 95 83 81 44 50 55 32 82 20 80 10 83 58
41 57 94 43 64 58 33 26 72 70 82 96 15 70 70 43 29 47 38 27 12 4 53 10 17 18 39 1 10 14 23 29 16 55 39 89 14 35 25 13 79 61 67 90 28 58 25 73 85 85 69 24 99 100 4 3 95 96 27 89 81 11 37 82 14 99 36 70 17 12 62 35 23 99 19
65 82 21 74 11 53 72 87 18 40 56 6 80 34 69 42 5 6 46 49 67 54 76 89 18 67 9 100 30 75 19 68 58 95 68 99 55 76 97 33 63 84 85 36 1 65 44 50 55 27 90 1 3 22 72 59 6 9 56 21 59 68 27 7 66 84 26 46 81 80 95 27 20 70 82
48 33 45 67 16 41 59 45 24 35 99 96 65 30 76 71 65 56 15 76 58 51 85 7 85 79 7 32 38 80 67 79 82 47 75 19 22 26 20 47 22 19 6 98 88 64 33 30 68 57 19 98 21 91 88 55 95 11 69 46 12 45 11 12 77 96 77 42 94 10 16 16 58 4 35
98 39 77 71 51 19 71 45 45 92 11 70 8 96 39 22 28 17 96 81 38 99 48 61 80 58 81 17 23 6 26 67 29 65 67 45 39 26 22 87 10 75 86 25 98 28 47 17 97 63 18 85 30 75 25 86 83 90 51 18 63 8 6 40 10 68 97 94 25 11 49 36 70 88 53
34 74 93 24 5 46 57 34 1 39 97 77 90 81 44 59 95 4 79 62 76 85 91 25 77 89 88 9 9 34 3 36 29 96 19 5 54 49 78 16 7 98 70 73 96 39 4 32 43 88 69 88 11 79 74 31 2 17 73 39 63 71 54 94 89 100 14 44 67 8 55 87 45 93 29
49 87 26 82 10 74 13 65 77 27 89 51 87 3 60 35 84 49 42 12 93 69 97 53 73 2 74 9 3 2 51 19 81 62 98 98 10 51 69 31 82 21 93 26 94 61 35 78 62 14 67 14 52 71 72 67 6 63 95 35 90 65 94 76 64 36 59 56 79 27 72 93 49 40 86
89 24 21 96 63 55 20 17 94 79 27 64 35 9 22 35 49 33 75 53 33 34 20 35 8 39 79 82 8 92 11 16 30 65 10 88 57 75 56 35 37 76 87 88 33 59 95 68 22 45 94 28 49 40 80 48 92 91 65 74 2 81 8 20 62 89 20 38 46 68 49 37 65 99 18
75 96 7 94 49 9 31 5 3 99 53 18 97 97 89 3 70 2 58 9 88 89 11 79 6 19 35 91 16 17 57 80 36 7 90 91 86 56 75 73 28 96 48 81 41 8 79 47 12 95 89 14 36 4 99 56 47 39 45 1 57 33 100 8 61 31 31 5 27 93 60 46 34 18 100
67 24 66 33 75 100 95 14 30 16 67 72 64 100 35 34 88 77 68 40 35 8 34 37 50 32 18 96 21 74 67 84 1 12 80 82 15 20 26 21 31 25 93 36 97 47 95 79 88 3 31 88 40 20 37 5 2 20 45 22 64 42 7 95 98 9 64 4 6 51 68 30 15 7 91
21 35 39 52 99 26 4 84 53 12 21 95 23 43 65 95 86 81 3 62 68 28 51 45 83 43 83 13 47 70 45 93 80 55 62 18 66 5 92 49 56 82 64 44 19 73 71 97 41 43 1 79 27 29 24 96 71 67 58 29 56 45 33 90 71 20 79 65 18 37 15 25 45 94 49
92 13 59 73 40 31 19 65 90 61 76 99 18 14 53 29 70 14 89 20 61 95 13 52 17 86 64 74 73 89 81 54 98 57 48 22 17 3 98 40 26 57 27 88 99 73 68 92 52 48 90 91 89 80 71 6 28 11 19 62 20 57 43 82 55 6 45 33 35 96 23 8 6 57 89
11 20 59 24 86 15 7 42 34 56 1 97 99 33 99 49 73 91 6 21 24 13 70 34 26 19 15 25 72 55 7 91 48 12 87 47 1 76 74 72 57 53 63 72 67 32 32 51 90 87 74 89 95 5 7 54 17 87 44 22 36 40 38 93 2 95 8 3 93 65 98 35 37 13 4
72 67 56 26 77 40 44 23 83 82 69 89 55 86 79 69 26 12 79 31 5 83 26 2 77 56 68 69 12 59 45 10 7 8 70 77 67 43 23 58 21 15 64 37 71 38 65 54 30 8 86 6 39 73 67 31 94 60 98 77 51 27 13 71 88 23 36 51 90 35 73 71 82 89 86
75 38 74 9 2 6 100 98 19 81 4 68 39 96 41 55 99 76 35 57 86 50 74 8 11 91 80 31 50 99 3 40 35 13 71 55 70 93 96 39 30 64 71 73 9 66 12 94 52 48 91 12 26 23 70 18 47 18 12 43 15 12 90 99 5 44 85 30 68 96 46 58 99 90 87
58 14 83 70 99 27 29 12 34 9 11 5 79 44 6 83 94 17 94 10 7 41 72 17 77 69 60 7 93 97 61 22 10 50 19 54 33 85 52 83 78 36 81 13 100 71 51 61 63 75 51 88 35 32 40 57 13 11 4 96 88 12 92 40 46 96 95 3 23 9 27 94 26 28 50
59 66 55 16 28 37 83 14 49 10 78 23 48 1 70 66 59 59 24 64 34 98 27 43 12 94 46 6 49 20 40 56 94 68 5 14 68 82 100 25 34 52 26 94 60 1 53 7 21 22 41 89 13 93 54 98 70 38 85 20 53 3 73 32 34 12 92 3 34 74 40 66 100 27 83
17 27 88 4 30 56 71 3 7 82 51 51 11 40 49 81 27 93 17 7 88 6 27 57 73 64 92 27 58 79 18 82 35 1 44 37 69 80 69 84 95 3 23 81 95 37 35 66 35 94 49 24 16 69 31 74 95 13 95 15 55 48 43 60 91 18 89 83 6 82 67 73 69 35 59
60 94 8 16 87 19 86 75 73 10 97 77 79 22 69 27 32 19 91 11 67 65 51 52 82 89 70 99 93 63 48 93 63 89 22 38 27 83 94 48 44 37 3 41 69 35 80 39 52 43 36 4 20 13 93 1 7 2 65 88 22 76 15 54 99 88 11 49 57 46 70 38 36 26 29
4 64 59 74 49 86 23 43 19 24 48 22 65 44 5 98 87 94 73 49 99 18 67 48 75 64 92 60 75 63 67 78 36 54 54 31 2 41 18 62 30 40 62 51 20 4 55 38 64 68 74 93 63 60 64 82 40 42 61 30 16 82 48 15 44 30 27 100 61 47 58 11 11 40 10
6 25 75 44 34 15 77 63 74 28 60 5 35 57 76 19 74 61 94 11 26 60 92 73 90 60 6 43 29 77 32 81 91 44 64 98 11 28 58 11 53 84 14 42 19 11 44 32 78 93 5 66 25 9 74 36 6 20 90 17 63 24 24 9 47 68 60 5 43 4 59 82 47 4 29
57 51 17 66 7 7 30 62 87 27 95 33 66 83 88 10 1 6 64 86 42 26 44 15 63 38 25 29 9 44 41 85 70 25 52 19 98 76 67 72 78 36 58 45 74 85 99 7 94 43 73 2 93 31 55 7 76 15 69 40 26 20 14 25 60 94 28 62 86 68 94 58 20 41 16
16 73 29 34 2 20 37 53 4 20 10 91 14 63 5 1 79 31 24 45 43 91 4 51 27 37 50 88 59 95 31 42 53 10 92 1 37 83 32 48 73 54 24 95 5 62 9 23 20 63 35 72 23 90 11 22 14 38 8 34 69 14 46 71 93 71 52 77 81 81 26 49 3 73 90
10 1 58 43 49 100 78 48 39 44 38 82 56 84 73 79 97 14 77 55 87 47 93 8 41 8 79 59 86 28 80 46 85 2 78 69 1 48 34 5 78 63 27 41 56 29 88 41 79 16 2 11 23 85 86 32 31 35 86 72 24 14 95 57 43 45 21 15 35 55 80 31 35 25 57
47 19 98 72 30 38 81 99 57 17 72 45 77 69 28 36 100 88 70 50 48 82 95 68 33 39 96 78 65 91 9 32 80 93 67 89 99 43 36 5 63 25 19 96 57 50 22 55 27 98 30 82 43 79 27 69 86 28 13 96 88 5 51 6 67 73 85 85 55 88 12 66 84 85 29
6 15 20 32 33 57 93 76 50 73 54 10 4 40 21 85 50 61 72 78 34 55 11 100 15 54 66 40 98 73 64 69 87 31 25 86 62 46 89 48 21 89 62 2 54 15 28 89 53 89 19 5 42 60 46 52 80 100 34 60 16 15 13 24 41 50 61 41 59 33 77 54 51 65 10
