55
4
19 82 85 75 80 53 87 13 83 21 52 43 87 59 52 61 35 92 79 72 4 22 50 77 85 30 46 42 68 63 51 37 75 50 77 63 75 4 44 35 39 16 34 46 33 16 5 73 25 4 33 95 27 100 45
96 41 9 88 95 82 37 66 41 16 6 2 62 10 3 34 14 2 42 73 17 96 95 7 83 63 86 42 87 21 71 39 49 52 58 95 64 39 13 87 45 81 23 92 19 71 79 21 93 64 5 54 37 99 78
30 88 27 71 9 59 90 89 100 77 33 72 72 79 83 98 50 4 40 33 30 18 59 89 88 52 26 90 46 29 40 17 82 84 59 11 48 71 95 85 22 99 28 16 11 9 79 36 88 31 12 57 7 42 42
87 81 93 68 9 53 87 40 43 3 41 10 1 79 62 17 96 84 3 15 73 24 96 91 6 14 74 69 87 1 19 27 37 7 69 37 57 95 54 76 71 94 89 72 51 88 48 88 74 67 44 66 51 39 84
66 33 100 95 31 11 76 18 4 17 35 3 16 100 52 10 11 76 28 33 45 60 98 51 45 11 8 5 6 90 89 10 18 72 22 97 95 24 67 43 98 19 67 31 7 47 100 91 33 90 26 67 75 69 19
60 87 65 51 32 77 46 78 3 75 79 32 90 55 27 60 63 55 35 47 7 28 6 44 2 29 9 95 15 36 46 14 97 41 30 19 81 58 26 19 80 3 96 72 57 95 37 24 90 73 4 35 39 17 32
86 10 63 15 56 12 42 17 59 72 58 31 16 95 26 55 63 44 63 82 62 52 6 56 26 41 82 86 48 69 92 43 13 48 63 70 82 83 52 43 24 3 14 37 46 14 25 33 90 73 92 11 37 73 47
25 75 44 100 14 79 32 47 30 8 50 34 91 8 36 61 58 48 37 21 98 22 14 77 20 2 17 70 41 54 13 16 49 73 60 99 67 38 45 49 45 47 79 30 83 28 37 12 99 80 18 12 15 1 68
100 44 86 54 77 1 18 14 87 84 83 50 6 99 53 84 33 88 90 43 7 41 78 3 40 32 72 65 70 4 11 42 75 54 8 19 5 19 100 11 18 66 81 43 33 21 80 28 88 16 69 9 46 1 59
82 28 54 5 4 44 75 4 12 46 14 42 87 2 73 89 4 89 11 54 56 95 12 90 40 82 30 85 11 14 57 86 30 2 17 88 45 98 59 94 89 46 91 94 96 13 96 20 50 24 42 20 33 91 42
13 56 90 66 93 77 68 39 64 88 52 70 1 7 57 74 28 44 11 49 37 59 55 66 18 1 91 88 55 66 5 83 57 98 29 9 90 95 49 78 44 64 42 20 10 32 50 76 20 100 88 3 72 51 30
86 57 93 26 52 85 49 62 8 83 44 26 96 50 50 20 66 49 68 75 57 99 60 10 16 7 89 70 23 58 67 2 97 10 54 84 28 62 8 74 2 25 30 20 64 7 45 94 30 77 90 2 83 68 12
25 80 86 14 14 42 41 41 37 97 32 61 70 36 91 81 82 83 11 1 16 47 94 17 80 24 78 38 3 6 32 32 61 69 74 87 70 87 32 84 28 99 62 27 33 40 43 12 94 91 42 97 43 42 97
100 19 58 86 26 6 10 51 4 93 29 44 28 21 79 79 23 100 6 14 49 94 41 76 89 43 15 21 41 16 66 55 17 24 96 94 41 67 42 52 97 95 67 76 90 21 11 48 49 39 30 75 34 15 52
94 44 51 1 31 90 22 78 35 37 4 17 41 92 77 43 36 69 76 39 75 74 51 50 50 4 99 33 66 38 89 74 40 35 13 30 15 96 53 14 28 93 10 97 21 94 92 53 23 86 72 94 59 18 74
93 7 44 88 100 34 95 91 100 27 53 34 38 35 7 26 84 57 48 39 74 94 12 19 83 65 80 10 83 3 96 88 26 28 55 89 69 47 79 84 30 11 71 47 59 70 36 8 90 29 9 31 38 59 42
5 100 92 57 34 14 50 13 82 55 15 39 41 48 97 24 68 22 27 1 65 69 67 97 11 43 39 5 45 49 76 11 84 96 48 27 47 58 48 55 18 75 20 77 49 32 63 31 91 37 32 65 72 2 16
74 28 91 92 12 43 30 41 1 7 95 44 90 16 8 77 54 26 62 58 70 65 14 75 6 30 31 18 80 47 17 50 94 47 13 77 35 20 6 55 55 20 79 72 93 46 61 6 13 28 11 70 18 65 86
16 70 33 7 96 55 38 14 28 57 79 31 77 74 63 46 16 15 19 41 41 74 30 3 41 97 58 32 36 83 4 94 55 21 78 56 79 45 9 58 89 45 61 71 53 61 23 58 72 52 52 60 33 46 72
60 49 100 9 97 45 49 30 27 95 60 75 10 81 67 67 96 73 87 95 18 23 76 86 96 83 3 89 45 7 88 90 24 86 44 48 97 81 86 86 63 73 24 87 12 47 18 43 93 57 74 26 93 80 15
82 32 23 30 46 13 34 65 43 76 75 73 14 23 78 13 71 5 43 96 70 4 89 48 58 53 68 51 34 46 9 32 45 29 3 29 63 6 62 18 16 78 83 2 54 91 35 92 47 51 76 57 51 19 94
27 22 72 47 91 26 6 50 95 43 21 23 90 21 2 25 97 3 47 99 82 89 6 36 74 61 86 11 47 11 60 77 36 12 30 59 23 44 91 16 85 92 67 6 80 16 16 55 99 78 17 87 11 13 64
28 25 27 16 45 60 24 46 44 2 1 52 45 57 22 57 4 52 2 80 65 15 25 87 48 17 47 15 57 64 91 57 27 81 43 68 21 74 88 40 80 63 76 43 66 1 38 28 83 11 12 23 4 4 91
18 31 80 22 15 35 16 21 72 48 41 85 99 53 62 7 81 99 60 67 64 6 29 28 60 11 13 27 11 100 28 5 15 21 90 30 88 99 23 58 37 36 15 43 31 64 79 93 55 25 4 57 27 84 49
49 37 6 88 75 5 49 87 46 14 47 52 15 76 64 23 12 88 26 24 5 93 11 86 70 60 38 13 98 92 48 28 12 79 69 43 73 80 50 77 91 11 69 30 81 76 6 31 75 83 100 84 63 78 13
32 72 89 43 28 31 87 61 58 20 21 76 22 2 58 23 33 56 65 57 30 37 26 44 31 45 96 72 79 13 54 51 28 36 66 29 38 99 21 81 97 23 5 41 93 5 37 23 69 6 48 51 32 33 82
70 63 22 94 17 13 96 53 68 86 13 46 7 48 43 97 100 18 66 65 22 99 58 25 12 41 26 56 81 11 91 71 74 38 42 14 72 39 58 51 96 68 86 16 74 69 6 19 59 27 26 78 20 77 96
91 17 82 64 87 97 71 71 18 51 53 7 57 10 18 60 80 31 63 7 23 66 50 4 72 18 11 26 46 54 85 15 30 48 31 59 19 23 51 54 47 27 91 63 7 63 61 31 73 66 22 43 98 14 71
26 47 16 46 84 9 28 95 63 53 35 64 33 11 29 91 18 93 57 88 6 6 61 19 31 71 86 79 82 56 88 24 34 57 12 2 3 84 69 20 84 66 93 79 46 20 43 3 37 58 77 45 26 28 20
13 15 31 17 49 4 83 59 66 92 31 61 94 23 89 2 48 14 37 91 96 67 73 58 43 93 29 39 90 21 97 66 10 7 81 80 62 34 87 13 6 4 17 89 54 13 96 11 91 68 47 62 69 6 98
98 46 50 80 21 49 12 10 32 55 23 21 92 50 42 64 63 16 93 54 17 35 72 75 12 50 8 59 16 83 82 70 95 82 76 93 60 7 30 29 89 94 13 56 19 85 11 25 7 84 39 91 37 92 77
75 59 96 23 82 61 58 90 53 22 1 96 88 68 22 26 3 82 34 4 59 46 10 33 27 75 2 29 63 90 33 18 67 76 80 98 80 22 40 77 29 85 86 94 18 53 35 26 1 13 98 30 22 41 80
11 87 4 96 91 39 5 34 75 99 41 41 33 39 77 21 7 33 44 61 9 6 63 58 45 54 71 3 90 40 37 8 46 65 43 57 98 83 62 73 40 83 57 1 21 95 35 50 23 91 61 25 70 20 30
50 99 94 19 74 77 51 68 10 44 59 67 27 9 97 11 13 8 18 76 14 50 10 75 55 88 1 1 27 49 50 94 89 44 89 60 69 18 59 39 38 81 3 53 100 13 6 23 91 79 28 71 65 78 22
58 27 32 89 32 78 95 41 62 74 24 22 64 28 19 46 13 17 87 86 100 44 62 22 70 27 59 41 41 34 16 84 8 49 20 44 5 96 91 2 6 89 80 84 19 21 9 42 80 22 36 33 3 1 64
53 34 45 32 63 76 40 34 31 5 18 90 30 93 87 64 89 51 1 66 43 90 76 72 74 87 77 18 46 3 46 90 18 10 54 20 25 68 57 65 54 82 98 31 51 37 1 17 42 40 24 73 40 70 93
64 81 84 54 22 56 13 84 8 62 40 82 41 51 24 35 81 39 70 17 46 27 41 31 16 3 95 97 91 29 12 87 66 97 97 79 29 90 69 85 14 45 95 85 91 66 50 88 97 97 6 51 86 76 90
38 33 84 53 78 12 9 47 58 72 74 92 23 87 78 56 7 99 53 55 96 13 98 99 93 49 76 3 49 38 24 78 54 21 76 96 5 65 51 40 70 4 58 84 75 34 40 20 25 53 33 8 40 44 18
24 91 18 80 14 62 39 74 39 72 32 71 21 32 80 90 28 92 89 54 28 45 3 84 51 4 88 94 5 89 70 51 74 53 66 8 86 33 92 47 72 26 71 34 67 88 46 47 88 16 51 69 26 89 51
34 64 26 42 70 35 32 32 69 9 15 30 76 7 63 51 12 26 21 3 39 54 49 82 83 55 58 15 24 89 15 66 65 39 94 32 23 18 50 41 11 88 57 53 33 5 11 90 20 86 86 67 79 24 14
3 34 34 33 13 94 44 65 15 70 21 40 94 74 20 41 27 9 5 67 81 6 58 6 32 15 45 64 20 81 60 6 90 3 75 60 5 21 21 58 87 27 78 81 91 16 70 53 28 31 41 44 40 3 39
35 87 62 54 36 8 12 85 97 3 57 64 15 98 18 66 10 47 37 2 1 1 88 84 93 37 80 83 92 61 39 2 5 31 67 74 3 73 80 92 86 84 43 81 22 98 62 8 35 96 99 47 81 71 84
27 41 37 61 32 92 20 1 84 43 28 58 10 14 86 41 28 89 55 50 78 80 94 89 98 55 24 60 84 81 65 52 62 88 84 85 22 8 93 87 61 3 94 89 31 11 23 53 80 43 34 77 43 82 67
88 46 38 57 51 21 83 72 70 89 95 18 65 22 90 46 9 12 100 9 1 96 98 99 78 1 77 44 84 99 19 11 62 21 41 30 48 21 66 40 74 52 45 37 58 73 10 11 41 34 78 53 45 43 16
97 38 83 50 87 67 88 74 37 17 7 17 52 74 94 1 37 11 23 66 100 1 4 84 52 32 93 96 51 50 74 56 39 73 42 76 12 56 42 58 36 72 37 44 69 45 65 5 4 53 5 36 11 79 47
40 52 19 33 73 44 26 37 86 4 39 69 45 14 16 28 53 31 30 19 98 74 96 20 70 22 6 33 70 12 87 70 12 41 90 20 58 40 69 74 10 27 33 33 7 23 26 92 49 98 74 99 53 38 23
22 26 65 44 68 30 1 6 28 21 64 84 35 39 34 91 14 80 81 26 14 66 8 98 64 89 24 75 91 54 9 64 55 15 27 15 56 94 22 13 20 69 52 35 98 19 31 64 47 45 61 90 3 88 31
45 67 54 91 86 48 55 80 53 65 17 57 27 51 14 80 64 100 42 8 79 65 29 29 51 27 70 20 91 76 87 55 77 3 86 74 78 1 19 81 65 54 26 87 45 40 84 46 72 94 41 100 35 55 22
14 53 84 45 51 51 87 93 60 15 90 18 7 88 86 60 17 82 23 12 41 51 60 81 71 41 99 48 29 70 84 25 50 16 42 87 90 32 54 24 27 36 85 61 39 52 25 84 91 47 69 73 14 34 53
4 86 96 21 12 7 24 46 69 80 32 86 81 58 97 2 3 73 92 54 69 67 68 6 51 99 100 22 17 82 99 74 25 9 38 79 96 28 16 70 54 29 100 64 77 19 45 88 48 88 10 7 88 49 62
8 8 35 22 79 21 80 50 61 47 2 7 26 52 100 2 39 97 18 42 36 40 88 38 55 53 89 57 26 92 46 100 47 91 67 27 28 49 72 89 89 28 48 24 95 87 68 67 50 58 22 62 40 95 65
100 29 27 59 26 97 23 10 81 45 71 84 26 98 52 70 16 45 64 61 56 28 37 59 37 33 71 20 32 17 16 84 99 19 63 63 64 27 65 42 27 12 68 18 86 43 26 2 39 57 40 97 93 80 1
74 12 98 16 78 82 5 12 64 79 66 50 55 30 22 91 38 5 39 18 85 61 9 3 15 87 16 27 24 98 52 65 18 25 46 81 16 68 62 96 53 46 60 16 53 57 77 51 87 19 61 4 11 1 93
4 85 66 15 55 2 64 81 2 52 38 37 2 2 60 7 11 98 38 76 12 20 89 61 15 3 95 9 33 78 62 35 51 2 27 54 50 81 50 28 95 34 54 41 87 46 99 48 9 28 6 88 97 58 96
11 26 31 74 90 76 65 68 92 14 22 82 36 17 62 7 99 89 68 74 89 42 24 91 30 17 82 18 21 84 80 46 95 78 59 49 66 14 34 27 48 65 61 13 97 86 52 55 82 77 88 72 50 40 76
92 12 17 57 5 28 99 63 16 28 96 55 73 59 13 65 81 73 99 82 51 66 93 37 29 36 32 36 74 13 7 96 40 72 51 74 40 86 4 13 1 80 16 52 11 91 85 31 67 54 79 28 39 89 22
69 75 35 23 15 68 34 82 29 29 38 32 79 80 78 34 20 80 52 58 20 16 96 46 55 40 47 19 34 39 49 95 5 85 36 35 84 37 81 41 6 23 99 15 79 5 91 36 55 54 23 78 87 11 1
98 71 89 24 46 45 12 23 72 57 80 96 60 4 41 98 25 82 92 50 48 67 83 80 10 92 45 64 83 68 78 92 55 81 27 62 13 89 46 67 24 93 6 82 42 56 96 74 37 93 61 95 23 45 57
39 40 48 94 51 99 11 98 100 12 78 80 7 37 5 42 37 11 21 11 53 16 75 22 73 68 64 49 15 45 98 15 88 14 94 42 42 96 19 24 9 49 84 45 72 97 58 7 28 1 10 81 65 4 13
66 87 37 57 49 13 34 51 15 93 53 6 71 31 38 16 7 29 46 33 51 29 49 97 90 57 44 32 70 22 67 26 71 85 85 88 33 96 88 64 62 47 1 4 90 99 96 58 59 2 53 46 55 52 20
69 40 19 84 62 99 97 83 12 78 83 5 27 55 93 85 1 25 8 22 38 61 62 88 4 64 1 62 60 66 74 80 23 1 91 70 39 27 21 66 94 28 59 89 87 25 59 72 53 29 50 12 20 43 35
55 8 42 16 13 90 33 68 52 72 71 82 67 56 82 86 37 44 36 20 76 14 78 5 21 80 94 35 34 89 32 29 82 12 29 25 5 13 82 24 45 24 95 93 13 90 15 76 13 94 37 85 23 56 11
26 84 40 32 35 16 24 8 98 62 60 40 61 18 66 76 67 95 14 98 4 5 8 84 32 68 17 84 38 84 56 6 57 98 48 25 50 18 12 85 18 38 16 14 93 78 96 32 42 21 26 65 12 34 28
7 83 60 53 96 32 56 40 62 95 25 43 38 73 69 29 72 25 22 58 94 9 5 64 87 96 9 47 38 54 49 56 59 14 42 85 53 81 57 88 69 66 41 75 15 42 38 56 69 5 67 34 46 45 74
40 91 23 56 93 47 57 16 83 4 65 55 20 15 69 6 69 95 80 20 72 98 8 54 67 28 39 10 46 28 34 88 73 10 32 66 77 93 39 38 80 4 10 59 44 56 79 61 22 39 23 91 89 60 88
26 86 90 98 51 23 22 33 58 34 30 74 32 44 100 96 87 9 54 13 21 90 20 7 54 79 90 36 47 15 71 2 44 31 13 78 70 34 66 45 31 56 38 79 73 50 26 65 6 26 64 80 79 55 68
72 91 66 47 18 39 94 36 79 18 73 41 1 94 47 82 21 72 91 63 49 50 6 51 82 77 35 47 72 64 25 85 23 62 23 93 4 74 72 25 30 83 39 90 74 17 5 88 76 42 10 38 32 59 12
79 8 4 13 59 4 99 52 55 34 58 90 82 36 15 81 55 44 73 59 29 16 74 25 10 88 49 39 88 2 9 37 99 6 49 34 21 38 35 60 34 66 4 86 40 62 48 70 4 26 86 32 96 76 50
86 68 34 72 12 68 2 50 35 87 99 41 28 8 60 44 1 98 37 96 83 6 84 93 43 49 41 50 45 29 29 65 82 21 92 85 72 94 62 100 56 89 26 43 16 35 13 41 45 75 82 24 57 95 22
51 1 37 20 7 78 68 10 11 100 66 69 39 87 61 41 42 84 99 30 30 64 33 47 89 59 26 39 54 74 67 17 34 35 54 46 19 26 44 72 55 8 98 58 52 87 37 93 65 77 73 69 67 60 36
67 82 47 94 60 35 28 13 45 66 24 90 28 56 34 99 53 38 3 33 7 39 8 84 49 61 93 29 39 19 92 95 98 88 17 9 93 37 59 17 62 42 70 44 53 86 3 3 13 97 69 35 32 67 9
92 36 47 15 26 61 70 48 74 88 10 77 49 40 86 72 63 75 64 6 22 78 10 15 5 6 67 47 28 16 62 22 81 26 57 21 94 44 87 60 29 11 48 47 13 39 14 63 85 64 72 12 67 23 5
47 86 97 100 35 44 11 1 69 62 10 86 75 33 14 81 27 93 83 41 45 33 34 30 21 81 38 83 48 47 66 76 49 9 19 39 78 99 11 43 16 39 95 37 24 44 18 15 100 88 32 76 28 69 30
11 24 24 63 93 10 94 69 22 77 11 39 38 34 92 15 13 24 48 2 58 58 14 80 65 81 90 56 98 16 19 91 44 16 11 86 84 66 8 64 98 34 46 83 82 38 67 90 5 34 59 7 18 59 46
90 100 26 77 47 6 3 94 26 27 41 56 86 75 22 50 37 3 28 56 61 63 3 2 14 45 19 87 65 14 90 56 64 5 69 88 23 22 29 92 95 94 56 81 55 55 57 50 56 71 55 41 2 82 2
81 27 25 35 46 80 39 61 85 21 17 81 41 96 96 42 98 56 74 64 1 32 2 81 35 66 67 48 92 40 26 10 11 36 50 100 84 23 100 78 75 64 10 57 33 80 4 44 93 38 36 11 73 12 99
19 70 81 87 25 1 64 96 2 1 79 89 67 59 75 8 67 16 14 65 95 40 61 18 6 57 24 21 87 67 19 6 17 90 47 47 100 85 93 18 15 92 37 64 40 44 28 41 76 99 67 35 93 98 89
9 92 45 73 31 34 76 44 73 4 22 49 37 30 80 22 100 50 6 7 8 14 39 73 78 38 52 81 28 1 90 54 30 21 63 92 49 43 24 12 59 54 25 36 68 44 8 80 87 52 27 66 25 6 90
94 43 70 46 97 81 99 80 1 57 26 16 36 4 76 83 26 96 61 63 90 8 21 76 45 75 79 78 43 21 89 85 72 45 12 10 87 96 93 92 75 19 82 34 72 3 16 39 99 62 96 24 59 88 10
12 65 39 69 21 90 16 51 30 55 54 42 99 66 2 52 58 16 79 38 4 77 3 100 60 75 11 84 57 9 24 23 28 46 41 66 3 53 2 91 6 72 52 36 35 8 61 55 9 6 21 99 7 2 19
5 52 42 47 5 16 65 37 54 68 59 90 3 60 10 82 38 70 57 50 100 6 32 58 23 68 31 41 92 2 7 20 87 62 33 83 32 21 72 4 35 92 2 67 87 33 71 44 1 73 21 19 96 64 71
25 37 27 22 83 71 96 17 68 82 21 82 56 30 33 63 62 33 54 28 97 81 69 95 89 83 52 26 36 7 72 98 51 19 9 15 74 83 59 35 80 27 26 5 74 35 93 62 52 38 56 14 91 70 35
8 10 78 82 89 26 75 3 4 90 21 51 22 85 93 42 10 64 37 26 56 18 31 98 79 34 11 88 52 90 16 86 37 74 8 63 18 42 13 15 27 72 59 77 88 31 54 67 91 75 98 74 16 43 8
58 55 33 59 54 89 62 63 26 65 29 20 24 47 30 13 78 5 14 10 45 2 28 100 8 21 2 14 1 24 79 99 47 57 79 30 40 14 36 71 4 4 9 77 44 1 81 76 1 100 86 30 24 61 63
27 30 84 7 53 4 60 93 70 75 80 43 96 41 94 33 76 61 75 15 71 100 11 43 97 70 24 15 100 24 53 93 43 31 15 47 32 43 53 61 44 44 9 29 33 42 52 72 13 97 36 73 52 41 52
100 15 60 50 81 61 67 64 73 72 95 93 84 37 18 91 72 12 55 55 86 100 13 34 57 76 65 32 56 66 43 31 39 96 100 32 84 72 72 29 61 14 91 50 4 68 57 95 8 12 54 24 6 79 25
8 24 37 2 98 62 90 12 1 41 93 80 85 78 87 46 76 58 50 64 66 91 11 36 57 91 1 83 60 20 45 68 83 100 80 29 16 48 81 16 87 79 8 62 37 26 51 58 68 72 60 29 20 74 47
79 36 10 63 30 5 8 67 78 1 47 51 83 47 97 37 58 41 44 58 34 22 63 79 35 13 3 51 85 23 24 90 3 65 22 24 28 42 67 32 39 91 38 81 87 22 15 98 100 11 69 86 74 73 55
46 6 58 56 39 83 25 6 21 44 35 5 84 58 40 100 64 22 16 31 30 32 42 48 67 92 11 89 45 62 38 90 49 6 78 27 50 98 48 27 76 59 26 78 82 86 59 11 53 36 94 27 80 66 92
53 67 60 35 89 13 18 51 82 61 72 4 46 14 40 77 95 70 86 43 89 50 100 42 83 29 51 10 61 42 66 99 12 96 45 6 8 60 97 12 75 1 61 9 63 86 93 52 31 70 77 22 88 7 32
78 28 4 77 2 69 53 29 13 92 15 9 34 73 46 1 80 44 46 99 44 25 28 35 71 69 81 15 32 50 86 54 83 97 92 11 80 17 70 58 56 76 43 14 90 40 50 77 61 19 65 36 43 50 66
20 85 19 16 75 84 33 40 24 26 80 52 72 85 51 72 19 74 15 47 52 59 17 1 55 99 72 62 31 56 63 28 94 48 30 95 88 35 39 93 20 24 42 44 71 28 88 51 99 27 95 91 1 71 97
27 25 53 3 40 33 14 13 48 9 90 47 45 100 69 56 56 40 20 31 71 10 94 73 70 17 35 67 81 13 74 57 54 77 84 86 44 37 65 96 82 52 28 88 36 100 35 4 35 82 97 75 33 24 88
31 24 53 59 46 84 61 64 10 79 5 9 73 18 5 8 79 71 60 29 2 59 31 62 4 73 30 28 71 49 77 22 94 13 82 41 47 52 89 11 97 75 24 87 54 52 5 36 100 12 55 73 24 4 52
81 5 61 47 44 60 67 13 22 12 2 62 36 72 26 26 77 88 79 72 52 76 33 28 41 35 89 13 73 82 72 71 52 29 83 24 54 10 31 66 55 29 90 68 30 16 6 80 51 36 33 88 76 62 19
74 57 22 40 17 11 60 78 81 5 1 94 59 3 89 41 15 86 89 83 23 53 20 80 19 29 89 50 40 65 61 73 38 85 5 29 42 14 41 94 56 19 6 2 12 18 64 43 82 7 32 55 42 75 34
20 84 62 22 84 22 47 31 98 26 40 17 44 49 19 60 20 24 86 17 92 30 95 42 17 79 4 29 11 3 1 17 57 70 83 92 73 46 65 46 50 83 54 61 48 75 35 72 1 96 39 18 95 34 91
35 53 80 93 38 98 1 13 42 59 23 98 80 16 98 31 93 30 23 49 52 49 90 49 52 71 87 83 40 77 77 48 80 39 94 34 2 24 44 54 38 19 92 9 96 33 7 85 70 98 78 19 87 2 46
88 56 62 69 65 75 39 90 47 57 61 21 28 77 14 51 17 73 54 22 20 45 14 21 22 7 32 71 92 5 74 93 93 100 4 79 75 45 73 4 21 49 25 28 8 64 58 99 4 50 24 60 44 34 95
85 51 93 55 80 46 53 3 32 46 7 70 89 51 63 2 45 37 8 86 63 60 96 29 89 65 13 29 68 32 83 28 99 95 57 7 28 44 94 87 73 87 65 74 100 20 33 1 89 18 88 12 47 46 49
41 33 92 19 8 76 12 71 94 88 86 87 24 40 86 58 25 74 73 88 62 43 60 48 85 82 23 32 73 98 68 20 58 100 68 93 9 36 60 3 77 50 62 65 73 89 45 51 31 29 68 82 24 44 7
71 46 61 93 74 97 70 54 83 16 81 91 20 9 66 69 4 80 29 45 43 77 14 36 95 92 24 31 53 2 22 43 46 35 39 76 95 46 25 32 89 69 62 32 66 18 7 46 12 20 63 40 23 56 47
3 46 58 80 79 92 62 52 11 85 33 4 95 87 57 92 75 86 44 8 80 82 40 86 40 37 46 14 88 88 19 77 16 16 14 3 90 73 39 18 52 55 78 64 6 8 48 52 43 47 48 48 16 44 50
38 24 11 92 91 9 66 73 87 13 89 97 22 50 56 95 91 75 12 94 65 23 34 17 5 89 37 51 12 3 61 85 33 62 22 61 57 28 70 21 75 100 81 75 10 25 15 98 88 1 4 16 21 97 28
70 68 45 11 58 86 38 72 90 91 36 41 76 85 71 61 46 23 15 21 18 8 85 80 1 27 3 2 27 66 45 86 25 99 59 12 6 95 96 43 81 27 14 91 59 37 87 66 72 3 89 45 93 85 26
94 49 95 56 66 78 81 34 22 23 96 17 10 76 12 77 11 66 67 19 7 85 19 45 65 93 26 97 42 28 35 39 37 84 85 11 8 57 29 87 59 31 78 50 50 34 34 28 62 67 52 67 98 94 4
67 39 77 43 47 48 56 34 92 37 45 55 27 44 52 55 29 61 11 15 55 37 52 18 72 45 89 52 66 30 41 21 69 60 63 85 26 41 84 6 38 30 98 81 100 90 80 68 93 34 27 4 7 13 19
95 3 36 91 86 41 95 60 99 12 4 69 43 13 14 70 27 95 32 54 5 81 53 67 48 52 41 96 100 86 76 72 48 27 52 56 82 9 87 62 86 71 62 81 21 61 3 39 79 86 30 97 44 41 32
17 61 9 68 20 35 62 48 61 27 92 21 15 83 91 64 98 72 76 82 40 14 9 28 49 75 77 83 56 84 37 20 79 67 44 97 9 82 74 80 54 45 35 47 46 12 19 7 14 88 92 82 33 45 55
6 87 97 72 62 80 100 78 80 96 34 33 35 92 32 85 73 46 10 86 83 81 91 92 63 55 60 95 60 64 94 25 33 5 25 76 89 40 26 3 79 70 79 31 65 60 82 42 83 100 65 93 21 51 46
23 29 49 73 87 1 42 23 84 51 97 32 4 57 62 49 95 72 38 48 26 71 29 90 7 83 97 58 54 89 27 3 24 66 93 13 86 34 51 62 82 37 22 17 44 16 3 51 93 81 6 9 48 80 39
66 16 91 94 14 79 84 55 12 88 51 97 18 49 6 60 37 30 18 22 63 58 73 14 81 56 81 82 31 84 39 63 5 29 91 61 75 65 5 17 100 69 93 78 68 74 77 16 19 99 56 14 54 67 61
98 40 93 77 5 69 77 11 66 78 44 39 59 7 78 13 29 55 23 68 20 67 25 70 56 50 43 72 81 65 41 85 6 3 13 56 21 76 42 37 61 33 96 60 81 8 27 80 31 87 49 90 55 42 3
1 58 30 95 21 50 98 24 82 77 11 75 55 36 67 69 37 37 39 12 42 59 4 40 49 55 80 6 90 74 84 18 1 77 8 37 73 93 50 39 11 4 14 64 13 75 29 29 57 64 35 17 38 4 51
67 21 81 36 16 69 7 3 81 19 84 66 29 74 58 23 5 92 93 98 55 11 15 13 96 33 37 28 22 81 41 29 29 42 24 10 6 73 34 16 67 90 99 44 40 94 14 62 33 50 61 90 27 98 23
55 94 96 36 4 86 41 89 14 16 48 70 68 49 40 10 76 36 93 84 82 72 64 92 92 55 81 25 48 45 14 84 3 53 17 91 93 48 97 20 77 3 35 93 32 55 36 87 59 51 33 67 79 54 99
83 17 90 47 92 47 64 30 59 68 84 53 77 9 39 8 3 68 67 74 53 16 32 40 31 78 62 94 75 59 87 7 11 77 15 5 27 36 36 11 10 1 24 36 1 7 8 47 100 97 37 33 36 35 100
6 94 56 10 14 20 3 40 54 89 72 20 26 93 68 24 61 93 88 86 37 20 12 91 99 78 41 85 60 62 91 36 67 8 40 58 65 80 35 4 37 22 55 6 43 80 51 7 47 43 27 50 43 86 20
62 31 47 13 24 10 41 39 50 34 58 58 4 70 99 64 99 5 60 9 45 64 67 100 71 32 65 55 45 45 36 36 12 70 1 58 54 41 44 76 32 39 89 88 56 55 91 99 81 62 60 28 10 4 20
35 4 5 34 37 93 81 46 67 94 69 4 58 100 68 91 35 26 3 32 53 25 9 32 25 85 43 35 65 71 51 21 72 26 60 25 10 57 20 99 57 83 98 57 12 13 28 16 81 43 14 56 15 53 10
33 31 60 95 56 97 48 44 48 88 45 31 14 50 62 96 28 22 89 84 84 53 64 72 57 53 55 29 67 87 10 62 95 11 77 63 7 80 92 90 60 78 9 85 64 41 39 75 34 59 88 34 92 81 40
57 20 69 90 52 86 93 89 53 3 87 28 18 81 96 86 70 1 12 41 1 17 32 61 7 55 97 60 1 61 76 27 87 5 31 58 55 25 9 100 9 79 19 42 15 60 84 57 26 83 58 70 11 80 51
22 56 74 88 3 43 90 44 89 48 94 33 88 21 9 25 49 93 51 59 7 24 14 55 28 80 90 58 75 32 24 42 38 53 43 84 23 5 55 26 9 98 51 84 25 35 20 86 52 32 65 6 27 46 5
79 53 24 20 5 23 2 31 81 33 76 93 68 9 26 68 51 1 8 92 20 74 66 30 48 85 15 78 26 93 42 19 13 45 90 78 8 41 65 22 96 88 34 8 92 58 67 51 15 88 76 99 9 14 59
48 18 63 7 61 27 5 31 20 33 57 10 50 47 6 60 41 26 12 41 15 37 50 79 19 93 29 10 8 44 87 17 6 82 8 87 23 46 53 5 66 50 49 87 47 62 35 60 10 94 87 63 41 24 34
94 27 6 41 1 18 26 42 60 71 60 54 56 43 72 22 97 7 67 12 4 3 28 28 81 50 96 84 14 94 22 37 59 72 66 55 53 57 97 74 77 12 90 59 16 82 72 16 11 72 93 46 27 39 71
54 61 51 76 23 57 13 1 45 34 52 72 49 44 79 60 74 70 7 72 26 68 7 75 46 51 68 56 85 31 79 29 95 1 12 80 1 27 6 13 42 7 29 31 78 7 60 3 49 22 77 81 91 10 28
23 10 31 99 12 100 78 68 63 96 51 3 86 3 22 69 14 9 64 43 11 71 100 69 8 19 68 90 27 44 51 47 83 45 66 13 56 14 49 30 85 30 74 47 96 65 29 96 45 91 32 60 5 86 54
82 53 79 81 18 13 26 71 3 22 88 29 82 55 46 46 29 49 98 96 10 90 9 24 80 99 91 97 31 80 94 35 39 59 55 92 44 22 48 26 69 26 2 56 100 22 17 69 43 77 13 30 21 69 84
86 99 37 52 80 71 18 72 28 49 51 45 45 5 4 52 32 89 66 76 28 2 84 36 82 7 34 52 96 8 68 70 46 97 32 16 46 90 53 60 23 46 45 5 7 91 87 83 4 50 63 34 33 72 51
70 34 29 85 96 50 23 27 97 71 100 59 67 32 8 88 59 56 92 6 45 14 80 43 2 84 58 95 9 49 82 84 93 77 61 72 53 67 93 69 23 80 82 41 57 65 25 84 68 69 52 15 90 49 21
34 73 80 39 12 42 52 21 61 32 77 61 86 38 13 8 54 23 47 99 43 58 36 96 87 11 94 94 35 5 24 21 17 100 61 81 49 98 77 90 30 65 24 43 21 50 42 13 39 34 76 15 43 58 75
7 48 32 77 38 40 100 41 44 85 13 61 96 28 10 19 67 80 59 76 5 50 78 14 74 81 98 2 82 49 100 19 47 57 71 49 42 92 43 80 81 57 21 58 4 100 64 63 42 38 55 35 28 93 5
31 29 26 24 51 99 84 82 43 60 98 71 49 33 67 76 82 69 30 32 46 3 67 69 61 52 96 67 59 32 12 41 12 55 19 74 39 46 86 52 11 7 83 25 23 77 16 97 94 53 6 26 80 42 80
26 19 72 15 76 59 64 76 89 42 63 53 10 17 11 46 76 69 15 79 42 7 41 52 45 49 19 44 56 75 14 43 13 48 75 9 68 51 97 10 41 78 98 16 65 96 6 89 66 35 99 2 62 52 39
30 34 12 30 6 90 2 28 83 22 34 85 89 52 62 12 24 7 78 1 38 83 98 13 4 34 34 52 56 23 7 52 18 36 36 69 14 92 7 73 34 3 98 34 71 40 70 29 83 89 35 98 39 36 57
58 39 42 35 93 42 50 58 29 27 67 89 83 34 33 92 24 21 72 31 65 51 59 42 17 66 5 99 24 43 88 21 15 94 90 97 53 23 93 98 62 72 79 38 20 24 27 23 47 38 58 91 56 9 51
39 42 30 28 81 28 92 25 6 21 91 92 34 89 75 37 5 61 71 82 10 52 2 35 28 86 36 10 74 25 18 6 85 83 60 31 49 23 21 38 27 59 16 42 77 89 58 47 7 28 25 88 65 62 58
48 76 46 37 85 33 2 2 96 86 32 57 66 98 90 19 65 60 8 82 58 56 41 66 24 88 77 41 23 6 95 51 36 1 90 76 31 5 37 87 90 39 36 58 1 3 48 27 9 69 57 95 42 32 5
100 16 62 5 28 43 6 71 84 63 86 74 75 49 66 47 57 11 25 33 46 46 93 29 37 100 98 65 83 35 28 73 39 78 12 38 18 57 60 65 58 45 45 58 22 63 2 97 48 62 18 9 46 37 44
62 10 26 5 86 95 96 12 22 63 61 81 26 56 75 82 47 46 14 65 27 70 18 5 79 13 85 22 45 79 73 27 70 45 29 48 99 94 50 49 39 56 50 69 61 70 69 51 23 68 67 51 16 33 16
3 6 14 36 34 25 77 40 14 90 9 31 89 18 62 38 70 38 80 58 57 47 32 67 77 71 35 14 42 82 96 73 71 58 22 37 39 35 65 74 45 44 15 51 93 56 82 97 12 68 36 24 72 29 43
35 28 43 92 27 12 20 77 63 48 40 49 64 8 46 29 74 35 79 85 95 48 47 52 33 95 75 25 5 39 11 46 81 17 92 61 12 75 46 55 87 98 50 58 68 95 31 45 55 62 26 31 81 48 6
86 39 77 99 82 95 20 1 14 41 45 46 75 45 52 32 57 49 48 48 60 10 99 75 96 50 7 44 5 28 47 5 54 1 100 59 76 59 57 84 24 48 99 18 6 69 18 9 35 84 39 4 67 72 9
42 23 29 27 6 36 83 96 43 31 84 37 80 54 24 44 72 29 72 85 36 98 44 78 87 50 8 71 45 6 36 51 43 58 9 92 22 94 11 54 63 51 13 98 67 100 19 83 9 97 33 97 29 51 49
70 62 24 13 100 87 32 78 24 48 48 50 91 77 9 99 22 87 47 35 93 45 53 60 18 66 2 58 44 28 65 8 87 98 82 78 53 32 9 73 59 52 11 17 71 34 69 91 30 23 26 83 46 33 6
32 64 18 21 67 37 75 54 28 82 18 34 93 24 24 62 71 51 23 20 96 77 61 95 7 48 7 86 57 49 23 34 3 33 89 28 30 59 86 1 63 100 84 97 42 29 67 46 52 50 12 20 76 60 30
37 65 43 53 94 44 40 77 49 99 82 91 52 2 93 48 78 76 74 46 72 77 6 51 77 33 75 43 74 73 2 90 17 61 1 73 41 33 97 27 84 16 19 41 66 77 81 30 53 48 69 74 62 68 49
76 99 90 74 51 29 68 62 96 50 92 75 83 91 93 84 94 35 3 18 15 79 90 78 94 75 76 35 8 7 46 52 9 17 1 62 78 6 2 51 30 75 50 28 74 80 91 16 21 29 84 58 100 40 91
67 78 23 20 6 1 28 54 17 9 94 81 80 25 72 73 34 94 71 67 6 7 1 53 40 97 73 55 43 47 6 16 10 80 32 55 30 64 34 30 19 46 98 42 8 4 79 75 22 56 39 10 1 46 84
80 94 98 9 64 22 21 7 42 13 46 95 96 75 4 90 54 21 28 13 27 99 59 38 48 31 14 13 56 42 59 93 3 63 59 75 91 78 74 6 64 74 66 98 77 17 95 27 20 97 65 47 26 31 64
65 70 39 47 86 94 70 47 35 22 3 23 100 51 29 72 81 54 87 15 54 79 19 61 74 93 2 14 24 18 18 43 84 5 11 64 28 88 10 67 76 47 45 39 67 8 78 65 97 78 80 97 16 16 4
78 81 36 91 61 26 10 39 74 4 40 41 99 28 85 50 99 16 76 9 26 16 71 6 62 45 64 40 65 35 95 20 39 40 11 47 97 1 48 59 99 94 39 28 13 52 23 94 91 99 95 60 40 58 15
91 71 92 60 89 47 35 4 35 41 32 54 85 4 31 62 96 19 67 44 3 4 29 72 63 60 15 25 88 77 35 17 33 19 65 17 77 38 65 15 62 28 95 84 99 16 61 92 50 100 70 41 87 12 86
53 28 47 42 38 24 23 33 86 96 65 38 64 93 69 9 47 95 72 52 75 11 64 51 57 17 67 17 27 5 43 84 50 47 70 50 65 53 64 76 51 86 85 3 55 57 30 83 74 34 33 78 84 39 44
45 27 57 32 43 39 14 41 18 96 6 89 79 97 62 98 83 43 50 97 84 64 6 20 7 48 70 36 66 49 28 4 91 64 21 50 10 37 41 75 94 2 40 40 43 9 95 83 26 20 70 63 73 85 52
26 9 81 15 74 100 87 65 15 87 41 75 67 80 37 78 50 16 40 69 38 60 88 30 51 88 73 20 58 8 34 7 46 35 86 14 100 31 26 89 100 83 23 5 87 13 51 39 44 64 6 70 2 62 59
50 56 86 3 83 92 25 82 59 67 4 32 44 30 34 68 90 98 34 19 51 12 59 32 69 25 31 13 60 1 42 26 43 46 97 53 98 7 84 55 90 89 96 6 13 7 51 57 83 9 13 58 29 66 59
44 82 33 71 27 26 45 31 79 8 19 58 12 40 68 62 83 4 52 64 63 81 26 18 83 80 96 93 4 17 41 17 73 57 5 93 33 58 32 74 41 96 37 50 87 94 64 15 42 61 96 54 87 33 6
89 48 30 95 8 86 56 14 5 36 21 41 5 1 79 2 11 29 9 66 12 6 66 88 80 82 38 60 82 91 37 40 12 92 11 77 33 31 12 34 92 4 78 42 20 47 86 71 66 18 15 37 41 4 71
92 88 50 28 55 6 14 78 53 23 47 72 34 79 93 49 36 44 97 11 8 99 56 7 55 100 30 6 94 65 76 85 97 38 65 17 29 48 97 13 54 7 25 73 99 14 81 49 67 11 94 61 7 16 36
26 78 33 46 1 56 82 51 8 22 57 69 20 72 11 83 89 1 66 36 18 15 24 14 78 7 75 50 15 14 86 4 94 23 26 31 33 15 47 85 100 88 29 77 88 15 22 43 13 2 90 6 88 30 44
92 98 62 3 4 69 95 88 85 61 10 91 25 16 43 43 53 27 97 11 4 5 23 64 92 62 89 88 82 72 51 26 60 47 21 29 15 68 23 51 21 27 84 49 94 70 28 40 78 63 74 62 41 61 97
50 45 15 71 42 38 25 21 25 53 41 8 66 89 76 1 32 6 56 79 66 95 40 51 65 56 35 85 86 72 96 20 8 73 38 76 17 12 70 78 50 62 67 63 2 39 69 85 59 82 25 32 73 54 79
73 72 87 24 58 8 87 94 36 21 45 81 80 67 47 60 98 17 57 37 21 91 40 46 31 38 67 31 39 28 9 96 97 1 78 1 92 83 23 47 91 8 46 84 5 75 77 2 23 31 55 25 36 44 49
28 36 78 85 12 54 2 33 54 1 38 33 78 19 99 82 89 6 45 64 40 46 75 22 68 25 76 68 76 90 14 68 2 54 2 55 11 23 18 45 45 46 70 33 87 5 9 68 51 22 81 17 82 39 50
50 71 91 89 84 92 15 39 68 2 57 98 37 29 3 34 1 40 67 96 70 67 12 1 36 24 88 27 86 86 25 78 68 52 33 53 3 80 7 89 48 4 4 1 57 28 71 57 61 82 80 18 75 89 64
62 31 64 72 67 45 9 15 44 37 29 39 76 11 51 50 73 95 2 36 35 30 92 19 74 71 80 19 93 45 95 36 12 65 48 77 62 21 77 74 48 14 96 1 48 22 95 82 11 24 47 35 26 3 86
45 14 87 24 2 3 52 17 24 73 29 96 100 6 42 3 30 85 31 58 45 62 33 34 40 95 54 92 16 60 75 66 44 91 67 26 55 88 24 25 2 30 100 26 89 41 93 59 27 90 39 81 32 46 72
71 1 46 23 63 60 19 23 63 18 58 5 94 26 84 90 88 71 68 8 74 72 42 27 11 3 87 10 98 60 92 41 89 94 61 73 15 7 66 37 44 56 79 53 75 24 39 35 30 61 48 95 81 51 25
11 52 17 75 67 28 90 11 32 91 57 16 98 31 45 14 61 97 74 88 36 40 94 2 86 8 35 87 40 4 90 15 99 61 77 59 32 14 98 9 97 80 73 81 13 97 87 71 46 92 94 76 45 64 16
66 88 53 41 68 55 8 79 61 24 15 25 38 29 14 74 95 21 63 47 33 28 34 66 52 26 8 73 60 6 15 2 79 23 57 57 87 14 96 87 63 29 87 36 21 88 38 94 34 86 75 25 74 87 64
83 44 28 80 63 100 92 25 38 41 66 99 79 23 10 91 95 47 70 16 11 66 10 92 8 78 94 55 41 36 45 60 29 65 45 78 35 85 37 8 60 49 1 98 2 41 53 53 69 86 20 42 58 29 82
14 28 64 97 94 58 71 57 69 35 73 33 1 29 43 83 47 2 19 36 64 51 90 48 75 61 56 42 66 16 45 97 81 66 44 68 40 18 5 47 93 52 24 71 65 66 42 5 51 10 94 79 3 5 9
40 91 54 63 19 54 25 36 22 38 1 14 63 73 87 65 24 74 99 92 6 2 47 31 16 38 46 90 24 12 61 96 92 15 85 53 31 73 72 15 61 67 68 32 83 54 46 87 32 98 34 50 37 68 13
59 42 31 60 63 37 91 35 8 12 37 20 59 84 100 75 90 65 2 6 12 40 72 23 3 41 87 40 50 75 64 28 99 80 59 58 16 79 13 44 17 31 69 51 2 12 58 17 32 15 73 77 52 90 7
63 68 48 69 2 27 22 84 33 66 15 83 68 70 97 81 67 74 34 39 43 31 50 20 89 3 33 88 60 5 95 37 83 12 16 60 36 75 47 70 20 58 7 63 3 35 10 67 75 61 45 16 70 31 43
51 3 27 21 90 34 24 36 54 66 32 17 35 57 72 59 51 12 12 25 62 13 49 40 14 20 64 82 4 47 100 30 85 13 25 46 61 26 7 28 80 100 12 53 92 38 25 96 73 85 95 31 62 19 41
15 43 59 86 1 18 82 4 85 73 29 92 44 47 19 1 31 91 4 76 27 11 54 4 59 61 72 28 58 77 36 85 20 94 7 59 91 95 35 54 62 40 32 51 45 20 65 76 80 55 93 57 36 62 86
80 8 80 70 56 66 83 30 28 57 67 12 37 13 73 77 36 31 97 24 98 3 19 34 31 86 47 11 48 50 28 65 56 9 89 58 38 89 3 90 99 47 69 47 3 76 58 79 75 1 24 29 48 67 31
37 9 17 14 97 48 86 37 53 16 71 70 35 65 38 14 66 68 98 60 84 33 19 71 88 21 81 9 94 52 46 40 21 70 91 80 29 39 62 58 49 67 37 68 91 53 70 28 84 56 19 85 89 65 66
69 19 53 29 21 74 25 64 23 100 87 90 35 64 11 44 86 23 38 96 60 50 47 71 21 44 21 69 67 57 52 90 34 50 9 27 53 61 71 95 26 28 27 18 11 23 49 93 80 80 7 19 4 35 51
76 33 95 71 71 71 89 16 20 95 26 63 41 30 25 51 26 20 34 88 42 33 39 15 30 53 3 82 100 39 24 97 63 15 71 43 11 95 39 61 57 96 54 15 66 75 65 48 85 79 22 53 3 5 83
46 56 20 90 42 10 76 10 1 24 52 58 3 96 95 15 19 22 28 69 86 92 29 76 92 40 40 25 12 91 63 98 44 65 92 39 61 5 62 100 95 33 77 81 23 12 54 23 18 99 76 20 12 62 58
87 23 10 62 94 53 69 60 23 8 62 81 50 69 77 39 31 79 20 44 74 7 98 92 100 14 55 67 22 21 76 75 35 38 14 83 89 44 51 23 68 56 47 93 21 42 57 63 91 71 51 72 11 37 100
69 13 50 35 98 60 83 30 43 8 17 25 20 58 33 3 33 62 7 58 16 42 71 6 82 99 2 100 82 99 21 48 41 38 10 71 12 96 26 39 67 50 9 61 100 73 2 95 53 20 20 86 41 51 33
19 34 69 72 7 28 11 31 83 61 23 99 56 14 16 6 87 3 58 18 24 24 61 58 90 91 2 50 92 79 34 4 61 88 79 35 15 40 73 44 46 48 44 42 42 71 34 55 47 65 47 70 74 86 40
16 86 67 4 75 16 49 44 35 69 28 58 40 60 62 40 58 27 76 62 71 28 75 100 13 61 1 10 1 63 11 42 21 9 47 17 9 52 32 25 67 61 51 32 93 45 40 88 5 43 82 80 43 55 41
18 16 81 90 85 75 71 52 61 54 59 28 4 92 60 61 78 43 47 33 6 91 5 20 66 32 30 6 22 27 44 64 12 52 17 49 40 42 98 70 58 24 61 82 68 42 77 6 26 7 29 82 2 11 71
73 55 60 19 66 41 64 96 79 70 29 15 92 96 5 14 84 97 8 57 10 56 92 99 80 89 69 30 100 22 54 66 95 88 62 90 82 99 92 21 36 68 37 90 99 15 28 8 9 33 90 92 22 4 57
19 88 93 83 24 36 20 38 82 76 86 70 50 82 73 28 31 56 85 34 56 21 23 90 15 70 20 44 20 3 72 50 16 33 83 55 17 71 49 7 75 43 75 65 85 31 34 17 10 30 60 85 11 95 50
73 23 50 79 2 23 90 54 54 91 69 91 54 60 47 65 59 61 69 40 8 11 59 10 20 50 36 31 30 25 81 92 49 61 37 44 84 54 34 98 18 49 88 38 55 45 5 99 78 83 93 49 53 67 30
61 12 72 9 91 72 32 84 45 82 12 85 66 62 53 84 82 41 59 20 56 49 33 42 57 92 66 98 13 57 64 2 81 97 57 64 35 42 32 44 35 84 91 65 75 39 10 17 9 58 51 39 38 52 84
91 71 28 37 15 74 65 41 23 38 2 93 12 7 11 93 75 3 6 71 12 86 64 2 38 81 25 25 48 97 74 16 28 24 73 45 39 36 29 83 32 74 77 70 83 5 49 4 90 12 99 71 24 43 84
99 17 49 68 27 82 2 41 31 8 62 90 25 53 34 96 68 96 14 59 2 57 92 13 2 92 54 25 29 53 73 100 18 63 37 9 84 29 57 59 23 77 90 69 28 29 16 17 62 47 91 89 99 38 70
54 96 51 51 96 93 18 79 54 49 46 58 21 19 70 49 23 77 63 98 66 85 98 47 29 81 9 79 52 90 71 17 41 26 8 20 30 46 11 98 10 19 62 64 33 77 92 94 96 4 39 87 35 10 18
5 93 10 74 39 51 10 19 3 88 9 5 58 93 26 14 27 39 74 15 38 24 61 28 1 33 47 23 83 73 73 25 12 54 16 39 91 53 20 94 10 37 48 76 21 94 42 10 53 84 32 12 73 24 58
34 94 38 57 33 92 79 77 97 1 91 22 23 5 28 19 16 17 55 59 32 48 65 60 59 96 40 60 65 94 17 70 28 49 77 93 43 74 78 100 66 45 46 96 90 78 18 56 6 8 35 98 93 14 70
37 56 50 40 78 77 83 8 11 6 22 71 82 30 92 3 61 57 89 14 43 30 4 96 47 3 74 80 2 7 26 77 27 97 21 87 90 52 92 81 80 49 28 52 99 62 49 80 62 20 37 99 64 34 86
34 90 4 60 39 34 50 5 10 91 51 65 19 82 95 14 29 43 16 21 8 64 10 96 77 100 70 71 66 44 93 40 17 44 9 29 94 64 13 10 76 38 69 54 24 78 77 73 48 84 20 75 46 59 96
27 1 55 12 28 98 93 82 43 47 32 62 36 4 30 67 78 50 86 74 83 33 93 27 23 78 84 34 90 18 91 17 68 11 30 51 89 17 48 81 15 72 24 87 26 31 56 16 87 63 2 41 18 86 49
71 12 62 20 78 43 48 57 63 54 89 76 92 29 80 3 97 40 83 77 69 88 78 70 67 100 60 90 36 42 17 22 32 35 59 24 81 52 84 24 8 81 1 23 86 79 91 20 60 49 47 57 59 11 10
1 12 72 51 61 74 78 71 41 12 2 31 72 44 70 61 34 90 6 92 67 13 97 33 19 66 85 99 4 26 26 1 47 86 46 63 12 49 100 38 33 6 8 88 87 43 86 53 44 40 65 70 51 6 38
41 99 4 56 93 35 78 47 25 55 30 50 14 32 23 74 48 61 6 29 10 93 2 2 80 73 12 90 92 74 30 94 34 52 42 89 76 74 91 25 51 45 89 51 70 57 95 49 21 37 42 43 56 3 99
94 46 57 97 58 57 50 60 73 36 44 99 72 60 25 70 56 32 99 77 25 59 20 81 73 4 90 23 61 93 55 3 23 35 78 6 6 53 70 8 11 68 4 82 73 64 80 77 17 52 1 58 83 42 25
58 6 20 7 33 58 19 74 21 96 99 45 47 95 56 90 54 68 17 4 77 23 68 19 97 51 98 39 79 100 26 81 89 41 46 94 61 88 30 13 84 26 58 79 55 59 80 89 83 18 53 82 87 59 17
13 76 94 77 14 6 54 72 39 21 26 44 17 50 44 6 44 39 10 12 29 100 14 60 73 56 2 85 45 14 22 31 52 82 32 62 39 51 51 55 8 57 61 91 66 26 88 34 92 91 71 56 8 52 35
7 7 84 8 20 54 44 58 65 68 93 2 20 17 54 78 2 91 2 59 37 72 66 65 82 71 10 31 58 32 60 35 6 40 68 59 36 30 18 35 72 17 95 4 10 22 59 40 94 1 74 78 45 20 42
39 50 10 37 50 9 30 100 14 19 36 31 49 59 51 55 62 44 55 68 38 20 25 69 46 49 60 46 74 95 4 79 51 98 35 65 54 90 48 94 90 32 62 54 45 25 2 98 98 40 50 25 42 100 55
69 70 74 4 52 32 95 9 31 16 68 11 63 75 52 50 29 73 14 74 37 63 11 18 36 9 79 93 59 36 4 84 59 29 48 97 45 12 96 16 35 13 79 10 8 41 84 55 38 13 38 51 21 15 56
18 89 45 41 93 87 70 68 78 79 35 25 60 90 50 63 77 50 63 92 35 22 19 90 33 45 78 46 69 79 14 25 70 40 80 86 13 63 27 93 95 74 92 20 60 67 24 45 97 7 34 87 11 37 60
19 4 80 77 44 75 41 78 53 34 46 89 49 79 14 44 42 100 66 30 62 20 53 74 18 42 3 75 47 83 65 100 14 39 19 67 24 99 64 62 93 90 22 47 54 62 69 22 20 87 81 67 11 58 8
74 76 86 77 88 92 8 58 43 49 50 68 37 6 69 53 57 48 61 21 11 49 87 14 26 54 27 68 70 80 54 95 19 34 82 4 67 52 56 57 2 44 16 51 81 70 9 93 77 88 76 76 30 58 53
83 47 16 32 5 10 66 58 7 87 71 36 84 24 75 51 95 8 33 86 92 63 53 25 16 94 76 34 86 13 87 66 69 97 29 25 93 68 80 66 72 67 99 60 72 38 79 7 64 6 71 30 81 59 28
85 95 82 13 34 36 77 91 45 27 19 32 84 32 79 76 86 4 11 73 92 25 75 45 39 49 29 6 2 66 89 44 48 61 8 85 99 45 55 97 10 49 25 99 12 38 89 17 59 37 2 67 15 65 51
2 73 50 39 97 85 58 4 62 14 51 15 28 78 30 89 14 63 5 56 77 26 98 99 25 2 77 5 85 20 50 13 98 53 47 88 27 46 33 73 77 59 93 73 57 75 81 29 25 91 29 89 3 41 60
58 13 64 2 66 29 29 73 9 11 97 66 15 19 72 48 55 100 38 51 23 97 41 4 25 80 99 19 26 73 46 83 66 98 99 10 45 31 25 76 13 78 32 56 14 21 48 66 57 75 67 35 30 56 37
48 47 68 71 36 69 25 56 99 96 70 19 46 59 6 69 64 33 48 84 26 68 70 75 29 80 98 85 11 44 40 35 35 7 80 32 68 34 97 19 94 10 44 91 83 36 65 72 47 82 12 57 22 61 36
77 66 87 25 46 46 25 29 26 72 41 24 40 9 62 87 76 64 83 10 89 63 72 81 74 79 89 19 45 68 6 8 6 8 98 83 76 94 67 59 8 54 13 50 80 97 49 82 3 80 74 73 35 45 7
38 56 77 68 27 32 88 31 49 17 14 53 46 44 62 31 95 75 6 51 34 89 53 28 45 71 48 30 75 45 62 89 16 43 42 47 26 78 87 51 23 75 81 58 77 67 64 74 50 73 1 48 62 69 52
