10
4
11 11 15 2 1 18 9 8 2 1
3 18 5 16 3 20 2 20 11 2
3 9 1 1 15 13 4 12 7 19
12 7 15 3 20 18 18 4 13 7
9 15 9 4 13 19 8 15 9 13
5 20 18 10 15 5 2 5 9 13
18 13 4 17 4 10 11 20 18 1
8 8 15 4 4 5 6 9 10 4
13 5 16 12 8 8 4 10 20 2
16 9 15 1 13 6 6 6 2 13
19 6 17 15 3 17 7 20 20 2
1 4 2 18 2 11 12 16 1 10
7 8 7 14 6 7 18 18 8 13
2 11 3 6 10 10 19 9 5 9
10 19 4 18 19 7 17 8 9 16
3 20 18 9 7 7 6 18 2 19
14 12 18 1 9 20 1 7 17 13
7 16 4 18 7 8 8 9 3 13
4 17 10 13 1 2 11 20 14 4
8 17 18 18 4 19 15 10 8 1
12 12 19 16 10 17 18 13 17 17
2 11 15 4 2 5 19 18 15 3
6 15 12 20 6 15 20 17 9 12
11 1 16 3 13 20 4 13 10 17
10 14 3 18 4 9 2 9 15 9
17 11 4 8 18 13 12 3 11 1
3 4 3 7 10 10 5 8 14 3
12 18 11 2 18 1 17 12 5 5
9 11 2 15 19 16 4 19 9 3
15 13 20 7 12 18 16 4 12 2
8 3 12 15 4 19 15 18 13 18
5 14 11 4 12 8 20 18 14 1
9 11 4 11 14 10 11 13 19 14
6 10 18 3 13 7 8 15 16 19
14 18 15 19 13 18 7 13 3 4
3 18 6 20 3 11 9 1 1 15
12 18 6 11 13 13 10 7 2 10
18 6 12 13 10 2 17 19 4 11
4 17 11 15 19 16 14 15 20 4
15 5 6 13 16 14 12 19 13 8
