70
4
37 61 66 43 33 67 54 10 48 98 42 91 66 65 6 49 40 36 79 37 54 30 94 80 75 84 62 7 98 4 49 69 49 19 26 29 64 61 44 45 93 30 19 54 57 41 67 73 87 49 42 40 13 30 54 100 66 71 81 47 69 21 7 53 69 79 82 76 24 79
93 40 80 27 78 63 35 10 75 6 33 77 19 63 40 36 67 90 35 23 23 79 78 54 5 24 76 51 78 31 85 25 81 29 50 76 23 24 48 37 85 39 39 1 89 9 83 16 42 70 62 54 31 77 47 90 41 62 99 63 72 17 9 91 19 32 80 25 88 34
63 29 42 85 96 10 1 18 85 5 68 50 86 4 94 90 2 20 55 27 65 35 39 81 80 96 64 39 40 15 8 44 26 66 79 77 31 9 6 44 63 15 94 34 41 93 74 52 91 40 95 40 9 79 84 68 27 25 12 14 73 2 67 13 63 76 74 11 21 44
55 13 89 45 46 47 88 62 58 40 91 87 37 37 49 6 27 19 72 48 29 94 5 87 81 62 13 35 1 37 81 51 52 40 89 9 77 71 17 32 98 50 53 99 44 43 20 82 17 74 49 71 31 21 12 21 93 21 66 89 5 12 65 11 61 27 58 87 74 71
89 59 62 2 29 82 35 71 65 75 1 55 12 68 9 43 5 11 92 85 36 27 8 50 73 27 32 89 19 61 99 67 42 47 77 39 68 9 40 30 29 39 63 7 41 75 65 94 81 57 28 38 23 39 61 77 48 74 39 5 90 65 5 89 79 27 34 17 36 78
15 39 8 33 79 51 21 92 61 14 55 20 22 16 18 80 22 24 48 78 18 20 24 6 34 53 69 15 94 95 65 20 93 93 46 75 17 27 49 45 7 33 19 90 67 38 78 74 24 12 1 4 78 82 49 75 49 27 31 64 46 10 73 55 20 38 14 23 95 83
6 56 25 78 67 70 54 87 71 78 83 95 92 34 6 44 44 59 19 100 91 54 95 11 13 85 28 57 15 99 49 81 14 19 48 14 72 6 86 23 7 41 95 36 17 62 58 30 80 84 49 51 32 48 39 26 85 31 90 59 71 93 13 82 65 9 60 98 30 87
56 29 74 44 13 100 51 1 87 86 3 3 70 30 69 27 96 6 47 82 22 1 6 3 98 18 3 69 46 10 68 51 68 78 82 92 92 81 20 3 90 6 37 98 43 11 28 53 69 22 3 14 81 73 19 100 13 8 29 33 28 31 31 64 2 51 81 3 62 5
86 22 90 65 99 64 52 12 99 99 26 69 33 68 27 84 44 50 2 81 21 24 71 27 66 98 19 59 73 50 70 72 2 72 29 15 34 30 64 97 70 97 48 26 59 17 26 3 83 40 78 11 9 65 25 47 26 98 38 72 96 5 42 79 87 58 18 47 40 51
55 64 78 34 53 71 75 56 47 55 31 100 61 15 83 11 88 28 63 2 51 9 49 76 58 61 3 21 4 8 89 17 80 34 34 57 73 99 15 73 32 23 35 36 80 52 81 25 60 24 30 41 62 16 54 10 53 6 33 86 37 62 55 59 82 68 52 13 43 14
40 60 2 53 86 80 40 74 74 2 31 54 22 73 7 97 48 5 88 54 22 11 1 93 16 58 74 98 59 31 7 45 59 30 7 60 94 81 95 58 64 88 52 90 52 73 32 85 40 84 51 17 4 28 32 33 99 46 26 18 24 80 17 73 33 4 10 68 25 22
5 10 67 38 84 77 31 34 73 48 57 19 33 30 98 99 47 44 47 68 30 18 21 69 54 5 60 60 91 95 72 70 24 88 61 19 77 78 82 16 72 10 96 69 33 4 39 75 58 71 11 75 62 54 32 28 73 9 44 89 100 30 92 9 15 85 56 6 14 3
12 16 94 11 96 34 62 99 82 98 86 88 59 6 39 6 96 65 71 59 15 40 30 54 49 61 43 88 55 78 44 81 41 11 91 86 22 100 26 4 38 55 73 82 30 49 18 34 1 57 75 43 63 85 82 79 96 41 90 38 36 32 82 52 14 43 60 22 36 21
32 36 2 23 54 54 4 30 63 86 36 14 41 20 90 36 8 94 62 60 28 41 95 11 29 18 73 75 67 31 85 41 57 39 64 59 73 11 46 44 66 42 75 96 60 100 41 21 18 63 27 25 86 69 23 71 93 26 36 65 100 15 100 82 57 44 65 90 16 87
31 22 52 96 95 84 77 9 8 98 89 61 16 79 12 1 74 51 7 12 46 34 19 41 27 92 83 28 1 35 93 96 2 66 3 16 30 49 92 92 94 75 12 81 8 76 37 86 28 13 52 83 48 46 68 69 82 32 33 82 54 12 23 53 50 53 21 22 96 80
64 15 22 72 6 31 55 37 40 73 83 59 61 20 86 22 65 73 66 71 82 30 79 46 8 100 100 60 74 67 55 24 38 75 70 68 84 72 28 3 78 95 13 98 6 54 66 97 60 99 75 62 61 46 84 61 6 64 73 91 74 77 87 5 1 68 15 67 58 43
33 39 25 93 77 88 73 36 71 68 31 11 91 33 22 49 70 61 71 74 81 20 37 48 90 61 39 31 76 64 5 74 69 8 89 79 10 52 42 63 18 12 71 98 80 36 25 9 48 69 61 28 71 1 84 39 6 29 81 71 47 77 53 15 89 28 59 40 50 26
52 99 92 73 13 85 39 74 28 71 27 36 29 19 15 22 72 35 70 36 86 47 47 47 14 35 26 66 38 30 36 92 18 86 81 14 35 32 8 69 64 79 69 28 15 85 71 75 43 70 70 31 100 10 66 12 89 66 85 23 35 23 68 20 11 45 95 54 22 16
11 51 16 52 44 4 1 100 89 62 69 56 92 9 33 23 2 92 39 49 79 37 68 35 92 87 35 35 15 59 54 47 37 98 96 65 79 85 35 83 73 79 46 85 19 26 72 21 42 97 21 34 64 17 48 99 68 55 22 53 77 24 70 44 46 72 5 69 62 7
29 62 81 74 41 72 63 21 81 74 57 1 3 48 10 22 73 48 40 58 44 53 67 5 29 59 90 22 70 80 92 66 13 88 90 5 47 97 72 55 62 26 27 75 84 18 53 50 31 24 3 40 5 78 71 18 20 79 42 21 40 28 36 47 2 22 73 86 99 69
64 63 98 64 95 95 8 5 65 94 36 25 100 60 75 51 72 63 33 50 42 39 97 40 70 12 15 23 35 78 93 6 65 15 11 84 63 85 8 12 88 14 22 10 30 90 35 81 62 83 15 46 36 53 29 94 96 16 53 25 15 67 88 84 35 24 55 43 80 87
7 53 21 68 61 24 86 84 57 76 81 36 69 46 94 74 3 1 23 51 82 41 15 94 78 37 63 76 93 39 53 85 18 94 16 100 48 21 69 5 48 92 96 64 74 22 18 68 81 19 39 66 56 66 84 9 18 78 90 6 77 47 58 14 46 59 74 88 96 53
42 52 39 11 52 11 25 28 43 77 100 43 44 56 70 12 16 70 60 93 10 58 13 90 72 68 55 73 80 40 42 39 61 42 13 30 90 59 55 46 46 22 95 7 33 7 15 87 17 6 42 45 9 10 63 13 38 5 42 68 33 65 3 94 37 70 78 30 11 13
25 85 73 95 59 49 22 17 20 94 21 68 81 18 47 28 47 100 73 47 94 46 81 70 74 55 10 25 83 32 30 43 47 39 12 82 43 47 89 90 17 66 77 69 27 1 76 5 82 51 87 70 63 69 45 25 16 65 42 73 5 54 13 29 90 42 82 11 95 93
35 55 54 97 9 35 86 20 83 87 68 66 76 15 83 4 43 14 15 58 82 11 22 79 64 46 23 6 45 97 77 22 71 83 49 55 85 54 49 85 62 26 65 14 91 56 72 47 1 37 71 63 93 100 53 70 81 2 13 96 90 81 74 50 71 61 21 30 38 73
21 5 4 27 15 72 88 33 82 4 51 81 75 95 8 27 71 23 83 1 21 44 44 69 2 74 9 67 54 55 10 12 2 58 40 61 48 85 63 35 47 6 50 16 12 83 60 69 44 78 44 50 23 94 87 8 44 62 84 43 95 24 4 47 42 22 61 88 22 33
68 7 88 52 77 99 51 33 91 92 14 48 60 41 34 69 91 60 4 41 53 87 30 1 34 92 32 64 6 99 27 70 88 19 96 29 38 2 42 72 90 58 82 86 56 49 4 23 92 48 25 84 90 57 65 28 68 26 49 78 17 64 6 70 23 47 29 6 36 54
1 5 63 62 54 69 4 13 77 12 19 27 94 84 97 37 17 7 97 63 68 91 28 72 74 41 15 54 21 42 76 11 81 60 36 36 30 16 9 17 17 24 41 95 93 73 97 96 67 25 51 99 65 1 63 31 61 38 24 9 78 8 93 74 89 40 58 1 81 77
14 45 34 20 33 21 26 34 10 11 3 2 94 36 94 79 56 67 57 17 97 26 38 56 14 5 98 25 60 87 43 69 96 24 64 66 27 97 28 96 66 32 96 71 72 69 75 99 3 25 82 75 60 22 44 26 68 60 34 89 54 91 20 34 56 33 72 45 63 86
29 27 96 63 47 57 59 99 6 29 12 3 16 73 70 32 46 32 93 20 7 27 60 43 39 36 70 70 83 46 48 37 39 66 18 18 64 100 76 12 41 81 23 36 83 83 22 53 35 69 81 96 99 7 73 76 2 82 59 1 50 8 36 21 33 58 78 26 79 51
51 93 41 9 48 19 44 7 28 39 2 53 84 97 57 48 79 4 99 67 78 38 90 94 61 81 75 87 29 64 35 21 98 44 56 49 33 53 51 19 98 76 55 20 15 70 68 57 57 41 91 4 74 16 35 78 53 38 32 56 49 49 88 94 32 55 98 32 62 1
97 39 8 37 86 46 46 8 54 72 55 67 70 11 29 76 63 76 11 84 5 17 8 13 29 10 50 36 80 19 7 46 25 47 51 15 50 57 54 75 69 58 77 13 91 68 21 83 93 19 2 27 59 77 28 47 74 37 54 22 44 90 23 42 73 35 63 23 84 32
41 16 11 55 62 66 39 66 11 71 5 85 68 70 30 56 91 89 11 21 53 71 47 59 2 87 86 81 54 20 39 65 99 67 54 36 92 6 20 12 36 46 83 12 50 7 80 58 48 78 35 88 65 70 32 94 41 6 51 73 61 72 81 88 23 91 81 86 52 100
61 32 86 66 40 43 13 88 55 78 41 73 32 3 7 21 81 6 86 70 94 63 64 47 86 2 52 30 3 2 23 77 92 8 29 54 13 81 41 52 81 23 21 8 7 55 82 98 92 34 8 31 32 73 87 38 90 15 60 86 21 29 41 98 18 35 31 52 91 99
2 64 93 33 67 71 1 2 5 4 59 43 17 78 26 38 7 31 98 72 76 68 92 14 41 94 70 1 49 8 37 12 33 41 100 2 62 61 31 47 30 89 99 69 73 48 12 75 57 81 85 88 97 36 88 99 10 19 98 42 100 38 87 83 44 57 76 7 54 17
41 78 76 36 98 92 32 60 24 33 13 35 28 16 81 38 99 60 26 90 89 63 11 29 9 68 40 21 72 16 20 22 90 3 18 68 83 38 71 85 4 32 100 78 15 74 13 58 79 93 72 72 59 1 69 18 98 85 8 89 9 33 23 59 64 96 96 33 60 68
20 16 23 70 91 5 90 50 40 55 64 38 2 71 76 63 31 50 80 70 65 58 6 4 15 2 34 65 3 76 38 100 99 7 4 30 53 7 22 4 47 16 40 43 51 73 24 14 31 19 7 32 26 66 47 11 62 62 15 87 91 21 58 74 88 23 35 22 48 39
47 90 45 28 22 57 19 69 12 15 21 31 55 91 28 57 81 48 19 35 46 36 18 16 57 46 11 44 42 22 75 97 32 45 17 89 95 24 21 54 44 35 88 66 18 41 43 96 74 20 42 70 88 44 56 85 7 66 1 92 94 31 19 31 16 64 97 61 62 13
85 13 56 51 6 46 61 68 99 74 47 22 63 37 13 30 79 15 30 34 5 51 50 81 20 1 56 84 47 7 95 30 64 34 43 18 60 69 78 40 99 96 18 50 46 62 20 37 8 45 80 77 29 95 94 61 21 55 6 37 32 37 15 64 82 11 52 77 56 42
88 88 64 2 84 72 97 33 17 35 2 28 97 83 24 93 92 70 28 67 28 53 52 60 82 44 78 68 31 3 32 13 95 62 10 19 85 4 30 7 33 5 6 47 32 73 76 23 1 3 24 15 93 38 8 8 77 64 2 25 69 44 69 24 59 21 55 17 87 58
93 82 33 96 75 97 76 34 82 36 62 28 36 4 80 54 1 33 86 47 38 39 51 27 48 79 3 54 15 59 92 96 44 75 76 31 68 89 43 57 19 10 82 48 79 29 16 89 72 62 96 64 59 87 37 36 92 33 58 17 89 61 87 72 49 89 69 9 75 24
88 4 15 30 80 15 41 65 7 12 31 28 4 50 4 98 85 6 57 34 7 22 98 20 83 21 98 40 14 95 6 75 65 23 57 43 49 62 37 34 56 93 29 38 76 39 2 89 71 91 3 9 62 30 88 8 5 63 7 72 20 11 34 41 1 72 86 24 25 19
96 21 8 35 100 72 52 86 46 56 29 87 44 33 94 67 58 58 42 41 75 28 54 7 5 44 67 50 91 64 71 74 82 4 50 61 81 68 8 14 96 79 86 65 27 77 50 65 99 13 91 13 88 16 89 65 85 64 85 51 38 64 36 91 84 21 9 84 2 54
25 34 49 80 55 70 47 36 55 96 17 16 83 3 81 74 96 98 57 53 95 74 94 74 88 37 80 43 82 50 2 6 43 87 17 61 4 13 71 73 15 25 60 42 16 19 88 33 78 31 13 77 20 87 99 71 92 42 14 95 49 100 45 9 13 42 28 36 5 64
78 44 19 74 69 56 23 87 31 57 20 55 4 68 93 12 74 93 2 46 59 27 89 69 53 74 77 7 13 29 28 64 11 22 68 71 75 26 76 78 47 63 26 74 66 32 43 4 4 7 83 100 66 29 48 56 27 55 6 82 66 78 82 95 28 92 100 39 39 90
72 86 6 74 79 57 21 88 77 31 24 83 28 71 19 38 32 47 5 52 72 84 98 66 95 80 60 25 69 74 83 29 5 58 35 39 48 9 95 59 93 25 23 97 95 38 94 60 49 34 23 53 85 64 52 27 33 65 38 68 19 27 7 93 42 92 91 63 91 34
44 92 35 24 76 42 17 59 96 45 73 14 30 74 31 17 89 85 30 87 25 37 40 68 97 77 93 91 64 80 95 88 29 76 50 19 59 51 100 55 66 28 67 1 26 29 3 21 6 31 21 3 8 46 60 11 95 57 86 98 20 83 65 66 22 69 40 79 6 74
34 2 57 4 39 99 8 76 72 48 94 17 91 98 96 26 59 62 63 55 64 53 62 87 38 1 55 7 54 30 8 17 87 35 46 82 89 69 72 65 20 32 22 14 14 33 77 11 89 46 97 72 94 4 24 92 48 62 31 65 48 70 29 61 65 72 59 80 89 80
42 82 99 92 13 81 66 41 26 95 16 84 48 74 32 50 44 38 23 19 3 11 31 73 62 43 49 50 2 100 35 8 96 22 75 44 3 17 27 26 26 3 80 41 17 16 38 21 79 19 91 15 44 94 23 92 3 70 57 51 37 18 18 37 74 92 46 92 8 30
13 44 46 64 63 87 16 97 85 57 63 15 84 71 77 74 60 5 10 78 10 69 10 22 45 44 62 15 38 32 45 11 33 74 34 28 18 5 90 31 86 30 14 57 98 73 82 62 64 56 80 18 29 58 78 99 22 7 61 36 90 16 50 12 94 58 49 58 89 45
88 40 79 59 78 65 44 34 14 16 96 6 10 98 65 18 84 12 69 54 9 58 58 66 27 97 79 81 41 22 44 45 10 63 52 32 61 46 58 46 61 14 32 41 76 76 98 31 63 9 94 40 95 74 40 59 86 77 19 16 81 86 86 2 58 10 82 11 6 22
15 44 88 9 18 11 45 71 37 33 54 34 7 38 15 43 54 42 100 96 43 11 68 54 52 27 40 95 23 17 79 70 54 59 1 67 46 23 5 78 29 13 99 30 57 24 40 67 92 5 77 36 31 88 69 38 88 60 57 72 40 68 11 3 25 76 16 43 27 79
82 17 55 2 51 74 71 78 79 41 23 27 20 31 12 26 31 47 93 75 99 7 3 25 95 58 1 18 86 22 97 66 39 85 68 42 33 83 96 24 39 90 67 40 84 27 51 32 26 3 98 85 93 80 77 90 21 83 66 1 50 12 6 89 33 68 72 6 77 45
4 25 53 8 97 5 12 5 81 24 70 1 94 4 72 96 91 80 82 31 11 12 23 54 36 30 47 99 36 29 33 23 40 2 29 48 19 94 88 45 9 53 74 45 52 53 73 27 51 100 15 16 58 33 76 63 64 19 5 84 82 87 61 42 79 8 54 49 1 59
36 57 85 61 21 85 12 68 86 79 37 3 93 15 8 17 25 33 11 26 55 76 75 60 44 87 85 89 12 24 22 37 68 94 92 46 77 5 33 31 97 21 48 41 60 90 70 80 75 93 25 23 49 12 74 85 51 36 94 72 19 34 92 91 41 77 92 41 61 33
18 76 20 67 17 5 5 31 78 67 54 52 75 100 72 41 61 16 46 1 87 19 59 7 54 52 25 36 54 69 15 23 7 63 44 77 20 57 65 93 64 73 22 39 64 1 8 16 79 43 50 18 67 79 14 29 74 26 28 85 90 94 67 11 65 16 6 28 32 95
98 89 20 59 76 35 6 43 46 7 58 80 60 46 63 78 25 31 50 6 31 81 56 85 20 48 35 64 34 33 89 9 91 7 76 59 75 74 82 20 86 85 96 7 89 14 38 65 10 46 67 3 92 6 92 14 15 82 64 8 95 66 89 4 84 79 46 93 6 34
89 32 67 6 84 64 49 19 3 40 24 66 72 9 84 38 37 42 84 15 37 12 23 37 28 59 21 74 52 68 9 62 78 23 43 64 31 30 62 76 72 40 5 15 13 33 48 22 87 69 83 93 21 18 89 54 14 70 3 66 14 99 78 99 46 83 69 80 79 32
51 71 71 39 6 30 31 83 66 13 79 96 25 41 31 12 75 28 5 36 59 75 11 88 49 85 75 59 76 67 78 63 28 25 16 21 87 52 4 11 75 61 46 58 88 85 89 86 97 73 54 68 22 62 54 54 61 40 31 78 15 26 100 75 73 44 60 84 58 75
86 86 13 99 73 43 81 11 39 80 49 58 58 71 91 97 7 52 52 1 48 20 70 88 21 19 89 41 24 74 100 34 47 60 91 34 96 78 58 36 84 29 13 73 98 46 73 24 84 19 42 52 23 33 17 83 11 78 18 63 15 27 48 38 88 67 69 26 87 8
73 69 93 81 66 58 49 18 32 79 68 48 26 4 12 72 36 19 52 55 16 8 91 9 9 3 96 96 71 14 50 19 42 84 36 76 97 37 71 21 12 27 48 2 91 28 90 91 54 92 18 84 52 10 81 13 30 90 41 49 39 60 48 12 77 44 43 95 30 91
18 76 8 8 88 33 74 40 22 84 41 95 72 98 51 32 79 55 35 87 55 12 85 49 62 7 88 55 91 32 91 100 19 18 87 44 94 29 43 75 64 86 29 29 27 48 21 25 81 76 58 64 2 76 33 93 97 38 20 66 14 88 47 54 99 52 31 8 93 37
50 44 74 60 37 91 69 2 34 95 92 93 51 99 57 67 94 90 71 13 89 63 97 67 99 19 87 23 36 43 95 83 64 18 57 81 44 59 29 4 51 56 88 18 20 38 7 51 29 19 8 48 22 46 7 88 16 69 47 31 38 11 88 92 49 25 25 43 58 64
44 77 50 1 6 59 36 92 85 2 28 72 81 16 37 93 20 99 19 30 64 35 28 22 90 3 25 97 68 15 76 17 15 18 35 46 40 53 79 4 57 67 61 15 16 1 33 98 91 18 77 100 100 58 22 71 86 13 53 55 26 70 6 44 98 37 84 51 17 2
22 96 30 67 41 37 91 8 1 62 82 1 38 52 7 57 53 93 58 25 98 21 2 87 9 46 92 72 82 78 26 3 53 55 96 21 53 23 63 80 68 38 21 90 17 43 99 57 24 75 76 12 17 76 1 21 26 75 81 85 3 61 37 21 62 74 35 92 96 91
34 67 22 54 23 47 78 51 97 45 94 24 67 34 27 18 89 81 87 29 67 4 93 25 43 100 70 28 28 82 4 76 89 24 32 73 45 51 26 41 25 74 94 59 73 30 79 57 7 94 83 7 91 32 74 68 24 57 19 13 14 24 67 49 7 98 99 34 65 41
65 100 99 18 28 77 35 54 44 80 43 79 7 15 15 86 77 19 27 59 85 57 87 64 51 49 36 72 61 15 56 28 17 83 26 48 63 74 81 93 26 92 3 30 66 9 8 27 11 3 86 86 20 77 20 9 28 92 22 47 57 71 66 53 2 97 70 37 89 25
38 5 46 75 54 78 41 94 33 69 57 74 47 41 12 19 16 1 89 76 77 20 40 58 65 75 42 34 84 67 22 92 32 39 71 99 64 39 21 72 60 32 54 100 64 42 42 48 6 77 51 11 54 57 34 50 40 6 98 23 45 46 62 54 23 80 5 84 92 42
16 12 4 91 63 10 79 37 25 25 79 27 72 91 33 13 41 86 53 19 30 17 38 53 56 97 79 90 17 46 71 95 5 87 11 31 94 8 69 85 42 75 80 84 16 58 32 79 45 82 57 87 5 32 40 24 80 80 1 78 68 100 44 31 97 28 19 67 7 97
4 88 100 98 78 10 75 60 10 24 77 69 84 75 40 71 69 82 23 22 22 50 51 86 34 41 42 99 23 27 68 25 36 31 76 40 56 92 31 32 70 8 4 1 37 76 72 84 28 77 57 18 32 88 16 85 27 74 51 59 70 47 35 59 51 51 95 8 9 90
80 46 18 46 8 67 95 68 5 86 11 41 66 52 25 89 36 8 68 1 5 60 69 78 91 15 33 26 53 70 76 59 90 51 25 57 23 48 84 56 14 75 83 95 91 81 68 2 93 5 77 2 79 35 56 15 97 79 82 7 75 33 11 1 38 84 70 9 99 16
92 32 96 55 87 82 43 54 14 32 64 97 10 23 91 41 3 21 35 43 83 9 86 39 39 39 3 25 29 95 3 52 44 23 67 75 87 71 88 15 35 58 8 46 74 91 99 78 64 62 95 94 38 22 88 23 78 50 11 30 34 77 64 19 27 18 16 5 54 51
11 58 56 26 78 42 90 85 91 6 80 84 32 46 25 77 7 55 51 98 9 1 78 79 52 13 28 63 95 39 3 5 39 46 24 31 85 71 52 66 46 32 73 31 49 18 73 67 94 33 84 94 42 100 34 34 37 14 47 44 17 39 3 5 67 30 90 63 34 49
79 11 14 18 47 82 48 78 21 81 27 25 76 22 93 86 49 44 32 83 98 26 63 6 56 56 98 26 70 61 23 30 16 39 3 60 97 94 82 48 79 11 1 70 1 87 69 38 15 80 73 69 18 8 21 5 15 61 62 55 4 3 53 37 59 14 30 35 78 4
96 97 73 87 26 46 17 81 18 23 37 44 48 11 54 56 38 35 100 46 3 50 72 46 62 51 1 49 83 93 62 70 37 74 2 53 56 43 52 59 57 1 81 82 30 28 65 100 66 13 63 66 32 86 21 36 48 64 17 14 11 57 17 54 86 78 38 46 34 50
13 18 79 88 7 46 78 22 69 19 79 61 13 92 66 40 35 86 83 73 32 71 14 61 41 1 34 86 14 71 50 5 80 31 89 18 73 17 26 9 75 27 98 57 44 83 48 67 58 84 68 15 17 66 41 91 25 94 72 36 45 28 78 71 8 69 82 24 46 74
17 92 57 4 70 91 46 11 60 17 65 31 14 24 42 97 57 25 60 19 40 44 8 78 57 57 38 9 16 91 78 22 62 54 90 18 78 92 56 73 45 90 92 33 41 99 38 68 35 22 65 48 81 92 85 85 68 51 12 44 54 12 24 95 93 79 2 87 47 65
3 78 97 53 31 20 92 66 15 43 48 64 79 53 22 61 29 86 77 20 20 42 11 88 98 19 22 8 19 66 92 72 87 50 55 90 98 3 84 93 50 32 52 71 71 6 25 85 74 92 20 34 33 13 33 44 3 80 93 57 53 99 64 32 61 91 1 64 63 43
31 32 93 63 93 69 98 6 92 7 44 11 25 6 59 48 89 58 34 5 37 46 66 51 56 44 9 76 14 84 60 32 55 47 4 58 67 65 17 21 66 25 8 80 97 96 6 26 3 21 16 3 35 68 78 85 89 95 16 8 96 26 90 14 13 17 49 57 63 55
10 12 76 39 31 42 92 55 92 70 89 16 9 52 79 23 44 71 10 96 66 81 67 14 14 11 25 77 29 6 48 20 62 72 55 3 31 61 62 2 58 1 21 8 64 2 37 39 14 58 37 5 60 46 8 50 48 35 46 45 50 3 42 75 37 50 34 16 82 87
60 79 17 35 38 27 51 56 57 2 9 35 98 99 96 19 77 82 80 74 13 23 25 70 35 78 92 63 42 12 68 62 42 66 64 74 68 35 84 27 1 3 61 65 23 69 88 25 60 2 61 28 6 80 46 37 68 91 69 63 91 35 51 91 66 47 29 39 36 39
24 58 51 45 40 77 52 22 96 24 66 71 48 33 52 62 41 72 58 74 27 72 29 54 69 9 80 71 35 58 8 75 43 16 38 5 81 57 76 27 98 85 86 8 59 26 64 2 67 40 12 4 61 15 90 4 85 81 34 62 56 6 19 6 97 92 61 4 55 20
81 95 18 92 97 34 7 67 51 45 85 50 16 42 21 91 51 96 26 64 10 28 74 73 59 21 83 87 99 89 59 22 96 97 8 32 64 77 27 25 15 74 85 77 74 66 76 56 34 98 5 96 22 63 51 96 62 35 99 8 65 56 42 21 75 59 62 21 88 76
54 88 75 31 2 10 7 60 31 56 86 97 47 6 13 67 36 86 3 32 24 21 29 83 16 55 75 14 71 32 66 50 72 45 67 78 33 26 18 35 45 8 93 56 14 95 93 37 32 85 92 85 37 34 95 71 15 57 97 3 20 54 92 2 11 3 7 94 44 13
61 4 78 85 92 66 58 1 81 73 96 84 3 28 90 47 77 14 87 1 57 59 38 72 78 41 15 5 82 33 45 43 67 68 78 53 59 10 45 19 7 34 76 41 28 78 26 70 25 50 3 31 24 14 72 10 17 99 11 94 18 85 89 32 54 58 88 91 94 97
52 70 26 3 62 35 43 18 18 20 32 75 9 32 98 43 76 37 99 30 70 95 10 78 49 49 77 37 6 53 92 14 57 13 71 12 10 18 37 26 71 21 21 87 53 79 60 95 96 91 57 4 46 72 54 30 18 5 82 62 13 67 13 28 26 1 45 76 87 86
87 18 91 30 15 41 36 42 22 86 53 28 35 62 36 12 15 89 10 20 26 38 93 80 82 3 16 61 96 18 37 44 21 50 29 80 65 97 5 45 40 8 1 71 76 69 20 23 78 74 44 67 63 53 58 17 66 31 81 60 77 87 68 39 17 36 4 29 80 31
57 31 85 15 18 8 59 6 48 96 50 1 9 2 55 58 38 17 58 100 8 81 95 28 79 47 14 71 88 64 72 85 99 29 11 56 52 70 47 1 93 53 38 100 3 75 19 17 94 9 27 38 31 15 41 49 81 2 90 45 100 50 43 39 98 34 64 89 84 23
12 55 59 6 92 30 14 86 8 12 80 2 47 72 5 96 83 92 81 49 19 98 64 4 71 88 30 44 52 64 88 40 5 38 22 13 68 89 77 65 33 28 35 48 75 78 73 31 99 34 11 20 16 98 1 8 67 35 66 47 20 56 16 67 82 6 36 43 66 15
41 85 78 26 34 1 15 8 72 81 14 90 17 67 58 81 87 53 11 56 84 48 48 27 95 21 22 99 67 39 2 10 37 10 68 45 66 42 61 93 11 16 27 35 84 14 62 96 56 96 23 68 68 72 16 38 17 16 33 36 17 77 36 16 23 41 84 58 73 66
34 12 62 67 27 93 45 85 9 15 71 61 37 42 34 22 83 33 71 37 15 8 24 26 41 52 62 25 15 16 29 4 49 55 63 8 37 41 16 16 27 29 84 55 37 25 53 18 38 75 26 72 82 37 52 64 75 18 85 70 92 10 76 10 2 70 32 81 65 80
99 98 9 30 7 9 89 4 85 82 1 42 92 13 17 51 50 14 8 38 40 83 7 69 72 32 53 22 62 36 56 32 28 59 3 55 36 37 2 10 48 7 21 44 39 48 19 15 47 90 92 84 9 77 77 1 79 91 97 93 78 1 100 94 94 2 40 85 33 91
13 38 4 33 89 59 33 44 94 78 52 3 62 52 16 64 26 4 81 91 85 80 25 93 53 57 18 55 22 83 18 15 11 37 73 82 33 67 77 7 9 57 38 74 68 21 19 12 31 88 5 7 88 97 100 4 52 65 9 60 70 61 33 7 21 11 45 48 54 39
33 53 70 46 63 100 75 64 92 15 92 71 60 70 82 73 70 22 1 70 91 60 80 32 97 56 10 36 73 41 13 68 41 85 35 77 20 45 7 59 91 93 21 7 57 25 97 14 58 13 6 66 26 33 14 23 36 8 79 61 16 30 62 14 5 34 88 5 94 7
18 50 43 2 65 95 87 40 85 89 49 97 65 12 4 81 86 86 94 94 43 21 53 68 56 85 14 71 64 71 7 37 98 96 37 33 40 91 91 3 41 18 76 97 17 11 39 61 9 89 25 52 10 19 64 45 80 76 66 30 63 52 18 8 52 45 94 44 45 100
75 39 82 30 15 18 49 10 96 81 94 30 11 25 32 29 21 66 94 45 34 59 46 84 69 94 16 6 70 33 27 75 57 89 25 86 34 72 77 22 77 12 44 48 10 49 19 77 49 34 100 95 53 96 75 52 42 77 44 63 15 55 71 68 1 88 88 11 44 50
18 16 7 10 24 75 19 5 28 1 67 70 69 51 22 94 48 67 41 29 42 84 33 74 68 44 41 60 16 95 62 16 74 57 31 68 1 17 20 36 36 33 26 4 6 49 97 64 15 84 58 44 8 89 48 73 85 44 14 59 78 58 37 83 76 89 47 10 42 48
14 43 10 91 17 64 9 4 84 22 76 85 60 25 58 77 37 6 91 95 6 51 16 37 78 65 92 14 12 6 19 43 20 54 26 98 89 80 75 2 58 60 38 71 40 45 76 38 67 78 55 14 86 12 11 79 99 85 61 21 76 76 74 91 82 93 80 1 75 42
40 96 53 20 97 34 63 18 87 1 24 38 54 62 21 47 58 57 34 27 31 34 45 11 27 19 81 3 16 76 3 13 32 99 56 54 59 55 45 82 94 63 45 38 83 58 16 63 36 88 91 44 94 41 47 61 41 88 36 12 41 55 15 43 87 10 20 86 77 23
45 32 43 31 20 22 64 62 98 81 28 20 17 26 97 8 76 15 60 52 22 41 94 30 85 21 16 86 24 76 70 23 38 7 6 37 70 57 48 11 55 68 70 93 85 67 40 90 92 68 31 53 86 74 1 84 71 60 32 56 56 55 51 40 10 54 83 71 94 11
10 45 18 59 76 22 72 80 100 78 45 57 60 93 19 26 65 64 84 40 17 88 77 7 86 40 85 79 30 47 30 35 62 35 53 22 94 98 46 53 54 93 66 98 80 51 39 7 84 64 62 98 71 3 2 81 75 38 61 43 36 2 30 35 57 13 50 17 56 13
90 32 93 88 89 21 68 75 81 31 71 7 48 27 44 81 39 64 6 18 18 10 84 45 24 32 42 47 59 100 89 13 48 98 33 75 9 22 33 96 54 85 51 80 4 76 12 97 11 47 12 16 56 6 74 90 68 38 100 40 53 85 5 13 7 63 83 6 78 58
82 64 41 45 32 24 66 60 23 10 96 95 40 82 36 72 49 98 55 40 26 10 62 96 54 84 74 28 52 35 40 90 96 49 40 48 22 65 83 47 58 69 43 85 5 63 36 88 84 11 78 15 44 49 99 47 61 57 12 28 82 37 24 77 86 45 20 89 54 3
73 68 41 80 4 14 77 82 38 44 81 87 57 22 27 52 31 3 99 99 28 82 31 88 26 78 71 98 47 31 19 95 44 47 45 31 22 80 10 44 88 23 80 44 49 34 75 100 34 45 1 29 21 64 31 41 16 32 29 73 3 46 27 84 82 32 76 17 93 68
8 93 33 2 9 64 26 51 66 80 72 55 70 62 8 87 97 50 39 81 30 22 62 49 88 3 60 70 10 31 43 92 35 71 33 38 100 60 68 31 61 16 6 61 35 20 10 8 61 99 59 68 26 14 58 30 45 88 77 37 99 68 77 19 95 37 86 85 42 73
76 27 58 59 39 61 28 71 53 2 18 88 82 6 6 50 27 46 59 26 55 91 63 100 7 66 85 98 92 34 37 29 17 6 70 89 4 86 36 5 56 57 7 19 17 42 98 74 76 58 26 88 27 76 77 20 40 5 27 65 18 37 61 91 34 18 60 8 93 23
49 12 87 34 6 88 50 5 27 82 2 33 48 16 22 85 68 49 26 2 31 55 52 59 3 93 61 4 6 5 30 72 17 95 54 87 17 28 57 87 65 26 16 8 99 69 74 95 100 66 92 66 15 99 39 23 65 61 57 81 15 89 83 84 36 13 29 71 70 14
54 28 20 48 58 88 98 7 1 89 96 45 70 90 15 82 77 17 46 15 60 88 34 64 73 74 87 80 25 17 32 38 18 74 93 17 81 78 10 40 76 23 56 37 65 72 28 32 33 35 22 66 66 70 77 81 92 89 98 19 54 12 58 36 59 25 32 100 96 59
92 6 13 58 95 19 37 71 71 53 65 24 15 57 59 86 84 31 53 66 80 36 22 97 8 59 6 22 90 38 63 91 89 67 72 41 67 7 66 52 97 27 60 73 40 23 26 88 78 81 47 49 5 32 31 6 46 63 77 41 70 98 11 5 37 15 48 59 26 57
69 32 45 17 47 82 35 32 83 81 92 56 32 16 16 11 28 29 71 3 69 98 93 45 41 100 86 88 37 59 57 20 18 71 82 45 17 88 100 80 76 79 72 87 11 76 59 68 69 82 22 95 23 6 58 43 54 79 90 44 39 97 35 96 76 59 45 25 20 50
31 64 86 21 66 23 9 83 47 29 1 93 7 61 54 100 60 14 93 81 77 34 82 21 31 13 45 33 92 85 97 54 84 20 33 25 54 40 78 73 89 99 71 74 40 25 97 71 86 59 16 4 51 30 83 85 98 70 23 41 14 69 22 100 24 42 93 21 43 99
84 82 94 74 26 86 2 26 91 22 32 54 5 18 60 28 75 10 23 41 74 88 70 39 20 38 45 76 1 8 21 66 1 32 49 43 67 86 22 46 85 45 87 60 43 51 61 61 61 51 44 71 39 66 80 50 63 9 49 53 11 13 14 27 79 74 91 25 29 82
35 75 69 43 67 88 92 55 71 38 24 6 72 57 8 59 32 28 39 95 83 64 84 70 94 13 98 78 27 3 83 13 65 88 79 33 9 34 94 83 94 27 40 84 18 89 96 77 32 7 22 64 94 49 53 91 41 43 44 31 39 81 21 9 88 86 69 55 97 69
98 84 9 41 27 81 9 43 57 43 30 23 79 28 52 63 82 87 66 71 4 84 93 84 87 30 30 61 2 28 78 2 89 20 78 88 15 97 89 85 9 99 65 55 5 32 3 26 69 64 16 87 23 52 15 62 87 29 16 8 85 70 18 42 3 47 18 91 76 80
85 16 87 46 89 48 57 17 4 88 1 37 1 22 48 69 76 63 5 35 84 85 77 31 99 51 58 53 98 41 47 5 90 20 93 73 16 77 40 76 54 22 8 6 93 10 64 99 75 12 28 41 35 71 36 45 49 17 84 32 17 59 78 6 85 31 76 85 14 49
46 21 21 40 43 90 59 30 60 54 93 7 23 65 55 37 17 53 39 13 59 82 63 33 92 94 45 7 65 84 50 21 91 79 26 70 56 35 30 79 66 9 99 22 76 88 11 80 28 32 84 44 43 57 13 21 3 59 23 7 80 24 25 17 76 90 37 47 97 8
47 65 16 17 35 83 51 64 59 24 33 14 75 40 46 60 20 70 75 75 32 3 34 84 28 45 46 55 91 37 37 59 17 5 61 80 60 50 94 73 97 92 70 93 25 66 59 2 54 35 100 5 70 17 16 50 54 37 94 80 17 8 53 37 95 85 51 43 80 59
82 98 94 66 95 61 46 9 48 62 40 83 11 12 76 64 67 73 33 5 21 22 52 1 18 62 92 84 28 74 51 77 48 37 89 89 30 20 77 94 75 24 7 62 55 5 39 38 41 59 40 58 37 45 24 46 65 72 81 76 69 88 6 60 29 27 67 48 33 68
16 30 68 79 41 89 47 25 18 81 99 45 17 7 95 89 51 45 45 30 76 5 33 72 67 72 69 27 37 97 96 80 70 74 92 90 98 44 96 22 61 65 72 36 29 89 22 89 64 2 83 8 67 48 39 64 90 77 22 36 16 77 36 3 71 21 55 75 65 73
93 91 78 68 71 8 13 97 14 28 31 17 42 59 96 53 38 91 22 99 85 16 88 34 58 15 68 65 27 39 62 7 5 21 53 92 60 75 9 56 34 25 35 22 70 59 21 70 96 46 40 80 52 70 96 34 24 80 98 49 54 67 94 52 56 40 72 46 8 62
50 66 30 47 17 93 82 57 72 100 20 18 35 85 47 35 8 60 13 34 93 8 7 29 77 30 33 90 21 6 38 44 37 35 3 23 74 70 84 67 26 5 35 6 83 88 33 31 62 54 9 74 31 39 31 5 5 53 22 19 61 60 57 75 74 3 4 5 23 42
38 91 69 80 87 56 70 35 42 19 83 53 17 25 72 69 22 73 80 84 36 86 11 40 55 20 98 59 19 49 66 88 87 13 59 87 6 67 48 6 21 76 45 4 48 38 96 22 62 25 60 66 88 78 35 78 38 45 1 27 92 5 52 21 85 92 95 13 22 75
87 16 49 46 26 15 5 92 17 63 74 91 77 72 71 62 34 4 49 34 8 63 84 61 84 59 81 84 39 29 50 16 54 82 9 73 7 81 82 16 89 49 63 25 94 72 89 20 47 80 88 18 6 79 100 34 95 87 50 69 27 26 38 18 76 15 97 31 74 29
80 6 60 36 62 60 47 23 29 37 31 98 60 19 17 60 3 53 75 6 60 9 50 34 73 29 74 25 29 65 30 63 40 14 62 71 19 58 10 2 50 54 63 9 88 23 1 52 65 38 2 88 26 46 36 59 7 6 65 86 64 59 94 52 56 68 96 9 95 93
67 27 25 77 100 63 56 24 82 17 24 94 96 89 27 10 78 25 81 20 97 31 96 70 24 79 95 20 83 96 91 77 58 69 77 49 39 100 8 72 74 58 7 10 66 91 63 31 7 34 60 75 56 61 8 3 100 34 11 49 11 74 87 41 99 79 10 58 59 53
97 65 55 31 8 16 7 79 95 31 52 28 96 93 33 28 16 54 20 94 1 68 25 96 55 60 34 92 69 56 87 61 52 60 35 9 38 82 14 6 20 53 26 6 8 79 90 80 9 91 21 51 23 53 73 1 35 20 34 90 63 96 23 5 21 68 35 26 79 35
82 59 83 16 89 86 51 43 27 2 89 50 9 45 59 17 35 74 40 27 56 89 97 87 23 54 6 73 76 42 33 78 95 65 57 44 85 59 8 34 28 14 59 96 88 75 18 75 86 22 67 75 76 51 9 48 38 46 8 29 99 38 73 29 96 57 67 42 18 2
27 82 12 67 28 95 22 75 59 60 54 100 19 22 11 2 75 33 68 74 57 12 10 16 87 95 21 42 56 29 41 22 44 64 70 13 47 73 2 22 13 12 20 60 19 42 50 7 47 53 38 4 9 76 62 29 95 71 80 78 76 27 13 45 65 18 66 97 55 59
88 28 59 70 24 84 67 57 19 19 77 6 28 94 11 41 82 56 1 9 36 64 26 23 74 76 17 90 23 8 87 11 83 4 47 49 82 36 89 98 38 96 50 81 63 33 64 73 100 93 92 6 83 77 62 94 63 84 16 86 30 91 44 64 30 2 84 91 48 65
96 41 51 73 91 28 2 85 84 51 26 37 15 50 23 10 14 47 68 42 86 65 9 22 29 77 54 50 80 7 100 39 27 90 5 86 96 76 23 55 96 2 53 88 33 97 57 30 69 38 99 27 39 29 80 88 21 30 14 83 48 17 40 25 41 49 84 90 81 99
47 12 24 87 17 68 62 11 89 62 1 18 17 22 51 14 60 25 1 73 38 12 6 17 69 7 21 84 2 37 25 48 76 75 30 92 12 16 39 72 94 97 8 95 45 1 75 49 39 55 56 33 25 7 41 94 39 89 97 51 71 22 76 84 25 22 53 60 10 72
35 9 66 85 42 18 37 83 98 69 11 64 35 34 65 11 40 32 54 14 92 56 6 38 20 50 3 83 2 76 19 37 21 55 33 5 77 38 35 70 96 81 2 52 78 92 52 24 57 60 11 15 82 89 59 36 87 35 8 43 97 60 77 23 34 77 71 16 6 77
6 95 29 79 80 47 77 88 96 55 11 100 15 69 44 56 7 50 70 35 82 83 76 26 47 39 21 26 49 91 11 97 32 27 31 64 54 72 58 54 12 89 18 52 98 7 12 94 16 23 93 98 4 17 3 69 52 62 3 27 46 81 95 20 60 23 66 9 43 27
2 86 21 35 80 20 51 43 40 48 27 27 63 37 87 64 100 11 71 53 95 47 21 4 24 98 38 18 97 45 1 40 13 94 70 29 82 63 61 73 35 15 66 40 25 69 36 57 31 7 7 80 37 22 53 65 6 49 53 91 20 87 83 92 50 20 72 30 89 90
50 83 3 83 85 9 91 97 76 35 23 69 16 41 91 35 24 48 93 27 63 55 36 86 35 22 91 44 32 46 58 92 99 34 47 66 36 8 47 33 61 14 68 74 56 58 47 17 65 38 61 16 60 13 57 8 60 87 57 46 28 89 55 35 38 50 68 42 38 34
69 25 12 86 5 81 19 41 84 15 72 69 45 28 82 15 36 57 92 63 99 8 45 34 37 94 47 95 59 11 63 39 68 79 61 99 80 99 29 26 50 3 78 2 69 13 7 11 51 81 73 81 72 94 48 59 29 94 23 14 19 30 39 68 3 1 59 1 73 13
61 55 60 15 47 91 88 4 19 52 24 30 59 6 58 34 89 61 1 82 43 37 60 18 5 35 56 42 34 70 78 3 47 83 27 31 6 52 65 64 42 76 15 96 82 95 61 15 100 52 78 70 60 12 44 85 56 49 57 4 60 38 98 25 70 1 44 21 57 72
51 13 98 84 43 77 26 63 17 2 4 74 82 83 4 23 17 81 71 42 67 21 55 68 24 29 46 43 58 7 85 93 36 64 8 11 18 43 70 38 33 65 44 42 37 97 53 58 80 70 71 20 97 43 58 32 42 9 17 12 18 12 10 87 30 34 45 85 64 93
58 17 43 36 31 64 56 69 33 66 63 55 79 83 4 86 18 82 54 48 39 3 31 61 42 100 22 95 58 39 80 93 90 1 64 91 75 57 31 64 77 37 66 5 70 16 86 75 52 28 73 8 29 3 92 58 82 38 95 98 72 76 22 58 92 92 8 16 97 78
61 77 55 39 85 53 49 71 96 74 95 4 52 55 59 66 72 40 18 88 55 52 47 12 19 41 47 81 18 35 89 94 96 6 93 18 17 66 49 57 83 74 54 53 89 78 43 11 47 34 96 44 9 30 39 27 69 80 77 29 20 19 38 61 54 1 56 42 52 79
80 83 25 99 79 82 22 19 59 74 67 88 2 82 64 60 72 14 86 99 76 19 94 32 81 35 69 53 13 9 94 54 25 14 87 40 83 13 68 70 70 33 55 98 7 59 77 61 3 25 35 43 52 27 12 89 86 7 53 86 11 67 33 40 81 77 50 41 80 78
28 58 97 47 94 42 97 11 93 51 83 79 28 39 67 41 94 54 2 24 31 85 72 6 62 77 70 61 91 8 37 19 34 74 1 35 26 16 80 66 55 77 12 72 1 66 15 57 63 88 34 10 84 41 44 100 51 30 77 28 18 46 23 45 25 97 9 81 3 29
88 9 7 42 53 74 98 12 86 15 62 35 39 26 32 66 65 47 74 99 4 32 83 65 26 59 68 73 86 95 16 4 3 30 83 14 45 71 49 16 46 77 48 45 31 66 54 38 97 66 98 37 77 14 47 53 51 17 93 10 69 65 8 51 84 32 67 47 62 52
99 31 33 97 84 24 10 96 42 79 14 86 83 74 60 93 45 52 31 79 56 49 80 27 25 64 38 7 50 80 85 32 36 32 49 32 83 20 37 33 75 21 25 77 97 18 10 72 87 21 21 89 81 31 72 37 83 36 56 13 63 64 28 41 34 38 6 99 78 68
89 98 89 100 53 6 94 75 59 62 32 54 68 8 41 87 51 61 85 63 20 56 78 87 79 96 28 85 48 2 69 73 40 57 43 19 18 70 25 99 59 61 18 13 82 18 36 95 93 9 74 36 34 50 24 37 18 38 6 34 85 23 20 26 86 5 8 28 5 59
64 14 14 66 6 10 80 28 45 50 58 36 67 2 27 29 79 98 41 31 86 6 77 69 49 57 45 37 67 67 80 74 8 1 20 34 22 19 27 4 6 36 25 3 81 75 42 49 45 44 47 4 17 91 34 73 97 96 72 66 71 66 45 41 40 71 94 52 92 31
55 48 63 32 99 29 87 60 15 51 74 73 15 76 65 57 66 45 86 71 90 86 5 45 56 28 3 24 51 55 6 37 24 49 34 11 72 66 88 92 70 6 3 89 81 51 29 60 99 28 50 5 73 13 42 1 75 48 81 12 1 57 71 37 79 59 19 67 32 99
65 78 97 82 48 32 31 68 57 54 58 47 94 19 31 97 33 100 19 64 64 5 59 47 100 62 15 97 51 42 11 20 4 29 72 1 44 65 57 75 45 3 1 43 87 14 40 40 30 45 26 43 73 67 60 65 18 77 57 26 48 68 28 71 28 61 56 61 19 2
59 59 78 35 11 26 27 80 88 11 49 96 14 57 52 99 75 88 27 61 23 4 61 100 79 62 23 95 34 46 62 47 35 46 83 81 67 13 97 18 72 1 51 36 43 76 91 14 12 53 14 67 92 95 36 3 17 55 25 10 100 66 37 32 36 58 6 88 35 89
78 79 15 66 18 3 72 30 30 76 13 24 28 93 75 29 35 57 26 35 55 74 76 51 49 35 96 92 68 27 20 72 51 14 78 7 49 33 14 89 33 70 92 12 10 54 32 4 91 80 96 58 21 55 48 90 72 30 32 94 56 9 39 19 41 38 30 77 44 45
41 57 12 38 51 2 3 90 17 16 7 76 16 96 64 47 90 46 46 42 65 99 77 83 40 93 59 41 90 81 29 46 93 85 75 23 92 72 100 32 29 37 45 38 42 40 85 16 50 38 40 96 13 88 7 50 47 94 16 42 90 93 90 76 58 68 29 89 82 47
53 73 60 6 16 57 44 68 73 26 15 9 22 1 63 69 78 17 25 52 16 81 19 65 40 60 47 29 60 54 25 51 94 42 31 46 32 96 55 34 4 75 56 49 97 24 96 11 70 50 5 65 18 16 36 79 73 14 43 93 46 86 93 54 66 82 6 89 44 50
2 45 39 44 55 92 10 85 51 25 90 30 60 93 78 28 6 62 56 19 82 51 96 37 24 47 34 24 39 75 94 35 20 65 25 35 57 4 94 93 52 12 84 71 79 3 60 6 61 28 51 25 17 67 69 60 86 5 38 40 94 83 46 80 41 11 1 9 54 93
18 7 20 16 69 29 34 72 5 45 38 9 40 24 96 62 84 50 35 62 19 6 10 74 97 89 63 42 37 90 2 70 97 31 65 70 98 76 23 84 28 54 73 98 19 48 13 25 67 12 43 99 31 76 36 62 49 2 29 84 9 32 100 43 21 50 98 73 79 10
91 80 72 36 42 41 46 15 24 60 42 25 17 68 57 18 85 72 3 67 59 79 16 60 44 50 16 57 27 3 97 74 60 63 27 97 18 45 25 48 25 12 96 23 51 17 78 93 59 74 74 11 61 27 71 21 39 60 94 12 70 78 48 74 49 82 34 88 2 4
36 34 74 88 45 52 65 91 95 100 29 85 39 37 74 9 34 61 56 77 29 9 2 73 24 64 70 87 52 58 21 62 21 70 68 22 46 64 42 75 41 77 20 31 20 61 30 68 69 75 4 15 63 58 53 59 82 79 6 24 5 75 86 3 3 8 1 46 14 54
41 54 5 55 98 22 71 59 82 58 53 91 33 44 71 20 39 39 29 44 36 57 71 58 100 2 70 83 68 43 19 23 11 12 9 88 62 100 26 69 67 97 42 17 37 78 40 17 74 99 13 6 22 90 61 26 56 39 25 19 61 23 54 14 4 31 38 24 72 76
48 1 87 37 9 64 12 48 18 4 10 95 54 87 74 99 52 90 49 67 62 78 66 65 2 40 47 8 49 18 35 62 48 50 40 91 29 45 39 20 22 6 1 49 26 74 93 87 5 32 86 70 7 89 12 50 27 41 27 70 83 72 22 36 79 53 19 27 79 99
77 95 69 79 15 99 91 30 5 68 68 100 17 90 6 23 14 97 46 74 55 36 5 87 49 67 78 69 98 28 86 76 72 52 88 36 27 2 81 52 99 76 19 32 77 54 90 58 44 32 31 93 25 3 82 57 74 49 75 71 70 66 24 16 22 60 48 38 30 4
36 94 94 55 38 29 21 22 21 89 88 23 83 91 69 15 7 67 30 67 88 42 45 64 44 52 38 21 16 82 10 19 92 13 71 45 38 74 72 42 15 26 94 33 48 71 46 3 81 20 97 57 85 6 57 8 47 14 87 16 79 49 4 79 11 15 37 32 56 53
95 96 54 35 32 57 59 36 44 9 29 81 62 24 41 13 81 33 23 54 88 62 65 44 69 48 33 59 70 50 30 87 63 56 23 29 34 19 67 10 1 66 80 22 85 49 47 33 100 59 88 63 36 96 11 72 81 14 85 35 67 57 80 29 39 41 65 66 31 84
64 3 10 1 47 48 41 82 46 94 44 14 39 42 72 64 86 45 97 83 33 14 95 21 37 6 52 40 56 66 54 45 49 52 98 76 62 51 96 18 93 62 26 92 46 78 27 7 58 66 12 24 49 64 21 50 7 91 8 54 9 33 79 30 91 73 33 23 90 75
75 94 72 88 63 64 27 8 41 74 85 71 4 63 25 77 80 51 88 57 45 77 64 100 22 32 55 2 71 69 1 80 77 88 47 2 24 74 18 10 33 91 72 52 39 51 49 63 7 39 69 17 31 23 91 1 16 78 4 75 76 1 12 35 10 54 15 60 21 46
60 9 62 12 100 74 94 16 67 64 84 59 9 43 77 89 52 69 78 8 44 8 79 12 39 50 78 6 61 13 46 56 50 6 27 68 80 39 37 51 67 56 13 4 3 33 92 97 29 16 75 93 5 81 25 69 8 65 96 70 20 91 37 50 33 34 91 66 17 25
20 71 63 100 5 51 71 61 42 54 53 53 22 80 80 21 71 4 6 42 92 14 71 88 64 25 75 42 41 9 85 55 43 41 24 100 23 70 34 29 100 97 39 65 57 84 45 48 35 9 64 17 54 94 31 77 100 1 30 8 70 18 99 28 4 79 28 14 84 75
15 78 40 76 72 19 89 20 7 20 56 83 24 26 93 73 82 77 20 79 66 21 92 14 91 80 66 20 34 11 18 71 56 67 21 15 65 67 37 43 95 69 70 59 100 49 29 7 90 13 28 12 24 4 14 3 50 20 82 32 80 11 62 26 75 45 77 85 86 88
31 78 17 86 10 27 11 71 48 70 1 37 48 19 70 34 61 46 70 20 85 45 99 67 8 2 66 27 55 33 38 34 96 99 10 84 17 80 43 16 17 46 34 37 93 30 35 91 33 73 39 25 61 45 63 97 41 11 94 3 74 24 43 13 30 71 23 83 31 21
79 97 5 66 43 58 18 22 8 88 65 4 22 6 80 66 33 70 89 34 64 86 79 2 7 76 40 29 2 73 79 49 40 44 11 77 11 4 76 60 91 51 47 43 75 4 30 82 34 34 10 47 79 16 15 57 80 9 5 23 44 15 25 4 69 75 63 73 91 67
100 51 49 71 96 7 24 43 39 90 27 24 84 56 51 98 52 82 51 33 25 63 11 9 25 83 71 2 59 28 24 97 8 32 54 20 86 69 5 33 23 91 41 7 70 4 1 15 100 6 53 85 72 48 85 44 65 55 74 79 88 81 81 79 83 99 20 76 30 86
65 61 14 53 69 45 31 23 77 15 46 14 50 64 85 21 81 61 88 97 73 4 43 85 75 86 75 26 8 39 45 51 3 9 51 37 92 13 50 16 26 34 3 16 84 63 51 84 69 66 5 32 37 30 88 18 78 95 79 36 18 21 55 40 73 82 15 22 54 30
1 76 11 11 69 43 30 80 93 7 84 32 15 65 79 1 45 37 35 23 97 94 91 28 49 92 41 59 25 4 26 18 87 49 49 36 74 64 6 58 74 9 11 54 34 1 20 11 87 97 52 97 21 51 67 94 52 68 11 24 90 17 91 50 39 94 38 95 84 4
29 76 79 73 33 62 74 25 91 13 1 98 95 52 27 100 73 50 97 16 62 27 51 67 94 76 99 92 68 100 8 88 82 34 54 77 8 43 68 58 52 75 53 82 55 70 57 16 45 34 73 34 50 75 99 60 47 95 94 100 15 58 44 6 23 58 22 2 21 80
50 76 59 65 62 62 41 39 36 15 83 9 91 74 82 100 91 54 27 40 66 9 18 58 43 65 89 29 87 90 99 71 98 87 31 92 5 48 90 67 61 89 12 46 95 44 24 58 76 29 22 84 83 29 40 28 56 3 75 93 3 36 15 100 10 30 35 53 74 14
24 37 20 47 84 45 45 57 92 1 53 4 34 96 82 37 7 85 92 5 4 32 47 32 69 21 9 94 44 54 68 2 23 38 18 24 18 58 82 77 63 30 53 46 4 98 81 28 37 25 88 40 2 78 49 63 91 68 23 91 98 72 56 82 100 25 44 23 56 7
67 27 2 13 1 25 61 21 42 79 13 64 15 87 80 50 2 14 71 16 24 69 50 80 83 66 56 5 59 32 31 16 78 37 1 33 8 49 22 2 25 76 3 28 41 56 60 49 7 57 33 67 73 78 59 7 29 41 18 9 13 82 56 27 49 54 86 39 53 42
72 93 97 91 55 32 50 45 100 18 26 78 73 93 66 62 38 65 90 89 88 43 61 78 92 80 65 41 10 19 95 20 56 97 34 50 78 32 55 59 83 50 79 62 52 18 67 84 18 76 95 49 2 93 8 11 91 54 9 74 100 52 89 34 16 54 64 3 78 97
14 69 85 14 98 71 71 56 10 87 40 39 27 94 54 95 38 88 75 20 74 4 43 68 82 62 15 8 92 58 5 49 20 28 93 61 31 43 85 25 2 48 59 80 56 32 32 13 19 54 55 46 45 16 12 27 75 40 81 35 55 75 47 20 80 37 74 49 80 38
96 65 70 94 80 31 72 45 39 40 96 77 50 83 77 43 68 80 69 12 4 99 84 79 36 21 47 89 18 12 10 3 72 60 56 63 11 4 54 96 50 22 23 22 33 21 89 19 39 54 6 81 4 2 49 57 16 8 27 97 95 19 45 68 58 70 5 3 92 43
48 52 71 73 77 14 5 85 46 59 79 69 49 53 41 28 31 71 69 7 60 83 32 37 45 3 2 32 10 17 8 17 78 90 69 7 12 25 88 3 52 26 41 7 94 66 95 57 61 5 40 24 60 16 60 40 23 3 74 6 77 58 63 40 92 21 5 34 80 41
50 23 39 66 42 19 60 31 56 57 20 41 97 61 70 11 93 35 16 44 33 15 88 74 50 57 44 34 10 13 50 14 96 31 94 62 48 35 47 69 55 4 92 93 21 54 86 23 29 4 50 68 97 32 51 41 38 30 79 74 82 71 60 50 79 30 14 100 70 67
65 55 91 89 34 32 43 40 97 88 82 78 88 55 1 74 87 42 47 37 21 11 60 90 28 72 11 71 48 19 39 54 4 36 42 81 28 81 44 39 82 25 75 5 64 62 70 38 18 63 99 41 25 95 20 4 45 27 2 30 68 93 68 84 82 58 96 3 97 95
59 3 31 87 19 69 71 41 94 45 29 28 9 83 37 98 16 90 32 81 25 25 64 71 7 92 21 58 4 72 31 18 39 94 40 40 70 29 59 25 79 28 97 6 58 21 10 86 23 67 62 41 24 15 19 88 50 13 14 26 52 75 41 27 38 91 70 86 75 25
21 95 88 91 28 58 73 26 80 32 75 56 99 3 94 25 100 75 67 83 48 84 19 73 9 6 99 29 17 93 59 70 2 63 48 34 12 51 45 47 52 46 40 35 8 75 4 25 29 7 7 14 68 78 19 40 89 98 24 68 56 100 67 36 27 4 21 61 5 44
28 84 30 29 86 72 96 83 92 53 42 48 1 42 19 35 94 64 19 96 48 11 24 59 51 43 19 62 33 93 54 61 14 1 28 65 27 12 51 42 91 82 74 28 72 63 24 81 14 80 52 24 100 69 87 67 60 68 4 12 92 72 24 67 1 5 90 58 25 30
18 19 15 74 44 28 16 70 8 45 75 8 21 75 1 1 3 39 21 92 85 66 24 83 20 16 30 25 49 7 28 59 13 60 84 15 41 43 13 1 1 57 35 70 87 27 66 62 100 88 34 54 21 62 19 69 83 56 58 70 15 60 31 16 12 21 55 67 35 95
71 97 43 4 73 25 64 28 100 77 86 64 89 57 32 24 92 40 85 83 52 27 12 95 75 100 14 87 23 99 15 14 81 12 2 51 42 51 95 16 37 39 67 57 55 57 72 17 15 24 89 28 9 89 17 15 77 38 84 66 3 65 26 7 76 95 53 17 44 89
67 21 98 27 22 58 70 11 46 30 65 38 2 84 20 71 99 57 83 65 75 35 5 9 95 52 99 26 90 33 3 66 31 61 34 48 42 36 31 97 25 1 85 18 58 62 27 1 89 42 71 96 45 18 92 53 40 35 36 88 4 90 26 64 81 100 35 2 93 89
74 40 93 87 44 43 57 73 87 73 59 18 22 49 93 60 70 55 62 95 46 50 26 58 100 24 59 47 72 6 1 33 90 63 48 23 100 98 18 40 56 80 94 37 81 12 39 64 53 73 81 66 46 98 28 25 66 96 28 66 6 9 14 80 55 32 59 49 62 22
5 38 57 28 18 89 35 32 49 21 98 14 33 4 81 44 21 3 83 19 55 85 94 22 46 2 40 77 42 35 48 68 40 74 65 68 56 85 54 100 65 74 22 4 64 89 72 84 55 86 62 9 37 99 34 79 37 3 62 30 17 6 99 47 14 59 71 53 18 36
58 87 89 54 72 14 70 99 50 98 61 49 92 92 51 21 66 51 71 73 62 24 7 36 44 82 18 81 96 14 43 34 84 48 58 8 59 36 83 8 4 58 48 41 45 41 47 82 30 6 23 70 81 57 41 36 96 93 10 31 7 37 70 48 35 63 28 63 41 54
76 46 74 91 42 48 99 43 69 19 81 69 13 68 55 56 77 93 15 93 1 43 68 33 45 79 42 85 65 31 56 84 75 78 69 15 8 26 38 11 77 34 52 27 32 46 38 92 17 100 15 65 52 37 30 87 29 48 46 8 10 29 49 4 82 66 90 14 11 22
64 87 38 85 47 60 27 47 89 2 42 27 53 16 55 70 13 94 34 85 39 73 91 6 43 20 65 93 75 45 89 44 41 46 8 68 95 11 1 65 100 39 12 94 96 20 18 80 68 16 19 37 11 3 74 47 92 56 32 21 10 27 92 65 40 62 100 70 78 20
77 10 94 95 27 68 83 70 27 7 65 87 33 7 11 90 10 2 66 70 98 5 98 12 52 61 89 32 5 80 29 77 42 26 36 80 7 46 2 79 87 1 73 68 84 71 39 52 14 77 56 5 9 23 17 86 69 67 77 98 99 54 90 87 70 81 62 78 22 75
48 94 46 89 93 61 41 52 71 9 94 26 27 51 31 34 62 34 86 16 95 43 19 19 16 88 90 20 59 46 19 80 61 86 4 45 55 48 63 50 23 30 86 2 43 38 57 17 75 10 98 18 7 57 94 69 42 74 35 48 75 78 41 44 86 58 56 76 73 31
95 34 79 27 99 79 64 40 40 60 67 69 21 60 67 61 74 43 49 21 96 43 66 38 80 67 6 88 5 84 50 27 4 99 73 54 51 34 5 94 26 34 78 6 96 16 49 43 81 52 92 6 48 70 72 9 81 18 95 67 35 30 52 98 3 17 100 23 64 43
12 20 46 52 100 86 60 56 15 17 71 37 25 67 2 67 17 23 68 93 62 50 61 16 69 19 64 18 69 34 43 32 23 83 86 43 95 36 17 9 48 15 85 54 24 57 19 64 57 68 57 65 84 6 1 81 42 63 76 36 77 22 22 71 47 26 28 13 43 49
65 35 97 91 30 4 36 31 61 19 12 11 93 83 83 57 90 14 31 5 40 82 73 83 86 25 56 84 39 24 32 1 75 14 40 96 57 56 55 55 19 44 13 82 76 20 91 13 32 74 72 69 67 82 8 65 66 85 79 72 27 78 42 98 24 53 58 52 33 79
14 98 11 1 71 62 70 57 55 77 68 88 34 9 48 29 99 96 49 62 93 9 40 38 34 11 92 1 56 20 82 79 93 65 18 67 80 31 11 34 31 42 10 6 67 27 23 67 74 97 62 46 44 3 52 51 90 7 22 31 35 67 73 36 34 82 66 87 88 11
97 44 59 37 29 90 16 47 75 76 24 22 35 11 60 9 28 84 98 15 41 14 3 100 36 41 90 45 61 47 41 53 77 19 50 100 43 58 45 57 47 70 88 97 65 99 44 11 48 92 86 75 94 43 19 37 43 35 69 97 19 16 5 44 73 56 90 76 49 3
21 28 53 85 53 6 53 25 33 35 81 15 69 78 8 97 95 23 56 90 11 29 23 54 74 30 67 86 75 64 43 99 4 11 2 14 61 42 81 42 6 90 41 74 54 80 26 67 30 20 63 45 60 76 21 69 45 47 81 16 23 19 93 39 32 77 80 8 9 59
49 57 17 17 86 88 28 43 13 74 71 63 13 22 67 95 99 66 85 44 84 41 62 45 11 4 23 36 63 42 79 8 54 18 84 39 28 83 30 86 73 59 41 1 7 33 24 10 11 4 27 70 18 49 16 34 78 35 42 6 71 21 54 26 89 20 27 55 62 18
77 8 76 49 31 9 55 91 88 36 96 16 18 64 80 6 31 6 44 29 97 62 28 95 12 20 72 81 100 18 37 14 55 89 77 94 16 39 36 93 25 21 47 23 78 5 96 82 53 33 75 39 28 35 24 27 40 47 55 32 28 57 1 42 22 56 46 92 69 70
3 6 26 39 76 4 67 87 3 73 61 45 56 33 76 59 81 26 83 5 30 76 99 40 29 32 44 73 31 45 83 89 31 83 58 100 87 64 73 91 78 94 12 42 27 85 49 95 44 1 63 18 20 37 83 26 59 39 23 21 78 55 4 4 49 49 4 45 88 96
45 62 36 79 90 77 52 55 39 57 7 75 92 90 28 2 48 17 7 76 32 52 87 47 61 64 75 69 58 68 47 79 5 26 21 48 8 10 41 24 70 15 63 84 54 50 65 5 64 2 86 74 68 4 40 37 77 50 74 56 60 55 16 19 47 63 22 78 28 62
76 13 64 48 33 94 41 57 56 81 28 30 42 47 50 64 75 63 8 93 25 62 76 74 3 10 31 73 52 1 13 92 36 17 15 66 8 86 20 91 16 92 44 91 69 50 74 22 17 20 89 58 92 25 62 85 51 4 57 80 42 45 1 84 72 63 49 2 54 98
100 14 59 78 59 71 66 17 93 67 62 68 13 17 4 60 32 44 56 31 69 19 95 45 51 70 5 61 21 30 98 70 74 67 84 31 27 55 67 34 97 47 42 9 47 99 21 33 1 97 9 2 41 26 88 42 53 52 96 1 88 7 37 58 23 42 44 100 76 3
43 52 97 39 13 34 11 57 81 75 27 43 21 40 44 73 92 36 1 21 46 73 41 17 41 2 19 7 82 76 28 83 70 10 29 66 19 84 59 93 87 74 6 82 7 7 68 82 45 64 11 37 52 57 23 83 92 3 51 87 58 24 12 61 40 57 68 27 23 39
13 38 6 24 47 10 56 11 10 99 31 83 28 49 4 6 92 43 34 32 85 73 28 67 93 30 97 33 37 76 55 62 29 86 15 41 71 5 46 10 45 35 46 92 37 59 23 59 82 8 90 75 80 24 31 42 81 23 13 56 72 16 17 3 26 15 70 94 2 98
94 66 13 75 43 42 89 91 93 27 26 31 34 20 57 26 38 63 20 17 58 38 25 13 73 13 86 8 85 7 57 93 98 85 8 47 10 66 89 39 96 26 37 56 62 45 78 43 49 64 42 5 98 47 2 40 69 84 89 19 10 74 87 7 85 81 52 37 84 53
59 100 41 88 22 61 29 18 59 70 69 7 68 71 36 39 73 56 75 94 40 32 60 43 78 84 66 51 96 90 88 62 58 24 40 15 41 75 100 53 12 8 29 70 61 52 27 45 99 44 81 57 37 6 68 2 19 10 9 61 30 30 33 99 38 31 52 14 83 99
90 73 35 78 30 33 21 3 61 4 73 30 2 3 55 78 48 40 93 37 14 43 57 51 6 69 78 21 12 57 39 90 15 86 12 9 16 99 32 57 91 94 14 91 91 54 95 27 54 58 13 48 34 52 60 75 71 12 19 14 72 12 52 87 14 94 20 56 33 13
40 91 71 67 79 98 64 14 67 15 34 10 30 9 4 48 93 25 38 19 69 57 12 41 23 56 75 16 100 36 42 16 5 92 98 93 65 46 3 3 70 34 38 95 20 37 3 78 11 72 10 95 96 86 48 58 34 74 85 12 11 31 8 48 54 18 72 81 30 94
81 25 71 79 98 58 42 61 64 47 93 87 18 16 78 26 28 13 23 34 73 65 40 78 4 52 30 54 36 36 49 16 87 40 40 21 90 79 77 55 13 6 3 43 79 56 20 66 10 77 79 66 99 81 65 76 70 44 55 31 52 59 3 25 22 44 36 80 5 78
81 35 34 56 2 19 72 26 70 56 54 42 79 75 12 5 23 12 28 76 91 61 95 61 12 97 41 49 93 81 27 5 58 39 83 63 58 3 61 57 54 71 92 14 27 65 75 41 62 71 14 79 25 50 82 86 30 72 16 43 92 57 99 1 91 6 57 88 83 83
5 51 11 11 32 60 68 22 71 15 60 51 58 79 45 61 61 3 19 78 16 41 83 25 91 61 44 62 44 73 94 68 49 26 53 28 58 82 82 17 90 50 44 14 53 31 33 20 29 53 24 7 43 52 75 83 70 60 5 27 26 43 39 75 39 39 71 73 4 96
62 15 46 45 7 46 20 27 66 24 90 85 35 7 38 90 67 30 40 62 66 83 56 60 87 45 12 93 95 46 40 66 54 70 94 85 67 93 18 50 80 14 68 85 71 75 13 38 29 58 11 82 31 90 90 58 5 27 80 15 52 24 19 92 77 3 49 9 80 22
81 86 20 10 19 15 18 49 37 42 89 71 67 90 73 58 59 77 10 85 81 77 7 20 29 91 89 16 67 31 21 26 19 53 65 65 75 43 26 37 1 8 78 37 58 9 96 13 50 79 41 2 21 5 29 63 57 70 32 71 94 39 2 89 2 59 30 18 18 63
54 43 48 24 80 39 3 40 71 3 56 32 15 3 18 100 68 91 25 53 52 80 10 57 58 11 3 99 11 31 1 5 76 52 9 10 20 87 9 36 1 91 44 82 28 55 25 56 62 40 83 44 63 53 17 80 100 82 44 71 25 68 71 98 52 38 21 27 71 27
63 28 71 88 89 75 40 67 34 5 77 61 64 52 16 89 93 76 39 11 85 20 97 93 1 2 22 5 80 28 79 19 61 60 11 15 100 65 32 87 73 20 47 99 65 30 70 64 10 81 96 45 89 56 53 31 57 2 4 78 62 43 44 65 38 34 45 75 2 22
50 60 91 46 53 82 82 88 36 89 61 83 75 42 23 5 100 82 39 93 43 50 57 28 6 65 44 94 9 85 88 88 95 27 35 43 57 11 68 93 68 55 29 17 68 35 52 65 75 30 86 97 67 79 72 12 63 47 17 2 69 78 39 86 63 28 61 32 2 42
39 45 48 10 54 97 8 71 34 99 53 83 2 95 98 87 34 92 56 1 40 10 1 1 99 72 6 40 100 98 52 74 57 52 12 94 9 49 20 16 68 33 16 14 68 25 14 92 42 48 77 23 4 25 43 15 10 65 49 86 94 57 68 54 44 39 99 25 31 39
42 7 37 61 9 48 98 9 78 31 1 3 10 67 5 61 33 16 1 80 67 42 72 52 23 17 75 84 99 55 57 84 48 22 84 46 50 72 80 6 94 6 65 33 65 69 14 63 45 33 77 89 49 68 64 31 89 11 88 69 79 48 34 43 76 3 57 15 70 9
46 97 24 11 91 88 60 86 97 93 62 36 8 3 23 26 70 97 37 1 43 93 100 87 8 10 93 100 69 47 12 41 44 61 62 90 88 76 22 28 76 44 67 48 63 61 15 85 29 46 90 84 34 42 35 19 5 45 74 33 84 91 26 41 7 41 45 52 43 51
19 8 66 99 53 41 72 100 17 72 39 20 36 47 6 47 76 73 37 100 9 23 60 47 51 70 62 56 25 68 26 13 49 40 43 77 54 73 28 36 14 9 65 69 75 71 94 12 89 18 55 20 66 1 75 46 85 90 22 4 5 72 46 42 15 82 37 24 89 38
73 99 46 49 22 14 59 8 34 16 83 58 42 96 93 89 34 55 15 9 87 33 58 21 53 55 41 14 12 21 26 94 61 91 47 87 59 98 95 46 76 90 93 17 94 89 9 13 92 82 92 73 88 54 2 94 15 97 17 25 6 65 69 24 22 96 28 39 39 37
66 83 22 92 34 53 37 94 48 43 97 9 56 27 38 36 3 30 37 10 83 88 63 53 80 29 24 17 33 35 93 84 41 66 23 52 51 56 3 75 20 41 69 92 9 95 75 48 45 56 11 76 9 59 28 31 18 55 84 91 72 57 67 78 97 54 38 88 69 94
41 3 61 49 33 86 25 65 64 23 66 33 56 47 51 66 29 17 34 71 67 53 99 51 63 24 60 6 43 23 1 81 53 77 6 61 32 25 6 28 86 33 21 68 36 80 31 35 27 6 70 1 92 67 88 15 24 88 19 79 71 62 5 62 71 45 31 74 94 79
20 47 54 87 4 38 25 21 24 54 24 52 30 62 95 74 49 8 46 60 57 23 69 81 20 75 4 81 80 11 19 54 19 24 67 42 54 31 8 77 69 63 82 84 19 79 6 72 90 24 79 11 80 75 89 50 52 66 56 22 26 49 56 19 14 33 2 36 2 81
43 74 85 32 84 74 41 49 73 91 11 20 52 31 76 60 69 20 35 5 47 76 96 83 21 18 88 98 20 49 47 62 36 46 93 25 45 63 17 33 100 22 54 44 85 3 44 76 76 18 55 5 89 61 39 81 12 96 75 34 40 79 92 20 1 40 5 90 71 10
49 98 27 27 63 80 82 93 3 9 8 32 6 9 42 76 4 61 66 93 23 5 55 86 88 4 18 3 73 1 71 57 29 78 7 71 25 90 59 53 54 99 30 78 67 73 6 20 89 91 85 56 66 33 81 5 77 91 15 100 63 38 77 42 50 93 91 98 70 86
12 35 41 98 55 34 47 34 87 68 12 66 91 4 62 51 86 82 69 31 47 90 18 27 78 25 65 83 17 42 75 44 84 67 78 28 1 84 100 73 46 41 7 99 1 78 78 84 80 16 81 85 61 86 13 22 34 21 22 73 86 41 54 44 76 50 74 8 41 59
15 46 3 96 12 97 45 69 85 61 8 42 71 41 43 70 73 60 17 27 90 80 99 22 25 93 50 44 86 100 89 46 51 49 26 68 41 29 65 29 44 76 12 85 50 99 28 91 39 33 76 37 37 6 41 70 35 33 52 52 29 99 47 82 64 66 64 16 46 61
95 36 66 3 69 33 7 85 71 2 7 52 9 19 70 32 86 37 64 68 28 72 92 39 3 15 4 86 10 11 12 69 82 17 50 91 54 54 70 45 94 41 28 50 95 4 89 20 43 91 90 29 7 29 9 26 16 98 43 31 43 43 59 5 30 6 84 2 87 76
36 49 98 85 90 38 88 1 65 28 21 53 72 51 41 41 69 62 67 32 20 83 7 12 8 14 16 4 84 54 41 28 34 4 5 58 55 97 88 3 73 89 44 94 99 76 25 6 47 12 95 18 65 20 35 53 24 24 7 35 3 52 95 46 4 57 12 4 40 70
33 23 46 50 65 46 87 42 25 15 92 3 45 27 51 7 31 77 100 92 46 48 68 53 4 13 84 94 17 98 48 99 26 1 62 92 28 52 95 22 71 84 58 72 53 71 63 24 92 49 89 73 89 52 85 90 10 18 78 86 41 15 69 6 70 37 4 48 100 46
85 33 54 40 21 89 66 97 32 79 99 19 91 11 83 62 94 47 29 40 44 1 20 88 89 86 17 29 12 69 51 46 98 97 34 42 44 17 93 61 64 44 90 34 84 88 20 57 88 68 9 31 29 75 21 24 70 72 55 66 42 52 80 17 81 3 33 9 90 59
94 87 16 77 33 26 94 79 6 28 58 98 42 72 6 58 53 31 6 94 26 16 21 20 57 95 76 48 45 23 98 8 51 10 55 34 39 80 44 9 97 82 56 31 47 13 43 49 54 33 24 68 18 72 51 12 53 70 39 29 28 21 15 15 67 72 79 60 98 4
79 56 75 89 76 18 70 39 22 36 91 79 5 8 1 90 88 7 78 75 25 3 2 2 29 34 1 71 47 97 97 59 45 97 14 59 60 41 25 98 83 94 87 80 49 70 15 28 26 72 67 75 48 26 17 77 47 23 43 25 33 66 77 12 64 31 26 5 18 99
56 62 66 12 33 62 72 44 72 16 17 63 78 68 81 39 16 66 43 94 34 39 28 78 54 38 76 23 96 57 9 72 77 69 13 20 34 30 56 91 98 60 87 31 98 48 57 80 64 52 84 60 92 1 26 6 72 56 19 14 54 58 70 45 57 84 88 86 41 76
16 75 74 96 18 100 60 59 81 2 33 6 12 8 100 44 31 73 85 21 22 8 80 30 59 97 10 35 57 54 84 55 68 79 5 66 79 92 14 83 80 24 46 27 49 95 12 44 83 71 27 20 80 50 49 5 58 94 54 99 71 94 89 97 1 31 90 19 23 40
26 35 100 100 99 81 46 12 92 65 14 80 31 12 8 14 5 13 62 38 27 70 84 82 47 26 3 12 26 60 23 49 15 50 51 90 68 23 91 9 36 43 18 84 48 90 38 78 71 80 6 63 49 38 67 98 28 23 80 78 18 97 55 49 18 90 76 27 23 24
56 52 5 50 81 66 77 57 52 84 44 90 31 21 12 69 51 10 60 85 74 95 18 11 52 87 86 65 69 28 7 65 60 65 97 38 54 76 37 5 62 71 92 1 19 20 79 99 37 41 91 55 45 67 37 91 92 64 73 27 73 44 83 50 5 90 6 39 30 43
87 10 55 47 84 60 74 87 77 94 72 30 20 92 25 13 71 75 6 79 8 47 9 54 21 32 65 94 36 87 21 41 18 98 52 37 13 62 85 74 66 30 29 2 67 16 66 36 82 79 1 18 23 2 56 72 93 38 37 99 48 58 26 58 26 1 30 39 96 18
53 77 31 25 36 56 32 100 45 5 15 61 38 89 62 20 89 57 81 69 61 12 82 55 29 20 25 45 100 43 55 41 80 27 55 32 78 40 87 40 60 76 97 60 2 54 79 39 19 36 53 22 23 88 50 66 74 83 38 79 19 52 17 57 98 40 71 19 87 92
9 87 7 62 67 83 29 55 94 28 9 58 57 29 46 2 42 43 32 92 56 6 30 66 53 7 82 14 60 52 11 16 40 83 70 41 23 45 15 13 27 69 68 85 86 96 35 49 53 22 18 40 54 14 6 24 17 13 88 22 79 25 22 96 99 86 1 70 73 53
65 10 74 50 54 74 29 79 53 31 11 87 87 39 70 62 67 54 54 3 72 24 7 19 32 69 36 49 74 37 30 65 40 64 89 46 7 44 73 46 100 70 57 20 66 15 95 10 32 70 84 100 93 77 71 81 74 6 3 88 62 43 93 37 60 67 87 97 24 66
45 91 87 34 41 33 29 95 92 81 53 86 43 11 100 14 68 81 51 73 85 63 36 92 44 71 31 4 18 69 39 80 73 85 19 30 78 99 82 94 15 41 44 29 69 73 57 31 58 59 17 72 77 91 89 49 93 88 100 37 31 76 51 71 100 93 8 30 65 26
89 75 17 37 1 85 70 37 66 18 73 1 60 41 51 96 100 91 42 88 30 40 97 61 31 10 45 84 38 50 99 66 47 97 20 44 46 41 50 17 90 77 38 49 3 29 8 62 97 5 86 37 66 33 68 86 79 45 25 54 77 78 37 69 94 2 28 11 94 87
24 17 46 96 38 84 5 57 93 73 4 20 3 45 15 93 55 64 63 31 93 53 61 62 33 29 60 36 1 89 65 55 67 78 78 37 41 78 33 24 63 72 55 2 5 94 66 73 73 95 47 57 27 3 64 39 99 44 43 9 47 81 30 43 80 54 62 10 10 40
46 33 99 17 19 10 63 29 89 13 16 17 80 4 56 16 18 44 1 61 90 9 49 17 39 12 86 71 33 92 60 47 23 25 56 57 25 91 97 39 71 93 29 1 75 84 31 33 51 7 8 30 76 54 10 70 24 15 87 4 31 58 9 89 9 73 74 65 76 8
34 30 7 25 6 42 35 21 6 14 18 43 94 34 20 35 25 27 60 70 43 13 20 90 40 57 69 35 70 93 57 79 67 26 97 7 89 48 38 3 91 29 82 35 85 19 70 58 81 74 21 47 52 77 28 9 35 24 38 9 36 67 39 47 2 98 48 8 99 12
23 72 19 40 53 6 15 74 14 77 98 48 17 58 6 20 28 57 40 100 78 75 35 34 28 66 16 54 97 82 60 92 63 16 93 39 13 58 18 77 54 29 65 41 49 70 94 12 23 12 96 64 56 35 32 95 10 91 86 89 21 44 39 45 97 37 15 71 70 37
42 91 16 89 2 89 66 75 42 44 39 96 65 98 43 73 65 71 25 37 97 51 57 93 97 80 63 69 68 82 44 27 25 67 53 29 6 97 14 69 18 8 8 100 59 77 54 4 31 58 94 74 24 38 38 60 38 42 7 39 69 91 51 16 82 80 55 68 49 43
27 28 64 94 61 86 89 68 48 56 18 53 76 64 6 24 59 54 54 2 39 98 10 53 18 70 85 66 91 42 3 35 67 69 3 50 82 50 85 78 28 85 44 71 45 100 10 57 42 24 41 7 83 45 36 78 83 66 16 61 8 96 70 96 40 43 1 94 32 48
62 74 99 87 62 63 93 64 63 11 64 14 7 71 60 5 60 76 21 92 69 62 91 83 53 15 95 42 91 97 79 69 79 20 50 83 71 23 37 26 29 71 38 67 65 23 28 24 17 3 71 69 61 97 10 62 65 81 51 77 47 55 71 52 43 39 21 54 51 28
100 54 28 15 6 29 4 86 98 54 60 46 94 51 72 38 2 41 100 81 72 67 100 47 37 63 22 38 77 92 19 25 65 83 26 47 100 55 96 20 64 33 82 41 76 27 16 68 60 3 38 28 71 22 97 12 13 45 46 91 96 2 48 42 100 44 12 11 70 28
99 56 22 14 50 8 15 75 32 55 100 21 48 21 89 54 93 5 67 66 57 47 57 9 99 86 21 98 100 98 2 70 65 75 9 31 11 41 65 40 48 49 35 41 69 40 94 32 35 54 22 55 15 65 99 77 78 64 94 95 12 89 33 49 80 26 51 77 56 42
8 47 98 86 54 100 83 61 46 19 71 72 23 1 20 88 28 11 52 60 16 79 29 46 38 64 64 31 100 93 39 9 66 43 85 51 99 100 7 83 11 18 29 47 84 73 99 31 75 17 16 51 26 3 79 94 55 21 4 33 50 8 19 98 43 72 94 38 24 98
45 90 84 20 88 67 57 69 92 55 80 91 14 75 51 26 82 6 39 4 50 18 95 72 91 61 34 35 51 34 73 87 9 76 42 47 49 43 2 7 64 53 91 73 67 96 87 97 21 9 74 29 14 30 91 21 78 54 11 44 9 65 9 88 30 84 82 84 95 86
89 20 12 27 39 8 2 30 33 47 75 41 75 86 51 91 13 25 60 2 61 93 31 46 11 34 89 89 67 36 89 6 58 51 46 76 74 46 1 25 27 51 29 57 76 8 21 65 14 84 83 40 16 59 10 23 48 90 49 54 20 32 40 91 80 64 6 83 83 47
75 48 100 10 89 29 34 39 2 33 44 12 29 99 1 7 72 71 78 39 88 6 79 77 52 76 10 80 39 92 18 28 6 73 63 51 87 63 85 51 30 53 72 31 67 95 45 50 24 15 41 71 14 24 99 38 33 77 38 38 23 99 93 20 90 4 11 15 60 91
59 13 24 86 19 42 23 56 78 81 14 58 70 100 54 21 75 24 5 90 84 40 24 7 32 50 48 8 11 44 78 26 11 66 90 79 46 6 15 40 39 64 66 48 38 78 39 9 68 97 81 81 36 78 53 41 27 23 64 72 23 27 33 57 13 43 47 52 7 2
76 79 74 90 34 45 18 24 28 72 59 100 19 98 94 41 44 41 48 53 79 97 61 40 46 54 55 39 2 5 71 81 4 40 30 69 10 38 80 31 3 40 62 66 52 22 61 32 26 58 98 10 98 58 44 57 78 95 26 98 23 82 3 72 59 64 13 99 2 85
76 36 32 6 32 76 72 99 26 48 12 24 97 74 70 81 97 11 8 99 33 52 95 41 77 93 95 45 76 72 52 77 95 55 31 62 45 94 11 72 5 56 25 98 80 47 3 47 77 12 65 3 32 44 91 67 44 55 66 33 51 100 14 6 3 87 73 16 15 70
32 77 79 42 50 64 89 19 65 22 27 4 25 50 24 52 6 32 93 86 83 14 70 13 14 39 56 3 65 96 74 84 21 6 93 10 46 94 46 94 86 78 84 51 22 11 2 53 7 13 93 17 31 22 27 77 18 21 96 25 77 90 78 34 93 97 9 71 79 89
69 38 93 8 63 4 24 16 91 10 79 27 65 63 67 75 13 23 60 10 76 86 82 45 65 60 24 98 47 29 96 61 78 9 62 14 3 3 75 80 95 77 53 25 37 45 57 7 75 82 33 49 33 82 13 66 86 75 68 32 51 97 40 40 8 36 86 37 56 58
19 86 95 54 91 32 11 20 13 92 93 28 3 27 33 57 58 33 80 27 47 42 27 44 54 3 9 33 21 54 44 11 72 1 99 2 18 38 14 28 59 68 25 9 31 60 59 50 36 70 96 92 25 83 5 7 73 3 14 83 29 58 12 67 3 54 76 32 7 90
94 38 60 90 45 55 10 62 41 22 40 8 39 23 84 91 6 9 14 88 4 62 3 7 35 71 48 51 49 34 95 13 43 84 91 26 16 21 92 75 75 4 85 92 77 7 71 36 75 49 34 28 84 37 1 85 87 7 12 81 61 98 93 92 85 3 10 97 14 68
36 61 36 58 7 11 25 2 12 16 34 56 87 50 80 74 35 12 16 98 8 90 94 92 85 51 89 82 88 61 96 10 19 37 1 5 76 54 89 20 23 13 76 82 12 80 19 95 52 72 22 69 32 35 27 76 69 45 30 14 34 41 41 87 59 39 6 34 37 11
2 75 47 57 69 73 10 94 72 30 54 54 15 89 33 18 76 84 72 55 92 95 80 35 22 15 83 86 37 3 80 69 26 38 57 59 34 21 8 42 13 90 80 93 92 51 42 22 96 23 41 11 7 75 65 33 61 9 34 64 17 47 40 75 72 49 25 87 13 35
98 54 32 69 42 66 68 32 73 53 93 64 19 53 56 42 46 44 13 49 81 67 63 51 53 87 30 83 81 46 63 86 94 98 76 93 36 49 27 1 68 96 26 64 59 73 75 98 61 60 95 1 83 95 61 43 2 14 84 53 88 100 4 92 56 55 8 80 93 43
77 16 83 26 19 23 71 51 96 100 6 96 1 72 100 97 68 57 11 24 37 95 2 37 30 93 56 11 13 86 5 83 55 57 80 16 55 20 67 48 7 29 66 3 72 13 55 37 84 19 45 35 7 45 34 62 51 34 92 9 46 86 99 71 41 71 78 82 55 75
98 59 95 74 43 75 63 1 80 39 5 94 21 32 96 54 42 94 6 87 48 53 83 87 48 51 75 71 59 100 1 41 23 39 96 28 88 91 39 38 80 57 5 94 4 48 13 75 78 6 37 42 85 14 68 96 23 99 20 22 48 75 28 66 50 77 49 66 72 23
8 87 79 54 22 65 80 84 95 92 46 22 54 45 96 33 62 34 59 89 28 97 7 46 13 68 27 81 83 38 79 48 52 68 4 2 30 76 96 13 43 73 30 21 27 9 45 50 51 82 97 65 41 37 67 35 49 52 60 49 97 43 70 68 3 63 33 13 73 1
22 12 77 12 86 35 68 72 93 79 39 60 18 15 77 92 94 41 29 31 23 97 44 78 22 74 81 85 52 13 61 23 24 20 53 44 2 40 71 54 100 53 44 16 83 88 26 59 8 45 58 26 64 67 36 31 28 71 51 89 5 48 19 30 46 66 93 52 11 81
86 45 75 27 56 19 90 79 54 19 46 86 62 38 21 1 2 21 49 36 7 68 4 90 8 43 46 40 2 68 68 82 95 75 13 51 17 59 1 67 57 58 78 9 45 46 57 62 22 42 20 18 31 70 90 44 86 31 20 28 33 70 92 85 65 47 96 63 10 42
10 74 68 38 26 14 82 66 100 53 49 71 97 29 96 48 21 87 49 9 80 18 56 2 73 25 2 74 68 12 59 21 57 66 8 13 15 26 86 12 43 2 35 55 22 89 90 44 100 49 33 73 22 41 58 38 78 34 9 45 67 19 47 66 1 41 42 28 59 21
80 10 62 50 41 51 31 23 25 11 58 95 68 69 76 90 50 52 14 45 3 59 83 21 62 91 35 84 68 11 15 66 42 26 18 90 59 87 31 38 73 52 72 30 87 55 85 36 6 29 52 59 10 87 69 45 67 40 82 4 18 21 92 23 24 99 1 26 96 97
14 26 84 96 80 22 71 97 16 54 6 23 95 20 87 77 92 3 44 79 58 63 73 43 89 93 44 98 87 6 81 51 93 61 48 61 32 53 46 52 33 85 15 56 91 23 48 79 98 73 12 11 83 84 92 54 46 27 94 10 47 87 54 23 5 51 19 66 100 5
87 51 91 62 60 48 67 60 63 36 83 15 29 53 71 54 66 98 15 8 60 51 28 39 8 23 79 35 27 71 48 74 38 79 96 89 75 70 87 68 46 16 55 37 34 40 73 87 34 70 65 42 83 76 27 10 57 3 2 79 25 55 14 74 22 27 7 22 21 58
