25
4
5 3 10 19 10 16 6 20 5 16 14 5 11 9 6 3 16 16 1 7 10 1 12 2 19
19 13 9 11 14 6 4 18 8 7 1 18 15 12 6 8 18 7 13 7 15 15 13 1 15
1 2 18 1 12 17 6 6 7 19 4 15 10 5 10 3 17 13 14 9 15 7 18 1 9
1 15 7 12 6 8 2 12 6 18 6 18 11 6 17 13 8 6 7 8 14 3 16 13 1
11 6 9 11 12 6 16 6 3 8 5 9 12 12 5 12 8 4 19 14 20 18 2 19 8
14 11 19 5 13 3 5 5 4 4 1 16 9 14 6 15 4 15 19 19 13 8 11 9 14
4 14 15 14 11 14 16 6 16 2 16 8 17 6 11 8 20 7 15 3 15 6 12 20 12
12 11 18 10 18 6 17 11 9 7 17 10 1 20 3 10 6 18 17 18 19 16 11 1 10
13 13 11 16 16 8 7 8 10 18 19 13 19 14 20 12 9 12 4 20 15 13 6 12 9
19 18 7 15 5 7 8 2 19 15 10 14 8 7 12 5 6 9 3 4 10 4 1 20 10
14 16 19 2 6 18 16 1 7 4 3 16 11 11 18 10 5 16 6 6 10 18 10 3 6
12 3 2 10 16 6 4 16 16 1 5 16 16 10 20 9 14 2 13 17 8 3 16 14 20
11 6 6 20 5 11 5 4 1 5 4 6 8 5 17 12 3 5 3 9 8 5 16 9 17
10 19 3 1 11 1 13 3 2 3 8 5 18 9 11 11 17 15 2 10 19 18 6 14 16
16 14 15 18 11 10 14 9 3 2 16 12 18 15 6 9 16 17 9 15 1 11 7 15 17
20 12 1 2 15 20 13 12 13 18 18 9 17 7 12 11 6 5 11 14 4 12 9 20 1
1 2 14 2 20 3 5 18 11 17 5 15 15 13 20 1 1 1 5 13 11 1 7 14 17
9 1 20 11 19 12 6 1 15 5 6 1 20 6 11 10 14 3 19 19 18 16 9 14 1
13 6 17 18 4 15 9 6 1 9 20 18 5 3 16 7 15 19 15 1 4 5 16 14 13
16 3 17 6 5 15 20 2 18 4 2 3 17 6 9 10 17 5 2 6 19 9 19 4 18
11 16 12 9 17 9 4 15 6 6 15 13 12 12 10 8 3 4 12 14 8 18 3 16 20
20 16 3 5 18 17 6 3 5 8 7 20 2 7 19 3 13 3 19 10 4 14 18 8 2
15 1 13 10 18 6 1 11 14 14 7 5 14 17 7 1 13 16 8 17 2 1 9 13 11
11 4 9 6 5 19 1 8 17 16 15 5 15 9 10 17 19 16 15 12 3 1 10 13 4
18 9 11 14 14 5 4 10 9 11 8 10 4 20 8 3 4 16 15 6 6 3 4 3 1
12 1 13 14 9 4 2 15 12 8 10 16 17 12 20 8 16 13 3 8 19 6 5 20 9
7 19 5 5 12 17 2 10 17 20 5 10 17 14 8 17 12 19 9 15 7 11 6 6 1
2 6 18 8 9 12 3 19 7 4 20 17 12 9 10 10 15 7 7 4 15 2 6 7 7
13 17 8 7 11 4 11 3 17 14 11 12 2 2 18 5 7 14 10 10 7 5 11 9 18
20 4 17 19 15 19 10 2 12 9 4 2 1 7 11 1 1 17 3 9 19 4 19 9 6
8 7 3 17 7 7 1 9 20 8 12 16 15 2 3 5 2 20 17 15 8 18 7 20 6
14 2 2 1 9 10 17 11 11 1 13 8 13 18 14 16 10 4 9 10 18 3 6 12 20
13 12 16 7 18 9 20 7 17 9 13 10 5 12 5 2 17 17 2 1 7 18 3 5 5
20 14 1 7 10 2 1 10 15 18 16 2 19 5 15 10 10 15 7 11 1 4 17 9 6
4 18 19 7 12 4 12 7 5 3 1 12 10 6 3 1 11 11 3 19 9 7 18 7 10
13 7 15 17 6 7 18 10 20 7 13 11 6 7 2 18 1 16 15 11 10 6 6 2 17
3 2 17 16 14 13 1 6 2 13 17 2 6 4 8 16 15 10 16 9 10 6 2 12 11
15 17 9 10 6 19 20 19 15 3 15 19 14 8 6 5 14 19 7 3 9 17 9 16 13
6 17 15 2 5 16 19 10 8 16 8 4 4 4 10 14 10 9 17 14 7 3 14 1 7
17 5 11 9 13 4 1 13 19 14 17 18 3 10 8 4 10 19 18 10 4 2 2 20 17
17 19 20 5 15 1 14 4 11 13 13 19 8 14 3 1 13 16 2 18 18 10 18 1 9
15 11 13 3 8 7 9 14 17 17 18 17 15 19 10 1 18 10 15 17 3 19 3 20 14
18 9 9 11 14 20 5 3 11 13 14 5 3 14 1 9 18 4 2 1 16 16 14 4 17
13 19 9 11 4 11 10 18 18 4 8 7 19 19 3 12 13 13 9 18 8 20 7 17 13
12 19 6 20 15 6 14 12 12 6 5 11 9 19 9 1 13 7 12 16 14 1 9 16 19
3 2 20 1 17 7 20 1 10 6 17 13 5 7 6 17 5 18 15 4 14 3 17 14 15
5 5 14 5 8 19 9 12 5 19 8 8 4 15 19 14 12 10 4 19 10 20 6 17 1
10 10 4 11 11 15 9 12 6 6 19 16 2 15 19 14 7 20 1 1 7 6 8 16 14
8 19 15 4 19 8 5 12 5 6 10 3 16 7 5 11 19 17 10 7 20 19 2 15 17
8 15 12 4 16 9 16 16 9 7 13 18 8 6 7 19 12 18 12 13 2 6 2 6 3
1 9 19 5 10 5 17 9 14 20 5 16 20 19 9 3 3 20 14 20 19 17 19 11 8
15 20 10 2 15 16 17 6 18 14 11 8 6 18 19 3 10 3 19 9 17 2 11 18 13
6 1 4 20 4 16 8 7 14 18 16 15 15 17 20 20 10 7 13 13 11 18 9 15 19
19 6 16 13 7 5 17 18 13 4 13 9 1 3 15 1 1 11 2 2 12 8 10 13 3
11 3 19 10 8 7 3 8 9 9 7 1 18 13 20 10 10 6 20 1 7 7 10 16 6
17 18 20 19 16 12 17 4 13 13 18 2 7 1 12 14 5 5 18 10 16 10 19 15 7
17 16 10 14 18 11 20 17 7 7 14 18 17 1 14 19 3 17 14 2 4 4 12 19 4
6 9 12 16 6 11 14 2 4 12 4 15 9 10 18 16 11 11 14 4 11 15 4 9 18
20 4 15 8 2 10 9 17 10 20 3 10 10 15 5 2 1 20 7 7 18 12 12 8 19
10 9 9 5 15 12 17 6 3 14 18 9 4 13 20 6 20 11 13 19 17 17 13 5 4
4 20 1 9 19 8 16 3 11 3 6 10 1 11 14 16 17 4 6 10 4 12 4 19 8
16 17 11 19 5 5 18 12 16 3 10 7 19 1 7 13 7 16 1 16 9 11 16 7 9
10 15 7 15 8 15 9 1 13 15 15 9 5 1 14 18 5 19 15 3 11 6 17 6 2
9 16 10 18 7 1 19 11 19 11 18 18 9 17 17 16 18 17 8 1 17 8 11 1 5
19 6 3 13 3 5 15 9 13 12 20 3 14 6 3 4 13 18 3 11 4 10 5 9 4
19 6 7 7 17 5 17 14 17 11 14 8 12 9 7 6 1 18 1 17 20 8 16 6 18
18 8 10 12 14 10 3 10 12 3 14 16 1 7 2 12 10 5 17 4 15 17 18 18 7
14 13 14 15 20 17 13 7 2 10 20 7 20 3 9 18 11 4 20 14 7 10 13 15 17
4 7 18 13 7 19 1 11 10 4 8 17 2 4 5 14 4 16 11 20 2 10 14 16 12
16 15 15 20 10 2 10 4 8 18 2 4 20 1 19 19 5 2 3 17 14 12 4 11 14
19 3 9 5 16 4 6 5 20 18 17 14 6 20 20 6 18 10 1 4 19 18 6 20 17
17 6 1 16 16 10 8 20 4 8 11 18 5 10 14 3 8 3 11 13 18 2 14 19 17
15 7 12 20 8 20 13 7 16 11 8 1 8 17 1 15 2 3 1 13 15 11 17 7 9
16 15 8 15 13 19 2 7 7 20 5 19 7 14 19 8 7 19 17 20 19 20 12 11 7
10 17 14 14 15 19 16 7 5 18 1 19 3 7 14 17 1 10 18 20 1 11 15 8 15
18 18 13 17 9 11 11 16 2 11 10 14 5 1 14 7 2 1 1 14 7 3 10 16 16
7 20 7 12 7 12 5 12 14 17 9 18 13 17 14 18 12 7 18 17 15 4 18 10 9
6 2 7 1 18 17 3 15 7 16 14 12 7 18 17 18 11 2 11 3 16 14 16 15 8
10 1 8 20 9 4 3 12 18 13 20 2 9 12 20 14 14 12 6 14 6 6 2 3 16
2 8 10 2 16 4 3 9 4 9 15 1 2 2 15 4 12 4 20 9 10 5 18 1 5
5 1 2 12 4 13 4 9 2 3 19 5 20 12 17 16 6 1 14 9 10 19 4 17 16
11 14 6 6 17 3 17 15 15 19 16 15 1 19 6 9 16 6 18 14 18 5 19 3 3
17 3 3 4 17 15 17 18 12 6 18 13 16 12 5 17 17 4 18 2 12 1 13 1 11
6 3 1 19 8 7 10 18 7 14 4 20 6 17 17 20 14 7 19 12 14 11 3 6 6
18 1 17 3 20 2 10 13 1 15 9 13 3 19 14 15 15 17 4 12 4 8 17 1 8
11 2 15 8 14 2 10 7 17 11 12 7 8 17 12 3 9 19 6 7 6 16 2 15 12
7 16 7 9 15 8 15 5 2 1 13 16 2 9 7 2 13 11 6 1 5 12 2 13 1
17 6 1 19 16 18 4 18 17 20 7 1 2 18 4 11 3 11 3 1 9 5 1 5 11
10 17 3 17 19 2 16 7 3 9 15 8 2 7 6 2 1 10 8 3 11 17 10 10 5
16 13 3 1 15 5 19 20 4 16 4 12 12 20 9 3 7 18 18 2 14 3 6 8 15
9 3 12 20 15 8 2 15 10 14 17 14 9 7 14 5 19 7 3 14 11 13 7 2 10
13 1 12 5 19 6 17 8 20 8 4 9 4 12 20 9 11 6 15 1 13 13 4 5 12
20 4 19 11 6 3 1 15 16 3 5 8 13 4 6 4 20 4 20 2 10 2 4 18 16
17 14 9 11 1 17 12 15 8 9 2 17 18 7 20 2 17 9 15 10 15 12 8 8 17
4 19 13 13 20 10 15 14 1 13 7 7 11 11 7 13 2 3 11 15 5 11 18 20 3
9 10 2 10 16 19 4 5 3 3 2 5 12 16 20 12 2 11 13 2 20 15 13 19 13
1 5 10 14 18 19 2 10 2 13 18 8 1 19 13 20 15 12 13 12 9 12 7 10 4
19 6 9 11 15 11 14 4 14 5 9 15 10 4 15 4 11 18 8 13 17 4 8 6 13
15 11 13 2 11 14 7 7 7 8 19 4 1 18 6 16 6 9 20 6 7 15 19 4 10
20 15 19 17 6 18 11 12 13 13 6 5 2 15 1 7 14 6 14 3 17 20 19 13 7
