80
4
12 55 38 94 17 89 8 1 59 64 57 61 78 6 87 39 68 78 31 98 72 39 44 24 37 75 39 71 24 87 61 74 28 93 94 98 29 82 77 74 87 84 98 97 82 2 46 97 59 4 57 75 5 100 88 2 91 36 23 25 46 23 93 58 68 8 52 26 52 45 85 66 30 19 73 67 90 38 74 67
69 48 24 49 8 28 68 88 5 2 44 19 52 67 60 17 5 67 89 87 44 84 44 84 98 87 26 87 57 30 32 52 22 64 25 98 24 72 41 17 32 55 32 47 48 40 87 71 79 41 73 100 3 76 71 97 97 80 32 100 40 14 2 93 20 74 34 88 87 50 42 97 99 71 82 74 94 69 32 49
10 27 27 19 100 42 13 23 46 25 73 87 71 8 56 58 81 23 1 27 66 72 30 57 53 89 22 28 44 23 62 26 75 10 41 82 95 95 86 60 52 57 84 16 58 30 7 99 43 84 46 50 25 6 12 11 2 30 10 96 61 65 66 100 30 76 17 73 26 36 22 78 7 94 19 69 93 70 9 24
66 13 67 45 8 82 90 81 51 48 5 21 15 69 100 32 62 98 31 64 51 91 26 43 7 94 76 32 79 96 29 26 66 22 94 62 83 53 35 24 75 9 83 11 90 1 18 39 56 96 11 90 29 63 20 18 1 53 5 39 20 13 32 80 47 89 30 93 55 58 79 43 48 73 32 44 27 65 37 28
84 43 77 77 20 26 60 16 56 99 34 48 87 13 60 11 70 90 51 90 51 76 16 63 51 1 33 47 42 41 89 90 44 26 5 65 74 52 27 44 40 88 11 81 92 29 72 78 47 56 92 11 100 93 8 83 29 93 77 83 4 18 59 44 20 15 74 86 48 15 7 37 55 32 27 20 27 67 50 70
27 22 98 43 87 67 39 3 52 6 45 97 64 34 37 53 9 36 87 74 49 20 76 15 95 51 8 43 25 30 38 4 58 44 79 32 14 28 30 6 34 3 33 88 100 25 4 82 53 83 89 78 43 21 18 43 64 73 96 67 15 60 62 72 66 15 51 92 58 5 64 36 71 87 94 20 17 96 23 11
75 51 88 85 55 64 8 7 64 10 50 70 100 39 50 26 83 27 59 55 9 67 43 57 68 54 35 48 26 6 7 74 71 42 44 14 2 66 48 13 79 50 92 50 86 78 68 17 17 72 29 35 2 37 50 85 41 24 23 42 59 92 43 24 72 38 85 81 7 37 23 20 11 63 85 91 91 5 96 87
40 66 23 51 11 38 76 73 72 73 58 12 95 70 68 67 80 36 85 17 50 31 25 99 12 99 90 5 10 100 15 88 67 91 98 58 56 60 59 78 61 64 26 61 9 85 51 9 79 16 89 88 48 17 50 4 21 10 25 7 38 63 13 44 37 3 80 43 7 87 80 12 86 57 51 45 53 64 79 51
84 44 87 42 74 54 26 60 21 94 8 52 9 21 62 47 73 80 46 98 57 34 44 4 6 22 6 51 29 61 40 18 23 56 22 56 22 90 64 73 3 79 10 16 4 81 62 64 95 64 47 84 58 61 44 51 11 61 28 12 39 73 46 30 47 89 61 40 93 14 55 72 5 32 87 25 96 28 31 39
16 83 98 91 46 76 62 29 100 73 86 71 28 92 61 41 58 62 20 28 14 42 91 91 80 30 19 16 4 69 78 18 87 59 85 55 76 17 67 54 49 47 98 32 44 16 40 9 79 14 83 48 97 25 55 25 18 65 17 62 61 66 85 70 29 55 18 58 100 61 89 28 47 70 66 40 10 84 30 87
36 75 74 19 44 29 69 20 49 53 67 96 33 99 8 50 93 45 62 62 34 56 40 91 37 93 8 92 31 69 15 58 16 23 94 35 96 68 54 64 92 21 96 9 23 78 18 42 85 36 67 39 29 36 14 96 50 14 39 46 66 18 8 50 46 36 69 27 88 21 67 41 67 81 14 86 87 87 49 89
83 16 83 96 92 4 14 53 7 41 66 22 56 20 24 54 16 7 57 48 10 55 81 60 83 45 42 73 76 60 90 19 46 15 25 39 98 83 43 80 51 66 100 21 20 70 70 29 87 58 40 26 61 30 50 77 81 27 1 54 1 71 61 76 18 96 84 37 92 77 19 53 52 32 16 35 64 76 88 15
55 84 59 29 15 59 20 14 32 28 48 1 72 36 97 24 19 95 15 63 9 17 83 51 54 91 35 82 48 73 49 27 91 76 72 30 12 19 17 83 16 82 70 95 6 3 24 82 6 83 48 40 35 43 78 57 56 47 53 56 91 66 90 72 52 99 18 26 49 82 66 59 77 81 24 20 56 57 24 67
12 42 33 40 77 85 55 63 98 80 80 21 25 81 36 3 97 94 43 52 73 67 41 13 37 77 2 47 83 50 84 34 36 60 6 85 74 17 57 46 4 41 11 91 86 21 65 100 64 19 83 72 54 14 88 16 97 83 39 98 88 90 32 41 95 100 72 24 87 35 91 50 44 89 29 29 22 19 85 80
45 71 34 8 72 64 89 57 31 18 78 38 84 39 10 85 87 70 45 44 69 43 23 15 22 1 49 8 54 69 43 35 31 33 37 27 32 45 35 54 6 24 39 4 87 81 96 79 62 2 69 85 76 12 60 30 7 8 10 56 19 63 84 68 16 39 61 9 65 97 25 67 98 75 16 24 57 65 97 97
30 26 77 50 12 30 71 1 80 49 49 56 3 96 34 63 19 99 50 17 28 45 83 91 62 21 51 60 44 47 73 71 52 12 44 15 25 9 25 1 43 67 50 85 7 84 51 79 79 26 87 43 51 78 86 57 33 8 63 36 5 81 36 47 98 34 7 55 88 16 93 78 24 94 13 58 57 50 99 43
34 82 82 21 20 71 61 28 9 50 44 89 33 100 68 51 59 25 56 32 1 59 25 75 74 32 9 35 84 48 24 58 82 93 68 32 56 75 34 93 25 14 48 88 38 3 37 21 34 53 19 76 56 79 39 46 62 3 65 66 44 67 29 67 24 85 8 10 85 38 4 7 14 19 36 73 77 17 50 24
13 23 93 32 68 3 16 88 16 38 59 10 42 31 91 64 93 55 60 81 39 51 72 81 41 47 11 73 18 26 76 50 42 31 4 2 43 64 93 6 13 2 92 49 37 64 18 56 47 16 7 70 48 62 22 21 87 40 18 35 34 8 95 67 4 52 86 53 14 5 92 67 8 81 66 63 87 57 24 70
30 57 5 67 85 57 12 65 53 90 50 61 22 94 75 48 13 62 1 17 27 84 24 52 60 1 52 74 8 30 70 84 100 54 5 18 52 53 83 61 87 51 25 73 46 33 29 58 35 17 14 75 92 76 22 16 44 23 25 2 60 11 60 78 28 99 90 4 37 62 25 46 78 6 41 15 2 43 53 54
94 56 17 30 16 71 67 52 14 20 20 34 78 69 24 89 21 67 15 47 79 73 98 5 6 13 51 12 96 31 92 78 30 70 94 85 93 57 75 71 50 84 85 91 12 12 64 21 96 81 89 93 96 17 79 27 98 13 53 57 64 82 12 22 72 76 44 9 30 4 98 39 44 70 33 23 78 63 25 90
31 66 7 56 6 74 41 33 74 18 94 63 87 46 33 7 43 74 18 15 94 13 79 66 61 69 51 72 9 84 22 29 37 16 27 16 52 56 85 60 25 22 59 88 64 85 62 41 78 13 81 7 91 17 36 65 11 44 94 90 18 16 49 64 52 14 4 82 2 40 95 24 33 61 35 62 74 35 97 52
46 77 68 32 36 63 42 32 95 97 66 49 5 10 37 14 93 76 31 65 84 26 21 21 19 40 94 41 89 69 68 26 34 13 99 19 51 75 48 32 70 35 9 82 2 34 97 18 90 55 51 93 60 40 28 2 64 33 56 39 91 83 21 13 28 73 34 33 99 58 75 84 29 10 4 97 80 7 55 60
70 68 37 28 52 18 99 60 46 20 87 75 20 59 20 16 47 60 7 4 10 53 8 82 22 85 7 56 92 94 66 69 29 21 39 24 78 74 15 5 86 38 55 63 43 12 17 34 83 19 50 29 68 91 60 20 22 30 31 35 6 81 42 16 88 97 49 64 50 38 3 12 13 1 45 3 62 48 45 3
34 48 1 99 58 74 95 47 66 10 8 72 77 92 95 39 9 93 37 30 2 79 92 13 24 22 74 23 5 16 44 68 84 38 45 64 96 56 86 32 86 58 91 42 82 39 16 56 68 51 9 100 22 15 18 44 89 44 21 86 36 62 23 1 73 1 56 61 4 39 30 84 1 31 1 20 59 84 96 95
29 40 78 82 42 15 56 27 53 7 20 7 53 90 9 71 77 77 67 53 93 2 87 28 80 75 85 15 97 29 15 65 41 77 66 53 92 27 57 91 27 60 76 1 34 32 65 49 90 34 46 35 72 46 81 59 76 35 56 12 11 16 70 53 27 10 50 93 76 84 54 94 5 59 65 91 36 51 11 69
38 88 55 52 54 36 82 93 90 42 73 99 40 69 10 72 13 78 31 86 27 81 70 63 79 41 59 53 30 11 75 27 92 90 13 71 34 66 47 24 3 62 55 92 15 39 87 4 23 28 56 96 14 33 59 50 38 84 88 14 6 25 6 47 2 59 62 80 95 52 45 85 33 10 20 36 72 53 7 63
46 75 40 40 44 9 72 34 10 72 15 49 33 26 56 46 2 90 62 43 36 48 52 56 38 32 39 48 20 17 18 4 30 90 83 23 19 46 23 28 34 79 83 18 52 49 97 87 75 32 65 65 4 49 95 90 94 77 88 39 85 79 98 41 18 38 81 64 6 68 4 27 58 56 5 41 79 89 84 50
56 77 63 72 86 42 53 61 81 19 68 88 33 39 59 51 23 91 32 74 59 86 41 61 54 94 12 29 66 4 32 62 71 32 18 29 94 12 21 25 76 8 72 51 96 11 55 62 53 39 2 100 45 61 64 34 2 51 29 3 19 76 28 46 24 33 56 45 96 63 44 29 32 63 29 74 64 23 83 100
46 25 35 66 66 8 6 83 38 37 61 53 46 95 37 66 82 80 3 28 27 39 50 58 79 89 73 85 94 16 16 13 40 77 52 69 6 58 69 59 74 99 53 77 41 98 70 97 29 16 49 95 56 25 36 88 13 13 66 83 38 55 15 47 85 8 49 25 98 49 93 84 88 64 30 70 95 90 45 76
60 87 9 19 69 1 71 8 5 72 10 60 57 10 37 31 60 27 55 32 6 78 65 2 95 83 93 97 59 24 70 48 75 94 99 86 5 33 20 6 93 98 80 79 52 91 5 58 18 94 40 99 73 81 19 22 82 77 17 73 54 22 53 59 15 42 80 91 21 90 7 26 33 90 72 41 95 60 30 32
32 63 31 40 95 13 66 91 13 92 15 9 60 96 21 74 92 94 3 58 44 92 71 3 83 49 3 37 78 49 51 70 64 24 79 59 10 26 55 77 38 1 47 98 93 99 60 63 16 65 35 26 57 23 63 17 59 17 92 74 31 32 19 20 92 62 86 76 2 80 79 92 59 48 96 70 61 92 55 4
71 3 33 42 44 45 82 55 90 7 63 13 6 56 8 90 33 31 40 67 4 88 17 69 5 36 18 69 21 40 38 90 88 30 3 57 73 88 70 62 83 87 53 48 22 100 53 98 26 23 63 43 40 41 67 32 28 67 33 73 64 43 84 63 81 13 85 63 96 46 65 57 95 9 57 35 23 52 87 31
51 18 75 26 72 35 45 2 18 24 11 16 20 50 70 44 24 45 29 9 20 5 58 68 54 15 5 73 79 91 8 90 7 29 63 90 12 30 60 80 14 16 95 37 86 72 36 79 72 75 67 90 72 88 10 7 93 85 75 50 77 56 28 56 6 59 31 46 24 19 87 4 13 38 46 70 36 64 95 56
14 49 22 48 2 59 84 70 38 81 33 86 76 32 65 33 67 9 69 58 14 60 95 39 5 29 54 63 73 34 63 98 97 95 52 18 44 87 91 38 13 33 60 77 41 8 5 34 34 16 3 68 77 3 1 77 84 11 66 38 12 48 14 79 44 23 14 14 93 52 20 47 76 66 93 59 43 19 48 49
51 68 75 99 52 34 82 62 73 81 88 54 98 92 74 84 25 60 71 22 17 13 22 38 11 94 2 15 8 79 11 12 91 91 6 50 86 17 11 20 35 19 89 74 1 36 23 91 19 93 25 35 21 37 57 33 83 62 16 31 78 94 84 78 61 34 25 66 30 97 67 33 29 94 68 91 44 85 48 14
16 74 57 2 22 95 34 88 38 11 35 67 88 14 46 43 84 15 72 89 7 62 68 87 37 67 28 98 84 76 97 83 50 78 47 93 77 83 28 65 75 76 52 100 14 92 98 17 11 81 79 83 25 35 35 25 47 89 52 84 45 95 19 44 65 54 81 93 4 38 7 76 57 6 18 59 95 92 29 61
40 50 6 61 77 4 42 5 88 51 86 44 52 80 14 84 50 62 65 95 31 30 43 96 85 42 20 29 39 10 44 70 42 68 94 2 1 48 93 20 68 57 39 1 62 95 52 14 66 88 3 60 87 58 36 33 15 10 22 50 39 30 88 75 36 72 1 92 40 61 40 22 95 72 28 54 21 35 90 75
17 12 50 44 65 53 87 22 75 10 12 16 23 21 23 99 72 59 63 74 49 53 64 1 64 37 69 9 94 2 76 27 77 75 49 22 7 12 66 65 48 86 82 56 70 31 87 32 50 39 29 14 33 37 62 47 85 22 39 63 29 26 77 60 33 77 94 11 88 16 16 30 48 73 45 74 52 33 93 60
85 68 28 72 9 74 78 6 95 4 65 38 72 79 22 66 43 26 24 35 68 9 75 85 64 30 80 27 23 87 67 80 3 66 44 20 84 27 62 98 54 83 4 71 29 86 4 93 28 18 59 60 81 13 81 81 72 39 92 21 36 43 44 95 37 43 34 80 20 10 23 66 32 92 41 55 53 73 90 79
99 24 53 63 21 9 31 30 40 28 77 45 63 25 9 6 87 49 20 22 38 73 72 38 58 61 50 36 86 40 8 52 12 99 91 26 72 3 57 81 22 37 29 39 47 51 100 21 89 53 99 83 37 14 2 65 34 94 78 36 52 40 97 15 32 38 89 43 13 73 24 37 44 19 39 54 21 5 97 97
8 55 24 95 81 76 17 27 75 85 30 23 10 46 6 95 42 68 46 52 32 28 14 14 57 18 7 31 62 34 29 8 9 17 98 64 77 100 91 6 40 83 68 89 22 60 45 7 90 87 52 46 49 12 2 76 47 89 97 54 80 91 52 17 42 54 52 19 68 76 5 8 73 51 29 48 16 1 77 13
18 82 29 4 55 64 1 35 61 64 52 88 70 75 29 79 53 64 52 24 42 40 74 6 76 83 18 6 43 58 71 73 99 94 78 71 17 15 5 59 98 14 1 64 73 66 24 33 8 72 5 34 18 41 64 38 83 88 61 1 74 33 9 85 3 48 54 45 49 1 83 96 29 75 43 56 94 46 54 13
53 79 10 33 72 75 58 26 86 14 57 83 39 49 61 11 67 34 36 35 7 53 29 88 34 81 14 30 60 94 33 67 21 14 78 40 17 44 97 14 56 31 80 99 91 89 71 26 52 83 35 71 41 76 62 98 23 14 15 89 15 27 92 47 22 60 30 83 2 7 29 74 47 48 13 56 97 34 5 65
64 28 45 52 73 66 71 23 32 71 95 95 25 92 54 85 75 16 85 80 85 43 89 13 59 4 53 28 39 80 90 52 51 89 67 23 75 86 84 86 44 37 59 43 11 37 60 9 81 78 48 35 50 64 27 32 51 31 48 63 75 51 24 75 80 96 17 92 1 15 87 94 63 90 1 79 47 85 90 97
43 11 84 32 12 15 3 21 74 5 87 25 74 57 67 62 95 23 39 99 40 83 99 3 40 17 73 57 21 40 16 60 26 3 4 44 42 19 54 100 49 37 69 34 62 20 76 10 47 57 52 23 75 32 21 76 85 10 77 60 71 82 75 57 30 27 67 85 69 21 19 33 78 58 21 57 55 80 50 87
90 44 53 56 98 5 31 56 83 11 35 63 74 94 93 51 75 96 73 20 91 34 28 31 1 44 80 27 11 48 27 69 66 67 59 64 50 34 94 97 30 39 95 85 56 56 72 42 83 16 23 13 41 4 30 12 45 91 48 17 69 81 47 17 81 24 33 4 8 55 42 79 97 86 91 30 95 95 33 71
38 62 63 41 51 54 44 51 100 27 95 63 5 2 21 32 71 88 60 40 17 15 45 85 68 94 9 27 12 97 76 42 83 26 41 56 42 15 64 72 78 20 4 38 42 25 36 24 32 80 84 59 23 61 54 33 32 76 81 43 49 60 91 33 37 82 62 70 41 65 9 48 48 67 64 50 66 74 12 87
32 80 50 68 11 60 86 92 88 51 74 48 27 4 18 16 45 47 26 60 97 63 29 55 81 68 67 99 82 61 69 100 13 25 61 27 97 57 52 84 3 93 19 37 86 6 74 84 45 80 37 78 39 11 85 72 64 56 67 39 40 47 45 23 91 90 52 77 3 54 38 44 9 99 57 39 52 73 54 77
39 1 63 37 53 34 64 33 9 69 44 83 27 66 8 12 44 40 49 41 89 54 63 34 55 66 62 50 74 68 90 30 65 32 56 100 92 92 91 13 7 83 88 52 15 92 47 93 77 77 57 7 83 80 1 65 99 33 58 82 9 87 100 47 46 20 27 83 89 12 94 94 61 5 58 90 77 85 100 8
6 29 91 45 31 57 30 18 83 75 80 24 54 30 14 82 15 16 69 74 91 67 16 12 34 32 79 79 86 92 41 3 58 61 88 38 60 12 49 8 58 38 46 81 33 100 69 54 57 57 52 67 54 43 5 99 33 94 99 9 100 71 70 67 3 99 71 87 6 74 48 60 86 4 71 31 42 71 14 38
49 42 74 21 53 51 14 71 19 16 96 90 13 52 50 26 97 58 21 65 84 90 77 39 35 11 92 14 66 66 12 22 97 21 6 69 9 21 94 94 88 31 41 24 24 23 60 97 67 62 74 19 32 73 52 7 49 21 68 29 96 62 94 29 23 41 98 8 78 54 41 70 22 19 29 85 26 95 93 27
98 33 66 7 33 24 92 55 87 68 15 46 11 67 96 26 90 26 23 97 41 23 42 4 52 2 31 32 33 21 7 47 66 53 32 58 73 72 76 80 65 37 48 19 23 8 32 31 87 86 76 26 20 15 48 76 92 52 57 98 31 67 42 17 64 5 73 96 87 86 82 85 68 96 81 8 70 63 47 87
8 8 37 31 27 8 57 82 46 9 90 77 5 27 97 22 13 38 92 34 52 86 69 25 77 96 38 85 3 67 17 70 28 53 7 81 50 6 55 88 14 48 20 17 5 96 6 11 1 47 36 8 84 77 27 3 88 27 18 32 38 5 61 56 74 73 77 97 52 62 23 26 36 37 90 60 79 58 17 59
42 76 71 8 62 5 28 62 17 17 58 100 11 92 28 10 80 4 5 96 25 80 34 96 82 50 46 92 10 71 78 78 5 30 96 31 22 75 54 28 39 14 82 35 61 20 46 58 94 1 70 11 49 7 68 31 8 57 60 55 90 10 58 80 44 73 11 45 53 79 56 100 15 55 8 62 14 47 96 67
11 81 48 4 8 79 46 54 95 35 89 100 100 53 67 65 74 84 77 70 36 40 50 57 58 58 75 70 45 55 92 16 84 95 25 26 61 14 95 97 81 8 64 88 41 52 52 11 97 17 56 11 30 34 82 23 49 11 14 33 94 6 14 20 48 16 3 95 38 60 75 13 26 66 83 66 36 67 30 3
20 92 96 94 16 23 29 27 84 57 10 53 78 10 67 33 42 3 29 9 79 88 85 58 84 94 22 69 20 22 13 30 65 11 48 40 91 29 34 33 95 27 53 8 86 39 86 33 84 15 56 31 22 3 91 34 73 28 60 61 9 53 73 93 61 45 29 2 35 21 50 72 22 75 78 74 16 50 94 21
64 20 16 93 72 53 32 85 94 49 41 34 92 10 49 32 41 65 69 69 42 46 42 45 71 71 64 36 76 61 89 4 69 26 66 99 74 77 10 46 12 75 30 2 23 27 87 18 12 94 35 6 10 90 23 70 51 56 16 51 90 56 36 10 5 82 5 9 66 86 88 61 78 61 6 91 85 30 23 41
97 6 97 93 75 86 34 56 42 10 60 35 76 6 93 6 38 45 78 46 30 13 75 77 24 42 77 75 75 13 99 100 50 46 7 57 44 80 73 44 42 72 17 21 37 50 72 37 99 16 64 12 39 81 54 7 93 63 56 67 83 85 86 29 45 13 84 71 83 83 80 87 12 19 34 19 14 95 84 84
5 100 26 49 3 70 83 57 100 13 13 35 67 38 90 59 70 24 39 12 45 39 4 2 85 28 18 80 20 92 29 36 33 90 73 77 39 76 32 41 27 79 69 5 84 94 51 97 21 61 57 20 98 21 2 1 65 49 7 2 67 38 29 90 12 20 87 96 92 57 97 83 59 76 26 34 76 28 77 30
31 47 24 72 88 54 32 53 63 64 51 53 22 75 59 20 9 27 1 87 16 70 2 3 11 38 90 1 30 10 65 33 92 79 96 97 99 37 17 66 8 27 10 14 14 39 17 66 85 63 11 94 20 75 41 96 93 63 69 20 2 100 97 69 35 65 11 67 95 93 85 96 9 53 84 41 91 33 31 39
85 95 31 8 48 34 22 36 76 52 70 100 4 16 97 74 26 96 28 96 57 46 7 62 35 37 31 17 32 11 39 5 88 68 59 41 34 65 3 38 50 37 98 98 31 37 64 60 54 6 48 86 69 24 16 45 49 10 96 15 34 13 91 30 69 63 51 86 15 95 55 60 49 30 19 95 69 40 20 13
21 24 31 75 71 37 30 37 19 55 59 19 98 52 23 65 25 6 64 2 96 27 34 62 23 93 42 58 32 22 81 51 38 28 45 72 50 35 38 42 25 95 12 31 7 68 76 56 90 28 77 12 100 47 70 38 69 86 18 81 14 37 36 17 71 48 76 87 51 77 96 10 71 51 39 32 45 78 92 37
12 54 6 24 83 12 46 42 61 43 83 71 63 97 67 84 55 89 69 40 43 32 5 28 88 83 97 17 78 20 85 25 67 11 70 6 38 68 39 51 54 2 79 4 67 57 28 94 34 16 95 81 39 11 82 59 72 5 27 73 61 8 36 33 58 71 22 34 9 62 35 62 59 91 47 41 75 79 72 15
68 37 33 77 31 55 78 2 55 21 47 22 70 7 17 6 2 71 76 10 94 87 87 37 55 41 89 67 55 80 89 40 51 37 72 95 16 57 49 92 67 66 3 42 97 44 8 49 60 62 4 68 60 68 42 43 54 61 27 83 42 97 96 82 7 43 16 33 87 8 6 93 42 3 58 58 88 98 52 71
82 38 6 5 54 36 35 62 41 40 82 69 55 71 12 53 13 78 19 13 29 13 83 90 87 42 33 98 63 2 90 48 79 47 81 21 65 17 94 59 23 42 11 18 2 63 18 89 39 38 80 15 37 26 36 91 19 38 98 85 38 29 88 10 40 17 41 23 78 53 22 51 99 24 100 59 12 55 30 92
63 73 95 64 25 39 38 77 28 15 52 67 35 56 38 22 8 13 70 16 99 100 88 96 24 4 40 55 25 100 30 3 89 16 57 91 55 44 17 75 22 3 37 23 44 51 28 47 74 46 5 83 95 39 27 59 93 85 61 18 81 76 27 24 31 91 38 47 23 33 39 29 77 93 9 80 88 16 86 16
61 78 14 70 91 49 98 57 85 22 8 22 91 41 67 89 22 77 18 14 98 5 61 64 51 26 81 46 57 61 81 38 59 32 59 70 2 26 19 14 93 39 100 94 12 35 85 48 90 46 40 90 3 70 45 11 89 26 32 98 40 48 35 65 50 56 54 48 17 23 75 71 22 57 41 78 95 83 23 99
22 26 69 47 47 53 51 44 97 40 34 16 87 61 89 38 100 31 14 40 10 43 13 28 5 27 98 24 57 95 84 80 58 52 79 92 11 95 7 77 75 2 30 17 69 70 16 53 48 50 90 78 81 87 13 57 50 9 97 4 80 27 57 70 14 98 47 57 49 34 54 3 32 16 73 88 52 58 78 17
38 99 76 49 54 47 63 3 4 88 25 22 98 3 68 71 4 69 99 87 2 65 82 76 8 46 13 85 13 55 2 87 88 33 71 35 72 71 80 56 48 14 25 88 100 20 21 80 4 36 57 43 62 75 8 77 85 60 55 55 64 36 96 30 79 80 94 91 67 27 45 7 5 43 23 67 57 21 36 36
65 14 6 48 98 13 81 98 26 80 66 98 22 83 24 3 41 46 45 22 86 60 5 74 97 78 9 9 98 57 88 20 56 21 61 51 82 89 15 61 36 75 46 38 83 8 34 41 8 61 49 78 13 51 50 53 90 95 66 36 27 95 18 16 63 57 31 17 22 2 59 29 55 91 76 26 100 53 85 19
57 4 32 78 76 57 72 43 55 66 15 57 90 100 92 53 59 18 53 34 25 92 41 46 90 68 20 98 17 68 34 4 94 91 50 46 66 53 75 14 40 30 57 32 1 96 18 21 23 90 2 77 89 13 98 44 93 92 24 16 46 55 77 18 88 96 60 27 5 10 60 75 2 28 54 28 98 17 30 18
20 63 30 50 52 72 77 90 24 57 32 70 20 88 41 28 77 85 54 69 55 95 14 100 5 55 48 56 46 89 64 4 12 14 53 43 65 52 87 63 4 51 5 88 18 18 54 41 56 25 12 51 6 57 18 28 31 41 66 36 87 39 80 16 83 3 85 20 59 11 59 95 63 100 96 63 10 20 27 30
37 9 100 96 39 16 62 72 78 61 95 61 71 51 66 67 100 100 80 63 12 35 63 21 74 43 26 29 55 78 76 18 38 12 80 98 89 69 67 34 3 29 94 24 54 31 78 90 45 30 15 18 48 33 2 65 12 15 68 100 67 29 38 79 7 77 47 6 93 60 79 10 35 33 7 39 50 13 37 83
55 70 70 41 18 60 65 80 21 25 99 66 94 95 88 69 16 3 98 29 28 33 16 43 60 12 6 49 29 53 72 85 71 65 6 8 2 80 74 85 16 5 24 14 76 16 4 73 63 3 77 54 81 31 98 1 32 7 36 62 76 31 87 19 5 16 13 89 30 68 71 21 1 21 97 28 95 32 24 23
36 33 9 90 96 24 71 70 30 91 6 52 52 78 94 93 28 55 9 5 94 37 94 29 50 94 20 27 60 62 46 34 70 24 4 25 60 83 13 80 11 85 63 74 57 70 38 82 23 64 2 39 69 99 88 69 61 27 50 87 87 24 74 66 57 4 7 91 57 8 36 30 56 21 18 83 95 51 93 57
60 71 67 9 22 86 36 90 77 76 86 90 8 81 19 69 89 40 93 35 14 8 26 59 69 9 43 65 43 84 32 67 20 74 9 61 21 40 28 59 29 14 26 53 66 70 58 8 86 16 88 38 47 27 30 42 87 15 80 11 49 38 67 5 80 90 87 24 75 56 67 17 12 76 8 44 73 28 67 92
53 38 75 78 3 43 70 36 2 86 91 45 25 11 5 78 26 26 5 84 84 18 27 72 6 69 32 2 71 86 59 32 32 47 32 35 74 93 19 49 15 6 71 90 79 4 56 17 82 11 57 48 5 25 85 31 17 9 40 41 93 13 91 39 88 47 86 40 40 93 49 50 74 88 48 74 72 96 29 16
81 31 45 59 67 42 98 92 67 80 50 92 23 53 76 11 43 37 62 86 56 45 69 53 21 92 2 51 66 93 72 28 38 55 56 9 27 42 45 88 81 97 87 38 58 69 27 49 78 79 64 35 24 1 71 97 69 68 98 16 39 32 91 45 19 86 56 95 21 82 6 41 65 17 6 88 21 4 4 32
88 77 53 17 87 75 55 4 79 3 17 18 36 70 68 34 26 94 97 50 45 44 33 95 24 71 11 83 99 42 94 89 19 4 43 98 31 58 16 71 19 100 53 54 3 83 100 16 20 34 53 12 50 57 68 95 13 20 30 36 95 16 79 33 99 27 98 96 93 78 10 61 17 20 80 6 5 1 63 86
78 61 66 10 15 82 5 54 45 55 93 46 11 81 39 21 77 92 4 55 51 94 2 69 74 32 97 82 17 37 50 48 91 13 45 50 53 65 65 3 76 4 98 88 32 29 78 92 45 95 3 88 22 5 94 32 16 14 85 40 56 69 94 82 69 72 83 95 10 77 65 4 72 4 7 94 73 79 5 64
50 80 18 26 28 92 65 92 53 91 36 4 91 88 3 2 15 61 88 29 64 75 96 24 8 11 75 91 58 62 94 3 43 52 30 61 62 48 31 41 6 85 8 1 91 44 84 40 79 58 85 42 75 64 8 31 61 4 77 8 10 2 74 74 22 76 52 56 82 57 87 66 46 21 74 84 21 88 5 95
27 98 31 98 25 22 13 84 58 72 11 57 95 66 72 11 77 53 32 7 34 8 73 67 26 13 37 34 9 64 63 11 99 33 72 50 13 25 7 75 30 73 20 1 8 100 83 55 6 94 11 85 10 48 13 47 23 40 24 73 50 74 47 18 19 8 47 62 96 73 83 70 48 39 65 58 83 15 82 7
52 93 39 25 78 67 52 59 65 67 10 16 78 28 19 19 30 71 12 22 13 65 35 95 41 92 6 77 49 46 77 82 29 85 10 38 76 70 21 41 11 35 73 74 55 36 20 93 57 31 80 44 92 54 92 60 73 41 13 45 40 61 40 63 59 28 11 71 88 66 80 56 23 24 51 60 47 55 49 63
34 94 15 46 81 36 33 47 41 61 30 71 78 10 96 66 45 56 79 89 35 82 60 35 68 29 54 70 53 17 4 56 66 21 16 30 37 18 14 90 62 79 55 3 38 39 53 19 99 51 63 70 44 67 57 83 6 72 50 50 68 46 87 64 25 77 39 32 15 87 19 69 58 66 67 29 42 32 12 64
53 41 41 44 54 85 48 14 59 19 88 24 30 28 69 86 50 56 74 25 60 63 58 73 60 41 83 58 31 34 54 91 100 82 41 29 12 29 6 97 30 61 30 99 27 17 10 14 43 5 1 21 53 88 84 90 29 64 19 63 88 87 39 86 72 1 63 72 88 79 71 54 7 28 75 39 25 62 77 92
85 13 19 32 41 32 91 35 35 21 78 35 71 49 25 47 10 7 43 56 22 21 98 14 45 72 41 87 53 19 76 88 23 95 90 4 41 88 18 69 15 38 57 60 44 47 48 55 35 34 55 8 46 28 6 78 77 20 17 44 37 71 77 92 9 45 4 78 59 100 54 85 46 36 28 79 93 77 74 94
75 22 88 95 98 44 49 8 96 24 5 27 88 99 78 74 3 6 74 85 65 55 24 32 72 39 65 80 32 57 77 61 68 34 89 50 16 4 96 5 56 80 63 90 64 35 99 92 2 70 41 95 9 31 83 65 49 91 85 32 25 92 66 38 22 30 78 95 98 24 38 99 76 30 14 51 41 54 59 25
23 48 94 49 48 17 82 62 92 49 32 23 77 92 92 18 33 80 40 90 12 29 37 70 45 13 25 98 48 43 7 57 44 19 42 80 24 47 72 45 77 46 64 9 90 10 28 29 34 4 86 7 74 24 34 82 17 85 1 22 49 18 61 23 67 46 47 8 86 59 27 80 22 5 7 68 3 83 35 3
64 64 6 94 29 64 20 57 91 65 8 56 26 68 88 78 66 46 79 76 22 60 67 73 63 19 26 16 14 96 20 48 93 97 70 53 36 72 100 34 30 24 54 30 49 80 50 62 94 79 77 58 92 68 42 23 100 39 8 55 80 97 63 70 61 17 11 17 67 95 57 87 84 53 93 64 13 95 91 71
43 11 37 69 16 28 99 31 49 76 90 84 86 49 3 18 13 93 11 76 48 96 63 68 53 87 71 25 48 46 64 28 33 71 72 15 96 85 28 55 57 25 84 44 19 82 72 65 16 11 57 86 26 99 97 15 78 2 78 40 35 31 7 44 69 82 94 85 87 70 43 21 21 19 34 54 28 54 3 34
48 29 65 4 89 7 2 97 1 57 64 30 87 62 12 48 28 17 40 95 24 27 33 54 50 91 54 9 26 82 78 44 86 52 66 34 20 88 12 62 7 35 33 43 12 40 21 62 71 23 40 62 60 45 57 66 18 21 17 55 73 57 62 11 54 28 23 89 52 94 13 38 3 41 92 97 96 51 61 49
98 100 93 83 9 4 26 36 92 53 77 88 56 3 99 84 21 11 42 62 67 54 47 87 47 9 87 98 7 15 99 54 30 73 17 24 87 64 14 35 74 76 18 15 55 52 79 100 34 36 84 9 67 74 25 79 40 89 97 50 9 38 96 96 69 49 38 90 80 60 71 32 28 92 29 71 89 42 52 6
87 27 36 52 76 64 67 52 47 9 84 95 62 95 23 11 62 1 35 41 73 49 8 51 60 69 12 57 49 93 25 57 54 13 1 48 47 40 58 58 65 94 34 71 24 42 10 64 81 53 94 44 14 94 51 31 79 45 41 11 8 42 29 4 60 17 31 50 71 57 11 42 45 9 68 32 95 34 8 69
94 30 62 24 49 8 84 57 3 27 82 4 90 66 50 6 2 20 50 80 20 55 59 65 43 35 71 94 23 90 79 84 15 80 77 31 84 57 98 79 65 27 13 93 77 11 33 45 58 44 3 17 32 18 100 9 24 32 88 9 64 3 69 1 52 44 8 54 3 20 66 40 72 46 46 67 92 57 12 98
64 43 35 30 23 7 61 62 41 21 15 85 78 59 47 59 76 48 16 58 50 55 15 2 99 94 97 59 75 49 1 36 79 23 54 34 37 94 17 77 94 25 55 79 67 100 57 88 75 60 96 12 81 67 73 42 98 75 59 18 79 33 71 54 34 24 23 93 45 10 86 38 68 7 20 100 27 25 35 60
66 90 29 71 74 62 13 71 7 14 8 85 97 5 39 47 46 44 45 12 27 92 40 79 54 53 98 32 20 47 21 77 38 52 58 69 22 14 98 32 95 49 85 48 46 100 24 67 27 4 56 91 34 69 3 90 79 67 29 63 43 69 21 44 60 86 35 22 67 60 23 15 73 12 62 83 22 97 82 35
11 73 64 94 54 75 43 2 100 73 62 19 56 86 66 77 34 73 5 48 73 59 38 91 13 25 4 73 32 39 52 45 11 78 42 14 28 88 48 26 66 5 76 14 11 3 90 75 82 94 46 42 43 60 84 18 62 61 99 93 11 64 11 11 19 39 64 23 59 14 78 6 59 44 97 84 42 69 96 39
13 36 73 78 68 82 6 3 61 90 58 47 74 47 56 87 53 57 86 99 30 33 11 53 69 48 53 99 23 9 10 38 17 55 36 63 57 58 3 43 7 2 86 84 60 32 59 97 99 5 97 50 63 7 40 96 72 68 18 90 31 16 76 88 90 26 83 38 77 55 20 88 27 69 15 67 63 97 98 67
84 68 25 8 100 27 45 69 30 32 44 12 64 53 16 83 3 63 5 84 86 39 77 3 93 75 50 36 53 68 59 46 37 65 25 35 37 56 52 56 18 72 49 2 69 28 82 32 31 100 90 51 13 24 42 39 81 45 29 95 15 84 68 33 22 91 93 77 90 85 43 17 88 68 92 18 17 46 54 92
96 5 64 23 15 97 48 75 15 25 68 96 71 52 65 55 13 69 100 100 38 98 67 100 44 4 48 97 73 48 76 53 94 8 69 27 82 29 41 46 15 90 28 41 83 55 75 33 14 4 55 9 2 18 66 46 26 20 26 51 82 47 66 45 88 29 97 17 73 21 45 6 55 64 41 94 15 12 91 44
82 69 1 85 86 61 4 11 39 63 28 20 63 41 32 23 98 16 50 93 31 50 22 80 73 96 30 36 49 86 43 19 16 57 56 92 67 62 60 62 26 17 39 67 43 20 9 36 1 38 93 80 25 4 97 31 72 65 64 54 82 15 19 83 69 25 3 5 56 73 80 40 28 97 90 73 91 94 42 65
37 6 100 20 58 94 97 53 28 91 90 70 83 23 75 95 81 85 11 22 31 94 19 80 60 76 26 45 66 66 69 65 75 73 6 76 31 14 58 97 43 59 64 90 9 20 56 12 28 1 100 97 44 54 67 18 100 44 55 31 28 73 31 90 42 35 58 34 28 95 40 93 3 96 25 22 52 93 3 25
70 41 4 17 40 40 62 10 58 82 14 61 37 44 9 87 38 66 24 72 53 8 37 30 39 80 16 18 45 77 5 88 98 77 81 31 82 18 94 69 66 39 98 3 30 98 88 75 38 32 41 25 75 90 10 65 72 49 6 26 7 92 40 11 50 48 68 46 50 23 88 66 30 22 44 77 68 66 40 77
29 5 10 87 23 65 71 88 26 92 15 3 88 93 62 27 66 54 81 89 94 20 84 87 76 96 66 53 25 11 79 32 11 50 86 49 81 85 100 73 53 89 95 45 29 14 23 46 35 94 38 28 91 15 99 68 3 15 41 28 83 53 38 51 86 55 96 17 31 79 77 97 84 62 59 94 93 26 40 89
78 79 60 31 64 86 10 44 37 30 47 63 16 59 60 87 73 53 72 59 74 66 67 74 64 56 86 3 20 52 56 89 97 24 24 45 5 15 22 47 18 6 48 90 66 90 59 18 39 97 73 46 37 3 71 59 77 2 76 26 44 89 74 90 72 84 10 12 24 87 98 1 55 20 30 15 41 84 49 72
79 92 85 82 96 6 52 9 55 91 65 99 28 57 8 39 38 36 29 68 15 20 38 6 95 9 2 59 73 61 3 54 41 76 74 74 31 96 51 44 22 96 53 89 33 1 68 57 85 41 8 82 95 82 83 54 16 47 64 94 68 72 25 84 46 16 24 82 36 29 8 42 56 88 83 99 58 21 86 8
2 8 55 75 45 47 35 65 15 42 1 67 60 69 44 69 38 7 40 36 36 15 89 51 9 69 25 95 6 83 27 99 87 50 20 13 54 95 57 54 54 99 72 18 18 76 65 93 37 96 44 16 8 84 59 52 46 25 77 72 76 17 79 91 62 30 90 78 9 24 85 85 13 76 94 27 88 34 72 66
23 98 37 16 50 10 96 36 51 78 85 35 73 41 1 8 27 60 50 10 72 37 88 21 59 49 42 79 58 70 57 18 63 89 26 26 7 64 6 77 70 10 41 74 12 79 58 23 51 1 46 3 66 31 53 34 34 94 50 99 77 53 8 68 14 93 83 11 21 75 85 17 39 38 65 45 64 10 83 52
59 64 67 95 56 59 2 40 1 18 93 28 43 25 43 54 81 94 86 51 89 60 73 36 7 77 57 15 67 22 97 50 67 28 61 20 87 71 54 60 8 38 45 45 58 35 97 16 95 49 50 79 90 30 20 11 6 72 8 62 44 49 65 25 15 49 84 11 72 58 90 89 87 48 26 10 79 8 11 2
14 71 14 32 16 93 30 4 8 95 87 76 33 20 77 81 42 19 75 13 67 29 90 95 46 68 10 1 68 16 72 41 24 84 69 16 25 37 65 4 39 52 48 16 73 24 24 55 73 32 54 55 13 48 24 73 15 72 50 47 42 95 89 89 11 98 12 59 29 36 90 82 81 9 65 97 78 13 15 64
4 14 24 56 49 75 3 5 33 29 9 1 27 3 56 9 3 100 25 39 50 97 20 24 6 100 20 42 53 97 77 100 62 24 79 38 53 94 15 84 27 29 6 56 40 34 46 59 86 40 26 26 69 35 76 79 26 15 9 23 38 40 52 63 32 23 50 45 89 30 35 79 20 35 27 48 51 51 7 30
84 68 58 19 2 26 81 88 92 69 44 56 61 85 53 97 66 94 1 1 56 32 44 42 87 20 22 30 66 72 91 95 62 96 58 64 89 97 7 61 29 55 7 9 66 50 15 44 10 9 5 41 8 32 58 88 19 67 61 25 100 54 61 11 70 98 8 54 82 100 41 93 81 43 46 29 24 3 66 22
76 24 47 22 90 11 12 85 36 79 39 36 96 82 81 2 38 46 66 10 22 29 12 81 37 44 17 3 14 82 82 12 48 11 1 96 50 48 18 80 15 49 90 97 6 33 5 31 84 56 22 72 100 79 28 58 15 60 33 44 64 79 66 38 30 37 85 68 3 34 62 1 3 84 59 53 6 98 38 51
4 60 39 13 9 78 94 11 29 66 25 15 53 71 59 59 7 83 25 49 49 98 68 7 31 85 67 7 76 57 45 26 9 45 88 35 4 1 71 56 54 59 5 29 30 28 84 44 83 99 84 12 51 56 45 35 46 38 98 85 51 21 18 74 6 46 15 52 68 21 62 29 12 16 5 10 47 56 86 33
19 44 77 18 82 37 11 6 93 100 26 66 58 23 97 11 42 59 77 94 69 92 47 6 69 77 48 91 83 87 75 9 23 34 75 56 85 42 22 100 43 1 74 71 40 68 100 4 83 58 8 43 40 87 92 92 55 24 39 73 5 89 32 25 1 38 79 25 18 62 41 78 69 72 28 59 19 32 72 67
91 81 75 96 35 90 16 30 59 96 31 71 37 67 87 45 23 31 100 37 55 98 40 67 93 32 43 61 32 73 77 88 33 76 8 23 42 62 76 63 35 61 56 94 88 80 14 98 66 89 93 88 90 81 57 60 45 37 34 90 19 98 12 59 53 42 13 91 43 19 63 36 66 93 5 47 12 91 78 33
58 42 79 24 92 3 36 63 58 19 72 40 80 47 51 34 4 45 11 66 30 78 46 88 93 61 84 52 93 41 88 52 97 87 45 85 65 27 52 89 47 33 48 10 1 64 59 77 76 48 35 87 30 99 11 24 84 99 36 97 63 14 46 48 54 13 32 65 64 54 71 41 16 11 86 94 19 66 24 90
95 75 48 54 53 25 21 85 60 41 74 69 21 81 44 5 62 14 28 34 89 1 42 8 18 56 32 21 3 1 15 58 74 49 10 1 10 71 75 39 77 94 97 68 17 83 73 55 41 1 69 6 64 86 34 39 91 45 1 68 89 15 85 21 5 82 84 36 47 15 46 28 58 1 9 98 12 98 86 7
6 21 68 29 31 26 62 20 59 32 36 97 59 32 72 37 30 77 33 67 100 85 43 45 78 95 23 44 31 95 55 63 55 66 96 78 81 77 36 49 23 98 76 98 40 5 77 33 21 69 29 78 44 31 100 32 52 37 89 7 75 41 50 35 25 19 86 9 83 71 12 88 62 97 22 76 97 86 9 64
15 54 76 19 1 16 99 97 53 74 5 81 70 85 6 2 71 12 18 21 51 20 43 90 93 38 73 20 29 9 63 8 64 97 74 90 10 89 71 81 92 64 83 80 45 2 40 75 26 10 26 94 92 83 81 2 3 43 80 78 47 90 72 95 88 72 10 26 37 36 100 7 86 25 92 47 89 43 49 99
73 61 78 27 36 52 10 26 36 12 67 94 35 86 22 52 83 20 95 6 80 16 64 62 80 73 36 54 45 76 30 31 42 57 16 20 62 93 59 13 43 61 8 31 67 5 66 4 23 76 27 30 94 47 43 67 35 79 32 14 17 66 21 76 89 39 65 78 30 78 80 96 69 67 53 24 19 55 98 81
92 20 66 72 89 29 11 3 34 74 90 83 75 88 24 83 95 79 81 26 72 59 11 83 98 13 50 62 14 39 12 49 93 36 42 21 89 80 28 88 77 1 64 33 12 81 68 80 60 44 76 83 35 10 62 66 58 93 98 68 67 7 5 5 18 44 12 27 96 97 17 93 48 73 64 20 65 65 37 66
51 17 63 17 62 79 39 91 25 90 24 65 50 84 19 71 90 39 79 21 54 71 86 29 67 96 43 38 39 51 73 83 28 49 45 13 46 45 9 3 70 19 60 64 71 10 95 81 34 82 29 83 59 95 3 84 72 19 23 86 49 31 26 93 41 66 17 87 65 84 23 16 82 57 69 89 68 33 58 73
90 80 64 65 4 35 5 22 45 71 49 77 34 76 82 25 60 75 4 96 68 17 7 75 77 13 85 69 94 59 25 93 68 13 43 69 95 47 2 78 24 4 12 13 53 82 89 75 11 9 57 7 71 23 39 89 89 48 58 82 33 45 33 50 98 76 23 32 48 61 7 89 33 47 8 96 87 42 96 68
95 47 85 19 36 1 45 13 100 72 87 17 73 81 78 26 88 9 94 60 82 35 87 63 16 17 26 89 59 59 1 6 45 66 99 35 76 75 35 59 91 12 81 53 7 42 100 9 37 52 35 55 95 75 95 60 99 10 92 27 82 61 29 63 15 21 90 38 30 50 13 47 64 15 34 10 10 84 57 66
48 45 26 31 70 80 52 23 71 81 77 58 30 77 41 22 11 71 19 98 23 19 76 42 5 99 71 6 7 57 4 100 53 46 82 95 37 61 19 11 56 37 72 28 5 19 97 64 40 89 96 40 51 52 96 71 6 42 15 34 5 8 22 60 36 76 70 41 83 38 34 74 65 71 88 48 50 82 59 74
64 15 20 65 83 78 58 11 69 51 11 61 60 100 66 82 66 73 96 69 47 17 99 56 78 56 76 40 64 80 31 40 34 82 64 42 51 94 71 77 2 50 52 38 51 100 55 42 87 68 54 99 75 5 69 65 88 33 97 81 32 78 82 83 51 3 89 59 63 3 71 77 62 16 76 25 86 63 76 32
62 71 88 11 16 66 60 54 81 55 13 45 5 2 78 36 89 83 59 38 39 79 37 67 60 41 63 58 33 30 23 24 82 20 23 23 33 100 75 32 74 22 53 85 10 27 74 46 94 30 99 54 54 71 83 21 69 89 34 4 73 46 54 71 15 90 15 34 93 17 16 31 66 33 41 82 83 47 88 69
8 41 91 87 5 50 24 18 79 42 72 19 5 65 23 65 31 86 29 59 16 65 77 58 90 85 78 86 90 24 57 72 42 5 88 58 44 92 36 95 17 71 98 73 62 74 19 58 99 88 74 57 7 19 28 70 28 76 52 4 11 96 78 24 15 54 82 88 89 6 55 62 51 53 17 71 71 89 60 97
8 10 33 71 67 100 81 14 75 1 45 65 30 82 4 63 8 61 54 8 83 86 62 63 16 98 85 3 41 3 88 2 6 72 8 31 15 69 77 85 32 2 45 42 26 82 64 38 6 27 79 40 61 32 34 59 43 85 76 72 9 62 36 1 7 30 42 7 13 82 44 3 4 6 18 77 12 99 30 38
24 73 33 6 59 22 53 85 16 18 94 61 53 90 10 41 13 64 30 28 17 26 7 30 39 97 15 36 76 87 80 5 49 12 69 23 20 62 46 82 20 87 58 23 99 100 13 94 27 91 74 48 4 88 1 92 9 34 21 5 48 65 12 18 68 72 54 90 57 63 42 70 49 58 19 60 53 38 99 65
71 61 84 87 60 98 35 67 69 47 42 31 50 6 32 13 40 25 18 11 85 27 70 100 22 42 1 62 38 14 71 26 2 26 48 29 93 43 44 55 4 7 44 71 28 4 92 66 16 27 78 67 98 74 41 79 67 89 43 5 77 21 62 41 50 68 56 55 84 6 68 66 42 91 16 44 93 65 43 60
58 95 57 45 10 52 95 80 13 54 73 40 10 87 19 81 97 71 44 10 73 29 42 93 64 82 90 92 88 70 58 57 91 39 49 55 89 39 68 38 38 95 75 4 7 85 3 60 62 37 67 39 33 47 40 46 6 29 20 67 45 89 22 68 14 54 92 68 25 19 61 18 19 41 92 36 27 14 74 71
36 100 63 36 53 31 7 31 7 77 23 50 67 7 1 23 48 14 58 35 67 5 85 7 60 86 59 55 88 45 14 39 39 63 15 36 61 32 1 81 2 4 25 30 88 24 94 40 13 19 95 86 37 54 84 10 75 85 69 38 8 70 49 48 24 5 23 57 36 93 71 86 89 58 12 17 34 53 71 16
11 40 40 99 86 38 86 69 92 44 4 11 32 84 43 28 11 44 57 71 15 52 63 66 48 19 26 5 29 9 22 83 36 5 59 88 22 40 14 57 5 65 84 65 96 12 75 16 29 99 97 99 20 66 52 10 39 11 62 7 69 77 64 24 47 55 69 48 65 86 5 39 42 20 36 55 67 52 89 41
19 25 7 58 85 54 22 14 7 61 20 21 31 19 35 14 95 74 19 94 34 92 25 44 43 12 13 16 69 48 21 4 78 14 40 1 79 88 29 51 85 65 29 54 6 67 28 91 34 90 95 88 42 2 51 11 86 100 51 64 31 80 66 74 34 61 55 99 46 6 31 27 82 16 24 17 32 100 90 42
46 83 77 99 12 71 92 72 93 23 71 29 61 47 26 10 89 73 71 60 87 70 49 2 91 87 61 90 29 67 71 88 77 34 54 41 36 74 8 90 2 20 51 59 61 47 27 86 4 75 22 71 26 85 11 17 85 74 46 14 48 57 65 90 90 75 47 63 21 4 37 73 19 32 92 82 7 73 74 33
35 89 27 76 84 60 100 8 31 41 4 96 32 51 64 30 54 53 84 13 91 6 83 20 28 91 32 69 28 58 65 78 1 29 33 83 30 44 72 94 55 83 54 54 100 65 90 69 64 9 74 91 92 92 71 98 59 47 52 73 4 26 94 80 60 47 34 30 86 40 24 94 26 31 22 28 87 53 27 100
43 15 9 78 92 91 78 5 93 31 58 11 17 42 70 13 67 95 39 95 85 9 11 68 5 87 4 94 30 16 1 5 20 51 49 21 66 34 84 18 89 56 64 7 50 26 50 92 80 59 47 74 68 35 5 54 73 30 82 80 91 97 80 49 35 38 90 81 75 94 10 65 45 72 81 96 20 75 9 11
84 69 100 68 5 80 68 79 62 79 66 38 15 60 76 26 33 33 57 95 10 13 14 41 53 89 3 3 39 95 71 33 34 61 34 31 42 76 50 68 39 60 36 61 39 13 97 32 76 77 20 42 72 30 9 58 6 35 8 97 5 82 56 33 16 77 89 12 90 8 63 84 48 26 71 22 72 50 19 3
14 16 10 55 63 49 69 39 96 39 1 81 99 1 72 48 82 59 73 84 17 84 44 21 13 46 82 26 64 41 97 32 95 95 18 81 5 53 71 76 28 33 99 92 22 100 79 7 58 51 4 19 7 4 79 83 72 81 41 49 80 18 81 6 39 90 52 90 23 89 61 82 23 85 24 55 89 16 11 40
1 83 99 7 12 35 47 41 9 5 14 78 78 52 52 82 10 86 78 78 27 17 34 45 73 17 65 36 31 79 39 85 98 28 71 86 23 7 100 80 74 97 84 45 77 46 8 98 94 86 80 11 81 70 27 26 50 68 59 16 78 59 33 96 29 1 8 2 92 70 99 48 86 51 93 16 14 45 56 56
73 90 33 14 36 36 2 32 41 15 1 82 81 89 87 75 62 3 53 60 79 49 65 8 84 49 76 37 87 52 20 10 47 86 92 85 91 99 43 79 4 11 53 94 41 22 7 33 35 76 55 76 64 33 2 21 53 69 60 34 36 41 36 37 1 38 30 34 36 87 81 30 81 63 40 88 54 13 31 85
12 18 10 30 6 72 26 95 46 93 97 20 12 54 87 93 15 63 85 13 19 78 21 74 73 64 14 6 54 27 59 1 74 88 67 58 63 54 71 94 24 31 33 22 41 44 46 37 76 30 14 37 17 62 51 59 34 44 78 92 27 69 13 16 40 2 33 29 43 6 65 75 19 67 71 36 44 38 57 48
63 36 47 99 97 42 46 5 41 3 89 51 3 40 35 83 85 4 93 26 18 57 17 83 17 24 83 30 29 48 98 33 58 29 35 82 75 81 43 39 27 95 23 65 3 54 58 23 83 55 44 66 77 41 15 84 61 82 68 86 92 73 44 74 16 67 88 17 63 99 7 48 70 15 51 62 62 77 15 10
63 15 29 28 48 38 73 68 86 27 91 84 6 42 31 22 37 45 59 77 19 67 87 8 76 21 88 68 80 33 50 94 74 98 96 56 43 56 30 19 26 82 34 53 79 15 79 69 21 77 8 3 75 16 72 64 9 4 6 11 68 61 21 37 34 5 64 87 11 2 90 67 50 27 85 49 71 72 33 78
31 37 6 49 3 54 78 36 80 48 14 12 16 16 47 89 38 97 9 27 56 52 12 51 68 68 83 6 60 48 68 81 49 43 87 96 20 64 45 5 11 99 87 14 80 85 23 76 57 87 38 33 77 47 69 67 86 23 16 12 69 88 81 94 94 31 1 37 79 8 44 3 6 7 37 9 56 25 24 22
16 63 1 83 42 99 49 81 30 81 71 39 3 88 38 69 41 65 97 32 4 87 74 64 83 85 68 82 95 99 57 28 72 80 58 35 46 36 12 21 5 20 18 39 86 32 70 96 6 87 23 9 20 75 46 47 52 40 93 60 3 65 95 35 82 65 4 28 86 93 50 15 55 66 11 4 37 83 38 68
74 50 62 31 18 91 45 21 83 6 87 2 53 76 38 15 76 94 88 90 14 31 53 44 22 42 68 67 93 8 46 59 32 70 40 98 48 97 88 36 99 3 39 75 41 31 35 39 45 36 92 65 76 55 55 97 43 12 21 13 7 34 32 82 50 14 8 87 71 44 29 83 54 39 34 52 29 35 98 78
40 27 93 93 72 4 94 45 61 45 56 79 23 68 6 98 93 97 50 1 65 10 25 23 56 83 73 4 55 6 98 81 4 46 63 72 97 83 2 99 55 2 66 2 20 22 77 56 52 72 69 9 24 5 11 7 62 45 79 88 34 18 95 27 99 76 57 46 35 72 8 75 85 74 7 66 22 92 9 33
37 63 57 72 35 5 47 9 67 7 81 58 33 37 56 93 89 48 20 33 98 71 92 20 10 27 6 64 12 96 58 58 58 3 80 89 30 93 39 82 35 62 43 86 69 91 20 24 17 82 37 81 79 14 88 30 66 6 88 3 60 47 63 7 40 11 73 40 88 28 29 31 60 39 69 68 97 97 15 51
95 54 9 34 100 39 13 86 39 20 78 79 29 87 31 63 22 76 94 9 42 41 20 19 89 41 28 2 99 25 16 51 82 21 92 34 81 52 80 82 42 58 12 6 35 53 72 30 78 53 2 37 46 65 24 66 65 27 61 8 19 71 14 82 70 55 95 100 31 84 58 90 38 54 73 27 60 35 44 71
35 76 22 4 73 54 87 70 79 12 42 52 69 36 19 5 4 82 78 57 31 70 7 33 75 12 24 88 38 43 12 74 79 48 14 92 30 4 54 32 69 23 67 92 53 63 74 46 100 2 40 62 70 36 43 1 62 75 27 87 58 75 83 54 71 73 36 33 6 81 22 40 46 70 8 3 92 89 75 54
49 60 8 73 100 83 27 13 50 48 32 61 19 77 83 81 90 47 93 73 94 4 15 42 85 16 6 2 35 1 55 87 64 97 96 98 69 66 2 20 13 86 96 6 73 8 43 16 40 25 71 75 10 40 6 4 75 87 9 71 98 14 18 52 97 12 48 50 66 29 1 57 45 31 59 9 63 60 90 85
66 82 49 16 32 72 52 92 69 9 59 47 51 18 36 8 89 88 99 28 4 45 14 41 69 39 4 97 27 22 51 72 79 91 4 49 33 56 71 37 29 41 58 97 37 17 84 24 9 94 87 97 85 93 70 18 69 92 92 100 95 86 30 57 66 1 65 10 5 98 56 77 68 75 3 4 25 57 27 42
54 79 88 20 81 68 77 69 42 25 10 79 1 80 9 34 87 45 53 5 80 68 25 4 39 79 47 47 18 89 29 22 63 54 70 56 95 33 80 93 38 61 91 36 19 24 92 22 69 93 88 21 67 54 92 28 11 79 96 86 69 73 14 2 58 40 46 14 57 71 80 57 36 42 8 36 48 91 2 41
33 59 51 26 8 2 94 73 61 21 75 32 90 28 32 11 34 64 38 13 9 46 100 22 10 17 48 60 59 54 12 97 76 32 15 41 34 78 40 12 73 30 92 82 67 21 69 34 90 18 56 44 27 31 53 76 51 48 4 51 86 9 73 53 15 10 46 59 25 15 30 18 86 92 62 11 29 46 78 20
46 80 26 87 81 47 91 6 43 48 79 54 54 15 49 38 93 25 69 19 25 47 25 14 63 88 85 75 74 33 100 74 55 85 28 50 8 88 40 24 48 35 26 51 39 48 16 65 80 44 3 84 11 35 21 85 20 100 67 32 71 40 25 36 81 60 53 87 35 81 56 40 31 9 12 7 13 40 68 12
44 3 47 56 53 10 85 93 7 33 70 76 10 1 13 12 40 58 65 74 41 77 79 65 29 57 48 78 87 59 22 83 91 100 62 93 1 74 75 20 94 24 94 1 58 18 32 21 4 34 41 92 11 62 73 91 16 47 29 41 28 17 45 49 70 46 24 55 39 12 21 96 23 76 43 91 38 8 20 98
3 80 42 8 84 69 53 28 26 86 27 56 77 27 32 28 71 34 65 67 42 63 20 33 26 75 9 96 62 93 71 41 21 74 48 13 84 77 83 93 95 24 50 97 74 53 49 78 71 77 4 97 44 41 22 75 25 86 60 31 21 44 22 93 42 60 26 39 45 12 20 63 73 44 9 21 97 95 31 67
73 50 67 24 36 32 37 88 51 55 5 27 48 54 25 39 75 71 58 50 23 100 24 45 39 50 59 85 27 56 91 98 39 24 53 83 72 7 82 30 62 100 34 34 6 34 99 70 1 14 45 25 84 47 40 91 47 80 12 30 88 29 90 100 28 72 53 22 89 85 49 86 2 56 8 25 9 23 83 24
35 8 99 16 36 37 69 69 98 44 63 83 62 7 90 99 66 52 71 4 46 29 66 22 50 37 57 59 16 69 37 30 73 63 90 84 15 4 86 11 61 39 48 14 63 90 65 1 70 31 26 22 7 39 48 67 3 81 86 31 31 2 24 79 68 94 32 91 5 38 32 32 72 35 39 90 13 63 87 43
25 60 55 55 23 61 12 95 37 39 1 56 98 56 31 96 87 95 79 95 51 44 45 39 18 81 25 31 62 77 56 100 90 7 84 35 80 44 24 11 68 25 25 28 23 92 97 39 37 43 29 56 4 43 7 11 84 92 47 41 62 45 2 93 96 15 51 98 77 59 63 73 60 95 8 97 90 15 29 61
42 85 50 3 39 66 91 45 25 42 55 43 43 23 78 58 34 76 34 21 18 38 6 96 34 21 36 22 34 12 84 83 96 16 77 14 36 69 70 16 60 57 14 43 23 74 63 85 100 22 44 44 40 51 40 36 62 56 44 30 91 15 36 37 77 99 24 58 75 40 59 85 58 50 25 80 89 16 20 89
56 52 21 73 35 57 11 3 33 45 52 25 28 14 64 86 11 33 3 6 93 90 88 44 73 80 6 46 26 37 57 48 66 2 13 70 26 85 42 55 97 98 31 15 87 12 12 42 80 59 11 45 59 13 80 50 69 85 73 87 86 98 54 30 26 48 100 15 62 7 43 76 57 10 58 16 50 32 53 54
80 25 72 54 10 56 7 19 57 79 62 40 40 52 59 26 59 18 14 44 7 96 16 77 87 93 89 21 47 34 32 53 92 37 40 39 30 52 49 44 25 69 93 55 42 86 46 43 61 12 63 55 32 93 70 75 5 40 85 73 65 44 79 45 68 16 3 29 33 7 26 44 92 18 35 49 78 64 95 70
93 14 89 96 53 33 44 6 57 49 100 17 94 6 94 73 29 52 66 100 19 21 67 85 34 39 83 48 94 33 10 15 96 41 52 81 57 5 56 90 56 16 95 12 96 86 27 66 17 58 45 66 85 50 84 67 55 19 44 35 53 80 23 5 95 91 36 54 97 10 76 86 74 43 39 3 93 9 96 29
35 5 19 89 91 84 71 27 80 82 87 43 15 91 53 12 3 41 27 98 12 52 14 81 6 53 86 48 73 92 64 89 24 40 63 79 75 41 70 74 48 77 58 56 80 95 19 4 68 26 29 74 43 81 41 69 37 53 13 61 10 2 1 22 25 81 59 16 82 87 87 53 12 89 51 58 80 1 78 99
17 19 96 47 96 81 36 98 73 88 57 66 86 60 13 50 54 45 66 7 44 55 72 36 17 35 60 95 41 37 83 23 83 24 15 73 72 87 61 44 44 77 38 11 83 15 3 57 53 30 83 38 3 85 25 67 67 10 5 85 6 85 69 96 64 63 9 66 68 43 36 41 15 38 65 7 82 100 63 30
51 96 29 86 64 21 40 8 62 12 17 33 59 78 77 26 79 41 31 70 9 60 40 21 88 37 98 55 63 4 45 97 71 50 39 33 1 88 19 87 82 89 26 10 45 100 98 93 47 16 2 39 70 46 32 82 25 26 37 78 94 52 21 81 25 67 63 93 36 23 1 25 51 49 68 18 29 23 91 5
78 97 50 78 36 18 8 79 54 7 15 20 30 59 14 31 38 80 32 84 32 95 29 79 43 15 100 39 19 54 100 33 98 64 98 49 20 48 19 43 38 90 68 10 81 94 51 89 69 81 100 6 65 86 38 34 77 38 49 23 91 37 68 85 68 8 17 71 17 29 75 95 39 60 34 17 33 11 61 15
55 48 50 22 24 75 100 73 82 72 89 26 86 74 82 10 95 23 45 39 46 69 58 52 93 65 14 60 27 31 40 58 68 98 15 52 35 16 3 31 35 32 57 62 83 53 60 69 57 41 10 9 97 24 68 53 12 72 63 73 76 4 31 1 14 15 65 83 51 65 16 76 51 96 6 52 9 79 59 10
86 31 18 82 68 10 38 43 96 83 81 31 47 11 62 79 65 31 94 42 14 9 59 97 82 27 53 18 23 78 16 46 20 30 30 7 54 92 15 57 43 11 68 98 57 33 100 18 67 41 89 79 43 1 16 34 89 83 59 40 54 68 93 6 46 9 39 77 40 72 38 85 89 43 45 64 44 14 30 67
70 34 93 86 49 28 95 95 80 6 98 9 27 29 42 37 26 57 98 20 34 94 98 87 36 62 100 81 91 86 92 40 31 35 37 6 29 89 47 45 72 93 45 30 99 47 64 48 22 89 36 7 1 35 20 28 12 93 29 46 4 53 71 45 12 37 67 52 37 5 23 19 95 74 59 3 35 98 40 73
82 65 13 49 74 53 94 90 17 37 50 99 75 37 68 52 77 39 90 52 54 58 2 47 91 89 21 91 50 93 62 2 85 89 82 34 17 68 10 59 94 44 69 9 64 71 36 16 23 75 48 75 5 44 89 79 13 11 7 75 43 35 96 34 49 27 3 98 38 57 11 4 30 68 11 5 73 28 95 77
6 51 61 19 50 3 40 72 49 50 20 13 22 64 1 51 79 65 94 41 33 62 28 7 6 74 37 27 46 85 22 41 2 97 21 71 61 82 17 100 36 58 4 17 69 20 80 26 97 30 100 7 51 96 72 71 74 50 39 24 33 62 88 90 3 56 5 77 65 59 75 100 76 25 19 92 51 61 85 2
31 100 69 96 4 93 24 88 64 71 67 90 38 24 14 80 15 10 50 56 19 32 1 84 2 62 36 27 69 25 65 57 25 38 26 54 52 36 53 3 62 55 44 24 25 28 45 46 42 92 88 72 68 98 98 59 87 8 1 21 62 37 18 16 7 29 68 92 93 52 70 84 70 30 73 3 31 29 96 27
62 59 4 95 17 31 91 25 75 1 90 60 67 90 42 62 86 10 19 58 1 41 60 28 34 48 70 58 15 81 7 88 61 59 68 17 23 89 25 98 24 60 52 35 98 63 74 13 62 15 99 54 46 27 57 23 93 56 19 20 3 79 64 5 26 50 61 87 98 64 40 48 49 77 7 51 76 12 10 47
41 2 85 2 1 32 82 83 7 77 12 30 26 33 53 92 68 22 55 3 68 37 6 72 34 26 58 56 34 83 59 61 92 73 61 76 91 1 48 94 60 97 78 51 16 77 95 45 24 10 25 42 76 92 63 58 5 38 73 72 78 2 74 13 91 22 63 6 9 55 82 36 35 62 70 45 25 28 25 36
82 27 98 43 40 92 41 8 69 1 37 45 86 25 67 47 50 29 56 45 4 12 26 43 56 81 47 88 55 22 39 52 39 20 27 90 17 27 71 92 76 2 70 56 11 55 13 87 28 32 21 46 50 65 5 66 38 35 98 48 8 66 81 65 7 90 8 16 71 54 55 1 49 88 94 83 62 67 84 36
38 60 48 75 63 4 26 88 8 63 87 71 11 62 32 55 6 89 84 48 94 72 5 88 14 66 26 5 8 55 73 29 39 51 96 64 67 42 100 59 63 3 97 87 48 17 15 40 35 53 7 29 48 1 29 44 6 27 70 12 9 92 46 11 23 98 99 68 20 81 2 85 60 74 33 11 66 9 92 43
70 2 29 64 32 29 37 36 62 62 90 44 38 80 34 98 14 1 98 29 59 64 20 33 40 25 81 17 84 56 16 43 52 20 10 30 76 83 21 100 9 3 73 94 62 37 66 94 90 90 74 42 58 53 49 19 39 18 48 16 41 99 80 93 85 33 42 83 13 85 85 53 11 24 89 42 51 18 59 7
94 96 40 32 91 14 51 39 5 90 92 67 26 95 39 68 25 76 17 17 3 25 52 100 85 58 24 66 1 42 15 70 21 2 11 29 2 54 59 57 77 30 60 9 33 63 78 5 12 38 95 1 42 74 53 31 37 14 91 66 20 35 9 91 34 32 68 52 6 42 15 72 34 74 18 43 32 64 65 73
35 75 40 13 64 92 87 80 85 9 63 15 77 32 48 33 4 52 87 42 91 45 89 48 13 62 8 70 90 22 50 16 75 39 36 40 25 46 16 46 93 95 46 87 12 40 62 43 16 3 13 85 14 23 64 57 52 85 28 51 99 62 63 54 34 61 3 29 66 13 38 76 64 13 57 2 40 41 21 96
70 65 86 8 45 15 54 11 64 23 100 62 28 62 88 9 83 53 17 59 73 86 69 75 8 81 12 100 100 7 100 4 64 47 76 36 55 81 43 53 74 77 83 28 82 12 6 97 31 12 46 51 91 15 62 12 16 63 9 27 95 51 53 6 82 37 26 27 76 18 54 84 60 3 7 53 13 81 83 60
92 85 8 64 21 7 13 55 46 95 26 49 94 79 43 79 50 24 80 56 38 73 3 99 25 38 8 51 8 64 31 76 83 89 47 54 43 12 58 46 88 8 70 11 12 80 14 98 15 49 81 45 10 43 26 78 99 30 78 98 5 55 2 36 25 62 38 35 57 46 87 25 44 97 50 95 73 59 61 40
56 27 87 81 29 7 76 42 8 43 70 6 83 14 68 34 20 56 34 47 26 30 62 77 16 65 42 78 88 49 35 88 76 40 59 5 29 16 82 89 55 66 36 52 46 100 37 81 56 90 20 81 84 61 91 63 9 77 72 84 57 98 19 63 18 2 57 91 31 72 83 34 12 59 51 39 28 60 59 74
94 44 78 53 48 21 90 32 95 18 8 40 22 25 13 88 42 92 20 34 41 69 34 67 83 39 29 37 10 36 26 90 97 84 71 56 15 20 7 65 40 58 36 11 23 9 93 71 33 14 29 16 64 86 25 40 56 16 60 45 64 25 35 91 45 48 77 65 45 99 39 27 77 17 8 35 12 68 68 11
85 14 28 73 86 30 20 24 3 75 38 89 9 43 21 42 89 68 64 41 48 91 56 20 39 30 86 44 40 15 40 69 17 11 67 57 71 18 99 94 93 99 96 79 36 36 20 92 99 98 30 77 16 95 35 11 61 40 58 77 49 45 9 8 68 47 43 95 61 96 38 43 66 98 21 73 36 83 72 69
65 50 44 79 65 53 57 22 29 43 36 46 92 66 84 22 99 63 90 88 24 91 99 69 52 6 37 43 96 97 87 13 60 25 28 1 8 28 92 30 63 30 51 70 49 5 96 7 81 88 40 29 20 13 33 29 15 22 63 46 2 30 80 97 97 34 94 60 22 20 84 3 13 32 17 18 43 66 89 60
17 64 36 74 34 86 60 61 19 16 42 96 19 15 16 94 10 63 61 53 92 29 91 83 42 93 98 45 84 3 25 65 24 97 52 16 41 51 15 41 64 48 55 2 45 73 86 29 18 62 25 45 49 63 22 77 62 41 91 80 76 76 51 31 34 27 20 52 82 47 78 30 88 20 20 32 74 8 20 46
59 100 41 29 28 26 32 46 45 22 30 97 24 48 18 47 85 2 100 60 81 75 50 67 60 89 95 90 41 68 41 15 67 32 44 67 27 74 62 100 22 38 51 99 4 37 48 78 13 35 80 47 56 75 53 14 20 74 44 99 92 48 80 25 75 17 50 92 31 83 60 20 10 50 56 10 95 46 42 19
91 68 94 41 21 39 27 54 98 19 14 81 33 95 53 11 37 78 61 61 76 5 14 67 63 64 93 9 36 65 54 51 60 89 80 92 52 40 41 39 76 11 13 79 71 29 37 95 22 19 52 9 28 74 30 44 32 30 48 81 68 60 55 24 56 81 80 40 42 12 86 30 51 38 86 19 3 63 2 93
61 52 40 2 48 81 42 10 8 99 78 18 50 97 35 4 36 93 15 73 97 28 71 94 90 16 76 11 36 53 2 84 19 22 55 100 83 5 88 31 75 64 86 50 16 84 39 46 57 75 76 79 91 19 85 74 9 49 1 32 98 85 48 42 61 46 34 94 24 15 44 86 90 61 71 55 27 20 97 34
30 12 93 72 99 86 8 9 20 9 48 49 90 95 88 27 9 85 93 87 39 35 18 54 79 84 23 8 87 36 2 18 34 49 36 48 61 10 44 11 84 87 10 65 4 14 82 79 33 77 28 11 35 91 34 75 48 24 92 3 69 2 16 21 58 5 65 44 92 43 86 43 75 46 15 43 56 68 84 69
81 92 61 67 30 69 62 89 70 29 98 93 48 20 30 75 3 46 17 38 12 77 87 80 98 19 51 16 40 4 11 54 57 66 49 99 73 46 50 96 30 17 47 46 84 7 90 86 15 51 30 96 76 40 55 56 95 50 89 50 44 23 29 8 70 62 56 42 44 67 97 29 87 96 85 18 94 5 59 26
43 32 92 18 86 18 30 92 94 89 86 44 76 24 57 46 5 15 74 86 40 77 75 74 45 54 40 54 59 61 18 90 87 44 52 85 92 86 53 15 31 12 69 32 86 24 31 66 98 63 68 40 92 1 4 13 92 87 11 99 22 38 65 66 39 75 33 15 23 97 53 90 95 58 87 69 26 97 83 81
79 41 1 26 83 65 72 25 85 80 65 74 86 63 78 96 22 47 81 61 54 14 50 58 38 19 67 21 65 52 91 91 32 74 40 81 49 62 81 17 19 51 43 63 62 2 61 30 5 12 58 88 8 39 48 29 16 67 65 99 50 31 2 93 83 45 26 5 50 21 38 23 57 7 53 62 99 38 99 28
16 7 10 81 53 53 52 46 74 10 51 60 6 36 24 80 24 44 88 48 98 91 47 23 90 71 56 57 77 52 51 92 5 34 96 78 37 81 4 89 60 29 64 20 43 82 62 17 11 15 85 43 86 77 31 95 25 35 3 100 100 44 57 29 38 55 26 13 25 34 55 26 1 17 58 73 8 3 63 75
76 67 12 1 37 9 9 80 67 21 39 73 23 6 48 95 26 70 77 41 69 28 97 46 7 57 85 70 62 47 37 57 94 60 65 23 95 67 93 24 38 55 96 43 14 92 5 99 51 51 29 92 6 91 30 64 74 47 94 37 51 63 19 71 97 71 17 95 34 86 64 73 85 9 71 31 69 51 9 36
43 16 16 77 59 17 15 30 26 49 44 26 26 60 33 6 84 69 17 14 76 31 93 1 3 3 58 21 33 95 100 58 78 84 55 24 83 8 66 56 61 29 34 37 91 16 74 82 21 74 63 97 42 38 68 83 23 9 99 50 23 85 12 76 55 37 20 73 5 50 53 18 19 64 78 86 82 99 70 20
2 96 97 15 90 95 24 14 67 31 56 11 7 42 71 75 49 45 44 44 11 33 29 16 89 16 95 57 45 4 94 75 76 50 85 57 17 29 99 96 92 90 38 30 76 30 28 52 61 24 81 50 38 41 29 46 93 10 40 46 45 30 46 46 58 99 64 5 66 47 13 9 45 41 54 30 51 2 90 92
46 52 97 95 33 87 35 71 21 41 39 61 11 73 72 6 41 22 75 91 80 62 86 25 23 8 43 18 50 14 93 68 79 20 16 53 90 56 98 20 7 62 14 31 37 24 56 37 29 100 39 65 37 51 39 91 10 14 10 27 25 59 92 41 16 52 39 2 88 85 97 12 30 43 45 48 74 56 38 48
89 65 63 93 89 93 10 43 13 36 32 22 88 93 46 41 13 60 94 69 56 98 67 30 2 72 84 12 63 54 57 2 68 59 16 80 11 66 78 25 29 26 18 95 9 73 40 70 10 3 98 56 41 37 44 78 62 25 28 81 6 49 44 26 75 31 9 85 43 68 86 55 21 100 57 26 18 41 60 61
19 23 58 84 70 13 23 9 20 44 50 29 60 97 58 90 7 91 8 82 68 50 21 38 55 23 71 20 21 35 96 7 98 95 32 62 38 26 61 62 58 95 100 36 76 24 53 42 17 33 94 37 74 91 56 74 54 74 45 41 63 29 21 53 90 46 13 73 82 9 97 42 17 71 30 52 5 96 76 80
3 98 52 59 80 26 47 69 86 31 32 26 47 97 79 86 51 74 10 23 99 85 2 8 56 50 70 99 57 51 25 69 87 25 42 66 38 59 59 67 81 3 75 41 34 71 23 8 82 6 49 61 27 85 97 17 86 46 30 43 92 68 19 72 52 73 29 74 62 92 24 79 21 49 31 13 16 13 1 56
41 6 65 94 79 98 85 92 56 16 73 45 7 70 33 1 4 9 25 44 92 34 98 57 75 39 10 33 95 7 67 20 47 43 81 2 16 65 91 47 3 66 76 67 30 89 5 96 22 52 47 54 12 43 86 17 32 87 5 78 30 1 53 69 82 30 43 16 76 19 97 13 41 51 73 5 31 73 96 19
23 100 89 100 95 80 79 18 85 49 64 6 38 88 94 40 20 85 74 47 82 72 19 52 53 29 20 10 15 82 11 56 27 27 85 57 19 8 99 27 82 12 13 42 71 72 81 83 19 99 1 83 13 24 11 77 76 76 19 89 37 77 2 64 86 79 9 90 46 54 50 75 37 15 47 48 43 13 21 86
22 75 89 91 75 1 90 27 10 2 45 80 46 86 7 94 2 5 9 54 25 29 86 88 65 97 88 58 53 86 76 87 97 25 59 94 68 74 51 22 22 61 62 17 49 5 1 34 99 73 77 19 14 70 30 94 67 30 68 44 12 35 92 88 18 56 95 18 59 80 65 14 50 9 78 24 73 16 97 66
4 6 91 12 93 65 86 75 68 88 82 46 83 40 1 59 53 21 90 54 82 84 20 16 14 72 69 27 89 35 35 81 41 28 71 3 8 55 9 88 44 85 62 51 86 67 41 2 55 52 28 77 99 99 48 52 51 46 35 11 4 67 26 94 15 1 77 11 63 5 36 39 55 32 51 99 84 79 65 11
66 34 63 96 8 33 34 45 37 12 2 18 38 28 34 82 1 31 58 12 48 18 97 73 4 31 59 21 24 65 35 34 66 82 69 52 90 6 86 42 68 11 26 76 36 96 25 61 30 48 73 21 50 25 85 14 91 58 93 54 19 40 49 77 38 54 86 48 30 87 24 74 10 72 21 55 71 54 29 64
95 16 94 48 15 3 87 87 82 38 38 86 81 77 10 47 41 15 38 46 62 7 49 97 93 33 31 93 84 64 5 32 11 58 22 65 80 100 19 13 88 62 79 3 55 15 99 32 85 36 42 97 66 74 88 94 43 24 25 59 13 29 98 63 24 48 32 50 48 3 19 99 91 7 95 77 17 29 50 91
71 52 94 27 57 76 58 28 79 39 98 71 58 96 81 90 98 12 99 59 6 19 39 29 82 59 48 93 68 47 6 81 6 7 54 49 40 71 47 29 90 64 24 17 87 61 69 23 16 64 56 12 59 80 94 12 79 19 11 73 57 87 68 77 44 70 82 26 20 46 20 11 89 21 40 39 11 89 90 77
63 50 32 83 8 20 19 85 32 6 22 78 3 89 98 75 98 28 55 30 5 1 83 63 74 31 99 48 84 29 53 90 80 87 9 34 24 82 82 84 30 62 78 79 51 31 100 20 52 75 84 24 89 67 16 54 11 10 97 31 61 93 55 49 30 20 34 37 79 40 6 3 25 74 81 39 23 41 50 76
54 52 28 93 7 39 37 49 38 90 40 27 98 10 12 8 94 88 13 44 41 71 4 83 61 67 71 56 94 61 85 59 25 47 98 16 20 36 81 84 4 96 64 27 29 65 70 4 12 73 57 50 10 60 1 89 5 30 7 25 5 100 28 60 41 3 15 45 77 38 97 70 16 42 11 33 77 66 53 30
36 65 14 26 70 38 37 9 79 30 91 81 54 32 48 98 76 60 63 28 69 86 90 48 94 55 30 87 23 21 80 91 62 61 2 45 50 13 21 82 52 10 70 35 83 63 34 4 18 7 70 10 15 69 55 42 100 33 27 16 55 70 69 65 44 37 15 95 23 40 65 55 43 34 85 47 75 29 68 99
74 25 83 87 56 78 93 84 26 59 26 80 64 4 91 47 81 75 94 83 1 15 27 48 33 93 76 98 81 99 26 34 10 64 11 53 51 76 16 5 14 31 11 73 29 8 16 52 22 78 58 31 7 74 49 70 67 2 15 87 32 38 77 13 61 7 60 41 29 50 10 66 32 11 85 81 43 8 16 83
43 28 47 75 93 90 35 85 97 39 28 37 70 93 80 26 81 90 11 29 56 8 14 33 84 7 56 76 14 45 16 63 93 47 80 56 35 87 51 45 42 22 96 54 79 49 45 41 96 16 53 77 56 8 38 8 30 73 29 25 33 33 20 20 94 34 28 36 7 95 40 21 83 52 16 64 12 55 69 94
99 40 42 14 48 58 79 16 78 18 89 96 64 15 18 96 62 9 46 45 7 32 77 65 78 30 71 17 66 9 95 28 61 74 67 89 4 52 64 45 96 96 44 88 12 80 72 42 59 20 36 42 1 59 21 89 37 6 65 9 55 86 85 72 20 69 58 91 8 20 17 93 49 79 91 56 47 77 11 75
60 19 37 51 56 57 2 74 23 32 83 27 53 87 91 18 47 20 16 46 15 83 15 92 88 31 34 43 97 63 14 38 72 23 19 97 30 39 19 36 20 4 52 63 31 76 77 68 61 31 60 23 30 48 83 69 2 98 51 70 45 48 74 30 42 86 39 1 16 85 6 26 69 16 93 65 72 37 76 83
42 46 9 86 45 73 70 99 29 56 58 1 8 47 37 4 34 72 89 46 73 95 61 13 76 53 94 89 75 55 95 11 76 22 50 13 23 30 94 16 38 64 48 49 100 57 78 44 96 33 60 61 90 94 23 40 87 89 42 2 42 83 50 21 79 22 96 47 53 71 13 60 68 45 35 23 59 12 36 53
82 19 67 55 81 34 1 39 23 9 22 78 30 42 19 32 75 77 95 84 8 51 47 18 85 20 91 63 80 83 4 74 93 99 57 72 14 97 17 51 99 9 50 88 80 95 44 59 51 66 45 93 33 13 1 51 95 86 13 51 90 38 47 72 26 94 39 10 62 86 8 48 42 40 12 63 86 33 36 64
74 79 94 50 57 79 5 7 40 76 98 25 59 77 30 34 75 57 94 84 5 30 98 4 75 92 4 17 49 50 80 68 93 59 4 83 63 84 13 82 74 22 82 70 45 30 100 42 69 49 61 59 22 96 95 89 16 87 17 91 18 18 62 50 44 9 14 36 88 35 45 49 38 37 25 61 8 94 62 90
37 40 20 6 100 77 83 66 69 36 67 34 18 9 5 80 22 38 82 25 58 3 82 85 67 24 81 75 53 79 63 46 43 47 4 86 5 18 98 22 97 97 88 68 86 66 72 79 10 89 89 49 22 15 39 34 16 31 79 69 83 98 71 44 83 41 73 79 67 89 27 19 87 80 35 5 45 45 1 89
48 68 52 97 12 61 55 4 78 67 57 79 65 32 33 15 54 9 87 20 17 74 78 10 40 99 43 21 13 49 12 37 78 76 41 96 46 47 23 35 86 6 73 46 10 48 54 89 78 15 80 69 13 76 47 73 36 77 36 39 8 68 85 41 22 57 72 99 83 95 44 69 87 64 72 8 4 66 95 14
68 15 15 63 74 40 77 99 68 27 92 65 59 74 67 47 89 95 14 91 37 65 8 36 24 1 68 85 51 22 60 64 24 9 18 25 81 61 48 51 73 6 99 75 67 23 42 9 73 45 78 32 46 1 5 96 83 40 17 75 54 33 83 67 8 10 98 24 24 80 87 6 34 2 29 88 32 13 17 32
7 18 68 72 98 11 75 36 65 91 17 48 87 36 89 52 27 75 50 60 35 82 30 90 31 66 29 53 100 76 78 12 43 63 80 19 53 4 27 74 5 85 6 77 98 60 23 56 28 79 26 41 84 36 14 91 63 4 65 45 65 92 2 59 35 56 64 22 19 1 93 56 59 79 64 5 25 63 1 96
32 98 93 31 41 46 37 54 30 14 5 50 68 71 8 86 56 88 24 47 17 20 73 85 58 13 69 40 7 48 82 15 7 32 84 87 1 60 84 57 85 43 49 16 70 28 61 42 15 63 16 27 90 21 84 28 37 13 19 83 35 67 83 4 92 57 85 56 80 42 4 56 71 12 69 51 63 34 77 85
42 89 42 53 2 33 78 72 53 59 74 63 7 57 57 71 6 63 71 43 99 77 22 18 95 17 94 58 37 23 45 44 1 74 44 81 80 34 41 43 10 39 60 37 37 36 93 75 21 22 14 2 72 77 15 6 100 4 84 99 18 46 17 50 47 85 42 77 65 66 63 8 88 83 31 79 77 70 77 44
1 34 77 52 47 97 37 55 16 96 5 15 61 28 70 40 89 55 89 53 64 15 74 6 87 88 29 22 41 83 32 6 11 14 15 70 30 30 59 71 15 94 6 82 23 34 34 61 57 82 5 95 34 46 42 54 35 73 21 17 10 100 75 69 76 98 65 97 78 19 84 28 8 64 36 86 25 36 96 69
47 8 6 47 61 77 27 53 67 43 28 84 98 57 90 26 16 7 70 92 96 9 18 90 64 82 18 70 90 78 74 73 17 60 15 19 91 52 82 30 73 74 50 84 88 20 39 27 69 60 81 57 63 51 14 82 25 72 100 36 54 98 79 6 38 14 91 20 72 24 41 75 74 51 99 56 8 12 76 27
82 8 50 84 58 6 73 32 89 13 56 86 15 31 14 4 17 30 57 60 32 6 56 31 85 49 86 78 17 52 91 13 50 15 27 20 19 13 77 6 22 42 25 17 37 68 56 30 76 7 98 67 37 63 64 57 57 16 6 45 52 69 84 40 92 26 43 7 40 35 42 94 4 10 11 12 33 53 98 69
59 18 10 79 95 73 22 74 83 7 54 38 17 19 79 44 30 13 51 40 20 33 2 93 51 18 100 86 35 96 4 77 15 6 27 60 23 69 93 42 31 20 1 57 86 75 55 10 34 37 98 71 66 77 14 68 30 10 66 8 15 76 83 44 50 51 69 71 15 58 51 75 61 89 63 29 86 71 65 23
72 94 50 99 96 60 75 36 22 32 7 72 99 31 27 64 76 79 46 27 62 84 56 88 26 40 60 29 24 99 83 10 24 94 68 92 95 62 99 82 34 34 26 64 32 43 90 98 90 60 49 93 39 89 67 86 59 41 37 95 83 8 73 27 26 79 26 16 69 91 7 46 19 51 29 49 40 7 20 75
29 96 76 7 25 64 72 20 68 44 19 69 7 50 31 71 98 14 72 23 8 94 87 36 5 70 38 46 55 69 28 57 70 22 97 8 82 45 98 40 40 75 62 86 46 76 48 15 24 9 23 93 32 76 45 22 33 5 18 22 35 10 32 64 64 80 11 30 100 79 3 87 52 81 40 14 15 82 81 93
100 33 13 65 15 89 71 9 83 70 60 42 91 43 53 97 2 40 49 86 100 90 41 27 10 61 59 90 80 53 71 48 90 1 46 79 17 30 53 44 21 86 95 65 90 19 53 86 91 45 41 37 4 85 35 64 6 36 44 82 48 64 15 63 27 94 85 18 56 32 29 72 95 87 37 10 24 65 63 68
42 16 88 41 47 62 30 95 20 7 66 49 78 44 22 7 23 24 67 25 90 61 17 63 40 19 17 55 59 80 23 44 64 3 25 23 54 15 96 16 20 34 55 31 63 97 61 45 2 22 99 94 16 56 55 87 5 4 14 44 89 24 21 80 92 19 50 80 59 66 40 57 66 22 18 39 69 55 55 59
99 6 59 19 25 96 2 4 100 37 76 1 35 11 54 92 83 28 23 3 48 29 48 13 40 45 75 53 59 48 45 77 16 51 51 28 8 35 4 14 99 6 11 1 36 100 40 10 32 79 11 74 66 2 36 1 50 16 44 7 17 80 92 46 4 75 3 28 51 95 64 56 28 52 37 34 65 46 12 97
24 2 3 7 8 10 25 13 82 80 77 23 98 81 6 20 36 36 75 80 84 57 63 87 18 2 14 63 62 90 50 32 2 98 73 40 45 13 95 51 33 51 50 58 22 95 18 14 7 83 98 78 35 30 85 96 36 77 40 38 1 14 50 23 3 64 48 86 63 35 92 11 35 36 30 28 21 43 74 62
87 71 65 51 46 14 26 96 7 40 78 23 22 85 90 74 30 31 69 24 38 17 78 27 93 5 47 42 10 76 28 60 23 51 30 75 55 33 57 11 83 90 96 74 2 47 63 83 45 58 71 70 71 19 53 3 69 12 82 83 34 84 71 41 32 72 56 25 27 18 59 12 85 66 45 20 31 47 85 44
62 57 64 88 41 46 84 33 1 50 89 11 9 66 59 4 78 74 19 26 14 33 40 6 54 74 24 98 32 84 41 68 48 13 8 72 49 1 89 83 28 69 51 55 75 95 63 70 82 88 34 24 83 35 55 82 57 63 37 90 57 90 59 27 3 90 54 95 13 51 27 84 75 17 22 49 88 59 64 11
97 51 22 64 35 85 47 71 3 21 92 59 100 100 64 75 71 25 87 44 93 45 80 93 95 30 75 35 84 92 14 31 43 39 45 61 15 37 86 68 19 23 55 68 94 39 96 64 59 8 11 74 50 65 60 55 21 2 75 66 29 16 28 50 20 24 55 63 12 88 56 79 27 79 48 88 88 73 10 92
60 18 27 64 27 9 50 3 45 69 22 46 7 42 32 17 12 79 18 9 81 51 28 11 87 68 21 79 42 85 68 69 51 99 83 41 95 65 57 53 31 56 66 92 71 36 76 29 73 95 75 56 23 84 59 17 72 72 84 95 18 63 92 30 47 61 6 57 52 65 65 72 7 10 36 38 36 56 52 69
29 84 16 85 25 60 47 91 59 76 82 51 85 77 97 12 96 75 71 6 20 92 32 57 22 52 18 89 37 26 37 93 50 92 57 35 41 85 66 31 16 49 79 98 18 63 72 74 25 84 26 19 10 66 26 80 5 34 9 32 68 26 25 25 19 1 33 2 64 69 80 14 16 48 88 15 46 80 81 44
41 62 17 48 33 19 57 83 86 93 1 90 75 45 100 99 2 83 32 95 5 66 78 8 20 14 21 97 49 99 30 20 8 93 40 93 98 38 91 36 98 98 40 94 53 97 94 72 99 83 66 51 59 91 73 52 37 10 31 68 74 19 61 87 1 20 18 86 39 79 53 71 75 78 61 91 77 38 26 52
66 73 8 100 36 60 40 46 54 48 62 92 51 3 9 1 43 23 45 100 37 21 88 38 48 63 30 29 5 39 51 23 80 16 48 21 63 93 88 29 72 9 97 67 85 21 25 76 38 10 94 85 93 74 87 29 42 17 20 1 59 99 91 94 76 87 14 26 74 3 98 95 1 49 63 12 67 73 85 91
52 31 100 54 52 60 58 10 70 49 76 3 85 11 84 42 68 78 81 63 82 73 65 85 24 4 92 15 31 12 36 83 75 51 93 63 90 90 45 67 42 30 37 71 8 76 76 29 53 38 15 76 95 96 70 2 6 70 75 85 71 99 89 64 10 4 8 65 54 31 21 37 62 67 65 75 23 37 16 82
2 23 52 22 64 72 89 6 75 38 26 99 48 52 24 76 68 88 25 89 57 75 1 52 58 59 64 91 14 41 30 96 51 41 16 24 38 41 32 71 25 38 39 32 21 19 71 59 91 18 49 32 31 74 40 67 54 55 5 67 18 64 7 55 82 82 20 4 86 46 70 16 77 48 25 77 81 67 92 62
24 69 42 33 81 15 38 73 27 11 19 96 97 49 61 60 35 94 27 73 70 12 43 32 62 78 61 45 8 84 12 41 60 25 39 34 64 2 8 29 23 11 47 43 51 93 85 24 27 1 100 80 60 21 77 84 43 92 90 6 45 52 35 42 35 37 95 66 51 58 46 66 72 85 80 42 42 13 6 93
76 5 59 18 41 35 57 2 18 25 64 90 38 47 66 81 44 96 46 60 57 45 25 45 17 58 2 54 72 14 36 76 35 36 90 78 64 71 51 71 65 94 1 7 64 44 37 17 75 83 13 74 5 94 69 23 19 5 93 25 79 60 79 29 88 20 10 36 71 19 39 94 69 98 32 34 80 90 47 85
70 79 14 6 4 6 89 85 4 46 92 100 99 14 100 30 19 88 41 97 6 46 31 61 16 26 86 52 98 91 86 20 92 9 47 78 60 55 72 76 56 16 73 44 51 60 43 36 63 63 61 55 61 33 94 94 57 79 14 38 5 46 13 5 84 80 17 92 76 1 84 95 29 46 83 93 38 62 93 94
72 68 91 89 62 88 97 69 23 78 42 54 96 12 69 70 75 25 3 64 31 25 74 74 13 96 13 6 61 10 94 6 61 36 5 69 77 98 12 18 5 30 34 74 40 38 97 47 38 89 69 64 5 42 3 90 92 71 33 63 41 44 3 47 40 65 65 71 77 33 5 58 88 67 41 12 32 97 62 74
7 99 82 72 52 34 59 53 49 86 11 65 71 66 52 14 33 60 58 45 57 62 37 9 82 2 30 36 86 44 75 8 72 55 56 4 100 85 23 66 71 20 52 3 27 67 35 3 30 69 61 95 72 22 32 49 24 95 35 47 21 100 70 23 19 24 55 29 68 16 19 38 70 45 59 11 51 66 19 35
30 46 42 25 83 46 33 9 80 28 9 20 92 64 41 29 50 96 32 35 6 27 33 25 50 84 71 26 25 75 23 49 35 14 73 35 14 94 90 13 86 36 35 62 41 73 87 52 59 78 97 44 15 31 21 62 33 45 48 21 43 69 51 25 84 19 44 80 56 66 3 100 96 55 93 77 59 77 93 34
27 51 6 96 96 16 17 74 100 6 68 76 13 25 87 80 54 83 46 44 40 97 12 22 63 51 6 88 5 39 96 85 64 12 71 92 99 53 31 49 40 85 98 14 1 5 39 67 56 11 39 7 45 60 45 100 91 96 85 53 22 92 50 87 59 35 12 17 34 64 14 62 42 56 63 51 72 93 49 86
62 1 83 93 20 91 87 3 21 41 25 32 14 79 55 33 34 82 85 52 13 7 33 80 93 9 36 74 66 77 47 55 1 36 58 5 56 88 100 99 83 42 6 1 79 17 81 22 61 14 59 31 1 96 9 61 9 13 31 88 77 66 82 68 32 26 70 44 80 14 46 77 33 46 75 28 54 42 46 49
46 17 31 38 18 89 23 30 23 4 50 97 79 63 90 76 50 93 78 49 56 15 20 26 30 25 6 17 19 85 49 41 62 23 15 85 41 60 62 33 23 60 31 73 54 92 82 64 94 76 27 75 44 15 60 70 98 34 15 37 69 83 16 38 12 11 94 52 56 67 79 13 61 77 12 71 54 3 78 6
30 94 51 11 13 72 43 43 81 68 40 50 91 75 94 24 27 51 71 6 83 15 26 42 57 24 92 38 27 85 41 1 23 8 34 60 99 40 41 31 87 9 65 24 91 86 13 48 24 80 43 67 97 99 34 85 68 78 89 38 96 14 100 81 38 66 28 54 14 20 3 80 88 18 64 84 100 79 87 79
53 63 1 41 27 61 85 50 39 20 4 26 6 30 65 1 8 94 23 14 29 19 31 5 94 74 18 50 20 95 4 84 89 53 18 23 67 72 71 18 34 38 72 48 45 78 55 45 60 60 64 35 3 84 39 88 26 68 23 31 2 99 9 22 70 49 54 52 85 66 8 21 36 50 87 1 45 19 3 26
1 72 80 60 56 65 18 40 14 36 100 53 97 64 85 97 85 41 64 63 38 23 68 96 66 77 10 90 82 33 23 52 26 23 78 99 66 32 84 6 32 39 7 85 50 52 22 51 9 75 41 84 29 37 68 32 50 89 86 100 1 20 98 64 35 77 92 82 40 35 57 5 13 36 63 94 80 97 30 71
59 73 23 11 44 26 4 79 36 72 15 20 63 31 12 44 26 89 89 38 36 88 33 34 95 20 85 68 84 5 87 27 51 41 34 73 78 51 37 51 62 12 96 29 66 87 78 59 65 99 100 93 32 84 84 28 21 41 12 87 9 56 32 81 2 96 71 69 91 25 25 71 38 11 64 82 14 68 35 95
67 71 24 69 63 18 23 73 66 15 9 4 26 15 78 50 27 60 59 72 8 14 91 89 52 95 97 5 35 25 15 49 81 46 71 92 24 5 41 66 32 50 92 69 34 12 14 7 48 15 11 16 83 29 48 63 32 37 11 31 46 82 64 99 58 86 44 52 41 38 81 19 88 36 20 32 93 47 95 65
75 50 77 78 18 96 58 17 22 53 29 24 68 71 85 46 81 43 75 1 92 78 6 51 60 75 64 50 1 58 94 30 68 23 58 85 4 33 68 73 59 35 18 59 49 31 11 38 55 11 9 58 60 11 27 11 81 83 98 58 22 89 71 64 23 96 29 82 89 52 49 54 59 67 32 21 70 67 91 45
60 59 81 86 65 71 4 37 86 65 86 8 65 31 63 22 86 56 80 44 39 21 12 29 49 13 51 15 60 81 57 49 63 97 5 12 89 65 70 3 53 4 71 43 5 28 39 86 85 50 24 51 93 95 40 46 84 87 48 99 46 76 97 7 14 80 50 33 88 67 69 61 41 97 62 67 84 75 5 97
17 65 49 33 42 21 29 92 23 96 60 19 73 4 6 11 71 94 56 71 64 58 71 94 14 98 30 82 40 33 13 49 22 22 55 63 43 90 79 32 83 5 23 15 48 79 69 11 11 6 83 10 11 19 62 38 60 29 75 38 53 63 9 37 7 14 83 3 25 32 26 66 53 21 64 75 51 2 88 88
17 44 35 8 97 57 67 39 79 55 75 3 25 44 59 44 3 57 23 85 57 8 82 70 53 28 78 22 9 30 21 68 11 87 88 83 44 45 26 9 38 79 18 56 71 41 40 88 43 29 75 22 28 53 36 27 47 7 94 2 71 62 63 52 35 15 4 27 9 86 24 82 47 87 47 16 47 93 95 17
55 22 87 82 98 50 93 44 82 97 22 43 95 57 2 22 67 24 23 35 87 47 75 61 69 96 87 96 48 52 4 79 5 68 32 44 11 48 69 30 84 98 87 37 49 7 40 8 36 5 74 12 18 9 4 78 97 12 35 92 31 43 47 69 22 90 91 63 61 67 58 94 55 71 78 35 15 27 65 25
30 56 79 59 19 39 56 32 89 78 68 9 19 31 63 41 4 28 87 82 100 68 94 14 91 82 90 65 50 45 42 75 43 62 47 35 33 88 13 14 84 46 38 85 42 86 10 87 62 59 24 55 60 16 13 43 71 88 70 46 54 74 73 3 4 70 40 44 97 46 90 91 7 10 59 31 57 40 28 43
92 94 75 14 38 12 22 75 50 12 53 27 31 26 78 49 69 26 30 62 47 14 61 37 24 52 53 31 64 36 84 50 79 51 84 58 35 37 25 12 100 11 86 49 81 97 34 49 83 42 99 11 81 100 48 96 86 39 44 84 84 64 46 95 21 37 17 4 56 60 89 51 17 6 51 40 32 64 25 73
47 72 60 68 65 75 71 16 27 20 3 16 85 38 76 9 87 71 66 37 21 11 47 22 18 61 78 57 65 78 58 97 70 6 7 46 37 62 50 86 38 52 56 26 2 50 89 73 25 16 88 7 35 82 10 62 43 43 96 83 56 41 85 52 88 44 98 46 50 5 61 100 22 98 92 8 88 64 88 46
26 14 80 54 69 16 34 79 58 53 93 66 70 32 56 77 21 73 93 13 89 98 80 79 13 81 38 99 22 80 29 13 84 91 9 16 28 10 46 90 97 3 23 45 76 37 66 96 100 87 26 75 52 38 97 37 65 14 92 76 5 1 69 18 47 51 79 64 41 73 11 42 99 5 33 26 13 5 67 50
91 80 49 20 43 84 41 28 56 14 44 11 28 40 94 83 42 26 96 45 36 86 40 2 18 67 56 21 37 70 49 34 95 3 81 5 93 100 65 89 29 68 73 88 43 10 11 99 27 42 30 58 76 30 74 6 16 31 91 35 12 75 10 93 8 48 51 70 17 27 73 10 39 100 35 55 65 50 68 17
28 21 27 40 8 78 9 81 45 42 94 59 23 40 72 22 33 46 6 43 22 53 70 95 2 99 68 28 46 56 4 24 48 85 87 31 79 87 49 1 59 77 56 4 46 76 15 15 83 16 11 19 72 23 30 30 52 99 98 18 63 2 4 94 56 21 75 81 92 88 25 53 85 95 65 84 95 78 88 42
50 60 73 81 48 27 29 74 11 89 39 66 67 38 35 9 88 18 32 65 31 35 86 53 61 6 31 79 48 75 30 29 30 5 82 74 51 4 24 5 14 57 46 6 28 25 58 2 34 26 40 72 13 53 57 58 33 3 49 99 38 72 96 8 97 16 17 13 43 87 19 3 80 11 6 100 11 99 80 36
42 24 10 92 1 48 54 29 73 24 73 13 98 97 66 27 7 100 24 84 100 82 21 62 26 55 70 13 97 5 95 71 90 17 66 86 61 7 90 94 44 100 58 29 78 8 23 22 52 10 34 85 14 95 72 70 75 3 100 42 30 85 3 83 71 18 78 15 82 87 40 81 9 80 71 70 26 39 7 48
65 93 15 24 54 60 89 4 2 97 25 58 44 23 64 85 92 97 1 29 81 20 33 41 7 14 36 28 32 44 24 47 34 64 83 65 32 99 38 67 65 13 82 87 88 70 45 54 32 3 97 57 46 74 66 4 41 39 64 16 45 30 96 71 51 23 71 92 62 10 83 3 50 28 40 98 43 50 75 46
21 43 30 13 72 78 98 59 42 39 7 82 96 54 36 57 12 32 26 79 91 67 10 72 26 86 15 32 46 33 24 60 74 98 90 44 22 30 18 23 12 27 32 80 69 83 15 69 88 67 58 88 70 44 10 24 59 13 65 92 54 61 57 11 60 22 93 16 69 27 78 37 36 24 99 10 64 58 60 30
86 37 10 66 26 82 40 50 64 74 11 70 14 58 9 22 58 21 39 32 32 65 31 29 57 51 17 63 98 73 65 36 68 76 69 51 66 93 39 84 59 26 4 31 42 48 87 99 74 30 29 51 28 22 31 97 86 16 30 59 33 48 4 9 64 67 26 93 17 42 88 58 66 2 79 79 15 36 93 61
59 13 39 49 8 64 91 93 94 24 87 5 60 47 19 59 38 8 57 57 67 95 85 82 69 17 5 49 30 71 60 79 90 97 17 3 60 24 67 42 11 32 83 66 57 29 79 76 23 13 13 12 11 49 80 41 81 79 70 96 60 33 55 34 37 9 87 35 6 95 87 92 60 33 75 91 90 64 48 15
71 13 69 58 91 43 62 72 66 5 17 37 44 72 91 63 44 20 59 79 41 74 40 32 57 82 92 5 78 24 15 58 41 78 65 83 6 40 84 75 36 94 77 86 75 70 21 59 23 87 9 23 67 46 99 55 22 57 52 29 88 85 90 51 6 14 39 49 78 92 67 18 26 49 18 21 47 85 35 6
12 43 45 8 62 77 77 2 83 50 72 76 72 80 32 14 16 53 49 98 65 13 86 86 86 18 14 34 93 67 22 24 37 9 48 75 46 75 53 33 21 26 71 8 39 86 94 75 82 39 14 86 2 10 44 90 21 66 100 84 71 1 50 80 87 77 26 69 83 62 87 79 82 28 37 44 1 31 97 76
59 15 42 2 75 36 15 17 98 24 44 75 86 72 81 1 46 85 40 29 18 47 42 94 22 38 80 62 95 27 71 77 53 50 28 82 34 72 68 92 58 86 58 56 67 50 71 67 40 86 96 97 22 10 57 52 26 66 30 19 53 71 12 87 56 46 96 93 27 55 79 53 14 95 88 7 83 36 30 68
71 8 92 38 11 79 84 64 64 18 50 42 86 30 63 100 3 30 2 72 71 68 27 11 76 11 31 4 34 27 54 10 19 17 63 22 8 71 24 35 66 18 25 22 28 63 58 58 85 27 22 49 82 48 10 2 32 9 1 12 88 34 3 36 40 66 68 17 69 10 17 10 86 4 37 66 74 74 60 47
46 22 12 75 16 37 46 99 51 31 79 44 51 69 51 9 84 50 8 56 41 49 42 36 28 62 99 6 55 71 11 46 70 55 51 7 74 97 33 39 80 69 7 70 26 55 10 21 35 28 55 36 70 97 88 13 89 18 65 18 20 72 67 71 84 8 31 15 30 25 64 55 22 53 1 52 2 74 71 73
2 75 40 86 30 45 92 77 4 63 92 56 14 71 27 16 63 63 76 11 50 54 12 57 38 9 23 22 40 79 65 51 18 17 89 15 99 78 10 79 50 14 8 86 60 26 89 28 85 66 100 98 34 52 42 33 69 3 92 58 24 28 87 22 21 29 43 65 88 63 35 85 73 6 13 39 61 91 1 71
81 57 93 100 34 66 89 32 24 9 69 48 69 10 40 8 68 16 49 17 45 93 72 12 69 55 99 92 83 6 15 64 21 82 8 36 88 35 56 25 50 13 6 50 4 20 94 90 42 98 22 2 63 39 64 21 8 37 74 65 72 6 47 18 37 72 44 59 8 100 26 7 82 57 33 49 38 39 71 41
42 12 96 82 90 81 87 98 26 13 6 49 41 81 23 10 17 84 24 97 31 59 29 74 24 71 46 74 82 100 29 2 63 68 59 66 65 71 32 78 82 92 74 48 25 10 20 100 34 79 82 85 41 100 49 97 30 98 8 7 96 34 43 23 30 100 22 70 86 48 61 17 92 6 15 44 29 14 42 66
13 78 72 86 68 40 36 20 86 46 16 69 76 60 83 67 54 12 89 47 34 32 66 20 69 67 89 89 27 37 8 55 71 23 64 54 89 42 3 99 87 21 85 66 14 51 85 5 92 18 59 29 56 76 89 65 57 17 12 69 13 70 93 97 59 44 44 57 89 42 70 90 37 18 76 20 90 52 34 95
19 8 55 56 80 97 89 96 5 94 15 12 5 65 2 52 60 23 88 66 99 77 26 87 62 52 57 37 14 36 30 2 1 53 83 91 63 53 53 25 86 65 95 95 4 78 11 58 90 28 75 46 97 11 49 3 47 55 1 74 92 80 24 58 44 1 85 45 67 60 80 78 97 63 94 64 70 58 68 60
35 75 53 63 21 19 53 46 12 15 97 70 9 58 27 36 12 82 89 53 63 17 46 8 57 2 62 86 14 26 42 26 84 57 40 90 78 35 21 2 80 72 44 20 32 17 4 91 36 54 75 98 70 96 96 42 92 77 11 45 15 96 89 34 29 30 63 48 94 68 11 52 42 23 97 54 31 13 33 65
23 77 77 31 60 66 4 83 93 64 61 54 73 83 52 10 55 71 44 47 75 36 43 32 16 43 54 93 5 39 19 52 73 89 73 46 100 29 98 100 7 45 27 95 10 6 79 72 81 99 2 37 27 19 43 38 55 69 61 94 67 19 75 74 56 97 38 46 77 45 56 66 18 91 58 72 43 60 64 46
95 51 25 29 23 19 56 91 76 40 92 82 52 66 41 21 27 39 50 91 35 25 90 75 8 69 63 92 34 52 38 28 94 47 6 69 30 64 70 99 66 24 94 44 77 35 15 37 70 27 89 49 43 89 23 12 36 89 49 80 73 59 66 15 100 4 67 68 76 81 72 34 52 30 45 54 72 57 19 40
33 5 50 94 87 87 2 84 36 23 17 74 77 77 31 67 97 58 12 26 18 13 72 26 66 43 33 5 71 70 81 53 12 37 18 7 28 53 76 24 43 37 87 33 16 93 72 88 50 12 8 2 13 11 99 17 78 75 83 62 56 52 7 92 30 27 16 51 88 23 93 52 36 39 56 98 26 86 73 56
78 95 76 19 10 64 82 57 52 27 3 92 75 24 66 61 87 8 59 53 82 8 16 69 36 90 79 12 19 92 57 35 30 13 52 39 40 68 13 98 75 66 41 38 30 15 26 9 72 17 65 3 47 100 78 67 98 23 18 51 73 44 64 78 25 69 83 98 25 29 54 86 93 51 14 68 69 65 45 75
26 42 81 98 18 72 70 61 98 54 36 35 89 78 47 55 31 33 4 35 14 97 49 33 35 73 32 25 79 77 79 98 83 48 43 35 78 56 55 100 60 36 47 42 38 43 60 26 43 23 64 23 100 74 34 5 24 46 34 60 45 85 57 40 83 22 72 85 81 39 43 57 23 79 63 8 78 100 48 74
30 23 77 62 3 16 26 99 91 7 98 84 31 56 88 94 90 51 40 49 14 47 13 64 53 43 32 47 91 22 7 11 8 36 66 53 35 58 99 17 46 78 18 96 58 66 39 8 15 2 71 53 83 24 2 52 58 14 35 97 26 88 63 29 12 98 23 22 12 25 77 41 14 21 30 44 50 61 21 85
98 91 30 30 88 19 96 32 71 17 79 10 48 92 30 93 83 39 22 6 40 88 89 41 49 92 28 94 89 40 42 25 96 6 73 15 79 74 41 25 34 100 76 63 94 43 63 80 94 66 10 80 63 14 16 85 9 70 41 81 54 33 26 83 96 90 39 10 47 79 44 17 33 56 46 58 97 36 30 42
23 74 84 46 46 39 14 20 95 6 57 65 47 7 32 42 6 97 41 76 26 72 48 73 94 27 57 51 60 25 71 45 20 21 42 26 75 91 22 71 99 53 74 66 16 63 84 84 5 5 12 62 25 51 57 81 84 99 50 91 55 9 86 50 14 67 79 16 5 55 28 61 46 69 14 77 7 30 87 18
83 80 30 39 13 98 70 53 65 59 3 59 22 54 55 41 1 18 83 42 93 31 86 17 26 65 12 38 28 83 68 47 43 16 88 82 46 95 56 88 5 8 62 96 58 63 33 72 14 23 100 50 79 55 86 36 8 42 49 8 46 70 88 47 31 3 42 61 4 67 59 38 4 32 73 36 97 21 87 47
24 24 79 26 89 56 24 79 67 3 5 82 36 34 35 19 33 43 99 78 23 80 51 58 12 20 74 43 29 86 77 64 25 81 26 55 6 22 25 31 77 14 99 9 52 19 17 87 33 18 36 89 81 82 22 77 11 37 67 20 89 67 88 15 57 31 66 99 53 56 71 40 28 64 74 77 98 40 14 41
53 19 87 32 44 2 20 8 3 1 72 72 3 32 48 4 5 27 74 99 90 93 78 19 94 33 98 65 42 6 91 54 43 70 29 57 91 91 13 71 2 75 30 44 65 11 48 100 6 100 31 95 24 66 10 52 53 12 35 61 78 99 40 94 71 40 83 20 77 99 79 26 68 40 32 64 85 76 89 36
88 71 15 27 32 64 64 69 67 76 73 45 31 4 66 91 15 95 100 21 37 23 47 61 35 45 19 86 65 83 87 64 65 43 25 99 22 67 93 84 25 65 10 13 28 12 33 25 44 70 66 56 43 45 81 58 34 82 26 35 82 93 95 92 65 46 74 25 25 32 100 40 64 53 34 10 10 84 50 80
16 44 64 72 75 20 17 7 15 35 30 69 65 74 83 74 53 7 1 16 23 79 19 88 11 20 14 26 36 22 74 53 45 19 13 48 69 33 42 11 6 35 98 71 9 78 33 18 10 47 23 38 57 66 17 84 93 20 4 10 61 79 69 62 12 77 17 86 68 78 14 45 15 23 12 75 53 3 31 47
22 49 31 43 34 62 17 81 78 41 27 66 30 17 1 69 61 81 15 11 40 36 31 14 10 87 51 95 47 69 100 17 16 1 31 10 48 27 90 70 86 17 17 89 25 51 21 41 60 84 74 68 29 94 99 4 44 96 88 59 99 93 49 87 68 27 19 30 36 14 65 82 50 20 20 60 95 100 78 27
4 33 81 48 68 33 27 100 8 31 1 72 40 24 96 65 83 78 57 85 9 3 55 6 20 40 95 84 53 45 32 97 63 60 12 64 63 1 12 35 51 87 50 83 39 77 3 75 15 20 87 33 61 76 49 10 13 5 22 14 60 78 62 36 78 96 23 52 100 15 68 34 86 91 10 96 31 5 98 5
51 55 39 34 11 74 93 83 69 32 15 91 98 20 87 40 8 26 82 23 75 84 98 97 98 6 72 87 7 2 66 63 17 12 9 78 98 100 55 38 96 13 73 40 23 32 35 30 91 2 51 36 51 27 57 64 51 47 95 19 30 52 96 29 79 76 4 51 75 60 20 69 1 84 66 24 92 32 5 37
1 24 87 8 97 81 61 39 2 23 32 52 85 30 74 72 94 69 93 73 92 3 39 49 94 12 61 53 58 56 25 99 63 87 10 40 41 32 41 47 73 17 79 68 93 40 80 51 16 49 50 73 15 91 8 72 56 15 79 90 26 90 7 23 94 20 75 80 34 91 59 47 9 78 73 17 20 69 70 44
95 25 59 90 49 10 8 18 18 87 48 31 76 54 85 49 67 11 54 70 85 86 56 33 72 60 76 76 78 5 32 31 27 66 93 83 64 14 60 66 94 66 18 15 95 11 56 94 84 71 18 65 1 61 23 8 14 46 79 84 10 86 90 58 55 45 9 90 98 3 85 3 9 38 24 33 61 5 68 82
76 86 59 29 46 95 100 7 6 35 91 60 79 25 72 73 30 83 52 45 34 41 36 38 64 61 27 77 100 43 76 9 74 13 58 84 19 20 38 62 54 63 56 57 66 61 3 1 53 72 34 41 38 77 78 8 86 29 72 18 37 73 94 67 36 27 91 44 36 27 76 47 76 58 98 51 46 35 3 81
91 25 42 13 4 76 76 78 62 67 46 26 30 97 55 62 69 82 12 45 3 23 40 84 84 57 70 26 88 64 29 96 65 59 7 40 19 24 33 40 63 79 49 48 80 14 43 66 92 57 52 1 15 3 9 73 8 75 55 63 16 90 24 90 56 92 21 94 63 37 28 54 26 51 62 63 96 24 19 69
16 27 88 15 13 6 43 54 44 48 47 72 6 40 52 25 64 60 17 55 31 30 29 70 89 64 7 87 25 6 1 5 93 10 46 10 15 62 84 92 76 3 9 13 29 39 64 2 33 87 65 73 88 51 30 42 17 6 13 87 85 91 70 93 37 98 10 83 30 39 58 49 21 76 96 83 83 65 66 52
80 87 89 22 68 94 88 43 56 53 32 34 11 72 46 19 98 46 73 25 100 98 64 22 41 28 83 87 53 38 79 77 16 15 45 10 67 26 26 15 91 12 40 83 100 81 67 96 44 65 46 49 20 68 50 87 15 54 30 58 34 100 46 56 66 73 40 57 56 55 42 9 9 6 23 39 63 54 88 98
24 25 64 37 90 61 68 94 87 41 2 28 40 72 8 51 70 46 56 93 22 41 56 87 38 69 51 36 92 8 8 39 10 33 28 39 64 42 40 54 42 62 54 50 8 6 47 93 42 16 8 15 57 32 32 25 65 67 82 27 16 100 56 77 32 32 50 71 25 90 92 23 80 81 21 41 81 30 4 65
45 93 55 62 9 31 68 28 50 99 67 73 11 89 34 64 74 16 58 42 84 43 89 3 4 45 19 6 61 22 53 6 82 45 68 66 7 36 77 76 85 91 52 35 20 63 46 31 50 36 97 69 97 67 52 31 43 30 63 87 95 40 86 78 59 37 19 8 75 76 8 82 2 56 90 42 50 48 76 73
57 86 52 85 83 92 93 65 4 43 57 61 75 87 76 14 89 86 49 69 2 73 11 95 36 32 16 59 41 80 16 11 46 56 84 99 47 45 1 92 55 92 58 12 27 20 22 61 43 83 14 97 96 63 1 80 56 98 44 24 8 49 88 91 19 64 92 21 3 48 26 4 96 70 21 100 79 55 90 48
47 58 4 20 15 88 51 45 21 17 48 48 17 27 75 85 4 83 27 93 24 77 70 80 84 86 19 100 72 3 75 33 8 48 72 63 26 93 1 24 68 15 95 2 81 28 79 9 84 40 89 35 24 86 38 11 54 4 93 1 58 50 11 3 63 38 69 59 42 69 44 26 13 92 41 34 35 42 25 87
7 2 31 86 83 83 24 45 32 65 74 92 41 74 9 97 97 92 6 61 13 3 46 19 41 22 54 10 86 85 89 17 21 87 85 68 65 84 36 95 3 32 96 39 47 91 83 67 51 45 11 76 47 7 37 34 85 69 19 92 39 54 34 9 54 24 7 79 7 4 36 23 18 13 26 96 49 91 19 8
42 52 88 86 52 74 69 18 35 47 29 77 58 43 68 33 100 99 71 10 91 28 87 12 34 73 79 94 69 81 95 9 2 97 30 25 80 53 30 54 56 73 56 33 18 4 21 1 93 44 98 66 95 10 55 39 25 1 65 7 47 47 96 25 25 20 21 86 83 1 65 34 10 74 6 62 57 2 54 96
11 58 37 59 11 95 6 49 23 38 64 76 28 16 11 14 17 95 56 90 99 65 95 8 64 65 81 49 70 78 60 91 12 34 46 81 12 59 81 30 89 79 80 34 84 72 32 71 100 75 52 92 21 31 36 19 93 1 35 84 81 78 41 80 59 8 88 9 36 41 11 2 41 30 28 30 47 98 2 16
17 11 63 71 39 49 58 38 34 2 37 59 61 48 98 39 72 40 91 42 31 47 38 42 84 95 56 96 74 56 38 22 25 2 8 8 48 58 73 96 33 44 6 12 71 99 78 39 36 21 99 66 70 80 21 65 38 97 88 46 14 11 11 65 36 60 67 16 7 19 36 50 62 68 100 9 60 9 13 84
