50
4
45 60 18 67 85 3 90 11 49 49 87 1 35 7 26 30 98 49 54 50 10 27 95 72 80 94 32 66 70 49 49 59 91 36 44 86 71 77 26 93 99 54 82 77 14 88 83 3 48 17
73 84 60 90 2 83 39 81 8 94 70 56 97 88 73 98 59 98 35 61 28 26 78 68 57 85 18 94 41 19 23 79 60 94 93 24 75 84 56 89 84 32 41 61 81 2 75 63 40 43
100 84 32 44 78 7 68 61 43 74 47 2 27 36 30 79 20 34 61 59 15 89 32 37 84 91 53 78 36 89 21 76 22 89 25 10 86 6 97 36 23 29 51 12 42 74 80 62 12 51
77 56 73 10 5 22 31 45 79 74 66 15 39 97 91 68 4 20 86 23 64 79 55 92 16 86 12 83 49 24 45 43 54 64 50 96 14 22 89 47 69 34 12 20 20 24 73 4 41 70
61 52 80 55 70 1 8 46 62 41 3 2 95 82 56 64 97 78 4 4 68 41 39 94 19 77 36 66 17 4 24 78 14 65 70 99 53 82 1 67 29 33 84 51 51 59 21 86 76 55
61 11 3 68 69 12 66 34 6 84 14 41 50 34 14 87 88 63 22 65 91 15 65 77 49 51 93 84 56 29 42 72 80 91 73 88 49 83 78 23 17 55 67 28 34 35 68 56 9 17
37 58 24 5 9 56 22 94 30 7 32 55 83 4 44 67 26 85 43 44 9 20 61 69 62 54 63 57 75 51 1 72 2 43 1 50 62 34 18 7 35 97 34 33 79 8 1 3 81 66
99 13 22 17 49 86 82 11 87 24 23 71 10 99 67 95 66 41 33 22 15 9 72 79 70 23 2 12 99 73 98 10 60 77 92 80 59 83 75 74 48 54 38 47 49 11 25 9 17 50
73 86 1 30 39 60 4 81 84 52 13 26 75 23 60 72 68 92 29 33 56 44 31 15 72 5 63 7 86 39 68 73 60 18 52 44 99 69 58 23 66 21 70 14 88 2 85 29 85 52
63 93 81 42 99 62 54 5 46 95 98 45 52 23 20 30 94 92 35 95 10 76 16 47 89 90 45 61 2 98 92 77 65 32 96 7 51 18 51 75 75 87 85 32 58 78 83 35 68 86
62 34 60 100 86 6 24 7 84 28 28 35 60 7 38 23 2 84 60 81 74 10 63 74 50 29 28 24 42 40 86 9 37 10 28 35 76 86 32 28 17 25 45 89 87 33 30 41 50 82
94 34 71 98 13 89 19 17 44 65 3 31 91 16 72 41 71 53 53 16 57 16 7 16 100 23 53 27 100 86 85 100 74 97 91 23 41 67 2 12 61 63 32 13 77 44 44 14 45 83
30 45 85 50 79 88 69 73 95 27 9 64 60 80 72 52 59 80 91 70 1 22 28 18 75 2 33 72 97 26 37 63 80 97 72 7 52 45 70 53 38 46 79 55 51 80 13 17 57 29
11 90 88 30 67 81 80 14 63 92 39 81 90 52 3 16 36 17 31 3 25 50 99 86 70 26 57 24 34 18 89 44 99 71 33 69 62 60 69 18 47 71 48 52 71 60 50 100 93 4
2 52 90 3 17 73 21 70 82 20 28 60 89 70 54 2 89 24 47 48 14 28 80 9 90 45 98 7 61 2 26 9 73 8 64 26 46 31 91 19 28 33 8 98 25 52 39 9 50 22
20 95 56 73 36 83 12 89 38 61 74 20 70 66 90 68 95 16 77 61 22 5 44 75 17 37 47 90 24 52 41 44 41 45 8 30 19 51 45 9 11 89 87 92 89 58 56 94 8 21
59 6 16 95 79 61 17 13 52 11 80 98 36 33 35 51 42 58 65 9 91 64 3 72 39 84 99 85 44 93 16 35 100 94 43 31 11 79 25 65 62 25 45 73 18 55 76 7 74 24
95 94 50 43 50 78 76 92 98 58 31 96 76 31 100 76 46 36 61 18 6 98 9 61 89 95 72 41 61 60 55 8 4 18 15 82 32 97 76 54 82 48 29 92 35 15 45 46 17 77
11 34 43 21 76 16 25 82 47 35 97 79 23 94 80 2 24 76 46 58 83 36 43 9 4 95 94 66 90 55 13 97 38 66 55 90 35 49 23 55 43 97 16 1 68 73 87 63 23 68
71 62 47 99 42 41 28 63 25 90 72 33 93 63 9 11 15 43 24 15 75 74 74 27 61 30 19 47 6 23 45 99 79 46 15 72 50 88 79 41 43 80 22 37 69 82 60 60 17 100
15 95 93 92 83 86 70 29 42 65 44 13 6 65 6 19 53 10 34 97 64 37 3 46 14 36 41 23 73 73 55 71 18 79 26 18 71 2 37 45 29 60 82 40 1 4 63 92 45 90
29 98 9 70 46 3 92 23 40 100 10 29 12 81 69 97 88 81 85 98 65 54 63 10 67 64 74 35 39 21 46 62 27 64 74 12 100 51 66 7 67 81 30 89 1 49 69 69 93 88
21 5 2 35 51 52 29 73 56 13 97 51 24 47 60 33 3 65 23 95 45 36 76 10 73 71 61 24 25 70 68 42 3 80 26 61 28 39 85 32 100 61 60 26 76 25 87 21 79 44
44 96 35 26 30 66 66 78 60 40 3 82 28 7 86 35 59 55 36 84 8 25 85 43 5 83 21 61 52 8 44 63 84 9 19 44 15 98 18 62 61 96 31 31 31 21 30 95 15 14
6 69 31 53 50 33 67 19 79 92 3 8 70 7 71 45 26 56 14 52 83 79 10 21 15 98 10 82 10 82 45 15 23 31 87 13 41 42 18 61 36 36 70 65 65 85 16 25 64 93
45 71 67 34 24 86 1 83 61 3 41 41 23 36 78 40 50 79 29 4 45 28 57 19 3 5 73 74 5 33 53 83 15 89 22 48 5 66 92 20 1 28 6 77 55 25 66 29 73 81
87 87 19 94 20 8 33 79 58 44 16 57 15 30 30 47 38 11 63 15 62 40 52 35 61 67 90 14 62 80 61 87 92 80 23 19 19 75 89 54 54 75 53 69 61 82 73 28 60 84
44 65 11 65 3 21 7 45 29 92 42 59 43 68 31 94 46 28 41 55 15 52 40 95 53 6 64 63 84 79 34 77 14 9 36 11 10 7 86 5 44 92 51 96 30 93 46 80 37 77
5 58 23 38 26 23 23 91 34 66 2 76 79 12 7 64 91 95 6 23 24 32 67 42 44 48 34 60 57 67 47 56 11 72 38 71 53 6 79 62 92 83 74 98 92 76 84 78 79 35
51 53 63 26 91 31 53 39 91 65 94 33 79 91 6 14 56 17 34 59 63 86 71 71 86 43 69 88 98 23 43 67 32 54 67 2 13 37 47 18 27 1 41 82 47 95 33 19 73 37
65 73 49 44 87 56 10 22 62 18 58 88 15 73 81 19 75 53 92 11 82 91 47 37 78 21 18 80 73 100 60 65 58 33 94 96 30 3 100 7 22 71 56 23 79 38 12 19 1 72
34 4 51 68 30 92 11 45 58 100 44 9 88 11 73 77 100 74 58 52 40 97 99 100 42 32 66 29 23 26 82 78 12 40 61 33 96 34 37 31 81 1 98 86 97 5 22 70 1 48
88 93 83 34 47 65 7 74 42 38 98 64 81 20 47 98 29 50 65 49 49 42 75 92 88 18 39 13 79 72 70 5 6 66 43 41 10 90 25 88 59 4 57 16 20 10 78 83 15 71
75 70 100 72 17 75 59 73 25 56 90 53 4 17 78 26 56 37 97 29 39 5 89 58 2 24 55 41 23 75 59 3 100 17 30 47 73 31 99 69 49 17 66 50 73 84 7 12 81 29
80 30 45 54 29 83 72 26 44 3 78 81 67 36 34 42 6 52 48 20 70 96 84 100 97 2 2 66 79 42 59 49 1 73 61 91 23 75 6 4 85 89 13 98 87 46 18 18 55 74
30 42 15 34 68 20 38 43 53 33 4 86 98 15 8 22 6 55 4 64 67 35 10 65 54 37 61 57 55 11 54 48 9 4 99 21 58 73 5 99 39 53 58 57 20 100 13 32 52 44
74 79 28 86 36 85 46 14 28 56 41 28 56 82 71 32 42 46 2 23 98 85 95 12 18 73 85 55 43 6 94 17 33 87 82 66 58 66 87 37 6 56 97 81 15 28 81 23 99 4
75 16 71 6 45 93 98 77 72 47 18 48 78 85 48 17 77 25 8 94 100 27 83 57 84 91 25 86 5 55 42 63 72 90 51 96 73 86 28 23 100 21 60 46 9 50 2 17 70 83
53 69 58 66 66 45 15 63 90 42 21 80 31 90 94 19 73 28 24 75 74 65 98 4 5 21 81 1 51 14 94 38 25 65 67 88 44 24 16 31 32 4 70 70 97 21 55 8 79 80
9 73 80 62 46 64 72 33 48 26 91 54 4 91 13 81 44 87 10 14 47 81 95 59 16 71 44 85 4 22 81 56 29 4 20 28 45 44 95 47 15 3 88 15 6 30 76 47 70 80
94 26 28 33 37 66 15 47 31 97 35 35 60 80 31 8 90 98 13 8 2 76 93 35 27 15 21 71 84 53 20 13 45 92 24 29 74 19 57 75 31 5 62 71 46 6 84 85 44 17
9 7 48 88 90 9 93 11 35 64 22 27 17 43 69 13 53 28 59 69 61 44 27 41 2 28 28 23 84 2 45 78 12 49 95 34 50 98 61 27 95 7 33 99 23 32 4 35 81 91
7 79 6 99 42 3 88 86 60 40 40 37 12 27 48 81 80 42 19 21 60 70 20 64 21 100 14 9 14 78 28 53 69 48 73 9 97 26 10 12 89 74 10 77 58 64 34 3 78 48
21 16 80 72 30 90 85 11 87 99 42 80 58 46 17 77 65 98 87 69 22 99 38 77 46 61 4 42 52 98 79 43 86 62 26 26 7 47 54 51 60 13 85 3 49 17 99 1 36 61
67 81 98 11 76 48 36 54 56 30 3 79 29 1 81 40 10 8 7 71 33 46 73 27 73 57 44 23 98 53 92 93 57 98 20 64 6 72 99 37 90 78 20 41 46 96 36 91 48 79
41 99 28 41 30 24 100 76 27 20 97 92 21 65 29 69 9 75 28 34 90 56 73 97 35 70 91 34 21 28 7 83 36 54 74 24 90 64 86 35 95 48 45 25 26 76 63 37 2 94
25 17 28 90 65 98 23 90 19 79 12 96 7 56 83 42 70 92 69 51 12 72 24 44 86 84 16 56 6 88 28 51 20 7 60 76 23 91 60 72 68 23 56 54 82 55 7 73 30 25
12 13 28 7 2 86 9 8 51 25 100 16 9 16 6 44 62 92 13 25 5 55 50 86 54 30 11 74 26 59 8 18 81 51 55 59 88 88 58 84 9 11 50 92 77 86 60 62 82 49
51 60 2 58 45 6 57 70 42 45 51 50 65 35 9 28 83 99 64 32 47 91 51 99 39 63 98 3 9 56 40 96 96 64 53 87 60 58 88 39 26 24 54 38 33 84 63 85 51 82
67 5 38 46 24 19 51 96 31 25 88 71 46 40 28 78 99 80 78 49 97 72 39 4 28 48 54 79 57 35 62 64 52 7 79 3 95 44 28 12 49 88 9 22 9 79 94 95 59 59
11 36 97 98 67 75 17 65 50 24 26 24 99 98 52 83 50 29 89 100 64 7 46 54 28 88 19 25 17 51 81 88 79 58 29 31 74 78 94 15 89 2 37 35 12 11 45 42 25 81
24 82 35 10 39 71 5 37 3 49 52 65 99 1 13 65 2 31 91 52 56 10 90 62 75 67 65 63 65 18 74 62 78 100 20 37 59 23 75 88 47 7 72 48 82 32 44 33 82 63
16 44 93 21 10 64 17 19 48 75 30 39 98 51 69 3 29 7 83 3 27 97 77 48 12 85 71 50 58 83 84 8 54 76 18 72 76 66 12 32 23 51 99 33 27 39 40 31 86 66
79 39 44 56 2 11 33 88 59 23 96 66 16 70 76 11 80 47 83 44 77 84 8 57 94 100 88 78 5 53 21 92 9 90 74 61 43 61 24 78 25 7 70 3 99 75 78 63 66 21
42 37 21 80 53 45 25 39 92 100 12 14 59 74 9 72 78 90 46 16 55 11 68 29 5 59 8 69 78 29 48 11 58 51 87 79 34 1 77 87 70 22 72 90 19 56 39 95 72 53
22 27 6 15 8 65 43 7 45 35 63 85 61 41 73 95 66 89 37 49 22 62 49 48 55 26 84 97 34 12 39 81 77 90 88 72 24 38 21 97 15 91 19 24 81 5 29 28 68 62
2 50 22 30 22 92 47 97 87 30 70 23 73 25 60 68 63 90 8 77 19 18 75 59 60 24 53 98 69 41 52 92 7 48 24 69 52 75 68 31 47 36 61 55 18 23 98 97 48 82
64 100 99 69 97 90 81 30 54 27 40 16 76 40 61 63 98 57 16 25 62 13 5 99 22 91 13 46 29 23 48 19 21 34 83 16 85 92 10 86 86 78 28 30 91 100 18 31 66 56
59 29 2 99 51 13 98 44 56 44 20 45 75 8 67 66 18 43 64 11 78 36 90 81 19 97 31 28 47 84 95 38 29 87 22 54 61 84 14 10 34 61 18 96 79 73 67 69 11 25
25 31 28 76 45 3 64 22 27 97 1 97 18 52 60 79 30 81 25 12 27 83 28 95 75 49 37 55 65 15 83 41 73 48 74 33 30 5 28 46 16 95 3 29 96 80 97 54 11 49
71 89 73 23 41 46 54 20 44 26 7 46 9 58 79 69 11 33 54 53 9 70 48 11 69 4 28 85 95 21 71 53 82 25 29 86 91 4 42 27 5 62 27 4 64 92 63 86 3 37
92 62 18 46 99 97 56 77 98 43 16 78 32 87 9 99 24 20 24 99 78 35 84 10 37 23 90 46 15 15 39 35 37 21 4 52 37 94 89 75 68 32 84 80 34 36 95 21 43 9
77 24 18 90 8 90 82 93 75 77 72 20 66 15 43 87 11 81 14 64 23 63 61 39 73 54 32 18 22 26 65 60 43 31 8 92 81 67 84 57 50 18 6 35 66 7 56 67 12 65
22 100 78 82 71 17 3 6 78 78 98 12 20 21 67 59 44 46 78 68 16 80 6 29 48 9 77 58 77 6 89 2 87 43 15 3 87 78 35 30 96 10 82 95 40 91 99 92 99 15
28 38 85 23 15 28 26 54 31 4 89 88 17 51 16 26 58 62 61 100 97 20 69 23 95 16 85 12 32 85 42 96 100 81 63 26 55 38 96 85 48 71 56 49 47 14 88 32 2 82
95 33 98 26 96 77 46 100 5 100 83 10 20 11 57 38 28 23 67 86 84 57 79 18 69 16 70 4 89 27 3 59 47 36 57 72 24 27 34 1 86 81 15 67 82 6 91 65 5 17
17 21 76 37 28 16 70 70 87 44 71 41 38 33 70 65 70 5 94 12 8 41 54 52 94 32 55 70 79 72 83 57 5 10 31 20 53 98 54 4 96 37 71 28 20 100 68 78 41 66
69 57 49 38 15 90 35 47 1 19 99 62 66 40 62 49 92 35 40 47 100 82 37 53 78 22 73 63 26 45 71 51 87 63 92 73 93 29 28 53 98 76 14 89 51 5 36 5 97 12
76 59 73 65 57 31 13 32 6 1 56 50 41 48 78 28 97 81 37 70 52 57 5 96 31 22 82 62 87 76 97 1 9 15 49 2 4 35 1 18 98 94 55 95 53 24 70 7 34 14
83 55 71 16 11 20 11 28 56 13 77 66 41 90 21 56 68 31 34 10 12 14 49 29 24 67 8 23 63 39 43 12 57 52 26 52 68 3 1 45 16 24 67 15 34 77 6 51 36 14
63 13 4 94 50 22 79 31 24 99 32 5 76 80 97 94 39 56 68 95 46 83 80 41 64 6 62 41 22 85 61 58 32 34 62 91 35 28 3 28 15 61 7 67 6 60 13 25 1 96
58 30 69 78 41 73 68 39 29 25 95 90 23 85 26 3 7 22 31 5 74 86 55 75 73 79 92 59 80 45 45 26 38 72 51 97 50 22 71 90 13 68 61 95 20 76 11 33 82 54
3 34 23 46 51 58 59 2 69 98 15 81 3 100 30 40 37 44 17 29 43 13 81 3 55 53 37 56 87 85 53 14 63 78 68 69 4 99 78 100 46 76 68 15 71 89 56 56 84 9
33 43 91 31 98 39 51 32 2 31 48 51 75 4 7 86 85 13 62 19 20 91 59 58 17 65 7 74 87 39 7 37 59 16 25 67 88 85 60 81 73 13 7 42 67 89 6 100 64 85
22 53 97 22 95 77 66 72 37 58 94 60 64 46 4 62 40 32 31 43 60 63 37 81 23 88 24 65 22 88 38 50 65 54 16 83 87 55 95 71 28 87 53 72 54 28 49 35 42 95
23 87 13 27 77 36 49 58 95 75 97 60 20 80 23 23 42 45 9 61 9 20 80 74 27 63 53 76 10 89 82 40 58 62 40 3 19 16 15 1 2 71 54 20 31 61 9 82 71 33
58 88 12 69 6 80 57 90 1 67 79 30 44 73 98 15 8 94 86 16 10 69 61 34 40 31 70 67 100 35 80 5 50 88 38 3 45 58 87 74 49 55 19 78 36 48 15 60 91 95
31 94 99 32 49 4 90 10 86 29 93 16 88 40 63 78 18 98 90 5 80 80 11 61 54 6 49 58 75 4 84 33 60 33 20 76 55 30 28 99 42 94 70 22 95 39 4 77 76 72
26 35 62 94 83 2 35 66 34 24 93 9 27 49 99 24 20 87 86 21 9 66 75 31 38 92 8 42 85 48 13 82 79 39 13 65 9 30 65 63 33 53 31 73 63 86 43 48 75 63
63 38 80 73 12 99 85 35 2 51 89 33 11 75 18 1 62 21 11 5 27 65 82 11 46 58 2 53 39 96 43 39 70 57 10 94 26 2 3 68 79 71 37 17 54 99 38 19 2 68
92 51 97 20 44 29 30 62 67 37 23 67 21 16 89 52 38 59 46 90 3 75 72 22 11 51 93 18 83 10 47 65 79 34 87 91 82 76 81 93 49 58 93 10 85 50 36 85 44 27
17 86 20 27 41 8 93 79 28 42 70 90 25 32 58 54 94 19 35 15 49 25 28 73 66 21 31 20 96 71 58 94 10 54 4 24 58 33 45 92 36 8 45 61 10 27 32 77 11 56
33 23 79 58 87 58 18 94 56 54 9 72 47 96 96 19 22 9 10 23 7 41 60 7 38 36 88 99 20 11 16 82 20 70 60 44 56 55 70 50 20 78 42 10 9 31 22 42 22 69
12 65 76 1 14 85 87 10 24 20 10 25 62 41 89 7 13 15 32 52 62 95 38 84 44 35 22 99 32 46 10 80 50 96 72 63 5 93 52 64 18 78 4 60 14 65 92 60 44 20
10 14 25 5 83 15 13 53 61 53 37 25 48 86 33 92 87 19 5 9 76 75 1 47 54 68 53 28 21 22 90 10 80 95 14 93 70 42 38 30 30 73 1 62 80 62 23 62 50 83
96 83 21 1 65 94 14 54 31 88 74 76 9 84 25 18 64 10 80 29 45 3 27 77 52 80 64 30 77 7 8 70 70 54 55 95 96 11 55 47 19 22 9 30 32 97 45 33 81 26
80 50 12 29 100 80 99 83 31 59 94 24 50 95 76 41 82 59 16 49 39 41 40 36 95 20 1 59 99 88 46 66 44 61 8 91 32 5 51 4 12 69 18 82 76 72 59 96 72 78
92 15 56 92 49 42 72 71 26 62 41 73 1 17 70 79 49 10 46 17 31 91 12 85 73 4 1 52 58 46 82 100 82 32 4 27 66 53 88 39 54 22 58 62 52 52 65 92 7 96
60 18 13 57 96 62 30 79 14 48 29 40 20 21 61 39 21 23 80 66 37 69 80 74 25 28 44 3 19 31 59 95 9 46 21 35 82 11 42 71 16 77 78 47 84 38 38 90 19 56
67 98 27 86 72 54 13 59 6 35 5 90 9 89 35 19 75 2 41 91 96 67 81 75 88 27 35 19 90 19 37 12 69 3 65 22 98 24 93 35 50 60 100 55 5 53 67 44 11 95
3 89 47 7 21 58 20 50 11 84 31 51 73 1 35 81 55 56 52 15 32 86 77 16 52 4 36 72 52 83 97 25 99 3 41 60 38 91 14 74 7 67 48 10 12 59 60 54 9 46
17 10 62 78 68 32 92 51 6 22 69 49 56 43 24 5 12 49 25 26 76 4 95 81 27 53 32 75 72 58 41 11 72 95 97 95 54 79 92 14 39 80 5 24 37 43 57 75 3 90
53 27 58 72 88 36 40 10 10 29 4 44 24 36 83 27 30 97 73 86 56 45 84 80 82 28 78 66 90 39 9 28 91 90 94 47 87 82 11 85 25 25 62 92 79 68 66 52 20 16
30 6 79 44 32 59 39 54 66 68 76 1 21 26 5 19 1 85 73 51 8 29 89 47 93 17 37 17 40 4 70 59 34 30 38 13 33 36 61 4 15 19 21 41 83 30 22 17 100 98
27 34 58 4 22 82 14 32 47 63 25 59 53 91 10 34 86 81 2 84 78 26 89 94 53 65 64 53 44 16 71 79 42 16 53 7 27 87 46 77 39 72 44 15 40 70 45 95 42 17
3 22 3 5 87 86 86 29 28 14 25 64 33 56 46 6 80 59 14 45 70 86 26 68 80 45 61 70 2 62 100 31 17 43 71 54 27 23 75 94 10 2 12 29 71 83 63 87 10 30
34 98 78 67 13 56 60 41 59 74 73 41 22 2 22 43 57 50 78 70 89 29 39 77 94 37 67 24 29 71 31 63 19 21 62 4 48 82 77 48 87 95 13 60 89 68 14 80 39 4
53 61 86 24 4 63 44 14 32 62 97 54 78 20 24 67 56 70 14 32 65 40 13 41 28 40 4 55 98 53 37 46 96 32 25 50 30 88 1 23 97 8 84 10 90 55 33 98 16 22
69 83 91 43 4 75 16 9 91 4 89 17 47 46 35 24 58 65 5 14 99 3 59 93 20 85 99 14 87 18 51 34 88 87 23 63 100 27 33 30 83 24 45 75 1 86 35 50 70 87
57 73 80 84 49 6 66 29 3 41 6 81 63 26 14 17 83 89 42 68 29 76 35 64 89 82 66 6 76 20 47 41 77 98 99 64 8 53 3 61 31 73 62 77 29 47 96 50 7 20
62 17 27 29 77 23 62 92 94 83 37 60 79 76 13 66 48 33 49 39 86 14 29 14 85 56 51 27 42 96 50 72 94 35 70 100 27 87 15 27 55 40 30 69 91 76 32 42 70 43
98 66 19 10 66 29 8 73 11 12 37 48 19 77 84 56 30 97 47 26 89 60 48 93 35 56 84 30 8 36 38 37 48 53 90 57 11 69 72 92 33 91 28 62 29 86 36 68 56 64
55 3 81 62 33 6 97 35 41 61 18 7 89 62 92 58 59 78 69 74 15 17 12 1 45 8 7 98 1 98 79 4 37 65 25 15 2 62 88 51 9 25 63 55 17 82 76 83 98 10
68 35 66 44 71 74 39 47 94 31 12 50 56 17 66 92 85 39 28 85 95 15 20 25 47 78 82 40 92 89 52 93 59 70 20 93 24 71 44 100 24 9 80 60 92 37 30 36 73 31
35 63 59 12 58 49 18 13 30 16 63 100 47 36 15 37 89 83 70 48 69 93 95 87 51 39 10 34 91 40 94 34 10 69 10 95 98 60 30 21 14 64 46 4 76 79 63 34 48 20
90 84 61 61 93 17 89 98 86 13 69 52 17 58 91 17 33 96 66 67 53 72 38 69 19 52 25 78 31 80 35 96 45 55 41 76 77 32 10 23 46 88 96 37 72 50 74 62 80 81
98 95 85 64 31 34 58 80 95 46 90 58 29 1 20 11 31 76 56 51 66 68 48 46 67 5 16 35 17 15 5 48 11 80 12 83 39 94 11 17 85 70 90 57 47 60 87 12 71 21
12 61 35 56 40 59 45 9 18 62 91 80 34 74 57 85 40 17 56 7 24 13 6 9 59 98 54 7 1 64 71 5 93 40 84 3 90 50 10 2 46 73 31 17 6 87 57 60 82 32
70 12 55 28 59 95 39 24 48 77 40 78 99 93 22 45 43 64 30 95 24 31 99 100 9 87 23 20 23 23 51 11 72 15 96 42 29 5 70 57 99 54 47 36 63 8 12 35 57 34
3 48 89 86 88 70 31 47 62 62 83 14 38 16 82 75 45 56 52 95 79 50 13 28 37 95 90 40 5 65 61 29 26 13 35 99 7 69 73 77 62 24 70 34 24 16 76 33 37 6
41 5 32 75 43 54 44 62 9 42 84 93 15 12 45 90 60 14 88 38 91 30 43 70 45 55 83 70 91 32 64 12 70 17 2 74 67 20 59 24 18 62 28 56 31 82 57 23 11 17
48 75 99 84 34 82 34 45 47 41 53 25 49 38 84 95 89 98 3 94 96 29 53 38 72 51 99 12 43 4 82 42 90 4 62 5 42 53 61 67 61 49 82 55 99 6 81 84 99 82
48 72 86 36 17 87 71 76 58 27 4 100 27 68 49 26 3 23 84 2 81 57 76 44 69 71 87 22 23 63 75 32 84 7 19 48 48 45 85 19 39 10 5 56 27 73 14 92 69 80
31 26 5 21 62 48 83 66 66 50 47 90 25 78 87 77 63 16 72 17 66 32 73 8 90 30 31 1 29 45 39 8 30 40 21 65 16 47 13 14 48 52 25 59 33 2 56 28 95 71
29 29 54 47 33 33 7 82 66 89 83 99 45 16 96 19 34 3 16 14 13 53 85 16 81 18 39 25 46 94 84 30 56 43 36 93 96 39 79 1 85 2 100 20 80 54 69 86 2 69
36 86 11 63 95 73 20 96 54 48 23 49 99 98 93 81 33 94 17 50 24 19 27 49 24 12 71 55 88 28 56 40 1 81 58 45 50 64 24 46 31 63 81 70 80 70 80 44 92 80
91 16 20 81 66 28 16 55 11 7 32 45 55 34 18 14 3 39 41 15 30 14 29 51 86 4 68 71 56 59 73 31 8 54 89 46 6 63 100 68 76 80 7 86 2 57 94 91 95 39
94 77 87 26 51 35 46 2 15 86 21 84 10 48 36 27 42 96 48 75 43 18 11 90 95 96 4 44 22 39 80 37 90 50 18 44 21 85 49 4 84 35 85 79 62 73 69 45 18 96
84 44 1 79 91 34 23 28 84 5 93 51 5 91 91 60 90 26 30 30 99 50 29 80 98 88 32 17 43 54 52 39 13 31 32 68 3 96 68 15 70 74 96 52 41 97 77 53 37 54
90 74 27 1 24 50 12 31 14 32 52 60 38 25 83 4 4 93 90 32 5 34 86 80 87 1 11 39 11 18 30 1 5 29 88 93 22 13 2 76 7 31 1 30 31 6 53 67 44 15
98 18 63 81 17 17 3 84 2 70 54 69 61 55 2 97 18 15 65 6 84 65 92 17 25 3 84 24 22 86 98 51 65 48 26 3 23 44 61 31 40 4 96 45 32 25 46 27 69 41
30 85 33 46 63 33 55 66 89 30 51 76 10 57 85 96 40 92 14 34 31 45 52 85 82 40 91 70 20 30 55 13 37 98 37 67 33 16 90 45 24 76 33 30 74 3 43 52 30 22
81 51 31 9 69 61 29 91 70 14 41 63 58 15 62 16 5 95 83 76 5 38 5 76 64 16 81 4 61 54 72 51 77 39 35 5 54 95 60 79 1 75 99 66 41 37 74 54 36 5
45 19 2 74 2 5 46 9 14 99 49 11 80 31 94 94 71 95 100 51 79 95 73 24 12 74 30 4 80 55 47 1 20 13 71 68 63 46 86 53 61 10 58 99 21 52 76 50 71 76
53 75 93 1 34 34 64 58 63 68 52 61 98 89 6 96 61 20 64 26 34 95 33 3 14 43 9 19 75 63 28 57 32 76 12 90 37 100 84 19 91 26 6 86 75 86 4 76 68 41
90 91 50 69 54 33 74 57 76 48 32 23 100 97 96 33 40 76 19 64 69 59 33 56 39 64 94 56 93 84 90 85 32 18 79 87 15 8 19 4 16 44 83 36 27 96 46 4 50 73
30 8 53 57 49 36 11 59 49 17 55 18 26 100 67 53 17 24 20 94 81 28 35 54 67 25 93 100 27 93 20 40 86 60 88 98 75 98 93 18 61 84 81 4 69 80 42 22 74 71
34 19 31 60 91 91 21 17 9 12 81 86 65 24 44 54 71 16 78 94 54 30 29 34 88 21 53 96 43 59 51 70 93 91 3 99 47 33 9 71 71 61 21 12 85 52 27 64 16 47
12 77 75 5 34 10 41 89 48 51 63 58 75 75 61 77 3 35 42 86 83 46 63 67 52 76 36 73 10 22 8 2 25 14 52 100 44 65 40 87 26 92 41 4 19 54 74 81 11 70
2 71 72 8 36 14 67 100 48 61 65 36 8 33 66 33 35 44 72 20 2 50 95 18 90 100 99 74 54 25 88 7 69 48 57 26 3 60 25 14 33 43 63 63 66 4 29 18 64 65
92 2 4 16 31 42 59 27 53 5 89 64 41 97 76 48 66 92 52 88 3 13 19 71 60 57 23 51 46 35 22 62 5 10 90 54 12 68 40 15 52 21 50 75 47 5 85 58 50 77
91 29 20 10 87 4 76 5 76 74 95 49 96 85 59 61 40 38 92 74 87 2 2 58 54 84 16 92 31 58 69 84 13 17 90 57 59 30 80 44 12 85 76 87 49 32 93 48 29 78
71 70 85 33 65 98 34 48 100 76 38 29 45 70 40 50 66 40 99 69 53 41 94 55 71 85 96 90 1 38 94 45 91 52 58 40 4 48 80 74 45 37 4 42 91 78 93 33 90 5
88 66 79 84 96 3 55 71 76 67 64 65 88 30 43 88 52 30 99 61 1 69 74 20 15 96 48 4 3 33 41 87 75 30 48 51 41 43 24 18 91 61 58 13 37 77 52 46 33 34
25 61 98 51 41 51 98 39 1 19 27 57 18 37 26 48 14 83 34 16 19 49 7 19 27 68 26 16 35 4 60 68 5 26 66 60 5 83 76 61 9 9 21 95 39 54 68 78 19 49
45 17 53 75 78 78 51 16 89 48 82 17 65 64 71 83 52 73 45 90 5 41 10 51 87 71 60 56 32 71 69 27 40 16 53 62 13 13 21 71 1 3 96 42 55 88 7 56 58 63
41 3 58 27 63 85 26 93 39 49 43 81 71 32 14 85 91 25 12 52 67 69 48 42 12 66 13 83 10 19 27 57 23 63 32 71 62 2 92 74 30 37 23 55 28 67 81 52 43 73
41 1 91 56 18 88 20 43 15 7 66 75 40 96 11 31 66 80 70 91 96 77 44 88 18 69 15 69 21 80 53 73 28 51 38 85 57 56 74 62 20 35 86 51 35 42 14 55 59 17
45 47 33 93 83 41 70 57 35 14 25 22 51 30 21 72 47 4 85 84 39 23 63 93 89 25 48 90 26 75 40 14 34 54 71 67 96 21 19 33 37 18 47 85 29 43 39 81 13 65
4 32 77 30 1 53 44 97 62 72 2 16 96 24 37 83 87 66 62 92 68 24 22 23 19 70 79 97 30 74 96 71 8 47 40 52 36 45 37 91 45 70 73 26 15 22 19 48 80 2
54 93 69 5 64 50 43 14 26 13 48 4 74 20 2 16 61 26 63 10 43 41 90 40 53 19 94 20 62 16 27 88 45 21 84 7 89 64 25 71 62 30 41 21 68 32 22 92 81 13
2 35 54 17 95 91 60 67 14 57 61 72 88 45 75 29 6 79 70 89 32 59 27 58 80 81 97 78 34 13 12 91 41 10 21 23 52 75 82 88 39 48 88 53 97 76 54 97 30 37
11 40 28 92 91 8 58 70 56 28 33 50 44 95 9 65 43 3 50 12 1 30 20 36 94 16 56 5 93 92 20 68 7 26 86 35 73 53 14 97 56 18 46 19 10 53 35 20 100 69
63 85 12 51 50 22 87 64 82 55 91 6 16 71 1 40 92 7 36 92 56 9 30 5 90 92 14 98 91 1 94 58 19 55 4 69 50 72 45 72 57 21 25 70 6 6 6 89 14 78
19 67 92 54 88 63 19 37 59 17 39 30 3 44 41 54 15 76 68 6 95 65 50 10 65 94 66 10 46 1 16 31 81 79 12 99 8 8 61 84 78 24 78 35 9 83 26 66 18 7
77 2 78 24 68 68 93 89 20 37 94 90 69 77 95 85 11 84 63 57 87 50 90 40 89 69 11 72 61 97 45 30 63 75 55 32 32 64 34 43 88 96 23 58 18 11 23 78 15 58
73 100 79 91 34 57 29 13 55 31 21 8 7 14 91 72 44 4 97 19 68 96 73 90 97 32 11 33 74 76 25 89 23 48 86 52 30 97 49 90 40 49 23 42 7 61 58 21 81 89
68 45 43 48 72 58 86 10 80 58 50 10 51 2 94 12 85 99 31 38 20 97 37 95 64 12 21 57 80 85 97 24 17 28 86 93 52 35 8 58 35 73 58 87 74 36 22 22 46 48
70 50 92 75 54 18 24 72 74 51 57 47 51 60 88 95 77 61 67 54 30 90 80 10 14 3 86 45 5 94 72 80 49 91 12 59 41 16 53 14 58 24 50 54 65 38 84 17 90 23
41 81 38 94 97 18 40 96 90 44 85 27 96 5 77 70 10 65 81 9 95 97 52 2 74 59 26 60 36 45 17 30 82 26 48 78 36 31 68 68 65 18 93 35 48 25 38 89 100 95
86 61 6 34 42 48 30 32 89 53 26 1 50 50 26 53 26 98 14 95 47 36 85 58 40 26 37 11 82 33 51 38 83 26 98 85 29 80 82 61 83 63 59 40 84 26 77 91 62 82
43 26 81 40 24 39 22 27 75 53 55 74 68 42 72 66 35 86 28 16 9 99 65 26 20 1 10 100 17 10 95 63 22 26 12 83 47 71 13 36 3 40 60 73 6 70 94 7 31 14
8 39 22 91 92 5 57 79 5 73 51 98 4 91 1 97 63 5 19 57 98 44 66 30 43 22 70 25 1 90 91 83 10 21 61 7 22 33 28 3 13 75 11 69 1 30 64 82 42 86
87 29 72 5 72 11 47 52 53 24 43 25 79 57 67 100 46 86 76 69 26 100 22 6 24 7 2 25 81 17 70 57 58 57 61 78 99 25 48 6 49 41 22 30 95 50 10 93 15 58
72 81 100 71 18 84 30 97 69 81 54 39 87 78 54 73 63 58 74 58 31 95 47 7 52 14 8 71 42 96 39 83 27 87 97 27 6 81 27 41 56 26 86 61 6 9 72 59 32 61
27 97 66 44 100 31 45 48 72 89 22 40 78 10 72 12 48 97 22 24 45 17 99 16 1 47 73 23 58 42 97 82 12 14 87 39 14 79 53 78 28 96 74 74 98 3 57 4 23 95
95 74 86 57 59 47 24 100 92 12 63 19 71 90 95 49 89 74 13 8 74 1 14 50 34 83 54 61 68 75 24 95 21 80 91 19 32 91 59 7 59 58 53 10 78 84 14 100 19 24
63 4 88 17 4 4 87 85 38 63 95 77 3 55 44 66 100 97 73 40 23 26 95 32 64 11 53 14 54 23 51 76 70 32 98 1 35 28 4 13 10 57 15 50 57 41 90 43 36 33
100 94 77 92 89 82 50 94 11 65 73 16 3 78 4 38 72 53 64 53 27 67 83 92 97 60 62 63 6 41 82 42 3 82 9 90 52 62 59 62 84 41 1 19 5 3 61 62 84 82
91 69 37 27 9 25 37 4 85 8 15 65 56 84 38 66 44 39 65 84 47 49 8 14 3 24 10 71 5 2 51 65 10 82 63 12 56 16 2 72 52 40 8 23 47 90 99 98 10 1
35 57 68 51 27 64 66 28 3 40 22 27 41 91 46 58 87 1 87 23 37 61 56 30 53 79 11 91 94 36 62 18 6 55 28 42 4 46 35 61 9 57 30 81 69 27 69 54 2 99
51 25 13 77 92 70 34 100 56 40 8 18 88 13 66 5 51 83 56 97 4 24 60 93 35 67 6 62 95 50 18 89 25 91 77 91 96 97 52 47 85 87 94 12 94 32 18 83 1 32
82 5 85 50 53 76 68 79 97 81 77 99 2 63 82 16 16 75 5 44 42 22 36 16 5 19 77 46 10 2 23 18 56 93 10 33 86 66 34 77 24 2 30 40 86 7 58 14 25 36
8 60 2 38 35 13 70 32 89 68 3 48 99 94 34 52 81 67 25 93 33 97 5 2 81 24 18 91 46 9 46 25 68 81 23 97 4 22 40 52 35 37 32 53 85 60 71 91 22 59
81 79 49 47 51 93 14 76 3 63 76 14 54 34 70 49 70 49 55 77 19 24 2 78 16 57 47 40 93 69 49 1 40 24 91 37 2 16 55 20 22 93 61 59 65 7 56 40 4 94
3 54 26 59 31 34 65 63 42 22 1 42 100 30 41 17 27 38 53 78 31 76 14 95 85 98 97 99 16 57 7 84 25 53 52 35 99 24 29 42 28 39 80 10 96 27 72 83 7 71
96 50 3 5 67 31 49 9 21 93 28 38 43 31 10 87 94 63 16 83 1 91 20 80 60 58 15 78 64 45 29 72 70 39 31 96 67 90 4 29 53 47 34 67 59 21 43 89 68 6
28 53 96 7 93 63 88 66 64 39 80 72 95 24 94 64 85 69 69 32 68 43 11 35 25 69 99 26 66 41 31 21 27 20 81 27 38 58 94 90 86 6 81 5 88 66 36 72 65 90
16 94 9 16 27 59 83 81 9 49 17 52 59 2 9 32 68 22 74 89 55 87 93 71 18 15 77 21 51 8 8 22 81 7 51 19 50 7 5 86 18 43 82 13 87 36 54 78 3 59
23 69 3 57 77 65 84 35 43 86 47 56 26 3 26 26 39 27 45 74 42 87 16 51 80 23 26 47 27 19 20 78 34 99 93 80 35 14 94 2 70 65 39 39 90 30 49 92 63 15
4 21 59 14 1 9 73 53 49 56 27 66 76 19 51 65 40 43 56 33 19 6 56 100 61 100 36 29 49 24 29 97 20 22 73 51 62 63 5 46 95 53 27 9 66 88 4 23 84 17
69 70 21 44 17 64 71 76 11 37 48 91 97 48 4 31 84 96 98 12 86 32 89 97 73 67 45 29 81 41 61 18 94 2 41 80 52 42 36 84 48 36 34 23 65 73 68 72 7 59
1 18 57 71 48 37 23 59 3 75 64 43 34 60 20 84 73 18 75 15 13 39 78 65 48 56 48 39 9 80 46 100 4 49 90 51 38 67 47 79 22 72 22 6 17 80 48 45 21 22
59 99 51 65 17 82 19 2 84 75 21 87 21 72 37 44 32 33 61 32 49 44 63 20 38 61 14 25 12 33 22 60 3 80 95 15 78 59 61 44 68 57 11 45 31 54 6 27 30 41
79 71 9 68 52 49 37 1 78 3 74 49 84 82 16 26 91 32 74 52 17 70 20 47 57 54 62 4 82 95 85 17 48 3 63 71 44 61 81 83 90 20 59 52 25 24 90 65 64 7
45 76 37 13 50 64 49 38 15 55 74 61 89 12 4 91 22 2 69 15 46 27 3 84 29 95 43 81 85 64 29 58 1 47 42 67 47 54 12 64 26 90 94 51 51 69 99 4 26 48
96 81 47 72 96 23 32 49 25 46 75 20 83 73 62 4 4 77 70 14 58 99 68 89 68 98 65 68 85 77 39 97 37 84 86 14 6 12 60 62 31 1 34 60 48 54 88 13 32 59
29 74 78 72 51 56 32 59 34 94 63 39 91 23 53 15 34 77 82 37 91 94 98 54 68 95 40 55 70 3 75 33 89 41 68 33 80 4 15 38 38 99 36 92 93 34 39 6 96 23
16 97 1 22 44 6 74 69 55 37 76 35 12 16 5 68 92 52 63 19 79 68 96 43 1 49 6 78 31 62 42 24 54 64 14 83 41 35 76 94 25 21 6 10 99 87 40 33 90 50
72 52 85 46 1 38 82 94 46 26 74 8 79 96 84 74 68 78 13 61 32 38 27 69 93 76 72 68 50 7 37 98 75 82 28 82 91 17 6 15 74 98 1 66 88 66 1 46 25 6
72 79 45 6 19 99 63 51 54 63 51 81 79 35 91 79 100 86 73 85 34 43 82 11 33 82 49 68 47 46 4 87 79 24 15 69 72 38 65 38 88 75 20 56 52 28 47 20 59 47
53 35 43 37 13 65 1 13 54 32 56 42 73 21 70 30 43 23 19 93 37 32 87 60 82 85 3 38 66 9 37 31 27 70 95 94 92 7 79 49 76 17 24 48 49 33 57 40 42 91
43 55 68 97 72 37 73 99 30 25 39 48 12 55 44 64 82 96 93 68 98 57 37 49 76 25 12 48 76 12 19 28 95 6 36 33 52 62 74 60 84 87 3 63 99 56 15 69 77 6
24 20 69 44 50 61 45 36 63 12 41 72 69 30 88 99 34 24 44 2 87 4 17 97 20 88 67 23 10 34 87 80 13 70 64 1 100 51 15 55 46 88 23 64 65 77 67 10 49 69
92 12 65 18 39 71 25 40 75 44 5 65 88 94 79 71 49 15 24 52 60 1 43 75 97 28 32 27 11 33 68 50 92 42 82 81 74 76 19 3 13 19 36 75 38 82 34 9 44 93
51 51 98 44 51 77 72 52 99 30 91 34 49 79 34 13 41 41 10 31 50 25 35 85 38 23 88 51 2 72 99 31 50 39 53 75 16 59 13 18 20 94 59 10 5 10 81 76 93 83
95 54 42 83 43 47 42 88 15 73 93 15 19 81 87 38 2 64 93 92 53 55 82 27 46 10 19 35 72 69 81 34 83 8 87 40 93 7 52 28 66 64 42 67 45 10 23 39 18 30
83 97 32 70 90 55 86 13 36 45 84 14 1 52 32 56 35 87 44 87 75 5 74 67 39 20 51 89 23 53 1 93 33 33 79 91 11 21 98 50 100 2 79 59 97 48 35 28 90 78
41 68 35 75 44 28 78 61 49 45 40 62 84 84 38 53 12 7 2 74 30 49 51 93 83 69 99 2 36 65 19 81 50 74 97 19 7 36 30 19 37 54 86 40 96 31 61 43 65 94
42 38 86 86 73 88 56 93 66 12 51 37 46 8 36 39 85 95 15 76 23 98 87 39 15 100 47 13 43 21 65 96 67 16 12 4 9 13 27 77 7 96 42 45 11 44 100 23 83 87
59 29 34 1 52 89 49 16 61 85 30 13 22 91 93 63 66 17 55 97 2 100 38 27 76 4 26 51 99 74 97 79 70 16 65 94 93 32 47 26 14 91 62 44 44 33 58 90 43 55
47 14 39 9 26 6 9 33 89 3 24 83 22 98 55 74 15 22 65 67 14 81 8 77 25 33 46 94 60 50 50 38 32 12 86 76 8 9 41 57 26 92 39 72 27 49 42 47 21 100
88 20 73 22 29 4 8 3 67 22 48 6 9 24 20 20 96 1 52 40 88 26 35 24 92 7 69 44 23 90 10 21 63 26 48 43 16 80 16 23 73 63 57 28 56 34 4 37 85 40
30 49 78 62 32 25 21 4 48 72 84 86 64 58 15 67 49 14 84 97 32 8 53 6 74 21 68 3 16 59 40 88 91 16 52 60 58 26 75 75 18 40 61 84 100 83 17 91 56 62
58 100 69 73 24 69 40 67 46 18 6 49 30 10 17 67 78 60 4 11 68 77 46 1 86 39 2 20 14 94 35 86 71 82 32 47 61 81 70 17 90 26 37 7 79 22 61 84 60 54
40 64 42 66 48 80 13 79 63 19 65 29 5 91 29 78 21 34 19 46 41 9 32 18 18 94 15 89 53 8 96 75 96 10 18 66 24 64 71 41 53 81 85 12 64 16 84 1 64 37
83 70 2 46 46 93 54 46 13 26 89 60 90 12 5 44 78 43 66 93 62 56 5 75 35 43 2 44 43 97 14 97 79 33 85 2 48 75 57 17 26 71 46 51 21 13 5 75 100 10
75 92 81 65 88 9 69 9 44 60 75 15 5 76 38 89 70 10 88 82 18 34 94 16 1 27 2 6 75 30 88 53 4 19 8 26 93 79 88 64 18 30 88 22 14 85 42 30 94 85
82 49 63 87 32 1 10 26 58 62 85 33 77 58 46 46 80 12 86 54 84 30 12 66 66 59 94 28 5 48 27 19 62 54 18 73 90 23 30 94 12 78 52 60 71 75 91 99 59 84
13 90 56 12 25 48 92 69 33 47 88 54 23 38 61 77 47 15 79 37 36 5 5 3 13 35 24 69 53 64 48 47 43 69 79 70 43 8 64 98 22 90 39 79 28 65 79 59 5 77
