45
4
18 89 86 29 41 70 86 20 70 71 32 94 41 72 66 91 83 58 15 10 2 84 66 41 9 4 79 97 27 80 90 93 50 75 89 83 76 57 86 42 7 19 64 10 100
22 1 31 31 40 30 84 1 39 3 47 70 77 90 10 78 63 79 97 45 82 53 31 65 30 52 80 35 13 27 93 34 27 62 67 69 32 20 44 12 37 68 34 7 89
62 13 100 19 93 72 87 76 4 59 25 84 87 71 80 22 93 72 57 93 63 77 20 60 4 60 93 97 33 26 9 83 47 35 73 65 62 21 83 70 50 25 64 81 53
52 44 61 40 26 47 8 19 63 85 89 49 29 96 31 1 27 79 6 69 67 53 18 95 88 44 69 9 84 9 99 26 31 58 23 74 40 36 86 77 69 67 89 54 64
53 17 81 45 69 14 1 98 8 21 50 44 31 84 4 16 83 28 99 92 45 53 57 67 90 90 81 70 98 40 53 22 99 32 76 67 29 83 64 26 14 27 62 9 88
42 84 36 83 16 1 73 27 10 48 37 22 66 64 72 42 45 63 55 8 21 25 29 88 57 3 36 58 16 99 47 30 67 83 44 46 78 32 29 87 18 72 21 76 81
100 66 26 32 88 97 85 33 60 5 37 57 8 56 41 17 83 55 14 11 63 52 71 91 52 56 67 42 66 20 37 91 13 12 83 42 28 8 82 82 76 14 11 51 41
63 15 5 43 19 32 9 16 93 90 79 81 58 57 13 12 53 59 36 1 31 57 22 69 5 94 14 71 90 86 97 86 80 52 92 15 51 8 48 55 50 64 14 1 77
43 51 44 33 55 75 27 13 31 81 28 97 18 57 53 68 16 53 44 71 67 3 68 31 23 40 41 43 34 7 20 19 4 59 99 82 60 28 8 64 78 71 64 45 67
42 1 9 62 68 90 52 53 57 49 88 84 43 96 55 78 74 86 2 84 47 28 45 3 92 29 24 66 16 82 72 83 24 32 42 22 65 93 15 2 19 82 65 91 68
80 32 77 71 18 13 71 95 65 26 35 7 64 10 90 12 91 42 77 24 92 3 95 62 9 16 92 37 14 7 58 27 27 32 59 24 82 62 93 18 85 52 25 65 37
73 89 52 10 39 43 24 60 40 36 61 68 64 60 25 36 15 92 48 3 54 35 14 68 66 4 83 80 12 52 43 89 29 55 84 91 63 23 37 58 96 91 21 90 76
85 87 47 9 54 42 79 4 92 72 62 26 30 100 53 2 10 17 18 43 28 90 49 54 51 69 8 95 85 27 34 34 35 70 99 50 20 63 55 42 16 38 68 92 29
100 90 18 59 94 24 73 15 66 42 89 4 87 4 13 66 44 14 78 77 63 52 82 58 94 56 60 28 12 53 53 61 6 74 51 27 16 79 56 18 24 99 77 52 86
64 68 1 59 93 5 85 29 62 33 7 16 19 91 7 16 97 12 13 63 74 27 21 50 83 82 87 52 57 68 60 58 75 91 68 5 61 30 67 81 50 76 28 78 7
96 92 14 96 57 46 27 45 13 55 12 37 25 90 60 97 50 31 41 13 63 56 53 47 28 15 74 32 94 26 77 85 94 99 16 1 99 45 53 33 24 60 33 95 29
17 34 5 34 28 34 69 84 4 29 48 26 37 78 80 46 60 19 33 78 83 3 81 37 14 61 52 56 61 39 25 23 82 15 97 71 34 89 4 67 81 42 55 96 33
93 71 2 92 41 76 8 55 4 70 92 57 57 81 85 40 74 27 65 98 31 49 76 36 74 2 56 22 70 28 98 27 73 81 82 14 28 2 81 9 10 35 99 76 35
83 56 9 45 19 95 56 55 68 47 35 53 44 18 55 39 70 55 64 42 83 80 16 45 6 39 18 25 19 27 91 14 95 81 21 94 37 94 31 8 70 95 16 9 59
57 9 72 92 28 76 8 100 22 53 91 50 3 67 3 79 86 68 97 95 64 96 17 42 79 36 49 6 33 84 90 46 90 88 50 20 50 90 80 59 36 78 3 81 69
15 19 98 54 60 41 92 16 22 89 12 96 17 56 79 17 13 63 25 9 37 33 94 35 9 50 27 95 80 72 44 72 88 92 55 76 46 43 20 88 35 88 6 30 29
27 69 29 18 72 55 32 57 30 86 74 71 5 32 44 38 34 92 40 37 24 29 17 81 32 81 100 2 50 3 76 98 2 29 24 23 94 79 78 29 77 37 3 87 99
56 16 58 37 97 1 30 42 80 35 59 47 12 2 49 64 8 33 19 15 49 40 8 80 50 90 4 84 92 34 77 68 70 87 90 63 31 24 1 63 77 50 75 24 75
53 91 40 57 36 28 70 16 76 3 45 82 9 6 1 96 88 72 2 62 57 27 1 38 91 70 48 7 46 95 44 81 25 52 27 13 33 21 66 49 45 90 37 10 39
64 2 83 100 68 25 78 43 43 92 4 90 63 38 46 58 9 52 88 72 53 79 96 40 68 37 51 64 26 25 47 61 33 89 45 94 9 37 35 69 79 54 87 52 29
48 46 30 14 6 26 84 33 19 39 5 28 81 36 88 58 98 11 82 67 77 52 14 20 73 7 26 54 43 84 91 7 100 90 12 14 57 80 3 85 37 33 87 17 74
48 10 73 63 11 66 30 44 21 37 37 76 37 17 67 69 1 75 12 87 53 24 84 91 76 42 49 12 18 73 29 80 26 55 32 13 52 25 41 23 74 65 14 83 21
68 45 76 77 52 5 35 80 61 37 35 60 100 95 82 20 85 94 54 98 26 36 51 16 100 4 41 39 16 21 82 18 17 66 45 85 58 68 46 27 80 86 36 7 80
63 45 3 42 83 99 39 66 81 83 62 89 3 15 70 63 6 91 64 4 62 28 23 51 64 95 31 57 17 100 50 97 35 85 33 82 40 58 84 64 55 87 21 73 46
75 91 47 78 79 84 58 23 27 92 57 44 73 7 21 61 86 23 65 95 53 34 55 71 59 55 45 59 13 21 55 86 95 48 39 52 66 99 50 98 15 28 32 91 95
40 7 23 43 34 60 80 57 19 56 19 28 56 75 48 95 74 71 28 50 45 84 80 38 7 3 27 46 63 26 14 19 70 58 63 56 92 35 1 24 41 33 11 96 74
77 6 63 33 3 43 56 70 44 15 39 71 77 28 66 57 85 66 29 21 74 42 60 32 37 18 19 32 1 67 2 24 86 86 4 62 36 48 93 1 94 27 50 51 90
13 17 65 88 74 11 45 13 21 76 87 33 89 63 61 26 76 99 81 45 65 18 10 64 61 85 19 51 88 69 69 76 91 31 74 58 21 89 100 32 61 19 70 86 12
51 74 14 68 75 28 36 38 60 36 14 66 19 13 2 36 88 12 9 65 34 71 39 12 88 24 64 100 14 45 31 75 97 65 3 87 16 98 43 6 68 95 1 85 68
8 29 48 61 3 74 16 95 71 63 99 49 26 23 7 66 57 48 67 68 39 76 17 65 53 73 31 35 62 56 49 93 29 48 11 7 98 77 80 73 3 31 58 71 23
91 17 27 33 93 90 89 47 35 98 31 5 44 61 32 5 41 92 26 24 21 31 40 54 14 8 90 12 67 76 92 28 57 77 91 14 1 68 98 64 79 62 12 34 49
59 5 29 90 75 35 54 21 37 92 33 28 96 14 38 31 51 20 54 54 44 32 62 75 9 9 65 76 15 68 89 85 69 52 2 37 30 47 29 6 77 75 61 42 100
48 44 14 9 2 74 86 63 5 82 22 80 57 73 2 74 88 84 26 5 48 16 62 87 89 92 41 82 44 94 5 46 98 49 59 71 95 16 23 97 55 42 9 40 63
19 76 78 73 45 72 71 37 49 57 2 82 78 84 99 56 38 41 7 27 13 48 8 23 49 38 96 24 50 75 36 82 87 49 10 89 44 11 40 8 26 83 100 27 68
34 74 57 60 18 48 26 63 32 76 51 56 10 81 15 85 48 2 96 57 63 33 99 89 77 13 80 77 80 94 79 62 18 55 21 5 56 30 4 44 12 3 65 26 15
82 7 25 92 36 99 56 2 64 99 51 3 50 86 83 9 46 100 15 92 70 18 25 8 12 29 8 12 72 12 12 8 48 86 34 80 46 47 16 29 8 5 34 65 3
25 3 88 17 39 58 83 88 9 19 91 12 97 43 26 93 63 47 100 64 87 46 5 67 29 74 94 27 91 28 18 63 40 17 99 8 12 90 93 7 78 66 52 34 5
20 24 97 60 32 80 15 54 35 53 14 2 42 28 40 5 2 99 76 24 66 72 11 60 4 3 14 86 91 59 3 5 20 47 64 53 7 36 58 99 26 40 47 10 27
96 63 98 39 7 64 78 81 45 30 17 98 40 42 33 5 38 56 1 54 86 62 44 38 54 55 64 91 43 72 27 78 14 70 40 18 87 70 31 84 75 40 61 87 39
55 96 86 67 47 21 50 21 72 26 84 60 96 59 80 56 16 88 89 13 67 6 98 54 5 34 87 19 17 57 34 91 62 25 49 86 11 37 49 78 38 44 72 28 8
44 93 90 91 12 48 45 79 64 29 36 76 73 9 30 41 49 51 64 22 81 81 48 71 60 52 92 5 76 63 48 64 71 68 87 73 61 80 88 44 19 10 28 69 11
59 93 26 14 65 2 91 87 52 97 98 68 51 26 7 66 40 44 35 19 61 50 81 94 67 89 81 21 5 83 21 79 16 84 59 51 32 6 70 5 7 40 82 87 93
25 56 68 32 59 43 88 83 37 88 38 26 76 19 48 81 63 44 65 3 65 44 86 99 94 7 85 30 53 88 16 96 8 28 54 77 74 69 90 88 42 77 98 18 67
64 47 53 15 47 47 62 26 22 100 91 61 54 21 21 17 87 26 19 32 48 53 17 67 30 34 33 76 27 15 95 47 89 61 57 15 8 40 93 8 35 62 46 13 1
99 13 32 27 19 40 48 70 41 43 97 77 38 31 88 67 69 13 59 34 27 22 64 75 63 26 35 35 40 25 66 54 11 48 78 8 40 49 33 10 78 69 68 77 88
18 24 97 45 25 13 71 91 76 35 13 9 87 26 82 39 81 78 58 73 37 57 81 61 26 91 11 62 100 70 89 88 68 52 73 14 12 7 81 60 20 72 86 63 50
59 47 91 51 33 58 76 77 28 37 53 25 48 45 49 80 82 12 58 71 39 41 50 70 44 94 72 33 46 12 58 26 48 47 52 100 75 91 33 56 15 66 18 99 43
60 94 57 25 41 26 49 80 30 23 21 5 30 10 29 60 79 53 63 68 17 54 71 36 98 38 27 97 50 47 75 96 29 64 33 24 90 7 10 72 79 78 49 20 54
16 26 10 55 54 81 43 59 99 53 68 64 24 39 58 37 77 49 17 24 34 20 23 14 56 59 7 99 90 36 91 77 84 66 56 20 63 83 82 43 18 56 57 95 32
39 80 51 2 36 18 84 23 84 62 34 56 36 89 30 88 57 9 39 50 13 75 73 85 71 93 61 93 15 38 73 37 76 94 93 91 86 63 17 91 46 8 2 68 29
61 93 49 64 9 89 58 35 45 64 56 45 76 31 26 17 13 47 58 30 2 96 43 31 2 53 79 3 21 8 90 36 24 97 39 10 16 78 12 45 97 18 20 3 84
12 4 53 68 24 66 1 64 96 32 64 97 50 2 63 63 88 67 35 29 58 82 3 31 38 32 80 43 38 82 19 56 33 25 47 67 12 56 3 27 45 95 12 82 53
18 94 48 42 55 17 18 51 61 100 50 66 10 64 7 91 93 24 44 31 66 55 2 65 31 73 73 89 74 43 18 77 34 51 39 92 79 64 53 71 82 16 67 41 60
12 54 65 34 64 86 63 16 7 26 87 53 84 46 100 73 72 42 23 2 63 67 45 36 92 70 60 28 100 49 22 64 44 57 96 50 61 54 32 3 64 33 88 38 22
9 40 16 52 14 51 12 22 1 32 25 26 30 100 30 98 48 29 65 73 37 29 21 14 26 47 72 51 24 33 49 54 62 95 33 81 90 79 56 80 84 83 15 20 62
6 15 43 7 62 67 70 12 45 30 41 30 55 10 56 77 92 71 35 43 40 4 24 55 76 47 3 99 62 58 23 68 83 93 48 76 44 55 52 72 66 81 49 3 9
5 32 49 20 26 21 52 72 16 23 29 90 27 54 88 17 49 36 40 84 52 30 37 99 72 97 80 7 44 32 57 11 74 66 33 54 91 82 91 31 46 17 61 63 65
88 40 58 73 58 64 45 37 60 21 85 7 2 37 25 83 69 97 14 24 23 5 39 13 20 68 16 71 26 32 18 5 54 44 31 41 58 98 83 77 35 23 17 65 57
79 100 82 38 72 53 28 62 26 13 28 55 53 14 97 39 80 46 43 74 8 72 32 86 83 78 93 95 30 71 88 100 44 88 25 100 70 22 55 99 83 51 1 45 12
41 39 61 92 24 85 15 83 42 51 4 94 72 57 24 39 3 12 36 23 23 22 53 87 44 58 42 6 53 77 29 23 29 79 6 8 95 57 81 55 52 35 35 25 32
93 13 32 100 70 22 99 61 16 71 55 83 22 9 26 74 25 94 37 30 36 43 79 50 54 46 88 18 84 45 98 95 65 67 87 41 71 15 93 85 61 21 27 61 68
63 90 66 59 77 71 73 51 35 49 21 72 100 68 80 57 96 29 46 28 8 18 56 53 35 56 35 96 12 62 34 35 30 65 35 54 53 74 46 28 16 86 69 52 94
30 44 93 65 73 23 16 60 19 18 18 45 91 66 81 2 25 55 57 3 98 47 38 82 26 28 39 64 45 9 90 48 47 31 71 45 2 1 33 85 62 94 33 88 71
10 59 9 17 16 87 81 72 84 14 79 30 14 42 21 40 7 57 36 53 42 53 29 76 82 12 62 93 89 66 28 85 67 73 42 50 40 100 43 15 97 35 23 78 77
79 79 68 15 92 58 25 79 36 72 22 99 13 89 77 41 83 96 49 92 51 98 11 39 76 91 24 21 34 25 38 6 35 73 3 27 26 90 40 82 44 35 47 3 68
37 97 67 33 64 49 67 83 51 7 91 30 35 55 48 22 70 73 28 33 60 95 46 6 38 81 14 33 47 42 66 37 83 49 97 19 86 28 46 31 89 93 24 93 52
84 47 88 87 69 42 75 29 89 13 48 95 50 20 36 71 5 21 63 52 63 22 40 66 22 43 63 43 35 10 45 34 82 68 5 40 32 21 89 92 21 59 18 39 99
85 92 42 85 74 36 38 70 57 91 28 36 42 72 96 70 4 89 67 81 50 82 48 59 77 25 65 86 71 1 11 83 20 68 36 23 49 41 7 71 55 67 78 19 58
63 79 39 74 92 28 1 35 3 100 48 78 15 67 34 73 5 78 69 87 4 17 98 93 69 6 38 65 90 23 62 17 44 44 12 95 45 30 59 4 41 73 34 7 32
24 77 13 54 37 45 75 19 11 69 49 65 85 39 31 57 27 53 48 37 80 52 61 56 66 21 88 62 45 68 5 59 53 65 90 70 82 66 66 25 9 53 73 70 18
79 60 66 51 65 52 84 44 12 96 86 49 22 79 38 8 93 52 15 9 75 3 55 100 24 73 72 75 55 58 97 65 82 24 82 19 48 1 61 59 27 62 30 51 90
83 43 21 78 6 37 55 91 64 41 66 74 57 52 70 76 62 28 31 24 89 66 89 17 49 53 51 1 62 49 56 12 6 10 87 100 56 48 63 46 98 15 96 75 31
14 46 70 47 89 42 27 98 13 17 59 19 10 59 72 29 69 53 41 43 92 81 19 97 30 28 6 39 77 92 6 58 31 13 53 62 64 54 94 82 96 15 91 91 77
100 92 42 16 87 74 76 93 37 65 11 54 6 35 16 10 69 87 77 81 11 34 65 21 84 62 61 94 52 83 70 94 41 48 37 62 9 50 85 4 38 13 5 23 95
41 41 78 30 87 86 2 84 33 64 89 34 26 10 47 25 85 8 78 68 76 93 23 39 78 64 72 82 36 87 1 66 73 67 85 33 62 97 54 66 7 57 100 79 13
18 40 30 61 58 31 17 42 76 17 54 67 4 32 39 73 83 84 4 33 76 9 40 63 73 82 26 55 60 49 23 59 13 63 66 100 33 91 59 33 54 9 77 63 10
20 10 24 88 53 31 87 12 99 45 75 1 13 46 44 74 20 48 80 31 69 1 67 71 38 93 92 57 85 59 77 2 71 75 12 32 63 8 89 98 98 62 80 56 9
6 23 38 41 73 80 72 1 31 36 77 87 69 16 92 68 9 63 61 30 88 58 17 80 90 60 45 64 48 63 77 16 16 33 50 37 41 79 92 80 10 52 46 44 55
7 31 26 1 50 7 34 25 85 64 54 19 34 33 64 67 40 32 96 86 15 8 1 37 44 92 98 18 21 30 89 60 87 52 29 47 14 41 57 51 37 11 59 25 58
44 9 59 36 6 70 64 88 35 21 71 57 74 57 53 9 66 70 37 2 87 97 26 34 81 87 95 42 32 50 39 83 9 43 58 66 55 72 1 72 58 29 41 14 3
95 14 40 94 5 70 84 6 22 26 54 76 49 54 42 33 60 34 92 46 45 23 10 17 8 71 97 56 29 36 2 59 47 46 64 61 30 45 5 60 14 14 12 68 56
73 67 36 79 25 79 60 67 86 13 73 63 48 59 84 37 2 65 1 43 34 11 17 53 62 39 10 4 71 20 86 58 98 13 32 66 21 73 32 44 21 42 17 59 46
28 14 61 60 32 80 29 49 6 2 35 93 62 24 65 14 44 75 22 96 48 2 85 11 57 41 70 70 54 81 71 88 18 4 85 19 99 16 3 95 47 33 19 29 50
38 54 7 24 51 52 19 64 74 88 33 1 34 78 29 40 71 56 33 62 12 6 22 10 13 78 83 68 94 92 16 59 66 36 84 39 51 30 34 87 35 85 41 82 22
11 38 22 67 3 3 39 64 1 63 92 89 3 34 80 20 95 44 42 63 97 5 15 90 69 19 8 3 35 46 56 65 27 74 21 72 52 40 67 45 72 10 81 45 92
71 49 17 94 86 5 41 78 9 50 34 67 74 12 10 2 6 21 24 13 73 66 87 80 82 74 55 52 79 72 26 60 44 51 66 94 72 38 35 36 7 3 93 57 12
6 24 58 98 50 26 83 49 69 35 34 12 82 28 59 93 26 27 43 89 31 81 65 40 2 29 90 55 44 54 26 31 57 75 4 57 1 85 86 89 49 82 37 6 65
25 92 78 83 88 69 56 66 27 43 5 28 50 14 78 51 69 60 15 50 94 27 24 54 40 18 33 30 83 25 13 68 49 4 76 85 41 55 69 21 48 23 61 100 91
8 60 19 59 52 29 32 95 46 13 22 84 25 72 58 61 7 48 28 66 67 78 70 91 6 12 18 57 18 83 54 75 26 21 46 54 64 98 47 16 91 55 76 58 4
41 82 37 20 9 73 61 41 1 31 37 26 44 70 97 26 80 52 13 12 12 65 54 11 20 75 75 14 39 59 39 20 19 61 44 4 46 16 72 28 26 90 84 21 85
66 21 86 90 35 9 73 69 44 85 73 9 74 20 99 22 100 86 75 51 59 72 8 20 51 20 52 91 35 10 51 1 4 85 34 40 46 74 51 91 15 16 31 69 76
71 51 31 8 62 70 79 53 61 73 37 19 50 65 8 62 25 28 27 5 7 3 67 38 14 4 19 55 51 90 86 35 13 91 94 41 40 43 73 45 71 81 98 53 9
66 84 93 29 70 80 31 63 67 37 33 50 36 43 81 37 93 72 37 3 28 37 73 68 18 10 11 95 61 48 57 67 71 31 44 45 76 98 43 65 2 49 82 52 3
76 50 81 14 51 20 34 40 94 80 55 79 55 93 77 46 41 51 57 39 95 34 40 58 1 17 34 1 57 45 73 97 65 40 55 6 23 61 92 25 89 45 59 44 60
77 83 31 93 81 5 40 40 13 39 24 52 49 92 97 83 50 77 33 21 84 88 28 48 16 95 49 33 14 99 10 45 99 45 60 57 11 17 21 69 92 7 41 1 30
83 50 22 92 77 38 58 94 41 71 92 29 50 41 63 94 74 38 56 25 73 50 50 28 83 42 62 37 32 45 56 11 47 25 99 49 19 35 85 86 46 100 90 14 83
59 40 37 50 30 77 68 88 31 97 24 52 50 45 28 56 92 19 3 49 40 26 23 19 13 11 81 88 42 14 86 35 39 91 1 38 94 12 79 58 100 5 27 55 97
81 69 85 53 25 44 20 37 95 55 81 35 88 72 72 45 89 27 65 73 30 15 92 43 44 1 60 32 3 24 84 91 8 17 58 79 47 94 69 33 38 69 64 62 8
47 20 34 83 87 13 54 82 39 79 62 91 63 65 54 66 32 44 8 52 22 33 22 58 28 86 84 4 93 95 43 97 4 53 100 75 74 62 72 18 70 43 10 90 12
14 85 25 65 15 91 27 27 10 67 78 99 99 97 2 53 53 4 26 36 59 57 52 56 92 61 60 70 84 2 95 86 36 91 5 70 6 13 34 14 19 86 11 45 90
61 2 63 96 82 24 93 33 80 97 94 89 11 8 9 3 84 82 70 48 95 95 69 48 21 56 69 29 26 20 68 98 20 34 3 95 71 15 57 73 33 76 78 50 93
21 95 37 21 79 99 23 65 44 78 67 13 66 26 20 12 65 23 68 1 20 69 5 81 6 47 79 1 45 84 3 2 66 98 4 58 66 88 6 76 77 91 8 25 71
92 36 58 10 59 99 63 17 88 91 69 14 65 96 56 43 89 71 83 74 23 11 25 68 62 45 54 93 62 60 65 20 90 10 33 96 55 51 86 74 80 82 17 98 83
71 78 12 16 19 95 11 100 97 62 56 17 90 100 94 99 20 66 22 49 26 27 59 64 10 96 81 98 56 85 35 38 1 9 33 55 93 59 22 75 70 6 79 49 59
17 27 6 27 22 27 91 31 45 59 92 37 50 7 19 47 35 1 68 6 15 85 97 99 15 2 7 32 70 43 88 32 3 54 19 75 62 73 46 88 9 58 22 56 35
19 72 80 24 16 27 19 78 61 77 49 59 7 41 65 9 37 57 10 34 5 67 57 57 99 72 62 53 13 39 1 98 79 13 9 98 24 80 59 59 42 2 33 95 85
81 19 34 100 81 12 3 24 74 57 97 78 77 8 21 31 29 7 78 93 42 90 79 77 66 83 87 50 11 79 77 38 12 83 18 52 62 49 13 56 4 3 35 33 38
95 7 30 20 27 1 63 92 98 61 44 33 62 83 89 85 71 1 90 100 37 66 48 24 49 82 78 50 98 3 70 31 79 67 33 73 59 35 65 78 93 93 46 75 63
66 75 18 56 70 70 14 92 92 38 13 62 15 33 56 34 21 46 96 28 94 77 88 14 71 76 94 20 3 44 96 82 18 34 13 29 28 32 46 9 47 35 66 53 25
94 4 49 22 27 42 58 21 20 29 48 39 36 78 8 98 90 7 59 19 38 40 68 27 46 100 92 57 54 76 42 31 20 42 48 82 17 47 60 29 78 86 93 26 85
53 9 26 60 66 66 56 2 37 5 90 39 25 20 19 57 79 45 89 84 37 5 10 2 71 2 50 20 79 89 100 90 85 25 42 67 95 37 90 46 33 94 18 26 54
31 77 14 93 18 68 42 86 78 75 6 97 20 94 1 61 42 1 50 88 99 2 48 37 48 64 9 2 75 28 32 78 97 100 76 43 71 69 66 12 91 94 2 90 75
16 62 96 74 93 72 85 29 34 95 26 76 65 95 2 23 2 68 91 80 75 14 16 27 46 93 21 64 72 31 52 36 95 85 68 54 83 34 77 64 53 60 3 55 4
31 55 31 23 61 87 51 62 41 69 36 100 86 4 96 51 63 15 50 12 15 93 43 25 63 11 61 79 12 6 67 54 90 88 64 45 72 24 75 49 59 79 17 18 99
7 52 56 78 93 98 63 30 43 43 95 17 96 63 81 79 43 31 67 13 8 44 40 22 42 90 25 95 52 86 59 80 21 33 5 32 90 28 81 60 65 61 9 41 47
88 50 90 62 98 48 10 33 45 25 62 17 44 34 73 25 30 4 29 34 33 88 3 38 66 64 100 13 47 44 93 29 74 60 11 56 37 44 52 20 70 90 88 7 9
44 40 79 75 74 91 34 86 53 7 87 19 28 29 98 86 11 30 97 1 44 30 19 17 86 77 27 49 89 61 38 83 16 99 74 90 33 20 40 48 95 11 31 54 91
54 12 98 15 94 60 95 11 82 71 71 37 49 25 99 33 71 89 40 84 89 22 72 46 33 87 50 61 12 83 88 51 64 22 38 82 2 25 75 3 66 22 54 11 20
85 32 14 67 95 20 95 73 88 3 42 15 75 66 13 42 77 65 87 77 6 38 8 87 48 32 51 49 34 13 49 81 85 33 40 67 26 84 1 64 100 91 9 88 94
28 58 4 82 94 80 17 60 68 15 22 91 45 24 22 85 93 90 56 69 100 1 64 3 70 7 41 36 84 58 39 75 73 58 2 17 19 19 58 52 90 56 61 98 96
10 40 64 49 45 83 26 66 8 25 25 57 41 9 26 97 81 81 94 67 26 56 82 73 57 41 88 64 77 85 68 40 86 81 1 43 38 34 67 90 25 29 97 6 9
9 41 82 62 58 41 93 90 5 91 87 36 1 33 84 17 58 11 75 97 39 35 44 4 36 6 20 20 53 51 18 60 16 83 19 84 35 16 78 64 24 99 33 63 88
11 50 44 37 57 58 5 80 96 48 53 12 63 20 37 66 1 5 74 82 22 71 54 88 6 65 90 7 74 61 99 77 13 75 73 5 13 50 51 24 95 77 73 85 75
16 50 78 100 73 59 49 72 46 78 85 99 16 77 79 39 48 8 34 52 4 52 32 94 65 35 58 22 16 10 66 36 100 92 75 100 12 41 86 45 79 49 96 54 4
25 90 56 35 31 73 88 78 54 6 50 41 83 37 42 39 58 45 43 76 8 38 3 57 69 34 5 25 94 66 37 59 30 79 79 69 89 62 34 77 57 41 9 36 87
95 96 95 33 94 43 14 35 75 35 92 99 73 53 4 94 84 94 25 21 23 87 72 21 68 4 79 90 83 97 92 10 82 12 72 68 27 92 31 10 93 4 88 49 2
93 84 33 32 61 80 80 43 83 59 6 65 23 7 23 31 60 57 53 16 2 10 36 34 2 36 30 86 97 99 10 38 54 21 45 59 5 92 84 85 84 57 83 10 58
86 93 80 23 65 8 17 97 26 87 25 69 4 93 85 76 99 27 89 3 10 40 31 2 1 65 43 53 9 71 100 29 11 32 57 36 63 37 81 57 55 40 20 81 20
3 13 19 43 45 58 12 61 4 58 1 16 46 18 100 3 1 19 50 18 69 32 66 100 69 13 16 90 10 5 67 25 61 45 5 53 12 10 91 49 78 28 22 38 13
86 79 67 48 78 31 5 57 25 10 31 31 86 54 93 87 23 8 39 3 39 94 3 95 5 79 42 9 1 34 12 62 31 29 60 28 21 69 79 17 83 33 22 72 83
22 76 2 56 36 57 61 38 77 11 95 88 60 45 21 57 82 95 83 67 34 11 43 65 66 65 22 29 70 60 11 36 9 82 71 72 5 34 85 37 62 45 65 97 15
95 26 7 27 47 18 47 71 38 12 9 49 55 6 30 80 85 80 78 52 92 45 6 52 36 9 6 39 72 74 26 38 62 25 47 97 54 55 4 82 36 4 76 53 54
37 82 7 28 23 39 41 62 40 14 38 49 96 54 51 84 86 94 19 72 88 56 23 66 1 39 100 71 33 76 44 33 7 34 40 55 16 77 91 40 94 78 40 95 73
86 39 39 10 15 60 67 66 77 90 69 86 46 96 96 58 48 44 87 18 32 16 96 47 51 82 97 38 9 8 85 68 71 16 85 74 48 41 94 53 97 54 13 13 93
45 42 5 76 53 32 7 53 30 52 77 27 64 32 36 12 64 2 72 88 22 20 11 88 12 79 32 16 61 18 87 92 19 6 80 38 1 64 38 26 7 7 83 89 24
14 32 25 71 37 60 39 47 22 74 66 57 71 11 45 14 52 80 21 27 7 4 44 39 99 73 60 4 87 74 54 48 87 84 82 8 23 8 10 7 7 80 41 79 85
22 69 17 66 35 96 84 41 10 16 64 75 30 66 9 58 6 38 45 20 81 40 64 24 29 28 52 23 82 44 39 40 100 73 19 24 14 70 80 5 14 2 19 98 80
98 91 77 48 41 5 16 21 71 64 30 27 89 10 76 62 73 7 83 89 60 81 36 67 88 87 42 41 11 13 23 69 31 51 43 39 28 37 72 33 79 55 14 20 52
58 22 10 75 49 94 4 95 99 43 96 59 62 59 76 7 63 48 73 92 91 79 52 65 53 4 80 60 94 32 97 80 53 1 55 35 89 58 100 58 24 31 67 63 25
7 90 61 52 44 18 50 47 1 52 34 53 78 1 9 77 96 55 49 88 32 22 81 76 23 25 50 35 49 22 14 76 68 64 89 88 1 23 83 31 27 53 44 42 85
55 55 5 25 46 75 32 32 56 27 35 98 48 92 73 42 28 36 34 13 47 45 61 15 64 42 58 48 68 62 22 41 62 72 60 98 93 92 82 44 55 93 43 40 14
33 27 23 100 56 49 96 71 75 49 22 39 90 15 90 11 11 73 52 38 40 70 42 31 69 62 63 51 79 89 3 11 2 74 64 8 88 54 88 80 76 42 18 100 69
99 15 55 49 47 50 21 79 73 69 55 40 1 51 45 68 82 15 22 4 99 33 93 23 98 41 88 68 99 2 37 3 14 6 40 21 67 67 57 80 76 88 29 57 64
51 60 7 99 40 47 83 79 10 17 73 96 41 47 34 6 75 59 71 94 22 78 3 21 90 99 51 100 25 93 5 48 10 95 26 20 40 23 2 61 26 49 33 65 64
21 41 26 21 59 54 37 88 46 74 86 28 25 28 60 65 20 4 42 49 85 89 59 79 13 62 66 59 21 97 6 90 38 38 77 88 89 20 35 81 33 52 51 36 15
94 4 18 30 2 79 11 93 44 10 97 29 8 8 36 48 68 90 71 60 80 51 77 72 96 93 63 60 9 36 38 81 28 36 59 42 94 24 13 26 20 58 18 24 59
64 64 75 19 6 49 19 6 76 57 77 95 53 2 23 82 20 95 35 8 34 9 54 92 83 95 18 19 28 80 99 22 46 45 83 21 33 95 7 3 99 13 59 76 47
91 42 3 3 47 24 62 85 89 22 2 34 81 54 31 83 73 86 62 75 27 87 29 77 1 47 3 77 27 90 83 1 68 19 69 10 59 3 7 54 77 72 54 24 90
14 22 16 61 92 58 69 86 48 59 60 33 6 24 44 25 32 42 34 34 43 3 28 60 81 37 79 19 69 91 72 93 25 21 95 68 33 51 82 37 38 16 27 68 43
10 62 66 64 68 76 69 59 44 70 24 48 26 10 36 64 16 17 31 31 78 24 88 31 74 82 88 85 55 61 9 8 39 50 16 51 48 85 54 55 76 99 37 87 44
56 68 10 8 88 19 93 53 83 98 67 96 32 94 27 18 36 71 74 17 98 45 37 41 45 50 34 81 1 50 74 1 43 56 75 54 91 64 62 67 30 16 58 51 64
97 33 32 14 60 41 11 65 11 78 60 31 96 64 25 10 38 84 72 36 82 7 48 8 13 28 66 83 45 39 78 47 91 67 23 19 99 53 51 58 20 26 99 71 83
49 30 46 50 85 6 24 17 97 77 64 84 64 36 37 89 31 43 54 14 50 54 2 99 80 42 16 84 33 2 70 91 7 82 38 45 32 53 94 39 53 71 74 80 4
49 94 13 82 73 83 14 85 6 54 91 17 42 67 65 2 78 8 91 98 93 20 58 9 95 53 63 69 13 44 100 36 83 37 71 34 30 62 68 70 78 44 81 7 16
12 74 29 55 90 77 63 15 11 97 98 17 87 25 44 57 88 28 67 64 51 46 36 21 4 45 55 37 4 22 43 26 76 26 95 3 18 31 4 98 22 10 11 21 93
74 96 71 53 45 22 9 44 35 61 63 20 36 82 26 66 4 91 100 40 52 19 82 97 62 68 18 15 57 42 90 86 92 38 86 84 70 11 44 56 88 57 30 47 62
30 8 16 35 87 5 7 81 2 32 50 86 47 58 33 32 57 1 54 14 5 3 50 100 21 46 93 69 39 73 5 91 97 17 48 51 68 36 5 59 79 34 42 89 94
90 23 92 44 25 41 4 89 74 81 26 25 96 10 2 31 48 21 66 19 86 17 54 53 26 66 15 57 11 63 1 42 12 82 31 78 93 42 97 10 30 53 41 15 10
92 43 68 82 80 2 95 31 80 77 2 71 37 35 65 49 98 12 67 33 89 62 31 85 2 37 8 63 76 23 70 20 58 78 62 54 30 64 13 28 60 95 16 73 19
72 47 98 70 76 91 5 51 52 23 88 39 36 7 44 85 65 70 76 80 100 90 32 96 14 76 99 67 29 41 16 88 54 4 53 69 66 29 86 85 55 42 91 43 43
58 93 93 19 73 25 94 66 87 58 16 21 39 17 46 27 8 79 58 86 66 82 33 35 81 11 6 23 12 56 69 90 84 16 80 36 37 32 56 47 38 93 19 97 16
1 81 61 46 66 24 89 39 26 79 68 13 14 2 53 4 1 53 30 40 10 88 44 23 58 64 17 66 85 16 61 21 25 61 71 49 96 76 88 67 21 13 42 86 17
19 13 75 72 69 84 55 73 84 98 70 89 4 58 97 84 53 64 25 57 25 25 41 45 1 76 52 65 44 7 99 58 38 25 9 7 11 40 59 28 49 70 71 78 20
82 67 57 14 60 73 1 21 97 99 82 75 54 86 8 56 71 97 91 61 81 88 67 46 40 26 29 86 2 44 97 1 83 74 47 79 89 16 9 96 10 85 31 68 40
56 47 17 57 93 33 77 58 35 51 85 21 15 18 71 24 92 27 89 38 23 5 21 14 64 39 98 29 25 78 11 51 67 94 80 58 83 3 39 15 1 71 16 63 65
89 70 80 35 66 72 73 29 77 39 72 40 87 80 28 88 2 23 6 76 6 19 19 96 2 43 84 80 31 10 39 5 100 87 15 85 84 71 54 69 61 72 40 87 12
47 82 57 52 95 3 60 13 72 41 12 47 49 21 72 70 37 91 73 35 52 23 71 1 22 34 20 28 54 94 26 83 34 51 82 71 45 33 91 8 45 7 38 63 40
58 88 7 72 25 2 13 100 47 26 58 19 86 86 59 11 14 2 66 68 88 36 70 10 78 24 70 7 43 86 30 53 42 20 59 49 65 24 94 91 11 14 5 99 2
84 58 100 73 76 77 100 46 80 22 55 2 80 62 12 59 74 62 60 100 96 17 90 57 77 2 60 17 25 17 70 60 80 25 29 18 10 89 85 36 74 47 55 15 27
99 79 62 85 85 97 24 49 60 47 79 100 93 3 22 67 70 63 16 77 19 79 12 35 72 8 3 100 67 4 24 76 82 94 5 39 80 71 9 85 19 78 62 38 7
89 21 81 39 29 43 75 15 80 8 85 96 26 74 45 6 69 77 70 36 69 11 10 77 57 73 83 29 72 68 91 82 67 56 33 78 77 79 53 8 52 47 13 46 60
56 52 23 90 72 44 37 20 19 13 42 20 16 72 24 100 30 86 65 65 11 68 38 27 59 7 25 35 65 19 21 83 37 98 52 75 10 19 18 18 80 40 58 36 45
81 77 99 21 12 68 36 15 46 17 59 4 30 76 61 62 97 55 44 47 32 67 46 7 60 70 25 74 25 12 14 15 92 54 68 5 20 65 64 14 76 30 37 28 27
94 66 28 85 63 96 34 74 12 14 87 74 70 39 88 63 22 10 45 84 17 82 22 34 74 82 55 1 9 72 28 98 32 39 36 48 45 35 57 22 35 81 67 7 92
81 1 9 5 7 41 23 86 83 45 99 18 40 16 71 69 21 50 28 31 75 7 65 12 88 51 31 95 54 81 10 4 14 12 64 92 77 18 80 47 44 85 93 84 3
