15
4
7 58 19 3 83 55 69 25 70 92 13 14 48 78 49
26 17 93 75 100 34 10 85 2 41 16 55 12 55 53
6 8 85 3 7 12 22 43 66 26 50 81 62 30 82
26 16 39 84 29 51 68 51 29 10 96 28 98 70 68
10 15 51 11 12 88 86 19 55 16 96 20 54 21 53
89 55 82 54 59 96 60 51 48 16 76 34 86 19 27
98 14 74 61 40 97 8 18 29 46 95 74 44 26 39
78 13 59 38 11 23 47 63 39 22 9 89 50 87 26
9 12 83 27 99 55 49 49 55 38 13 91 27 43 75
30 76 40 20 93 45 18 95 19 74 92 33 67 98 92
3 31 48 58 53 9 12 35 92 39 98 75 14 7 63
46 69 28 94 97 18 98 68 70 1 26 41 8 31 8
33 96 24 42 46 9 13 38 75 96 89 93 58 36 73
37 47 5 35 88 37 30 76 42 61 70 71 93 4 89
59 42 81 100 70 59 53 30 36 50 36 57 69 42 67
55 19 60 38 88 12 75 5 47 9 2 73 56 100 14
25 17 12 1 66 21 30 39 1 97 37 91 2 38 42
8 33 72 81 72 25 45 89 67 91 83 7 13 57 53
2 80 22 39 99 40 19 43 29 38 73 5 38 45 87
53 4 45 28 46 74 43 8 3 78 4 82 78 100 40
47 86 81 34 20 87 3 5 34 80 2 89 1 30 80
75 76 12 89 75 53 61 91 84 53 50 26 99 75 32
43 31 25 12 17 50 69 48 64 82 85 62 62 84 79
51 84 4 86 34 16 49 8 81 49 39 58 44 74 53
52 42 1 72 61 98 77 33 58 24 96 34 16 11 36
67 58 64 6 86 83 9 95 43 71 69 85 33 14 85
54 12 10 21 70 57 92 10 3 2 2 5 92 84 89
18 19 52 7 54 60 95 19 80 7 70 29 51 8 15
68 12 83 84 20 74 51 83 99 76 50 8 3 8 98
86 74 91 6 40 57 100 83 34 47 4 39 17 94 34
38 24 56 30 74 16 50 84 15 65 61 42 57 50 74
68 43 69 60 38 52 28 31 61 64 46 72 5 67 97
1 20 80 61 5 24 6 74 36 91 48 64 70 64 72
95 82 26 18 15 79 80 61 89 23 83 36 58 2 14
47 25 30 80 11 12 54 15 94 47 64 2 72 81 25
86 69 45 20 12 100 75 45 21 1 90 78 85 92 62
59 20 5 15 79 63 26 4 92 35 91 53 69 46 1
21 23 6 98 21 4 85 100 38 36 8 42 76 66 14
41 20 76 53 26 70 84 53 43 65 80 100 11 37 75
55 4 62 84 47 97 39 68 11 42 15 32 98 40 88
8 49 89 54 93 29 7 65 43 28 40 77 67 74 7
61 85 82 60 7 56 60 61 14 31 67 94 61 9 48
11 8 52 73 74 45 21 85 77 10 21 64 51 51 28
84 59 20 36 66 54 58 30 72 21 24 52 23 1 21
37 36 13 4 53 86 15 56 98 34 92 16 40 70 55
45 36 77 48 4 78 99 5 83 23 2 45 85 75 6
10 50 56 92 6 16 69 31 28 20 86 38 38 91 74
80 48 9 54 24 23 29 41 50 71 86 31 93 62 63
29 51 98 24 49 100 76 38 29 33 18 82 40 69 98
14 10 25 60 90 14 17 54 81 94 33 13 20 36 80
83 92 80 4 64 41 87 81 97 62 93 44 19 99 92
69 87 66 55 41 43 70 40 69 8 71 41 59 50 57
28 34 89 85 9 56 9 21 27 52 81 31 62 62 71
63 11 74 5 95 79 96 91 96 43 60 4 34 3 14
73 60 43 32 32 1 15 42 100 60 47 86 19 31 33
92 5 63 80 29 89 77 84 53 62 48 100 65 86 100
60 27 22 51 4 80 53 4 97 70 83 56 7 36 95
70 50 99 36 89 17 48 79 18 28 38 47 77 10 16
11 34 31 58 8 89 27 15 66 45 39 35 70 31 37
58 13 16 94 53 29 47 23 29 50 20 91 75 95 71
