35
4
89 56 67 5 25 1 17 82 28 47 88 54 3 26 63 38 34 40 4 65 75 10 59 68 86 86 66 49 78 98 38 51 87 20 90
95 28 35 11 61 69 51 75 65 75 31 44 82 94 95 93 89 95 27 55 73 34 45 21 100 63 5 12 7 47 36 4 34 39 77
4 1 1 18 44 29 21 9 68 68 25 2 52 45 50 29 39 7 18 69 99 27 79 32 58 78 40 99 52 40 59 21 77 8 53
69 38 98 57 5 44 33 5 100 47 11 60 91 35 77 88 73 40 49 8 72 93 72 15 43 71 26 20 45 51 70 23 98 59 38
77 36 84 73 37 27 45 70 26 29 91 13 24 12 67 39 93 43 74 26 13 22 83 11 20 58 29 39 52 65 45 28 86 36 35
12 15 11 7 31 36 75 42 98 30 14 25 99 77 8 73 71 60 10 82 35 83 5 38 71 25 44 28 2 92 23 20 36 50 29
7 13 82 32 57 23 19 27 95 56 35 100 50 20 17 8 9 49 25 53 38 36 90 22 5 88 8 49 5 13 57 43 19 65 33
25 40 89 39 33 48 70 99 42 72 46 97 49 88 20 40 87 21 4 79 65 2 57 50 12 28 96 41 53 46 71 12 28 90 64
42 7 77 51 53 55 88 5 43 83 9 25 99 25 48 48 80 25 66 71 56 61 40 66 12 84 37 41 8 87 14 94 37 61 7
99 17 11 97 49 33 4 87 47 1 78 78 86 66 60 27 5 9 4 18 88 35 20 82 14 85 84 6 13 24 63 20 45 5 15
17 19 36 46 24 77 95 43 70 49 24 21 14 55 8 64 19 100 91 15 17 57 39 92 65 89 96 83 72 71 42 55 1 39 41
17 41 28 16 23 93 27 22 35 81 48 86 75 76 29 18 8 57 83 83 73 64 11 63 74 11 94 45 32 83 21 1 49 79 33
6 61 73 53 17 92 22 9 57 7 3 54 62 79 3 96 43 1 61 22 95 17 85 96 9 76 31 54 45 64 98 90 30 26 14
78 38 92 96 3 51 2 59 21 62 23 80 89 12 88 20 74 96 72 8 31 4 28 35 51 50 72 37 36 61 11 78 76 59 100
61 82 98 2 79 89 63 49 79 92 13 63 2 5 8 96 25 96 72 92 46 52 8 35 89 81 85 61 30 27 89 54 94 24 80
36 65 80 4 10 97 57 51 28 46 75 98 35 20 70 96 36 46 33 23 9 69 16 96 62 31 99 98 99 77 61 38 87 94 10
44 22 17 21 49 58 37 92 69 19 18 10 6 12 43 87 55 95 10 84 16 74 16 81 97 59 28 46 27 82 72 48 85 87 67
61 3 10 1 26 56 98 29 85 34 54 11 65 13 61 97 71 2 39 15 42 39 15 37 15 57 32 12 24 6 72 35 65 65 34
68 52 22 57 46 60 65 100 65 41 31 32 79 73 79 23 72 51 23 51 76 14 11 93 43 47 35 9 43 74 35 44 25 22 94
64 11 81 52 78 8 95 97 65 37 50 21 52 71 3 63 47 85 5 84 56 26 3 43 48 54 15 66 34 90 25 9 43 81 44
84 89 31 87 3 63 86 20 89 31 86 11 32 35 54 76 46 53 12 88 3 87 35 50 2 53 22 88 16 95 73 1 97 21 50
64 11 5 68 41 76 44 56 68 81 26 4 56 34 87 54 56 46 37 13 91 9 10 29 66 85 58 80 71 63 40 85 42 3 30
38 43 32 15 2 78 85 22 44 78 35 20 21 96 57 30 77 67 34 36 95 49 51 94 79 57 71 2 47 53 72 90 39 38 87
92 41 59 48 74 20 25 40 18 39 17 86 4 97 12 59 98 92 11 42 35 57 39 76 51 47 47 34 28 54 23 72 79 19 28
70 84 83 49 9 18 15 18 78 95 76 46 33 38 61 64 47 3 47 64 23 69 34 24 35 13 10 62 58 60 51 52 37 41 31
79 32 52 22 13 66 10 86 79 71 59 48 53 89 58 30 87 23 2 71 7 76 7 82 14 19 83 89 43 56 64 46 23 48 21
40 62 92 50 35 88 69 75 99 35 30 66 67 11 95 23 7 58 18 27 74 34 18 26 30 36 63 41 97 16 42 50 53 50 89
43 98 33 39 84 36 33 82 61 98 16 33 71 76 30 18 61 66 19 49 81 37 14 9 37 61 11 43 32 47 35 23 14 29 52
5 43 90 95 40 58 61 9 56 39 63 96 63 78 66 54 46 27 24 2 61 65 90 25 65 43 8 70 9 29 35 11 97 58 19
94 76 17 38 40 36 95 69 43 47 39 15 42 59 8 36 65 57 27 31 6 66 63 9 18 40 36 94 80 47 61 89 67 56 68
20 35 26 84 20 29 82 7 33 31 71 69 94 100 25 47 25 7 51 36 56 43 55 58 83 86 44 10 82 43 9 14 73 17 91
54 19 10 89 72 43 99 72 58 60 37 4 10 53 77 38 13 46 8 24 52 36 73 92 69 64 12 44 88 28 62 99 65 78 87
34 26 3 14 24 54 98 51 8 76 57 18 72 75 50 69 45 6 16 44 36 38 68 23 92 95 53 20 30 32 100 69 94 45 37
20 97 38 67 52 20 67 5 42 52 41 57 65 46 29 13 46 91 38 58 53 96 76 23 94 53 17 42 11 26 21 19 7 23 6
96 46 30 19 24 22 70 10 73 8 57 74 69 49 7 85 94 72 59 48 49 67 78 85 66 83 25 78 75 22 28 76 78 85 74
74 85 63 75 4 74 93 86 55 31 35 78 62 99 92 94 87 56 46 81 88 100 97 92 63 94 68 16 44 70 40 21 16 12 9
79 80 70 97 34 13 97 71 91 79 85 67 94 37 95 90 67 29 78 50 56 30 37 40 1 9 58 83 15 37 34 91 73 18 73
73 39 98 8 5 38 97 96 66 35 9 49 29 98 27 44 85 89 60 5 59 55 19 42 1 91 82 67 1 26 47 82 86 72 15
9 69 3 13 66 68 47 24 10 25 9 25 20 96 40 66 14 99 46 6 60 56 20 67 92 34 7 27 40 58 40 22 20 48 42
76 1 62 78 42 77 73 90 96 38 9 59 38 93 34 10 31 2 31 93 72 26 29 93 90 28 56 64 44 90 63 56 55 79 59
30 15 44 88 31 57 87 5 70 62 39 37 48 89 17 44 78 97 93 69 6 25 47 77 25 42 66 55 3 2 3 30 44 76 25
46 26 45 33 55 68 69 25 90 8 93 74 43 4 97 40 88 62 4 71 68 87 78 80 85 82 42 23 1 12 30 82 93 48 27
30 19 59 6 1 59 97 8 10 7 22 97 34 15 28 96 55 100 15 36 19 77 27 29 40 84 84 53 37 47 99 66 85 85 71
11 33 72 87 39 79 63 86 69 50 16 36 76 98 82 73 16 66 36 22 43 32 20 69 65 33 43 79 71 61 42 95 80 36 16
68 43 88 92 85 95 71 77 3 15 68 18 74 32 20 68 51 27 25 51 70 3 36 82 1 34 100 96 17 7 56 5 35 94 75
43 11 4 94 33 55 54 66 7 26 45 18 45 57 33 57 2 95 42 12 38 74 89 68 44 70 43 66 99 68 11 21 42 83 36
32 62 32 86 37 86 94 20 4 38 72 83 7 70 18 96 52 60 66 83 7 43 43 88 58 52 8 28 27 83 66 53 87 19 20
76 59 75 55 35 57 26 98 16 31 72 30 26 88 28 74 5 10 52 16 98 31 28 36 77 38 65 27 33 40 28 18 93 93 87
34 53 62 95 32 32 95 33 61 7 66 29 64 33 56 92 60 24 18 97 83 79 25 55 89 12 83 60 34 72 44 79 8 9 90
26 65 43 59 89 25 88 52 39 12 74 20 35 83 49 3 63 36 37 83 64 85 79 1 15 69 18 39 17 63 94 22 51 44 85
67 3 59 37 22 9 79 35 88 17 53 83 64 19 34 54 100 45 76 19 85 35 56 81 94 35 7 64 22 64 55 25 62 34 33
51 24 5 46 62 7 66 99 10 63 49 56 16 100 25 92 4 82 46 76 93 23 11 24 61 72 70 10 6 87 86 11 57 20 74
44 13 17 49 45 98 40 29 76 89 58 86 28 95 19 7 48 16 99 42 89 67 23 89 57 88 20 5 41 52 26 89 54 48 86
100 82 27 97 26 4 45 22 55 63 92 100 61 88 72 61 1 48 48 64 41 80 47 73 36 23 19 3 50 3 31 9 25 69 89
82 45 79 31 82 43 59 22 5 57 83 41 77 68 41 1 93 74 4 4 58 17 96 71 60 67 45 51 19 79 86 22 22 18 95
50 55 49 63 7 95 49 82 58 44 1 85 75 47 58 68 29 71 31 82 20 59 11 76 52 84 52 86 47 1 45 35 92 40 73
60 74 1 59 54 74 4 47 93 23 100 24 7 63 60 65 89 45 5 35 75 84 47 23 92 65 82 61 98 31 80 21 94 6 45
62 87 8 81 68 5 25 60 3 47 77 33 1 3 32 20 16 19 92 49 39 43 55 51 54 99 88 86 2 49 8 22 64 71 24
7 80 3 44 29 46 44 27 88 69 18 89 7 38 16 98 95 71 92 35 100 18 49 8 75 60 29 85 71 82 63 95 5 14 93
73 40 50 59 16 14 81 59 92 38 71 24 61 81 67 65 19 36 37 63 88 85 16 3 11 11 78 94 94 59 37 72 56 96 6
27 77 53 55 19 10 51 37 41 35 22 59 57 16 26 73 18 21 81 64 58 34 98 8 52 25 18 91 9 33 45 23 17 52 5
74 48 69 76 8 26 84 64 17 60 85 19 3 1 99 54 86 78 59 82 87 85 72 90 61 53 7 83 47 24 69 17 76 52 33
40 8 30 99 4 59 60 66 6 89 78 85 59 15 71 72 67 5 66 29 32 81 76 67 9 38 37 69 77 20 84 75 73 39 95
23 98 68 56 39 13 3 40 44 33 78 3 44 10 73 9 93 28 61 26 56 48 99 69 94 79 73 95 58 78 32 96 39 78 83
69 8 59 54 45 81 36 62 77 38 41 39 66 48 9 96 8 27 82 66 78 57 54 58 22 74 84 64 36 35 94 10 92 100 84
75 13 64 21 12 51 37 10 35 72 80 66 4 83 98 44 10 21 81 71 30 100 93 48 25 91 88 71 98 41 36 67 69 29 58
43 24 98 44 80 26 6 62 56 98 49 12 78 32 100 60 22 26 85 73 52 99 48 67 80 66 30 47 1 58 38 10 10 24 94
66 1 77 67 68 72 29 59 64 21 100 77 62 53 91 25 35 33 62 89 49 13 74 42 24 75 29 94 6 46 73 63 53 84 88
8 78 75 33 75 66 7 55 54 18 83 22 100 54 13 22 58 95 35 83 61 3 23 48 78 76 21 71 33 86 60 74 9 72 87
99 16 16 8 92 77 75 4 94 41 99 48 14 32 78 36 94 83 68 49 40 87 21 97 19 22 31 57 70 67 54 83 94 52 52
14 30 77 33 42 73 4 44 97 29 74 28 20 98 82 79 63 17 3 9 49 49 44 83 82 38 60 100 35 3 33 56 59 7 66
74 64 94 47 31 53 56 96 22 58 59 8 84 58 49 82 98 3 35 57 81 74 23 29 4 54 98 22 80 75 91 12 85 12 2
71 39 39 7 53 39 77 73 95 10 81 96 66 93 5 94 94 61 71 26 88 41 19 68 64 83 38 84 46 88 26 91 17 33 85
91 50 82 73 88 86 66 44 77 8 79 12 37 18 13 10 99 58 51 72 35 39 71 82 56 61 1 99 32 91 59 77 55 93 80
87 73 16 3 74 7 47 8 79 4 94 72 96 28 86 39 32 71 18 40 92 13 37 88 67 22 94 63 89 37 30 87 17 36 35
36 97 82 63 88 75 96 70 27 44 64 98 42 53 85 84 68 55 56 80 21 27 11 66 1 67 23 90 57 44 14 66 36 76 35
22 16 7 1 89 96 25 93 31 27 85 68 36 100 43 50 83 83 57 15 100 29 1 99 90 46 27 98 3 80 36 25 97 17 97
67 67 50 27 91 35 6 32 81 71 83 50 4 28 53 90 50 40 55 75 21 85 4 41 79 100 20 58 25 2 91 18 83 95 23
100 42 33 73 85 92 47 24 90 58 5 45 69 89 23 78 48 64 30 21 25 81 55 44 45 72 76 84 86 50 47 1 56 96 94
91 4 73 25 37 18 93 68 53 51 49 40 20 13 10 61 9 21 97 12 44 51 93 85 88 43 69 27 72 40 7 26 50 23 18
8 10 75 74 60 43 41 82 93 33 59 44 98 34 49 13 56 73 30 4 52 41 16 19 99 2 88 83 100 86 20 100 36 68 24
7 85 45 6 53 71 78 26 30 38 69 39 16 93 90 46 55 44 5 50 4 75 16 6 39 98 56 70 96 11 55 90 38 45 98
62 34 70 34 82 63 83 8 59 95 79 17 87 100 64 80 91 23 91 89 58 10 52 21 92 94 40 55 25 43 21 38 91 40 51
26 52 48 95 70 7 54 76 58 31 80 68 95 5 30 39 81 76 97 74 3 54 79 58 40 6 12 33 69 62 56 21 94 90 25
11 86 17 85 99 97 48 1 91 99 92 60 25 60 5 98 99 75 51 2 20 57 29 26 15 64 18 44 82 65 24 83 86 62 90
48 49 47 49 28 71 63 81 11 34 13 76 37 85 90 22 81 55 74 12 19 75 75 56 73 3 71 10 99 56 3 4 46 34 23
45 58 48 2 40 60 17 29 4 96 73 13 18 44 71 30 10 7 64 79 90 9 27 41 63 32 24 43 45 18 64 28 24 18 53
13 31 34 9 82 30 76 78 9 20 28 4 70 15 28 26 26 3 50 56 50 22 27 67 31 42 77 65 87 43 66 61 7 21 70
61 54 47 14 60 15 38 34 93 20 58 65 56 91 75 90 85 13 99 7 48 40 1 90 68 92 81 78 60 95 50 91 33 67 6
54 78 88 34 82 65 16 53 70 53 73 10 98 63 100 8 53 15 83 9 63 91 26 15 33 33 13 79 26 87 31 53 61 17 77
5 82 33 69 15 19 51 23 79 10 35 39 53 30 74 97 9 14 65 59 72 22 73 63 51 12 94 52 54 25 67 37 68 49 88
64 100 10 45 48 64 68 21 40 20 60 90 73 47 94 64 66 99 98 62 80 47 80 89 35 40 94 32 95 84 6 64 71 32 56
9 64 38 56 98 63 70 93 5 79 67 19 26 1 29 22 44 3 57 38 100 52 42 49 47 89 13 28 47 68 96 11 78 14 29
17 19 77 56 30 10 24 75 11 70 94 41 76 1 36 91 8 13 67 89 8 77 19 14 37 19 91 36 81 72 100 100 82 37 99
66 31 69 11 10 75 47 68 98 52 8 80 22 68 97 53 18 5 28 70 21 37 41 91 4 51 51 70 9 23 95 19 64 14 62
1 78 34 82 26 60 19 20 44 82 20 66 61 67 27 15 81 20 21 74 75 43 88 70 6 75 93 88 15 16 21 16 49 62 53
85 33 39 70 90 26 10 91 1 91 70 10 48 92 96 13 47 6 66 97 49 19 16 26 23 70 8 22 62 39 68 90 70 15 27
21 85 36 51 73 65 83 90 84 47 43 4 38 67 39 13 43 94 20 4 29 79 64 48 13 63 36 99 91 7 57 77 95 99 96
6 12 44 4 77 34 44 31 70 1 37 16 18 34 84 87 50 32 13 100 15 9 37 40 49 37 60 20 69 3 70 81 62 3 3
36 92 85 26 45 43 22 94 58 9 84 42 47 72 52 11 95 62 10 96 99 47 58 15 79 85 75 100 22 13 9 2 38 22 50
61 15 12 84 17 54 13 65 8 66 26 67 46 77 83 93 63 38 2 16 17 10 88 71 65 38 88 11 11 77 77 56 19 57 83
32 92 88 41 54 70 72 80 90 85 95 9 65 18 44 5 42 13 46 58 33 22 72 35 5 55 62 19 71 74 22 79 17 4 80
87 36 16 26 21 41 100 92 23 70 37 36 40 16 8 34 36 76 33 69 10 46 66 45 48 49 41 28 50 57 50 50 2 63 94
18 63 18 39 19 100 59 37 60 79 26 52 46 40 84 16 98 56 37 50 9 9 88 41 59 81 54 30 31 84 87 68 12 27 93
1 80 13 59 67 69 9 75 41 86 20 30 82 58 41 97 52 43 68 68 94 85 50 77 39 35 76 85 44 28 94 27 45 87 58
84 6 18 71 22 3 26 86 84 35 79 78 26 90 76 71 94 51 33 35 19 65 50 33 28 94 60 28 11 44 65 70 84 57 72
98 6 33 68 68 95 62 15 37 88 32 45 12 1 89 5 38 73 22 27 74 87 27 41 31 88 32 22 40 62 55 58 100 95 74
88 46 91 88 74 45 59 44 33 35 79 83 23 84 75 39 13 95 98 44 85 96 30 3 89 28 16 40 29 45 83 100 61 44 13
20 20 98 48 51 94 65 67 79 60 41 22 43 21 58 9 68 15 66 92 45 58 16 75 71 90 81 1 72 76 41 46 80 76 66
34 21 48 42 75 34 58 99 96 62 65 23 7 83 97 68 38 31 94 94 14 29 59 9 74 27 76 68 41 63 74 46 92 76 69
92 57 99 31 78 1 75 51 79 20 53 10 29 54 65 19 34 82 46 48 87 54 78 76 88 61 54 82 54 66 5 49 19 40 46
84 28 12 84 69 92 26 70 41 99 29 57 66 76 9 26 66 41 84 91 78 94 39 82 43 3 60 20 57 94 80 16 72 55 73
4 6 64 49 52 5 24 88 4 48 42 42 7 22 22 31 92 77 66 40 65 78 33 14 32 80 58 87 35 52 15 71 86 87 56
40 70 39 62 8 66 13 29 62 49 55 79 54 92 4 33 83 98 7 59 30 57 47 48 60 94 27 11 3 35 98 28 18 71 62
16 82 31 88 15 65 90 32 24 93 74 99 10 87 56 62 21 57 8 97 84 58 14 67 64 61 79 47 89 88 81 50 34 100 91
44 69 64 55 61 47 20 37 87 94 61 31 39 44 38 33 55 87 72 66 78 47 13 55 58 34 91 86 85 48 40 56 28 93 39
61 31 92 64 99 27 65 61 70 70 23 87 12 95 67 45 9 67 82 92 40 54 26 13 71 23 92 27 38 75 51 58 9 6 33
62 47 93 17 97 74 96 82 43 79 66 93 56 12 49 32 43 56 99 71 50 66 47 40 35 58 10 47 60 78 39 28 20 38 48
16 64 5 41 50 98 50 17 18 68 21 49 14 70 75 59 11 71 15 88 60 8 38 94 18 50 33 44 31 43 47 89 80 48 4
64 74 80 64 2 91 41 74 62 16 71 82 36 24 13 22 55 60 16 68 51 7 34 29 72 98 16 26 93 35 77 46 50 17 26
30 15 79 46 33 100 30 2 27 64 73 71 69 60 5 23 41 70 75 21 39 76 20 2 35 82 47 100 45 72 61 3 89 21 19
22 41 8 87 2 38 12 50 51 35 64 34 10 69 26 15 45 21 26 7 31 40 67 90 70 34 11 79 42 82 28 29 78 28 73
79 89 64 29 87 28 67 60 65 30 16 7 97 58 42 71 59 100 54 3 86 40 7 2 27 57 32 49 25 92 99 35 71 42 52
94 100 61 10 84 21 75 10 37 26 7 10 24 50 77 22 59 34 15 1 39 50 7 13 16 15 31 61 61 25 100 40 89 94 81
81 18 3 3 81 48 41 32 10 8 42 87 33 20 14 1 6 38 43 55 21 27 56 9 63 12 65 38 43 38 21 92 82 79 5
53 98 53 56 4 23 27 20 95 27 61 43 41 72 84 60 36 57 87 28 20 95 93 64 4 44 86 19 70 48 21 20 92 59 30
75 36 55 97 11 6 12 16 54 36 16 77 35 65 68 54 31 58 35 36 91 94 70 35 10 25 37 97 25 34 47 31 46 62 84
91 45 26 91 55 81 78 99 62 55 57 51 85 96 3 52 24 21 6 14 81 54 64 30 6 14 46 15 43 19 37 72 86 50 64
49 25 17 89 87 18 94 35 31 69 69 4 93 61 29 66 33 92 30 79 54 91 70 48 27 76 61 48 61 74 69 80 12 26 34
77 99 81 32 12 60 82 34 12 3 33 73 38 84 38 48 49 9 77 77 78 30 52 39 98 87 90 18 93 10 40 95 2 86 5
97 74 48 65 50 48 74 7 15 84 45 22 79 92 21 19 15 44 8 35 81 16 27 16 57 60 62 17 77 56 83 53 63 11 38
2 79 27 35 5 26 18 99 69 53 29 50 48 13 89 57 96 68 4 49 29 39 98 25 78 98 22 96 52 72 2 25 23 92 73
68 62 23 100 90 6 9 57 75 35 61 44 45 81 78 36 79 81 36 72 40 42 99 43 55 17 62 75 56 87 25 4 6 53 38
42 48 21 31 83 44 49 80 29 20 35 31 5 16 59 64 10 94 94 41 2 36 6 85 73 5 63 57 88 38 45 85 39 51 43
27 76 45 45 95 21 52 67 13 97 31 37 36 12 79 13 57 79 43 24 4 88 27 23 79 71 92 88 46 16 31 69 13 21 33
24 32 95 41 36 20 1 35 83 85 85 40 73 27 99 95 90 51 46 89 24 39 44 36 62 34 25 42 40 97 58 78 49 41 55
47 51 55 24 65 11 4 4 64 39 28 30 24 57 33 70 87 14 92 27 56 6 68 35 90 48 26 53 62 51 63 52 56 45 81
76 48 65 43 76 77 51 21 8 46 78 82 95 50 52 21 97 3 57 40 2 43 56 100 32 84 31 97 74 12 93 17 51 84 26
21 36 22 35 27 72 55 17 51 87 70 78 68 80 31 45 33 80 42 62 33 3 100 34 60 26 65 27 92 75 23 36 46 89 48
48 91 65 19 79 42 26 61 68 30 96 8 23 45 46 8 21 89 97 23 31 16 35 59 46 43 43 91 15 1 33 54 64 52 89
