90
4
78 54 92 62 8 95 15 29 98 50 21 76 92 53 81 9 86 11 72 67 28 18 88 6 24 59 28 59 65 72 5 20 65 25 46 95 56 50 86 57 28 32 31 74 24 30 81 53 18 24 73 36 68 37 2 19 16 36 12 57 64 53 11 97 69 81 15 10 21 55 26 85 73 23 96 10 73 80 50 62 70 28 41 28 34 27 52 35 12 25
59 17 2 18 54 35 9 65 9 5 48 23 45 3 70 54 49 48 35 41 56 60 10 76 48 23 15 57 50 77 96 71 68 97 39 22 93 6 6 97 95 56 38 34 53 78 65 24 45 25 85 5 80 1 5 79 89 9 30 52 56 94 26 56 64 62 87 43 11 45 40 99 32 39 96 61 16 73 29 7 66 88 36 58 21 99 56 96 60 97
47 20 77 27 93 1 31 10 6 97 5 74 48 70 94 41 3 12 87 7 20 58 33 81 72 42 90 79 53 55 34 58 76 65 25 87 64 38 40 41 2 64 83 23 31 45 28 74 26 99 85 71 73 59 38 34 75 74 68 8 93 26 82 42 4 71 46 54 43 75 5 28 1 23 67 50 91 45 87 75 41 89 57 15 21 51 58 11 42 36
64 51 99 87 73 2 2 53 79 86 14 3 44 85 48 35 42 27 42 91 62 48 62 55 9 99 48 30 19 11 90 19 22 49 69 39 43 54 48 37 99 55 26 66 27 3 83 11 43 24 79 22 24 99 100 2 31 99 52 7 47 79 38 22 59 11 46 98 28 51 33 93 72 76 67 53 17 65 7 91 98 14 30 19 85 44 40 93 19 78
6 57 72 23 12 84 88 76 96 78 43 48 32 6 83 79 2 13 62 44 79 40 21 97 5 27 65 1 25 94 21 7 4 2 3 53 65 40 92 40 87 91 6 58 99 54 95 8 60 48 50 45 35 45 64 35 86 22 89 83 30 41 18 89 65 46 32 74 66 49 53 84 78 46 87 1 45 33 23 15 71 45 90 16 46 35 97 63 98 54
32 85 66 90 43 7 71 36 50 18 85 97 15 52 67 51 62 67 78 67 38 52 66 77 47 15 60 87 73 12 98 68 4 4 84 22 20 55 2 77 22 32 36 3 56 18 98 38 26 74 32 89 98 23 33 22 69 86 91 63 7 71 83 24 88 59 6 20 45 91 94 70 75 75 13 70 96 39 39 55 46 73 63 23 61 54 88 17 90 47
14 39 86 8 62 25 43 33 66 71 36 23 67 35 23 66 63 40 39 40 50 64 80 28 53 90 99 61 73 49 57 64 57 72 68 14 81 64 61 15 51 87 36 74 13 65 7 7 14 88 59 45 53 20 32 59 49 69 4 72 85 73 65 22 54 9 95 20 78 7 100 28 52 67 46 11 27 81 53 15 53 14 24 12 95 46 81 2 25 70
89 52 91 84 32 23 20 88 33 68 87 73 62 18 37 45 82 1 11 19 40 59 47 73 65 96 80 69 75 57 93 63 67 22 37 16 56 60 24 17 74 32 6 52 82 89 87 13 67 52 82 20 5 91 5 11 43 9 31 62 26 63 100 3 19 16 5 45 53 60 46 10 39 82 18 90 98 5 38 85 28 10 92 62 29 66 74 69 89 31
50 70 58 92 88 65 28 83 9 83 57 51 26 66 14 20 66 23 5 96 88 62 95 91 58 10 99 48 26 32 28 12 65 70 30 81 33 3 86 29 41 1 93 36 22 78 59 45 8 77 31 21 6 34 79 37 86 32 59 35 35 65 28 78 49 51 9 58 5 41 21 55 15 98 50 36 14 55 51 63 25 60 86 25 1 54 35 57 83 57
52 99 52 27 25 63 94 93 41 54 47 40 95 13 70 34 27 76 57 76 100 40 39 21 23 28 12 41 14 14 48 53 96 7 51 3 98 91 56 1 42 6 94 43 68 43 65 41 1 8 50 71 42 13 35 81 34 33 79 57 32 88 24 46 26 34 35 23 82 97 25 93 50 83 3 73 33 59 28 62 7 33 33 79 27 85 5 37 16 47
11 38 50 81 88 37 41 39 5 78 56 33 33 86 12 77 15 59 81 43 15 48 44 100 65 85 22 16 45 52 61 95 50 49 57 54 5 96 73 34 47 54 59 91 61 70 52 54 17 48 60 35 98 15 54 8 85 79 14 89 94 74 27 20 2 50 20 39 57 52 9 78 84 69 19 35 78 53 88 63 94 46 90 64 84 30 99 78 92 19
26 70 11 38 12 12 74 87 87 66 14 44 91 50 91 37 99 54 47 76 99 27 86 93 51 6 60 1 49 17 71 11 1 37 41 42 23 18 58 35 28 39 7 28 1 76 43 21 84 68 91 63 19 9 42 31 24 24 54 47 41 96 67 56 41 70 58 64 85 85 52 42 25 25 73 58 43 2 53 25 80 90 100 84 97 6 44 77 7 68
23 94 72 16 9 29 34 10 45 54 41 37 87 84 91 92 19 57 41 29 81 62 53 74 2 94 98 56 79 79 66 78 14 100 96 91 31 47 97 74 57 79 94 46 20 93 92 70 71 17 50 76 53 33 84 69 13 80 48 8 35 25 12 74 5 3 40 47 26 10 53 52 88 12 50 82 29 81 43 49 3 10 81 99 71 57 61 69 76 98
16 95 33 22 74 1 79 29 55 17 2 80 97 17 46 69 11 50 26 83 17 5 56 7 12 25 58 12 32 78 55 54 47 82 70 72 33 11 78 31 62 56 11 64 15 85 83 70 6 36 51 72 75 35 72 75 9 69 95 97 63 58 93 100 5 23 73 35 29 35 98 42 88 39 83 29 27 80 59 96 36 63 7 99 75 98 76 77 85 36
65 97 97 80 67 16 82 89 93 95 19 2 41 75 60 86 20 12 15 40 14 10 17 79 79 1 4 38 41 53 78 80 98 47 78 38 86 89 91 52 60 10 3 10 33 58 79 92 49 51 44 10 80 70 56 53 99 7 73 54 21 1 11 80 62 52 99 100 100 1 8 81 29 17 39 85 29 21 13 78 100 45 43 55 40 27 26 19 62 79
97 25 20 28 73 47 71 75 88 1 67 8 62 36 30 59 43 49 72 52 40 3 89 14 93 65 97 58 19 91 95 33 23 98 27 9 58 48 20 41 78 82 85 8 52 42 19 50 50 2 100 4 56 17 12 24 16 58 41 52 37 22 50 10 25 7 54 48 80 46 9 12 74 41 98 1 13 42 66 27 78 61 37 21 22 86 27 66 71 34
94 57 45 38 96 13 55 41 2 55 34 98 70 10 95 73 80 37 4 5 44 37 86 66 8 89 16 33 57 19 100 88 43 32 81 21 40 58 60 34 71 47 73 57 60 43 27 62 13 9 32 18 94 100 98 22 64 58 80 2 62 25 30 98 80 83 62 33 75 93 17 1 27 78 86 31 23 12 55 85 33 33 85 100 30 98 38 77 21 26
45 93 55 81 16 42 36 30 90 94 70 65 73 33 8 4 5 24 21 60 62 45 69 79 85 34 91 68 11 58 99 92 80 45 91 62 78 61 56 34 63 50 40 64 45 17 38 34 69 38 60 100 72 68 56 39 86 26 41 57 39 51 1 12 54 49 58 21 34 4 10 36 35 4 66 93 30 90 32 10 6 23 85 34 99 2 39 51 87 71
60 86 67 31 42 1 4 11 52 52 1 22 37 77 85 88 4 34 55 74 83 20 80 88 18 41 68 65 9 58 64 31 57 25 96 26 94 98 90 75 34 8 8 6 20 42 44 54 31 3 19 74 57 84 56 3 9 40 25 77 10 23 98 55 80 52 41 13 13 19 41 69 6 33 56 37 34 62 53 8 92 64 26 25 35 96 56 64 13 83
17 76 93 95 9 65 50 80 72 40 23 65 30 16 35 78 57 44 80 66 73 82 18 73 67 71 15 18 68 74 19 67 9 49 79 32 96 28 10 53 77 22 77 89 11 47 30 8 86 32 25 70 24 51 17 100 54 49 79 71 87 52 78 54 13 81 43 42 75 38 23 68 12 3 38 91 10 33 61 18 94 3 41 96 71 58 52 79 26 10
52 83 43 83 89 30 17 96 1 6 36 76 37 83 28 81 44 88 71 97 46 4 11 8 13 88 46 10 92 92 67 3 59 89 29 60 78 14 2 21 91 77 42 44 9 19 34 78 47 21 37 16 2 74 76 87 6 76 63 22 69 49 24 42 56 98 70 50 69 65 34 19 9 57 20 69 63 97 76 34 12 37 81 26 63 71 33 92 17 49
58 67 96 55 98 71 91 73 70 59 52 61 80 62 60 34 51 98 61 70 72 21 39 84 76 4 37 47 99 72 22 72 47 7 73 97 32 68 18 35 35 5 7 99 83 93 65 89 73 50 24 38 66 81 62 48 83 29 51 94 100 40 9 57 4 6 5 6 92 25 80 20 90 87 5 19 11 97 70 9 66 42 89 42 87 65 56 19 99 76
17 25 23 86 70 23 89 25 9 55 61 91 57 1 80 99 70 68 25 58 44 28 91 20 91 68 47 63 99 34 77 75 48 34 20 67 12 48 13 18 49 64 9 2 42 52 52 63 37 74 26 16 38 22 100 69 39 76 49 68 39 1 96 89 76 99 51 51 14 28 67 20 42 9 86 100 2 14 20 26 33 95 87 7 78 12 6 44 44 75
13 77 10 42 52 7 77 63 64 58 54 86 75 62 99 96 85 34 69 37 100 31 71 6 82 3 70 43 9 83 89 22 17 27 19 72 45 56 72 96 15 2 11 18 92 37 64 43 15 51 84 91 91 83 45 31 38 72 39 62 14 11 14 98 26 31 80 6 73 48 39 88 42 32 15 75 40 34 42 74 100 53 29 35 97 64 87 33 9 40
46 38 46 53 80 42 57 29 30 42 40 50 81 13 19 48 54 35 90 61 22 75 29 90 63 54 16 92 98 35 58 30 73 9 87 71 50 84 82 36 74 87 10 68 47 86 44 6 68 13 75 50 68 39 35 85 35 5 1 68 29 66 77 63 55 59 39 60 6 55 94 17 57 18 13 35 28 82 36 25 88 9 65 19 72 66 45 71 95 60
99 89 18 33 34 71 17 47 48 97 67 21 18 83 74 45 6 48 58 1 41 17 40 2 18 47 98 96 59 10 80 63 62 47 76 19 91 7 40 87 85 61 41 27 22 33 20 4 57 6 72 64 62 42 15 97 61 57 95 51 23 36 58 17 87 77 73 11 11 19 35 23 52 36 79 42 36 58 5 39 18 41 23 41 63 2 49 39 61 35
73 4 30 94 48 40 96 50 37 32 7 77 28 14 28 41 31 21 2 15 84 14 6 38 45 2 46 28 95 68 64 91 52 18 25 17 27 32 81 83 6 29 64 72 62 3 61 62 81 62 57 58 62 86 53 20 91 76 41 16 10 26 84 66 50 53 88 91 67 63 44 79 9 15 35 85 59 32 22 8 15 66 39 27 12 80 100 39 7 13
77 41 26 69 21 72 7 79 32 68 20 7 16 30 83 44 82 19 44 92 33 63 57 92 25 28 93 87 29 21 83 15 93 97 52 100 95 11 52 61 69 72 91 64 1 32 23 70 54 10 55 42 100 77 70 1 48 84 1 58 42 67 67 75 66 70 24 37 52 1 41 23 57 15 5 19 19 21 34 89 67 47 72 47 65 63 29 38 31 48
80 25 50 69 19 68 64 54 69 52 6 73 48 7 87 64 74 97 55 68 23 14 80 21 72 86 29 40 4 94 70 92 25 34 100 71 57 11 75 76 9 27 92 31 5 100 77 22 8 65 93 11 51 95 35 63 21 7 42 99 36 50 59 43 99 68 91 87 6 96 92 8 12 82 34 15 82 90 70 100 22 97 9 93 26 38 51 95 19 57
9 47 45 37 4 94 8 85 51 71 37 65 46 76 12 53 87 6 23 31 64 32 29 55 28 38 16 3 58 91 70 95 76 96 80 18 48 3 26 43 79 74 11 92 71 98 1 66 5 78 90 19 16 5 5 4 6 78 11 1 41 63 56 93 2 41 26 62 83 2 18 33 23 77 9 77 57 38 98 99 53 90 77 79 13 81 61 79 36 59
82 62 58 5 90 86 71 68 100 94 55 58 59 11 13 24 56 6 17 98 60 76 43 77 70 98 56 81 13 48 13 59 90 69 52 81 72 60 94 80 10 17 40 8 45 50 16 44 1 9 75 11 5 75 83 28 16 57 42 35 99 77 91 87 37 85 32 22 22 54 22 59 99 94 28 3 23 23 4 18 93 55 54 11 71 25 92 53 88 86
79 71 92 31 61 86 4 38 93 53 26 87 46 40 100 22 39 27 69 75 81 79 14 80 19 75 92 5 34 91 82 3 10 70 22 59 90 5 19 76 14 65 47 66 65 70 79 79 34 79 73 15 33 86 44 20 69 21 11 38 21 1 44 88 31 31 56 96 34 42 86 89 4 67 10 65 54 14 93 31 89 46 26 34 80 87 28 55 21 83
88 56 78 66 11 90 91 3 97 30 99 78 56 33 57 18 36 41 65 66 1 40 29 97 15 36 63 9 67 60 67 60 8 7 47 17 34 14 48 61 98 39 51 64 48 17 67 43 42 31 88 6 99 45 63 50 95 69 75 1 9 66 87 28 84 2 98 30 5 55 68 28 10 65 53 99 21 80 97 51 93 30 3 65 58 66 81 67 14 67
53 49 70 4 18 19 54 58 63 71 34 26 81 21 97 21 20 50 34 45 34 20 63 10 27 94 97 90 49 95 4 87 22 24 1 71 3 33 28 75 47 33 32 15 65 87 67 15 4 60 71 72 10 76 53 99 12 26 14 33 18 80 73 59 18 62 22 37 40 29 93 97 40 80 17 50 88 24 83 59 97 42 99 58 57 96 18 53 91 93
42 46 52 89 10 67 4 52 97 45 42 39 25 75 12 93 19 40 3 8 33 29 75 46 44 43 6 5 95 94 12 21 51 72 34 44 77 95 43 52 55 77 16 5 14 28 84 7 95 17 52 72 22 70 81 67 27 5 78 1 62 37 65 56 19 73 1 29 17 46 28 80 30 16 32 28 68 19 85 79 49 11 14 89 8 73 70 27 14 92
18 8 75 18 73 46 91 93 31 76 62 72 3 2 30 31 18 95 22 97 14 40 37 83 57 38 85 88 71 29 17 93 68 6 66 45 78 61 33 63 4 82 10 76 13 7 9 49 76 14 81 59 61 57 99 68 15 26 37 8 23 79 69 32 47 31 29 63 37 31 12 94 6 52 95 55 60 3 47 44 26 80 43 89 96 99 93 46 6 32
10 64 2 8 53 87 19 23 3 89 22 93 27 43 74 7 21 84 15 85 43 14 99 56 93 55 37 95 12 52 69 13 68 57 5 6 15 56 55 1 19 72 57 50 94 100 25 49 13 85 76 5 55 91 38 32 52 50 95 8 83 68 84 30 67 45 98 23 49 16 97 82 10 96 85 14 68 29 94 58 19 71 19 76 32 48 35 54 13 59
32 75 1 87 41 29 58 10 97 34 69 53 63 51 87 82 62 18 80 67 92 54 47 90 51 26 26 23 92 64 24 50 28 50 82 46 20 97 88 84 25 34 98 20 8 50 47 10 59 5 40 68 79 12 56 69 16 39 61 90 44 66 26 21 94 96 16 43 83 7 32 42 5 23 38 25 77 99 1 5 7 57 88 71 2 69 20 16 13 34
61 66 73 98 78 91 66 57 43 29 53 79 1 30 75 59 14 81 24 85 4 6 14 50 63 48 52 18 54 12 15 42 2 7 17 65 2 97 56 71 31 31 16 37 81 72 83 46 73 18 29 1 25 62 42 12 50 55 43 99 30 52 78 3 20 95 41 43 38 85 13 1 6 50 59 44 41 20 59 21 95 11 85 59 15 37 29 37 18 3
37 63 21 25 66 41 17 46 31 71 44 90 54 23 8 87 14 5 46 78 11 7 46 84 47 10 87 61 48 27 42 51 77 46 72 75 14 92 100 48 100 31 58 19 81 7 13 16 33 49 65 96 43 91 44 84 49 39 31 90 13 44 33 32 95 22 58 94 79 25 94 94 40 92 12 48 99 66 68 4 95 1 10 30 69 53 42 44 36 74
47 81 93 7 1 5 95 75 90 89 28 52 45 5 24 69 92 24 5 100 75 62 87 30 43 3 77 61 47 42 74 94 10 4 37 95 53 37 83 48 47 62 69 12 92 34 6 89 37 99 95 60 80 93 53 34 39 51 97 98 78 17 12 29 43 6 53 30 22 84 35 84 8 5 7 78 93 55 72 93 10 2 28 32 43 30 77 84 8 8
38 32 91 9 6 63 17 64 15 14 42 84 32 20 51 66 93 40 15 18 24 83 84 54 80 2 19 91 16 57 54 72 21 12 78 31 82 84 69 70 57 56 28 52 70 71 49 15 51 54 70 46 7 27 88 30 5 58 82 11 17 68 26 48 89 38 5 78 39 93 56 91 88 4 26 72 88 32 39 77 97 24 71 5 47 58 32 81 85 43
42 62 57 2 95 40 42 70 49 44 100 60 10 55 56 68 78 61 81 86 39 73 76 91 86 75 58 4 98 68 36 97 73 72 25 46 23 45 92 11 96 23 55 5 80 63 91 46 66 85 12 68 58 61 19 29 63 48 73 75 74 3 69 86 74 49 70 57 86 88 16 15 32 49 100 14 24 39 77 76 100 72 98 71 65 13 81 73 76 32
24 15 33 31 86 6 50 11 4 51 95 65 19 72 6 91 88 20 44 34 58 31 47 38 67 39 28 85 81 42 23 9 40 97 69 22 89 43 66 2 61 81 46 13 27 89 59 77 73 34 93 69 80 88 77 50 67 18 73 61 2 48 48 14 71 70 2 93 57 1 30 93 22 98 35 99 63 64 28 11 10 37 92 89 68 82 38 18 65 8
62 33 43 35 2 4 36 10 59 57 83 21 98 80 52 55 91 50 21 5 67 5 73 16 15 94 38 32 69 16 61 53 62 4 93 3 22 90 37 66 70 20 82 1 10 34 79 18 72 77 95 49 45 59 94 90 21 89 59 79 97 79 26 43 57 94 52 56 49 87 49 3 88 67 99 64 54 67 51 81 2 17 50 17 4 34 60 44 19 3
34 30 38 17 39 69 82 61 70 84 3 85 43 72 29 73 88 69 63 41 15 45 7 30 45 94 19 19 40 32 54 68 50 53 34 71 4 97 4 10 31 68 76 21 50 29 65 62 49 98 60 70 75 63 70 69 99 38 99 77 38 90 59 77 37 20 6 87 95 95 79 11 39 46 64 12 64 82 50 18 11 25 78 72 78 41 64 69 22 54
63 13 99 19 92 77 10 19 90 1 8 56 70 36 32 87 97 27 93 57 45 39 73 35 66 38 90 88 63 34 35 19 60 92 44 10 6 75 77 35 76 66 97 87 26 3 7 37 94 13 76 56 87 85 78 40 38 46 50 86 79 67 36 92 28 67 83 98 45 94 55 49 45 98 97 60 48 94 25 54 85 27 25 48 88 62 75 15 99 78
68 28 35 82 46 18 34 18 87 52 93 59 94 67 4 73 5 2 68 41 36 9 47 7 19 2 51 52 90 76 9 84 83 66 37 27 56 62 40 2 41 58 93 97 30 78 63 14 4 67 98 78 5 28 6 83 35 50 31 84 42 67 94 93 98 44 45 53 41 38 99 22 92 22 54 58 20 98 60 49 90 91 35 93 93 82 37 41 60 83
3 18 59 76 1 59 4 44 90 95 38 66 34 96 81 15 50 92 85 58 40 94 57 1 28 90 8 92 67 80 1 70 56 20 65 38 7 49 22 100 85 1 77 58 35 33 38 74 13 65 55 93 71 78 72 44 82 64 50 51 68 20 5 50 48 51 45 75 77 66 66 87 9 80 8 49 41 9 22 95 57 9 15 7 83 29 36 13 60 74
57 58 8 23 29 54 91 19 97 4 3 70 51 37 7 5 34 21 66 70 36 52 78 23 37 29 26 18 82 1 78 14 70 97 63 45 8 28 72 1 4 7 34 6 92 72 34 10 34 11 52 97 44 29 97 38 100 94 36 20 91 75 33 89 43 49 23 13 40 95 56 96 29 81 20 75 59 83 29 40 1 10 75 82 20 16 28 4 82 75
29 4 85 80 12 33 95 73 70 19 91 48 64 55 37 91 10 59 37 96 55 93 56 28 93 84 99 65 66 11 70 79 70 63 50 16 12 100 39 95 53 44 12 95 25 11 100 59 58 2 42 79 32 4 34 3 33 73 3 9 10 44 21 47 31 52 20 54 26 41 14 46 66 92 28 85 53 58 71 46 32 63 39 66 85 16 43 66 67 79
85 27 72 52 85 78 53 73 29 68 27 98 68 36 43 39 43 2 3 90 78 54 99 83 19 52 97 49 29 31 11 51 67 45 18 8 100 68 36 22 49 100 97 43 31 73 69 100 76 25 74 30 54 42 61 26 24 55 41 45 75 25 100 16 46 23 16 46 56 85 45 82 22 86 15 15 99 31 39 54 56 98 88 6 33 70 58 87 36 15
68 79 84 93 14 59 18 95 55 78 69 5 94 92 90 56 57 88 23 62 52 59 94 72 28 27 76 61 82 13 8 91 62 63 5 64 48 54 48 30 75 59 84 4 99 50 27 80 57 23 74 53 2 91 66 17 94 23 3 29 5 93 60 25 87 23 84 14 29 54 3 29 96 25 45 16 3 55 68 74 8 13 81 68 36 55 15 31 90 42
55 3 5 33 8 7 47 34 13 80 76 77 31 88 9 62 43 30 45 17 93 83 87 52 10 63 44 56 43 23 21 18 10 42 24 36 26 53 7 92 12 77 39 48 96 17 80 31 37 49 77 6 45 71 98 24 10 63 19 93 91 31 40 72 63 43 64 80 43 69 43 38 32 2 37 67 100 77 84 33 23 30 91 39 69 73 33 77 7 100
71 5 61 52 86 20 65 39 37 2 30 73 17 88 82 12 75 42 8 1 1 19 52 70 9 5 82 29 15 10 69 83 20 48 66 95 56 66 32 6 58 89 37 94 90 47 17 28 5 34 82 4 19 88 48 91 84 79 85 14 31 97 38 59 27 34 27 94 75 25 15 23 35 17 90 80 19 22 55 32 15 48 14 77 25 69 96 99 6 55
53 46 94 50 51 72 91 6 23 47 11 1 66 72 60 62 8 69 30 26 4 76 65 74 77 4 73 13 63 70 85 92 88 34 79 86 62 85 83 74 78 86 100 71 74 14 46 95 18 81 54 16 3 60 23 24 41 10 31 81 25 52 30 23 87 5 10 17 6 92 72 78 45 14 60 68 18 24 39 90 99 82 92 82 27 94 88 57 71 66
81 25 85 66 88 73 99 43 20 89 27 23 40 36 25 72 42 65 42 43 71 75 58 36 88 15 22 40 57 47 46 87 54 46 79 2 91 46 28 79 53 26 36 57 96 71 65 67 10 50 16 4 18 25 82 82 80 3 77 29 84 39 67 40 8 2 16 57 18 11 49 94 87 68 96 50 92 89 95 79 3 99 2 35 43 2 12 84 54 41
100 71 20 88 8 56 72 34 53 52 82 10 10 95 86 55 75 66 64 21 1 12 9 90 80 53 23 57 53 49 96 33 57 91 43 40 9 14 98 87 70 83 36 71 58 65 93 100 28 15 27 11 21 50 75 20 95 70 59 31 20 28 63 77 29 41 27 24 85 85 33 70 99 5 66 27 92 67 47 8 23 44 8 71 56 38 81 82 51 8
17 72 66 5 86 16 90 12 90 4 58 81 63 75 57 76 69 39 2 48 15 64 49 23 75 52 69 14 12 22 96 15 65 86 57 12 43 88 97 17 73 31 30 71 53 80 83 93 12 11 15 54 88 37 38 89 26 71 45 40 95 98 69 28 82 71 10 75 89 25 98 73 76 42 21 13 53 20 47 34 31 51 88 43 81 35 9 14 45 4
43 82 34 24 23 42 52 72 44 78 80 56 7 17 46 67 92 82 25 60 44 56 51 65 83 11 35 82 97 83 46 2 51 15 38 43 26 25 53 31 88 3 58 57 59 81 37 64 4 62 10 99 69 24 70 52 53 64 55 66 27 68 1 24 19 6 23 5 28 75 10 78 56 81 21 86 52 48 26 8 2 72 23 89 87 92 38 9 61 69
51 1 73 47 40 12 67 7 33 70 10 82 64 99 7 100 92 24 46 44 82 39 49 19 41 95 86 76 81 35 93 10 36 25 11 18 63 80 30 19 43 72 36 24 79 98 76 77 23 12 80 53 94 4 73 23 16 95 22 95 44 89 84 24 4 26 27 13 77 96 64 33 61 4 57 91 4 34 59 26 39 9 33 90 67 46 30 46 52 36
74 68 73 14 77 89 19 82 76 17 39 52 39 37 14 33 46 4 38 69 83 37 72 39 84 100 62 85 59 52 92 52 1 58 50 93 44 13 70 40 79 84 70 27 15 74 48 55 17 6 88 92 99 87 32 3 61 58 5 48 22 24 59 87 63 64 29 21 38 24 33 68 15 66 43 16 64 20 30 15 41 36 69 97 59 73 28 52 90 70
28 31 87 91 50 47 34 36 4 68 97 64 2 30 33 41 44 2 97 37 8 13 100 66 2 72 57 90 100 12 77 64 98 2 75 64 5 95 5 81 71 12 86 66 34 78 18 36 57 21 57 36 32 88 36 40 61 94 41 46 30 49 11 42 96 3 51 23 10 63 40 96 83 17 46 95 70 86 3 33 75 5 99 70 93 38 84 98 39 37
99 65 93 60 3 8 49 68 55 27 50 41 7 96 76 12 28 65 65 60 3 83 5 58 60 38 59 74 32 71 89 57 29 94 12 98 19 32 40 95 1 84 25 14 35 42 22 61 39 16 25 14 67 34 23 80 90 55 19 48 93 10 11 99 2 86 90 82 24 68 99 13 59 80 75 17 80 42 79 41 51 8 88 7 30 26 62 19 16 18
41 68 38 68 92 67 90 59 44 14 24 1 71 22 73 69 41 52 31 78 27 64 58 10 74 17 40 62 57 79 97 43 98 66 43 70 88 59 54 45 39 12 49 57 98 92 30 49 59 86 41 61 27 49 17 51 56 9 37 36 96 96 28 4 35 38 54 64 94 92 7 87 22 47 16 98 6 26 82 34 19 58 95 98 41 39 60 66 13 23
51 68 88 37 2 81 49 92 57 85 47 86 58 83 47 92 21 48 72 31 6 2 13 36 40 49 92 1 71 66 35 86 78 92 15 75 93 32 26 62 12 4 75 16 16 28 46 3 82 76 7 84 54 94 81 28 55 24 82 55 51 23 3 42 19 21 49 31 5 35 45 30 37 67 31 58 35 23 93 84 70 27 82 47 2 23 93 36 88 60
11 80 16 80 43 15 81 63 33 1 49 95 19 49 11 10 91 78 48 21 5 91 4 61 13 34 92 68 81 44 29 74 45 25 60 90 58 98 10 69 55 70 84 95 31 7 81 5 52 83 65 18 45 51 79 89 27 7 81 62 3 20 94 7 77 42 2 33 79 8 100 30 15 67 48 83 17 44 71 23 21 82 30 14 71 46 55 59 70 97
75 46 40 92 44 88 21 45 51 63 45 66 75 96 43 18 32 10 4 95 26 52 49 40 71 74 100 3 8 3 46 25 81 86 72 29 12 99 18 1 54 85 74 70 1 33 83 83 25 97 33 91 20 67 67 75 38 45 97 17 69 97 38 44 43 88 69 8 92 44 26 11 47 62 60 26 68 71 40 35 25 64 100 5 89 32 25 10 77 62
1 1 79 91 78 30 35 69 8 51 38 25 25 94 20 1 68 18 5 91 87 49 4 51 96 92 24 63 17 88 78 49 42 79 59 62 36 43 100 64 94 36 54 13 72 100 75 53 43 8 89 17 32 95 3 60 17 75 50 17 83 90 80 85 62 52 64 3 90 13 26 91 66 58 97 88 96 89 11 44 9 89 76 84 17 62 73 33 19 66
1 88 20 47 85 95 14 17 30 54 81 9 42 31 66 94 49 24 76 89 57 48 56 12 57 74 60 89 26 75 81 18 92 69 5 61 29 20 86 16 72 88 58 29 38 7 84 66 39 43 36 26 80 39 82 61 76 92 33 33 51 44 47 11 59 37 26 66 31 22 75 82 53 3 28 89 19 89 70 45 84 29 80 88 78 43 96 56 59 45
90 70 98 20 72 98 87 88 13 70 13 18 8 26 46 45 44 26 18 69 78 48 13 92 38 52 88 1 95 64 40 79 92 19 35 100 63 83 48 85 79 41 2 9 79 38 38 28 53 48 41 3 96 24 71 74 55 45 23 60 32 19 31 35 42 63 37 17 60 17 95 95 25 41 13 16 78 14 77 31 8 65 62 94 67 65 13 18 69 98
45 54 20 84 80 95 51 7 12 31 33 70 4 38 64 12 16 59 18 56 72 22 12 84 56 9 98 25 12 8 66 22 51 55 99 32 39 74 45 30 43 6 20 15 70 94 69 87 40 80 83 19 29 89 91 34 40 13 22 66 3 56 58 58 44 82 58 33 78 11 84 57 70 89 93 52 75 19 16 54 1 28 78 4 47 100 85 33 9 32
1 80 8 9 45 32 80 66 54 92 11 3 37 23 38 75 40 8 99 20 46 72 13 29 67 29 56 70 23 17 96 89 62 29 45 9 5 35 77 66 10 19 99 100 95 19 34 23 11 12 9 46 98 30 74 25 26 91 42 47 57 22 66 99 3 71 13 63 13 73 3 5 12 71 56 49 91 84 25 1 44 56 93 79 6 73 5 58 8 73
32 68 59 25 40 84 30 27 96 19 55 98 28 79 11 15 20 21 8 86 92 18 53 69 32 81 67 26 53 67 90 52 79 36 80 4 8 97 22 61 94 57 100 14 96 15 67 100 19 78 81 7 44 98 69 97 68 35 9 49 12 11 7 42 59 81 96 93 30 12 57 2 18 22 21 51 87 36 10 75 12 91 41 72 59 41 96 77 18 65
82 85 65 19 97 21 89 64 54 34 80 85 63 81 38 18 58 90 46 32 2 51 65 30 95 57 27 84 2 2 95 13 74 25 88 82 99 97 75 37 19 38 52 94 65 81 61 14 69 42 38 21 70 94 12 70 62 81 11 73 26 2 24 34 82 5 85 6 9 92 18 68 37 86 18 11 23 23 85 82 28 68 88 52 92 63 52 21 66 35
90 61 91 21 59 2 48 25 9 17 51 91 7 70 76 98 90 70 71 64 24 30 33 78 10 47 24 84 97 6 72 55 3 69 66 54 75 70 69 40 29 27 5 82 17 13 11 12 58 45 79 88 54 30 24 32 5 71 43 82 82 47 75 63 24 27 51 9 91 74 14 3 71 3 80 63 22 70 50 53 77 56 21 88 35 7 68 1 94 59
49 68 57 83 69 50 92 83 20 36 4 5 29 29 41 46 62 85 41 15 34 97 37 25 55 6 76 15 85 78 5 48 48 48 40 14 33 90 85 95 82 100 22 60 82 62 31 29 18 35 55 60 10 46 75 11 16 72 39 21 72 68 47 88 28 46 84 13 90 32 60 5 65 40 27 58 53 47 12 37 62 43 97 6 49 14 92 84 82 45
67 72 93 40 54 40 58 52 39 37 16 96 22 86 42 62 99 69 80 41 27 37 30 4 63 37 58 67 56 92 88 30 66 77 84 91 66 31 32 65 56 12 82 2 46 93 27 56 11 67 29 30 83 36 43 88 74 30 95 83 11 32 26 42 63 5 18 56 79 95 14 27 27 17 12 98 13 79 76 27 53 5 85 72 8 12 96 11 65 70
55 27 68 53 2 77 56 58 93 90 16 97 98 43 13 78 16 43 55 30 98 96 4 77 64 37 6 72 75 27 72 4 84 42 72 45 21 25 2 16 82 48 9 83 56 80 93 78 92 94 41 42 66 44 85 55 67 24 69 40 21 100 36 78 10 19 50 66 67 69 82 20 96 25 8 72 1 1 45 54 20 33 2 52 91 78 29 61 75 24
67 14 71 18 12 56 4 38 82 30 74 75 85 66 65 49 27 51 19 9 97 43 34 38 53 67 22 32 96 56 70 36 59 40 67 11 45 24 37 36 15 93 5 76 22 90 60 46 55 35 76 31 2 91 26 79 60 99 21 28 94 15 47 16 86 17 87 56 5 34 87 93 14 40 80 26 92 47 50 69 87 24 85 78 54 15 96 15 96 20
33 81 88 22 58 4 51 46 72 1 80 91 68 1 80 63 30 57 2 12 10 57 98 20 56 31 56 66 98 1 60 67 95 59 68 1 26 58 19 41 66 31 76 92 52 82 90 72 14 29 60 87 37 71 51 26 36 64 32 48 99 51 98 37 41 58 57 69 88 18 82 41 92 43 16 94 73 53 70 12 96 1 14 76 18 98 84 78 52 99
48 12 41 84 7 19 95 93 61 43 41 34 37 22 39 84 82 63 11 58 8 64 68 3 4 89 37 88 37 86 43 55 47 13 3 9 2 2 39 17 79 83 87 21 76 10 3 33 23 42 95 41 74 99 87 82 13 4 9 56 17 56 1 91 85 69 22 60 89 53 50 79 85 28 11 62 13 48 99 46 63 48 82 62 92 37 32 17 97 75
95 48 28 82 12 34 31 77 54 63 13 11 75 77 15 16 81 53 42 91 38 80 40 16 21 38 89 18 43 23 70 61 82 82 7 65 85 14 98 34 72 11 35 4 91 35 42 91 64 58 53 97 55 7 95 65 16 64 22 95 85 2 78 96 55 26 24 31 57 29 94 19 11 95 52 17 17 30 77 59 38 85 24 27 73 24 11 3 26 54
96 72 31 43 14 89 85 24 14 37 85 44 13 82 2 91 96 14 26 16 26 26 40 38 99 70 79 96 3 49 100 41 6 24 87 26 45 91 39 92 16 32 70 43 99 51 54 97 60 95 8 77 35 5 61 50 53 23 6 7 2 66 97 77 50 17 79 76 23 58 25 47 90 50 4 57 68 34 48 18 76 96 54 70 66 55 87 73 42 9
75 47 61 84 78 32 8 70 78 62 4 41 80 98 76 10 95 99 23 6 7 75 18 65 52 22 67 74 42 80 58 98 5 26 64 7 17 9 77 4 42 24 22 6 67 49 75 100 18 33 98 83 97 17 87 52 96 3 9 4 51 11 83 50 51 58 42 95 48 95 39 60 5 20 88 91 74 4 77 29 53 14 94 19 84 60 82 72 53 15
77 10 84 45 76 23 53 89 68 84 92 94 56 72 12 15 72 57 65 71 62 8 59 29 54 74 4 67 75 34 24 97 76 34 97 90 85 15 36 68 37 29 28 91 22 56 14 68 1 75 61 79 35 39 67 10 80 13 76 46 59 14 64 98 28 55 10 30 75 88 77 92 14 72 17 50 96 3 74 52 27 45 29 33 97 1 98 19 64 33
21 5 17 27 82 42 90 93 6 1 53 9 24 40 50 66 16 30 5 40 4 19 15 28 34 100 34 95 3 88 41 2 19 47 62 36 70 83 20 74 10 64 6 34 44 97 5 36 44 84 37 49 9 13 25 91 21 65 44 72 93 7 37 7 93 97 13 89 82 62 23 31 82 18 2 32 50 60 85 39 87 30 28 67 22 42 12 46 78 56
6 60 98 82 51 45 7 37 38 80 54 40 88 90 55 56 24 71 67 66 16 81 42 73 52 88 45 70 92 30 96 81 71 27 30 74 28 39 10 3 9 6 52 88 27 23 80 37 77 94 24 49 85 88 58 75 80 16 62 1 70 56 28 68 9 30 56 97 56 16 29 1 73 54 2 40 47 35 91 22 77 5 20 23 86 24 94 22 8 67
17 17 17 24 34 29 35 5 78 50 63 71 26 3 27 69 45 78 20 29 91 24 69 89 14 34 90 29 77 38 19 96 60 23 75 67 3 41 89 7 100 85 25 87 44 4 75 78 33 74 59 56 38 84 58 68 12 24 40 16 100 60 100 91 92 31 98 25 9 57 49 61 88 16 11 98 20 82 70 68 93 65 95 89 23 16 74 81 19 59
6 99 31 79 7 76 86 83 49 82 73 27 30 15 67 83 44 60 44 59 46 29 84 47 50 5 27 43 54 47 78 52 77 45 92 90 16 65 47 29 93 5 29 40 72 88 60 33 39 74 82 90 1 48 12 47 51 32 72 71 30 41 19 37 32 45 94 71 48 74 54 30 81 15 77 76 29 52 61 39 79 4 17 21 87 41 42 64 87 89
27 41 40 13 71 76 98 84 23 34 2 22 41 33 31 69 13 54 60 88 60 30 71 21 17 98 70 70 62 64 54 25 20 90 73 63 43 23 30 7 12 70 32 23 9 27 34 11 33 14 20 70 8 42 93 13 50 72 51 57 21 69 5 27 50 58 17 87 66 28 96 62 48 47 28 38 91 39 2 34 49 43 43 94 77 64 80 73 95 7
24 13 42 35 36 86 76 12 21 59 10 27 71 84 73 80 89 85 52 43 3 24 39 60 49 24 38 51 2 9 11 4 42 42 42 41 100 55 80 12 8 65 55 55 100 53 11 10 26 73 66 25 53 3 45 77 95 63 64 54 38 44 55 16 81 59 50 16 10 98 52 74 93 67 63 13 49 100 54 38 96 59 68 11 52 93 68 51 55 18
31 42 33 50 71 34 1 24 35 43 40 89 74 37 86 63 41 69 75 14 15 59 36 2 100 67 88 50 45 60 8 41 14 8 86 16 61 72 6 58 96 7 27 39 80 84 6 9 72 31 31 88 22 95 66 96 39 55 18 15 94 99 36 57 53 88 36 72 31 47 70 52 41 82 20 74 27 82 2 4 8 99 18 84 39 62 52 1 37 14
100 3 32 42 66 42 77 43 75 13 60 69 53 94 21 19 88 98 46 29 12 45 47 91 8 8 81 75 78 49 40 40 80 58 3 73 72 81 52 99 15 78 9 91 51 41 78 1 25 51 96 73 69 79 98 5 64 56 58 8 38 55 10 17 33 30 81 37 48 71 37 6 23 54 79 1 98 65 74 57 78 58 69 50 80 25 74 55 14 79
59 63 2 80 52 84 12 51 86 71 28 29 98 3 69 50 70 76 36 22 5 21 73 30 78 92 10 18 90 21 89 24 14 12 19 44 59 50 49 45 69 6 1 96 56 58 51 49 99 91 43 39 12 67 49 90 18 63 67 2 89 76 85 8 96 72 40 54 57 99 63 24 12 67 85 27 97 81 55 66 50 39 14 68 57 97 59 72 49 44
58 61 7 51 8 64 37 37 66 92 76 89 78 79 61 61 65 64 55 99 24 90 29 1 19 53 56 76 73 30 32 40 89 88 18 71 63 23 41 54 94 94 33 9 92 37 95 25 2 64 8 50 20 21 66 61 44 26 23 23 55 6 90 77 93 38 50 31 22 6 55 78 42 84 9 43 69 26 32 71 63 77 81 38 19 68 95 72 6 71
27 97 53 60 48 78 26 27 70 52 40 76 5 61 29 29 26 25 71 30 46 29 36 57 18 21 16 64 92 66 1 13 50 66 32 93 91 93 67 17 26 5 88 90 34 63 86 29 79 2 72 27 55 92 53 86 30 14 35 80 89 20 32 2 94 4 72 100 63 52 70 13 98 12 6 96 97 65 41 49 92 22 80 3 64 67 96 13 9 64
63 40 47 90 8 5 61 75 14 90 36 32 88 45 1 81 55 25 55 71 5 2 23 94 54 98 20 37 73 9 1 50 36 74 32 83 29 7 30 47 25 69 63 46 12 37 95 90 71 19 30 40 68 83 76 99 5 86 3 70 35 99 62 26 56 39 99 46 98 45 19 74 46 71 60 16 85 6 84 2 91 84 66 60 95 37 56 83 27 59
42 40 85 78 99 28 88 43 57 1 19 99 77 50 13 19 26 98 48 1 49 87 51 30 100 62 19 55 35 56 70 54 25 86 100 71 18 32 7 45 37 58 51 66 20 35 73 43 60 81 20 49 50 34 1 75 80 71 27 41 87 46 72 29 80 30 95 44 79 91 78 41 76 78 38 30 60 25 95 17 75 14 47 92 20 10 32 98 44 26
2 82 66 1 96 28 79 36 98 55 89 44 7 49 29 28 95 83 88 92 12 51 35 64 64 39 6 31 89 76 42 93 39 24 73 29 40 73 34 89 16 63 98 87 87 82 43 65 90 98 68 44 31 92 18 20 62 36 34 45 54 61 3 4 91 77 59 40 51 62 13 47 30 35 60 82 55 8 83 17 56 65 59 70 62 94 2 71 98 89
78 57 49 77 5 21 20 89 83 39 88 22 31 80 78 48 98 89 96 23 64 52 27 44 78 46 74 77 1 59 40 43 50 10 33 96 6 80 64 82 5 46 94 9 61 62 15 48 49 83 22 53 87 57 34 15 29 55 31 63 85 98 54 84 70 97 14 99 10 41 100 37 17 24 12 34 27 6 8 3 3 54 77 33 92 24 16 36 63 55
55 58 35 38 32 78 24 39 13 40 63 57 32 40 70 44 61 50 51 64 75 51 88 48 58 36 18 81 80 1 76 34 24 87 90 92 82 17 3 93 90 36 33 7 89 27 4 12 66 96 84 77 55 7 16 63 11 70 58 50 38 14 85 52 17 44 14 83 67 1 82 84 79 63 50 52 95 27 73 22 48 57 42 21 76 86 55 5 30 71
78 69 35 1 68 100 71 8 58 94 50 95 64 35 24 60 1 24 81 87 41 95 16 8 48 88 51 46 31 85 87 67 49 63 37 34 23 54 67 13 5 32 99 40 70 42 31 9 47 68 18 41 49 90 36 52 23 85 86 33 57 61 4 13 4 77 23 48 40 12 96 75 89 83 27 3 81 59 9 83 75 56 34 6 74 2 29 12 54 92
71 56 49 92 21 24 57 53 77 6 72 98 13 98 19 24 7 42 91 39 67 15 22 72 40 40 75 64 79 75 44 74 29 61 70 98 100 49 77 8 34 67 32 27 15 70 98 16 97 5 63 5 42 56 98 39 42 12 74 8 81 37 50 65 63 99 69 60 7 34 93 69 34 40 75 68 12 26 15 1 3 75 20 60 8 42 97 84 64 88
81 50 46 28 71 56 2 88 45 8 87 11 4 12 73 83 81 35 66 18 96 67 5 4 79 70 33 25 88 87 31 39 31 11 51 9 42 2 66 54 71 13 92 4 27 36 47 12 75 98 65 11 21 55 56 49 58 60 1 94 59 47 2 87 15 24 9 45 61 40 54 34 44 97 88 96 22 67 95 94 14 81 53 38 55 86 16 15 3 64
94 18 9 14 21 89 86 89 89 3 41 48 50 8 22 18 78 18 28 96 47 91 43 53 16 23 90 6 68 59 12 50 30 40 62 37 97 38 61 27 65 36 61 77 64 45 54 52 40 22 16 73 90 85 22 91 19 97 46 20 59 64 6 92 13 90 33 34 38 65 70 69 45 19 69 60 37 27 21 20 41 56 66 23 7 24 30 7 64 94
43 39 41 100 85 66 66 53 14 47 33 3 59 67 82 16 20 38 40 45 94 83 41 22 98 75 75 22 8 42 92 1 66 48 99 22 53 81 92 100 69 3 58 100 23 49 60 64 84 28 15 97 48 65 78 14 84 38 64 53 82 83 9 66 5 11 22 93 26 88 16 71 15 10 29 46 11 50 57 31 99 70 64 64 61 88 40 100 69 29
69 14 19 72 78 30 32 76 64 66 12 33 63 96 9 40 68 72 37 61 16 97 64 69 57 48 25 42 68 3 85 39 92 22 21 49 64 86 98 70 6 88 85 52 15 65 95 46 53 100 78 27 16 49 26 69 59 63 71 35 8 15 66 22 48 86 36 5 62 27 82 58 26 28 89 15 45 34 33 16 16 38 95 72 52 98 43 19 26 47
8 1 26 20 97 60 2 42 67 17 8 83 99 44 82 19 7 9 85 81 81 77 38 59 40 8 55 51 35 37 91 6 78 2 58 97 57 85 80 66 75 68 58 5 88 12 24 71 6 93 98 4 28 95 28 55 66 30 14 27 35 77 100 93 84 68 15 37 94 13 76 89 75 48 13 52 69 37 82 67 64 48 94 59 54 63 85 10 72 24
46 100 35 52 78 22 73 22 57 89 88 3 68 3 12 26 100 84 38 52 24 13 2 12 86 61 46 49 28 88 76 42 30 83 32 30 50 99 2 7 85 58 56 62 12 56 97 24 48 11 10 54 57 6 60 11 1 90 18 6 64 7 55 25 47 24 61 48 82 43 57 55 88 33 10 79 17 76 76 87 4 33 67 3 90 26 64 56 3 80
93 49 39 43 43 93 99 65 66 43 74 82 94 34 51 82 63 80 6 72 89 7 85 49 93 56 75 84 49 66 60 53 72 55 16 1 19 86 23 59 48 34 54 9 35 62 67 45 23 65 82 24 39 11 85 46 75 92 71 23 37 91 72 77 50 4 90 23 27 21 1 53 77 15 24 59 86 99 48 70 77 85 60 38 86 90 32 17 9 91
53 96 84 47 66 64 95 59 7 68 91 92 45 59 87 18 41 43 64 51 30 21 92 99 38 10 19 83 36 48 83 43 64 73 46 84 24 23 48 19 11 78 59 95 29 44 12 1 87 3 77 78 92 47 33 58 92 59 69 53 78 36 93 77 61 76 63 95 80 48 100 42 37 42 80 73 75 6 31 16 35 41 26 22 12 8 64 73 36 58
21 53 49 92 21 52 97 97 42 84 54 79 17 98 62 53 9 93 13 59 8 74 44 87 88 18 18 63 80 72 12 57 92 17 82 11 99 25 41 46 28 47 90 54 65 55 70 22 18 62 49 68 90 33 32 72 40 79 62 58 78 29 31 87 58 26 11 66 38 97 58 85 99 49 37 17 99 86 73 5 100 37 7 92 73 47 67 69 54 67
15 37 50 5 45 9 92 32 52 17 43 27 23 29 90 28 44 82 10 66 74 78 1 75 62 44 88 24 33 91 97 69 93 71 97 54 31 84 3 38 33 25 7 52 11 45 21 83 6 90 62 79 81 11 10 18 40 10 9 15 28 32 13 74 24 75 37 92 67 99 2 79 4 87 16 1 25 43 33 88 69 98 95 14 30 95 54 18 82 79
33 80 8 50 86 61 70 69 42 97 38 10 76 78 65 75 50 52 19 84 87 99 73 93 10 49 45 65 67 19 87 28 97 85 8 92 50 36 37 2 19 16 57 88 44 19 32 41 6 72 63 23 91 80 15 72 43 74 93 99 69 10 83 7 42 46 61 55 70 86 29 100 59 73 38 69 91 61 77 63 32 47 92 4 76 4 8 88 71 77
98 63 54 21 71 73 84 69 59 54 53 90 54 85 36 47 7 31 72 66 17 53 62 18 77 96 98 52 35 1 82 74 97 80 24 82 8 97 1 71 31 90 68 41 4 8 36 39 1 54 75 78 13 91 72 15 65 35 85 89 3 43 50 21 79 76 69 78 65 82 81 71 11 56 39 49 38 90 66 27 76 82 69 38 69 97 96 56 29 67
85 35 59 82 62 5 26 88 23 1 24 98 22 46 70 28 78 64 28 88 79 20 67 90 78 25 91 81 63 64 10 84 100 84 10 58 99 68 89 45 20 19 98 38 97 48 71 30 50 27 13 18 62 80 70 60 35 38 71 35 30 78 52 70 40 41 94 72 84 55 73 4 69 23 47 82 15 42 66 8 54 30 71 73 9 69 72 70 40 95
98 31 86 93 37 88 98 51 6 34 63 85 90 16 71 83 76 77 26 7 12 93 3 74 4 91 51 62 46 84 40 15 85 96 55 61 60 35 10 51 19 13 71 32 34 88 9 88 64 4 75 93 46 53 7 62 15 32 79 92 79 52 55 26 24 5 97 30 79 22 40 40 62 33 54 39 13 89 48 47 97 68 43 43 51 1 79 3 61 42
80 79 3 87 26 92 74 30 6 66 96 36 23 45 66 76 82 36 55 31 42 50 91 45 69 46 49 81 92 79 68 99 40 45 42 9 13 48 12 23 97 47 56 53 100 70 91 98 19 93 50 64 80 40 7 4 43 39 52 32 45 95 53 8 67 2 61 65 22 4 38 16 52 80 42 23 61 54 41 26 94 38 16 77 61 54 56 92 45 69
61 79 38 58 78 5 46 27 83 25 74 23 37 54 24 18 32 66 95 33 54 92 51 23 76 15 39 17 87 7 76 64 26 39 43 70 93 12 30 9 23 47 65 10 68 82 23 22 57 83 22 80 44 13 37 52 9 26 81 66 50 20 20 27 89 61 1 49 93 23 34 67 32 76 66 30 63 94 56 83 31 33 85 66 30 20 52 30 65 34
78 39 33 34 87 70 9 26 53 69 76 23 22 80 37 72 14 18 35 37 32 22 43 84 6 8 16 31 12 59 94 65 97 18 39 97 35 16 72 82 52 40 88 62 88 98 13 6 24 27 2 31 34 30 60 58 66 1 10 4 37 31 15 37 62 4 62 57 1 78 3 53 99 73 21 1 25 64 14 71 63 100 70 44 67 31 66 64 23 35
14 17 72 60 99 36 2 48 13 4 86 20 21 78 83 14 85 35 3 97 33 84 33 45 20 94 23 19 43 96 31 80 85 22 56 33 34 32 30 58 78 24 65 98 53 26 44 96 53 78 12 58 47 96 21 63 75 42 93 9 91 64 86 9 7 62 55 56 42 85 42 100 36 21 71 67 57 32 58 67 62 5 31 41 59 47 80 26 73 84
68 34 65 15 96 91 23 74 44 4 48 37 16 3 3 7 21 29 78 4 56 79 2 20 62 6 99 44 61 97 86 80 55 51 86 88 51 7 54 24 21 2 30 92 19 54 92 80 44 85 61 65 13 37 4 62 64 79 34 79 35 39 77 46 59 45 56 56 10 13 31 63 70 75 41 24 10 58 27 95 30 21 16 50 9 24 17 91 45 56
44 50 26 65 62 54 11 89 70 23 12 13 57 64 18 32 69 20 1 53 80 38 16 32 23 65 8 69 17 24 10 70 10 86 4 37 93 97 68 88 66 96 64 56 31 53 3 38 23 70 44 57 78 52 100 41 16 54 48 51 2 12 21 19 52 92 44 50 71 13 1 56 24 84 92 50 10 10 73 21 34 33 32 5 62 52 52 3 31 75
10 67 86 62 4 73 67 95 96 5 10 49 1 27 34 89 44 50 8 61 24 96 43 93 98 9 67 29 44 83 84 89 21 24 58 29 63 57 71 78 9 78 2 95 26 87 69 59 55 34 92 10 90 72 45 72 5 88 96 100 23 40 13 72 46 6 40 96 80 86 98 65 3 47 67 56 80 89 94 4 56 63 79 36 30 6 24 18 41 50
32 45 16 60 2 41 93 24 70 66 14 26 55 25 96 44 33 57 48 52 36 90 21 35 72 17 15 36 57 85 63 43 16 98 79 21 94 37 94 94 38 17 69 61 96 64 42 8 66 17 68 82 72 50 82 42 5 60 68 15 39 1 19 92 68 12 49 23 36 55 84 27 89 22 57 99 90 95 44 54 62 29 68 19 5 95 100 62 37 39
64 22 45 14 49 83 47 9 7 92 36 47 69 84 44 97 92 91 85 8 58 97 64 63 29 51 26 75 88 10 2 47 20 71 88 92 30 93 75 65 31 8 20 20 38 58 54 64 42 49 34 4 21 87 70 47 43 6 64 85 56 58 26 25 12 87 69 95 99 16 61 34 91 23 40 49 63 60 35 45 99 31 26 58 57 17 90 43 95 99
46 54 81 77 71 5 41 21 62 23 61 20 68 28 37 25 26 76 12 57 54 94 28 99 51 49 25 67 98 3 33 33 82 100 74 66 92 60 32 60 58 14 100 38 78 16 50 73 18 15 36 46 7 81 54 16 48 51 13 90 38 24 22 20 17 4 29 17 98 36 20 70 18 24 44 66 38 42 33 85 65 6 7 5 29 73 43 9 69 22
15 62 85 96 18 61 30 14 11 22 47 54 15 69 66 2 42 54 21 86 83 60 48 25 22 44 57 36 61 52 23 3 5 72 100 2 81 57 51 44 61 95 1 67 78 43 38 57 100 44 94 36 75 79 29 20 13 86 92 97 57 7 78 40 89 100 37 48 54 57 57 10 73 96 56 52 67 29 57 80 1 83 75 92 100 58 85 99 31 62
81 43 5 86 39 22 33 47 47 53 2 7 93 11 33 87 2 14 77 52 2 91 16 80 34 77 19 63 4 37 19 47 93 8 47 27 59 5 82 15 6 100 53 70 12 98 81 95 78 45 97 56 63 86 97 58 75 20 14 70 20 95 13 89 72 31 94 84 16 16 1 62 42 4 23 56 14 23 55 75 10 6 50 77 36 61 92 89 65 97
55 33 8 36 66 5 84 82 78 84 4 57 89 57 60 67 50 87 29 40 56 80 74 71 43 99 60 26 10 89 2 37 1 46 10 60 45 43 46 14 56 92 12 98 4 29 9 89 70 85 17 9 37 96 66 100 39 64 31 15 43 80 41 8 41 6 59 16 50 25 30 90 87 91 44 5 23 43 45 25 78 8 11 61 88 30 91 23 70 6
93 54 99 41 55 40 2 81 77 4 71 9 6 13 13 45 96 52 47 9 71 82 86 80 3 37 65 18 38 97 75 45 50 62 74 70 14 20 89 3 20 66 22 14 61 1 67 33 4 10 89 98 7 72 54 80 41 71 27 68 34 98 84 23 12 74 55 61 65 82 48 79 9 31 79 44 16 57 76 50 67 45 60 49 41 32 81 56 93 67
90 95 75 84 57 90 51 82 25 21 45 65 3 83 53 68 45 51 5 77 85 9 80 82 52 34 94 90 46 17 30 35 48 74 63 46 83 17 47 56 96 93 55 41 32 31 55 74 42 23 82 90 13 39 2 79 15 12 12 41 87 38 40 34 23 23 55 70 25 80 89 37 7 30 40 91 57 69 60 3 92 74 41 84 34 88 74 77 26 17
31 92 10 15 88 68 79 39 81 32 11 46 19 98 8 90 74 10 35 23 1 73 30 60 27 48 96 68 49 63 71 8 33 7 71 74 28 16 1 27 44 67 83 95 22 69 88 100 69 25 5 85 14 49 25 86 61 14 46 2 58 98 9 66 49 31 51 43 33 1 21 27 3 94 61 69 86 31 80 48 91 43 90 62 38 55 44 81 71 7
11 12 26 69 55 58 22 6 31 64 65 38 4 14 77 2 28 79 46 90 69 33 47 89 19 96 59 40 31 12 28 63 48 92 44 96 20 66 25 1 29 99 96 21 50 81 45 58 24 14 56 79 100 79 37 5 58 68 11 45 45 31 46 36 44 70 33 93 72 10 80 13 7 9 73 25 65 44 87 5 54 88 98 77 47 79 9 62 99 91
60 11 97 46 7 7 78 35 83 28 63 47 68 9 9 8 55 2 3 47 68 71 81 95 91 87 48 9 57 88 89 18 85 4 86 90 81 24 90 41 92 43 12 6 92 38 82 99 23 20 78 71 23 65 34 41 65 79 85 65 76 71 40 62 36 82 91 86 30 100 13 99 68 23 29 32 25 61 29 75 5 52 94 32 52 72 8 87 49 96
52 69 65 84 39 18 42 99 78 26 28 74 94 29 19 22 90 70 76 68 83 90 95 57 81 10 63 41 39 82 25 100 63 20 7 81 85 56 32 76 42 69 10 8 7 32 35 24 12 40 82 62 69 29 92 4 1 100 23 80 32 93 42 66 83 45 49 60 41 12 1 34 1 78 47 96 61 89 93 6 94 98 24 69 4 38 36 29 77 7
38 28 42 56 58 51 32 100 75 31 56 51 74 9 14 17 15 94 70 56 60 67 79 67 41 11 63 79 95 11 59 75 17 55 46 53 61 45 16 5 47 73 81 79 73 57 3 38 49 87 49 85 67 61 42 12 55 2 33 19 1 89 21 22 6 90 37 13 70 8 62 95 100 92 26 18 52 1 75 40 97 37 63 69 22 63 84 73 4 47
5 8 55 44 97 7 31 26 24 99 6 28 28 20 46 55 33 31 92 75 18 53 78 41 19 58 8 71 7 34 94 91 3 60 64 59 69 59 99 40 3 64 12 65 90 15 1 19 91 33 47 37 27 97 54 89 40 28 32 81 45 14 55 38 95 92 15 79 19 83 63 79 72 89 50 41 30 6 93 98 1 22 63 32 57 27 42 57 41 56
17 28 10 55 56 83 64 87 35 14 54 7 96 41 11 93 59 95 13 71 30 96 1 78 30 92 47 88 88 69 4 85 94 55 95 17 63 57 2 21 51 48 80 16 56 32 28 40 14 45 87 98 5 9 10 41 18 47 59 5 28 53 97 58 8 43 11 82 66 36 52 99 51 13 2 2 40 65 29 12 31 19 56 57 91 95 87 1 4 61
83 13 47 39 6 57 79 43 33 77 89 46 34 49 34 40 69 55 52 57 49 90 100 36 49 12 78 46 40 69 36 83 11 41 97 43 61 26 69 13 63 3 80 46 52 72 16 77 98 11 88 96 52 78 49 69 56 79 32 82 83 71 98 26 69 17 99 88 19 16 12 46 9 95 81 45 10 46 11 75 96 44 15 83 2 3 51 54 10 90
74 13 65 78 21 98 73 55 100 30 79 63 59 47 98 73 78 85 89 83 37 86 81 75 95 47 69 35 3 16 45 17 17 27 65 60 92 91 72 53 57 60 37 73 21 98 76 37 58 14 95 30 53 100 5 6 63 29 42 80 13 7 57 4 51 24 49 87 87 4 29 30 30 11 75 84 79 34 93 1 35 18 52 70 12 94 17 92 99 62
11 15 17 61 65 62 42 79 53 88 50 95 74 66 53 63 100 15 64 58 70 91 38 39 16 24 23 66 3 35 99 53 47 5 47 74 39 73 80 23 99 17 64 8 33 19 69 100 56 72 46 55 38 52 90 92 6 26 65 87 86 40 28 100 7 39 15 93 47 18 4 89 76 50 26 64 18 94 25 94 16 44 2 74 26 67 31 67 52 67
47 82 28 23 77 50 2 49 52 69 95 65 42 52 17 90 55 46 14 82 33 18 98 93 36 9 91 18 60 81 91 24 19 75 80 4 53 15 78 27 74 46 43 12 56 49 21 24 27 24 62 95 46 16 59 19 29 50 33 67 89 99 76 92 41 30 39 58 55 39 70 21 80 43 51 8 45 97 85 38 30 98 95 55 41 61 31 60 83 20
10 68 45 38 89 69 46 71 99 17 85 16 17 74 6 44 80 17 17 10 84 68 13 86 94 33 96 55 71 43 95 50 1 23 73 48 79 92 99 20 68 22 28 43 33 76 32 92 37 24 4 35 52 31 86 42 38 16 27 17 75 68 57 9 10 77 93 48 41 97 10 85 66 89 98 44 54 15 89 36 58 79 78 17 53 13 55 97 100 40
88 1 13 20 7 71 77 89 100 97 34 58 13 27 47 85 11 75 84 63 6 16 99 46 28 45 99 26 43 83 86 30 75 6 14 51 74 82 74 71 25 64 39 28 51 92 64 67 75 85 43 46 59 25 62 59 89 82 78 59 85 22 91 64 98 74 88 59 19 21 23 58 86 65 57 2 3 11 10 91 56 5 32 39 81 48 58 21 72 58
13 35 59 63 26 81 26 65 51 20 46 72 78 100 82 88 19 50 1 51 55 67 6 76 45 74 75 73 73 71 95 38 33 72 36 12 45 94 20 90 85 53 25 25 5 26 14 37 51 37 42 69 44 92 56 20 77 81 6 47 48 91 65 6 23 29 97 66 50 91 34 15 57 85 17 71 69 44 3 67 37 31 82 31 27 24 30 28 21 3
47 86 80 68 28 28 31 90 36 71 98 1 92 6 31 54 96 78 89 63 86 96 29 55 26 41 16 34 57 15 88 74 11 24 96 89 76 92 92 18 57 72 50 59 50 49 34 60 28 31 1 41 68 48 91 5 45 6 73 18 11 78 33 25 56 90 48 59 11 19 80 86 92 64 85 100 7 100 71 79 7 43 58 98 32 51 35 85 64 81
42 84 38 56 14 5 72 94 75 100 28 77 44 45 80 16 88 77 90 53 15 70 73 82 80 11 100 75 3 24 92 46 98 95 92 21 55 5 21 51 62 94 69 57 34 61 55 81 32 34 57 81 47 17 52 85 62 50 36 35 67 27 11 9 14 38 51 35 79 16 18 33 84 52 53 33 9 76 15 28 60 42 65 30 9 43 48 63 67 48
78 88 87 97 49 45 33 15 5 84 17 38 66 70 57 24 100 79 53 77 85 21 10 38 35 8 94 8 68 7 1 62 91 68 45 79 65 36 88 52 88 75 78 34 10 74 63 22 35 49 44 1 99 56 5 45 94 49 44 85 10 16 19 97 100 39 78 54 24 10 87 21 10 47 47 3 52 78 26 91 52 25 92 3 54 45 58 82 57 30
5 88 6 84 32 23 1 36 45 13 13 79 7 96 3 95 78 93 37 19 40 69 61 36 66 99 46 75 56 73 77 26 81 95 8 82 45 77 58 24 47 4 70 18 24 17 56 1 23 96 25 63 6 67 10 7 61 4 15 67 30 54 23 31 76 98 77 93 82 58 47 98 9 16 84 51 6 15 37 12 96 44 42 89 78 68 26 22 96 11
18 64 14 74 10 36 59 89 13 86 93 21 62 36 47 46 13 15 12 58 62 35 63 14 40 50 42 24 91 23 59 79 96 12 40 73 66 45 47 66 83 55 90 32 39 9 54 68 18 31 11 49 57 16 48 8 15 27 60 67 21 58 78 81 22 78 21 96 66 44 23 64 13 61 49 77 19 23 75 66 55 14 95 39 47 54 20 72 66 18
40 79 53 43 55 5 1 79 22 47 52 3 8 67 91 68 60 79 31 83 76 24 57 19 100 82 87 65 10 16 71 3 65 53 24 19 73 51 97 48 66 60 81 62 100 64 61 61 53 57 18 57 99 55 96 57 53 24 93 59 13 28 2 68 28 7 93 2 27 50 79 81 57 9 100 71 83 62 63 34 55 22 50 99 78 43 33 86 20 50
8 37 52 4 9 84 83 3 51 13 31 67 22 33 89 87 84 64 93 26 6 63 57 48 45 98 18 92 10 62 63 33 53 85 26 6 34 99 25 5 13 9 79 30 49 28 18 88 47 84 79 54 37 35 75 83 56 3 82 14 80 79 4 19 70 28 42 100 74 56 1 79 100 82 24 35 54 8 63 43 91 93 56 94 79 96 24 19 82 77
86 69 25 29 14 82 86 62 37 27 56 54 48 15 50 90 38 86 98 64 57 77 49 64 41 77 96 86 19 17 26 23 98 13 58 12 49 94 70 98 33 4 34 35 64 10 50 67 57 81 68 76 33 59 12 55 40 60 1 71 16 61 99 64 70 71 52 18 83 84 97 64 81 15 31 1 8 14 54 92 52 79 95 66 10 37 91 88 18 51
61 1 15 100 3 79 68 14 33 2 82 88 58 39 55 68 30 41 76 75 38 64 81 46 59 91 45 75 27 13 86 22 31 11 32 40 18 16 91 23 32 45 86 100 67 100 1 41 85 48 10 12 79 36 72 92 59 10 73 13 64 26 34 33 29 15 32 89 33 79 11 77 100 81 19 37 56 22 95 17 87 86 34 51 13 71 96 5 52 4
22 42 40 1 35 53 18 76 78 99 25 6 56 73 23 28 47 40 54 96 79 19 88 30 55 96 14 78 31 70 19 25 31 15 67 6 99 80 12 6 100 21 11 79 44 26 60 64 61 79 60 97 54 73 12 27 34 63 38 37 21 39 78 31 18 40 32 50 74 60 59 11 24 6 1 82 65 6 40 68 64 54 17 75 59 60 99 85 55 70
62 98 4 33 84 37 1 41 65 53 58 71 79 37 7 74 40 12 36 89 73 92 83 41 43 57 97 88 57 81 47 4 68 2 12 5 4 36 19 60 63 13 52 18 11 75 20 64 81 46 67 36 65 56 6 37 11 82 7 47 48 56 24 91 31 8 67 8 21 12 91 23 32 91 96 86 99 53 15 60 25 60 19 82 76 49 3 49 36 63
56 69 51 7 36 54 13 55 77 67 86 91 29 66 22 34 18 67 97 78 30 80 8 44 87 83 70 46 71 48 82 46 68 58 10 90 78 6 27 26 98 17 77 63 40 58 79 46 66 86 67 77 75 77 93 82 9 2 18 18 4 54 15 5 85 77 5 53 94 91 60 50 14 18 85 39 59 28 2 70 14 48 9 93 61 57 45 91 76 90
97 39 48 45 97 65 12 57 84 23 42 21 13 2 77 92 67 26 39 40 97 74 35 58 68 94 87 12 26 99 66 64 55 25 71 64 27 40 32 84 94 75 20 67 53 51 38 45 47 1 3 31 15 62 13 75 12 1 41 12 70 70 56 77 10 46 65 38 75 74 100 37 64 68 7 89 71 8 41 79 42 57 73 11 76 12 27 36 69 54
52 47 70 89 60 32 99 87 99 36 91 92 79 70 39 32 26 24 47 28 57 98 99 61 93 85 49 71 56 74 25 72 68 52 48 10 78 53 9 54 71 66 78 51 98 95 21 100 2 23 6 33 8 56 96 25 68 58 35 18 63 10 46 59 32 70 15 67 65 92 86 51 78 82 45 43 61 90 11 51 81 34 69 94 87 46 73 6 83 96
18 94 89 47 32 20 3 80 88 36 94 88 8 51 57 33 58 2 46 56 46 90 5 73 96 71 13 14 68 98 97 93 86 68 55 64 99 31 11 88 6 54 76 46 78 19 3 17 60 15 92 71 5 19 60 37 65 16 14 78 4 67 28 89 97 64 42 26 49 60 56 80 21 38 83 86 39 87 14 16 40 14 65 25 54 84 32 56 8 98
70 27 43 96 13 98 51 94 61 100 83 39 75 23 53 81 41 50 90 96 15 75 97 9 82 97 68 26 38 46 39 76 32 72 57 49 71 56 64 61 42 7 92 87 47 88 97 66 27 24 9 67 81 59 48 16 53 14 62 48 61 62 89 25 45 61 6 74 39 1 89 63 45 68 36 46 44 82 19 38 34 58 45 19 91 45 1 70 15 18
16 38 57 84 32 43 61 69 30 16 45 4 3 20 19 70 50 59 4 42 93 20 35 81 50 95 96 90 62 8 87 7 21 83 43 75 31 89 35 91 28 91 76 9 40 31 70 88 62 92 60 72 95 99 80 92 92 16 99 99 92 60 50 83 97 33 79 7 35 30 1 53 33 31 52 29 61 19 71 76 22 57 21 27 84 59 22 92 79 95
67 18 87 93 47 72 44 52 43 80 58 34 41 32 1 65 57 76 17 60 33 60 23 56 39 14 89 19 89 52 41 96 18 62 93 30 74 39 14 91 95 90 40 23 64 32 52 57 19 33 31 70 21 69 83 89 93 96 11 68 35 18 84 73 10 96 18 87 38 71 19 82 35 42 71 8 85 14 22 21 12 24 56 19 7 85 58 44 85 11
85 61 28 9 9 85 80 94 22 55 31 61 25 40 57 66 31 2 16 1 25 10 98 13 100 6 69 22 17 69 63 63 55 56 47 71 89 72 49 18 78 1 24 37 68 23 51 77 83 60 55 19 2 70 2 68 69 74 91 61 38 46 63 76 54 95 67 54 39 64 88 88 77 87 67 17 26 37 80 58 77 21 22 7 43 69 34 28 40 72
43 92 62 45 75 63 17 7 5 42 60 68 14 32 58 9 68 58 21 20 94 61 87 62 1 68 91 31 34 8 17 55 58 73 99 27 53 81 84 28 26 36 91 72 13 46 61 24 67 84 36 16 73 6 4 16 56 25 55 3 48 70 62 69 68 100 79 80 61 62 6 44 82 7 44 9 93 48 3 60 71 41 3 40 31 23 56 87 100 39
13 20 77 43 63 13 74 42 55 26 7 8 52 26 85 76 91 54 17 95 89 74 84 83 78 82 65 29 82 96 26 25 25 43 53 42 88 1 68 26 99 95 51 84 57 50 47 48 29 76 56 75 42 38 86 31 27 73 48 13 88 13 69 19 96 89 12 13 97 89 16 53 62 35 7 30 41 20 56 68 11 2 54 71 36 51 8 50 90 91
78 92 96 91 62 69 34 79 5 73 47 32 31 11 49 42 13 78 15 1 99 49 9 46 63 45 95 76 30 81 5 27 84 6 30 8 58 72 64 31 11 45 59 53 88 70 11 21 51 9 45 91 83 18 20 80 31 92 38 68 75 19 59 7 90 70 75 65 28 30 72 1 36 66 59 56 33 67 36 44 70 9 27 98 34 88 78 88 54 72
14 62 41 42 55 14 92 51 89 14 34 59 99 77 42 51 29 1 68 4 23 100 22 40 95 13 71 5 14 54 69 94 62 36 42 99 66 13 40 35 11 69 80 25 50 48 11 56 5 89 92 40 22 11 80 49 61 51 79 65 47 59 41 65 2 26 25 72 56 14 59 86 69 90 45 67 97 64 22 65 95 69 7 79 52 13 83 83 9 23
54 37 67 55 69 69 9 71 49 97 15 8 96 55 61 82 30 67 81 9 100 85 19 8 18 89 58 83 2 92 31 65 59 58 45 96 97 12 68 50 15 23 77 53 48 81 20 81 48 28 94 70 44 12 79 47 55 40 53 84 17 16 43 53 13 49 73 54 89 53 28 67 32 64 41 92 19 61 69 20 68 40 37 14 46 87 97 65 51 50
91 19 14 82 10 87 58 14 23 28 28 34 89 6 56 1 51 59 64 36 7 37 24 59 12 61 95 50 99 12 6 53 86 60 79 55 71 10 100 46 22 8 37 60 30 96 75 35 49 22 58 3 9 21 25 28 77 97 87 80 48 69 76 9 13 73 81 71 36 75 70 27 12 72 17 21 48 99 38 82 62 19 95 60 42 70 59 83 52 41
2 25 32 19 13 73 17 69 82 32 50 17 23 56 12 31 34 11 88 29 25 8 1 1 62 95 40 91 50 2 33 58 58 82 29 2 84 43 23 5 36 50 20 25 99 52 67 88 1 97 8 86 34 60 91 41 82 89 72 16 10 42 96 36 11 53 88 25 5 30 14 86 52 58 62 8 54 97 15 34 60 12 2 1 79 61 56 56 10 68
38 51 77 65 6 63 46 98 13 1 52 21 32 4 31 15 39 60 87 96 63 56 31 70 79 63 7 23 50 47 4 28 9 13 11 2 98 33 25 49 68 66 90 14 18 29 9 6 33 96 82 95 81 98 37 60 78 100 85 18 84 8 57 40 47 85 63 58 45 13 55 72 21 17 4 16 93 21 64 89 82 52 9 86 50 36 97 50 56 31
1 2 30 4 41 46 60 7 69 90 46 68 76 23 38 59 93 22 31 84 96 55 10 36 98 69 52 81 21 12 95 43 42 45 4 65 36 44 62 27 73 77 35 95 78 28 97 66 51 78 36 49 48 69 45 8 1 96 82 92 40 12 22 50 19 93 14 65 25 81 63 87 55 13 79 66 95 94 88 31 98 50 24 45 81 86 59 33 71 92
14 20 60 53 26 47 42 55 28 63 77 52 83 25 63 54 7 35 55 70 86 41 37 85 73 25 67 24 13 66 39 51 40 27 42 20 44 9 11 95 19 29 14 98 56 34 3 84 89 76 38 57 68 52 78 30 21 10 7 87 86 29 43 99 38 12 68 50 53 16 12 11 34 78 47 21 19 62 36 24 99 24 65 22 72 79 77 28 54 68
69 98 11 96 35 89 98 70 32 38 1 15 8 65 6 39 28 75 62 76 73 81 12 78 1 76 40 6 83 38 19 66 80 2 46 15 43 45 95 23 75 58 21 32 83 29 49 99 55 84 11 36 82 22 24 85 26 86 20 87 39 86 29 25 6 88 16 39 5 20 5 3 99 63 40 63 1 85 47 68 13 69 49 9 19 76 88 16 84 88
17 61 28 98 75 86 40 33 70 68 75 13 84 48 59 79 16 46 26 2 25 93 73 90 41 55 82 3 82 2 25 17 68 3 95 92 22 53 68 10 91 47 23 80 57 85 78 79 1 100 25 51 85 84 16 77 79 5 4 33 63 24 40 15 45 94 90 68 21 82 85 21 90 84 57 29 24 64 81 31 37 19 45 31 8 91 35 34 25 44
94 34 98 8 15 91 81 7 62 70 71 63 93 99 45 14 73 87 91 21 10 52 67 52 90 25 41 20 38 52 13 20 74 40 47 75 96 55 45 63 91 46 63 14 36 38 100 60 16 48 99 42 96 37 36 15 74 20 93 99 98 74 43 67 29 80 83 94 33 15 35 94 3 65 90 27 79 75 15 54 65 11 63 67 48 64 39 22 65 87
49 46 54 67 47 15 86 93 92 95 86 62 29 29 22 67 42 26 24 93 94 95 24 63 37 83 10 8 16 24 58 30 69 27 55 52 95 93 78 52 47 87 39 10 53 71 81 10 21 41 86 31 74 86 92 39 56 42 96 13 38 5 78 72 45 71 17 14 34 46 22 12 80 85 32 30 100 43 20 31 79 39 50 76 22 53 75 98 90 73
36 94 15 56 19 30 42 37 31 1 43 58 27 17 80 21 81 18 18 8 12 11 42 84 74 87 13 6 96 55 18 43 89 82 62 43 20 24 31 56 79 89 29 21 98 85 8 88 52 61 25 82 17 69 44 99 48 89 17 74 88 25 99 98 84 16 84 34 40 81 56 97 88 35 57 39 39 46 76 57 12 60 89 32 7 59 85 82 63 86
49 99 12 100 27 87 20 49 49 60 19 85 1 5 73 20 11 68 93 60 49 52 50 16 50 64 82 11 12 66 6 26 20 35 29 44 83 66 42 10 19 82 5 37 63 1 83 28 53 91 77 50 92 37 46 7 51 70 24 58 23 74 95 48 70 34 55 97 97 28 83 77 1 9 86 39 51 46 16 4 94 64 89 21 53 16 83 70 97 15
92 16 25 54 63 37 40 87 98 40 44 61 32 14 54 11 51 54 89 78 26 49 83 26 61 90 2 66 19 41 53 82 82 37 38 19 89 83 46 86 9 33 43 61 51 87 81 26 53 38 81 40 17 95 76 51 50 62 48 29 94 92 73 77 32 97 88 50 73 76 16 73 42 87 33 52 67 70 62 66 52 71 14 78 19 22 23 98 88 59
77 89 13 19 68 19 12 46 79 90 41 60 61 84 62 100 91 9 77 57 81 33 90 68 35 55 38 59 96 96 88 54 95 70 60 1 25 89 30 59 76 50 17 35 91 2 23 48 99 28 59 67 48 38 34 50 25 49 17 76 100 14 31 79 87 10 91 85 44 3 37 66 17 56 94 95 91 12 96 67 79 84 22 16 40 89 25 32 32 20
53 13 52 73 2 30 22 36 25 26 35 31 78 59 14 64 61 8 31 25 18 88 87 14 79 65 7 65 61 48 1 3 89 91 16 38 99 45 72 37 100 28 72 95 24 29 42 14 33 87 62 19 88 84 55 10 25 1 5 95 83 8 61 48 80 31 10 87 35 45 91 4 23 11 49 59 50 90 59 58 88 69 55 94 58 13 69 3 64 13
5 57 22 77 61 42 89 79 55 28 24 89 52 36 48 79 23 14 57 89 92 47 33 46 4 5 17 64 95 22 84 93 33 75 35 18 69 6 35 87 33 59 36 44 80 100 57 32 81 67 21 3 23 25 84 73 33 83 43 85 73 40 73 62 83 69 99 95 65 84 38 17 46 23 83 100 17 86 21 30 26 58 6 38 8 13 98 28 51 100
90 82 94 69 39 98 51 27 47 30 71 65 66 36 98 24 25 86 54 57 41 56 73 49 45 26 87 2 61 24 80 96 89 44 23 44 47 12 16 57 73 54 50 27 39 71 53 3 93 32 35 73 79 27 81 5 37 29 39 21 96 84 63 46 23 96 95 82 97 33 81 94 53 51 82 94 96 35 58 94 10 87 96 41 20 42 98 92 2 70
22 72 54 69 84 84 47 100 76 7 94 44 40 58 22 85 4 69 92 68 48 31 67 29 93 2 9 80 33 96 41 12 32 18 77 1 34 34 88 71 87 46 25 45 84 7 12 34 90 63 92 82 95 22 16 30 62 39 61 93 82 50 65 7 19 39 79 45 29 42 13 56 78 38 3 97 5 28 32 68 78 41 26 9 95 29 14 22 99 82
76 31 45 44 85 4 29 92 19 60 69 88 26 23 37 89 56 67 56 59 88 96 45 86 18 73 49 95 41 33 49 22 5 12 12 69 3 52 16 68 5 69 44 43 40 58 66 55 30 63 14 83 67 86 56 57 41 86 74 66 93 94 39 23 66 71 95 83 31 56 34 85 7 60 4 17 50 11 44 58 52 26 86 94 48 85 91 26 75 1
37 55 62 94 58 50 29 33 78 1 78 94 39 98 35 80 88 56 74 41 89 39 28 48 52 28 75 96 5 87 50 18 67 65 38 87 34 74 99 39 75 7 41 74 100 40 4 46 8 49 55 3 31 76 29 66 44 29 72 36 57 69 4 19 66 55 89 62 25 36 14 74 52 12 52 98 2 75 98 66 94 76 59 83 86 24 25 73 1 32
61 32 73 71 36 100 8 53 99 49 10 68 92 11 89 49 98 63 2 78 55 84 58 68 39 41 88 58 44 11 69 61 80 61 66 98 63 55 62 54 48 45 20 24 78 61 7 15 52 71 36 57 80 75 18 27 31 63 19 60 70 97 97 60 15 68 86 58 98 23 20 38 4 14 92 74 6 32 79 92 33 82 68 100 17 51 83 54 76 64
66 24 31 82 52 66 97 28 49 3 38 98 79 44 45 83 81 95 64 43 34 42 36 3 42 96 12 86 5 75 13 83 78 76 10 66 46 94 36 71 43 71 36 86 39 60 34 58 84 22 11 73 19 70 62 51 83 57 74 93 28 81 21 22 52 77 6 92 59 90 60 80 42 28 19 9 11 37 5 68 65 33 35 44 28 31 89 61 34 32
31 88 10 59 25 75 46 51 29 64 15 95 38 12 52 33 59 50 50 49 38 24 19 22 71 62 29 29 90 30 30 72 92 38 79 29 9 26 52 43 4 63 51 25 34 5 21 66 1 61 64 30 71 48 21 44 70 87 28 40 17 53 57 61 34 65 53 2 19 16 100 62 86 95 12 37 82 2 5 16 81 56 47 4 1 80 8 52 28 72
18 23 83 75 72 20 77 72 77 41 55 46 70 35 59 14 92 36 56 37 19 53 33 68 32 90 44 10 45 71 49 86 89 89 57 66 73 5 67 6 80 24 32 40 91 62 16 22 75 8 79 72 3 69 60 63 90 33 25 57 65 9 6 29 75 22 41 8 30 15 27 59 18 35 42 74 58 66 50 75 96 66 94 60 68 18 54 35 5 47
15 13 79 76 3 14 81 89 53 100 47 53 45 58 65 1 81 18 65 82 56 14 38 80 68 88 78 55 64 86 100 28 72 85 80 58 99 42 64 75 36 56 19 76 28 57 15 75 21 52 54 26 9 57 74 67 30 17 21 90 53 74 44 54 39 72 9 5 77 3 80 44 84 50 65 72 3 61 26 34 90 10 32 3 69 42 11 33 58 22
47 49 83 64 18 79 88 50 58 14 6 12 45 31 21 82 12 78 19 91 2 86 21 99 30 60 17 51 94 46 93 55 75 26 2 99 7 76 17 13 76 14 39 51 66 40 43 32 97 27 13 24 35 64 86 59 99 55 17 50 96 38 1 89 61 60 67 62 9 55 67 35 75 28 78 34 75 49 60 48 69 61 26 13 1 60 82 29 20 54
32 6 40 86 45 94 75 74 83 40 89 6 58 11 8 69 90 93 79 35 57 81 42 17 48 46 77 20 46 59 50 90 68 81 12 84 55 50 24 29 96 14 33 43 18 35 27 17 41 53 49 51 48 6 26 58 47 77 22 62 86 70 10 20 74 16 68 85 63 75 44 4 29 57 86 34 18 28 59 60 65 49 95 64 72 59 77 19 60 40
67 6 79 67 68 94 33 9 62 33 68 67 73 33 11 39 84 28 82 82 31 32 72 33 41 81 26 97 94 32 14 60 87 97 99 43 64 9 28 38 12 34 49 49 98 87 2 47 25 93 22 94 94 32 10 33 60 14 58 64 27 57 100 54 70 45 84 28 46 61 4 80 71 82 97 55 72 55 56 24 67 30 19 84 71 54 27 48 18 92
37 7 98 95 67 67 6 16 51 35 70 24 77 31 95 45 72 74 2 10 25 69 36 9 93 25 66 81 8 69 77 6 97 8 67 20 12 2 48 27 8 67 87 14 56 51 61 78 48 33 5 81 18 65 63 72 90 94 62 78 94 69 15 57 73 98 99 77 30 35 52 13 85 78 34 44 65 47 79 40 99 86 6 50 12 19 11 30 6 29
89 50 33 95 85 80 2 53 24 40 22 64 61 73 30 51 73 80 5 20 39 70 94 100 7 4 89 88 49 39 69 25 38 65 26 49 84 51 8 40 81 93 21 51 73 61 34 86 86 50 81 86 70 52 43 40 2 1 56 48 61 81 20 96 93 26 24 52 89 67 45 27 93 79 96 43 21 99 74 30 72 18 88 17 87 64 19 100 28 18
43 36 51 10 15 92 66 83 22 9 58 25 68 89 18 88 3 14 81 56 13 33 19 40 5 29 22 33 20 81 58 73 27 69 40 34 62 75 68 72 1 28 23 44 73 21 32 10 60 48 84 51 19 91 62 35 37 17 88 15 89 58 58 29 24 24 66 37 69 22 30 83 64 28 71 2 13 12 62 40 59 30 59 30 82 99 89 89 9 44
16 41 14 42 74 83 27 97 26 6 93 60 20 67 42 13 66 67 6 72 78 38 46 2 70 40 15 48 74 75 99 90 46 39 29 67 5 41 81 40 1 78 64 25 51 53 100 59 66 95 59 16 30 6 18 52 3 82 39 11 81 96 21 37 32 31 47 73 1 48 76 63 44 37 37 57 79 94 56 32 63 46 99 35 34 19 78 100 44 45
26 10 69 96 54 2 56 44 20 42 5 37 35 53 99 31 45 27 51 61 61 51 51 15 43 92 11 53 95 87 57 7 22 75 6 7 46 38 56 26 45 70 35 40 28 39 25 38 88 100 18 78 18 96 22 6 80 21 44 88 96 97 66 16 41 43 86 70 3 80 49 51 92 43 93 63 10 46 27 38 1 54 50 56 4 37 99 91 100 25
74 38 66 64 55 60 3 41 95 58 11 25 95 75 78 91 54 6 50 11 17 13 30 7 67 88 81 76 2 85 37 60 19 37 43 44 91 58 20 8 31 48 72 85 21 68 70 29 34 52 69 29 34 59 77 71 79 84 33 25 61 48 67 5 48 28 84 44 70 71 100 94 8 48 64 72 63 95 21 25 37 69 40 29 53 70 21 47 25 79
52 54 74 18 4 53 22 79 11 20 38 88 28 30 95 9 49 13 72 84 18 27 1 83 65 90 9 36 29 42 53 3 49 47 15 96 42 57 68 28 23 40 72 14 39 77 60 90 82 21 1 96 60 18 94 18 90 43 20 44 84 97 20 87 56 16 74 74 79 13 36 24 51 65 85 42 90 18 70 12 46 62 59 46 69 53 32 28 20 82
87 40 13 60 87 27 56 81 51 16 78 29 12 88 34 33 45 22 63 40 69 97 4 37 16 23 40 43 90 29 25 27 68 51 39 7 34 16 64 93 76 8 80 76 7 69 88 30 17 74 44 37 17 88 48 18 32 51 60 94 9 88 9 11 89 69 9 15 21 98 73 75 25 94 37 55 98 4 56 71 90 36 73 100 22 31 23 69 18 81
64 60 77 79 9 25 28 16 43 41 63 6 34 13 63 77 43 99 76 67 53 43 82 86 71 74 77 75 22 89 23 92 67 44 3 79 95 20 55 6 39 86 58 70 13 69 62 89 5 3 83 48 67 85 69 70 23 52 13 78 83 81 93 69 89 39 70 51 37 85 95 29 46 72 4 9 90 6 50 41 37 11 13 39 18 7 41 69 20 10
78 9 64 33 94 85 13 21 63 70 47 32 73 62 71 100 72 70 9 96 75 42 80 60 81 21 4 71 74 92 1 88 84 100 61 32 62 58 13 93 51 31 67 56 52 10 26 10 79 30 100 81 24 21 78 39 2 77 98 9 64 80 51 66 37 88 41 55 18 62 84 84 41 67 61 21 4 63 56 9 33 100 86 34 45 38 53 1 52 74
60 94 64 36 3 36 87 66 79 23 88 89 75 99 96 74 59 13 78 78 56 28 4 1 37 61 63 40 94 39 78 55 35 85 49 1 31 89 60 5 82 40 63 9 17 89 18 39 69 60 13 1 4 18 21 12 14 86 29 17 37 3 27 56 66 5 93 31 50 32 12 72 100 67 74 6 75 47 70 95 19 59 39 55 59 25 64 44 84 74
82 23 40 73 48 56 92 33 53 26 28 81 72 4 37 45 28 5 72 19 17 1 8 44 61 36 54 97 6 38 55 20 8 62 85 16 57 5 74 35 73 58 10 84 15 85 15 18 52 83 68 82 62 18 96 9 25 51 22 4 38 16 31 13 29 98 50 73 85 65 82 90 74 9 46 10 55 8 13 53 12 68 75 89 89 18 95 39 91 1
37 12 18 9 3 97 61 100 5 4 23 81 31 9 59 82 27 28 9 46 80 75 9 12 9 86 20 23 5 68 96 95 85 96 5 73 72 74 86 46 53 23 63 96 34 23 33 22 49 14 75 44 59 47 55 19 100 53 87 17 44 59 72 59 87 67 43 53 31 84 86 50 14 32 62 35 90 94 61 36 70 98 51 84 27 15 46 6 10 24
43 34 54 65 17 7 97 56 67 16 6 43 95 51 100 94 4 35 2 24 95 13 87 70 36 99 28 25 78 55 1 85 98 16 48 72 39 6 31 56 13 39 11 19 71 17 12 89 73 69 2 84 66 49 91 68 4 80 18 83 8 90 34 89 81 23 34 15 39 5 79 76 82 87 47 62 33 19 74 11 24 7 48 8 4 23 19 38 57 29
75 82 62 5 39 20 61 73 3 75 71 31 98 44 79 46 26 100 30 17 33 55 9 67 23 23 70 69 23 11 42 18 29 68 97 49 34 34 47 8 89 34 21 33 23 34 24 45 1 52 8 33 57 70 52 85 16 91 77 53 66 23 45 54 9 64 86 54 78 16 43 62 87 21 59 83 62 16 24 33 58 35 81 80 45 23 33 33 73 96
66 85 54 91 7 70 61 26 66 21 42 35 72 91 67 78 71 77 51 54 54 13 79 65 23 55 94 16 93 51 5 68 64 38 16 48 94 7 58 34 2 2 64 55 88 59 74 82 70 95 75 33 73 13 20 41 98 48 2 48 35 90 42 37 53 7 24 12 5 16 41 16 5 89 38 48 38 16 30 98 11 53 18 21 74 84 27 80 77 92
54 95 13 58 49 78 11 84 55 35 17 38 99 27 70 66 9 20 77 47 16 61 86 100 64 53 94 15 89 7 21 48 34 76 41 9 69 78 79 11 21 62 29 46 98 43 40 59 86 28 87 22 92 48 58 2 93 79 34 61 79 16 11 86 48 62 45 46 15 34 82 56 62 26 63 10 65 79 27 41 50 20 68 37 33 58 45 65 26 23
41 18 36 50 10 90 15 80 14 46 18 51 15 38 43 68 57 56 6 44 97 47 92 35 41 50 38 25 30 69 96 72 13 90 62 76 89 75 18 1 96 20 20 55 98 67 83 40 67 37 13 39 89 61 34 88 37 35 2 58 76 59 8 8 44 41 96 46 89 3 83 1 99 83 34 29 22 8 37 4 19 64 50 98 39 74 58 81 2 94
97 17 96 17 75 7 66 97 18 90 12 78 20 100 60 65 61 44 86 68 35 17 20 45 71 59 53 35 58 83 34 14 36 51 71 54 71 5 52 64 95 4 31 17 19 16 85 65 9 1 77 2 11 12 61 77 65 4 25 85 72 21 34 16 77 58 11 78 66 32 3 86 27 71 32 34 84 68 10 62 69 88 95 43 98 38 56 6 78 71
41 30 74 4 31 71 15 62 68 37 60 31 18 29 50 76 33 53 14 90 93 76 59 35 35 42 88 83 84 31 36 8 21 7 45 30 3 5 99 64 63 7 63 46 57 73 35 27 76 94 73 56 5 36 38 74 4 60 10 100 54 80 7 94 98 30 13 27 7 26 97 35 65 61 32 69 68 99 23 69 50 67 38 48 97 60 37 37 30 80
29 64 65 97 77 10 22 12 1 76 50 21 98 11 38 31 25 56 27 35 97 8 91 31 55 67 56 88 98 98 54 19 61 34 90 60 11 20 82 55 9 13 39 44 36 78 64 5 63 43 43 8 73 28 26 24 7 95 96 65 89 34 4 69 96 21 46 60 92 74 50 94 98 72 11 53 90 2 82 42 68 77 56 33 34 31 12 8 11 36
89 57 70 25 36 10 27 86 9 57 70 56 6 1 77 94 41 57 88 100 29 6 37 46 19 28 6 88 20 19 45 94 80 37 68 84 59 32 59 26 54 7 50 82 25 51 97 22 30 79 59 93 53 91 82 65 78 65 30 28 45 92 80 9 48 12 11 63 14 64 79 80 39 31 27 80 59 78 11 97 34 1 86 9 34 52 79 47 91 39
52 85 68 72 81 59 78 88 17 96 19 53 70 72 86 87 61 17 18 33 73 67 67 67 18 85 47 3 82 100 52 28 70 51 78 85 68 52 80 32 8 1 43 85 70 5 33 28 85 90 69 52 35 71 79 72 84 59 8 76 46 96 100 2 73 30 2 70 33 97 78 18 52 94 54 22 26 83 5 72 19 17 82 1 16 28 50 32 35 43
81 46 9 52 51 56 36 96 61 77 15 55 18 94 31 17 58 42 66 78 13 27 91 69 11 65 58 58 6 100 36 98 86 58 3 86 39 72 16 63 41 61 35 42 11 61 50 44 97 4 63 74 55 93 60 14 16 87 27 99 32 62 38 73 64 38 90 29 52 62 68 41 17 30 86 42 38 39 11 63 80 47 52 48 95 27 84 5 8 81
44 18 55 71 79 55 3 5 35 53 13 43 40 57 59 89 69 75 60 49 92 82 50 39 73 28 62 59 67 58 49 28 46 19 28 83 17 60 6 93 36 62 84 76 74 41 52 77 26 9 55 93 72 22 66 19 56 18 90 69 89 13 57 73 54 9 17 99 83 11 92 13 74 96 94 100 12 50 89 29 59 58 24 8 86 11 45 29 55 94
33 54 72 43 5 36 78 67 18 58 61 31 4 24 79 23 88 17 28 2 17 4 82 53 25 91 4 63 95 91 88 36 96 42 23 33 32 78 52 78 55 4 90 38 22 89 34 70 60 24 86 28 35 98 53 25 58 27 10 55 97 2 44 64 75 28 79 12 94 8 27 11 89 23 38 24 1 59 35 75 77 71 91 76 92 98 84 86 25 39
18 54 16 79 43 73 96 99 6 91 90 86 25 31 61 30 87 2 2 38 90 28 68 65 96 32 53 6 12 21 46 97 90 80 51 24 47 91 34 5 82 75 15 89 89 33 10 44 10 94 83 48 90 22 62 81 68 54 24 4 92 29 60 66 92 94 18 57 89 40 74 98 34 10 13 9 30 5 15 98 20 71 76 67 70 93 68 76 91 51
13 45 47 93 37 72 97 11 41 57 79 87 98 19 11 11 94 27 51 12 8 14 94 75 92 25 56 53 28 38 100 71 68 1 33 15 14 18 14 52 73 23 92 63 51 71 93 32 70 69 78 85 33 31 99 81 48 41 97 72 68 11 48 62 1 83 60 21 24 4 71 25 3 57 62 46 48 66 72 91 38 35 13 21 18 97 39 65 9 58
11 97 4 42 13 70 83 90 18 21 23 89 59 90 85 45 85 10 44 74 32 94 18 83 89 55 4 36 28 25 85 46 36 15 58 55 52 23 52 100 64 55 64 98 96 43 15 46 94 28 31 26 9 2 23 95 84 54 74 32 78 36 81 71 11 20 66 19 21 65 39 94 24 7 65 70 56 14 89 89 28 89 90 28 34 86 21 12 97 63
54 87 34 64 18 79 99 99 36 97 82 83 93 89 70 55 99 36 49 65 41 57 46 84 42 30 69 39 4 72 41 78 23 40 7 89 39 80 59 93 99 69 42 83 94 1 47 43 1 42 83 64 96 23 58 100 32 13 99 1 77 94 33 16 8 46 19 71 62 62 74 90 90 93 3 6 44 53 79 66 51 51 54 69 6 65 46 80 72 45
43 62 10 33 26 8 6 78 39 94 47 55 88 19 53 94 18 34 48 64 21 37 93 59 23 61 83 39 95 71 68 21 26 4 89 4 95 35 77 80 47 97 45 77 34 29 1 59 19 62 45 96 53 7 74 57 40 8 41 26 80 41 59 69 80 51 26 52 48 18 98 57 58 56 1 31 10 10 54 33 60 67 45 26 68 27 86 91 65 4
77 28 43 11 12 96 91 50 33 19 100 94 78 81 54 96 4 59 31 77 94 51 32 82 48 58 62 11 2 62 92 55 87 71 54 39 71 9 5 17 16 37 97 66 45 58 36 81 41 4 28 18 7 26 64 99 53 24 74 90 87 84 2 46 30 62 38 60 20 100 100 55 84 72 54 16 6 53 78 100 42 39 32 51 91 23 60 67 49 76
56 55 71 89 6 48 88 92 76 47 36 2 1 51 23 82 17 24 76 89 29 29 49 23 62 51 2 11 12 62 27 51 78 41 52 72 10 37 75 75 32 48 74 47 52 56 37 39 87 81 14 68 46 35 5 34 52 51 93 8 54 84 44 38 24 41 61 24 49 18 87 57 1 57 63 52 64 26 35 30 28 59 40 42 43 19 66 49 32 93
77 19 58 71 35 37 88 15 55 14 45 93 55 88 88 53 11 64 36 42 10 21 41 13 71 24 25 43 53 28 48 60 41 92 50 18 15 32 40 47 17 70 95 24 50 55 9 73 85 44 63 19 8 86 92 73 7 80 49 70 15 15 84 4 57 97 99 15 34 4 26 80 66 29 67 78 74 96 29 11 91 22 70 64 19 52 17 37 3 65
29 77 70 81 82 59 84 67 98 74 23 33 32 47 27 25 79 67 30 100 18 65 75 24 81 59 87 83 31 89 78 39 63 49 58 80 70 90 20 87 18 74 35 97 77 8 76 29 37 24 98 26 77 67 69 30 42 86 96 83 18 8 73 96 6 85 11 26 50 21 42 92 92 79 62 8 50 13 56 85 60 67 66 79 14 77 6 96 67 12
4 39 33 68 40 24 100 17 88 18 51 50 91 45 79 42 79 49 41 99 81 41 43 4 17 19 100 60 7 3 62 44 10 23 28 79 10 41 27 57 10 34 65 70 84 99 93 27 51 91 23 84 56 36 98 65 2 31 80 64 92 4 77 99 13 31 97 51 12 24 67 53 65 15 31 47 10 85 66 8 98 83 10 67 43 91 77 54 59 18
25 36 89 19 49 76 90 74 50 70 39 92 96 97 79 35 97 67 97 84 92 81 95 71 18 72 55 35 47 87 52 41 73 5 17 84 97 68 52 76 40 82 40 9 10 93 73 49 71 41 81 46 83 77 94 91 46 87 16 20 56 29 24 73 39 84 64 28 63 28 28 12 90 69 86 94 60 45 14 12 61 29 93 83 53 13 78 75 98 29
83 22 83 6 59 68 95 69 72 65 78 91 42 60 87 76 22 32 49 17 7 3 84 71 33 16 81 65 55 40 18 45 64 83 46 37 69 37 20 21 17 91 86 54 31 4 79 95 56 35 16 69 95 68 100 1 20 20 59 2 63 72 73 59 61 65 19 6 26 78 88 37 7 62 85 41 6 80 44 79 59 16 49 9 89 64 68 3 80 73
24 17 59 79 7 29 17 65 94 78 38 60 5 8 18 72 86 11 93 73 1 39 90 27 69 29 34 54 98 50 49 13 10 31 49 93 79 33 46 56 7 30 96 14 60 80 20 41 38 94 88 31 88 86 53 79 92 97 24 26 24 91 1 98 79 57 61 65 81 14 97 13 78 18 36 36 25 25 60 3 86 93 1 42 35 6 82 94 52 5
31 1 59 93 46 51 97 52 5 46 17 55 52 22 82 4 22 89 90 6 21 76 25 41 83 58 2 70 48 30 87 33 95 57 6 54 56 17 48 10 73 21 16 55 50 5 90 95 86 94 92 41 45 23 92 58 37 14 85 13 80 25 100 38 16 57 13 13 22 32 96 67 79 93 5 13 43 40 55 41 67 89 19 51 66 56 72 43 60 62
97 15 42 68 39 28 32 66 1 31 88 50 26 77 80 87 75 92 24 10 100 87 52 99 69 27 31 67 94 30 85 97 15 43 60 8 52 1 40 82 68 11 24 81 21 32 92 39 48 46 100 78 8 71 79 54 39 15 89 92 98 77 9 62 22 62 97 2 100 75 4 79 2 48 49 21 59 47 20 100 40 90 10 79 3 87 32 32 64 18
12 41 62 63 3 77 51 91 17 85 71 3 37 34 60 26 3 83 66 51 81 30 96 94 34 28 99 96 17 66 67 9 59 77 90 1 47 69 98 39 17 58 76 76 2 62 43 11 18 72 51 25 87 30 64 66 33 80 23 10 59 61 24 41 67 97 34 78 17 30 8 76 35 80 80 81 11 50 24 5 40 79 2 16 45 54 67 5 54 48
13 1 90 43 62 58 44 48 99 67 56 61 7 38 78 63 52 36 32 17 11 3 20 36 8 46 47 19 22 51 3 94 64 14 70 61 57 22 51 55 10 99 50 36 89 17 71 34 76 14 3 4 76 80 58 21 20 73 32 86 73 12 86 78 40 1 16 76 61 78 92 41 18 31 21 13 79 55 12 34 88 52 70 43 43 69 8 25 70 4
75 53 92 86 53 88 37 6 16 20 10 92 9 72 82 64 97 24 23 10 31 29 54 17 15 54 47 45 58 65 54 82 15 43 8 81 21 75 39 20 95 23 84 60 28 99 43 96 100 89 65 98 78 13 51 70 49 55 74 100 7 57 76 86 8 83 28 100 23 41 77 6 79 9 68 71 64 35 78 22 18 95 44 90 1 64 25 63 37 82
81 56 33 96 20 1 87 59 55 27 9 39 60 64 53 2 78 6 71 69 52 96 74 54 34 3 60 80 57 52 8 16 84 52 5 50 3 30 10 43 17 56 27 74 31 53 100 88 85 56 100 95 66 28 29 80 15 89 27 14 68 82 36 13 60 59 86 100 26 78 50 70 59 22 97 29 62 13 76 16 7 5 26 5 13 1 28 90 77 52
34 82 14 96 75 22 6 32 54 40 75 65 16 27 48 60 46 96 48 34 30 13 92 43 72 71 100 79 40 32 77 57 73 50 24 8 15 92 54 96 45 76 19 86 61 66 85 91 82 62 13 85 18 64 75 33 76 9 89 51 67 66 62 83 81 85 55 16 28 65 80 47 85 4 44 7 15 36 40 31 60 19 20 53 89 73 71 34 22 79
85 51 99 43 24 73 74 9 95 45 23 24 38 38 33 9 64 66 22 98 98 49 20 40 18 32 56 19 4 36 28 77 91 98 90 79 23 78 85 78 85 5 78 87 60 89 24 46 4 85 62 66 18 10 30 41 25 87 61 53 8 39 63 64 6 94 17 63 5 38 40 82 20 5 11 68 27 41 70 67 20 21 10 47 62 95 5 53 3 55
65 37 74 26 91 54 81 59 43 2 39 76 77 35 36 48 47 26 68 51 80 92 31 6 74 41 44 29 15 10 52 85 41 95 15 95 23 76 65 95 100 25 100 77 45 95 30 43 47 36 64 91 82 80 2 33 33 64 18 57 44 49 37 11 90 55 93 26 66 2 76 11 11 1 22 49 52 32 98 66 99 55 56 85 43 23 57 37 57 30
88 58 66 25 39 54 5 86 93 61 80 4 32 99 80 17 71 94 91 34 88 23 2 93 59 68 72 67 80 29 68 17 55 90 49 69 57 2 97 8 19 61 48 21 13 30 39 25 54 32 63 47 96 15 38 58 44 53 29 16 33 25 77 65 60 94 28 80 13 3 57 77 91 73 33 87 67 95 42 40 76 91 70 83 77 2 91 28 94 100
95 71 39 53 41 23 79 29 53 47 16 17 45 87 9 59 55 16 54 96 2 5 10 55 76 91 46 57 13 77 77 32 51 46 29 72 53 93 11 93 28 45 81 58 51 55 63 71 83 1 96 30 48 2 28 2 16 19 15 36 58 9 28 63 47 51 57 67 50 12 15 27 54 5 87 47 1 58 38 84 14 56 79 9 15 7 17 64 84 42
100 99 24 23 85 63 77 92 79 76 39 42 28 4 40 93 96 13 66 46 50 41 85 62 22 53 71 18 21 70 48 52 87 74 50 53 52 90 90 34 14 16 79 6 63 2 40 99 16 67 16 17 46 28 62 91 30 22 31 78 41 90 93 71 66 4 29 90 9 36 69 45 77 29 79 36 24 55 61 18 11 54 22 75 6 41 100 22 45 33
94 54 48 54 97 40 26 36 45 37 62 69 43 36 4 19 10 66 54 78 55 45 42 18 30 26 34 72 77 20 40 89 52 100 63 71 88 84 79 15 21 1 71 38 26 3 17 70 30 72 50 49 8 6 4 21 27 100 55 40 20 36 88 2 81 71 43 91 26 71 28 15 98 90 17 56 46 30 56 89 49 35 60 83 87 82 77 48 16 35
73 11 86 51 70 71 5 24 56 61 80 67 32 65 67 98 64 10 80 96 4 29 75 88 91 24 64 76 43 64 72 1 77 88 24 26 78 100 29 82 84 61 40 53 37 89 42 12 26 9 13 69 78 83 47 30 31 53 61 8 92 85 86 31 2 39 86 99 90 9 70 22 65 7 39 60 44 99 73 16 80 34 24 50 41 89 84 92 48 50
37 67 100 65 92 20 79 11 19 86 60 51 80 15 33 16 17 89 53 21 99 28 80 18 77 13 27 74 16 92 33 50 28 29 23 89 10 45 48 45 5 57 29 39 48 41 32 88 72 77 99 60 90 91 22 9 51 79 24 28 35 54 47 56 15 40 41 68 61 73 9 47 44 98 7 21 17 78 1 29 51 5 97 47 24 25 49 17 96 73
31 88 98 79 6 48 43 20 91 19 63 72 52 59 59 55 82 9 93 61 85 22 42 91 75 90 86 64 49 90 62 32 99 40 94 84 57 97 70 78 66 100 16 56 11 78 77 53 99 71 97 11 62 35 93 25 37 66 43 79 96 95 60 33 47 17 54 34 8 97 96 24 51 96 57 29 44 90 51 65 62 58 58 7 95 45 14 82 70 76
19 31 3 71 73 42 60 28 56 87 5 71 72 64 47 91 89 11 55 49 81 91 87 57 10 34 89 11 16 39 97 36 60 11 59 42 71 46 52 28 22 66 91 15 96 58 48 44 9 10 97 9 13 50 9 3 46 56 25 17 16 51 69 76 27 96 41 44 76 13 44 31 88 28 36 60 65 20 41 92 87 16 43 58 12 2 76 24 12 7
37 88 42 30 58 36 63 87 21 40 11 64 47 32 81 54 44 94 84 61 19 49 58 66 97 18 13 7 44 81 4 29 29 46 59 19 1 91 58 19 43 60 23 92 90 94 13 62 15 87 5 8 40 40 73 22 90 32 95 10 83 59 41 100 41 66 43 95 28 45 76 16 32 94 28 80 14 19 46 43 30 4 99 48 50 46 78 84 81 91
82 96 8 52 10 20 29 47 59 47 35 72 46 30 70 33 39 3 35 69 19 5 34 100 47 67 43 98 24 80 99 84 79 49 6 34 71 96 83 32 94 30 60 11 81 10 72 79 8 87 21 34 13 63 17 75 39 65 65 94 19 97 80 20 83 99 74 55 45 64 96 40 55 16 80 40 3 88 46 60 52 36 79 37 7 98 90 53 5 2
86 13 31 63 33 96 71 1 5 30 87 40 19 75 76 55 95 99 18 49 56 24 63 53 47 40 57 85 91 10 25 39 50 54 68 35 39 11 47 67 32 15 31 43 43 68 88 91 17 89 96 82 93 60 55 57 50 30 37 81 74 16 64 66 41 25 69 51 32 2 61 91 4 11 13 57 77 77 21 85 86 7 92 44 36 27 37 55 71 46
89 33 1 65 45 6 56 54 97 93 52 74 75 74 68 59 75 9 56 41 60 58 60 36 57 37 90 81 19 94 83 5 52 87 10 55 17 61 42 94 55 74 37 32 93 24 32 76 99 8 74 37 100 70 28 59 27 21 41 30 9 30 18 85 80 94 64 79 58 18 5 19 40 72 60 36 33 52 100 32 35 97 20 19 31 89 26 35 5 70
64 73 40 81 67 69 27 100 84 10 27 63 78 8 87 51 100 86 56 73 13 98 11 94 41 28 15 20 52 52 88 69 91 12 66 39 59 48 4 35 24 93 29 79 11 25 71 27 74 27 59 65 81 19 41 2 12 70 23 4 3 10 4 68 91 39 32 56 31 51 83 60 75 33 3 29 79 30 11 87 73 61 1 16 24 93 35 8 12 7
15 9 84 38 63 72 62 93 10 7 70 66 76 28 9 16 80 14 56 57 72 32 84 24 80 76 12 67 68 97 70 96 40 82 49 67 89 24 84 74 92 23 27 55 57 23 82 64 61 100 66 4 64 34 24 45 22 87 62 5 48 80 42 29 45 65 78 62 30 52 74 88 32 74 11 44 80 30 48 94 2 14 32 22 18 72 67 56 32 66
4 64 4 8 97 83 100 87 56 11 9 73 15 6 83 40 73 54 70 11 9 66 19 25 44 88 41 4 15 61 68 26 74 17 1 7 100 8 79 33 50 84 62 88 36 23 36 31 95 35 13 21 90 94 65 96 7 81 54 58 76 6 93 80 60 100 34 78 4 57 4 33 86 27 72 48 80 80 57 75 29 46 73 96 73 80 83 86 58 89
54 89 85 68 73 96 28 15 75 65 88 50 73 8 93 24 13 86 67 76 78 95 11 55 31 59 66 41 31 27 27 63 10 97 95 67 77 46 66 29 97 42 86 35 77 18 44 65 23 17 15 66 62 37 83 27 22 23 60 62 67 26 2 1 35 99 83 27 68 7 22 81 33 14 73 33 97 67 94 1 6 48 29 36 100 10 2 81 23 37
52 60 94 20 100 72 99 79 23 98 8 60 43 95 84 37 33 69 86 98 92 25 15 52 39 15 87 26 70 44 27 72 44 53 75 90 35 34 96 23 12 48 14 10 69 37 20 77 40 81 99 96 24 44 51 16 44 18 48 24 11 93 100 63 87 62 30 40 61 49 22 49 53 41 87 74 39 1 42 41 24 18 10 9 57 90 9 87 47 87
54 3 30 59 76 73 20 15 14 38 5 91 88 40 79 65 99 66 69 19 61 67 97 16 7 39 34 67 82 13 61 54 18 62 24 78 96 95 88 2 65 36 97 14 41 50 17 59 1 16 38 72 100 97 85 36 60 84 82 45 51 20 15 59 77 21 100 38 96 24 13 22 85 26 24 36 60 1 22 100 62 36 67 62 45 93 62 56 23 27
76 37 7 25 42 5 36 9 51 98 28 74 57 6 26 4 11 3 87 73 11 6 46 17 80 77 5 24 25 73 88 15 80 74 100 45 25 99 56 52 60 2 76 25 31 78 16 45 25 47 75 39 47 5 52 24 23 75 8 93 76 66 82 17 83 38 22 65 72 73 57 35 4 17 97 39 51 78 96 56 18 27 73 45 2 41 10 40 88 70
40 36 92 41 91 43 73 74 68 33 37 12 39 29 7 93 77 71 97 89 55 28 72 65 34 9 58 37 30 95 26 40 19 42 73 50 46 20 40 39 35 25 18 32 92 13 34 8 32 9 87 95 5 21 14 9 48 13 75 56 97 71 73 35 89 36 58 70 88 93 87 91 34 18 36 37 82 7 79 76 62 39 75 70 51 72 80 93 11 16
65 42 89 3 98 12 97 89 47 31 59 12 67 94 43 7 14 75 27 23 55 54 11 84 94 33 42 75 23 13 11 41 20 40 57 45 80 86 20 38 5 1 96 7 94 62 25 49 36 64 62 13 100 58 61 56 21 20 61 64 42 19 89 100 36 9 99 29 77 49 7 76 63 71 63 10 89 76 64 7 97 94 10 99 23 67 76 23 67 91
79 69 2 75 64 80 6 7 49 92 88 39 2 85 59 16 97 54 58 2 24 40 36 18 67 73 24 1 20 67 66 42 59 25 10 77 35 66 9 49 59 92 15 73 64 37 11 35 45 89 73 36 82 52 24 33 5 17 25 100 51 35 47 69 66 43 59 9 90 84 41 79 76 95 27 85 54 93 15 39 55 67 98 72 100 31 74 85 61 16
32 24 57 49 38 73 35 81 31 100 55 10 90 49 50 5 53 17 52 81 19 15 38 96 52 6 3 12 75 100 7 46 14 38 73 94 57 91 76 89 99 92 94 69 32 54 3 55 17 58 63 30 69 76 17 33 94 36 37 66 12 46 23 59 26 82 40 41 75 66 73 46 80 17 23 40 82 35 93 8 46 42 66 71 98 39 12 42 61 50
60 29 10 9 8 67 23 68 63 53 79 15 67 93 40 71 89 80 66 55 19 37 86 93 41 20 10 12 63 95 31 28 68 68 21 10 21 34 1 56 20 75 65 8 29 89 52 84 8 9 7 61 50 80 81 83 99 52 56 49 11 79 79 91 29 49 2 66 93 87 19 48 75 36 72 82 84 5 5 42 60 42 45 68 46 85 70 48 56 97
35 70 37 33 6 4 12 60 88 55 55 95 61 89 40 3 69 62 15 1 55 54 1 79 51 34 64 33 12 5 19 93 86 42 30 57 40 40 51 84 89 55 60 96 21 33 71 32 83 74 27 37 99 5 41 46 29 39 1 6 42 70 40 69 77 5 19 3 26 46 52 76 87 44 67 50 64 7 3 87 37 35 66 61 50 9 34 42 74 57
12 49 20 44 38 7 59 9 67 77 47 50 48 53 34 22 40 65 92 6 70 91 70 45 78 7 72 9 22 47 59 70 9 58 49 83 16 98 100 60 73 72 21 30 31 100 78 89 97 89 29 52 10 87 54 2 16 85 8 29 30 7 81 66 90 81 11 6 60 85 3 47 96 40 29 31 79 63 80 1 9 40 89 57 79 1 26 90 5 100
20 36 95 74 77 96 29 23 9 42 62 29 49 97 65 52 73 33 61 42 55 24 33 37 58 17 65 43 97 29 50 4 52 77 79 78 30 68 98 82 50 34 85 7 77 8 87 28 94 90 32 23 56 78 43 4 19 35 65 15 55 50 41 80 24 31 73 93 48 97 58 25 77 70 66 33 75 40 71 30 57 3 53 11 29 62 89 1 49 81
80 83 16 72 99 96 93 4 23 81 94 44 88 73 98 3 38 5 13 32 4 100 85 41 18 87 36 6 5 74 53 13 28 4 32 99 37 62 67 18 19 86 36 50 50 11 71 77 36 80 34 90 85 79 70 84 65 94 59 89 39 24 14 6 49 37 73 13 34 74 60 21 32 64 17 40 63 98 91 48 79 59 34 9 59 6 72 39 80 31
100 60 5 54 69 35 4 21 66 63 55 79 33 87 16 73 36 100 1 40 37 94 20 43 69 49 27 85 77 100 73 46 21 89 43 9 7 56 96 43 30 79 2 22 42 17 41 53 97 10 67 98 52 29 42 38 61 46 3 87 9 3 55 25 17 60 21 10 47 94 100 53 89 81 93 77 53 58 100 21 71 94 66 27 5 8 98 6 69 17
81 32 93 32 80 48 3 35 69 94 88 77 86 30 51 81 32 60 73 86 88 77 11 24 63 21 90 77 75 71 62 72 94 58 19 21 88 66 91 98 91 22 47 46 93 87 78 60 27 85 58 55 35 59 44 64 13 10 9 99 23 59 46 43 3 70 85 95 23 95 42 62 71 38 20 35 73 61 69 19 2 8 44 49 51 81 2 6 40 8
94 19 37 86 53 51 78 99 34 92 51 83 9 92 88 26 55 77 85 39 35 20 11 36 49 84 14 88 6 56 21 57 27 5 73 65 2 90 90 94 91 53 65 31 87 86 48 65 29 71 82 42 28 39 43 75 99 35 53 39 84 59 46 84 10 57 28 92 33 39 4 98 76 95 57 15 62 42 77 48 4 98 44 15 52 67 82 88 38 7
31 81 44 46 100 75 43 97 88 76 47 54 41 26 51 11 99 18 9 84 32 97 64 59 58 31 67 71 81 23 2 29 42 26 66 88 50 12 57 80 42 2 85 99 14 38 94 62 1 92 16 62 48 77 42 24 5 61 41 28 5 98 26 80 19 18 56 51 25 7 67 39 75 99 34 85 82 3 18 74 99 55 24 70 89 45 16 61 95 84
14 50 43 26 1 94 79 50 77 14 42 18 53 98 46 95 33 50 35 27 92 35 74 76 12 62 11 34 74 1 40 41 21 83 44 25 48 2 88 49 51 48 52 19 58 19 86 48 56 69 80 47 71 22 24 86 64 85 89 23 48 46 46 57 14 15 81 48 8 20 66 61 12 45 89 68 26 65 93 62 69 93 53 47 65 89 1 28 85 58
69 91 19 55 80 73 33 56 2 14 32 98 5 34 37 98 91 58 51 11 25 65 83 60 11 23 50 24 81 15 38 28 94 10 56 74 86 1 33 8 37 21 31 69 10 66 21 48 88 48 14 89 90 86 87 38 40 88 79 4 54 97 49 63 58 92 50 26 38 75 66 87 44 77 58 69 25 65 43 27 11 43 2 51 37 22 8 6 91 61
23 21 38 86 48 74 10 50 48 6 72 49 32 99 48 47 23 50 45 18 16 34 46 3 24 83 12 53 78 53 54 81 98 46 26 52 38 29 93 38 49 20 61 78 1 100 42 72 51 29 96 58 47 4 81 76 76 16 16 33 72 80 60 38 34 23 100 89 86 37 83 24 95 15 73 46 18 98 79 56 51 22 91 18 15 35 19 94 15 42
39 89 97 51 86 1 29 69 91 45 46 100 75 66 15 53 49 58 27 9 43 30 40 60 83 40 70 24 47 2 3 66 79 93 84 36 30 87 43 50 92 47 16 97 31 86 74 99 93 60 93 11 21 94 42 56 15 1 32 12 97 99 60 22 25 30 1 26 69 86 6 82 88 57 17 70 60 67 58 41 95 32 41 26 73 1 78 54 55 1
56 61 27 48 93 56 66 16 47 12 96 58 55 40 33 54 31 44 49 23 42 97 53 48 88 43 25 47 42 54 65 36 17 67 45 5 9 44 60 7 38 67 17 10 29 10 33 9 4 34 16 90 56 68 56 85 17 1 93 70 7 84 48 21 60 39 32 100 93 63 31 15 11 18 61 69 16 71 32 56 19 70 90 99 37 62 33 90 90 8
20 48 39 79 86 85 19 33 71 97 81 43 91 63 80 13 80 33 74 40 68 23 11 76 86 40 46 9 59 46 87 86 22 76 96 90 33 30 27 95 12 5 98 57 10 14 90 89 59 81 79 20 54 57 93 95 99 29 41 80 4 56 52 92 5 57 39 29 33 7 8 97 17 54 75 61 96 72 15 20 13 48 69 72 27 58 50 63 46 91
26 45 44 84 10 100 60 80 47 87 9 93 64 37 80 41 25 4 47 32 29 87 38 54 7 6 13 68 32 64 18 52 48 75 26 89 98 55 63 20 74 96 77 38 38 2 24 34 100 36 58 61 34 37 51 80 51 30 10 70 57 38 9 60 11 13 100 75 66 84 97 31 47 5 99 73 57 88 41 96 16 34 10 1 57 48 52 13 29 29
7 20 99 29 53 66 43 14 55 26 58 8 84 63 51 8 14 22 10 50 45 91 76 62 14 6 25 83 20 84 29 24 45 49 86 71 80 9 8 62 10 58 88 73 5 89 19 59 48 97 92 38 61 67 38 44 81 25 43 85 91 98 14 66 12 93 93 19 65 19 94 32 35 92 37 77 47 14 44 75 86 22 32 83 37 63 54 17 58 99
15 76 52 86 96 84 56 21 45 46 87 8 17 66 21 19 99 45 58 74 1 96 85 91 87 14 49 43 87 62 41 98 57 63 46 58 42 11 62 68 27 44 48 69 34 84 96 5 65 70 59 81 89 11 8 71 10 57 73 46 3 67 75 70 24 61 77 48 32 68 23 33 72 26 32 90 51 36 41 69 54 58 45 83 59 7 85 10 52 41
33 20 31 93 24 75 46 34 27 78 51 99 35 10 33 32 41 12 92 13 11 31 95 65 61 32 21 49 34 8 18 70 7 59 45 70 20 43 11 28 48 46 69 30 34 95 64 71 70 27 54 70 2 43 77 79 68 100 9 83 13 25 89 100 80 27 14 50 58 40 62 19 12 9 38 34 15 84 3 85 92 64 55 56 82 97 45 3 68 71
76 78 53 99 40 82 73 92 89 53 7 87 51 62 55 49 65 100 15 40 70 100 91 86 36 8 16 12 12 78 76 48 77 26 94 70 79 7 21 26 52 20 53 15 70 74 47 97 3 32 11 39 20 93 79 93 84 59 60 20 52 27 76 16 68 64 35 11 83 8 9 95 53 100 29 97 34 69 62 49 14 93 42 19 56 49 45 54 54 15
59 21 35 67 51 96 58 12 25 14 58 17 12 98 84 67 38 96 54 19 95 40 98 78 94 54 52 35 14 94 71 94 51 42 68 75 65 52 59 51 91 19 23 64 14 59 24 80 54 91 46 15 64 44 19 65 35 23 100 48 20 45 86 96 86 12 53 76 63 73 29 26 4 32 72 60 39 25 81 63 35 88 40 77 11 43 36 26 38 69
18 30 63 71 26 48 35 6 61 22 96 45 48 14 88 3 81 66 68 29 59 86 1 84 68 34 92 39 33 76 93 3 95 91 94 88 36 35 70 72 92 99 74 35 56 21 12 78 98 3 38 57 69 16 11 58 25 50 75 95 16 88 3 53 77 59 16 50 45 90 59 99 42 44 76 56 74 87 41 23 37 13 1 36 49 21 84 99 34 70
22 3 7 62 89 61 41 44 99 28 95 96 44 15 77 90 14 6 57 12 52 32 2 57 45 3 47 26 5 88 23 41 27 43 37 99 60 34 97 13 62 55 19 99 15 72 97 91 2 17 82 44 10 43 11 41 79 59 7 15 18 8 34 61 53 49 100 98 91 73 76 98 90 38 64 2 52 22 96 87 29 36 96 28 56 80 28 49 1 65
72 81 46 98 64 40 62 49 89 26 11 58 47 94 92 21 77 92 10 17 21 65 93 9 2 86 50 87 38 89 96 52 77 83 1 78 8 78 40 21 97 19 77 81 72 13 39 65 66 58 67 10 33 54 67 9 94 50 46 60 72 79 91 43 77 62 79 28 70 30 57 97 15 65 78 70 91 89 29 100 94 24 64 57 22 64 67 59 5 97
72 87 10 44 67 95 43 92 97 55 14 31 14 45 6 36 37 88 47 99 14 45 82 100 75 6 81 93 75 29 78 84 69 27 69 87 86 48 91 32 40 85 6 83 45 36 72 51 67 44 27 78 37 18 64 22 53 11 36 3 95 92 7 88 40 47 74 28 47 26 44 90 75 37 73 89 96 36 8 46 49 96 21 12 89 75 78 13 71 9
51 84 1 96 62 34 65 93 93 4 30 9 71 28 94 77 80 84 97 93 77 83 41 11 57 83 39 29 56 72 39 72 17 3 14 51 27 20 65 98 59 82 17 84 49 57 59 33 46 57 76 6 74 59 82 94 75 61 2 62 53 27 35 94 96 20 6 84 9 15 46 76 89 44 35 38 30 40 35 55 14 38 53 30 35 64 82 67 28 62
14 20 86 40 53 67 80 30 46 55 59 73 45 41 42 64 24 97 52 96 9 53 33 77 98 77 40 14 78 80 89 11 46 21 92 1 59 5 74 81 21 59 1 87 100 36 61 13 36 82 46 75 40 35 63 11 9 27 38 3 24 59 49 76 60 74 91 12 50 80 90 82 85 24 15 48 92 46 32 93 86 15 37 51 48 36 82 10 10 25
27 52 96 30 100 19 26 4 55 7 20 13 56 78 52 30 25 94 14 26 53 2 100 31 29 94 88 9 9 75 20 21 81 14 48 88 68 72 7 3 21 76 90 57 54 39 1 81 80 92 64 17 97 88 30 1 77 49 78 17 71 62 17 72 89 67 31 29 41 36 86 92 85 9 18 100 61 60 88 97 5 46 85 44 16 57 42 75 80 4
94 85 9 25 72 13 19 16 73 5 54 63 72 60 41 57 85 88 76 91 36 54 39 87 16 19 83 34 98 47 36 93 61 87 52 66 94 2 50 75 43 40 17 44 20 76 6 60 64 83 44 70 64 4 88 61 64 31 11 15 5 67 9 12 57 84 28 41 97 77 91 31 87 80 79 83 56 97 22 40 46 90 48 21 30 80 91 91 18 95
55 10 21 90 48 87 71 22 84 4 55 74 97 79 82 77 74 20 17 22 21 100 59 44 67 59 41 37 90 6 76 80 94 42 24 17 95 61 64 42 80 83 41 82 36 36 32 52 70 38 12 1 92 75 13 1 81 95 91 48 1 92 13 62 45 19 48 62 63 89 33 41 92 29 69 76 12 25 60 44 61 33 29 87 12 27 12 76 42 60
75 80 96 13 52 24 47 45 47 71 34 11 86 32 59 53 21 15 14 46 75 47 39 98 43 39 83 38 57 53 90 23 98 61 22 10 84 28 35 55 16 33 97 43 10 18 28 83 33 77 34 27 34 22 62 18 49 14 53 14 7 73 20 46 49 52 30 81 46 39 60 53 95 25 58 55 67 56 77 59 47 43 69 91 34 19 78 60 32 84
95 14 45 74 85 74 10 18 87 75 77 54 21 6 83 20 23 74 80 6 38 77 33 87 66 39 23 7 93 22 98 25 14 39 29 17 60 27 94 89 95 26 30 68 24 32 85 38 70 57 23 49 14 16 36 84 47 38 19 42 17 68 53 22 55 79 25 72 9 91 68 48 66 52 50 1 98 16 87 68 71 42 4 16 44 19 59 26 53 38
17 59 92 56 16 23 90 67 21 44 69 94 48 89 68 50 40 80 10 30 18 95 21 75 79 19 83 1 46 25 65 19 52 54 75 69 1 36 49 49 98 53 10 22 6 61 52 79 11 44 2 97 54 37 29 75 89 1 20 75 85 85 18 50 68 10 99 88 9 67 35 88 14 39 54 53 48 62 50 71 52 28 8 72 26 10 31 73 21 20
46 9 42 15 4 18 73 75 65 33 100 49 27 63 61 19 33 87 89 6 26 12 3 59 84 85 7 33 97 30 77 35 88 27 2 87 87 3 68 45 69 33 6 1 77 69 90 16 30 83 18 24 67 94 54 51 59 11 95 36 40 26 60 16 24 79 71 4 32 60 55 45 70 87 97 68 47 13 11 67 88 62 76 33 42 65 86 25 37 2
51 7 2 55 75 37 64 65 34 69 51 31 97 57 57 8 56 55 26 21 49 45 58 56 18 29 54 19 47 60 19 81 30 60 47 77 38 87 71 93 75 1 19 69 99 48 29 63 60 72 68 11 11 64 78 27 75 31 33 51 20 56 27 68 16 35 92 24 33 23 74 62 13 28 98 95 21 12 58 62 8 24 73 52 80 99 46 82 92 7
15 53 94 70 50 91 44 18 34 64 8 65 17 87 13 35 88 84 10 35 39 66 9 81 22 86 4 19 84 46 98 74 54 32 76 36 41 48 21 20 98 83 70 17 70 89 33 4 61 57 17 84 72 10 4 94 43 7 12 22 92 76 8 44 36 49 79 30 49 11 61 92 2 59 55 29 5 3 81 92 43 51 8 6 11 65 35 80 7 28
25 82 46 82 99 69 88 10 78 2 82 37 17 37 57 24 19 90 1 69 36 96 17 7 72 67 43 27 45 43 78 31 47 5 15 45 34 97 59 67 72 10 70 75 35 84 62 99 23 86 62 42 77 76 20 7 2 77 94 8 8 44 28 60 28 83 41 67 34 32 73 89 26 8 19 89 1 79 56 20 83 63 65 62 4 59 25 8 35 31
19 23 75 33 27 29 17 40 20 59 44 50 32 48 25 17 99 75 34 85 83 4 79 95 60 97 97 9 32 69 8 8 62 50 71 82 4 97 48 65 88 10 3 78 92 18 39 72 89 45 51 84 50 27 20 80 10 67 28 76 5 28 28 97 1 95 99 18 15 48 11 27 99 23 15 85 2 50 23 7 51 51 63 77 42 50 73 67 39 90
88 42 6 41 27 90 57 62 74 95 68 2 67 94 61 41 4 93 99 64 75 97 36 35 100 92 39 4 24 100 76 21 31 83 49 75 94 61 88 33 67 27 24 44 71 20 60 22 21 32 69 6 56 30 2 64 73 80 40 90 8 91 99 45 38 83 11 20 45 100 65 84 66 39 74 62 86 52 21 26 36 19 42 14 33 17 92 28 57 14
50 86 50 57 26 57 17 10 41 6 23 47 76 43 81 58 35 30 69 25 63 68 59 60 58 53 22 13 70 35 43 89 93 53 49 25 39 34 32 87 8 73 59 31 10 90 45 81 20 43 18 51 6 33 96 74 43 4 43 49 82 100 87 21 71 68 84 78 36 4 93 8 56 94 68 27 11 68 84 68 97 30 42 96 21 33 11 13 83 54
85 63 27 15 4 42 77 28 4 68 43 17 13 12 34 7 37 59 20 90 94 19 73 6 54 47 14 19 31 22 86 67 6 72 35 83 83 32 51 36 79 89 60 24 54 96 88 17 4 47 23 28 99 70 75 57 71 71 53 49 69 24 70 30 58 29 50 91 89 99 47 17 42 81 64 6 9 37 74 21 37 92 25 36 90 79 16 47 30 58
20 56 1 1 28 90 81 92 4 29 79 36 100 52 58 74 61 95 60 55 39 90 79 17 12 5 49 39 38 27 81 35 27 78 100 99 40 10 42 23 78 77 98 22 58 65 39 88 50 88 17 8 76 50 36 2 87 70 89 63 95 75 1 57 21 93 40 20 91 28 36 69 30 43 27 9 80 76 51 44 16 35 11 64 80 30 21 18 77 91
48 8 35 43 25 97 98 84 61 33 63 18 96 66 43 13 71 60 60 74 79 40 47 17 6 81 38 43 56 12 53 45 9 99 21 58 7 50 7 72 34 42 79 74 2 23 64 10 65 53 16 57 12 78 32 29 22 47 42 27 26 16 67 28 60 12 32 10 75 90 40 26 62 45 90 75 41 81 33 45 60 49 7 32 36 2 5 26 62 9
1 43 76 80 76 73 15 86 78 31 76 83 71 74 100 98 96 39 51 86 61 74 20 89 48 26 37 28 25 81 45 95 82 18 100 97 66 17 31 86 53 50 33 79 8 91 51 66 92 38 65 19 87 74 72 98 29 92 1 61 28 82 27 7 76 98 55 28 92 20 94 13 44 11 30 32 100 81 66 66 46 59 31 16 81 55 2 99 4 50
84 12 51 30 99 36 10 44 52 18 11 55 94 92 73 6 84 84 22 2 33 79 46 44 87 52 31 22 95 41 37 89 67 96 7 100 17 11 93 85 35 51 14 2 73 86 71 55 3 25 9 56 49 73 89 19 21 28 25 82 12 1 66 9 29 52 79 15 72 36 8 76 13 14 27 54 5 90 36 29 32 67 69 24 73 26 47 31 4 20
57 35 36 29 91 58 50 89 37 34 51 28 49 14 98 83 95 74 49 39 24 83 27 5 25 23 29 43 9 3 39 77 16 10 78 48 68 75 55 72 55 8 30 93 66 60 68 95 10 31 80 58 24 38 71 79 50 51 56 24 19 68 38 3 91 31 65 53 62 7 43 66 1 12 93 41 27 12 82 37 10 19 95 33 24 63 22 64 30 100
8 71 18 86 44 16 88 14 38 56 79 12 4 63 54 4 79 8 89 74 25 65 8 87 45 10 13 22 73 26 29 1 23 14 79 36 80 35 80 57 90 55 76 49 23 81 15 74 53 59 75 35 19 2 74 18 12 45 24 13 92 82 93 39 61 72 46 91 33 12 37 4 94 94 7 66 59 51 41 5 43 85 43 23 64 58 55 63 56 4
76 15 53 80 32 86 80 23 11 85 84 13 89 67 39 78 51 36 54 48 19 6 89 16 75 43 73 78 64 85 87 7 51 13 45 60 50 14 50 98 67 42 76 94 77 24 77 27 51 36 81 67 12 26 5 50 68 6 5 23 27 73 70 36 77 49 50 46 17 44 8 88 8 93 44 73 66 88 17 46 84 29 72 74 2 13 25 29 23 59
76 63 20 47 57 40 72 15 27 46 76 35 44 67 49 93 65 75 11 61 87 100 80 18 79 8 39 58 9 83 93 100 6 30 47 16 62 19 15 3 72 34 68 78 15 10 74 34 71 75 6 75 89 90 95 56 60 67 96 88 27 51 58 3 43 47 75 25 28 65 8 48 49 64 32 7 26 62 62 95 58 87 78 62 57 6 2 88 54 93
66 91 36 30 72 15 77 99 38 12 11 49 61 21 67 86 68 64 2 63 17 19 48 70 42 12 13 71 65 47 65 68 41 77 91 80 81 49 47 92 24 66 97 65 89 91 43 97 96 29 3 77 72 71 88 96 64 99 47 5 49 26 11 27 53 34 62 51 4 90 76 51 98 97 10 47 13 96 5 60 97 40 8 45 59 93 79 35 67 81
65 14 45 36 32 1 71 5 77 31 36 53 30 20 85 10 45 3 47 88 23 1 55 22 39 18 48 67 94 23 32 31 71 82 17 67 79 59 77 68 29 94 88 7 39 21 60 32 46 86 82 54 37 19 16 78 97 48 47 55 84 47 4 67 68 33 18 78 60 43 21 66 56 92 50 38 92 25 95 59 44 94 100 4 47 42 4 5 97 13
61 98 69 21 42 9 25 52 95 40 55 29 37 74 79 81 99 27 65 1 49 80 51 89 7 80 98 55 95 6 50 3 51 45 75 53 14 89 80 98 84 95 97 59 71 15 45 4 46 68 30 56 62 59 6 6 100 9 92 30 78 5 49 84 22 62 59 20 80 85 19 39 18 19 84 24 49 18 62 32 43 4 1 16 22 35 24 19 55 95
11 84 31 45 2 73 59 60 24 7 11 81 37 38 28 20 92 4 85 67 40 84 31 42 4 73 80 79 96 4 83 30 83 11 22 55 16 48 81 17 100 26 49 76 43 68 9 33 30 74 37 21 62 32 51 98 29 78 55 52 75 10 48 99 74 33 33 15 98 23 25 15 1 4 62 95 72 66 18 32 28 45 60 18 33 73 90 30 24 38
48 30 39 45 33 44 7 24 23 80 68 83 84 57 24 9 51 54 25 39 11 33 83 94 4 100 44 17 32 19 79 70 34 24 59 3 96 66 12 67 2 56 95 72 69 61 15 23 89 70 79 21 5 47 79 62 77 85 60 17 19 21 55 77 67 51 37 38 26 77 14 66 17 92 24 77 55 85 36 94 73 28 60 61 90 33 77 98 56 26
91 44 50 33 53 60 21 64 55 99 95 88 14 15 65 80 71 36 19 84 58 88 14 83 6 88 60 36 65 39 82 27 88 73 37 20 95 63 90 23 51 39 29 71 81 34 60 60 29 19 92 93 82 38 34 86 10 33 71 88 20 51 41 70 93 74 30 91 83 51 81 78 27 35 44 13 85 69 95 82 62 80 89 21 12 53 31 93 67 15
85 81 49 94 2 82 93 84 65 27 58 98 80 34 56 41 86 69 71 87 47 37 28 10 98 68 89 31 5 62 95 91 58 71 13 28 36 73 100 85 50 67 100 24 27 43 68 46 53 55 1 82 20 24 65 9 60 57 97 81 95 93 78 3 10 4 74 72 50 98 61 19 99 49 89 77 52 79 19 22 68 9 90 60 19 36 93 5 7 46
15 38 89 56 32 7 46 88 35 22 37 25 5 85 14 47 25 12 100 2 70 80 90 28 55 39 40 33 30 23 82 23 47 26 18 88 3 95 9 39 61 56 35 72 17 72 61 62 89 12 57 48 5 75 11 79 94 13 2 46 65 94 39 75 4 17 76 97 62 61 61 97 90 25 28 93 9 57 90 37 46 2 52 76 9 39 60 78 25 68
73 13 28 1 22 51 29 74 47 86 85 8 12 37 50 78 60 43 87 43 46 63 40 56 48 77 53 71 99 65 15 64 45 77 29 71 64 79 46 63 19 34 51 89 73 50 3 71 78 51 53 3 63 53 98 53 83 25 94 86 65 57 73 65 64 57 72 87 54 41 57 76 33 6 27 46 92 15 69 47 31 88 40 21 98 40 34 83 68 8
1 68 63 96 75 8 100 40 64 70 23 55 92 94 2 47 41 36 48 37 3 31 17 98 22 96 59 65 31 8 28 67 32 55 81 17 38 95 20 13 37 21 7 81 30 7 42 39 74 2 55 7 45 17 7 77 93 25 40 81 72 31 35 7 48 7 28 46 5 70 10 76 83 1 24 15 16 92 31 27 35 7 58 69 56 62 95 18 56 88
14 35 11 34 45 36 70 36 91 64 25 12 61 10 40 5 99 15 82 7 15 14 60 24 94 24 25 66 38 43 19 45 70 28 18 15 14 11 98 6 14 74 73 99 69 96 3 79 71 17 61 37 23 1 40 21 12 98 19 29 71 76 5 93 14 19 31 1 37 95 6 50 39 76 99 26 12 78 28 17 19 40 10 19 59 9 67 85 40 1
29 22 13 89 27 15 44 30 45 6 83 17 26 60 46 7 65 86 34 33 59 84 33 47 83 88 14 60 21 89 80 59 40 77 14 23 71 61 94 34 52 61 76 38 53 50 48 9 86 10 93 62 70 65 96 26 44 7 47 53 49 54 74 99 84 47 85 63 36 31 80 98 91 81 63 5 42 36 90 92 12 97 98 95 43 60 6 10 43 62
56 1 82 41 70 21 3 6 20 95 70 7 43 94 31 35 46 7 44 70 93 81 85 40 37 62 29 9 33 76 99 5 53 29 62 9 65 64 33 42 63 59 62 27 2 15 80 50 78 63 50 9 31 40 37 81 22 92 92 75 29 43 47 69 78 74 30 55 79 88 72 35 49 43 14 14 96 25 15 52 93 13 41 10 90 11 70 95 89 99
4 34 37 60 58 93 75 20 51 39 17 92 45 90 20 79 54 79 64 61 78 34 40 27 76 44 73 71 20 97 49 35 6 60 15 10 47 47 3 14 25 99 2 35 67 4 86 23 31 68 14 87 59 24 61 13 99 77 1 21 28 17 74 41 65 57 40 36 85 86 77 64 16 46 18 21 28 89 64 32 55 12 51 25 5 3 95 99 47 25
54 15 7 83 33 7 56 42 94 72 100 47 80 2 85 66 20 89 85 85 51 99 99 69 6 28 58 75 19 73 60 77 8 67 66 19 14 55 83 13 40 8 76 63 70 13 97 87 44 48 76 50 70 72 94 81 9 55 49 15 12 61 84 32 1 31 58 100 95 16 26 21 42 62 17 27 91 49 62 48 35 4 68 97 6 19 98 25 15 24
93 10 55 7 24 71 78 54 85 92 11 27 86 24 32 10 60 51 52 4 14 20 47 41 43 60 45 13 56 8 25 87 80 37 3 63 46 44 30 23 70 84 55 56 72 70 58 67 94 70 21 41 37 23 77 72 8 29 8 20 66 24 81 14 3 85 21 84 6 58 38 99 69 9 61 86 76 93 35 12 91 70 36 84 81 22 49 80 60 95
40 84 72 65 72 12 73 78 93 81 98 77 86 65 6 28 10 55 23 43 84 40 47 12 37 86 4 30 62 84 66 22 49 76 33 51 86 71 75 40 28 16 3 72 24 81 12 47 52 66 21 24 98 24 64 47 81 35 52 65 33 71 97 2 20 50 32 51 14 85 76 28 60 75 36 31 69 82 92 28 23 72 93 63 27 59 7 22 61 84
51 5 23 91 48 70 39 7 73 31 28 51 77 90 29 13 1 13 69 23 29 69 27 19 74 60 18 77 44 46 79 29 36 58 76 64 61 34 55 14 55 50 64 59 5 41 12 78 5 29 21 8 67 60 19 28 11 41 89 4 36 43 80 16 43 31 43 47 2 12 61 15 8 98 20 60 54 71 62 13 27 87 35 21 31 30 79 65 50 62
3 86 77 45 57 8 44 88 96 11 37 41 24 43 92 40 77 54 91 100 17 82 19 44 70 68 25 25 62 20 71 57 61 52 34 21 21 74 57 35 34 30 76 39 74 61 88 30 43 99 82 25 5 71 21 51 25 17 41 50 50 40 64 64 30 53 10 36 36 93 21 56 86 6 25 55 28 26 21 23 65 8 39 35 28 28 42 58 68 32
71 34 93 62 99 46 26 85 57 88 90 5 30 13 22 69 68 13 7 78 47 87 23 71 51 2 50 94 83 43 56 18 65 37 29 42 35 46 85 8 16 38 94 44 69 47 78 60 4 29 43 42 10 87 69 98 93 34 89 55 31 49 47 65 56 43 13 34 10 67 4 93 54 67 17 46 22 9 91 67 79 55 31 25 33 14 73 10 2 55
53 74 32 32 28 23 74 6 31 51 50 2 47 11 66 87 41 11 43 65 35 88 94 39 61 19 23 44 40 15 48 27 50 36 38 72 62 4 99 85 28 9 87 75 19 78 67 25 62 69 58 81 78 22 82 63 12 92 78 33 2 65 100 67 79 92 77 13 8 59 16 76 8 26 65 30 72 57 94 91 30 82 11 53 33 88 66 22 53 13
72 28 91 2 94 56 59 65 46 6 52 41 35 39 76 27 99 68 76 8 47 4 32 42 79 96 74 38 4 68 26 25 89 6 48 54 49 59 36 6 27 8 9 94 81 56 48 9 22 47 88 99 37 22 50 85 24 58 84 67 48 86 45 20 6 94 60 51 2 88 11 10 3 72 25 18 51 76 93 46 94 86 53 66 72 90 50 64 13 75
26 7 82 9 31 74 69 45 99 99 43 33 57 100 84 54 55 59 22 37 67 68 51 77 37 60 73 13 100 75 56 39 86 10 16 51 44 44 5 32 52 98 92 92 68 62 37 67 70 81 36 38 57 90 80 50 80 52 34 59 59 87 10 8 20 28 71 81 83 97 67 85 90 13 48 81 79 27 82 39 68 94 49 60 25 54 31 3 89 41
48 93 75 83 10 51 59 85 87 42 69 45 67 100 64 79 79 86 10 6 73 66 15 2 13 63 63 9 5 12 9 1 68 10 28 91 36 13 54 32 28 43 25 63 43 73 19 15 10 6 55 86 9 16 12 62 42 38 83 40 30 68 7 21 72 6 63 39 14 69 63 93 23 48 18 73 37 3 43 88 44 6 82 60 60 44 68 70 89 42
50 59 99 65 50 83 29 58 93 7 15 50 29 66 83 61 40 31 88 96 20 40 77 44 57 79 59 12 19 78 4 7 54 50 72 70 35 68 93 67 9 51 11 36 64 58 64 83 23 45 48 27 53 99 85 34 28 89 21 89 60 1 45 43 23 4 83 21 12 15 22 74 65 94 95 78 24 90 53 38 12 30 59 44 14 3 84 93 61 50
11 21 97 19 61 60 29 63 2 21 38 60 1 97 91 29 33 63 76 33 21 8 28 43 85 85 87 36 99 18 34 40 22 84 81 50 32 11 1 39 54 25 38 70 65 40 19 62 42 1 85 7 66 89 48 49 5 23 21 55 32 75 73 26 32 72 99 34 47 2 7 11 46 53 95 100 1 70 89 35 4 54 85 87 38 14 32 44 99 1
78 82 8 82 83 6 19 86 78 85 95 36 81 27 74 22 59 13 88 94 20 96 47 92 65 12 23 25 43 92 53 67 52 76 66 98 97 95 65 37 3 8 19 60 92 57 3 91 64 7 43 31 6 47 65 4 17 55 4 73 35 22 11 96 59 68 77 1 85 98 66 74 12 21 72 82 95 95 94 62 63 84 48 7 89 8 58 30 12 11
38 79 3 30 59 85 53 27 20 49 3 95 3 7 93 75 64 17 31 99 46 100 47 20 71 87 21 6 91 49 20 99 65 55 34 17 36 74 82 61 51 30 100 63 48 46 3 34 37 76 3 78 4 65 40 24 89 57 36 35 93 66 81 41 95 16 100 90 39 34 24 6 94 74 77 19 82 16 46 44 3 81 46 87 56 4 95 15 20 45
70 41 99 83 45 91 17 85 14 93 89 44 32 92 36 19 11 42 41 27 5 66 52 100 98 40 76 60 36 85 72 20 66 80 16 68 97 85 78 8 79 14 30 5 10 49 25 61 43 44 31 52 69 20 84 7 83 87 48 73 23 99 80 76 93 29 64 72 90 95 16 59 73 32 28 54 93 71 34 35 5 89 79 56 79 93 73 4 82 5
48 68 30 50 9 51 71 91 90 27 46 93 90 7 57 85 36 35 84 34 96 57 19 93 71 62 86 23 76 4 22 5 15 100 21 23 65 59 14 69 40 65 90 8 24 74 57 71 25 90 64 68 48 77 61 40 98 90 16 72 19 26 98 6 27 61 42 84 1 82 43 62 17 55 42 90 79 6 13 69 19 64 24 19 93 80 37 24 77 16
46 55 4 57 32 83 79 29 37 54 1 19 58 77 41 33 73 81 77 31 46 14 85 59 48 15 56 29 93 25 90 70 17 85 91 75 26 55 57 8 36 64 68 20 99 88 55 97 74 58 89 65 11 29 23 91 33 58 88 10 77 75 30 7 80 36 81 56 94 10 84 44 3 55 84 71 34 77 51 69 84 22 96 49 86 80 16 6 83 16
23 41 84 32 29 46 98 64 31 8 92 20 26 98 13 41 35 25 81 23 17 44 7 95 77 13 63 87 4 12 98 27 14 33 23 74 86 12 23 2 34 70 83 19 95 53 5 62 74 28 51 88 63 51 7 2 48 67 27 26 52 49 70 82 62 18 5 91 50 48 90 72 29 17 39 50 12 24 10 12 5 10 27 88 53 19 29 56 2 6
36 32 83 72 52 61 48 41 46 90 76 9 66 24 93 75 50 34 78 72 1 32 13 29 91 71 69 34 77 80 60 50 26 25 27 35 51 19 36 38 88 37 22 70 86 25 95 19 80 8 10 42 93 80 77 63 5 96 18 60 44 17 99 49 26 43 29 99 30 67 39 87 87 76 73 3 100 98 91 98 67 45 41 38 52 79 32 61 38 54
8 32 20 15 66 86 1 57 75 69 62 63 30 37 40 62 17 49 83 20 4 80 48 96 40 33 19 26 20 3 94 90 32 61 43 85 1 78 27 100 15 85 97 59 48 95 52 30 74 45 54 6 60 29 32 46 71 55 26 81 9 40 6 66 41 100 12 34 9 51 38 92 88 23 48 21 45 26 84 100 9 71 44 62 15 88 11 16 45 3
80 68 24 82 13 88 61 27 31 100 50 79 73 33 44 71 17 51 52 56 39 33 25 32 48 39 7 83 25 71 18 70 13 66 8 36 67 80 78 7 40 90 14 31 9 100 50 16 73 3 36 32 71 100 75 74 25 83 62 85 51 38 51 60 8 73 29 70 67 16 70 32 87 60 17 82 95 3 76 45 44 73 57 95 54 85 87 86 22 73
49 19 60 33 5 47 58 66 2 12 65 5 64 7 15 78 39 61 100 40 52 42 60 74 23 96 91 69 11 51 28 43 100 89 76 66 50 26 7 19 5 29 10 13 42 44 37 31 8 54 21 88 48 89 26 62 30 60 53 79 97 74 28 70 27 49 25 58 66 61 14 100 14 99 94 29 35 3 92 29 27 59 46 89 70 22 52 76 37 81
38 36 84 84 66 15 38 15 25 95 5 100 2 58 49 28 51 86 1 77 89 77 72 91 95 12 77 16 96 72 63 69 72 89 17 19 31 50 10 93 39 73 7 36 63 55 57 72 97 41 19 83 85 21 25 20 1 19 35 95 5 5 87 51 2 100 80 57 5 9 45 76 42 78 41 97 28 75 1 70 21 9 12 87 92 71 10 46 78 83
86 80 49 21 35 39 25 51 24 50 64 36 66 97 48 95 81 30 99 31 29 90 74 46 94 72 3 87 30 14 90 21 26 5 43 98 89 45 64 90 36 60 20 6 36 76 42 97 30 20 41 92 77 92 63 82 43 8 74 87 56 7 23 25 1 42 27 95 34 44 49 53 76 82 86 23 51 44 10 47 37 39 60 47 85 76 70 89 80 83
95 20 71 24 41 40 57 43 56 35 81 42 89 95 65 98 86 64 84 75 77 56 46 30 49 53 16 50 64 47 34 2 2 43 74 53 59 54 44 44 76 68 26 68 80 94 36 8 87 22 64 11 16 70 20 17 82 25 8 29 73 82 86 88 33 8 99 84 36 96 36 87 70 13 41 26 33 67 89 59 32 53 46 83 83 79 66 21 70 22
40 21 28 52 18 81 6 62 38 57 27 80 16 88 35 57 46 45 31 6 100 6 52 93 96 74 11 6 57 95 82 14 38 27 12 69 38 38 89 40 85 70 48 77 21 72 93 66 76 2 42 3 24 28 23 98 59 20 62 85 87 13 67 68 53 37 35 73 54 10 8 87 36 47 99 94 14 96 4 2 100 18 33 32 85 100 78 93 24 35
74 96 79 81 76 38 18 39 32 58 67 73 17 6 60 37 30 63 14 28 33 15 4 90 37 91 64 69 46 16 65 32 24 19 9 65 29 52 7 43 18 57 34 55 19 89 1 54 47 34 5 27 57 98 68 87 1 33 1 28 9 100 26 100 50 67 89 64 32 60 99 45 24 2 84 10 70 2 35 89 46 73 68 59 95 59 42 6 13 23
79 62 44 79 26 83 48 89 91 100 30 18 39 91 59 97 52 3 13 52 27 83 100 47 90 4 80 71 10 55 50 67 77 23 39 97 80 14 35 48 30 34 60 21 86 48 65 85 53 96 28 88 22 29 69 17 12 95 76 99 95 79 91 91 87 75 26 75 13 45 28 46 20 28 77 57 26 100 74 39 27 69 6 14 36 4 80 76 54 40
