70
4
98 57 52 30 55 60 10 76 4 70 6 34 62 94 54 8 87 41 28 37 66 19 79 84 59 11 85 55 31 11 78 85 28 83 62 1 87 20 28 90 69 9 9 22 14 56 14 65 98 55 87 97 71 4 48 31 9 55 42 74 82 86 74 9 87 89 23 26 99 76
25 93 68 39 28 32 77 60 37 79 4 19 94 54 29 30 16 74 48 99 61 76 34 52 13 69 35 60 23 78 90 75 8 32 53 22 2 15 87 76 83 84 91 36 3 66 100 62 57 98 19 66 53 54 43 38 24 62 42 30 22 63 64 59 8 46 98 88 96 38
36 76 75 48 90 98 77 31 71 59 18 63 37 85 25 23 3 43 34 41 85 17 6 3 37 79 18 92 69 15 54 62 1 29 20 19 41 97 75 89 97 32 57 3 22 15 93 9 68 66 73 20 14 36 34 95 12 8 2 45 89 3 30 1 76 54 99 67 70 44
76 47 47 44 12 45 31 81 15 44 77 5 42 72 97 51 38 83 71 19 43 83 96 26 50 94 78 8 96 22 83 80 63 88 12 77 46 46 81 89 67 75 40 43 27 4 47 83 19 83 45 3 49 13 89 82 55 73 59 86 52 85 96 40 90 79 32 36 53 100
98 68 28 31 11 34 87 18 43 11 25 40 40 78 55 55 57 4 78 79 40 70 61 21 64 73 20 20 24 94 89 73 9 56 3 68 45 1 42 74 90 60 90 38 65 5 17 99 98 68 54 97 73 91 93 77 83 100 21 87 69 85 23 70 5 96 69 24 3 10
81 49 3 55 85 3 79 84 34 75 89 66 83 73 73 36 14 78 75 77 33 34 58 50 48 53 26 100 79 54 38 33 65 11 10 40 85 76 61 9 77 98 87 13 9 88 75 56 37 85 59 2 6 15 60 3 83 11 53 71 79 76 24 5 62 71 51 32 51 90
4 58 38 90 91 49 61 41 42 71 31 51 23 70 64 91 28 76 24 99 68 71 32 58 97 14 52 92 42 84 80 27 76 45 22 98 81 23 14 84 29 90 74 100 92 68 8 39 64 40 7 82 28 49 20 2 3 70 78 77 87 97 12 26 51 53 21 22 29 81
76 23 61 61 12 66 7 80 35 54 90 72 55 11 98 72 3 34 91 1 42 74 33 96 6 89 20 59 62 83 57 84 15 48 75 13 27 5 100 70 97 53 87 50 66 100 73 73 26 82 22 11 1 10 49 97 12 6 50 23 41 32 70 91 81 38 1 41 26 36
62 45 77 59 69 53 18 83 56 83 3 74 51 55 32 54 21 21 53 46 75 1 3 50 89 21 80 78 6 61 14 98 28 14 84 65 47 19 50 53 3 16 38 57 97 28 98 25 37 69 66 89 44 19 49 15 71 76 99 50 78 1 40 17 52 91 40 53 45 7
61 44 17 84 20 78 86 63 90 84 80 65 58 31 33 79 97 54 25 20 80 46 66 85 60 86 91 48 66 49 27 76 27 49 10 81 14 37 33 30 80 15 98 8 22 5 45 32 95 15 56 42 10 12 51 50 46 89 72 38 91 29 46 99 55 33 54 56 28 54
52 42 93 92 83 17 45 100 86 87 72 40 41 10 42 72 1 42 62 81 69 89 29 70 41 26 12 19 24 5 4 97 35 53 1 30 62 46 30 100 100 74 36 41 13 88 4 4 45 39 44 4 38 66 68 17 84 13 16 35 3 61 56 55 98 63 65 61 92 58
40 32 79 52 66 30 25 78 4 44 13 67 16 87 11 89 74 42 96 61 13 17 79 34 73 5 51 12 92 7 51 25 6 24 53 48 98 72 86 98 76 19 92 44 57 60 41 32 97 20 5 22 76 35 43 49 97 36 23 20 14 93 91 41 28 75 30 23 100 98
77 7 46 88 83 89 64 8 78 25 58 87 69 86 38 73 18 22 3 44 10 81 92 100 34 48 20 33 46 24 83 14 63 34 20 35 1 46 42 69 65 96 35 62 86 35 14 38 64 58 35 28 71 73 77 29 6 25 1 82 70 38 36 94 23 66 76 9 38 29
16 58 15 23 11 53 82 6 18 48 5 53 41 33 97 83 57 97 90 99 40 56 64 9 55 2 40 15 99 64 67 48 40 43 10 94 81 19 32 27 93 17 58 84 49 63 100 19 24 53 84 37 84 82 66 99 91 52 57 44 29 23 66 32 46 50 47 47 88 48
89 46 63 20 20 16 32 3 11 92 88 23 69 31 21 73 67 12 62 21 14 91 2 49 73 95 24 14 52 23 10 65 27 39 71 84 15 87 79 87 47 3 24 79 8 45 98 7 79 33 52 66 45 9 65 63 22 47 82 23 14 69 79 3 6 3 39 84 6 64
41 97 92 44 96 86 12 98 80 25 47 12 70 81 81 61 83 9 37 30 20 85 87 16 84 18 90 43 29 67 47 18 19 86 11 52 77 32 49 16 58 32 98 99 47 49 10 54 46 74 22 76 1 40 13 77 81 66 96 15 74 9 86 39 54 60 77 38 17 40
17 57 15 41 90 74 10 20 28 83 88 19 88 98 14 34 24 75 80 30 44 10 93 12 26 66 98 65 30 97 41 68 13 44 86 62 78 25 8 92 61 29 51 69 76 91 97 9 42 71 44 21 78 63 47 66 43 94 26 58 91 15 95 62 97 69 65 99 28 38
35 86 7 11 52 55 22 94 85 8 75 69 7 65 63 24 86 60 79 18 39 74 18 47 68 42 49 8 98 50 4 34 9 33 85 77 74 96 26 14 60 31 13 28 55 76 71 44 66 3 54 29 98 94 49 18 66 66 25 69 99 80 14 21 65 48 89 91 34 76
97 20 97 69 37 45 54 69 78 89 51 70 31 28 50 73 98 34 3 74 98 70 35 20 75 56 22 56 11 1 63 27 28 12 60 94 29 22 16 1 28 17 1 52 80 14 65 16 41 62 100 6 57 6 93 57 68 14 78 74 22 46 91 64 77 21 30 96 10 8
28 70 84 39 12 64 87 18 14 33 5 94 34 29 82 70 60 11 28 48 74 8 14 63 2 89 55 4 97 54 21 74 3 17 88 22 27 74 24 98 47 6 95 89 14 39 94 68 83 14 4 83 15 41 8 74 5 80 6 91 66 32 40 86 24 51 4 84 24 75
33 84 29 94 56 100 77 88 50 91 44 8 71 85 45 14 48 82 48 67 15 74 9 51 91 87 27 93 95 8 20 43 93 51 78 25 41 5 19 64 68 72 85 90 5 70 25 64 68 80 79 67 46 5 88 95 80 62 5 22 59 21 99 83 28 100 31 41 75 19
60 7 75 84 19 59 53 45 22 74 18 58 23 75 64 64 59 55 75 87 24 13 22 79 91 4 34 100 45 60 8 92 32 43 19 29 75 53 18 43 7 74 12 49 89 22 30 85 20 21 7 59 54 48 20 61 56 3 97 66 24 11 36 81 54 39 69 3 22 82
97 3 41 64 79 50 99 72 74 25 79 36 74 46 29 62 69 98 88 20 65 38 80 23 35 83 44 72 69 51 37 78 11 64 29 41 24 41 83 58 54 60 83 2 66 66 50 64 1 72 91 37 33 51 42 55 31 82 66 88 32 89 89 79 27 95 29 97 23 8
71 26 14 45 61 11 51 13 11 80 42 48 43 70 23 84 57 75 76 89 27 100 52 53 48 24 5 88 61 79 86 74 66 71 17 41 14 44 74 70 38 64 78 29 86 60 100 7 65 57 96 91 80 39 5 3 81 53 68 87 46 60 94 17 17 79 75 52 14 24
6 62 49 3 100 3 74 50 4 50 28 18 79 20 51 79 52 65 67 29 21 4 14 95 64 36 7 35 28 57 83 68 95 54 80 80 96 57 20 11 37 76 95 12 3 15 27 62 94 31 66 95 46 67 37 14 56 64 5 78 74 71 19 98 22 29 88 95 34 80
17 17 35 5 31 98 43 94 10 52 26 8 63 4 41 44 90 56 1 56 99 30 8 2 19 95 66 4 86 20 80 46 91 99 77 8 49 34 42 19 38 22 60 54 29 28 22 15 41 23 44 84 18 67 92 97 35 92 42 76 47 7 74 23 41 86 48 39 69 66
30 18 81 85 89 46 17 84 56 95 79 4 84 14 56 71 96 11 27 61 68 49 88 3 84 6 3 79 85 95 43 82 51 62 83 95 25 42 90 34 22 46 51 45 75 29 74 30 74 81 45 16 30 22 39 34 69 58 77 26 99 19 55 46 58 34 16 88 19 25
75 75 35 99 42 35 78 95 70 96 67 20 90 1 59 55 93 73 58 53 24 55 45 69 83 2 15 59 96 16 49 39 87 3 64 39 9 2 52 54 51 20 71 91 39 22 98 80 57 71 92 19 44 85 38 35 91 32 65 100 10 40 19 9 3 63 34 45 47 29
56 80 51 6 60 68 73 8 75 25 35 8 7 32 95 32 44 82 16 94 32 97 95 95 55 61 22 97 65 36 89 2 65 8 33 44 22 19 8 68 21 53 17 72 80 88 86 38 36 61 1 48 68 26 72 81 65 30 99 94 67 58 52 51 100 4 77 96 24 2
39 20 32 23 51 41 80 46 54 60 40 15 70 91 43 8 78 18 74 12 98 41 24 71 37 64 73 45 41 28 11 75 10 10 40 13 16 99 31 81 81 41 24 9 40 61 41 71 37 74 80 9 28 85 95 67 100 65 61 97 55 51 12 44 43 60 90 58 46 7
82 95 41 5 52 53 90 55 22 68 62 47 26 54 84 72 14 84 69 8 9 95 77 80 39 13 92 63 65 37 46 38 24 25 40 1 84 42 99 81 48 79 87 37 84 70 11 86 37 20 66 100 70 32 100 30 80 75 7 59 11 61 17 73 81 13 88 73 54 42
4 45 99 45 35 27 75 73 48 85 99 67 45 80 82 52 9 21 23 47 50 31 93 31 100 95 93 25 77 77 95 74 82 1 48 10 84 27 89 17 29 42 80 39 71 25 50 98 76 49 11 42 56 72 51 69 43 100 60 87 73 62 38 44 44 76 5 76 82 34
42 90 18 81 69 86 60 50 100 91 38 3 94 10 56 34 4 21 37 28 44 2 72 11 45 68 76 59 76 95 48 18 50 45 41 16 23 29 71 51 5 88 72 22 42 76 20 97 64 86 23 26 19 27 12 30 24 65 40 89 4 98 69 20 41 17 27 77 66 19
2 10 38 83 73 19 57 90 19 40 88 87 20 88 45 29 89 15 3 2 28 8 32 44 40 97 51 51 20 87 33 94 39 71 30 74 4 88 96 21 81 2 34 34 67 86 23 9 86 34 17 31 74 61 65 92 34 71 84 12 16 21 59 23 72 86 37 54 49 54
40 87 51 25 55 39 48 20 74 86 44 75 33 13 87 59 79 32 44 69 9 11 97 33 57 77 57 6 15 87 85 50 13 55 43 90 23 39 37 74 88 13 26 76 70 26 26 89 34 84 39 17 67 26 27 25 6 19 72 84 58 86 14 89 40 20 56 49 16 10
90 51 55 32 15 18 17 79 84 48 84 39 55 88 79 4 42 99 10 41 60 43 14 43 44 20 74 88 17 5 33 19 10 90 31 15 72 84 33 19 92 22 10 44 61 70 8 88 9 6 94 93 33 70 40 23 31 98 4 69 69 36 14 12 91 48 39 12 40 47
64 78 57 93 87 49 57 97 5 11 31 17 76 33 5 20 49 39 25 2 13 53 85 70 79 38 24 62 1 84 56 64 10 14 73 83 32 75 99 49 92 37 61 91 86 37 81 55 13 72 5 45 3 1 89 21 100 18 19 10 4 6 7 10 31 17 86 47 36 16
8 75 11 8 37 91 90 14 47 26 43 65 30 24 69 36 47 61 76 98 76 54 20 94 7 76 99 2 50 96 93 73 96 15 98 54 31 67 26 71 1 48 60 67 97 36 51 10 37 99 96 59 8 24 68 13 51 10 24 80 73 5 25 76 92 45 81 57 50 12
10 47 56 80 31 13 95 26 45 75 55 84 8 6 89 29 32 11 61 94 49 23 100 12 89 57 93 33 39 7 63 7 58 40 17 72 73 49 45 93 76 53 47 7 71 54 6 2 34 40 24 94 93 5 6 57 28 56 36 5 22 33 66 80 29 21 56 66 29 58
70 67 6 78 33 42 96 94 54 47 38 12 94 67 10 75 89 2 70 95 39 70 85 34 32 88 92 2 25 59 9 46 57 63 38 26 89 28 95 36 83 99 70 58 72 21 75 60 4 79 79 24 96 53 26 64 53 61 13 31 14 8 92 20 50 36 78 65 4 19
20 63 70 46 1 34 93 82 96 25 67 33 59 43 25 66 89 90 52 53 40 5 48 1 29 20 25 19 16 84 70 41 53 43 64 54 15 81 65 71 38 1 13 77 46 63 36 78 82 85 100 10 88 54 9 66 34 73 37 89 100 59 55 21 33 65 6 10 27 79
44 71 95 7 59 26 99 30 66 51 4 2 76 30 97 86 21 46 20 12 90 32 4 78 96 76 97 96 37 19 35 8 2 7 91 64 48 27 86 27 95 78 91 92 43 31 100 88 46 92 69 38 39 97 31 6 37 48 61 47 4 25 88 59 47 16 64 24 47 93
72 79 17 95 91 37 95 3 61 48 100 90 72 49 76 49 98 89 30 77 25 57 72 58 30 12 43 90 9 99 67 90 22 91 20 51 4 91 92 54 60 34 21 90 68 82 55 27 75 82 58 57 87 25 92 7 34 63 64 22 7 34 33 49 25 22 36 55 9 1
16 86 69 55 12 4 59 35 72 62 86 78 97 97 49 93 51 63 1 59 66 99 11 59 2 13 74 75 21 16 36 15 37 41 17 9 28 22 23 48 81 11 63 6 69 22 61 28 20 33 57 29 56 100 39 23 39 3 83 94 52 66 38 17 82 52 70 56 50 48
78 39 20 34 83 11 1 35 70 10 91 48 97 18 8 16 44 31 95 56 97 47 30 19 38 46 97 19 58 93 40 100 60 42 56 57 86 69 18 16 20 32 13 77 20 95 47 23 94 31 34 28 95 85 97 53 6 37 36 17 86 70 44 93 15 12 23 69 13 26
79 36 11 12 20 3 77 59 22 13 5 56 50 64 18 65 1 33 54 91 28 80 50 67 93 64 50 59 51 85 70 99 95 99 81 74 10 91 9 44 49 24 84 74 98 60 39 20 96 66 95 82 9 72 85 24 33 19 9 23 60 90 39 87 59 81 55 64 7 77
78 25 79 6 1 13 80 47 79 29 15 18 57 34 44 83 52 1 27 77 5 60 38 27 21 41 44 68 52 96 61 86 56 74 36 38 48 9 71 79 98 29 50 98 73 16 84 77 90 35 24 69 11 2 91 4 51 83 72 76 2 78 96 71 38 59 33 47 60 64
24 37 14 45 14 25 13 79 32 6 18 6 21 88 71 53 71 37 67 60 27 88 42 29 51 80 89 41 75 51 52 70 14 24 95 7 36 100 49 18 52 6 77 45 87 63 91 7 52 84 9 63 84 21 6 77 68 78 54 74 24 38 84 32 13 98 42 10 39 26
64 74 6 57 96 61 55 91 66 13 33 37 23 28 37 99 71 34 23 65 98 96 51 77 56 26 87 83 12 58 81 81 9 92 43 88 51 76 38 23 88 97 29 70 57 23 23 62 94 55 16 11 50 75 76 59 60 31 29 7 83 17 40 85 35 38 95 17 50 20
65 34 18 67 54 70 94 58 64 30 20 77 33 87 57 55 55 95 4 83 1 80 43 2 33 29 88 100 19 66 89 10 60 16 22 34 83 76 13 43 36 50 63 66 64 31 26 54 27 98 61 95 18 72 17 43 34 84 30 25 27 98 28 60 36 74 93 34 21 6
10 13 82 72 75 29 14 80 62 37 12 87 42 33 67 38 37 47 57 95 29 59 12 93 87 33 40 21 88 63 95 86 33 40 94 54 28 29 13 78 13 70 13 7 39 98 62 98 53 100 86 10 78 63 24 66 14 69 24 32 59 29 49 1 65 25 48 84 11 24
41 59 41 4 80 54 65 61 15 42 3 3 34 85 17 77 82 6 1 84 93 72 5 21 40 34 98 10 59 30 59 33 61 66 43 52 86 33 23 55 22 77 1 81 50 61 29 67 66 33 100 69 10 66 95 15 48 52 84 42 96 94 10 72 23 17 16 45 32 15
26 47 4 45 35 69 10 87 82 53 3 25 48 28 15 28 32 63 23 42 53 29 24 25 58 41 24 48 67 47 97 100 15 66 70 77 34 71 40 48 41 49 80 16 97 92 72 26 62 9 23 86 81 87 46 17 83 19 86 78 38 66 79 82 90 63 62 80 83 2
79 2 97 80 39 75 57 80 14 89 88 37 96 78 80 80 19 16 57 25 100 51 73 44 13 89 59 47 39 6 74 34 99 84 26 30 83 75 80 54 45 15 24 67 19 58 60 90 94 65 80 20 47 100 24 50 36 64 72 8 100 36 6 28 63 91 19 36 67 43
33 4 47 71 7 98 48 59 3 98 40 72 82 88 9 7 37 33 53 81 95 27 4 51 7 37 15 56 96 3 31 73 79 46 85 55 88 31 91 69 82 83 90 87 11 30 83 1 57 68 17 86 79 13 84 6 85 16 46 81 12 75 84 37 93 54 16 59 40 52
17 23 56 15 85 27 36 69 30 7 52 43 50 93 14 61 83 4 37 90 12 3 96 63 56 6 8 18 55 99 25 67 50 86 16 75 40 54 51 54 10 76 15 68 14 63 79 60 11 94 73 48 16 8 3 31 11 74 44 7 16 55 41 68 2 17 44 7 27 37
54 10 28 88 28 36 58 15 89 60 85 4 46 4 65 94 83 42 83 62 96 87 16 71 73 91 75 38 70 63 26 46 64 4 62 59 40 5 72 56 35 49 25 11 20 27 20 6 2 40 22 73 17 70 24 53 27 81 52 82 34 60 28 72 100 56 52 75 44 24
11 50 8 1 99 60 80 92 98 28 27 53 26 13 91 21 36 100 6 73 80 2 62 94 52 74 80 33 5 51 77 96 61 2 82 51 3 68 90 5 19 12 20 22 98 73 77 1 56 7 77 80 100 47 54 44 93 68 41 99 64 29 87 52 24 29 63 95 68 74
86 50 53 66 82 36 73 7 94 47 63 2 25 62 49 13 78 84 86 23 47 29 14 97 67 57 27 100 12 33 81 22 57 78 18 21 5 69 22 4 62 8 43 16 74 32 89 26 83 100 50 44 43 97 2 27 7 75 37 65 5 20 38 21 37 56 65 7 74 73
66 82 57 30 80 50 22 15 79 53 82 99 70 8 8 27 86 51 97 19 56 62 57 78 6 21 55 78 78 36 17 98 66 71 27 69 41 79 43 78 45 76 28 41 59 1 70 4 40 66 26 6 85 13 91 81 50 38 65 89 7 94 8 58 98 28 26 26 76 10
7 8 85 5 15 56 47 19 60 99 52 18 44 100 1 42 7 25 19 14 16 85 99 89 77 68 24 67 39 10 63 22 69 48 8 17 38 52 93 72 38 16 40 61 79 26 99 55 52 76 10 39 45 77 89 2 93 80 61 86 7 86 68 95 15 65 90 9 25 30
70 16 40 53 78 57 9 25 63 46 30 32 75 83 8 96 19 83 90 39 67 33 3 41 46 55 49 13 7 55 28 79 12 25 28 68 98 78 46 30 93 39 81 29 66 55 64 53 42 50 45 6 80 18 13 68 29 68 4 84 4 84 87 38 4 50 61 83 26 53
39 43 9 62 81 94 94 64 95 58 24 26 26 85 18 47 22 98 21 27 42 57 10 28 29 26 86 79 24 27 38 99 25 31 3 29 28 40 84 20 27 5 18 2 25 36 98 16 85 47 52 39 92 92 37 42 61 4 53 96 63 50 65 58 61 72 4 21 64 97
16 59 93 35 52 73 72 41 97 63 48 31 56 61 65 68 59 8 26 21 64 74 49 99 2 99 96 92 37 36 79 63 43 55 88 21 64 92 5 53 27 76 50 71 39 38 22 22 14 52 80 57 84 52 40 80 68 96 62 3 3 96 47 54 51 1 72 33 100 2
36 40 71 53 87 93 5 83 48 64 36 52 97 50 50 82 55 100 42 61 59 82 53 20 54 21 59 91 81 36 31 99 94 71 87 72 19 29 64 98 65 99 22 63 97 34 16 60 1 76 76 1 28 35 41 55 39 64 56 30 55 38 21 15 5 92 44 84 12 16
44 82 60 96 86 42 55 16 18 99 74 4 59 69 4 53 93 13 87 37 22 58 34 70 56 27 34 37 40 6 76 85 58 93 86 70 54 6 98 72 39 72 98 71 23 56 34 41 32 31 66 79 100 79 74 90 45 36 72 78 23 72 70 2 46 11 40 27 9 65
71 34 45 23 7 56 69 32 12 2 61 90 37 34 34 94 79 35 94 28 4 65 76 50 42 15 16 36 75 55 42 59 71 84 19 11 97 84 35 42 83 83 64 54 91 54 98 9 59 11 5 62 64 10 73 17 63 58 100 39 7 37 68 61 94 59 74 65 30 90
71 69 7 1 25 58 3 75 56 81 18 76 87 36 26 34 62 22 35 91 67 46 90 67 36 7 37 86 34 21 72 4 7 1 83 52 47 22 57 13 90 61 26 76 36 54 11 35 57 25 87 100 48 93 63 21 45 21 67 92 89 26 16 47 15 49 69 84 30 83
71 49 74 19 1 25 73 61 13 99 19 52 82 81 40 28 14 38 60 73 10 37 95 66 53 44 26 93 32 61 21 98 5 39 92 23 68 52 30 56 14 14 6 22 79 43 11 68 61 48 93 63 57 35 12 98 71 38 32 48 26 26 73 38 42 64 56 76 51 82
75 90 56 47 60 34 35 2 82 12 25 90 61 68 74 11 100 65 49 49 60 84 57 97 100 9 19 95 27 66 37 36 95 32 88 91 29 23 66 20 54 16 72 40 39 90 95 91 14 25 21 43 58 17 77 60 87 97 39 85 24 12 69 58 83 25 37 81 79 45
31 32 19 69 92 92 57 61 8 87 24 45 63 36 74 45 74 86 4 86 93 59 11 97 34 19 98 4 31 70 7 29 10 46 69 94 44 36 71 93 91 97 39 52 34 96 96 17 24 41 32 90 42 94 53 27 21 57 61 36 28 45 37 36 15 19 89 25 30 91
35 74 31 32 62 19 79 84 6 91 77 31 62 58 95 66 100 75 53 81 72 53 87 80 85 65 91 58 60 39 50 2 44 61 39 51 25 80 47 67 60 56 93 88 8 46 46 63 52 14 22 5 95 10 96 67 80 22 43 82 92 11 66 48 21 34 58 3 51 43
45 71 11 82 11 8 44 32 72 62 81 10 73 58 81 50 71 50 75 46 88 56 78 3 90 99 1 4 51 17 45 33 59 30 62 23 63 72 71 96 20 43 100 40 89 21 17 54 8 72 52 45 66 98 60 96 52 91 11 41 11 53 88 63 100 53 37 65 27 38
11 42 8 99 70 81 42 86 77 47 37 69 47 72 70 95 52 67 86 65 18 45 23 70 92 42 2 67 65 59 99 69 41 91 7 6 11 41 48 31 21 29 6 58 89 79 83 19 64 1 11 34 9 71 21 4 9 28 77 92 22 8 61 51 57 58 56 79 97 20
19 38 42 100 94 2 93 19 20 79 48 20 8 6 33 21 29 39 40 33 16 30 18 34 23 22 66 72 41 20 74 60 89 57 87 2 50 42 39 26 71 67 4 96 31 49 97 57 33 20 11 60 52 46 91 69 65 76 20 73 37 76 54 98 72 100 66 50 84 99
3 4 5 13 71 39 53 63 82 97 91 53 3 79 72 59 48 53 77 83 95 54 21 78 48 11 27 94 72 54 93 85 26 48 92 23 43 82 99 43 56 69 48 100 74 50 53 61 18 23 95 13 50 7 6 96 38 59 19 52 86 7 78 100 10 81 49 18 59 5
4 94 8 75 84 31 98 91 25 66 36 100 2 38 100 95 26 25 48 68 14 85 31 38 79 79 79 67 1 51 3 82 86 19 79 99 42 14 30 29 44 38 16 88 83 85 21 35 83 96 80 81 94 44 5 32 21 51 100 59 18 83 93 60 36 20 14 63 17 27
7 26 10 14 72 14 18 6 63 20 37 9 81 34 17 20 43 52 74 8 78 96 61 21 4 57 30 24 8 26 51 10 39 42 14 88 57 26 56 4 8 26 4 88 30 98 46 90 85 10 81 73 14 24 55 82 28 42 18 34 29 98 41 52 77 60 4 86 52 22
44 31 88 81 20 54 24 56 47 62 95 60 29 91 66 79 72 46 92 97 5 36 89 60 53 94 1 96 29 43 24 1 54 41 29 76 67 68 11 42 64 80 92 36 34 63 46 47 47 89 81 15 43 74 86 43 5 97 90 45 20 29 99 44 89 100 96 90 1 12
84 70 89 51 41 51 55 56 74 14 49 56 8 24 69 40 37 98 48 87 89 49 27 58 69 89 43 41 99 10 24 91 78 56 74 97 13 60 32 72 50 38 13 30 73 63 95 80 41 19 48 40 50 88 99 75 34 68 60 13 19 34 42 33 57 35 85 7 49 30
5 22 95 49 70 70 69 81 89 57 13 87 17 5 90 64 93 73 79 29 68 57 27 99 64 57 98 66 25 88 33 98 32 22 27 35 63 18 67 98 39 51 55 81 67 46 96 91 62 72 37 36 63 50 33 67 44 7 30 28 33 5 52 44 70 34 33 37 42 37
12 9 28 19 31 70 100 83 48 59 37 33 27 70 22 83 13 21 63 50 72 39 20 7 28 97 46 8 20 34 60 37 71 1 26 19 5 86 62 49 48 31 77 84 100 5 55 93 95 15 56 37 17 46 66 85 51 20 31 57 7 29 95 17 31 21 42 70 52 23
76 83 50 37 18 77 22 17 52 19 91 24 61 86 10 14 12 79 23 83 37 27 49 92 74 17 42 1 86 27 17 86 16 30 58 69 37 42 13 52 13 50 75 74 93 12 55 33 88 32 22 69 20 72 55 87 62 18 80 73 84 23 57 45 57 90 51 7 38 99
33 45 54 69 70 86 55 21 7 25 29 17 43 34 30 3 22 79 54 97 11 47 5 3 72 71 62 16 15 88 5 57 63 24 32 70 59 72 88 1 33 79 78 2 21 16 33 100 61 42 2 97 97 43 35 41 44 28 27 53 80 71 6 68 23 99 47 35 38 4
44 89 90 2 13 90 74 14 39 60 56 77 91 29 69 25 7 51 67 4 86 8 42 53 19 87 60 53 29 73 37 15 28 29 51 68 47 76 69 21 1 94 59 89 91 40 78 27 75 49 67 40 95 73 11 51 79 40 65 96 26 58 14 2 79 58 27 9 14 18
83 35 12 13 4 13 80 66 83 85 60 75 23 44 68 43 21 35 41 44 58 92 52 51 17 77 85 30 79 88 57 98 73 66 87 17 61 28 84 99 88 44 82 45 16 11 77 35 53 47 11 13 15 97 47 91 81 34 10 39 7 63 22 37 26 51 88 37 6 70
84 86 69 51 43 88 66 65 44 37 48 73 23 6 94 58 38 99 33 31 35 97 74 62 55 28 93 15 40 26 85 81 27 78 99 56 68 41 41 62 66 17 55 53 55 44 28 33 27 49 84 97 23 32 64 77 38 93 85 42 65 96 17 72 92 37 79 92 13 50
75 5 57 34 64 63 92 65 67 48 83 16 77 44 9 71 36 67 92 21 16 82 17 14 59 12 69 79 78 93 43 17 29 30 64 49 75 65 3 82 49 24 56 84 5 63 17 1 6 40 3 51 11 74 53 79 98 88 17 72 19 19 12 6 100 73 39 83 3 4
36 20 6 38 86 14 35 21 89 42 13 83 1 40 54 6 48 3 96 85 33 36 83 63 42 64 84 17 39 18 50 42 71 22 68 45 80 36 89 82 33 10 19 19 82 93 8 90 79 21 57 56 16 61 79 87 80 80 69 100 52 14 46 96 26 38 59 30 74 72
12 84 89 9 93 56 20 85 61 67 73 67 81 83 39 79 31 90 61 73 21 1 16 8 90 97 99 64 77 26 32 12 60 58 79 43 95 51 64 34 64 68 50 96 97 7 56 5 60 74 18 35 88 38 72 35 56 56 89 9 91 1 2 98 45 68 52 62 60 49
87 66 80 66 57 94 25 1 93 84 80 73 33 46 57 32 8 23 66 16 25 81 43 22 28 93 44 53 72 49 84 59 21 22 56 41 80 27 45 47 21 87 87 83 37 11 84 81 38 100 94 85 56 31 33 36 77 77 29 83 63 91 28 70 77 76 15 1 67 66
93 96 69 71 97 89 27 12 80 59 3 17 15 70 88 54 71 85 22 18 9 8 97 13 59 78 55 57 26 66 21 89 2 9 97 6 9 57 20 84 44 32 83 86 55 85 4 83 23 34 48 33 10 32 66 55 70 30 4 37 9 33 53 12 93 46 34 36 41 74
54 61 3 24 48 44 65 96 10 44 56 49 7 90 65 65 14 14 33 98 11 9 61 95 43 45 6 44 64 51 81 70 24 73 21 12 74 83 12 74 23 1 76 48 41 81 83 30 89 94 18 39 87 29 46 75 99 91 44 77 94 45 64 73 29 55 84 15 20 40
9 15 96 79 42 42 30 98 92 35 68 34 82 42 72 37 89 30 87 24 31 84 62 35 58 68 50 4 67 3 55 33 90 67 30 17 17 53 99 100 8 92 13 84 85 43 68 21 96 100 73 92 75 28 52 33 39 61 82 55 43 33 11 71 96 32 11 83 11 95
72 39 16 63 66 11 20 78 54 90 75 1 93 45 27 55 100 85 31 56 22 38 54 28 1 48 30 87 28 47 25 42 60 44 80 26 35 36 26 71 69 60 23 4 57 72 85 6 32 49 90 13 100 82 17 38 40 92 88 15 41 61 78 96 98 27 17 3 23 82
8 55 46 84 95 3 42 57 94 48 9 100 77 29 63 90 62 18 53 67 89 94 68 58 13 24 87 62 94 57 45 62 20 35 29 48 19 87 65 90 31 36 83 14 48 93 90 82 78 18 66 10 51 31 67 33 78 15 58 97 31 56 49 82 98 21 83 10 23 31
92 13 41 73 77 40 95 18 80 21 46 68 56 2 35 65 45 93 23 58 100 5 74 40 24 43 11 87 68 57 90 91 52 15 76 66 79 87 13 54 63 50 91 76 97 66 94 75 10 13 84 15 25 57 40 91 30 8 86 52 90 94 96 34 88 83 66 23 67 41
14 72 14 38 21 92 44 19 67 6 63 34 82 28 63 16 26 66 12 20 9 73 18 62 45 91 60 93 7 67 98 98 84 20 9 1 84 50 76 46 1 9 46 39 10 3 45 96 89 69 62 93 30 7 39 23 94 6 32 48 13 29 19 44 77 45 30 66 95 48
65 90 41 33 38 94 33 85 12 36 14 12 79 21 46 58 61 30 13 72 65 47 13 68 61 87 16 35 1 66 39 41 64 53 80 74 92 51 19 95 38 30 5 54 87 47 85 87 8 23 76 23 38 54 55 67 79 34 53 57 50 75 28 83 77 93 26 91 71 24
78 16 68 88 17 28 45 5 42 82 67 44 54 73 10 41 34 78 24 61 52 41 41 40 38 93 13 3 64 53 56 68 28 5 22 8 94 76 52 98 42 23 61 1 26 23 39 91 31 20 53 36 24 19 27 59 71 30 94 60 32 56 61 95 75 27 67 35 95 11
48 35 73 59 98 41 83 40 14 67 12 43 62 18 88 38 16 92 55 37 78 43 36 35 41 15 10 83 64 27 70 45 14 26 98 85 40 69 6 4 25 4 95 74 38 11 47 59 96 64 16 34 97 4 90 34 1 12 99 42 97 28 62 6 45 10 88 51 8 56
28 35 20 21 26 1 55 44 90 70 55 89 63 82 57 50 65 95 15 98 15 79 23 59 34 73 78 63 14 8 6 100 86 73 34 47 48 93 44 26 87 34 30 88 99 38 52 14 20 55 67 19 96 23 44 75 79 14 14 15 93 90 70 48 80 17 23 10 48 88
16 10 20 23 20 10 86 77 2 16 73 2 99 50 50 92 70 59 28 19 18 87 86 16 13 58 61 67 15 27 25 32 91 58 73 31 97 17 40 35 64 55 50 43 63 22 13 72 32 87 47 54 35 44 98 12 36 22 41 47 82 58 72 33 34 46 24 70 2 59
81 63 49 31 13 41 87 59 66 13 63 40 55 23 55 42 7 92 90 34 4 17 95 45 82 36 24 31 55 99 1 43 26 91 8 50 20 5 88 79 90 66 51 51 86 55 92 27 11 2 43 45 74 29 86 48 29 56 4 30 65 32 30 67 30 2 100 8 53 63
57 90 57 60 5 26 3 29 43 52 7 18 64 94 4 52 30 53 72 94 100 4 92 74 25 83 2 11 22 50 21 39 36 4 18 12 82 23 92 38 86 93 95 53 3 65 53 27 89 32 42 100 52 49 96 64 86 47 57 38 30 33 44 38 52 51 16 78 16 1
12 57 10 71 15 90 65 8 98 88 40 76 51 93 49 48 83 99 7 37 47 36 1 70 27 73 65 80 78 27 76 60 90 58 100 74 91 12 59 34 89 86 88 67 19 56 31 37 15 23 17 74 18 2 26 57 34 74 32 69 77 83 44 19 58 98 19 10 52 30
42 98 47 47 11 33 49 33 11 94 76 49 69 65 84 22 57 75 86 97 47 39 85 99 26 8 24 97 55 44 97 44 76 22 20 23 1 21 63 1 80 95 34 55 62 60 62 10 97 26 78 85 62 49 51 49 9 85 60 84 80 77 8 99 25 9 99 96 96 83
3 68 45 48 18 24 13 14 19 80 33 43 60 100 7 31 97 95 45 11 99 65 75 84 45 49 80 11 54 30 23 99 29 97 98 15 79 98 18 22 18 8 100 50 13 43 47 75 21 82 67 61 12 8 30 19 62 90 55 32 27 10 55 67 61 77 87 76 72 69
56 13 60 34 36 20 57 61 85 28 66 33 49 49 33 20 77 38 33 88 35 74 64 17 82 91 18 25 70 21 68 1 74 44 44 85 76 96 6 26 63 75 22 37 7 23 38 91 100 24 61 78 79 17 93 1 85 19 19 5 56 89 2 66 46 89 91 89 66 92
95 9 81 4 83 71 12 49 42 46 30 31 83 52 44 51 86 55 25 13 96 60 76 63 79 88 60 92 22 5 44 16 85 80 81 36 51 84 50 88 10 99 91 65 43 40 42 1 53 89 51 23 17 42 70 62 99 99 47 89 31 85 65 60 12 27 39 58 52 7
63 73 93 65 8 2 81 47 88 96 58 85 85 87 7 79 47 37 15 71 71 14 16 9 81 30 77 58 70 87 69 11 2 13 76 98 63 98 81 19 70 54 33 80 76 27 3 19 78 42 78 65 84 58 32 14 98 83 40 100 45 99 98 2 82 71 79 3 49 87
16 22 65 86 12 63 94 72 40 43 15 61 9 58 8 1 30 88 77 69 88 88 40 77 91 55 95 47 54 41 47 37 75 46 75 82 52 32 84 93 68 69 100 42 43 2 57 30 17 86 96 34 97 30 32 69 45 67 24 83 38 89 60 65 92 19 16 90 3 34
34 28 52 82 26 67 98 17 11 26 34 8 66 69 68 91 34 61 42 2 98 68 71 32 65 30 43 78 49 42 100 23 86 30 89 97 22 49 84 47 97 22 89 65 100 94 100 88 18 76 19 98 16 77 21 45 87 91 52 55 67 18 16 66 76 89 66 56 8 45
21 66 64 92 68 94 74 72 59 2 97 39 8 15 48 47 23 29 95 16 22 16 81 32 30 26 78 87 79 70 16 45 17 3 66 57 68 31 95 56 70 1 93 24 4 55 54 27 14 89 2 95 38 79 94 49 95 10 34 7 12 64 16 15 84 70 35 1 13 4
68 71 14 9 57 34 97 3 7 93 93 99 43 14 93 73 21 97 24 50 61 76 63 53 94 98 83 54 11 27 7 50 5 34 19 86 28 21 24 24 14 74 28 74 41 15 25 60 1 92 59 55 48 27 46 99 11 86 16 74 19 50 19 74 62 29 47 61 63 87
78 20 83 64 4 89 76 61 33 100 73 25 62 33 56 2 88 66 27 6 100 27 91 80 52 89 26 99 15 80 89 72 78 7 80 26 85 59 49 65 23 57 94 61 13 33 67 52 27 69 3 17 34 85 64 94 4 66 36 71 94 20 20 79 39 45 8 42 67 2
45 34 77 73 64 4 18 17 63 16 29 15 82 51 66 61 48 61 68 60 44 72 6 47 63 46 54 78 98 62 92 75 38 71 30 73 28 33 1 61 60 71 26 88 81 71 59 64 9 82 61 4 45 3 33 40 6 14 51 47 72 71 60 19 12 17 16 37 90 7
21 66 84 19 69 83 95 67 26 83 7 43 38 2 26 69 6 47 51 95 12 52 21 47 49 13 20 4 22 35 27 93 71 8 8 16 49 41 16 41 12 80 48 6 24 88 93 90 97 31 3 74 94 46 92 27 16 34 94 22 25 6 75 61 62 41 42 82 28 46
21 32 89 100 4 67 91 80 26 71 51 85 68 87 71 82 19 20 84 66 66 21 40 96 44 24 72 41 62 48 12 66 30 55 43 71 69 27 36 45 89 24 24 72 34 85 78 46 32 19 2 12 26 14 7 90 74 98 20 55 48 92 47 65 46 51 63 81 6 27
80 7 31 7 82 65 34 59 26 62 36 42 13 17 60 93 23 76 27 100 97 2 14 63 10 75 71 40 78 10 4 81 77 14 48 36 99 25 78 93 38 81 24 30 8 87 37 71 67 67 60 42 14 4 70 83 63 8 30 60 6 2 33 51 24 68 70 86 30 17
68 47 45 30 4 38 69 4 93 72 6 50 77 52 35 6 99 60 12 69 25 93 8 77 91 18 45 91 72 42 100 41 61 67 69 51 52 44 38 53 30 38 87 71 36 57 55 20 44 41 37 56 69 17 99 91 68 35 86 82 82 89 74 58 81 77 41 71 52 54
60 1 94 69 66 55 60 80 32 46 55 60 77 90 90 37 24 96 69 98 59 76 24 47 23 68 68 48 57 18 71 85 67 21 46 2 92 72 27 84 70 65 31 46 24 93 71 17 54 46 90 45 82 80 69 38 32 97 94 95 40 75 93 76 76 69 99 47 11 65
55 99 47 75 70 51 18 77 57 51 10 5 58 6 79 21 23 90 65 52 60 33 31 95 62 62 25 48 17 36 100 19 21 5 51 22 40 14 53 9 3 28 76 63 6 62 39 80 10 40 49 62 91 25 7 97 57 40 93 56 77 78 51 40 37 22 70 56 63 38
36 34 20 84 4 49 57 34 92 31 58 52 48 44 20 24 19 34 42 39 57 95 36 26 62 50 98 50 70 65 3 94 8 85 94 95 9 13 86 31 27 43 30 17 40 81 5 71 72 70 50 41 38 54 78 58 37 20 9 10 14 56 86 47 78 60 53 75 47 47
3 94 72 96 29 51 67 29 59 18 46 100 14 63 100 78 93 5 98 65 21 61 34 26 87 5 41 84 45 98 67 17 78 93 46 85 49 6 95 33 74 62 16 47 19 30 74 33 90 49 10 26 61 42 54 41 71 38 64 59 49 2 33 77 86 13 79 52 75 32
86 55 6 21 22 48 55 88 52 9 81 73 23 96 67 57 100 7 62 87 63 6 83 43 100 54 8 91 52 79 49 48 29 35 87 27 28 62 39 27 33 92 33 46 21 38 72 9 98 53 4 34 91 45 97 69 73 94 87 39 24 15 34 10 59 67 70 4 49 7
14 41 17 84 60 63 44 40 45 7 83 29 68 34 42 64 92 54 14 38 72 37 92 10 26 53 100 52 58 4 73 87 11 15 36 14 65 13 48 55 40 65 35 42 78 22 76 53 58 74 40 44 94 43 12 43 66 12 97 85 14 67 31 20 58 57 10 41 46 88
14 67 33 43 43 11 89 10 51 72 76 1 64 10 97 48 26 77 80 53 14 29 4 26 97 82 81 64 29 10 97 73 8 72 86 29 46 71 42 41 54 78 58 50 60 8 21 36 35 70 69 53 4 98 40 30 26 25 100 66 71 60 61 22 63 11 43 83 75 43
90 62 20 82 26 70 54 13 5 80 43 100 4 96 81 18 61 57 81 65 32 87 11 82 68 18 9 28 69 64 56 36 85 37 1 56 6 50 78 91 77 31 73 96 57 41 45 71 75 16 35 72 78 9 40 75 78 87 91 29 24 82 59 56 6 19 82 58 70 65
92 90 72 70 62 14 96 87 24 33 58 23 88 41 16 92 81 87 71 85 73 57 4 9 53 37 96 34 93 64 90 12 35 82 86 51 56 34 43 82 58 80 81 65 81 11 86 98 15 50 66 79 49 81 18 41 75 43 46 34 75 71 93 69 42 45 85 5 67 93
27 34 20 69 33 65 50 23 89 34 50 50 63 33 38 98 65 67 54 64 53 71 50 25 34 28 24 32 14 100 41 9 96 69 25 59 81 18 11 34 39 97 36 31 40 25 83 25 73 35 16 34 91 84 6 45 59 61 77 50 65 91 26 68 62 37 94 99 2 17
8 56 91 21 2 45 9 91 76 80 20 13 13 1 76 29 66 66 81 32 99 51 50 53 4 85 13 7 61 91 94 33 78 13 88 11 16 17 70 55 69 11 78 48 64 63 70 32 31 13 83 81 43 24 7 85 43 59 94 73 27 57 15 50 11 39 19 9 46 58
77 48 2 93 23 62 52 22 88 82 6 55 59 8 33 58 57 23 1 14 18 27 59 45 97 76 74 41 68 25 89 39 84 82 1 44 82 7 41 97 69 32 40 79 78 20 80 57 1 35 58 20 77 76 28 31 64 91 18 68 86 2 82 69 78 41 67 10 27 60
96 48 70 91 34 59 90 39 65 42 41 63 17 77 3 61 91 8 11 27 51 61 91 85 42 2 69 60 47 2 100 11 94 43 27 30 51 100 79 37 65 16 59 51 25 6 57 16 53 58 84 43 78 97 18 71 4 37 9 6 66 42 59 35 6 16 12 1 69 32
19 6 72 60 18 6 87 49 12 96 99 83 33 26 58 74 62 27 71 27 94 40 93 14 3 94 98 37 63 70 97 9 73 63 31 70 69 71 90 92 85 100 49 30 56 3 19 4 42 65 35 15 18 71 62 21 49 16 98 60 72 36 70 69 38 92 50 28 65 69
94 59 23 59 73 52 5 34 14 27 35 85 97 77 81 4 98 56 46 52 13 68 67 77 71 61 86 33 9 81 30 75 82 82 80 21 26 50 62 79 40 67 14 15 96 81 43 53 80 79 47 26 54 79 66 86 17 67 12 12 24 70 29 10 63 86 100 39 21 68
92 84 68 62 23 53 67 27 77 49 26 7 88 86 45 96 60 18 66 55 30 67 2 30 82 92 31 14 43 59 31 70 21 15 46 43 95 39 15 81 97 4 93 86 92 59 23 10 45 15 45 37 48 59 68 64 3 46 40 33 51 14 99 33 43 43 2 95 8 9
85 60 42 35 93 100 45 49 63 63 1 95 13 47 52 69 83 34 60 75 99 57 95 14 38 44 79 92 37 66 16 16 18 95 48 42 67 26 1 79 53 76 96 80 1 77 21 10 1 80 93 73 73 78 96 47 44 37 83 28 14 86 71 18 43 31 33 32 24 64
59 66 7 94 56 80 43 38 4 25 50 28 64 71 27 98 12 46 11 90 29 12 44 31 20 29 71 3 20 23 81 11 4 1 98 91 73 93 12 81 88 20 84 34 32 35 32 51 80 98 12 5 75 27 1 27 22 14 29 66 18 67 38 50 48 75 86 72 98 51
71 71 95 34 71 56 31 30 67 23 14 57 30 28 42 98 41 21 77 67 41 60 18 32 11 54 12 79 60 11 13 51 65 29 4 28 55 13 77 58 41 15 23 1 83 60 22 93 40 27 93 15 49 52 18 91 76 15 82 12 9 18 66 13 91 15 46 72 57 64
70 51 65 36 59 97 65 49 47 37 72 66 15 1 92 30 38 4 87 84 66 9 20 2 60 43 26 5 99 10 64 16 20 49 95 6 29 58 35 95 10 49 13 24 26 48 43 54 8 57 36 39 32 69 47 90 1 9 57 65 8 94 70 83 7 55 37 14 100 77
6 49 73 96 18 78 96 43 64 64 14 51 68 32 88 48 57 44 24 45 80 74 45 96 27 56 50 19 4 34 93 60 92 29 72 96 9 67 41 53 45 96 3 11 83 67 15 69 73 87 90 29 80 99 87 75 93 85 17 39 82 79 42 84 7 73 28 30 52 10
28 25 96 8 31 47 92 95 59 30 65 36 21 84 60 83 60 24 34 50 1 8 28 83 17 65 51 80 17 57 75 57 43 24 92 6 4 9 57 53 15 93 13 8 24 67 39 61 19 35 97 32 67 1 43 86 66 99 37 50 18 80 96 68 55 69 100 59 24 45
20 48 41 49 83 62 67 84 69 5 7 70 73 96 8 46 82 39 77 80 89 38 30 72 33 60 90 44 25 53 83 30 17 50 72 55 11 73 12 88 2 54 82 7 15 89 11 42 93 10 32 16 32 86 26 24 25 51 13 63 12 86 16 22 41 18 17 10 38 76
78 83 12 26 28 14 59 36 31 69 72 94 16 71 96 74 18 25 86 84 74 35 77 76 25 55 72 59 30 79 15 6 98 91 93 46 62 81 100 12 6 33 93 57 15 77 32 55 50 33 20 34 40 93 17 4 17 52 24 10 60 23 18 55 44 19 57 81 60 12
20 43 93 17 10 58 78 8 63 82 99 61 25 10 91 14 12 99 30 92 2 63 37 50 60 67 87 53 30 37 50 29 68 91 42 17 55 63 35 81 33 38 35 34 87 23 65 57 32 13 20 62 39 54 49 95 97 97 42 7 22 71 7 19 100 36 64 45 60 81
97 84 59 6 73 56 7 37 77 50 67 37 7 99 63 3 74 100 34 74 59 61 25 59 93 81 3 25 95 49 42 99 38 92 91 61 76 72 32 75 77 75 90 86 10 87 18 41 72 29 92 50 52 88 83 77 30 68 32 58 68 51 100 99 15 10 45 96 71 3
14 64 23 97 61 57 79 86 53 86 83 32 86 24 34 99 4 73 53 59 38 10 35 57 26 64 6 89 73 26 49 52 94 60 37 21 21 25 31 94 65 77 1 59 2 19 94 87 83 22 98 9 94 39 80 7 96 23 45 58 39 24 30 42 48 6 54 3 78 40
20 38 10 48 92 28 20 54 64 97 51 39 90 57 80 20 92 78 50 93 67 13 2 21 10 51 3 7 55 3 90 80 80 15 46 10 8 54 4 4 39 24 15 88 96 3 30 69 65 61 68 77 17 52 94 26 24 10 28 97 32 31 4 74 91 34 54 62 38 24
28 92 17 24 28 14 50 4 79 7 95 91 100 76 62 24 75 66 44 69 70 6 49 36 87 33 6 28 31 49 97 50 85 23 1 52 49 26 71 94 5 65 1 94 20 16 23 10 26 43 91 69 68 40 42 52 13 24 24 89 73 47 92 16 86 30 97 32 62 45
17 45 97 62 48 1 78 72 87 66 59 81 87 12 99 10 49 89 52 20 55 61 2 66 93 83 10 59 42 93 70 90 89 45 86 63 93 4 44 1 61 42 30 50 42 98 21 55 82 18 84 70 78 87 33 45 35 66 70 4 53 7 6 53 34 18 55 38 59 80
68 38 44 76 75 19 70 58 40 61 40 79 78 66 83 23 96 91 50 26 47 16 37 90 19 40 37 89 59 93 4 40 62 65 15 64 75 13 12 33 78 24 48 79 80 11 32 87 35 5 19 88 90 36 88 73 93 28 61 61 67 55 45 3 86 72 73 38 46 71
94 86 100 38 93 30 100 86 75 14 9 4 6 21 82 6 48 67 95 21 95 76 90 55 47 10 6 43 29 26 14 31 54 78 95 100 72 67 37 8 8 52 56 43 72 31 83 86 53 53 39 24 68 69 45 60 96 92 46 88 89 33 25 70 27 92 95 90 55 66
9 33 16 91 11 3 48 84 94 9 78 38 33 45 13 17 27 27 42 89 29 72 25 80 45 63 90 17 22 57 80 55 64 29 11 98 30 37 67 9 98 99 29 36 86 87 73 8 64 66 74 32 83 34 44 3 99 17 6 3 88 75 50 19 36 69 16 87 89 35
42 69 10 83 72 28 70 17 43 21 75 83 30 28 94 15 100 43 71 3 36 27 44 70 85 93 4 59 34 79 13 48 74 32 89 96 94 29 71 15 24 62 38 99 42 97 20 6 54 71 80 21 80 39 50 59 21 41 13 76 71 75 8 51 52 27 6 41 16 54
88 76 68 27 75 98 61 52 68 54 44 20 40 66 39 88 21 29 87 42 21 30 98 95 86 20 21 55 42 47 24 94 13 27 92 96 9 40 30 83 87 26 41 12 29 72 1 89 73 58 66 61 68 14 85 30 10 19 59 23 54 58 67 44 22 7 19 52 94 51
58 75 28 38 1 21 48 76 28 16 51 98 97 74 26 76 53 22 63 18 100 68 61 35 40 83 23 57 18 81 64 50 69 81 67 64 19 27 31 18 85 82 82 14 64 99 63 63 17 27 43 36 87 21 13 4 82 81 61 9 42 77 79 18 100 40 46 11 24 2
74 30 7 65 54 33 18 37 56 100 39 17 2 53 94 22 91 47 84 69 18 40 99 70 70 64 53 58 7 41 75 3 48 13 15 41 32 16 10 60 17 43 16 83 100 1 48 32 97 67 46 62 28 28 22 98 76 34 95 5 100 4 86 47 31 93 3 9 70 93
83 8 69 94 98 86 14 76 64 84 84 22 87 45 28 48 90 53 42 55 44 32 19 73 4 50 6 16 88 7 55 6 77 31 38 26 26 25 54 45 95 74 21 63 20 78 32 43 64 91 63 17 66 84 10 65 40 45 60 31 46 96 74 42 56 65 38 44 21 47
62 90 10 89 83 52 12 8 73 30 68 96 41 59 78 57 79 77 92 53 5 13 68 47 38 44 11 97 20 7 35 91 20 80 44 82 75 22 72 43 68 75 46 68 87 72 6 16 98 41 27 71 69 71 82 32 51 49 77 22 41 36 100 9 53 51 75 95 22 65
96 63 28 3 24 71 17 6 55 41 78 20 38 73 88 81 55 17 67 3 10 100 28 74 88 89 86 62 20 24 51 97 61 16 46 63 13 17 76 11 91 25 10 58 18 84 81 27 7 1 53 72 26 48 32 59 51 47 19 5 3 83 28 24 44 82 60 6 11 80
16 82 38 39 37 91 84 4 31 79 16 13 93 67 51 76 98 2 3 39 52 20 97 20 49 51 38 97 30 42 16 86 43 41 94 5 46 9 34 6 74 96 66 85 2 28 52 33 55 92 59 75 91 49 91 44 17 29 71 87 55 41 2 23 61 46 84 39 5 90
70 24 52 40 52 37 50 9 55 17 99 22 71 93 17 36 18 62 5 34 37 1 44 26 60 43 92 72 19 3 78 76 19 15 45 46 34 15 54 64 36 57 66 41 84 44 76 87 76 1 67 96 23 73 15 51 1 63 49 92 65 74 6 11 31 86 49 69 71 39
12 79 100 50 81 60 5 59 70 95 32 22 17 48 76 44 82 58 87 52 11 6 80 59 45 16 32 49 96 80 40 40 61 54 71 19 27 58 53 60 32 53 23 78 1 38 94 46 50 10 2 7 50 62 34 2 89 48 40 75 49 50 55 84 33 22 79 75 25 93
74 65 56 64 56 45 10 72 56 6 15 62 18 97 38 46 9 63 62 16 76 38 95 59 25 12 15 20 100 63 33 70 34 38 21 59 50 5 43 7 59 19 44 13 46 59 74 12 22 92 10 27 6 4 27 17 23 78 3 30 1 58 72 14 52 38 34 19 20 22
8 43 62 2 25 36 91 33 53 71 9 21 86 48 30 80 18 41 92 63 68 26 11 59 57 65 95 8 51 89 17 96 11 75 86 97 99 75 62 100 77 67 41 25 48 34 11 81 3 58 89 15 15 79 51 95 57 78 82 73 81 41 14 80 80 18 71 32 10 7
3 94 77 22 96 40 89 23 63 15 25 19 83 92 7 16 45 28 65 57 74 2 29 7 60 97 90 87 44 3 16 12 22 72 69 6 23 41 3 81 46 74 3 92 18 35 91 46 35 29 81 36 40 48 99 64 56 43 60 98 22 80 32 45 37 38 61 47 88 58
24 58 68 87 76 31 39 31 54 57 55 90 41 86 49 6 45 82 8 50 90 94 99 74 56 54 36 4 87 15 62 45 50 85 41 19 91 31 61 49 20 63 54 9 17 78 68 50 53 17 65 47 55 61 52 86 68 95 9 61 100 19 66 25 42 70 72 31 95 85
30 71 54 78 89 18 25 22 54 100 78 27 26 100 18 34 8 22 71 32 28 23 35 15 9 61 72 60 41 24 57 74 69 88 99 71 38 14 76 31 68 89 95 69 2 89 67 2 26 47 89 24 94 86 34 85 29 42 3 47 52 7 2 54 95 59 66 92 96 21
49 4 46 58 48 12 74 47 3 11 71 73 57 77 56 64 85 63 13 68 15 27 78 23 77 57 62 13 6 22 76 34 95 2 80 26 44 22 81 42 94 1 84 82 45 53 95 86 64 32 42 23 42 46 38 30 45 86 21 74 65 63 81 78 41 13 33 53 44 59
76 10 1 37 80 79 84 53 45 2 30 37 26 47 19 55 89 45 100 59 29 18 100 84 32 68 86 59 69 98 86 4 68 16 60 23 99 1 30 1 54 8 19 34 46 65 33 19 24 73 65 48 69 17 68 66 29 82 60 44 89 34 22 36 52 74 14 44 72 27
73 94 88 25 63 8 81 14 87 22 8 72 33 2 86 8 98 16 76 79 78 60 11 86 85 77 26 57 18 17 24 34 72 15 31 34 13 16 92 34 42 96 56 15 29 95 96 56 85 53 33 50 59 66 80 60 10 27 15 72 6 18 8 90 98 7 5 33 7 94
92 79 81 17 58 59 18 33 32 4 35 16 22 23 73 91 83 7 42 7 78 85 15 43 50 16 13 68 91 76 66 64 27 13 38 51 54 2 53 23 84 39 99 65 90 45 64 91 20 6 93 31 98 100 66 90 71 87 10 41 20 99 44 62 27 95 52 52 88 14
68 80 89 98 39 88 44 68 98 3 39 62 55 71 5 44 84 8 37 34 11 89 66 8 37 46 21 3 53 73 85 89 88 31 80 3 97 92 12 29 12 50 77 66 8 54 4 15 45 35 55 78 83 22 4 99 76 27 26 39 72 29 10 2 16 33 100 56 7 23
96 33 79 92 30 4 86 49 51 94 64 64 64 16 60 74 88 2 9 35 23 78 10 99 38 47 44 40 74 19 81 19 24 30 86 26 64 18 11 61 23 29 44 53 5 68 7 71 68 40 82 48 43 99 15 63 4 8 55 49 92 92 59 10 9 34 39 91 56 21
62 37 74 17 77 78 62 79 56 80 60 96 1 89 87 20 58 44 96 41 69 15 94 36 99 95 97 44 39 92 87 93 32 68 80 5 9 75 14 68 92 33 56 37 55 23 81 21 64 4 71 45 55 10 55 66 80 32 78 4 44 47 43 99 90 16 47 63 70 69
93 13 18 26 51 52 23 27 67 7 24 92 33 10 72 21 59 93 73 88 21 72 19 2 75 20 69 88 42 44 57 97 50 88 35 69 38 87 65 100 29 21 61 30 36 72 61 81 34 35 86 49 31 32 18 100 21 31 56 49 38 90 68 19 31 41 6 50 93 5
93 85 64 77 52 73 26 44 84 89 45 54 51 46 38 75 100 84 53 8 45 15 80 35 88 54 36 72 37 15 42 83 40 44 10 64 6 74 13 99 9 11 8 48 76 85 9 24 44 94 97 3 81 6 31 2 81 61 37 100 39 17 13 29 70 83 93 19 75 39
92 36 32 54 35 24 6 65 80 32 8 55 32 66 89 96 72 67 69 96 15 42 58 12 39 52 48 77 22 91 76 88 7 55 10 51 20 67 17 62 11 44 67 74 70 38 44 95 15 27 45 35 92 37 24 19 61 28 30 7 82 78 7 45 7 43 58 78 61 3
80 18 11 62 49 2 95 1 27 31 71 99 2 50 65 64 64 92 46 45 43 96 5 58 13 57 84 4 76 84 17 28 51 21 67 87 71 56 93 37 98 54 49 58 34 22 48 33 9 58 33 3 4 82 51 86 40 90 66 49 15 3 81 1 39 40 87 4 15 33
98 98 46 64 22 15 67 84 73 50 27 81 39 92 59 100 64 45 81 89 91 88 21 77 73 44 79 52 96 34 27 45 24 18 78 32 93 96 94 90 78 7 41 33 77 87 37 35 34 79 80 82 23 48 37 67 44 55 73 28 74 35 43 73 41 24 44 31 44 57
54 27 2 24 91 77 20 9 83 8 16 13 98 62 28 49 11 38 65 22 89 68 53 36 76 13 38 58 94 45 50 27 97 35 13 25 40 30 5 86 93 14 81 5 90 89 85 86 59 81 53 54 23 19 3 12 47 73 66 74 40 18 56 21 89 70 41 83 37 14
93 25 46 63 5 71 70 100 56 2 29 71 56 56 2 18 48 27 72 46 63 31 12 80 4 1 96 46 51 31 24 55 80 72 58 55 49 65 22 93 51 6 9 32 68 56 60 14 65 83 3 66 80 54 71 46 34 84 38 59 52 16 13 57 47 44 81 35 39 64
56 32 13 2 32 99 64 66 25 1 45 65 5 62 67 46 76 31 62 2 84 13 94 96 41 14 52 17 83 14 67 4 42 66 45 2 25 22 40 26 49 28 82 36 12 52 35 21 3 33 32 82 35 42 26 14 52 72 68 77 34 40 36 17 19 94 98 96 68 47
89 80 41 33 76 98 86 41 87 11 96 61 58 17 81 20 54 72 26 34 97 34 59 50 33 96 1 7 99 38 88 39 67 80 7 59 95 9 69 24 62 12 29 34 38 28 33 65 13 74 99 39 28 61 37 34 14 41 15 27 38 96 57 81 45 78 30 68 87 33
24 12 23 13 31 73 93 3 3 43 59 99 34 70 41 66 100 88 74 50 12 70 23 77 2 97 90 39 69 99 83 81 7 58 76 87 76 6 13 12 51 14 100 1 22 7 73 38 84 59 73 28 86 23 74 53 70 27 83 74 50 46 34 86 42 51 17 37 25 99
25 86 5 57 62 64 78 54 43 99 5 63 82 87 38 3 14 58 15 64 14 40 1 86 93 79 3 36 53 49 89 29 58 47 6 66 51 14 48 76 100 5 63 29 50 71 99 41 52 53 63 48 1 77 17 47 20 26 38 93 29 31 15 58 77 53 67 70 22 60
72 90 9 79 47 53 72 48 5 8 74 34 96 54 48 61 96 91 74 33 68 65 89 74 62 28 9 66 64 20 29 53 43 43 52 27 72 21 9 56 67 66 76 32 73 89 36 38 12 95 37 80 81 26 53 21 89 14 42 20 73 100 75 29 95 87 52 83 64 90
91 51 7 50 97 70 6 34 15 68 67 98 71 60 44 33 18 71 3 84 94 40 78 14 90 26 28 34 71 62 48 81 60 40 72 88 72 64 71 59 23 15 65 63 50 99 43 93 40 78 10 71 48 21 21 96 1 15 27 22 41 75 83 72 57 15 14 2 66 97
24 38 8 5 16 73 21 44 57 76 97 72 37 85 80 13 87 3 70 71 95 56 10 25 44 72 65 85 85 19 38 52 50 51 11 32 44 56 7 7 16 12 9 52 92 22 19 22 85 13 82 47 89 16 42 93 1 73 1 50 35 62 20 78 46 25 80 26 91 11
3 20 55 65 86 87 79 23 93 64 72 48 41 37 47 44 46 27 26 34 12 15 78 38 11 60 1 59 49 54 98 28 89 62 22 89 84 48 59 25 75 97 30 22 64 33 96 67 26 67 65 81 4 62 58 16 83 13 12 98 89 38 73 40 96 42 43 94 92 82
11 13 12 93 68 13 27 13 78 13 43 95 26 1 43 49 24 93 65 83 8 40 74 92 65 87 81 9 56 4 15 2 88 94 41 17 76 66 30 83 89 3 65 31 62 39 27 52 81 12 58 90 75 3 75 33 40 37 14 82 100 65 38 72 4 79 89 40 63 29
54 87 10 79 81 42 67 21 59 56 80 88 86 53 68 90 83 58 57 81 62 6 54 94 93 7 2 81 67 69 70 79 96 30 68 100 95 31 66 52 63 96 5 59 66 65 84 100 87 67 65 97 100 51 23 56 28 10 77 13 73 58 99 53 1 17 86 88 77 21
91 43 96 3 95 84 92 53 55 22 11 55 53 17 68 88 83 12 57 75 34 89 27 66 76 38 91 34 67 76 88 50 22 60 28 46 58 85 41 50 53 30 11 81 29 19 68 92 44 60 25 5 27 41 92 1 70 80 97 15 16 19 30 52 19 57 50 92 19 13
26 76 9 29 87 4 28 17 96 60 50 54 9 16 16 90 35 20 19 43 66 3 79 98 58 83 15 77 58 84 58 40 73 28 97 48 34 32 2 94 58 20 45 14 4 54 36 17 20 32 79 52 18 8 53 25 82 92 91 85 38 26 50 56 78 65 63 48 100 64
94 16 60 67 21 37 68 97 99 37 95 42 58 55 92 28 95 89 75 46 9 87 45 98 25 8 72 95 4 88 20 46 90 62 39 81 75 97 65 13 21 40 73 7 20 72 32 34 64 74 4 11 20 77 36 43 87 75 58 18 15 4 72 23 48 16 81 54 61 28
85 22 19 42 93 21 61 75 47 51 79 62 20 41 72 17 74 72 3 71 25 98 1 96 47 16 22 57 12 60 67 61 17 79 39 30 64 52 47 88 8 59 10 70 22 80 46 84 42 49 4 34 55 25 38 21 68 72 99 69 89 41 77 98 25 73 94 26 15 58
59 33 42 46 96 29 38 31 10 47 91 94 48 29 52 4 83 5 46 4 77 14 40 84 23 39 17 27 39 42 70 74 50 77 69 66 23 46 80 68 71 39 98 55 100 47 50 96 24 43 63 85 25 58 27 72 27 36 73 80 76 23 40 90 30 30 1 82 35 87
12 50 73 7 60 81 47 26 22 50 68 4 80 48 59 22 58 40 5 47 40 64 48 92 95 25 49 22 23 52 40 34 97 1 61 18 89 24 81 74 74 40 66 57 62 54 89 42 57 32 71 40 30 23 3 99 82 71 64 9 68 13 26 97 18 55 60 14 7 66
32 64 18 6 17 65 40 63 32 57 13 19 20 62 43 38 32 48 12 45 15 29 59 80 52 99 4 76 10 96 26 96 72 41 95 99 15 36 76 54 81 57 89 29 88 100 55 32 70 53 68 12 24 87 36 24 45 92 15 95 56 29 29 93 13 59 8 6 45 94
14 94 76 64 70 99 60 14 61 98 5 22 66 87 26 43 81 30 56 57 82 86 78 81 27 89 27 38 80 14 74 73 16 12 61 95 90 63 91 35 32 96 64 24 13 85 47 34 57 93 94 66 86 61 29 38 76 53 93 59 98 3 53 90 46 86 58 82 80 32
15 58 3 3 26 73 81 2 20 61 23 73 70 77 78 54 90 85 23 44 69 65 56 20 89 82 75 77 19 94 78 83 86 78 21 65 13 5 59 27 60 55 100 50 64 29 72 77 65 87 45 75 11 100 56 7 79 75 77 24 34 67 1 93 36 27 83 69 96 13
73 2 56 38 88 63 21 11 18 36 48 28 76 14 61 63 6 94 10 97 64 3 15 87 48 64 49 38 51 92 15 78 20 88 84 76 79 74 90 16 69 78 86 13 34 94 71 32 96 43 79 31 15 21 32 4 62 3 67 98 15 41 70 69 58 93 75 56 18 10
63 16 76 22 72 37 25 72 63 3 44 75 21 75 30 23 80 10 38 66 96 14 82 45 39 9 61 45 63 7 49 96 91 94 80 99 62 86 75 19 50 31 2 59 58 67 18 20 58 33 97 56 2 25 73 78 85 57 51 20 89 74 2 41 96 51 62 5 29 69
78 31 21 59 63 39 65 50 22 47 98 10 46 60 21 54 71 2 35 38 10 42 19 5 28 89 25 75 24 19 56 83 31 97 85 56 7 67 42 65 48 89 44 27 10 11 21 52 61 20 94 84 52 30 13 77 68 92 73 81 63 39 100 29 25 9 47 30 30 74
95 53 92 11 38 10 6 41 62 71 56 19 83 52 6 89 36 77 28 16 24 46 89 66 54 56 35 94 64 75 51 53 89 82 26 56 19 90 76 32 3 52 48 15 19 49 34 43 93 5 36 58 78 88 90 29 89 66 34 30 44 63 62 71 6 32 12 98 13 84
37 22 14 33 64 79 29 56 40 12 99 55 40 40 58 33 71 99 19 60 27 79 37 31 93 57 92 52 24 33 13 87 96 73 33 18 27 100 49 62 86 51 92 25 7 17 72 85 80 51 64 18 3 54 34 13 75 88 7 6 7 57 37 1 100 66 88 10 62 25
28 65 86 86 75 40 21 91 95 1 20 77 72 35 21 24 63 84 73 31 28 80 69 13 39 71 95 18 8 97 2 15 27 70 57 88 21 82 73 54 21 13 63 3 34 90 54 87 98 73 52 62 48 25 64 55 18 49 100 59 59 82 73 100 89 16 12 89 7 17
28 90 42 30 68 83 26 56 16 37 69 61 83 87 59 12 29 38 80 84 1 63 17 47 27 86 1 25 3 47 28 90 21 29 73 11 11 25 94 45 46 94 51 89 75 74 11 51 68 2 59 18 28 12 57 79 19 100 94 69 7 27 20 80 67 63 42 48 94 68
82 54 47 22 86 64 30 43 55 49 73 7 14 36 28 54 100 70 32 26 79 70 34 75 18 88 93 73 52 78 88 25 70 45 35 66 54 47 45 5 97 51 90 24 40 83 18 23 43 49 69 33 81 56 22 19 77 33 19 7 10 2 53 6 13 48 77 93 89 53
68 91 63 28 100 92 56 81 99 9 94 43 44 97 78 38 77 72 73 81 74 20 99 53 61 15 32 45 94 72 69 48 28 36 20 34 77 43 61 60 54 45 71 32 51 36 91 97 70 28 25 58 98 72 10 98 41 77 90 43 46 73 18 21 55 67 84 33 98 53
76 51 89 69 30 64 95 43 68 32 48 16 68 93 32 100 27 29 43 70 99 3 2 73 67 54 67 45 98 1 23 63 69 39 6 94 41 95 8 100 73 75 15 7 59 98 75 34 98 8 36 20 32 25 78 76 95 91 22 44 95 79 25 1 59 72 83 10 98 57
77 68 90 30 16 19 75 64 12 17 13 100 41 39 49 49 93 60 99 36 27 76 12 65 50 33 45 27 43 93 81 63 46 74 96 89 38 98 25 51 94 45 36 7 66 33 42 69 84 85 12 32 38 94 81 44 50 61 11 29 75 64 91 37 71 97 99 1 8 73
51 92 41 94 83 92 34 23 6 34 84 73 20 22 19 6 93 37 98 96 38 36 10 27 69 13 66 92 69 61 54 88 27 72 90 27 53 92 70 49 1 30 33 86 89 78 15 85 12 1 32 44 54 53 95 16 14 41 31 35 39 75 67 18 21 14 8 46 67 96
91 73 19 16 7 85 16 71 42 31 2 98 93 100 89 82 66 73 9 20 2 37 62 63 52 16 66 4 58 73 7 84 90 89 28 40 5 85 61 76 98 42 12 14 94 90 35 92 7 44 61 99 6 77 42 32 51 80 8 78 11 9 83 9 52 54 91 24 22 83
80 26 51 31 16 35 50 20 78 19 61 69 27 88 36 25 74 47 52 43 5 49 47 94 88 81 24 80 57 32 57 3 68 31 55 75 52 46 3 38 47 17 61 71 79 6 85 92 79 36 21 96 89 90 77 98 32 19 11 48 31 56 85 22 40 90 11 78 65 73
8 4 7 55 61 72 83 71 35 82 75 62 7 21 21 49 77 46 32 18 40 87 65 93 72 33 66 7 72 61 25 35 57 25 86 100 41 63 30 54 26 24 99 15 44 100 49 14 72 55 41 36 76 81 58 3 39 72 37 94 79 15 61 44 41 33 15 65 91 79
80 86 72 6 85 99 36 95 58 82 32 26 68 84 54 38 28 33 71 48 77 15 65 46 24 63 66 10 96 14 19 36 74 27 95 10 71 50 10 81 10 62 60 3 43 52 56 54 22 31 15 5 78 89 99 45 27 100 19 39 26 24 97 85 60 13 92 87 58 21
38 58 9 90 10 84 37 7 96 34 30 34 73 31 19 93 37 19 77 73 1 48 51 22 89 66 66 10 3 77 64 99 12 31 83 66 91 51 3 46 83 84 56 52 71 67 31 86 38 89 40 53 84 48 25 93 1 61 52 96 17 43 38 13 8 62 30 29 24 93
26 32 43 45 71 27 77 20 16 11 39 29 31 26 50 94 51 82 33 34 64 43 36 66 81 15 11 31 33 70 68 98 14 56 100 87 49 93 95 89 64 26 40 86 67 15 19 38 38 55 45 75 3 95 17 94 24 71 90 40 92 68 57 15 92 47 19 23 88 45
30 89 38 78 5 99 64 49 14 61 43 74 72 38 42 92 37 8 14 44 35 37 94 22 83 72 89 21 42 82 4 99 19 22 65 51 73 15 35 81 16 70 76 92 62 42 74 48 63 87 72 4 54 10 16 57 19 35 88 20 95 99 95 90 33 49 51 51 10 62
6 86 50 70 76 13 28 51 41 22 58 69 70 25 5 76 64 70 75 11 9 74 90 8 85 34 79 27 97 84 33 17 12 13 85 28 2 53 39 30 48 28 12 13 1 21 46 25 80 16 52 94 8 27 49 96 65 40 27 55 73 79 93 24 98 90 31 87 98 42
51 49 86 3 59 67 58 76 47 5 12 83 59 44 9 13 24 42 36 53 87 31 24 21 37 4 97 74 94 36 62 73 64 71 13 85 5 22 70 24 5 77 93 50 10 21 100 51 12 32 65 68 34 25 46 11 100 13 70 75 7 54 55 40 81 92 13 31 90 20
17 47 46 42 44 7 19 13 83 22 30 99 50 18 86 39 89 74 82 78 49 30 94 78 17 11 6 27 36 69 65 94 72 17 78 50 50 54 98 52 65 74 21 11 51 51 32 18 8 46 33 46 86 53 67 37 50 78 15 74 94 49 38 87 74 61 20 71 9 84
3 36 26 51 72 19 31 64 58 23 19 57 67 23 51 69 35 15 18 78 79 23 3 14 37 68 33 34 65 5 99 96 61 86 87 82 85 80 11 99 22 89 39 50 20 14 57 75 47 66 42 39 70 35 11 93 33 98 69 51 88 92 55 67 42 98 73 4 12 65
29 24 29 12 50 13 67 91 21 91 96 43 50 80 20 45 4 45 77 37 17 32 81 74 88 89 73 22 8 99 83 36 95 2 17 73 58 79 97 7 18 100 60 19 95 84 66 38 99 73 9 78 74 99 52 23 26 2 59 79 50 80 52 94 88 93 68 2 97 17
49 33 38 66 92 23 12 7 61 100 34 19 29 97 45 19 36 17 72 49 20 40 60 90 68 58 74 83 85 77 65 59 49 57 79 19 78 45 62 52 65 35 96 36 13 16 5 79 49 71 71 5 59 36 64 9 75 45 1 66 43 78 46 42 84 82 6 58 90 94
86 78 39 8 8 37 92 51 95 86 76 50 15 17 40 18 69 33 83 18 89 34 60 49 9 82 25 41 12 45 93 37 3 26 26 51 76 83 64 8 77 2 97 97 77 53 93 11 99 86 26 86 63 79 4 63 47 24 29 16 47 32 17 61 32 97 100 99 57 38
45 81 89 52 44 35 77 64 52 84 75 70 13 34 24 39 24 12 81 20 42 35 28 16 43 67 1 72 83 31 35 100 26 37 64 83 99 64 80 45 73 66 73 54 23 46 29 49 28 98 89 57 28 4 82 71 43 91 55 2 76 83 71 88 85 12 70 14 86 56
10 73 64 32 66 19 34 97 86 80 71 15 60 61 76 71 28 20 92 29 69 9 100 12 74 37 92 24 90 47 37 40 46 25 55 72 9 23 74 73 77 80 37 98 67 68 79 85 97 69 67 78 99 64 57 16 27 90 86 93 72 40 30 23 93 2 5 1 48 64
78 2 37 7 13 83 31 85 1 6 74 79 25 77 36 13 38 48 2 28 10 45 50 82 23 90 60 8 19 93 3 56 88 23 82 56 95 19 38 34 90 97 87 66 21 45 52 39 87 27 56 84 44 55 87 20 87 36 71 51 1 53 12 38 16 77 4 98 67 100
77 30 54 42 20 18 70 71 88 94 90 14 56 88 27 57 16 21 85 87 3 28 75 18 22 53 66 51 45 62 38 94 4 2 87 51 34 18 99 64 73 48 57 81 33 26 83 42 34 15 73 100 93 77 50 8 79 23 100 25 35 13 70 95 51 22 27 43 19 90
22 6 22 70 89 43 74 65 4 78 59 38 36 94 77 28 77 39 28 100 26 85 76 68 87 58 56 46 52 33 3 86 64 9 30 31 62 15 6 94 5 29 68 7 59 99 94 36 39 86 5 32 7 4 96 72 95 81 6 99 83 100 37 27 57 2 36 47 52 93
15 19 22 34 28 11 56 81 38 91 84 46 56 40 92 62 69 88 51 15 14 33 3 76 49 56 59 46 97 81 10 16 63 36 91 95 35 96 30 36 89 2 36 99 41 43 86 2 80 60 79 20 13 61 40 85 47 41 8 49 15 73 33 50 76 34 34 65 56 12
23 11 22 1 1 86 88 22 87 3 84 81 23 16 11 44 41 8 13 81 9 52 100 58 74 72 10 97 55 19 63 11 36 5 74 34 93 68 14 11 44 77 37 85 12 15 50 90 57 38 55 71 14 57 25 99 65 64 100 5 84 61 25 42 20 92 50 51 14 38
72 35 99 68 9 47 29 40 5 17 100 12 49 56 19 75 52 78 54 11 69 67 58 82 46 77 45 92 14 36 15 63 8 48 55 35 68 76 33 37 85 47 19 52 90 55 2 6 91 70 99 43 51 17 72 8 13 49 63 78 58 74 23 18 53 66 53 34 60 85
39 89 86 68 29 8 46 39 69 29 58 56 40 71 38 23 77 49 79 31 48 67 76 27 61 28 9 89 67 81 26 64 67 70 68 67 72 71 74 20 27 58 86 3 50 5 88 41 99 99 12 55 36 31 10 99 83 73 10 22 8 5 15 36 19 100 10 93 8 35
75 35 45 92 47 18 22 30 67 24 76 83 7 23 45 96 43 40 14 93 84 66 48 46 46 88 73 5 62 62 62 43 82 73 19 41 37 32 83 14 76 23 42 25 81 21 36 79 68 84 38 61 73 74 5 50 37 53 75 11 73 43 84 74 78 49 10 16 14 30
55 20 49 66 71 71 80 64 92 69 99 97 76 33 36 25 32 55 52 16 16 89 4 53 35 21 50 33 63 32 55 17 51 34 87 46 4 83 9 22 98 89 23 54 86 30 32 75 90 19 76 51 66 12 3 69 17 13 85 73 6 80 88 78 24 5 68 26 91 65
96 93 93 11 37 36 44 77 70 42 65 37 11 56 68 82 57 10 16 76 2 9 74 64 80 85 43 70 77 53 24 57 89 68 30 20 31 31 27 38 21 13 95 31 41 30 84 28 6 25 73 91 39 81 3 3 1 1 81 36 84 58 98 36 60 3 36 25 33 99
100 39 91 34 39 92 89 72 2 79 97 34 58 25 23 50 81 1 3 50 33 27 21 7 67 26 62 18 73 61 10 87 96 87 16 31 73 42 28 30 42 93 26 40 61 1 42 59 31 86 79 31 32 21 10 92 27 98 30 30 82 27 77 26 88 44 38 37 22 66
11 79 79 84 98 47 61 64 49 31 29 76 63 51 31 18 98 74 76 33 42 49 13 84 35 69 2 79 64 34 76 34 73 43 14 57 13 18 34 90 2 33 26 33 49 71 35 91 38 72 75 53 78 85 47 70 25 27 96 69 13 34 45 61 2 72 14 7 77 72
36 37 53 82 69 60 79 24 56 71 52 52 42 22 6 46 95 19 52 87 57 34 43 35 62 10 78 91 48 63 26 48 62 97 29 83 100 15 65 100 45 37 100 95 18 31 8 95 17 34 16 51 61 36 50 55 93 5 3 85 39 50 97 62 2 28 20 36 93 70
44 62 96 88 92 78 36 67 80 55 98 29 14 88 84 47 44 81 62 51 90 81 17 71 29 59 84 29 57 5 53 88 12 33 55 95 12 82 57 28 39 40 14 1 4 74 66 79 82 17 67 10 73 16 51 83 91 49 55 83 5 75 67 34 91 16 100 24 37 57
25 23 64 88 38 33 78 10 37 95 95 29 51 71 75 35 60 70 5 38 61 36 54 66 70 90 23 41 57 33 37 99 38 61 100 17 2 23 53 67 29 46 18 40 88 30 64 19 29 32 49 18 65 72 83 6 7 36 22 26 80 27 96 37 92 55 83 74 93 44
6 91 15 51 26 82 30 30 53 56 91 73 57 91 8 9 32 88 62 63 37 2 4 48 18 91 25 13 5 56 6 16 97 13 52 97 57 77 83 33 29 36 81 33 73 43 11 60 51 18 86 62 57 55 5 85 12 44 49 68 28 78 100 33 5 41 66 59 81 13
92 35 27 82 53 50 100 11 48 96 92 74 78 89 100 49 47 13 50 27 6 96 52 46 38 15 90 45 68 50 61 78 99 26 14 36 60 16 72 47 90 35 99 97 84 44 13 10 78 70 36 34 80 74 36 85 32 72 43 3 68 12 12 28 9 88 50 70 17 92
65 35 65 19 59 29 56 49 84 74 36 66 86 12 54 17 45 94 72 27 12 54 77 53 1 68 70 80 44 38 25 43 59 65 61 38 10 11 8 15 23 39 19 42 63 21 39 7 22 48 83 54 4 36 39 50 32 3 32 25 9 86 50 4 15 8 46 19 99 29
49 77 46 4 54 27 37 43 53 78 86 38 81 71 90 84 37 60 49 87 71 61 3 93 81 41 8 69 91 69 86 39 72 27 62 73 39 84 69 2 81 43 20 91 64 96 48 88 69 23 6 22 37 37 66 5 81 69 10 63 94 81 53 49 6 78 3 29 71 30
97 91 26 15 4 43 26 34 29 96 5 34 76 94 49 97 51 33 57 17 48 63 65 52 63 58 3 87 2 40 14 15 36 53 63 53 88 9 68 5 31 36 23 42 88 63 66 63 63 89 26 37 37 48 14 39 81 89 31 28 58 59 91 68 17 68 47 12 61 52
61 43 15 85 19 58 47 91 13 55 24 31 22 100 59 46 43 64 16 87 73 73 7 42 46 82 92 95 18 97 45 94 8 38 99 81 13 2 35 15 62 56 64 25 24 96 100 17 23 69 66 37 81 43 15 84 61 64 56 45 19 31 10 74 62 23 74 49 14 2
28 42 71 62 44 88 90 42 30 46 81 47 25 72 52 77 6 75 28 40 43 68 22 72 79 73 46 33 80 17 26 23 18 23 63 78 20 93 62 91 76 42 37 92 35 61 78 43 44 82 45 2 45 78 17 93 60 93 39 8 100 14 34 53 54 57 15 61 14 70
47 48 53 41 42 19 56 73 95 57 42 60 90 20 97 16 9 33 67 71 43 65 64 83 92 86 45 3 50 53 32 13 62 41 41 27 34 27 87 57 90 91 10 61 54 48 63 6 55 83 39 5 51 18 13 15 60 42 40 56 87 40 47 36 98 61 71 39 64 97
64 21 39 52 40 86 62 96 42 96 31 43 31 61 94 67 56 6 68 92 51 85 96 100 47 45 98 7 57 82 24 36 87 16 8 79 58 74 84 80 71 43 78 31 86 87 44 61 27 5 98 61 87 5 70 65 66 69 36 47 87 68 35 8 89 33 17 47 53 13
13 79 60 53 43 29 8 20 33 64 37 11 10 57 96 99 54 17 34 40 80 72 60 12 57 1 94 41 84 56 61 89 28 40 63 73 55 57 8 28 94 31 53 49 42 37 6 51 83 42 11 9 23 13 91 70 54 52 79 65 32 31 92 82 84 66 48 56 25 35
36 22 77 42 95 13 96 22 10 34 61 61 27 16 61 30 84 33 59 45 97 25 42 16 3 24 54 30 69 77 64 41 50 34 5 5 74 36 16 49 33 17 67 92 54 39 40 41 55 86 90 94 30 90 44 62 79 26 38 43 32 79 95 61 52 40 77 43 14 72
78 22 53 79 2 89 66 92 57 71 24 67 66 89 16 27 28 42 16 5 10 93 98 51 39 87 49 17 52 89 90 17 4 50 28 57 55 46 47 79 34 34 75 23 92 83 84 45 38 97 58 19 11 81 21 66 10 20 83 36 38 72 13 69 65 90 84 63 51 89
74 51 87 27 36 44 64 68 24 39 62 26 54 87 95 76 83 77 81 86 96 91 86 84 20 11 84 71 42 20 15 48 34 15 91 13 70 64 22 70 16 87 84 66 23 42 3 60 38 35 66 73 26 21 71 27 90 5 82 46 28 57 19 78 91 54 91 21 13 41
83 13 1 34 92 58 30 14 54 81 97 1 19 25 58 17 75 52 91 12 74 31 83 60 17 52 23 97 20 76 88 39 66 74 93 80 53 89 8 84 78 62 76 55 68 78 60 9 90 38 8 5 12 37 95 42 6 8 4 29 55 94 69 32 73 66 62 73 56 26
69 63 36 49 77 78 10 18 9 91 43 65 9 78 84 16 75 77 19 13 29 21 74 23 86 54 62 5 64 76 12 26 40 44 39 40 39 90 68 21 85 19 81 7 93 20 9 44 88 42 54 1 58 67 47 82 80 28 33 61 49 83 88 93 47 56 4 66 61 55
15 91 9 34 90 33 55 50 61 68 40 48 51 79 34 93 1 37 42 46 91 25 98 96 18 88 27 92 98 61 96 98 39 83 11 95 76 86 41 2 68 37 54 91 77 2 26 12 6 57 10 78 53 4 51 39 66 48 96 76 33 46 23 69 54 44 36 28 54 31
51 65 15 84 97 90 59 27 76 64 80 26 61 86 32 33 30 71 33 84 97 58 11 85 63 65 39 18 79 29 83 26 56 31 10 15 86 32 58 34 51 74 87 43 39 57 89 2 75 92 28 15 12 30 43 5 57 20 87 17 18 69 44 19 18 100 64 72 3 41
63 25 92 49 78 31 81 55 14 12 15 53 21 52 92 61 78 20 30 74 74 20 19 28 45 76 57 67 76 82 28 6 29 42 50 94 97 93 89 46 97 55 67 29 57 7 46 98 20 97 90 30 30 1 57 22 55 68 31 5 33 77 78 31 11 20 28 98 42 38
82 40 50 75 25 36 75 58 58 11 32 5 31 81 67 42 80 80 65 23 77 41 44 8 22 98 86 14 95 89 34 48 62 91 37 88 84 81 91 3 6 85 17 5 79 41 35 86 73 64 62 13 1 70 75 84 63 73 42 71 27 1 94 4 94 21 60 78 33 77
29 74 51 52 54 59 46 73 20 68 13 40 71 39 62 39 14 79 44 48 76 97 20 77 12 77 87 17 33 86 47 60 51 8 33 76 91 50 48 99 63 71 76 39 60 83 68 67 51 10 61 59 96 11 71 11 43 2 65 39 71 36 45 74 68 66 6 84 44 11
10 21 33 11 40 24 19 46 39 71 39 95 67 79 7 84 49 71 10 64 93 25 79 27 45 41 61 6 37 49 55 38 76 68 71 53 81 31 97 75 89 66 92 8 98 2 3 11 36 63 17 67 25 65 14 6 12 37 95 30 79 14 100 71 43 67 68 52 45 17
19 63 36 33 90 3 23 1 78 95 75 58 76 13 54 67 7 68 48 53 68 8 85 54 43 30 89 89 57 100 29 79 18 3 26 11 13 82 86 72 72 94 81 39 56 70 99 52 78 83 20 12 74 22 37 98 28 18 41 65 85 68 100 9 80 73 8 93 38 19
73 68 59 96 64 26 25 21 94 67 24 78 51 28 74 74 4 3 64 59 2 86 8 36 19 47 4 100 23 93 2 68 13 95 64 11 88 38 60 75 54 9 70 30 95 94 12 66 55 33 31 6 25 94 23 24 42 77 39 29 55 11 74 70 33 84 33 84 52 48
79 12 16 98 46 84 75 30 91 37 15 72 24 62 51 61 92 34 28 57 89 49 88 51 4 18 27 59 4 45 96 35 50 57 12 25 7 59 31 80 63 58 72 100 4 26 46 64 87 43 81 54 3 41 80 7 77 48 37 49 79 85 27 86 52 47 20 28 7 79
95 95 99 43 66 69 35 33 7 33 22 21 96 77 48 1 52 73 38 55 16 51 23 29 36 58 71 46 81 55 98 28 35 26 15 91 32 16 92 54 95 14 20 70 88 50 58 40 7 84 74 93 6 20 54 83 70 50 85 36 17 84 84 54 23 35 68 95 72 1
92 39 59 85 9 82 37 100 39 22 72 86 46 77 81 38 96 94 78 58 65 40 63 13 44 28 97 84 45 60 45 8 12 68 27 46 51 34 14 16 78 86 57 3 70 10 67 22 95 42 15 3 97 47 48 17 53 46 36 43 77 34 68 5 84 86 87 6 18 9
56 82 50 36 19 35 77 39 10 39 46 9 21 91 38 9 13 54 74 36 96 45 65 35 53 40 20 88 31 6 55 46 87 7 14 48 49 20 21 44 82 57 24 100 48 71 31 87 90 5 96 98 26 39 67 17 53 16 57 40 85 82 1 88 50 47 64 32 51 66
67 35 84 45 36 60 68 33 64 53 28 65 40 38 64 76 73 34 68 66 85 89 89 94 68 33 98 27 46 89 14 58 95 43 51 53 12 58 84 25 82 29 15 100 27 71 70 21 23 15 66 59 27 25 64 81 71 16 53 79 51 45 100 26 1 71 62 62 28 42
10 10 94 62 63 39 38 26 31 98 17 42 28 15 3 58 23 13 41 3 47 47 90 81 86 61 1 1 47 6 3 86 5 36 99 23 14 84 89 57 11 2 28 32 64 58 76 69 11 87 19 50 52 28 46 15 84 51 26 27 56 84 42 97 50 78 87 65 60 2
91 14 30 60 44 81 67 23 65 48 77 44 77 78 27 29 58 2 91 18 66 69 3 75 34 50 18 30 74 76 51 30 29 70 72 55 87 94 47 10 14 99 56 75 64 3 66 25 70 74 64 55 16 7 57 50 33 71 74 20 71 50 99 40 46 68 67 33 35 69
45 47 37 61 23 74 97 21 36 3 21 76 39 62 8 76 43 95 13 43 55 29 67 84 70 3 37 25 35 79 53 11 9 55 23 16 31 68 58 57 61 45 38 47 3 93 69 1 18 62 58 9 68 66 10 39 17 61 50 33 40 91 14 33 45 26 86 59 20 58
61 23 13 86 32 2 26 62 22 15 12 92 56 51 59 67 36 96 21 69 34 54 71 10 71 88 59 45 79 13 84 97 4 58 72 77 45 24 100 48 14 1 3 16 79 11 29 47 75 9 19 77 3 72 8 50 37 23 33 88 81 6 17 43 9 68 93 90 44 64
70 46 22 33 25 49 94 100 40 69 37 48 51 7 79 88 65 59 8 29 9 85 81 16 32 20 58 95 44 24 35 71 40 80 52 46 8 79 5 40 21 45 10 5 58 56 76 1 16 89 72 24 71 57 57 21 70 16 35 96 24 76 92 10 45 76 21 16 13 24
66 96 59 71 100 66 32 87 51 17 2 67 67 26 64 100 60 46 46 7 29 44 35 61 45 14 51 8 26 74 36 90 26 27 88 6 11 60 12 18 75 26 44 58 78 46 24 43 29 52 44 62 10 29 29 7 70 2 53 67 18 32 82 59 88 28 28 76 89 28
13 50 16 75 37 3 59 66 87 47 19 20 61 36 20 74 43 62 95 92 58 57 92 19 53 52 91 28 85 21 50 3 94 52 57 35 100 35 40 96 58 95 83 30 59 96 100 93 73 31 36 66 24 32 19 47 4 4 4 42 22 46 6 68 38 55 4 19 89 41
