50
4
5 76 74 32 70 7 66 59 59 56 52 81 60 79 23 16 53 5 64 93 93 94 34 27 84 64 85 97 85 58 59 21 45 88 84 15 94 52 26 12 86 80 49 87 75 25 54 71 38 52
40 16 6 27 4 50 61 33 78 16 28 73 43 82 10 53 76 49 25 79 24 43 56 82 30 91 30 57 65 4 60 21 63 92 1 72 48 96 85 81 28 97 2 18 32 70 47 42 13 5
3 26 40 92 70 89 87 100 79 45 76 34 46 96 98 5 86 30 3 37 11 1 90 35 57 88 14 69 6 62 88 89 93 88 71 86 78 51 42 50 38 43 52 49 12 74 12 19 63 44
55 79 93 2 52 6 48 32 59 34 70 46 46 71 18 94 85 50 73 9 27 54 63 68 25 98 37 46 98 91 17 64 97 5 73 45 2 54 8 11 50 91 52 18 54 60 81 75 77 8
18 29 30 57 76 73 72 81 10 26 81 9 26 73 75 51 34 74 60 86 14 1 51 61 8 58 12 29 31 32 71 31 22 59 69 11 54 8 88 63 10 12 98 71 38 55 20 27 68 88
85 81 54 70 16 3 12 48 44 13 60 86 45 14 78 61 100 96 65 91 9 35 74 71 69 88 65 49 90 97 8 23 56 24 15 88 32 76 15 27 13 44 93 73 88 16 28 29 75 96
43 83 79 21 67 81 75 24 42 65 69 62 17 86 86 98 51 46 33 100 73 94 1 31 1 40 87 24 84 15 38 1 94 52 77 65 44 23 92 58 64 69 67 20 17 95 5 24 16 37
20 50 21 7 17 23 54 66 25 37 65 92 20 12 29 90 39 76 54 30 60 85 100 25 43 18 11 75 62 11 72 90 15 17 72 79 69 64 16 71 34 93 2 38 91 46 18 51 48 24
91 52 100 95 57 36 42 87 61 33 93 34 83 72 94 100 14 42 26 71 62 63 18 70 64 28 66 43 17 62 51 75 89 8 63 36 61 46 9 57 8 86 28 31 55 36 94 87 20 52
85 91 85 74 15 52 3 73 69 34 25 79 10 66 65 35 38 76 59 34 27 72 47 96 14 54 62 43 3 26 14 14 21 85 94 15 42 74 76 91 5 34 35 16 27 60 14 46 69 17
89 44 100 66 7 94 71 47 23 55 78 9 18 4 7 65 6 97 92 34 50 56 76 9 100 22 31 20 85 90 63 56 48 91 63 33 70 88 59 44 52 89 65 64 62 26 70 36 18 54
68 57 33 16 99 73 12 36 61 30 23 6 89 17 47 23 99 37 29 93 52 87 3 73 5 25 98 12 66 93 16 2 75 19 94 19 66 29 88 21 26 49 12 80 53 97 12 48 69 46
64 65 10 100 13 85 35 23 69 42 55 90 61 86 71 31 60 37 33 3 78 18 83 21 12 79 90 13 21 78 75 29 71 54 73 7 9 61 24 62 16 31 24 73 6 69 90 21 14 50
55 100 77 23 74 47 55 20 93 34 84 22 3 31 46 39 93 65 13 79 21 27 99 63 15 89 39 89 47 87 15 80 51 41 67 79 32 53 70 19 61 96 58 4 100 15 100 2 8 62
12 50 18 54 9 20 55 40 96 2 88 7 82 43 1 78 5 27 79 98 99 27 51 50 52 61 78 73 96 62 63 13 96 36 14 91 81 43 89 20 85 100 51 62 77 14 16 34 91 68
90 40 88 51 8 100 94 14 76 52 67 87 18 14 79 25 46 52 11 89 11 60 57 50 86 65 18 72 33 63 52 64 13 59 19 64 57 20 9 70 50 38 30 22 10 50 23 66 4 80
47 14 79 31 81 56 99 93 26 54 8 9 65 58 19 84 71 1 17 31 30 15 41 93 31 75 89 42 92 80 1 93 20 11 12 74 13 20 24 89 28 25 27 51 74 88 31 1 63 46
37 29 34 16 40 88 30 36 74 17 44 86 52 53 7 43 82 99 15 88 99 64 43 35 13 77 87 95 78 29 9 22 79 100 67 36 36 16 23 87 24 26 12 26 12 49 50 4 41 57
95 21 79 69 74 28 2 14 92 9 87 40 58 48 94 22 28 6 72 64 3 9 48 11 76 93 9 26 55 97 56 32 20 52 39 100 73 48 47 24 64 66 66 98 93 19 85 31 87 71
57 36 25 80 97 78 91 92 23 16 32 48 46 3 84 97 1 2 12 32 61 57 25 17 65 84 70 48 20 81 9 4 38 11 17 37 22 17 69 92 78 47 20 100 22 25 22 66 90 66
73 52 34 32 9 23 85 3 64 99 83 48 88 32 38 93 65 2 1 12 19 9 89 96 12 47 82 38 5 20 70 98 35 54 59 4 91 50 6 30 38 29 58 93 70 13 26 45 17 7
23 50 72 51 76 90 95 63 62 31 32 97 58 19 85 63 3 91 93 39 32 84 45 90 16 30 10 35 94 63 93 2 56 76 59 34 58 46 14 12 65 60 28 63 84 8 31 69 18 94
35 46 76 73 88 98 20 1 10 75 32 49 4 4 81 38 69 29 86 98 38 74 86 19 79 65 13 90 74 76 10 18 50 57 45 95 94 76 75 33 52 44 43 51 100 98 36 26 99 31
72 43 76 40 42 23 74 94 71 81 62 96 86 71 74 64 43 15 4 53 16 7 70 86 99 75 28 85 78 25 48 11 100 52 46 75 99 80 5 45 70 68 18 10 62 25 88 9 10 68
82 43 33 63 69 25 70 30 52 7 92 57 25 76 48 84 96 9 4 81 27 83 47 68 42 69 51 78 47 5 93 94 49 49 54 14 5 27 54 16 67 9 99 21 23 59 95 77 37 80
55 22 49 22 13 98 71 59 80 22 13 31 94 44 28 52 46 64 89 91 1 93 86 46 62 63 1 58 55 21 17 2 76 27 4 78 35 50 6 26 62 20 100 57 81 57 46 47 91 79
61 41 20 60 25 65 57 59 28 39 8 88 83 83 7 63 87 92 78 22 84 20 33 73 30 71 47 51 52 27 4 12 32 67 55 37 5 81 55 60 88 20 37 79 66 75 24 29 75 94
84 60 41 77 97 91 51 63 95 55 83 85 75 58 87 87 85 68 92 90 2 57 24 18 58 16 23 2 54 88 23 5 18 33 20 60 44 61 46 49 37 87 4 61 34 20 46 4 30 4
6 60 82 95 97 22 30 94 5 5 64 92 27 100 77 9 75 65 45 27 16 30 15 62 51 61 97 64 43 44 75 28 37 10 93 2 8 44 9 96 72 27 82 30 97 88 11 31 29 71
34 98 45 27 32 33 80 30 72 61 50 17 1 39 99 2 85 47 53 83 52 21 54 13 44 100 32 23 45 16 67 96 5 51 26 52 29 5 60 32 47 27 32 62 56 12 2 9 88 76
35 9 100 27 34 55 86 65 62 48 42 4 88 37 39 39 29 21 15 7 75 24 30 94 36 16 34 19 34 65 79 21 73 80 92 44 24 31 53 20 4 19 41 20 75 24 95 59 22 84
6 88 63 12 63 75 28 24 17 51 87 77 24 16 4 85 43 10 94 10 62 17 70 35 75 35 89 6 92 4 76 19 63 10 48 40 59 55 96 16 8 8 95 97 14 8 30 13 15 3
69 12 90 74 23 87 91 60 4 93 59 64 89 28 13 19 15 63 35 97 86 84 53 63 31 6 39 48 95 34 33 87 11 77 79 24 1 81 1 30 87 43 32 47 28 44 1 22 6 69
54 24 11 92 27 1 67 14 21 50 99 64 20 37 25 68 48 24 23 39 41 68 33 82 73 68 34 11 25 80 58 43 89 10 64 11 83 93 4 9 57 82 61 45 11 34 12 24 59 96
65 41 27 19 60 60 73 19 28 20 66 43 43 49 69 65 91 80 11 78 100 89 56 68 16 96 25 16 80 22 25 5 73 49 42 57 79 92 43 18 62 56 7 32 24 83 58 4 10 77
37 39 37 21 27 42 2 49 41 13 11 90 24 54 61 46 50 85 15 36 74 79 2 76 77 93 18 89 81 11 92 72 91 1 6 95 36 9 77 80 52 11 67 66 84 89 87 94 73 30
75 79 78 16 63 86 60 90 4 78 32 18 51 35 50 94 83 74 74 68 56 95 56 59 37 6 21 58 76 97 44 84 83 69 99 26 61 35 48 91 16 32 27 84 96 32 57 38 31 32
26 52 41 32 48 35 14 58 54 89 37 90 19 36 12 100 8 68 48 94 67 72 91 86 85 48 8 71 3 67 98 45 22 97 10 54 94 56 49 14 44 47 54 31 75 76 65 19 51 24
33 23 10 100 23 8 55 87 92 62 62 72 22 15 87 60 46 6 76 98 21 94 63 35 100 82 54 87 61 15 97 68 72 25 54 91 43 17 19 85 29 45 64 19 48 98 33 7 71 88
96 10 38 50 16 1 67 28 92 33 70 96 60 67 6 71 64 27 96 12 8 7 22 15 64 16 22 34 18 3 24 40 16 76 1 96 59 19 36 33 65 91 1 26 81 61 64 22 22 38
43 64 100 99 27 99 52 80 31 59 66 49 90 17 94 56 40 36 92 31 94 85 99 5 11 73 94 3 15 36 30 22 69 20 33 82 45 9 69 11 93 94 30 37 22 44 27 23 52 88
56 40 12 86 69 2 63 29 2 33 98 18 25 76 94 51 38 74 19 44 71 31 88 76 94 69 13 70 98 42 94 42 51 22 24 81 26 5 81 75 10 94 60 63 31 37 56 61 13 2
74 34 59 44 65 24 11 88 98 95 68 73 42 90 22 7 48 54 7 36 55 100 27 8 40 26 55 22 32 24 29 63 19 87 50 30 68 82 24 92 6 73 98 16 79 63 35 28 52 45
88 21 94 80 68 54 34 21 56 97 76 67 32 63 28 21 9 32 58 64 8 70 81 83 78 73 4 62 51 95 98 28 80 33 15 74 94 88 91 37 70 87 57 26 30 90 55 86 56 41
13 20 52 84 79 25 31 28 72 9 19 96 86 6 2 6 45 100 23 82 77 18 37 52 50 91 33 89 59 53 16 21 27 100 30 38 31 59 90 22 67 27 22 46 12 86 98 32 76 11
69 96 27 16 57 96 34 44 34 67 87 70 15 38 96 13 20 58 85 85 53 93 98 57 27 72 87 1 42 83 47 8 17 27 22 59 45 79 12 14 72 75 31 80 95 7 24 77 2 79
35 23 16 52 99 59 36 54 56 20 60 56 72 44 95 88 49 9 87 29 32 80 43 24 84 32 65 95 81 20 12 28 89 65 38 99 21 92 35 52 20 28 51 67 62 74 90 77 7 39
84 41 22 25 49 29 28 24 63 86 78 83 74 56 50 3 51 80 97 35 61 10 35 37 52 36 96 21 100 93 59 57 47 57 43 26 93 20 87 71 29 9 1 8 87 8 13 23 85 37
78 20 97 13 72 92 83 24 75 29 95 16 82 95 75 93 50 11 21 76 81 56 11 88 83 85 71 23 32 43 39 83 89 98 57 94 58 83 10 46 25 6 10 22 79 85 48 16 98 19
84 23 73 38 86 59 2 85 30 82 69 21 34 67 52 61 71 81 20 61 81 83 55 72 42 42 64 15 52 54 42 26 63 98 92 25 32 2 66 17 21 58 41 35 91 60 89 57 30 82
58 13 86 55 46 64 4 29 38 53 85 65 70 21 83 26 47 97 18 53 99 72 10 88 68 98 71 22 74 61 39 63 55 9 27 52 59 2 54 100 26 67 52 68 28 29 30 98 24 36
12 44 26 23 89 52 74 70 65 80 1 51 50 72 19 20 1 100 62 93 8 33 92 36 5 59 62 78 32 43 23 81 20 82 22 12 92 70 20 61 89 50 35 64 37 99 99 94 3 66
93 4 35 57 66 15 56 3 10 32 50 72 27 99 95 75 97 2 14 59 94 38 78 1 65 1 68 56 75 94 90 30 69 11 42 2 71 7 92 14 46 38 99 29 69 23 1 52 63 77
81 66 31 48 3 90 49 62 50 58 99 84 34 97 21 16 73 99 60 46 9 47 71 75 95 80 62 6 71 18 47 8 37 2 74 55 17 16 75 53 52 97 69 4 31 75 98 44 53 51
54 72 50 81 46 31 27 99 47 58 19 41 26 75 97 53 24 96 51 51 3 60 98 48 82 91 58 3 63 73 77 81 44 12 26 96 10 66 4 88 86 75 74 22 35 41 63 65 42 26
3 73 14 51 63 64 80 38 59 48 46 100 79 79 11 52 38 64 64 56 56 60 14 81 42 23 1 31 23 9 14 22 28 6 60 40 48 40 100 30 78 11 11 79 49 96 100 21 77 82
44 23 32 71 87 2 61 21 49 30 71 66 83 39 9 53 74 31 28 7 23 66 53 59 9 24 62 58 22 96 3 22 29 40 84 40 30 98 52 70 15 19 51 73 80 12 85 8 98 90
19 93 48 50 97 89 24 19 14 46 26 83 12 27 50 76 54 41 18 8 63 71 64 14 29 89 1 30 28 54 13 81 34 29 57 24 7 80 95 86 45 62 19 98 100 2 85 64 100 86
80 70 17 69 79 11 82 64 94 42 85 78 16 45 63 30 8 30 62 99 74 18 81 37 55 95 8 48 64 69 83 49 63 90 8 34 81 6 72 2 66 9 64 54 74 61 52 92 11 29
9 25 72 2 55 84 33 80 85 82 43 66 46 46 18 15 59 59 77 64 87 84 61 48 98 27 2 23 98 26 51 66 87 34 43 1 22 17 89 38 73 54 16 21 63 31 82 47 43 34
66 48 28 7 79 34 27 37 59 36 56 19 55 2 37 88 58 51 74 36 79 9 64 98 12 90 23 7 75 83 44 2 6 73 85 40 84 23 21 65 21 63 29 1 61 86 67 81 53 46
33 63 67 14 48 73 8 49 4 3 96 90 53 49 85 73 89 48 13 94 95 69 74 89 52 84 57 23 72 20 23 77 17 32 7 64 9 64 8 17 70 3 5 38 46 68 44 86 88 50
20 19 56 53 67 10 40 73 80 84 36 51 48 89 61 58 73 99 56 28 62 81 19 84 76 52 42 24 45 31 81 23 28 30 89 66 50 45 10 37 6 2 1 28 60 98 56 29 83 6
39 100 41 24 10 23 40 17 71 48 72 22 84 28 71 100 35 37 64 7 30 65 18 41 2 91 9 43 3 60 78 48 2 68 13 9 61 78 80 14 35 9 36 99 47 68 26 95 28 78
3 76 92 47 32 82 73 96 4 43 76 43 3 88 94 67 45 74 71 60 38 22 74 60 99 16 65 56 82 22 8 63 43 53 27 57 46 76 99 97 97 52 86 92 24 33 90 9 69 33
88 42 14 30 54 47 12 47 32 44 82 55 49 35 89 67 40 95 8 57 93 81 71 82 27 20 91 7 88 91 77 80 87 26 44 31 80 6 78 6 70 65 29 55 67 88 82 19 1 99
52 72 52 18 50 76 95 89 42 74 94 3 61 61 2 11 84 65 91 69 32 99 94 3 49 43 90 53 38 4 43 64 39 57 65 30 57 39 37 96 23 96 82 66 94 96 60 45 74 26
2 75 34 23 19 77 22 30 14 38 45 64 83 88 28 32 46 93 40 22 8 97 51 75 39 7 10 29 90 30 33 6 27 71 41 95 19 25 18 78 80 29 72 7 16 18 30 11 27 88
80 33 46 20 52 92 32 17 94 42 33 50 87 77 33 37 30 1 42 51 91 53 56 18 56 74 41 9 78 85 53 27 45 34 85 29 87 44 91 22 64 57 24 45 73 41 46 74 13 3
98 39 73 36 19 56 8 54 36 64 96 15 8 76 81 65 43 31 65 38 79 95 95 88 82 19 78 18 85 84 64 52 45 99 91 28 77 15 1 43 91 77 36 42 16 4 51 35 99 12
80 30 71 89 69 19 28 72 85 4 14 48 14 95 22 5 66 36 27 10 10 86 88 23 45 23 100 4 4 13 66 81 59 29 34 77 5 31 70 57 7 77 92 59 72 60 79 88 73 60
45 54 7 89 96 86 5 78 39 6 25 18 83 17 45 56 15 95 22 18 76 52 75 59 5 85 28 89 10 41 21 20 45 17 50 7 7 92 39 28 86 6 41 100 95 1 88 99 51 70
34 34 92 76 73 96 21 12 56 61 54 73 73 22 25 89 91 26 43 8 33 57 14 29 93 92 29 96 36 54 84 10 35 48 22 29 64 43 43 84 95 64 74 31 76 37 4 92 46 45
89 7 30 7 40 56 4 51 24 78 43 3 84 98 46 41 32 76 80 25 41 81 93 10 4 29 26 37 63 19 69 72 59 27 80 80 19 37 57 97 87 75 60 32 23 94 46 1 58 98
40 92 23 20 99 90 89 85 53 51 32 31 68 3 70 84 61 79 7 100 60 46 45 87 35 4 23 30 46 18 75 54 2 19 82 14 75 99 55 13 10 94 56 26 51 28 84 99 1 13
87 7 95 15 28 14 55 77 32 72 76 76 42 58 11 1 58 17 98 24 84 32 76 64 76 62 44 17 92 56 62 24 44 5 77 35 20 42 71 50 87 4 50 44 45 98 43 86 3 9
22 87 100 44 9 6 65 56 93 41 71 52 7 44 38 15 12 55 98 13 37 17 54 48 13 18 19 100 96 78 42 99 70 87 18 33 55 93 21 41 55 47 3 78 43 3 42 93 73 26
62 57 18 2 19 7 76 68 45 83 100 57 19 48 57 22 82 95 6 90 33 32 54 93 24 33 20 62 24 40 86 9 72 26 35 3 98 94 45 34 44 87 45 7 62 24 17 18 57 99
95 68 27 80 5 72 66 77 83 37 92 80 16 19 73 49 28 47 63 37 70 70 18 79 85 1 87 60 14 4 39 3 15 82 1 78 18 24 98 78 42 71 76 25 79 66 65 100 91 57
10 64 80 58 24 7 64 42 92 52 9 93 17 25 37 33 51 75 36 77 73 84 6 15 21 69 56 30 61 42 42 2 34 73 29 63 56 22 13 22 85 75 59 16 10 47 37 88 85 100
59 21 69 82 92 54 28 71 18 4 48 32 15 34 29 90 42 50 100 13 40 24 72 18 65 74 43 57 76 88 69 95 36 1 26 97 77 27 71 23 33 7 26 96 88 37 48 6 30 38
50 15 79 95 73 30 64 41 93 90 85 62 11 32 53 92 30 71 49 24 16 72 45 92 12 69 32 62 1 63 85 3 94 27 80 62 67 88 2 46 69 56 60 63 65 25 25 3 1 22
78 4 29 17 96 89 13 30 52 59 35 19 80 49 12 47 55 37 31 76 48 1 53 88 92 3 98 64 66 98 64 22 36 76 38 1 3 40 91 13 66 54 5 88 75 10 97 95 77 85
88 63 55 41 20 52 9 68 66 73 54 25 59 28 96 8 59 12 67 71 23 77 6 6 78 33 66 77 33 73 81 65 72 64 1 47 52 29 57 53 49 93 35 54 6 15 49 34 88 16
20 60 77 68 59 44 35 46 13 78 88 16 3 32 24 93 29 98 32 95 35 58 30 25 30 17 5 13 45 3 40 74 9 33 39 91 3 62 86 39 16 39 27 56 67 14 30 52 2 5
71 61 75 53 56 79 59 87 54 78 15 69 20 10 24 61 59 92 21 25 17 80 89 63 68 7 72 80 17 86 26 76 13 14 85 13 28 9 42 100 38 34 95 75 46 97 84 52 48 58
58 55 27 26 19 83 10 5 94 58 58 11 76 97 44 95 73 57 38 11 87 13 100 43 8 20 41 81 79 96 86 96 22 36 94 77 91 57 52 35 52 73 56 61 30 19 12 74 9 36
1 34 9 27 65 86 100 81 58 70 29 7 46 4 6 9 88 35 54 100 43 56 66 83 74 87 33 97 70 8 11 74 28 85 86 23 36 26 58 49 92 77 89 76 11 54 62 81 84 67
25 41 90 40 44 21 99 64 18 82 73 25 9 76 81 13 69 79 4 43 13 42 7 80 81 62 18 68 88 90 72 33 92 66 9 94 27 22 50 16 100 51 87 15 6 92 47 3 20 42
77 47 52 77 46 93 65 93 52 4 25 80 36 84 41 28 12 52 56 76 31 23 43 70 92 69 60 80 71 98 77 73 4 66 89 89 87 7 99 10 8 98 24 18 53 14 56 72 83 34
65 15 64 5 36 16 25 55 65 64 86 60 36 23 32 91 21 88 37 56 29 87 89 63 48 80 43 3 3 45 4 26 57 92 23 55 48 49 87 89 91 55 5 57 24 90 30 46 18 30
28 27 74 18 50 14 53 74 48 92 79 58 5 30 32 1 89 38 34 1 36 9 99 93 95 48 68 53 72 58 59 47 3 26 76 69 57 70 95 2 79 25 84 28 59 79 23 72 6 96
18 87 55 57 99 3 70 13 11 55 78 77 41 44 96 80 4 17 17 41 90 71 49 72 64 64 60 80 21 49 42 72 73 78 38 52 100 96 55 10 57 42 24 24 67 26 79 97 53 21
68 62 93 53 45 23 22 84 49 78 7 60 47 60 34 80 14 56 65 91 100 98 70 71 27 33 9 10 43 14 20 2 93 18 77 6 32 55 18 95 30 57 45 4 42 54 85 22 41 18
37 83 1 32 83 83 30 94 88 26 60 31 59 3 32 19 84 20 85 31 75 47 11 45 74 75 73 36 42 25 75 34 16 41 4 21 88 14 77 58 65 33 41 88 26 82 8 74 26 94
89 60 13 61 11 35 4 100 99 20 56 65 18 77 74 53 48 100 78 88 20 56 77 65 2 81 80 82 71 77 16 94 18 11 9 42 57 2 8 42 2 55 77 49 49 2 38 6 71 63
19 4 5 80 71 83 17 75 17 26 87 7 59 53 67 32 18 78 18 79 12 78 12 45 90 68 83 50 10 58 73 13 73 55 92 86 27 55 41 82 80 42 97 43 11 77 5 23 82 90
58 82 39 62 20 94 92 41 57 31 18 11 48 72 93 76 74 56 75 48 9 1 28 31 55 55 82 21 40 98 18 96 86 37 61 52 80 5 41 25 34 10 28 30 94 9 60 58 61 92
60 6 25 17 71 84 63 88 69 48 16 90 81 45 31 45 97 39 11 63 93 28 81 2 29 72 86 74 23 9 16 100 36 74 86 84 46 69 43 71 33 35 32 91 74 47 41 50 72 4
85 69 90 48 3 28 1 46 62 76 49 82 47 41 29 55 84 100 33 53 41 97 13 24 73 67 56 69 60 76 94 10 43 99 15 19 8 21 75 51 86 63 25 86 57 92 43 40 3 2
19 36 40 73 3 63 62 10 6 67 89 48 13 68 41 52 1 30 69 69 90 74 18 83 25 80 36 67 24 37 51 18 35 11 3 4 53 99 38 32 93 8 54 93 80 40 91 46 46 98
24 59 77 5 44 42 32 79 30 9 57 22 59 89 1 34 5 11 76 47 36 26 65 27 66 22 57 35 23 97 37 14 43 86 59 37 39 25 49 74 90 47 24 30 57 44 34 31 40 69
72 27 67 56 64 24 35 78 83 77 79 13 76 87 9 83 39 52 18 3 7 45 42 66 5 83 99 94 1 94 73 83 31 97 55 72 25 90 75 89 10 57 93 47 10 34 15 22 95 22
3 52 1 83 91 24 48 87 14 35 27 59 22 14 41 51 57 60 70 59 64 45 91 91 13 46 44 93 44 91 30 44 56 83 72 62 99 3 82 84 55 32 17 27 50 81 75 26 10 91
27 64 11 15 1 38 17 100 46 97 10 88 2 76 1 77 33 88 90 48 83 6 96 34 46 68 50 4 83 90 25 63 34 40 11 70 4 100 62 11 77 18 82 66 23 61 54 41 63 55
19 93 62 57 50 48 37 30 11 21 28 12 7 92 51 4 21 69 32 28 47 9 49 12 14 13 5 37 68 65 21 46 26 3 68 86 86 75 80 40 35 21 78 6 62 29 26 8 18 66
87 66 83 87 92 24 90 82 16 2 6 18 41 14 67 95 17 69 34 82 100 95 74 7 14 31 73 44 62 65 59 54 1 9 99 58 98 18 61 96 78 23 4 59 88 26 10 58 43 7
22 61 68 15 76 54 68 36 80 64 24 54 80 87 100 8 5 23 93 2 53 68 73 79 25 79 54 6 88 17 94 16 32 30 82 36 45 20 33 70 88 98 75 66 57 38 72 21 86 26
98 66 15 78 70 47 9 64 6 84 67 20 12 57 29 78 47 25 68 55 71 53 100 49 16 62 53 24 24 25 62 40 29 74 74 100 97 41 27 89 21 86 92 54 17 44 74 40 54 17
88 60 34 21 29 1 45 53 18 40 62 98 77 12 98 2 59 90 91 54 50 24 26 49 55 33 19 88 69 35 35 37 9 99 19 24 94 28 28 37 28 76 88 8 32 69 90 46 48 88
22 61 88 94 67 3 53 98 100 42 84 90 22 77 61 10 100 96 24 100 17 25 26 90 61 43 1 92 69 60 42 71 66 60 70 2 51 53 98 75 58 4 15 57 10 89 43 41 36 77
67 12 2 35 45 30 23 50 32 34 17 64 25 87 30 89 25 17 99 87 65 50 6 24 77 44 24 90 77 50 35 63 49 78 47 61 55 48 67 57 31 99 29 47 65 46 56 70 30 60
61 60 99 2 45 36 52 38 55 26 94 4 57 73 9 34 21 69 3 15 36 19 15 26 43 31 91 88 24 72 82 97 33 42 87 53 50 84 64 50 10 15 69 19 79 65 92 13 95 32
53 58 25 59 13 82 46 30 37 46 81 90 47 94 1 54 84 6 6 83 96 33 50 59 86 89 18 35 59 24 98 9 82 26 60 23 23 48 51 20 68 6 5 2 88 9 91 70 40 2
7 2 40 79 14 11 74 86 67 76 39 77 48 72 60 57 54 28 36 69 39 20 88 13 15 63 25 11 27 95 11 97 34 86 70 24 9 51 45 50 13 87 45 16 90 59 20 29 77 58
99 48 73 77 48 30 2 18 34 60 99 20 9 9 11 50 91 38 90 91 44 32 93 1 83 14 86 21 39 32 4 1 63 29 8 36 1 70 1 31 14 76 94 45 32 87 66 45 54 39
19 51 49 22 18 78 49 48 90 68 71 17 93 82 79 30 15 57 43 59 46 51 33 51 57 88 7 24 94 31 4 86 29 8 60 78 23 94 18 79 7 55 76 26 71 77 65 72 60 41
75 82 25 37 48 95 78 25 45 16 36 54 75 15 59 12 6 52 99 36 37 90 3 74 66 57 50 14 44 32 49 98 94 8 37 8 26 80 61 71 19 84 73 96 99 92 30 66 50 78
31 7 6 44 15 19 7 16 96 23 40 54 78 95 55 39 79 99 60 64 31 43 22 65 85 21 81 91 23 31 21 58 58 81 8 43 1 40 49 60 85 58 44 27 68 52 49 81 63 20
88 32 23 69 6 18 64 30 72 77 63 30 41 7 49 12 36 33 77 28 67 64 21 53 62 38 46 34 59 78 13 10 61 56 35 75 9 41 56 80 47 20 74 51 22 11 28 11 31 89
56 71 59 6 99 28 91 13 79 24 27 20 7 66 30 50 89 67 12 68 10 89 77 66 42 32 21 48 98 9 12 17 16 80 42 68 94 45 19 40 39 5 64 66 17 92 47 56 66 36
77 45 94 69 52 85 79 51 27 17 38 70 43 20 28 65 70 11 100 39 94 51 11 87 13 48 34 46 2 75 53 38 89 61 40 89 23 6 40 8 74 79 69 6 94 92 5 79 25 31
71 93 92 18 15 81 9 17 88 25 2 74 19 35 24 98 70 65 11 35 97 14 9 58 41 32 26 87 33 24 19 48 36 78 79 52 11 22 76 61 63 69 99 9 88 12 29 95 20 17
93 42 85 69 77 3 97 29 71 96 25 86 81 83 30 54 26 95 62 65 37 85 88 63 72 38 80 20 77 94 65 19 56 79 21 97 10 100 19 44 38 42 98 17 24 87 76 100 39 48
48 16 61 3 74 15 29 33 20 37 68 87 53 57 48 30 77 79 75 14 58 93 2 7 38 28 7 72 65 23 81 75 23 43 75 70 36 90 82 20 43 99 55 19 30 67 76 36 93 5
75 14 88 79 85 35 68 94 58 55 66 12 31 45 73 12 69 82 21 23 65 75 96 65 10 53 38 93 92 85 58 30 21 69 55 44 41 87 72 9 47 68 6 94 54 79 68 5 96 66
75 48 29 78 52 84 3 26 73 1 40 33 73 87 54 76 58 45 11 55 17 50 90 67 25 83 42 88 63 7 94 87 94 27 17 39 70 55 87 91 96 64 96 8 61 50 13 40 72 60
86 14 7 26 36 19 11 26 76 76 4 13 17 8 6 64 29 13 33 38 48 95 22 23 59 23 44 44 22 71 17 45 77 87 68 37 21 78 21 23 76 13 20 70 19 78 87 62 45 87
32 80 19 29 70 37 17 42 93 62 68 66 82 35 58 14 52 5 63 100 49 28 5 85 11 18 100 59 15 74 44 72 32 49 7 31 43 36 91 24 20 64 38 3 77 22 10 24 60 27
86 43 18 92 100 37 26 57 88 63 67 92 52 26 5 17 56 58 59 82 64 27 38 96 73 98 28 77 34 12 63 57 69 51 91 41 66 73 91 82 23 38 37 46 31 67 84 75 29 42
89 8 90 82 25 42 15 27 20 61 47 69 23 3 57 4 85 82 91 5 27 10 3 39 54 86 98 65 61 85 98 88 42 45 69 38 3 97 45 90 4 39 55 42 19 62 28 68 32 42
67 27 45 83 73 23 22 46 85 60 52 88 65 66 85 53 76 9 10 92 14 86 97 10 84 96 25 30 24 66 38 20 61 36 48 41 84 40 59 32 14 5 3 21 25 97 81 50 12 42
61 24 14 49 84 25 28 84 34 91 47 50 20 17 51 84 73 48 27 16 85 55 6 22 85 61 87 65 16 50 9 27 70 21 5 79 43 2 13 99 15 96 2 89 34 86 46 58 97 71
65 22 48 37 97 46 94 35 42 76 34 80 77 19 83 39 41 52 65 68 10 30 96 72 19 88 10 69 87 74 40 50 43 16 88 51 68 97 60 90 41 85 61 5 84 20 94 12 94 79
37 33 97 33 21 90 16 59 15 50 81 62 95 53 9 24 45 11 10 94 83 42 70 28 51 71 60 66 36 73 19 83 52 99 73 28 39 93 45 90 83 94 63 78 88 93 17 6 64 70
46 13 95 51 81 59 28 78 49 99 26 13 70 60 56 75 65 6 90 43 98 29 14 98 53 90 4 27 83 32 76 26 94 51 39 83 90 74 1 30 97 25 50 55 52 98 72 12 52 35
4 90 78 54 43 23 63 67 42 71 16 77 76 32 32 66 67 45 92 86 23 12 75 9 58 12 86 66 69 29 42 59 90 7 50 66 3 22 56 15 90 21 7 71 65 67 82 61 49 52
2 5 9 53 47 74 3 56 1 45 69 14 56 39 93 47 28 14 52 81 60 60 88 1 57 40 80 89 90 96 54 5 48 32 51 83 61 28 12 19 35 77 98 90 59 52 56 25 56 99
89 51 69 87 4 24 10 23 67 41 12 74 82 20 19 72 93 53 53 85 11 81 34 31 48 72 45 71 89 94 75 13 60 88 94 18 89 75 14 61 73 72 62 28 79 92 36 83 73 66
15 46 68 73 14 66 39 46 85 4 29 84 49 11 30 49 88 92 88 45 60 21 29 12 38 27 38 73 44 96 99 38 45 17 56 1 87 17 29 8 79 92 97 13 85 99 80 34 83 94
47 96 54 42 25 9 6 67 76 53 68 30 9 73 11 62 90 98 10 41 10 91 93 43 51 71 91 20 84 9 5 29 21 43 7 68 2 8 51 25 100 27 23 58 15 84 26 46 48 81
94 100 68 57 5 72 34 55 77 67 86 76 89 23 57 2 42 6 33 99 69 24 3 63 2 11 42 59 13 100 71 68 31 95 98 45 99 39 77 5 84 63 62 37 49 39 36 94 75 21
14 32 40 80 85 5 54 73 51 70 61 73 82 95 26 17 83 11 11 3 20 60 77 68 34 53 89 38 24 87 22 51 39 100 79 55 9 63 42 39 57 50 12 62 12 57 3 89 7 32
18 75 33 95 79 70 100 53 48 43 8 82 93 84 69 28 92 89 36 82 77 69 17 89 96 19 4 51 93 65 80 72 55 14 54 11 19 33 74 72 39 99 59 27 88 13 81 94 81 61
80 21 18 26 7 44 15 81 92 37 68 23 24 52 1 36 48 58 9 49 19 33 90 67 71 44 39 85 3 18 11 83 18 41 96 75 79 62 18 18 40 35 41 54 79 63 77 33 26 82
83 44 44 4 71 43 28 16 35 40 39 57 6 80 53 5 31 28 7 30 27 92 9 20 59 27 71 25 52 28 75 49 69 42 38 71 59 6 66 21 64 28 67 2 100 99 93 72 47 44
52 84 48 7 24 2 74 6 88 86 92 62 74 20 42 60 53 10 12 2 5 9 84 84 58 75 97 11 36 64 10 34 85 19 68 80 8 95 7 33 24 43 40 94 32 37 91 98 79 3
58 26 2 59 66 45 30 7 81 53 73 66 21 51 68 38 41 88 2 74 40 36 73 63 14 73 33 57 44 32 60 35 18 82 52 45 12 96 18 32 11 38 31 87 57 79 45 17 100 80
41 53 49 72 77 36 53 97 29 40 88 8 30 58 70 9 24 57 30 40 67 3 97 14 62 37 19 83 31 77 6 21 63 92 31 23 85 33 80 81 72 51 76 73 82 13 93 54 48 34
56 58 73 15 100 89 88 29 16 22 68 67 69 34 82 29 85 75 13 33 3 63 94 98 29 55 1 95 3 15 40 73 80 10 19 15 54 55 43 52 50 54 41 23 39 45 49 64 82 33
97 65 29 88 9 8 61 7 6 46 77 68 76 62 51 59 61 78 49 28 53 82 44 56 26 77 48 78 11 50 58 54 51 26 53 38 38 9 4 81 34 43 15 67 81 63 89 41 12 92
99 77 67 70 84 14 11 86 77 2 49 92 15 73 25 32 28 39 45 45 27 51 18 91 100 68 75 37 100 6 86 63 44 99 95 79 13 35 17 16 4 5 95 73 28 65 40 5 83 89
62 16 5 42 76 73 15 92 74 59 14 91 20 35 8 78 55 81 80 30 29 51 23 38 50 94 36 27 35 28 54 83 33 76 66 41 65 64 7 6 89 65 84 15 67 100 47 49 79 92
6 97 77 75 1 48 95 38 12 61 81 85 21 5 97 64 46 78 45 84 65 93 47 56 3 7 81 24 1 43 9 23 44 12 92 87 79 27 41 64 58 88 39 66 9 86 76 38 89 82
12 12 50 3 88 90 93 30 68 50 99 20 15 15 38 18 14 84 21 32 25 20 11 18 83 53 59 94 75 13 28 27 39 25 29 91 46 91 62 39 95 15 99 73 33 73 3 55 87 61
74 41 91 13 74 31 34 10 18 37 79 84 22 51 80 52 6 40 60 8 27 61 48 43 57 91 36 11 29 10 31 98 50 39 46 84 70 84 73 16 13 86 85 89 83 3 94 72 90 87
36 47 34 17 73 5 7 61 7 87 53 95 2 77 28 5 100 12 62 40 81 79 16 16 97 93 83 2 12 34 42 85 68 98 92 15 100 96 61 45 2 33 83 82 41 82 66 92 4 32
9 12 73 91 71 28 24 93 28 97 74 5 6 81 82 97 31 66 50 22 2 21 5 79 35 69 100 76 23 29 60 17 81 14 78 65 62 96 28 42 100 55 21 43 92 38 80 99 62 100
59 39 77 2 84 22 60 26 84 27 95 11 79 22 2 92 65 14 53 78 48 99 69 53 29 25 79 97 79 61 84 56 71 65 67 30 39 70 78 70 24 63 11 82 50 90 90 62 94 92
65 5 73 78 23 46 65 18 67 18 28 9 89 80 84 41 41 98 39 71 54 14 39 82 64 71 65 51 53 3 94 59 57 23 98 58 54 56 8 63 18 70 10 59 86 24 36 53 57 50
69 85 2 6 18 9 52 38 100 58 93 83 47 90 50 27 93 90 94 39 66 27 32 83 60 59 37 89 98 5 40 95 76 15 89 41 88 53 69 61 6 76 82 89 32 15 99 50 3 35
3 97 77 93 57 36 88 68 66 14 49 80 75 54 37 39 13 98 6 20 15 34 11 8 67 42 59 26 65 16 80 64 43 80 44 31 55 76 92 2 17 5 34 87 48 24 1 45 16 22
5 60 77 89 62 4 98 88 77 62 20 95 16 42 3 58 35 87 58 92 32 38 73 54 48 81 4 70 51 1 35 50 20 41 98 49 46 63 15 93 5 21 88 66 19 30 27 93 66 49
66 70 100 71 97 39 78 63 41 48 13 62 70 74 77 67 69 70 66 22 22 5 40 99 64 55 93 49 13 73 18 39 94 82 86 29 89 15 81 59 16 52 45 44 46 71 44 42 46 29
39 31 77 49 78 57 71 26 1 33 93 79 70 63 48 99 76 94 68 67 68 40 67 32 90 27 94 85 5 88 74 14 41 36 3 66 33 56 30 83 32 85 76 80 34 61 18 100 47 92
86 76 30 36 17 83 83 80 68 98 68 78 62 29 6 18 88 41 40 13 8 43 76 6 2 36 57 81 93 14 15 37 78 8 62 74 27 49 45 40 6 20 24 62 83 68 64 55 33 13
16 89 12 89 3 40 48 59 56 73 37 33 12 3 71 16 60 1 76 66 75 20 27 4 68 71 78 57 76 56 76 28 71 74 99 58 49 39 41 15 14 59 94 14 95 33 6 83 35 34
99 22 57 75 95 91 53 40 29 14 13 22 81 58 55 47 54 65 89 85 23 39 34 32 22 72 38 26 91 30 34 11 50 42 50 33 47 58 7 43 62 69 94 90 2 53 61 57 41 72
87 79 5 56 50 57 30 63 46 16 77 35 69 25 68 15 79 66 8 87 100 90 100 76 18 78 57 93 1 20 34 19 21 2 2 82 81 41 74 75 98 96 100 33 81 81 2 19 3 31
77 58 87 69 63 88 22 32 48 28 39 25 8 93 15 64 61 34 30 65 36 96 98 87 52 71 29 49 49 91 74 61 68 64 59 27 83 58 46 79 27 82 20 85 2 52 48 64 46 31
85 49 89 70 95 57 85 49 11 36 78 86 65 52 66 3 13 84 69 2 50 56 41 60 57 12 8 62 14 55 95 34 74 98 84 35 31 70 16 92 47 36 34 87 33 40 69 25 68 26
35 70 66 61 77 1 81 90 74 85 36 78 77 51 97 18 100 27 14 78 58 14 26 32 60 31 11 37 83 9 63 79 76 26 27 75 66 31 8 28 9 73 74 35 37 28 82 50 71 65
5 52 23 96 24 71 77 57 43 4 40 87 74 58 5 80 40 47 27 42 25 60 48 69 98 32 24 27 77 64 46 39 50 17 6 32 1 51 52 56 100 79 85 53 100 24 7 25 60 76
71 62 55 19 81 31 51 30 50 100 34 38 96 13 71 12 55 32 92 32 7 100 21 41 77 10 76 85 86 67 8 32 89 40 29 43 33 35 19 17 82 7 94 80 56 36 79 19 29 38
25 66 12 30 77 28 28 74 52 24 66 20 51 47 99 32 13 40 56 97 49 43 2 40 80 98 28 68 28 11 93 94 48 67 96 3 36 73 91 75 68 34 19 48 80 32 27 47 77 70
11 29 5 98 77 87 9 22 71 82 34 63 44 31 74 74 43 39 38 92 98 52 59 64 61 60 33 23 36 12 69 24 20 58 68 97 18 98 12 48 73 10 12 55 75 45 10 39 82 44
27 84 88 9 14 99 13 38 77 42 93 76 96 97 65 68 91 11 83 88 66 99 96 70 58 8 59 76 79 95 20 64 22 55 28 17 42 24 89 65 38 79 85 68 97 13 86 81 91 60
46 37 47 54 52 65 11 37 100 73 34 35 44 70 66 13 86 64 49 84 87 91 42 24 19 99 64 45 96 88 91 32 11 55 47 93 42 32 97 98 72 57 99 96 49 16 90 5 31 97
29 95 79 28 39 95 5 68 17 29 63 40 78 63 9 10 9 50 78 58 86 91 55 21 75 21 39 74 76 41 74 78 14 63 20 90 3 20 75 14 85 52 91 3 15 71 68 34 53 25
39 30 80 44 98 73 98 84 83 31 91 27 61 99 73 21 1 97 78 19 21 20 4 77 28 70 40 67 83 18 55 15 43 64 77 90 95 27 59 91 74 90 22 7 91 25 63 80 6 91
44 24 52 45 62 66 63 49 9 87 64 70 87 79 21 25 100 97 65 95 34 50 97 22 34 15 31 41 50 28 26 49 96 77 61 83 22 25 65 84 34 84 83 88 97 54 77 56 28 7
6 20 84 59 59 55 6 97 90 70 17 18 48 86 21 5 51 35 73 18 65 41 51 93 14 20 38 92 88 91 40 44 84 90 65 73 2 47 18 48 8 44 67 98 84 64 33 79 61 98
32 87 58 42 86 44 86 2 8 54 64 90 32 55 100 36 65 70 100 42 9 68 11 87 69 72 20 84 46 21 88 60 17 8 44 60 71 72 62 46 37 20 75 94 1 48 99 66 83 4
71 27 73 70 30 39 33 13 70 75 89 52 46 25 16 80 24 24 58 84 69 63 77 65 3 28 1 25 48 25 77 85 40 69 5 55 90 6 36 28 47 6 65 3 38 40 33 29 99 66
42 15 13 45 43 57 7 34 8 27 83 12 22 47 16 71 51 93 84 93 14 90 52 74 11 44 64 90 33 13 76 22 75 99 30 74 83 55 47 91 96 85 93 16 68 7 59 55 64 22
37 55 74 19 38 35 60 39 68 70 74 45 26 14 8 5 84 19 40 19 72 70 86 10 16 31 13 89 54 98 59 29 54 60 68 46 5 47 94 14 47 52 51 92 31 78 19 28 18 83
48 9 49 70 23 88 59 13 41 61 55 37 3 48 100 54 66 32 8 79 64 100 27 46 45 11 59 29 67 51 83 41 64 27 62 65 31 79 17 7 88 29 29 15 66 55 65 85 54 18
55 84 35 3 100 53 76 64 50 80 24 24 7 96 23 69 34 40 84 76 15 10 87 66 91 31 89 48 62 64 86 16 99 95 11 49 78 75 75 39 30 85 66 84 94 7 70 39 87 24
90 67 32 20 47 100 41 23 47 40 100 18 39 49 28 10 18 56 98 96 66 82 44 26 60 62 48 37 93 40 41 90 54 21 25 36 19 94 79 37 55 38 29 17 51 37 3 99 18 18
90 60 26 100 66 55 14 67 48 29 40 55 14 21 87 15 20 21 30 1 90 51 96 47 22 59 9 7 7 9 40 71 33 24 90 51 79 17 31 20 74 48 35 46 25 73 46 11 61 59
16 39 76 77 94 82 28 100 96 81 2 69 41 71 84 59 57 54 32 40 76 5 96 76 1 18 94 41 1 89 6 69 77 39 98 53 31 35 11 80 68 67 6 25 47 89 33 90 80 62
70 38 38 34 36 95 88 76 96 41 86 72 4 81 70 4 18 83 5 78 72 84 25 10 49 86 84 44 14 53 72 88 82 7 29 48 59 4 32 5 6 72 81 7 28 91 5 8 68 24
42 86 59 6 38 67 77 68 4 78 86 80 76 27 83 53 83 96 19 34 82 93 50 32 96 44 89 7 39 11 52 4 71 85 33 86 17 39 71 82 92 28 91 67 36 83 27 35 34 95
39 82 20 12 46 7 73 81 91 21 72 98 50 37 12 19 87 37 32 39 5 87 90 41 15 90 85 76 8 29 96 51 48 52 49 19 54 70 59 36 9 79 37 98 45 42 86 5 91 95
51 83 62 38 59 10 39 34 57 1 92 61 100 72 15 76 16 50 13 41 68 75 64 8 89 48 31 16 80 48 46 75 71 89 17 61 9 100 25 22 4 51 32 90 39 1 56 59 17 55
71 64 60 79 88 92 9 58 71 89 91 38 67 63 71 67 93 51 80 32 43 13 10 65 76 63 48 49 50 51 99 41 89 74 58 20 19 74 4 27 41 78 42 12 66 62 4 89 63 56
35 14 13 20 55 3 60 3 56 93 79 78 97 60 76 3 19 46 35 62 86 74 25 41 43 61 48 62 23 6 19 81 98 65 96 89 33 32 51 50 54 45 8 83 24 89 47 84 71 85
13 18 8 65 27 23 82 4 40 14 52 29 4 30 81 16 33 51 29 37 21 49 48 67 24 55 47 4 13 38 59 58 14 8 61 95 88 58 82 9 66 96 65 55 53 58 30 45 13 96
88 66 91 60 13 57 72 31 51 61 96 32 90 31 5 87 96 52 65 17 58 51 42 86 68 35 88 71 10 23 20 21 73 76 68 4 50 23 99 2 64 7 20 80 97 64 91 93 15 79
81 62 47 100 96 41 42 67 98 85 89 5 97 69 49 53 56 41 87 98 14 77 91 77 98 45 28 54 57 73 85 45 26 10 48 35 19 50 39 39 13 44 63 6 18 87 3 15 67 25
