25
4
25 47 44 55 24 58 80 87 66 86 94 52 72 93 47 2 7 61 31 28 55 75 99 10 1
31 64 14 50 34 20 89 71 88 32 89 77 32 98 12 27 46 94 28 97 75 58 91 48 89
56 13 63 42 56 85 100 42 84 4 70 84 52 11 64 11 86 63 82 2 16 30 86 82 16
31 59 19 95 27 10 27 51 25 41 100 98 63 93 57 43 90 54 6 49 54 15 88 62 61
19 19 65 14 4 39 16 90 27 5 91 61 43 24 9 68 20 71 4 93 59 87 13 12 41
83 80 84 56 40 16 38 14 62 8 9 40 7 27 51 76 39 31 86 12 91 50 24 77 23
70 83 36 100 32 87 35 86 51 1 78 13 7 13 7 67 87 12 82 68 68 44 55 83 18
8 60 8 26 23 4 89 8 91 31 68 41 19 7 94 1 40 70 72 48 56 97 3 42 81
90 96 26 71 60 63 59 87 100 19 41 16 4 9 11 20 10 33 2 53 4 94 18 60 49
29 85 16 8 78 42 100 35 36 97 63 28 8 16 57 48 72 39 64 15 42 24 81 9 35
56 90 5 60 39 63 40 61 17 55 68 63 51 6 75 78 27 48 95 33 2 79 25 6 51
50 37 41 61 80 19 55 84 77 91 80 100 83 87 61 46 68 35 14 51 71 12 9 76 99
59 45 9 42 44 14 21 95 14 26 47 40 7 16 22 46 97 74 46 34 72 62 66 4 71
89 21 73 19 6 84 15 64 63 94 30 36 72 12 62 39 85 55 36 93 18 87 46 99 70
27 5 30 20 64 84 21 15 48 57 21 30 18 65 39 81 75 76 60 68 82 32 41 63 31
7 48 83 20 77 6 78 88 56 70 16 17 7 47 37 3 84 30 83 24 83 84 99 34 43
32 72 21 35 47 55 90 49 28 4 66 45 80 49 88 22 95 78 76 46 12 29 37 92 43
61 39 79 18 91 26 25 90 49 59 76 55 50 43 32 10 19 2 79 60 22 96 33 29 100
98 86 90 52 59 73 7 37 19 94 53 98 59 33 32 42 5 66 36 52 59 1 25 68 99
78 12 36 54 100 9 60 6 11 76 54 7 6 2 47 76 63 77 49 13 9 34 48 32 44
12 33 28 6 67 14 32 3 16 59 37 97 71 80 98 70 72 28 19 63 98 43 15 42 69
52 50 42 68 45 39 54 86 23 43 76 98 67 9 30 79 19 56 57 32 4 11 47 45 20
41 52 40 80 48 27 41 59 92 3 69 72 31 13 21 25 41 58 82 26 43 36 75 46 39
3 28 49 87 7 22 64 39 6 21 30 91 35 97 78 57 64 9 11 69 76 54 11 83 56
50 20 36 16 25 6 18 61 100 57 11 89 84 46 2 58 19 30 46 72 66 98 19 18 73
53 58 97 41 27 28 8 90 85 26 67 50 66 66 88 59 11 98 97 36 32 55 63 50 80
8 44 44 64 31 60 2 44 54 73 87 42 95 64 17 13 36 100 53 4 20 66 85 29 39
4 91 10 53 33 1 62 67 19 43 63 68 2 72 69 82 31 39 40 65 32 47 35 84 54
21 51 65 38 95 60 86 25 11 47 5 25 5 37 72 39 91 50 90 38 86 13 23 24 62
14 63 91 7 12 63 1 21 77 90 48 25 80 80 82 57 61 14 16 22 21 37 47 65 36
18 29 9 86 65 27 2 5 97 2 60 17 40 13 27 91 35 83 53 16 24 100 15 91 66
1 1 65 36 31 6 24 38 14 1 79 41 41 4 48 4 66 45 9 66 87 93 2 94 63
1 73 46 50 69 2 15 39 87 94 31 100 34 70 87 81 67 54 23 98 63 18 6 36 77
87 32 8 26 100 16 91 32 44 31 54 8 1 69 23 24 3 76 66 95 26 41 84 70 26
3 24 92 8 58 63 8 91 48 30 73 26 86 20 42 20 28 10 75 20 65 76 60 80 84
8 3 1 53 56 35 80 58 25 18 50 6 59 8 86 51 40 37 71 14 79 40 27 86 74
97 61 57 54 57 99 35 29 68 10 16 52 42 45 44 49 97 39 19 16 24 86 100 42 62
45 88 35 21 63 18 6 11 60 54 86 79 13 27 72 33 51 52 33 90 91 30 45 66 50
40 52 76 38 68 53 48 17 12 37 21 62 83 55 1 97 69 62 36 17 44 13 17 73 16
64 6 31 8 76 34 73 98 13 40 74 67 59 60 7 99 25 64 1 61 26 8 63 82 56
13 66 58 56 8 12 59 69 14 59 63 53 61 26 11 2 36 75 50 49 49 100 86 87 90
30 47 32 77 37 19 7 32 6 17 41 18 84 70 52 33 93 97 74 29 61 87 44 31 74
19 87 68 63 10 62 61 48 50 11 52 32 90 75 42 11 32 9 7 60 87 89 79 3 53
19 66 87 88 1 79 52 14 5 69 17 70 33 45 67 51 62 49 77 10 72 84 63 87 54
25 49 39 43 32 28 27 18 6 71 79 16 70 24 94 44 99 66 38 7 93 43 89 17 76
53 100 58 16 45 19 15 87 96 19 38 5 12 20 81 38 63 65 39 41 2 92 46 66 21
58 41 51 92 94 30 6 9 15 48 17 57 8 90 47 84 59 94 72 46 75 85 73 66 27
2 38 32 16 91 86 2 56 3 77 5 10 43 39 83 3 60 36 8 98 50 74 58 77 89
34 4 77 68 18 90 18 81 83 46 52 26 21 40 38 75 23 93 46 85 98 46 42 57 13
15 34 95 67 40 49 11 4 10 88 11 8 14 33 19 42 74 99 13 2 12 57 85 82 29
39 69 9 46 25 50 15 23 82 40 51 89 79 53 15 94 84 45 36 76 23 61 19 96 74
47 22 36 50 68 42 28 5 98 31 74 8 81 97 29 6 21 65 50 35 41 35 38 39 83
92 87 10 18 34 82 46 37 40 68 84 1 10 92 48 3 37 72 82 90 6 14 49 73 96
18 31 88 65 72 48 54 77 85 3 44 31 25 45 52 29 29 39 79 19 57 91 75 76 47
31 75 25 65 66 4 62 36 95 66 31 65 30 14 90 16 90 88 28 61 75 92 51 61 23
62 71 100 90 72 24 92 6 56 89 49 12 28 83 7 41 6 56 7 84 22 95 58 74 91
48 72 39 49 55 87 81 10 96 46 63 82 60 23 31 33 13 32 83 20 86 27 25 51 17
36 5 22 80 1 17 75 6 32 18 90 65 17 76 51 63 2 71 76 42 6 59 65 28 37
2 42 62 2 43 34 100 68 30 52 55 10 78 39 2 24 69 36 19 50 15 70 74 32 85
4 6 24 47 81 81 19 70 51 56 36 10 65 61 62 30 87 37 25 95 11 87 67 3 47
70 86 50 91 11 52 14 16 50 34 71 18 8 99 5 98 91 8 96 94 36 6 62 59 1
85 58 9 66 27 10 13 59 74 82 94 70 20 71 15 40 68 96 27 78 10 74 37 66 5
6 14 11 43 17 46 94 81 3 42 40 13 15 85 80 20 9 1 72 47 90 83 21 54 41
14 59 10 8 80 44 53 99 100 13 20 71 61 60 53 67 87 50 14 100 1 76 29 88 39
7 53 65 78 55 28 87 70 100 85 62 38 30 51 1 49 42 79 22 83 48 93 37 24 87
78 7 53 68 25 55 41 10 60 88 59 60 21 37 72 91 63 85 66 77 92 27 91 78 22
100 8 82 50 15 80 10 83 99 32 20 39 78 56 6 23 10 26 50 17 87 92 15 25 50
62 16 45 18 46 40 31 33 10 41 1 81 31 4 69 57 56 19 15 61 100 20 75 56 65
57 69 28 97 80 21 85 43 67 3 88 8 49 28 22 93 78 59 83 27 67 84 14 15 84
25 12 36 12 93 31 94 65 96 67 53 21 1 84 10 100 23 81 2 12 19 23 93 64 15
18 48 86 62 80 32 66 51 42 8 42 76 77 24 46 59 68 16 88 75 56 41 24 59 76
23 6 84 29 66 88 22 5 81 63 12 18 95 5 2 28 58 3 70 41 66 48 72 29 11
32 46 30 27 57 52 71 23 10 38 37 2 80 80 13 16 54 88 45 42 27 58 24 10 58
11 54 69 63 14 49 54 24 94 87 18 94 10 20 21 33 99 3 62 84 98 57 100 19 12
62 26 6 51 8 2 61 34 20 58 95 8 90 41 41 96 96 50 29 34 41 65 64 30 53
23 90 41 35 68 57 26 91 75 94 15 88 55 52 48 12 53 16 15 46 20 53 81 69 75
47 80 2 24 84 66 13 42 30 84 96 57 60 18 9 46 32 90 88 63 38 9 3 52 79
79 72 44 83 83 56 14 38 88 62 48 75 32 41 53 63 76 74 93 51 86 47 38 40 21
26 20 10 79 38 87 67 45 82 43 40 54 25 88 81 29 30 94 50 35 39 9 94 79 18
7 36 67 46 2 39 78 34 71 54 3 96 48 82 72 65 65 25 64 75 37 69 8 49 80
99 78 18 44 46 84 17 41 83 60 94 39 10 40 26 80 21 12 94 13 29 75 4 3 36
22 45 4 90 67 27 80 7 18 81 49 80 46 10 71 1 56 48 84 78 85 41 13 100 45
95 7 38 44 46 64 15 15 57 4 39 40 66 72 87 24 39 87 46 66 64 52 99 52 30
50 19 100 5 19 68 18 66 58 81 26 68 94 26 89 47 8 11 7 82 2 31 11 84 80
42 11 75 61 60 25 5 95 94 58 43 21 11 71 48 84 26 100 18 84 14 73 29 20 90
73 41 60 4 87 52 48 27 35 60 76 61 75 72 36 10 26 85 14 82 30 98 24 29 85
13 31 71 4 67 23 8 34 36 15 16 21 16 56 36 30 65 64 25 1 48 42 51 3 35
84 61 81 80 38 7 2 92 83 38 44 69 48 74 56 44 20 50 40 68 92 40 6 38 86
29 82 16 38 37 18 81 12 13 32 35 20 6 37 1 84 69 30 29 59 55 34 77 24 76
43 66 72 48 7 58 60 13 36 70 13 26 65 7 20 63 76 99 20 83 61 9 56 61 94
5 40 33 4 54 6 34 80 36 98 66 90 44 68 75 79 37 34 63 24 8 54 62 26 8
16 77 44 83 72 18 19 24 96 43 84 7 30 49 75 97 75 73 23 84 100 13 92 69 2
33 68 47 59 27 83 13 68 67 7 54 11 52 69 39 7 43 94 68 67 45 22 60 23 73
38 31 95 94 45 19 47 64 23 30 58 32 29 25 49 50 1 64 75 3 16 82 23 94 32
97 57 89 26 32 76 64 94 4 18 62 87 66 62 5 23 14 82 80 50 4 10 64 97 41
7 8 74 37 12 4 27 48 51 97 73 25 64 25 3 45 26 100 36 87 27 17 19 22 45
51 29 69 96 81 27 37 20 27 41 40 10 72 20 77 3 87 100 31 51 100 63 17 75 90
12 55 87 24 79 87 50 3 87 91 33 77 67 56 15 24 21 100 41 53 29 76 76 24 46
39 70 14 37 60 27 99 9 65 59 95 25 49 31 65 80 71 5 46 40 92 62 80 94 80
88 88 77 1 51 28 51 1 2 67 3 52 99 92 79 50 89 86 88 72 33 35 90 44 90
