60
4
82 22 5 44 32 83 28 32 70 67 71 74 99 50 36 25 85 51 37 50 11 37 66 92 70 25 42 35 27 43 51 91 58 37 70 47 72 60 94 32 78 40 95 41 37 99 16 39 30 46 59 23 83 63 65 63 20 80 62 12
66 59 69 10 96 25 94 25 96 12 61 91 72 86 16 44 82 19 72 95 71 20 26 55 62 4 98 11 49 45 42 36 90 97 25 25 50 57 86 52 84 81 5 99 51 36 77 50 16 87 24 71 36 1 14 59 43 48 27 94
56 56 25 85 9 1 28 29 16 95 47 96 76 16 56 22 17 77 46 28 39 56 77 41 28 88 62 31 27 60 53 29 92 72 42 81 70 82 95 99 81 26 94 67 71 10 97 55 38 83 1 90 94 51 13 54 79 30 8 82
36 2 75 39 100 96 3 43 76 44 56 81 18 81 33 10 2 77 68 43 17 97 14 69 65 19 58 45 63 47 56 100 61 33 74 51 25 98 40 37 64 61 14 63 28 56 70 45 95 38 51 35 50 20 37 38 13 78 85 75
87 47 27 85 39 88 65 54 20 10 44 54 65 86 22 49 5 27 33 39 17 99 79 47 80 37 76 52 98 1 55 73 89 95 63 81 65 11 79 63 69 33 82 3 57 62 37 80 38 90 50 84 43 71 71 90 25 52 93 83
46 78 64 22 47 79 3 57 80 81 61 14 49 39 29 71 7 49 49 48 21 52 6 95 8 27 88 84 24 30 26 73 77 34 33 5 63 100 44 2 66 90 49 1 46 90 11 89 76 55 71 90 16 12 70 41 87 65 50 29
95 49 62 19 56 80 37 47 14 31 59 20 52 97 34 17 90 81 5 16 76 58 68 42 99 62 12 63 88 95 62 51 64 34 5 19 98 22 87 14 64 62 54 66 44 70 23 5 10 52 4 35 34 16 6 22 37 2 59 95
61 24 79 57 44 78 70 94 42 43 96 63 68 60 25 98 26 69 67 72 78 80 51 87 83 45 44 24 60 51 50 92 27 14 84 43 27 33 11 15 47 46 10 14 73 80 43 73 100 64 5 9 68 20 26 98 22 53 59 84
48 9 43 75 61 8 51 83 22 78 73 84 12 79 93 28 71 40 61 18 40 94 5 15 47 92 45 82 42 7 99 13 14 38 20 63 95 52 29 74 92 7 60 64 47 36 17 11 10 89 11 80 70 25 29 65 84 32 55 57
95 95 57 37 46 17 75 80 31 67 100 65 28 70 68 37 54 70 93 73 70 94 96 44 4 71 94 69 23 54 10 34 80 98 63 71 18 19 76 30 41 10 69 78 72 18 63 94 70 79 86 45 38 9 67 91 56 28 54 37
15 37 39 22 92 24 83 32 19 88 21 46 78 23 66 34 28 51 28 31 51 17 19 67 80 74 18 29 61 83 30 51 40 82 42 79 37 18 90 95 90 45 30 92 24 13 9 87 8 8 68 10 36 72 10 72 47 86 25 5
88 95 4 34 92 37 100 94 2 27 27 35 94 24 4 73 53 100 98 68 44 57 25 2 72 10 28 93 59 58 14 49 56 47 25 52 39 94 49 32 34 99 75 40 21 83 93 16 73 94 93 37 68 99 66 71 49 21 30 22
25 59 89 8 62 69 79 95 53 67 95 88 91 32 39 66 80 99 44 66 18 73 56 96 50 92 41 59 64 20 67 28 34 83 42 84 64 65 43 97 70 17 62 17 83 27 66 59 45 91 45 39 59 76 69 86 67 12 28 66
29 76 1 51 63 87 69 5 47 90 44 93 32 93 98 1 88 96 99 1 38 90 54 11 37 97 71 80 35 25 90 75 20 95 61 91 94 14 8 87 70 38 27 67 37 2 29 1 17 37 15 24 49 22 100 49 67 8 55 11
71 91 52 71 37 73 60 10 42 93 44 76 33 35 100 36 98 37 12 1 96 64 19 98 9 41 22 24 13 63 47 63 44 66 52 40 60 28 96 35 64 61 33 24 80 36 42 32 37 69 87 78 14 81 21 36 82 57 88 56
90 67 18 33 53 78 80 77 35 71 94 84 87 73 80 44 9 32 58 84 28 12 87 93 85 38 7 39 11 52 96 48 76 10 36 28 36 39 36 17 12 70 80 12 71 76 7 53 17 41 31 12 32 85 1 9 85 69 70 28
14 21 28 72 93 91 6 86 8 34 56 26 19 23 18 78 8 20 78 86 52 97 23 4 27 69 74 27 41 54 100 43 84 97 40 3 13 99 97 80 23 43 71 33 97 17 27 47 39 38 96 93 75 68 3 95 75 30 80 50
6 18 92 98 65 91 90 66 71 71 36 55 100 61 4 53 31 15 90 17 100 21 76 3 9 92 73 5 100 22 98 87 37 2 68 19 89 35 76 55 27 12 27 23 61 68 40 1 31 39 9 77 57 12 5 76 44 73 94 50
29 72 78 60 48 99 86 62 16 56 93 45 46 69 46 22 94 48 38 96 74 39 80 66 45 69 14 41 96 12 71 98 69 65 80 35 40 97 32 17 68 42 36 25 20 39 49 50 75 83 78 2 82 6 54 99 48 53 79 97
42 36 38 12 56 61 42 83 85 10 100 70 35 3 50 1 53 52 66 79 63 79 61 51 50 37 13 16 87 76 5 26 22 70 9 61 51 2 33 81 39 81 44 72 41 11 30 23 44 55 4 44 82 93 30 46 48 18 39 33
30 38 91 79 76 66 57 45 42 90 14 60 10 55 81 82 74 86 40 24 82 38 36 23 76 73 81 87 40 39 28 55 51 93 94 25 48 80 81 43 42 81 54 47 12 53 19 99 28 41 73 68 39 8 68 29 13 27 19 89
3 56 44 82 49 25 84 47 21 23 51 86 51 80 49 24 53 93 68 18 88 88 77 28 52 100 25 45 79 86 62 22 22 62 51 26 71 36 39 71 15 25 4 72 9 42 57 25 28 88 58 99 68 41 80 62 83 21 68 47
38 4 87 19 78 80 89 99 28 79 53 24 24 8 22 47 95 59 95 51 20 71 72 83 79 73 8 31 52 65 99 33 79 43 96 53 21 76 71 16 27 84 98 26 43 49 9 42 61 68 65 77 20 20 87 98 65 97 41 71
26 36 30 68 89 33 85 97 79 96 91 89 87 62 70 20 87 49 18 63 28 27 65 5 30 79 28 10 8 49 22 72 34 95 63 89 70 95 84 37 95 73 12 26 37 5 77 99 43 23 36 61 69 95 5 34 53 73 19 85
41 14 50 68 41 35 44 73 24 40 43 62 7 34 42 16 27 18 3 76 66 82 36 95 63 26 90 16 60 64 18 38 12 75 100 77 58 91 75 20 39 9 42 10 31 15 15 15 12 64 67 87 85 91 67 16 35 29 22 58
14 97 30 24 97 46 41 43 13 54 96 20 77 93 9 80 30 89 22 27 39 31 88 16 46 76 75 60 13 22 29 17 54 68 21 33 6 57 93 47 78 19 26 47 54 4 5 89 31 29 72 32 83 15 90 27 57 51 95 65
1 82 23 58 20 11 24 76 55 97 99 25 1 95 49 2 38 59 58 26 89 48 85 97 13 47 44 58 17 83 52 38 55 15 23 50 92 77 18 80 53 48 29 99 98 82 3 46 64 33 26 91 50 83 64 12 75 38 98 68
28 86 31 15 73 17 71 16 18 91 18 65 61 32 83 8 81 91 84 95 26 32 59 6 44 90 93 37 83 70 91 47 5 38 57 82 20 6 67 61 86 47 29 77 78 7 98 8 73 24 47 13 40 57 76 22 30 88 75 4
42 96 84 35 50 7 15 56 55 65 43 33 3 99 36 12 37 53 78 43 52 66 69 33 46 4 14 11 23 94 89 86 3 79 66 43 72 11 19 99 92 64 30 35 6 74 2 10 13 29 20 7 99 65 19 40 31 83 17 43
94 38 34 54 46 87 88 17 51 65 90 64 64 14 95 25 9 75 39 27 24 26 59 24 62 25 51 81 95 3 15 22 40 35 12 81 8 83 27 51 54 19 32 76 9 12 39 99 40 98 32 60 51 56 89 81 65 92 35 90
23 8 67 95 2 98 22 38 21 8 32 56 87 14 83 28 30 80 67 54 21 96 73 92 20 74 43 47 82 34 94 63 91 1 3 97 52 20 22 17 63 94 36 68 54 63 4 86 42 60 74 15 26 58 9 2 55 77 84 87
89 96 56 71 85 52 54 3 16 58 17 30 52 46 27 52 1 58 19 23 51 48 23 55 27 77 56 38 48 76 57 95 46 48 43 95 48 15 70 89 34 86 9 56 32 45 39 71 57 62 14 100 8 31 8 23 59 62 72 8
33 42 97 94 51 52 37 22 11 98 25 39 6 89 94 57 17 56 13 9 38 61 55 86 5 22 12 35 24 51 21 69 30 18 48 13 5 72 5 50 53 92 85 28 13 69 68 61 5 99 37 56 45 66 71 93 89 59 39 69
100 81 34 14 66 3 27 95 13 50 34 13 73 24 38 18 57 28 58 100 54 86 46 25 33 53 48 10 96 81 86 67 69 77 84 75 2 41 12 6 81 30 94 28 18 55 67 15 33 74 16 25 20 6 38 45 94 100 98 64
3 63 45 48 14 33 16 53 77 53 17 9 23 81 63 82 68 90 4 100 39 55 27 18 100 89 65 69 73 4 86 74 27 94 33 23 83 11 28 1 66 26 93 78 39 15 44 60 89 36 84 99 56 67 90 67 50 96 48 24
11 22 21 24 15 45 93 60 22 32 69 47 75 96 42 28 42 17 94 27 40 43 64 68 42 23 29 92 100 2 26 59 18 68 96 64 25 93 55 88 64 86 60 26 14 5 4 36 25 67 74 4 22 58 78 25 51 25 11 12
88 67 12 8 52 53 69 21 15 100 15 46 82 33 97 87 93 63 16 13 72 39 60 4 92 67 38 55 48 74 51 23 61 81 8 23 7 36 90 67 56 19 91 94 25 37 64 9 37 100 84 32 4 81 13 51 68 26 60 51
15 16 59 3 89 43 84 8 55 94 88 99 68 80 66 65 79 88 82 56 19 64 48 7 26 62 80 100 39 27 92 89 59 49 96 44 61 29 36 30 51 48 53 75 76 2 38 8 99 74 11 44 97 30 96 24 99 65 71 80
87 51 94 25 42 41 31 93 91 43 72 56 29 42 6 14 97 52 47 31 74 52 82 96 30 82 94 71 2 63 45 31 19 22 58 26 33 4 42 42 96 95 41 85 13 80 91 56 43 66 56 59 87 5 72 91 30 13 27 3
41 47 99 57 18 61 38 62 59 81 14 26 2 63 19 13 20 35 54 21 84 99 86 21 52 10 75 46 58 81 14 52 72 71 36 90 1 40 89 45 41 58 64 78 46 30 17 75 8 65 10 95 58 4 61 65 31 1 100 30
51 12 43 54 94 62 70 75 17 51 62 36 27 62 38 3 15 64 19 29 50 60 55 89 57 14 98 23 96 26 14 10 57 99 30 90 43 11 52 57 7 36 99 85 33 47 44 44 47 63 95 5 47 14 55 100 96 61 66 65
48 63 42 73 71 73 44 86 32 43 15 81 57 48 48 8 21 69 76 90 42 80 15 18 22 38 55 95 47 50 56 76 5 35 44 79 70 87 96 67 70 42 65 15 34 5 20 58 43 74 68 95 62 2 82 83 60 64 25 98
70 17 46 32 97 29 14 73 46 20 73 1 76 24 20 97 28 45 76 74 78 19 53 47 41 82 40 51 17 62 76 37 83 76 100 100 96 91 88 80 84 7 78 96 57 28 46 38 87 28 4 68 22 36 67 55 8 82 74 49
62 94 1 67 50 6 64 79 99 44 38 45 53 81 70 36 10 100 21 26 63 48 80 40 100 2 1 4 24 23 65 32 13 78 20 42 61 32 60 18 32 85 63 16 92 6 93 47 26 21 30 18 5 74 53 76 12 100 20 76
59 35 82 80 96 84 32 94 55 49 78 53 20 68 100 65 83 47 39 22 57 11 17 64 30 59 62 49 4 89 63 50 76 93 56 5 8 42 11 8 54 13 40 24 84 31 52 48 70 54 75 63 85 88 63 43 20 68 42 89
57 42 93 17 80 83 19 92 27 16 33 75 7 82 86 96 34 75 8 94 65 71 38 36 14 23 61 67 53 87 48 63 30 87 47 11 12 4 18 1 14 90 36 38 24 26 25 35 46 15 36 81 58 68 2 23 57 15 54 67
39 31 54 60 44 3 23 46 68 91 74 35 34 16 58 20 42 80 40 26 65 2 82 41 61 4 33 11 3 81 18 2 1 21 90 83 39 36 85 16 71 11 72 23 8 54 64 95 2 83 85 12 1 37 19 34 10 67 83 62
14 87 20 42 92 49 32 90 77 15 36 75 74 37 26 18 95 39 60 100 51 73 39 79 43 60 88 84 47 82 30 57 11 67 99 22 98 90 17 20 42 44 74 28 3 71 44 18 18 36 29 71 28 75 91 73 63 78 25 9
50 25 54 11 86 76 5 44 29 90 35 72 51 66 60 55 66 90 32 78 47 94 87 82 80 54 3 65 22 67 2 20 92 26 55 28 21 23 90 64 77 5 55 100 71 31 84 74 57 92 40 52 38 30 90 67 9 41 88 29
65 5 41 64 38 64 85 90 95 45 79 8 33 61 26 51 66 11 96 65 93 2 32 68 62 41 52 99 79 51 45 68 53 60 43 3 49 19 27 28 84 34 69 63 82 10 14 90 81 67 55 11 1 13 6 65 30 3 1 77
20 33 5 12 4 73 4 6 23 79 11 17 28 63 8 12 47 14 78 35 71 39 77 51 36 58 32 80 17 51 76 58 11 48 55 84 99 30 8 60 70 76 16 52 89 19 36 64 48 7 91 74 85 51 97 69 77 49 97 44
73 11 27 2 72 19 80 19 91 29 82 32 27 45 64 56 7 77 57 56 67 26 69 87 19 58 74 39 59 39 71 40 19 33 76 17 59 68 16 37 30 5 5 47 71 15 20 18 43 51 19 28 74 34 86 32 73 41 59 52
69 60 20 39 58 94 57 69 69 45 30 3 83 67 15 20 7 41 12 47 80 69 63 10 11 2 36 18 90 37 77 85 94 89 86 84 80 24 87 25 33 45 39 24 61 1 25 12 1 16 80 48 9 48 11 7 61 18 40 29
75 23 38 69 61 29 78 47 9 100 72 39 5 95 12 54 91 85 56 55 59 74 41 9 70 94 73 80 85 22 81 47 39 96 96 11 79 41 66 79 61 9 64 72 52 66 62 28 79 45 65 21 35 52 44 20 20 65 69 64
89 19 59 6 62 58 66 99 90 68 56 62 30 90 63 22 94 41 89 56 76 31 81 86 81 98 29 49 93 51 62 53 36 42 68 62 74 53 54 31 100 15 60 11 51 71 70 81 4 84 50 9 27 48 87 30 86 4 34 22
77 100 57 43 4 27 98 93 19 19 69 88 86 6 64 17 38 81 12 55 94 6 5 97 17 80 11 57 88 41 25 96 54 81 98 71 54 94 60 39 54 58 27 6 28 66 64 13 76 82 53 79 32 81 83 41 52 44 53 1
81 100 9 32 2 81 65 42 19 28 78 94 7 73 44 51 72 56 78 78 23 82 19 67 87 50 98 8 5 33 35 35 6 41 7 23 62 46 60 31 85 12 61 52 12 59 15 39 84 9 58 56 65 42 100 1 51 38 83 15
93 56 79 78 55 58 54 7 85 55 67 80 91 88 66 87 81 51 2 37 57 49 92 80 76 15 26 72 20 26 26 80 59 37 54 33 41 64 41 99 9 64 88 85 17 36 49 66 20 38 55 13 81 9 88 89 29 21 83 51
18 57 26 69 3 46 68 73 30 44 92 100 64 85 78 98 35 65 77 98 43 33 21 54 46 49 74 41 41 65 12 52 32 47 77 14 24 20 61 45 92 54 58 58 66 48 26 12 46 87 33 9 10 84 96 97 96 79 60 10
98 8 88 23 71 85 44 93 14 72 61 45 97 27 99 96 23 45 53 51 62 70 30 94 6 30 61 89 11 65 85 100 47 8 100 35 2 84 5 14 55 90 1 1 83 97 25 60 45 12 43 94 25 99 93 68 18 2 45 98
33 87 58 60 22 26 20 69 43 81 2 88 38 37 74 20 13 27 14 64 57 68 3 66 1 28 11 9 72 17 62 22 24 16 77 18 80 56 24 56 90 27 56 94 3 66 63 20 16 74 82 67 86 96 98 21 7 30 67 68
58 81 73 42 18 11 48 60 53 100 99 12 45 59 42 74 70 2 85 64 65 33 89 38 51 28 67 56 15 48 44 63 10 18 49 90 57 30 55 15 78 30 55 75 9 64 100 58 43 27 49 23 51 95 99 41 54 64 26 100
45 3 31 100 14 69 32 41 35 52 28 30 88 33 1 73 21 53 98 13 44 59 38 27 57 87 97 73 58 25 92 58 39 37 18 94 56 37 9 22 96 5 20 46 68 7 99 64 75 99 68 36 47 7 77 93 100 70 5 48
97 66 11 22 93 91 15 62 93 84 69 22 46 7 74 88 94 31 70 65 100 55 90 37 29 90 3 3 74 74 35 19 66 64 8 9 31 78 49 1 79 90 81 16 56 63 91 92 53 66 32 12 47 26 35 73 99 24 80 3
83 72 2 60 74 10 43 5 79 12 98 34 58 24 88 20 82 75 28 68 90 53 73 80 84 43 42 2 100 86 60 29 45 21 8 25 89 30 43 71 49 71 41 57 87 19 30 39 32 15 32 87 71 49 60 44 31 34 40 31
64 15 49 36 97 55 34 82 46 94 80 66 58 94 67 99 63 66 20 62 31 70 27 99 24 6 11 69 14 10 85 72 3 11 35 33 19 92 65 14 50 99 79 41 32 57 63 28 24 46 28 89 42 95 17 93 17 66 10 28
3 42 36 84 52 4 41 51 92 28 31 56 79 62 35 25 58 14 49 42 14 22 72 5 29 10 50 79 61 15 35 1 42 62 21 36 84 26 1 87 2 7 81 33 78 75 64 11 54 39 64 45 36 8 43 8 26 56 65 92
88 1 38 83 89 98 2 24 37 73 37 78 61 66 52 77 14 53 82 46 94 54 23 36 78 32 83 3 79 67 52 19 66 71 62 49 36 92 79 28 5 97 29 4 45 38 2 87 90 89 68 20 8 55 34 66 5 33 27 32
81 34 32 41 52 89 78 5 65 85 18 13 12 70 83 87 82 50 89 11 97 98 25 70 35 53 28 46 32 88 100 43 33 1 5 11 30 60 29 16 21 71 2 83 52 50 73 48 80 3 18 83 28 68 99 39 88 100 5 6
92 94 40 27 29 91 14 66 26 47 1 37 77 65 41 85 15 61 25 34 3 17 54 53 16 76 78 5 1 53 43 68 77 24 10 84 54 44 10 59 61 61 78 6 53 26 4 90 84 18 71 7 93 12 90 68 17 49 35 39
76 21 10 95 83 9 96 79 100 23 82 62 41 84 8 90 11 56 23 74 11 2 85 100 65 30 90 69 62 2 27 4 73 38 88 12 22 94 11 58 89 13 24 4 76 43 49 75 61 46 4 23 23 1 87 48 13 11 52 97
20 21 35 45 54 97 6 56 44 3 70 34 50 99 53 3 13 91 20 77 36 21 73 86 54 68 40 96 52 52 1 32 29 95 16 67 45 68 83 36 6 63 32 3 91 15 72 38 56 49 42 38 19 86 60 5 57 38 58 62
7 21 49 94 39 50 78 87 69 20 67 43 76 49 16 36 44 77 12 84 2 56 79 58 94 15 61 76 25 40 51 94 4 86 82 64 73 89 61 15 22 1 16 13 1 54 98 54 68 60 23 31 17 97 89 78 16 90 88 79
43 20 78 82 28 95 52 87 72 79 96 26 92 1 78 80 25 1 37 22 33 67 83 74 51 97 39 93 62 53 13 8 86 52 89 100 25 29 57 79 55 71 96 19 7 93 16 98 78 56 76 62 100 63 80 27 63 83 9 81
55 90 22 58 79 33 49 98 36 3 27 78 29 91 63 62 75 39 27 98 100 75 2 64 69 12 27 79 57 55 74 43 18 44 86 73 83 58 54 12 79 64 76 25 38 13 13 61 40 24 61 55 59 41 60 49 99 29 31 100
27 35 41 15 13 81 94 17 11 48 10 91 40 22 46 31 100 55 15 42 31 24 72 3 26 80 86 30 39 67 75 27 26 29 12 1 71 65 33 75 98 88 52 33 13 38 37 58 47 20 20 68 100 62 5 45 87 69 8 96
83 14 78 59 12 67 98 11 92 29 17 60 82 92 55 44 44 53 25 92 31 63 19 6 98 64 48 92 14 56 75 16 31 33 15 41 54 30 17 28 57 50 11 31 30 87 67 44 67 86 19 44 54 81 93 24 98 26 76 8
5 60 6 8 16 11 68 45 43 91 61 44 83 29 51 81 23 32 62 71 61 74 44 38 66 72 84 15 3 50 95 14 76 88 67 58 9 81 42 45 20 70 58 63 13 29 42 50 50 47 60 62 22 52 10 46 41 77 97 58
43 6 45 58 89 74 34 36 81 29 40 76 41 33 89 56 47 92 91 69 24 54 6 27 99 32 78 13 49 37 91 25 46 51 68 14 95 6 22 37 69 41 8 96 47 47 64 83 58 37 84 25 63 50 52 76 40 4 56 78
1 52 94 91 16 28 39 85 25 78 39 76 80 64 15 62 74 67 25 24 43 4 79 82 4 68 9 47 94 57 29 6 53 75 26 4 30 51 49 78 23 38 58 16 86 60 31 100 96 29 8 69 17 62 22 18 46 17 88 5
1 43 32 75 74 99 53 82 63 51 17 43 2 23 8 92 53 56 21 71 27 85 16 93 71 5 1 77 99 46 70 1 65 62 78 57 58 70 68 44 67 50 2 4 41 87 87 71 26 85 85 46 74 72 44 81 19 70 45 5
7 72 23 50 95 76 15 19 44 24 38 36 13 54 91 23 36 30 59 61 2 14 35 26 85 82 75 22 56 20 38 53 85 12 79 49 65 18 57 13 26 69 1 62 39 65 98 85 2 74 60 82 25 76 10 48 36 84 20 23
54 60 76 62 78 39 9 100 20 50 71 26 79 99 40 59 1 39 19 90 75 65 5 83 94 38 42 25 52 2 62 69 77 88 38 38 68 72 23 19 63 46 20 94 34 73 26 70 3 5 82 38 98 53 78 13 77 72 27 52
94 11 18 77 91 26 29 4 57 41 61 76 86 90 100 15 83 45 82 53 63 61 83 44 23 33 22 14 76 23 44 61 11 78 8 65 42 75 59 69 19 89 23 87 70 27 89 14 27 50 89 32 86 56 50 17 19 11 11 52
95 25 48 8 11 8 90 72 56 2 26 34 97 12 13 52 21 11 85 20 59 37 2 45 9 84 61 22 80 78 16 84 26 23 85 72 61 26 77 25 12 15 4 19 16 41 82 45 27 24 64 75 36 53 39 35 16 83 31 83
43 62 5 61 72 27 33 20 51 21 20 85 49 1 66 86 77 39 56 62 34 81 53 19 68 59 56 83 84 31 85 60 73 13 55 61 56 58 33 97 81 50 90 18 28 56 96 88 66 73 95 20 59 46 66 54 7 83 20 50
97 48 7 42 35 17 82 49 42 96 14 30 94 66 55 94 69 53 17 40 20 91 82 91 50 60 38 92 46 94 28 27 46 33 60 55 92 62 20 17 95 15 54 7 17 64 54 52 26 4 91 90 11 78 3 99 80 7 100 91
9 50 87 13 32 33 37 17 56 18 65 28 92 100 69 98 85 2 14 14 91 33 13 59 94 43 58 63 47 7 61 78 89 23 62 86 6 9 81 49 48 34 43 4 3 82 17 57 25 86 86 52 29 37 22 72 28 91 68 69
4 96 100 8 69 80 23 50 46 35 92 27 62 53 82 50 99 6 83 20 90 87 61 49 28 87 32 65 72 25 64 70 5 41 60 12 38 45 54 20 72 74 28 71 24 3 9 22 49 14 5 13 56 88 67 98 100 33 28 38
23 56 47 31 87 9 8 93 15 80 23 52 73 14 7 25 61 6 72 90 99 40 5 6 34 23 68 74 44 68 69 75 70 82 52 34 20 57 29 44 36 46 39 16 26 18 44 19 50 37 93 58 89 15 63 22 10 41 4 41
11 6 65 71 97 91 80 6 9 29 25 38 47 62 33 58 52 75 23 83 75 15 81 17 61 100 33 82 99 82 39 78 85 79 51 78 45 72 29 30 92 9 15 70 25 5 95 96 88 44 88 85 41 31 78 53 66 6 10 64
64 83 18 49 74 87 10 24 20 29 100 17 76 3 93 28 80 31 46 45 51 81 42 99 35 99 57 75 18 25 100 21 79 96 68 60 59 40 24 18 39 60 23 70 28 75 10 85 25 53 32 99 87 51 86 78 24 58 60 52
54 62 58 25 6 54 88 84 7 57 45 90 87 72 80 16 76 63 85 86 95 98 16 14 97 80 43 90 24 48 42 57 92 90 77 1 1 48 9 46 73 82 39 78 88 1 29 77 81 25 1 62 67 91 31 13 32 49 98 97
53 2 85 84 58 99 28 7 54 35 6 33 75 98 32 54 48 10 34 87 57 37 42 72 32 59 4 77 59 83 24 21 81 99 10 42 93 94 94 76 50 24 1 86 1 98 17 43 19 18 29 90 13 48 68 97 13 28 56 90
91 57 16 72 75 68 17 78 22 71 24 54 35 37 28 39 98 2 97 8 95 33 51 92 90 16 8 7 49 97 70 69 35 89 33 13 79 58 36 62 35 23 65 66 61 62 11 91 82 10 87 95 92 41 38 98 56 16 28 78
84 43 67 48 43 8 42 44 12 64 88 34 85 5 64 31 16 69 44 90 4 34 49 42 85 94 80 15 45 47 56 56 10 2 64 56 16 85 41 61 2 11 94 21 11 60 53 2 97 89 90 73 34 18 88 6 22 64 29 36
68 42 71 40 32 88 35 9 80 28 69 79 94 70 8 47 23 55 35 13 11 21 38 60 48 42 66 7 49 69 79 1 71 21 17 97 27 18 42 94 21 72 14 62 26 20 3 24 92 98 11 16 86 21 70 95 45 79 30 36
70 11 44 74 59 66 13 54 12 73 13 37 33 67 10 66 80 93 55 56 47 31 35 91 8 66 10 62 63 48 88 1 61 1 5 15 28 96 80 51 72 83 19 37 69 7 50 61 90 97 12 82 99 21 50 14 70 74 97 6
40 72 95 85 30 69 61 25 66 66 47 83 31 1 91 16 11 100 85 31 55 1 34 3 33 30 25 83 54 93 1 54 87 1 64 100 90 64 61 42 82 95 31 5 38 63 31 54 93 59 12 47 39 3 14 64 15 100 99 20
76 86 49 51 15 77 97 25 58 12 24 44 68 74 36 51 52 36 54 46 16 9 50 47 28 6 58 74 53 38 52 32 44 41 68 38 1 77 38 76 72 29 33 26 70 88 54 72 32 70 23 60 88 58 33 47 5 27 87 86
70 67 92 10 30 51 79 74 60 64 12 27 49 83 42 47 28 11 27 100 39 96 79 26 52 2 46 4 97 48 27 40 25 42 44 51 85 14 75 64 91 69 38 95 88 34 4 80 50 11 79 71 28 39 40 97 49 49 74 9
50 86 67 84 96 59 60 88 63 99 77 95 78 59 11 19 62 78 83 18 44 10 65 48 17 90 75 5 83 79 20 75 10 58 71 78 71 49 76 61 56 53 7 73 12 53 51 25 39 72 3 97 7 29 25 33 57 41 9 22
90 88 14 22 91 70 82 41 82 46 15 18 81 53 34 22 100 39 89 55 4 53 54 28 28 67 82 39 65 81 78 1 32 94 94 61 6 60 73 47 18 84 89 3 15 36 29 27 67 6 15 41 61 63 1 31 18 29 91 15
9 68 85 88 81 63 52 33 39 24 9 64 79 30 100 74 6 32 47 78 89 97 70 2 14 24 33 55 37 62 16 68 55 3 83 17 12 48 91 52 75 91 63 63 85 15 10 90 65 91 83 72 47 8 43 89 18 77 68 39
32 12 77 39 85 64 27 37 49 23 28 65 99 99 37 8 51 73 15 20 94 71 8 80 2 28 9 82 27 56 57 48 8 9 69 67 65 98 23 62 94 7 35 81 30 16 63 37 12 72 9 91 62 35 91 39 41 89 100 81
30 96 39 20 61 86 40 12 59 3 77 98 28 72 42 50 6 70 25 21 41 47 64 91 69 48 13 97 32 18 76 19 42 9 56 47 31 82 7 94 76 18 100 61 100 82 18 34 18 92 87 63 75 53 41 60 84 91 12 27
58 59 7 71 54 25 81 50 71 65 75 99 79 39 19 83 2 50 87 6 53 22 87 25 55 18 83 12 35 78 80 68 2 83 34 94 92 81 61 51 62 78 61 37 49 17 18 5 24 87 96 41 37 20 75 36 74 47 10 81
18 66 43 33 76 78 70 66 20 97 20 63 89 93 61 46 37 48 3 9 100 11 42 78 20 20 99 1 97 58 87 40 36 99 68 65 81 36 25 100 88 7 43 40 21 24 85 68 26 35 68 34 45 64 69 38 42 63 42 84
78 20 31 66 19 15 41 23 27 4 68 8 98 47 39 2 59 79 55 95 37 64 36 62 3 88 77 51 4 14 26 94 16 98 42 55 54 67 67 68 34 67 7 23 92 44 100 2 1 66 60 22 48 49 88 29 74 57 33 71
27 34 16 94 87 13 1 29 61 59 62 100 2 12 55 88 2 1 42 47 81 56 28 25 64 27 93 22 58 22 25 81 80 58 66 22 14 38 65 56 9 59 45 39 24 9 73 35 41 15 75 84 58 80 64 55 3 32 62 11
29 95 23 87 58 53 98 76 34 48 61 41 87 59 90 58 33 8 79 99 33 74 62 51 58 80 81 26 34 71 83 73 92 80 25 72 33 58 61 1 48 72 45 86 7 16 81 11 90 75 14 23 11 98 46 86 15 9 56 23
11 11 5 76 69 40 38 89 1 35 90 66 19 23 92 83 27 88 1 77 89 16 14 78 74 28 36 84 23 91 63 54 35 11 52 84 24 11 13 81 77 42 84 29 15 84 68 33 96 50 15 34 14 15 13 30 66 90 63 48
27 22 19 80 71 59 24 68 63 90 32 99 78 45 43 42 42 58 14 58 52 79 80 90 12 68 49 48 55 100 80 1 70 62 90 24 51 46 84 87 11 93 64 96 36 14 39 26 5 98 13 62 50 25 81 99 61 29 4 34
38 73 18 67 71 43 59 30 5 3 89 91 65 81 83 19 97 92 28 29 64 5 72 84 94 43 27 66 25 89 65 73 56 70 80 53 97 93 51 31 51 18 66 66 1 87 98 30 18 4 6 99 7 54 34 88 76 6 50 35
23 35 49 2 6 52 39 61 8 28 31 84 22 82 13 58 51 77 34 72 83 68 51 98 59 28 2 50 56 39 43 45 5 33 20 25 16 46 30 43 4 52 69 1 42 43 38 40 25 81 55 79 7 91 51 56 84 32 62 90
74 67 54 78 12 85 55 82 77 13 57 65 61 65 64 21 35 19 63 7 85 10 37 74 55 12 78 32 85 50 80 62 79 94 25 25 77 36 20 68 93 66 88 40 77 65 37 74 73 4 31 81 80 87 75 8 14 87 21 93
31 28 6 31 9 94 77 99 35 67 100 57 62 33 27 20 66 95 88 15 28 24 78 34 21 73 72 91 39 19 97 41 88 33 64 74 40 38 56 25 68 23 34 81 43 55 85 8 50 32 68 4 79 10 75 62 69 93 77 21
96 79 99 55 46 27 39 80 36 13 26 12 21 99 78 90 58 84 73 74 5 89 64 28 93 64 41 18 34 18 25 77 35 61 26 81 61 85 78 33 65 16 28 91 88 12 84 16 69 62 32 14 63 56 90 63 29 99 12 16
13 74 59 90 1 64 64 1 28 46 39 15 22 22 33 94 91 65 75 26 73 87 48 91 34 52 8 55 86 89 97 100 52 26 19 35 10 69 68 89 8 61 38 78 52 67 12 18 10 31 82 1 35 19 82 12 16 80 99 73
79 32 44 81 58 34 39 90 88 93 31 37 78 49 42 46 29 23 61 83 12 44 88 4 46 87 11 86 22 77 33 21 27 55 88 78 32 73 22 65 17 65 58 61 91 91 12 3 61 88 22 6 69 43 85 80 95 46 3 85
91 9 43 96 1 60 48 75 78 95 36 90 6 47 49 73 65 43 72 72 56 45 100 11 73 52 88 8 46 40 17 61 14 59 47 88 61 59 68 48 78 65 3 31 53 32 61 98 79 40 3 83 99 24 65 34 96 63 17 89
79 54 50 87 81 70 31 11 74 25 23 35 14 86 8 74 49 24 9 80 85 47 42 27 9 39 84 24 43 64 58 5 44 100 40 91 28 9 67 66 56 13 25 92 24 32 95 89 21 69 94 2 69 10 13 20 31 91 86 76
38 69 41 30 93 20 17 1 80 59 89 47 18 87 89 31 76 37 40 59 70 98 71 83 56 51 54 39 23 64 29 79 37 34 95 87 93 30 64 94 88 70 14 40 100 52 32 7 81 34 65 79 68 70 31 25 43 16 37 99
35 2 31 16 54 47 58 11 5 99 79 35 100 100 12 41 94 94 16 88 11 18 29 24 91 1 31 16 83 59 49 49 77 95 14 91 46 93 43 41 48 7 99 38 50 52 26 44 93 97 79 70 36 55 43 93 60 8 93 6
76 31 22 28 65 97 93 70 81 47 90 5 100 26 98 91 45 82 83 77 67 55 73 10 67 78 90 23 95 97 15 52 70 41 71 32 12 56 53 46 59 94 25 45 84 43 59 72 55 68 81 23 1 58 45 78 64 25 26 28
8 48 93 8 21 35 41 75 87 20 30 44 57 67 16 76 2 69 88 57 74 55 49 80 9 4 23 20 93 96 69 14 90 88 69 54 20 51 41 76 6 21 43 90 90 86 10 93 20 60 10 44 80 41 82 55 87 83 62 85
61 80 70 86 37 41 17 43 68 8 20 39 16 78 2 95 25 63 50 80 7 14 7 88 26 27 81 5 64 93 4 9 51 75 11 22 4 48 12 50 96 24 91 86 31 53 78 17 60 72 20 50 69 50 62 80 91 15 25 14
75 66 30 31 12 95 30 52 32 6 3 45 63 31 96 14 11 86 64 50 98 68 86 60 99 69 4 64 81 21 4 29 65 83 52 77 77 39 19 50 80 1 4 59 75 79 42 2 2 74 50 13 2 23 24 56 58 58 52 73
90 46 45 98 82 56 44 70 62 98 22 40 16 15 15 28 50 91 8 8 97 17 91 31 87 1 98 30 59 41 45 35 59 9 59 8 28 57 17 63 16 58 20 56 23 66 27 46 78 76 17 39 57 46 72 37 64 62 40 81
94 6 88 75 6 71 31 45 61 74 52 74 81 62 25 35 51 97 36 29 38 71 24 22 86 8 51 3 15 88 67 25 88 24 14 41 70 42 34 82 35 26 65 8 86 53 18 58 75 97 40 60 87 14 93 2 22 28 48 35
38 11 33 40 5 36 87 96 87 82 39 29 6 33 83 72 39 96 75 79 73 86 66 87 18 39 53 41 37 64 83 86 9 5 54 5 19 18 55 72 7 7 71 1 76 78 44 6 29 66 93 98 94 80 99 84 24 51 68 43
80 55 69 7 83 41 62 15 7 32 85 99 66 45 35 48 51 24 37 80 16 65 91 12 3 61 11 24 70 65 59 71 40 36 17 70 41 53 84 99 68 75 44 41 24 12 69 16 71 8 83 19 62 40 6 76 42 46 8 94
54 6 92 37 57 25 40 73 91 25 43 18 19 23 84 1 4 91 3 52 95 1 43 87 11 78 56 97 97 1 96 47 77 48 58 95 80 36 44 21 99 66 32 47 3 47 80 94 82 45 38 50 62 98 71 50 6 33 2 59
10 43 38 3 50 7 70 93 73 83 41 91 82 36 17 41 98 29 73 4 25 88 43 43 17 37 69 96 61 82 9 18 76 53 1 17 24 51 16 94 95 50 23 16 57 4 1 57 93 4 88 29 6 9 71 66 74 77 74 20
68 21 96 83 82 65 97 57 7 3 57 39 12 32 88 32 25 26 36 60 66 68 59 96 83 68 97 18 35 36 24 35 51 70 63 27 15 1 56 48 14 14 85 25 87 57 34 48 67 86 52 13 12 3 17 87 6 97 13 57
94 58 96 61 16 76 47 47 82 20 63 77 47 26 52 16 72 73 18 21 66 4 21 62 90 42 10 41 99 13 70 76 79 27 10 17 33 17 39 62 25 22 14 83 39 38 40 46 95 77 95 46 4 89 26 4 63 50 79 74
44 5 98 9 75 88 69 64 61 94 31 14 17 67 67 51 70 25 10 60 39 21 92 51 55 14 86 22 5 94 76 65 18 57 72 37 2 30 98 33 50 50 96 78 2 9 78 2 72 55 7 59 58 35 66 79 50 15 59 99
76 98 70 79 59 39 90 73 41 92 15 29 62 8 1 21 71 80 41 18 95 92 72 27 1 63 32 7 60 57 37 65 65 89 55 81 47 25 45 14 78 60 93 73 29 75 65 7 33 86 57 98 32 57 100 21 1 17 15 94
26 40 100 12 2 68 25 90 100 13 30 80 93 46 98 10 5 28 72 17 31 72 14 27 5 26 11 49 42 59 19 94 16 48 21 70 65 88 4 21 73 4 78 47 88 88 68 46 99 48 14 2 26 89 100 52 1 98 37 29
94 66 65 56 20 40 28 44 85 69 50 45 58 10 13 92 91 36 6 70 91 100 45 45 98 25 42 30 96 41 34 96 83 71 97 17 59 21 3 30 67 27 2 1 28 18 68 69 35 60 63 96 6 73 51 44 96 60 64 74
48 74 35 50 11 62 65 41 33 67 68 13 63 11 93 91 73 22 99 1 50 79 23 36 14 86 76 44 48 18 64 3 65 58 78 11 71 19 84 95 66 13 26 33 31 84 87 53 58 47 91 31 55 47 74 52 45 96 93 17
32 93 89 65 3 72 74 93 19 100 21 31 13 49 64 88 91 63 58 1 63 99 83 9 72 64 7 22 97 6 55 62 75 27 64 39 32 72 10 76 30 86 95 5 65 85 91 75 74 42 46 80 65 36 27 36 36 93 5 53
33 34 11 14 48 59 23 40 10 74 40 3 92 97 71 44 13 11 16 6 6 68 37 86 53 25 35 39 20 13 42 22 77 32 21 64 33 47 98 51 94 86 77 85 61 95 16 52 58 6 63 93 72 95 38 21 48 87 53 46
15 57 82 57 28 74 38 69 46 12 15 70 42 60 68 20 40 26 2 17 83 10 72 45 29 32 36 93 67 95 1 66 98 51 18 7 16 60 86 37 14 79 83 15 5 91 86 77 29 49 45 50 89 57 60 54 20 14 33 38
66 88 34 17 19 65 17 45 35 26 42 3 21 6 8 56 44 56 15 36 56 29 82 62 54 68 100 48 75 85 73 93 25 21 83 24 45 44 98 11 68 8 92 34 73 52 55 76 43 57 82 21 24 58 38 72 68 56 68 14
15 14 87 61 93 31 94 69 55 79 10 88 25 90 9 35 25 18 90 86 15 67 73 2 57 44 87 39 81 81 45 49 19 81 45 63 40 17 20 59 47 25 36 74 52 69 58 73 94 100 61 100 60 60 97 49 80 55 48 3
14 66 88 48 57 77 76 91 36 70 75 59 44 22 3 96 10 6 8 5 80 3 59 87 13 72 82 34 20 19 33 95 47 60 57 10 79 14 11 10 14 15 57 69 56 8 30 96 29 47 9 82 53 11 13 19 47 96 80 23
71 59 40 11 22 7 28 62 79 89 29 82 29 33 53 47 72 50 85 52 86 58 27 1 11 63 69 90 96 92 70 85 68 29 36 30 96 2 94 90 52 51 32 55 33 60 78 54 91 99 60 61 8 45 20 16 75 31 93 24
50 79 44 33 49 8 31 11 7 55 37 16 82 2 81 46 58 7 42 42 17 88 95 1 53 88 99 73 89 19 55 70 95 78 12 34 78 92 93 62 12 92 56 62 20 6 64 9 81 5 4 97 23 93 45 99 1 44 83 50
47 97 72 20 6 8 39 66 66 69 76 26 88 34 99 28 96 2 67 17 67 60 24 100 83 19 43 10 50 3 4 24 2 72 64 9 11 61 14 86 96 79 23 63 15 81 69 92 52 12 85 20 29 15 63 72 57 54 59 86
50 40 87 15 53 31 5 93 57 29 77 95 62 65 39 83 73 84 25 4 86 58 39 46 21 99 99 91 83 93 60 1 42 49 80 8 77 15 64 67 54 83 86 3 28 25 1 93 40 57 22 14 32 63 8 79 42 56 49 56
30 46 14 23 83 64 62 73 40 13 21 42 24 49 67 30 15 65 52 34 43 7 20 95 9 56 95 72 52 39 82 43 20 1 76 49 5 38 22 18 90 11 39 85 1 60 19 74 94 77 87 84 48 45 57 6 9 32 18 12
8 57 78 12 84 43 7 53 63 49 89 16 65 78 22 33 26 44 25 93 94 24 33 62 46 36 92 97 47 6 72 38 36 72 33 38 62 56 3 14 73 4 33 31 17 99 60 85 91 81 51 74 90 74 38 43 32 95 90 93
86 23 74 18 74 64 6 48 89 62 25 14 44 64 47 91 94 78 69 4 13 48 46 23 26 78 77 49 9 9 95 89 37 24 56 100 59 22 11 81 6 37 42 83 76 51 73 12 16 8 68 1 17 64 22 32 11 8 29 9
33 17 9 87 62 15 79 2 58 3 48 56 74 47 25 94 38 28 12 100 21 73 83 34 87 28 99 30 88 81 42 4 94 8 57 83 55 88 44 89 71 35 43 34 78 94 35 1 20 81 8 66 25 56 90 80 57 60 12 48
84 2 77 78 62 63 52 81 16 29 66 43 35 15 61 30 96 56 83 74 62 46 48 77 20 71 82 56 36 53 69 84 28 43 5 67 82 91 17 34 27 14 43 99 79 18 28 20 47 2 83 59 11 20 49 80 13 15 75 22
56 19 42 54 69 81 81 80 96 79 77 97 82 48 20 67 45 23 84 14 19 58 43 81 41 3 3 75 81 33 78 43 13 87 88 81 70 80 6 98 72 87 62 74 72 22 35 33 80 46 33 12 11 21 69 1 2 86 29 23
85 82 42 19 98 73 99 62 20 27 92 79 73 76 4 94 61 9 41 15 46 90 73 8 90 56 14 43 91 63 3 34 75 43 49 91 39 86 57 75 37 75 99 85 23 71 88 24 2 72 10 96 61 95 70 85 18 25 72 15
100 60 82 65 22 46 61 31 52 73 53 25 58 79 92 50 62 8 39 14 2 90 87 4 18 30 74 21 20 77 44 21 23 60 3 86 32 1 59 40 65 90 4 95 99 58 34 8 68 80 14 90 54 4 81 67 63 38 88 64
33 49 15 76 82 4 83 23 34 3 97 68 56 27 92 59 77 77 51 44 38 67 59 86 18 97 34 59 24 75 4 50 85 10 95 85 57 80 16 69 32 6 22 86 22 77 11 15 18 8 37 69 25 6 6 72 89 71 98 62
65 38 20 50 62 29 79 7 88 13 98 97 60 26 93 38 29 1 67 4 14 91 80 100 42 42 42 22 1 45 90 21 61 19 36 7 50 18 72 90 31 71 45 60 73 95 93 61 88 65 5 51 73 9 22 35 80 84 26 33
37 79 30 53 73 10 50 60 1 36 6 15 81 66 66 6 34 60 28 94 19 24 2 72 60 10 70 42 71 99 71 6 3 100 24 45 63 82 21 39 37 92 30 25 38 54 50 2 81 44 30 1 1 92 80 67 94 89 22 91
28 54 20 37 80 49 63 26 66 95 15 99 21 55 87 53 44 65 1 48 82 77 99 72 15 21 53 85 15 14 30 60 41 88 31 65 59 40 31 48 76 39 65 98 50 35 71 80 26 13 66 86 100 97 1 36 61 50 40 13
98 86 69 80 36 58 85 64 74 36 31 63 57 62 44 3 72 63 23 30 21 30 95 39 62 50 6 51 92 19 52 100 64 79 33 79 79 11 58 48 18 99 61 21 93 67 50 57 87 60 73 100 86 74 94 32 90 75 65 96
1 74 40 71 44 33 7 99 22 24 82 85 11 54 76 74 43 8 77 67 28 24 29 46 18 16 12 34 32 38 4 49 39 87 41 77 12 43 28 76 24 94 95 62 18 56 22 81 1 45 38 54 79 10 73 10 43 19 69 64
82 68 44 42 61 18 69 15 47 30 54 10 89 74 28 93 88 67 63 67 84 94 30 46 3 35 100 89 5 95 12 49 81 44 71 14 98 72 76 32 46 88 70 70 8 61 77 85 48 82 53 96 48 8 23 79 45 29 68 7
52 27 49 26 14 53 46 52 20 87 15 10 51 88 20 37 51 68 35 43 30 88 79 69 4 75 38 12 10 57 49 6 1 28 97 9 96 3 69 16 62 36 87 39 28 92 13 84 4 69 59 32 91 12 93 96 11 61 55 97
43 38 17 69 92 99 48 11 92 74 40 84 29 38 24 22 2 85 98 70 28 89 78 47 30 33 17 22 8 25 59 99 96 40 22 48 34 36 41 57 93 78 67 22 26 84 75 29 58 68 3 74 62 98 100 65 63 75 74 49
88 25 93 70 94 16 21 94 23 1 84 59 30 12 32 34 59 53 69 92 21 50 74 99 16 16 6 47 95 40 20 51 53 21 40 5 23 40 97 36 44 37 34 60 28 35 77 56 58 31 54 14 46 20 3 66 92 77 6 2
2 58 27 84 79 35 94 81 98 43 48 79 23 49 15 50 58 86 49 38 29 90 37 17 64 39 87 11 80 61 79 22 34 88 67 33 56 63 32 75 82 92 70 91 24 94 85 2 89 97 84 18 82 91 31 71 50 1 100 87
58 47 77 57 15 3 20 53 65 36 90 80 21 23 9 11 46 60 44 90 81 78 19 74 4 37 6 71 57 22 60 89 47 59 47 41 5 93 74 1 81 29 23 67 74 57 33 74 66 44 9 48 28 77 29 79 100 28 13 69
99 31 53 19 95 52 89 38 71 42 65 77 54 32 89 41 40 18 60 94 3 3 88 92 4 44 89 5 61 80 41 11 55 36 92 20 7 11 26 90 18 64 87 66 70 91 27 5 15 75 83 28 60 70 45 62 9 73 74 19
89 21 10 69 81 6 33 75 41 80 78 17 32 81 12 29 33 39 22 9 6 98 8 93 2 78 25 88 56 71 26 90 46 9 99 10 44 36 89 42 60 90 11 33 21 88 85 43 16 57 74 58 5 99 44 56 48 13 31 87
80 59 11 52 96 23 67 54 99 28 17 75 78 71 93 7 8 5 4 33 83 87 99 7 28 10 15 35 33 77 81 74 80 40 61 25 80 7 27 14 65 9 5 10 97 70 75 86 53 18 37 28 58 67 95 17 56 57 32 19
15 48 37 3 58 2 9 98 88 57 75 32 2 87 92 96 86 49 10 64 92 21 21 43 60 38 40 61 39 81 74 52 30 55 35 97 78 20 14 75 26 92 33 71 22 69 30 1 79 88 47 83 29 21 10 95 7 68 75 10
50 62 17 56 22 60 24 43 94 51 57 16 99 32 74 55 6 65 20 99 67 50 90 57 81 25 8 60 5 4 75 58 73 48 7 69 48 93 10 9 84 16 65 33 23 94 52 78 95 40 15 51 48 83 76 17 9 79 58 89
15 32 95 91 89 41 8 90 17 54 39 78 21 33 96 17 69 42 37 8 21 95 55 4 70 36 90 69 23 53 69 51 35 6 82 88 99 25 73 18 68 59 37 26 58 94 68 54 49 68 87 19 19 68 4 64 58 56 86 86
77 22 56 31 89 1 4 96 46 64 74 87 1 24 69 100 43 79 1 71 19 5 23 93 37 61 67 44 62 29 100 57 8 17 34 1 99 46 8 12 77 21 7 87 63 37 34 29 16 49 74 91 40 73 19 65 20 63 25 67
3 95 42 57 12 80 4 6 97 86 89 41 53 46 25 16 3 87 38 86 62 15 57 33 46 8 61 80 62 68 72 29 29 81 28 61 86 69 2 91 86 54 31 26 25 57 29 27 64 90 14 38 46 5 54 59 11 48 54 81
33 66 63 90 100 26 57 69 64 30 32 70 43 1 5 1 10 13 46 19 75 43 94 14 81 96 49 50 14 2 50 90 55 41 25 63 52 45 100 30 40 26 48 51 83 95 100 45 73 49 35 40 44 19 28 78 18 81 43 40
31 5 90 48 4 46 53 75 97 97 69 82 22 83 53 83 13 76 75 79 85 55 69 22 57 62 100 30 12 52 45 27 1 36 64 13 91 20 22 3 84 98 72 88 40 2 98 5 32 81 53 99 15 80 98 85 47 12 64 18
36 20 75 35 78 97 39 84 9 23 7 24 62 56 75 53 97 49 28 100 94 37 54 34 53 72 37 85 71 94 32 34 37 84 8 99 3 89 12 98 40 22 11 16 55 7 54 11 86 59 60 58 98 75 30 17 12 91 81 6
95 65 45 62 7 5 30 20 26 7 54 90 4 54 75 82 90 72 49 15 7 77 59 4 79 2 92 10 71 62 24 52 18 93 25 16 76 100 33 91 8 52 33 5 9 88 69 32 36 26 37 16 27 49 67 56 68 23 41 61
65 60 7 78 37 43 62 65 30 10 57 89 45 85 7 86 78 23 53 39 88 53 46 70 99 47 60 29 46 98 45 45 72 91 53 67 90 12 59 79 7 78 15 13 46 94 87 2 68 95 54 72 14 25 5 30 99 54 58 36
11 31 85 54 52 37 95 36 5 68 6 75 59 47 23 57 48 28 33 22 11 14 3 19 78 61 8 73 53 64 16 11 34 75 83 62 10 58 55 54 33 99 25 70 42 13 28 71 51 30 4 76 7 45 15 67 61 76 97 39
59 38 6 60 82 67 65 14 47 91 48 73 79 14 64 23 4 90 60 5 94 64 46 66 3 85 80 83 54 70 21 84 34 55 65 89 77 43 39 91 25 78 36 59 64 91 95 62 45 7 87 2 60 23 66 23 88 43 66 79
28 51 14 64 92 100 64 24 93 97 14 69 61 3 85 81 19 50 52 20 81 66 98 77 63 74 100 9 5 58 36 64 89 51 28 98 28 52 24 51 69 53 75 2 55 55 51 45 75 93 41 5 23 99 10 47 51 97 100 54
92 71 57 58 51 20 38 99 20 33 65 6 83 48 35 67 57 29 71 5 72 18 48 65 37 84 21 31 53 85 10 64 40 53 59 36 41 71 32 16 85 19 16 73 38 19 45 87 58 93 50 57 18 68 28 55 65 60 39 19
17 24 64 60 35 38 57 86 61 52 49 65 34 19 74 68 63 14 17 6 23 76 41 8 46 74 23 45 39 7 28 6 7 21 11 59 79 72 53 36 28 54 22 6 71 84 41 28 35 52 13 65 95 93 56 33 41 47 27 74
85 48 23 89 54 36 24 53 6 32 70 20 14 6 8 92 27 12 57 81 97 53 42 66 9 50 73 12 97 100 6 44 41 34 98 22 35 31 51 51 98 84 47 47 24 95 7 13 70 60 78 71 99 83 42 2 96 93 38 43
84 18 46 64 84 21 2 88 82 87 52 86 51 94 11 4 26 21 14 46 32 80 37 95 43 28 79 97 6 71 10 96 87 7 55 17 47 11 10 30 60 100 18 95 17 16 65 13 97 34 7 66 65 78 99 87 40 4 21 28
70 47 23 85 9 88 61 56 16 1 75 68 14 1 33 39 30 48 6 78 1 84 50 81 26 57 14 67 28 70 63 45 16 46 12 95 7 53 20 71 59 91 91 67 36 20 71 98 68 2 51 29 8 51 50 50 13 98 36 26
11 70 92 89 10 87 28 57 28 46 93 18 84 81 34 4 58 91 2 22 71 51 9 87 40 13 51 91 74 23 74 46 27 67 43 64 47 18 75 13 75 64 1 100 72 66 95 72 98 62 51 94 15 84 70 15 17 32 28 31
39 93 52 93 56 6 77 100 33 25 24 83 86 10 65 79 40 74 3 79 82 55 72 33 79 77 35 52 2 59 69 36 70 87 25 79 72 77 90 45 86 98 12 1 74 77 84 19 69 1 83 99 71 27 32 44 53 77 89 53
35 71 9 55 82 25 70 66 57 93 24 18 58 12 75 19 3 78 49 36 57 33 9 53 22 84 31 91 22 60 51 87 3 76 74 76 76 84 9 38 43 35 33 43 75 57 17 10 77 62 36 73 61 84 95 100 14 96 36 26
49 11 91 30 5 7 100 91 84 52 99 44 6 91 70 43 41 81 54 14 42 13 59 12 14 73 2 4 57 54 10 85 97 16 57 96 61 24 51 72 13 16 80 5 95 30 95 72 13 88 95 100 6 45 77 68 40 95 60 74
18 37 30 74 43 44 54 81 17 21 91 2 14 80 45 42 48 4 71 70 54 51 69 26 5 4 9 91 18 27 27 5 16 2 12 43 18 3 55 59 77 86 24 37 70 90 54 10 7 82 59 79 47 78 37 31 76 87 38 10
54 42 58 42 47 39 47 66 41 86 21 29 63 65 72 37 100 8 1 9 59 39 89 24 85 37 74 50 36 3 58 39 95 16 13 45 80 75 18 54 24 9 80 93 35 6 53 42 4 39 90 94 10 54 5 75 33 52 96 94
1 89 12 24 86 89 50 76 80 21 23 62 22 48 86 24 78 59 88 45 54 84 77 54 27 5 3 3 81 42 57 70 90 69 2 66 41 9 89 47 31 86 27 52 14 17 25 13 82 56 1 3 15 35 14 11 78 85 22 38
66 85 40 16 49 55 38 80 37 70 73 21 39 68 37 3 78 86 55 81 28 3 4 41 42 55 37 39 65 11 38 74 64 86 73 10 19 71 41 62 96 59 2 16 76 1 90 77 84 60 11 50 18 51 26 94 82 69 94 61
49 67 64 98 56 1 94 40 74 12 48 26 10 15 40 7 47 1 81 29 14 93 57 71 12 15 65 21 1 36 67 33 94 6 2 24 86 69 42 73 19 48 38 28 9 73 32 36 68 74 17 94 77 83 96 79 1 18 100 91
15 38 96 17 51 62 82 32 84 96 93 86 49 73 12 79 40 55 19 36 69 18 81 79 52 29 18 37 32 67 1 3 1 44 36 29 32 28 36 84 74 70 3 63 98 96 97 68 49 1 56 97 97 48 12 97 60 14 57 69
75 1 79 62 70 93 63 84 11 61 24 77 46 36 21 49 3 23 65 63 91 91 97 29 44 92 24 90 1 27 1 72 75 55 14 30 67 32 84 55 50 58 74 22 68 75 7 61 25 16 32 34 20 97 76 3 94 60 4 39
75 33 27 70 8 26 46 65 17 97 97 20 99 56 40 85 95 44 88 29 82 71 60 88 59 10 9 63 60 39 21 52 39 13 23 31 71 84 25 59 70 61 29 97 30 3 95 50 70 27 63 39 52 24 55 41 56 91 21 67
23 42 88 95 57 78 28 33 7 57 98 85 23 41 28 83 31 14 83 51 72 20 96 84 56 58 24 83 98 12 46 86 33 20 95 18 51 3 71 39 21 43 83 99 75 93 86 56 74 28 31 75 64 93 16 74 97 47 19 20
67 70 33 64 96 22 20 40 80 64 44 72 76 34 13 56 52 9 57 99 23 12 70 99 2 65 27 63 39 97 95 31 83 41 35 3 8 18 17 76 65 14 45 42 2 98 12 60 58 84 10 75 12 67 10 25 52 44 27 48
59 75 62 23 83 21 16 33 4 18 19 90 89 67 89 73 52 10 41 90 41 95 52 32 70 61 83 63 65 89 14 46 88 22 60 24 47 25 96 38 4 97 17 26 40 11 64 41 59 39 74 88 61 16 12 50 41 16 27 34
51 89 90 100 64 94 5 96 35 39 79 44 52 9 89 10 98 15 60 3 5 79 28 75 45 5 70 58 2 6 38 32 42 41 80 9 15 25 56 99 81 51 59 3 87 31 66 24 77 51 78 89 6 73 90 72 79 87 43 90
16 59 77 43 24 84 57 88 73 52 15 11 78 2 24 22 8 73 28 70 57 78 20 18 5 5 32 78 32 52 69 22 27 85 73 94 42 29 76 37 4 44 4 14 64 91 97 92 67 97 69 58 55 33 40 83 3 94 31 97
74 9 4 69 49 66 79 90 67 25 43 25 24 85 43 98 85 17 70 22 15 100 34 10 83 32 7 3 40 71 70 33 44 99 71 2 31 59 83 32 43 57 80 10 83 33 62 33 33 34 40 4 72 13 36 5 73 81 39 34
73 13 1 52 55 94 80 58 85 96 93 41 78 25 37 19 29 22 7 72 48 100 99 7 92 34 58 21 28 74 92 82 30 98 54 15 16 55 83 79 48 72 23 35 16 96 32 22 68 39 30 21 100 28 93 17 24 93 81 36
36 5 32 88 12 61 93 19 72 98 68 85 92 28 38 18 16 27 87 82 84 47 94 95 4 36 71 73 2 74 13 59 49 71 66 59 15 16 85 62 42 67 59 15 8 82 86 53 95 7 7 44 100 10 74 91 97 100 80 66
100 14 86 51 69 40 59 75 5 25 33 4 42 35 65 16 75 67 82 68 96 52 46 72 95 71 28 68 37 95 79 75 17 71 73 46 17 21 92 72 36 29 30 1 7 83 19 73 65 17 51 96 1 1 56 88 45 8 60 81
100 45 68 75 98 73 93 51 62 59 28 50 7 12 53 24 82 56 7 50 100 61 63 46 100 98 34 99 76 55 52 39 32 19 11 75 63 1 67 9 70 44 65 67 68 100 29 76 90 73 76 72 25 85 11 60 3 86 13 73
15 28 15 8 27 47 56 52 60 81 91 20 45 86 63 54 63 23 21 59 80 4 69 12 95 10 79 54 75 16 9 63 15 75 35 46 45 3 17 87 93 47 15 17 61 79 25 45 12 25 8 100 12 93 66 77 86 9 98 42
10 2 81 80 77 21 52 11 28 31 11 4 9 22 35 24 17 67 77 76 45 43 50 100 78 98 98 27 85 81 28 68 88 96 85 100 44 93 16 97 77 76 8 47 12 38 44 47 52 60 90 84 36 63 88 77 15 97 35 7
11 6 65 93 53 69 29 99 81 54 91 50 20 84 6 45 70 73 37 42 43 30 52 51 85 15 39 20 4 25 33 82 84 67 20 62 19 33 100 88 13 70 17 55 18 85 7 82 92 43 72 48 39 24 83 99 12 77 57 19
95 4 19 51 69 14 60 20 52 20 86 54 59 95 6 13 41 82 28 82 71 21 75 50 29 45 76 76 60 77 79 36 33 23 5 81 83 39 94 61 17 90 16 90 6 19 24 91 8 37 55 86 7 96 82 72 47 88 26 46
50 67 80 83 6 84 90 87 79 24 82 88 90 71 3 61 70 22 35 28 40 46 90 42 84 84 78 23 68 21 1 28 1 46 6 58 19 9 97 59 93 4 37 14 19 76 48 85 24 16 27 22 2 38 72 94 22 62 27 13
37 49 5 57 19 13 25 38 79 12 38 12 47 52 98 50 94 24 47 54 30 6 86 13 87 13 95 26 60 20 37 78 64 97 94 1 8 48 42 47 69 14 58 69 37 71 53 65 78 61 15 100 75 80 46 45 10 91 35 6
63 19 94 90 45 88 25 14 40 53 75 49 64 67 96 4 9 4 40 64 7 38 6 55 99 31 98 100 99 49 78 19 14 86 31 33 49 13 57 90 43 76 25 65 90 63 81 3 20 22 67 42 62 19 28 55 100 29 64 11
12 28 23 26 18 14 88 83 47 92 38 29 89 60 78 64 24 87 61 6 89 87 55 21 46 95 15 76 61 21 50 55 67 52 25 40 23 51 58 84 57 82 89 14 60 8 83 50 24 22 76 20 21 83 27 96 11 55 66 1
9 31 53 67 88 17 61 77 42 1 12 14 38 13 80 2 94 10 97 48 1 2 26 80 9 77 35 33 23 61 45 68 26 77 84 20 30 41 50 57 46 43 68 9 37 7 12 67 21 48 60 88 93 48 10 93 69 80 59 38
35 59 73 23 67 64 48 99 79 15 94 70 12 62 10 66 47 51 40 42 78 61 98 24 91 6 41 86 8 81 61 61 20 78 87 49 36 96 17 19 18 75 58 61 36 15 8 69 61 46 82 44 99 60 46 60 47 51 31 28
51 63 12 58 27 73 43 8 97 39 29 22 67 63 55 38 19 41 15 73 35 27 66 38 23 29 45 64 8 77 46 55 69 50 55 33 88 82 97 45 69 16 77 59 85 84 32 49 75 4 55 3 79 47 56 2 33 80 76 26
35 65 23 76 49 42 48 7 58 45 13 99 81 85 69 45 40 11 92 92 61 86 98 36 35 85 63 62 36 83 89 82 57 10 11 12 15 72 54 60 49 76 71 26 33 71 2 27 1 99 79 5 44 35 32 58 57 74 51 8
86 8 72 31 83 63 5 1 78 68 18 15 100 69 8 76 6 37 42 28 74 65 7 76 63 21 12 33 25 90 39 98 93 17 37 70 31 64 72 91 74 74 91 7 61 68 32 97 10 8 91 95 73 29 39 47 73 31 99 87
86 95 10 74 24 73 33 66 56 97 12 91 31 20 48 93 35 88 14 90 56 82 36 87 84 17 45 86 82 84 95 69 80 99 24 72 45 48 11 69 2 8 16 68 8 58 36 6 4 65 52 87 69 98 15 96 15 34 69 39
95 5 43 3 43 60 56 90 7 11 53 47 61 12 9 82 2 1 99 66 47 81 27 16 18 10 64 16 68 56 95 46 47 68 49 78 12 5 8 29 35 55 13 16 37 2 72 83 51 93 31 35 88 68 45 98 17 83 57 23
8 99 26 55 44 18 32 9 2 76 84 73 55 89 8 91 43 89 95 27 56 5 50 15 90 69 88 69 33 99 96 44 98 66 44 17 63 90 5 92 83 62 74 89 36 84 5 38 1 58 68 66 3 9 71 36 53 99 77 98
48 23 4 62 53 26 42 56 46 31 89 65 58 36 56 62 65 76 69 41 51 94 18 40 17 39 47 35 35 12 69 11 64 57 35 80 11 83 60 1 66 62 49 75 25 85 86 21 54 37 30 49 94 90 3 24 26 30 67 5
18 60 36 67 8 85 39 45 14 66 19 5 33 94 18 67 20 99 24 92 43 19 52 25 14 34 85 26 64 17 44 99 2 13 56 91 19 87 73 54 64 69 20 39 78 22 62 65 55 40 49 79 87 30 94 15 46 96 76 26
84 73 99 73 18 41 57 54 16 85 85 83 57 19 71 28 73 29 49 69 64 68 46 87 55 77 28 14 92 34 66 32 24 95 91 32 52 2 3 48 61 82 79 80 28 90 22 32 63 75 59 24 45 7 52 26 11 30 1 15
88 69 65 23 96 51 19 87 55 70 74 47 4 35 69 35 65 85 55 50 76 91 1 26 86 45 57 99 91 83 80 41 13 28 80 74 61 73 52 6 94 54 96 33 26 23 57 7 74 26 13 25 72 43 83 45 64 96 92 24
72 67 16 73 48 73 17 87 98 43 80 5 70 33 79 54 7 49 47 50 92 57 57 46 57 72 51 69 51 53 90 20 83 66 81 43 46 49 4 16 33 94 49 63 28 73 31 61 99 17 16 55 32 2 14 11 33 76 59 57
19 20 7 4 76 21 55 71 67 21 62 24 100 23 89 31 24 86 86 86 50 57 19 58 88 24 94 29 77 52 90 89 17 71 90 40 34 13 52 31 46 34 83 22 90 17 82 12 1 17 26 87 40 45 19 25 85 11 24 88
90 12 49 47 83 9 85 91 77 34 72 100 49 15 71 7 11 25 81 38 72 59 75 79 59 5 38 67 2 81 25 32 90 7 26 58 5 13 99 32 89 27 43 56 54 39 62 72 86 9 67 31 94 81 66 47 89 44 38 97
54 66 4 38 84 26 8 97 8 57 42 55 68 83 8 11 70 22 39 42 100 11 20 12 21 92 77 31 2 31 20 57 82 1 89 9 16 41 63 92 38 62 62 78 29 21 32 42 56 20 27 74 43 44 15 81 37 70 49 38
47 72 39 70 64 84 66 65 74 89 50 1 58 79 29 66 89 41 15 43 50 81 15 56 7 39 59 68 69 60 99 60 80 26 25 87 15 2 76 89 31 90 75 51 65 77 31 94 83 97 67 6 71 95 2 70 46 69 18 88
36 56 75 100 15 10 45 58 80 42 31 16 83 26 38 84 28 79 68 58 59 35 8 55 86 26 73 75 45 45 77 35 100 31 44 75 35 45 57 45 11 39 60 36 22 44 86 7 73 31 51 55 15 17 31 35 95 95 62 76
