80
4
27 8 6 76 9 51 21 3 29 91 13 37 58 15 27 8 31 84 4 33 17 65 44 28 48 38 13 2 93 40 73 51 100 56 62 4 17 12 16 21 48 45 18 86 38 76 58 20 34 51 14 41 84 100 94 2 47 41 27 46 28 9 48 17 45 79 75 67 82 47 44 41 48 30 36 41 94 69 55 4
18 37 91 68 19 61 97 12 58 64 86 76 29 89 75 93 19 7 25 17 91 90 12 98 8 83 37 92 51 84 44 96 40 97 22 71 1 12 76 56 26 60 100 63 5 78 98 72 68 35 70 13 26 4 12 86 91 59 77 53 57 17 56 54 81 84 70 87 62 74 55 65 38 64 12 68 32 28 97 71
58 38 14 65 47 99 17 78 25 26 75 2 25 97 53 78 19 54 18 87 68 20 87 65 99 9 76 36 82 3 6 19 58 37 63 74 11 63 26 72 60 49 42 99 23 57 57 39 99 94 62 63 32 43 22 28 21 35 91 24 6 52 79 56 75 86 82 14 58 63 17 42 8 91 2 67 2 78 3 90
65 28 59 79 46 93 10 88 36 33 32 83 91 12 33 8 81 21 29 95 35 3 47 96 26 31 61 93 79 56 72 87 17 93 61 19 67 94 34 27 65 94 53 57 1 79 19 1 53 21 36 51 11 11 30 35 98 42 38 95 92 15 47 53 30 5 89 93 78 93 5 12 6 97 76 64 26 18 62 97
66 54 46 70 75 71 84 51 73 8 50 15 91 20 38 4 66 74 27 18 64 76 1 62 14 91 52 88 64 16 92 64 60 73 31 87 13 51 2 77 11 58 72 84 54 7 63 59 22 96 43 77 11 54 12 42 35 81 7 47 4 43 83 91 66 4 62 37 69 76 55 21 32 71 30 56 80 27 33 60
64 8 56 46 53 81 24 18 88 50 36 11 70 12 40 17 73 70 13 18 48 22 95 8 57 95 42 45 84 81 84 72 98 50 97 48 39 53 66 49 25 16 52 49 54 92 22 58 55 75 97 97 61 11 52 60 48 11 24 14 67 47 39 53 37 18 35 28 1 44 3 44 8 84 27 84 4 47 6 43
27 59 100 38 85 21 8 64 13 45 67 6 28 34 1 87 45 15 23 32 14 36 82 72 23 73 55 49 83 26 35 55 41 9 1 40 100 17 37 34 59 85 70 81 89 39 5 49 6 80 69 30 80 12 1 3 21 14 92 8 71 40 62 97 33 73 2 83 97 78 77 74 4 64 57 68 42 24 21 72
50 18 52 84 93 65 52 85 18 82 64 15 54 95 43 67 20 3 9 47 74 5 85 16 47 41 4 45 49 72 52 18 74 38 1 7 64 38 88 47 89 13 78 21 18 45 92 45 41 36 78 100 9 87 9 34 64 75 38 74 56 14 86 59 22 36 79 83 77 68 59 69 53 61 24 91 41 47 30 10
51 13 92 25 34 61 31 42 48 9 58 61 48 32 22 92 60 51 62 62 56 63 40 69 76 29 70 52 51 19 72 91 94 34 59 43 17 45 90 95 83 46 17 57 28 85 63 74 69 19 88 87 56 92 71 72 43 45 13 42 11 25 74 51 89 65 94 11 49 71 9 31 54 95 29 43 18 98 65 59
91 90 42 73 84 45 13 28 84 100 96 19 78 76 67 65 64 97 62 78 32 92 59 17 30 61 84 24 25 91 69 85 14 91 37 43 11 21 94 4 71 32 46 5 2 37 95 23 10 1 17 65 60 44 3 83 60 51 87 46 97 75 74 64 98 28 55 40 96 95 8 1 32 17 17 61 63 56 71 3
52 78 55 73 53 80 56 64 96 35 61 83 82 31 60 27 88 99 38 86 92 30 27 41 78 39 46 62 9 75 30 56 49 83 26 87 45 10 36 38 50 71 58 64 22 35 40 82 89 20 73 93 74 88 33 9 50 33 96 60 22 92 54 78 86 65 22 71 92 52 55 36 20 41 72 58 70 26 16 68
54 36 66 91 60 68 1 15 52 21 56 93 54 91 42 86 80 81 8 80 20 8 33 25 88 14 45 49 85 56 25 53 40 45 53 13 48 4 87 88 41 91 74 27 18 15 13 2 2 81 82 11 92 40 42 74 4 26 38 21 39 59 21 62 57 26 11 7 66 39 92 3 21 75 91 24 77 24 81 11
25 7 60 3 7 28 17 78 76 38 97 83 14 46 81 42 51 7 16 14 67 82 66 50 25 48 49 76 4 46 28 21 75 89 34 54 40 27 76 45 51 47 75 3 24 33 2 45 89 49 95 75 75 22 45 30 91 67 97 51 41 7 87 43 11 89 53 73 19 36 19 26 89 52 37 39 16 5 18 50
86 37 98 76 71 58 69 31 24 68 36 86 84 71 15 60 28 3 27 3 12 2 62 78 41 66 83 75 75 2 8 72 61 13 84 64 21 50 93 5 57 6 79 35 31 58 19 59 94 36 34 36 13 88 7 44 77 88 38 17 11 12 67 64 34 84 7 85 97 44 52 7 39 27 84 70 30 51 65 4
42 36 75 66 50 3 31 88 4 72 84 71 95 41 55 40 44 5 42 8 5 76 23 20 34 70 56 3 87 35 97 79 45 77 89 22 60 76 91 7 45 74 60 79 48 33 90 66 6 24 41 8 30 60 86 31 83 25 46 43 66 24 56 22 59 61 54 55 65 59 90 21 32 53 95 56 10 12 65 37
16 29 25 45 35 19 100 33 31 81 74 67 96 30 80 10 12 49 46 64 26 10 54 96 13 46 24 53 18 63 87 51 43 27 33 9 92 47 17 11 80 56 34 21 51 74 16 15 62 8 55 71 13 22 55 49 38 85 84 48 93 81 40 96 48 45 96 73 63 5 3 77 81 1 21 80 23 10 42 40
66 71 48 17 60 53 68 12 6 22 26 73 82 78 99 58 49 50 1 99 3 65 52 96 52 27 61 86 23 50 36 70 72 95 80 1 2 30 40 83 24 28 80 58 30 4 76 47 1 8 97 8 20 55 65 60 95 71 84 18 47 95 24 40 28 79 53 63 57 13 26 12 53 27 79 50 4 41 17 11
96 50 64 44 44 45 93 20 54 86 96 21 93 4 82 95 2 1 43 30 53 27 20 16 37 19 87 6 97 9 57 39 92 76 59 87 74 50 50 79 4 40 3 1 13 71 10 100 89 27 61 99 48 30 50 79 94 84 41 98 79 11 34 98 52 7 92 66 36 17 82 74 31 69 66 40 60 6 93 4
54 49 57 30 82 94 71 59 11 42 70 4 55 93 85 19 68 87 93 36 99 60 26 94 80 15 95 55 51 88 83 6 3 57 80 90 84 52 98 78 83 12 37 30 72 95 68 22 23 6 99 8 12 58 99 67 24 69 8 48 72 78 64 15 90 71 8 94 92 15 74 13 45 45 97 32 90 16 50 34
56 82 99 41 80 3 92 62 8 82 3 60 70 20 7 16 67 6 19 8 81 13 1 26 96 91 72 19 56 73 55 14 78 68 6 86 89 15 84 9 24 47 75 11 65 42 98 70 34 48 67 55 27 64 15 30 15 45 92 30 54 4 76 98 93 5 11 80 13 20 94 71 99 43 98 22 43 1 18 4
34 58 56 15 83 64 18 90 96 47 40 84 70 91 6 59 28 33 93 68 43 44 14 17 10 88 17 100 75 43 94 70 35 77 37 30 61 22 41 77 18 63 81 47 90 88 13 1 82 37 38 56 62 15 66 16 4 1 28 33 27 7 89 50 55 27 49 67 34 37 15 34 55 45 28 69 40 55 85 74
20 26 18 78 3 97 7 82 59 36 1 90 60 91 86 96 28 63 90 99 40 24 39 69 82 96 85 93 83 39 20 21 98 13 29 81 6 66 15 81 92 58 53 14 48 67 86 57 43 57 30 69 13 4 53 62 13 55 60 79 70 44 72 32 48 8 35 98 77 66 5 43 31 26 31 4 98 61 72 78
99 83 69 2 57 66 84 83 59 31 17 83 88 33 92 100 71 47 2 2 39 70 21 41 80 4 71 6 40 20 93 100 3 1 84 99 27 7 72 87 35 54 80 100 91 32 88 27 18 73 65 67 4 39 23 60 27 61 9 13 24 74 85 71 71 16 45 26 18 26 56 37 94 76 57 30 73 80 80 22
35 96 10 57 77 77 54 79 60 100 2 36 43 73 1 43 70 62 95 39 43 64 90 80 67 47 60 62 96 7 11 48 34 96 71 70 46 87 74 39 52 12 25 23 95 60 60 15 55 3 71 93 96 18 46 45 1 12 88 10 43 11 9 24 36 98 96 2 53 72 88 53 11 53 52 19 94 50 1 32
10 89 45 19 97 92 78 24 44 27 6 46 38 9 68 94 91 77 56 12 10 54 90 75 12 78 26 31 20 75 24 81 11 37 100 69 53 13 28 88 65 38 95 92 53 43 95 35 4 17 20 2 98 77 51 45 23 90 54 62 36 75 28 89 33 54 72 34 35 54 91 66 79 60 6 55 69 96 15 30
25 44 77 47 23 82 37 18 70 99 20 93 23 59 77 60 26 71 100 67 78 22 88 96 52 24 83 87 62 30 56 14 29 43 45 81 56 30 9 58 41 49 84 8 64 58 18 54 83 8 65 79 6 17 79 88 93 4 11 12 72 50 11 27 4 73 25 36 32 13 91 10 12 90 61 47 10 29 68 74
22 39 32 88 81 72 76 53 70 45 72 28 31 80 67 24 51 40 35 25 13 1 100 5 23 44 8 88 64 100 90 47 52 71 80 24 44 12 5 19 97 83 11 94 37 43 43 73 38 73 91 73 66 91 62 58 21 99 94 95 84 26 23 14 17 61 77 23 7 65 97 20 6 87 56 36 95 25 86 66
97 46 56 41 33 29 41 65 42 73 30 31 28 50 93 35 71 15 94 5 21 64 98 9 28 5 62 54 69 58 6 5 58 52 100 59 88 38 85 32 26 5 98 49 16 43 51 21 58 72 48 36 4 49 44 86 97 7 65 43 79 27 79 11 27 31 31 18 21 85 94 94 75 59 94 46 17 59 48 34
92 99 45 63 41 54 42 7 48 1 97 42 44 25 59 96 94 38 51 32 24 56 74 62 69 38 100 38 72 81 100 66 72 91 60 62 65 86 85 43 13 40 3 22 62 14 41 9 99 68 40 100 63 94 1 17 1 89 24 69 49 47 10 96 60 25 97 32 4 41 19 98 70 9 68 82 62 45 91 48
81 97 28 35 70 25 20 67 78 15 81 41 61 35 48 34 29 41 69 28 7 14 41 63 48 85 4 57 90 78 54 13 61 72 19 43 48 38 53 51 77 56 73 39 6 87 1 27 92 74 98 30 12 62 16 8 33 39 69 86 1 81 100 47 75 9 23 38 20 82 48 48 25 20 42 20 84 24 43 64
10 45 5 71 3 28 3 84 22 63 56 12 85 70 3 6 31 50 8 100 88 80 100 92 50 93 21 90 57 4 17 11 53 84 43 99 18 31 19 99 59 1 74 60 66 31 5 77 64 91 90 73 51 57 34 61 19 87 69 16 23 86 78 81 85 98 54 40 62 70 49 76 93 85 81 20 55 90 41 31
5 81 80 67 56 39 7 66 67 14 55 82 63 69 88 88 88 45 23 80 51 25 51 86 94 71 59 73 98 51 71 89 51 20 92 81 81 5 55 11 46 62 34 44 91 47 23 45 88 49 61 79 73 24 74 47 100 47 13 75 46 63 65 34 58 55 58 38 78 83 15 35 17 13 5 56 78 80 61 37
60 57 48 15 84 68 78 86 75 24 66 71 74 25 60 26 53 6 46 49 97 81 28 1 45 10 99 62 31 9 63 94 61 97 68 21 63 83 65 50 1 55 74 97 66 12 53 97 38 48 88 42 3 34 97 56 65 92 74 66 78 59 55 49 14 17 49 2 31 66 25 37 17 27 97 52 83 35 34 54
88 62 90 90 58 51 77 89 54 19 36 49 24 13 44 89 21 12 68 55 51 55 35 47 94 72 54 67 61 53 26 42 97 74 72 50 66 64 96 76 98 23 87 3 31 95 56 99 53 58 38 35 86 41 39 75 80 59 15 17 9 58 53 67 34 68 36 55 21 25 94 21 27 1 45 46 6 9 60 25
89 67 66 16 69 7 40 32 32 69 37 67 62 63 98 16 38 9 43 38 64 45 45 92 95 90 37 46 48 56 89 22 93 96 71 56 96 29 45 12 11 44 42 14 64 85 65 71 7 73 11 45 83 94 38 73 92 97 64 27 95 34 100 57 51 14 55 45 9 98 88 74 12 96 87 78 24 29 12 19
1 64 48 85 56 29 27 27 36 8 9 6 77 34 24 75 9 20 39 39 97 26 89 76 18 11 94 94 77 52 45 96 88 15 52 81 56 1 2 26 21 33 27 97 70 9 14 40 49 19 50 4 41 89 57 78 67 34 81 89 50 82 46 46 20 99 97 5 79 69 37 34 40 66 25 13 92 70 23 18
87 95 45 2 28 61 85 9 29 77 35 99 69 84 100 23 100 94 69 92 55 19 14 27 23 75 2 100 97 87 95 73 66 58 31 74 4 50 81 66 92 79 71 70 19 66 58 18 79 74 40 44 30 96 59 88 14 84 97 58 8 6 77 3 84 63 78 99 59 51 90 96 49 67 55 48 90 83 26 18
92 58 79 2 89 69 73 63 43 18 10 6 18 1 65 11 25 42 93 21 99 53 15 80 74 68 17 54 8 95 58 77 56 99 69 20 20 39 81 63 47 21 29 23 17 49 3 8 47 59 19 80 9 53 36 50 99 81 81 91 53 8 99 43 42 96 22 21 30 87 35 17 61 50 41 49 82 81 87 43
24 42 30 37 34 7 6 36 28 95 96 64 73 36 80 89 92 8 79 13 17 5 19 24 6 65 6 52 74 11 56 7 63 56 12 33 35 32 47 80 45 32 89 67 99 38 36 54 84 92 70 11 40 65 90 20 15 3 14 42 29 43 26 69 74 1 27 15 28 41 68 73 48 86 28 19 95 20 51 10
90 55 64 100 55 97 71 1 2 36 86 38 17 22 51 74 54 30 27 8 50 23 79 62 81 3 20 11 18 32 65 55 7 34 12 96 74 96 55 79 67 93 38 10 21 63 27 83 76 63 69 97 65 24 82 11 89 64 31 89 51 28 45 27 79 53 99 1 44 83 92 6 35 11 98 43 13 78 21 20
97 66 11 27 38 85 7 95 100 59 95 76 71 48 92 73 7 85 35 59 64 37 94 79 79 64 85 56 10 41 13 5 89 8 2 30 2 15 32 5 3 55 25 50 57 10 71 12 56 5 2 78 50 47 47 73 91 48 60 34 61 39 14 89 29 44 18 29 70 58 38 80 33 80 8 53 49 25 58 11
52 20 34 67 92 96 15 93 70 55 95 96 13 24 80 48 23 15 14 86 20 23 88 63 91 17 73 66 60 39 92 16 64 85 40 47 79 100 65 61 66 66 31 44 20 3 86 79 29 27 69 16 81 22 27 86 27 85 51 79 46 37 34 13 71 45 57 68 20 18 51 78 52 38 3 72 1 4 45 54
16 25 95 7 15 53 90 52 87 90 62 65 7 57 67 75 47 18 64 58 77 96 9 78 18 26 9 25 54 47 78 89 46 7 10 71 19 20 48 26 87 14 99 76 25 92 66 1 80 11 20 8 18 50 100 10 27 63 39 2 61 2 53 19 46 6 79 66 21 77 77 12 30 86 78 24 13 63 49 74
3 63 47 94 24 14 53 93 1 36 41 13 63 39 59 19 75 49 42 54 17 26 76 80 90 75 12 97 1 93 84 9 62 35 6 56 46 17 88 18 82 73 37 37 70 50 82 48 79 10 92 90 73 30 72 86 55 7 11 84 63 1 61 18 96 16 6 4 75 11 77 84 54 4 11 37 76 9 71 63
17 13 32 90 39 30 83 11 93 46 72 95 67 45 62 75 76 23 39 12 99 70 57 37 54 6 10 8 23 5 65 86 26 42 22 48 91 35 18 60 15 57 53 25 92 77 83 83 2 15 100 83 37 95 100 95 53 17 50 78 62 92 94 5 65 93 44 36 62 63 73 49 86 29 8 44 97 28 49 68
1 95 73 86 79 25 74 13 86 78 42 23 73 17 29 74 33 43 4 66 40 9 78 85 74 86 58 25 40 15 62 1 16 82 38 71 45 73 21 27 97 55 12 1 44 4 30 29 90 6 37 55 23 43 61 73 77 70 4 79 52 70 50 10 75 100 92 79 42 68 38 59 50 60 100 22 9 41 82 35
69 80 86 73 63 62 86 28 96 58 82 98 10 7 4 33 57 93 94 62 42 68 28 10 55 16 99 68 18 45 29 9 76 40 94 91 86 81 70 91 81 16 75 48 13 46 26 60 42 75 64 20 77 29 99 58 80 47 82 35 97 4 12 92 22 63 34 21 97 90 24 22 42 4 24 6 7 25 90 50
60 100 93 71 39 67 99 74 13 25 57 91 8 72 64 12 19 35 30 71 36 7 3 98 86 32 90 93 23 79 75 100 54 71 4 74 50 3 69 53 15 49 30 93 13 95 14 84 28 42 10 87 49 7 13 30 23 59 66 19 49 43 33 93 89 89 44 24 51 92 62 28 86 36 43 25 99 23 17 25
64 64 5 27 34 93 20 95 12 49 100 34 68 9 13 67 81 61 2 21 87 34 79 41 14 69 54 60 46 30 60 11 17 89 33 33 58 46 17 43 87 25 90 59 28 37 21 99 60 60 36 64 92 27 32 6 27 17 42 50 13 39 47 30 47 60 56 58 24 51 23 8 93 73 19 31 33 89 7 90
7 44 59 27 78 24 50 70 71 45 14 10 79 22 28 96 73 75 93 38 29 57 12 34 47 74 1 20 5 16 22 23 17 64 47 72 71 11 5 54 34 49 68 72 86 70 42 63 90 61 96 8 11 85 99 38 58 24 28 21 53 6 53 69 2 74 95 55 16 6 58 95 99 48 41 45 66 32 38 43
88 89 76 39 56 50 62 1 97 57 96 11 62 100 100 41 27 78 37 22 67 86 54 65 47 52 27 96 82 37 97 51 98 34 24 82 73 32 66 14 90 78 1 3 15 66 6 11 32 90 70 31 94 47 43 37 40 3 67 37 60 15 38 89 18 45 66 16 51 64 85 56 30 87 15 14 86 7 28 39
95 33 53 88 24 47 51 17 85 99 79 36 30 68 37 72 98 89 38 85 1 9 65 15 84 31 45 74 49 65 89 67 60 75 44 88 84 76 31 69 92 13 95 19 20 57 81 19 59 7 88 38 53 33 84 17 27 6 80 74 45 1 47 47 72 52 88 86 100 94 89 75 7 21 42 62 100 98 42 75
5 51 90 85 78 9 54 45 81 93 61 57 24 15 100 51 84 81 90 17 42 86 12 20 32 51 12 73 67 34 71 98 13 53 55 95 4 57 27 2 46 52 40 79 3 35 97 21 95 100 10 76 18 26 1 82 66 92 56 27 18 56 17 23 5 57 9 97 81 48 20 17 43 19 16 20 55 23 98 60
26 87 48 91 73 75 50 59 93 62 69 6 43 14 89 60 23 31 48 40 47 35 85 55 40 15 55 1 49 18 26 26 93 16 45 43 98 31 41 89 90 63 99 79 10 50 59 82 42 27 40 49 19 81 10 24 49 82 18 98 39 54 42 24 20 66 42 9 41 46 35 14 31 45 52 49 22 60 88 91
65 68 30 83 10 96 55 5 12 96 25 61 63 3 86 24 18 37 42 82 72 28 63 43 75 4 19 91 77 25 74 61 75 23 33 25 69 33 34 94 75 53 5 34 27 29 76 9 71 42 56 9 2 30 59 16 54 1 83 83 57 2 25 64 96 26 53 7 39 5 50 25 72 23 85 39 45 18 13 27
36 51 18 45 45 42 22 4 96 73 39 24 12 47 5 83 45 58 8 82 52 85 19 65 41 67 87 45 18 61 34 57 56 51 36 94 42 56 59 39 22 66 30 37 77 67 65 89 79 66 21 10 15 14 58 32 76 65 86 19 17 32 60 74 39 72 51 67 60 37 85 92 23 22 29 74 59 28 67 95
67 12 58 28 87 51 90 82 59 37 22 5 1 98 71 80 15 96 42 53 20 75 30 44 59 26 64 56 71 91 15 81 23 44 4 11 24 19 33 7 71 77 43 34 94 51 33 75 58 60 45 39 34 47 97 69 67 14 32 33 7 81 13 9 35 75 21 4 99 21 27 89 67 94 58 5 49 45 47 9
82 60 64 17 37 32 34 97 26 32 79 29 39 95 60 89 15 95 90 15 69 49 55 79 82 22 16 4 51 77 95 37 12 71 47 3 37 9 97 38 32 10 91 98 21 71 57 8 32 14 51 76 51 38 60 97 65 35 3 65 83 69 90 56 53 29 73 56 100 13 22 37 96 9 76 58 4 17 49 71
33 93 13 13 82 48 3 13 81 18 54 73 43 92 61 82 61 47 100 70 82 9 17 59 36 20 99 58 30 55 47 68 35 8 86 26 89 100 97 42 62 84 51 60 100 43 5 71 88 52 93 85 61 36 46 14 49 64 40 20 89 4 37 51 48 75 55 25 10 72 19 51 97 4 46 15 61 9 13 96
53 58 95 97 58 62 100 61 22 24 44 37 88 38 14 34 60 78 45 61 38 89 60 14 9 52 54 53 72 16 85 10 11 96 61 98 85 29 80 53 65 40 53 48 98 96 37 26 96 93 83 11 27 33 43 96 76 61 32 32 89 9 16 34 93 81 15 59 35 69 85 77 39 80 33 10 77 4 93 70
16 3 21 49 64 73 36 39 40 82 35 16 40 73 57 78 57 53 48 36 2 14 11 85 89 41 92 49 7 99 94 17 46 10 14 18 72 19 44 95 63 52 31 62 20 59 100 72 70 60 52 69 46 92 70 32 54 99 30 58 16 83 43 78 36 92 27 73 38 88 99 95 62 6 1 97 76 48 50 86
40 58 19 70 63 59 32 47 76 41 80 38 53 39 58 40 88 27 72 62 37 76 57 2 78 6 60 93 65 24 47 91 6 55 64 86 49 7 61 30 31 6 40 28 33 85 98 31 17 50 77 86 80 1 25 79 81 67 51 98 18 74 70 92 48 17 100 96 68 57 93 19 85 42 74 73 49 33 5 21
37 28 20 89 13 25 84 52 52 51 67 5 74 36 61 36 30 68 58 54 16 87 97 93 57 32 66 36 45 19 65 92 52 24 61 1 47 88 29 3 90 74 81 73 92 67 48 4 14 53 11 97 96 73 90 32 77 16 23 43 36 29 37 48 71 16 67 39 38 14 45 2 54 93 54 59 67 61 24 57
56 11 44 95 99 63 31 44 26 9 64 46 98 9 92 39 34 20 100 70 63 31 82 85 89 96 17 81 10 61 53 44 99 27 76 16 95 23 52 49 13 50 89 55 27 53 2 65 93 76 97 69 41 33 89 3 28 94 72 82 36 58 44 47 58 22 31 93 82 17 72 12 2 99 60 73 79 99 27 91
42 34 80 56 36 34 30 100 69 97 49 13 80 86 27 89 67 27 11 25 14 28 80 82 79 13 26 20 31 42 77 22 20 20 16 39 34 88 27 11 61 92 29 29 73 45 77 78 89 5 73 65 41 60 93 53 76 18 19 75 63 83 82 33 83 67 29 87 44 7 7 48 18 94 64 20 42 55 90 75
100 63 3 93 56 80 41 66 13 81 83 9 35 49 6 31 74 17 69 79 61 67 12 82 43 43 21 92 63 61 61 19 44 27 56 83 32 36 1 46 94 99 96 82 12 5 28 92 52 66 54 36 84 17 27 32 3 45 2 31 57 54 14 16 13 51 43 63 31 43 92 24 19 91 77 48 42 35 54 21
13 85 14 5 8 10 43 72 98 60 70 83 40 57 33 94 13 43 21 61 49 22 15 53 55 8 92 83 2 81 96 31 34 67 34 48 15 10 95 33 72 7 16 26 80 86 42 87 22 63 100 28 85 88 14 25 31 78 55 52 100 77 86 97 50 27 61 99 35 59 78 75 45 93 98 5 79 45 100 77
33 34 31 43 75 39 3 17 42 31 53 95 33 55 1 91 76 81 20 58 94 30 93 17 63 85 44 75 95 36 93 7 55 10 68 45 16 81 33 89 80 17 71 56 91 14 21 50 47 64 29 6 87 21 61 81 45 71 40 81 83 41 70 51 87 10 47 46 91 40 94 73 79 100 77 54 1 93 6 78
95 79 89 12 19 64 50 97 76 76 81 36 65 86 14 35 24 2 89 4 19 52 98 100 6 2 18 90 14 22 61 49 10 99 73 21 33 19 18 23 7 86 63 42 3 82 9 27 69 23 18 54 46 6 88 34 11 14 90 71 9 18 60 52 68 79 9 68 86 37 39 45 74 39 53 75 39 36 37 81
87 78 29 90 75 22 69 84 3 50 12 95 47 10 26 12 42 58 44 44 6 22 69 34 32 31 82 3 43 9 55 78 37 80 85 55 81 36 39 17 93 25 97 31 51 71 45 78 27 88 92 26 66 8 51 79 72 30 43 5 63 58 56 17 88 94 63 96 23 69 3 59 46 9 9 72 35 84 47 85
97 95 59 29 1 96 92 81 88 40 36 89 7 79 27 12 25 1 13 69 37 60 10 9 32 80 16 80 46 67 28 53 65 36 23 6 64 38 93 1 20 65 88 33 73 56 23 47 100 66 86 59 57 69 100 59 57 57 44 48 10 96 53 65 44 74 46 16 77 27 21 32 73 5 71 70 23 91 22 35
79 8 84 91 10 38 83 4 65 76 7 67 17 29 72 10 63 75 12 5 53 38 12 22 95 2 94 65 82 11 77 10 5 8 1 74 82 95 53 27 23 88 94 90 1 53 53 88 75 28 15 96 22 71 59 95 10 31 39 15 41 67 8 91 72 83 91 26 60 54 36 25 29 40 67 44 23 20 93 87
72 70 39 12 81 85 2 100 74 100 63 17 82 16 96 9 87 18 18 75 95 47 66 67 44 89 48 73 42 27 27 98 72 66 76 32 66 33 94 100 64 20 67 29 98 61 39 27 92 57 34 76 10 60 13 94 14 43 15 69 56 61 69 61 74 75 56 41 35 45 47 78 31 2 10 3 65 94 13 99
56 68 30 23 29 65 47 97 41 34 93 55 32 22 77 42 26 65 71 68 69 50 96 15 95 34 9 91 65 32 55 35 85 12 51 87 75 15 1 63 40 90 56 72 94 2 38 50 31 65 24 90 45 77 61 70 89 59 62 95 16 38 66 37 67 57 91 55 87 84 94 84 35 77 40 65 74 29 13 86
76 62 53 100 12 35 79 24 74 63 69 85 70 28 66 5 25 12 51 68 79 6 52 69 18 99 65 32 42 43 29 86 13 48 65 98 4 50 68 2 7 7 5 42 35 19 70 61 14 48 1 37 34 74 98 98 66 98 17 71 28 33 87 92 43 62 34 84 11 83 99 29 10 24 68 38 1 92 54 56
31 57 3 22 32 15 97 15 62 9 29 58 40 86 67 77 100 81 60 84 42 24 79 41 51 15 5 62 32 92 81 50 78 10 35 50 91 55 79 47 64 69 14 22 90 10 94 51 6 54 14 73 29 65 98 21 11 94 45 65 89 27 28 92 62 68 70 1 28 24 28 62 71 25 11 61 49 67 49 37
29 89 46 42 84 9 87 51 20 13 89 56 35 82 76 65 93 49 100 7 11 11 87 45 64 91 69 46 91 17 89 98 87 88 14 67 36 99 61 73 65 34 80 93 18 51 10 6 37 58 10 53 99 38 66 67 72 5 83 47 40 94 67 80 54 20 51 7 87 20 45 20 16 23 84 26 11 42 8 2
42 32 73 29 41 8 7 61 40 96 49 69 94 37 80 35 48 72 100 61 20 91 29 40 24 77 100 1 42 84 19 56 41 73 47 75 46 34 77 18 19 33 58 95 49 8 95 67 66 54 7 23 6 85 38 40 24 60 63 20 15 95 35 7 74 77 39 33 12 96 9 84 1 36 96 100 85 6 87 16
62 2 95 27 25 2 97 42 76 28 8 11 85 50 14 50 85 96 20 26 16 84 51 13 31 9 46 23 97 75 45 41 58 48 44 13 64 95 65 11 66 96 4 19 14 95 49 47 1 92 53 60 63 21 82 18 32 22 19 92 90 22 2 98 78 3 85 91 8 69 65 80 65 92 34 26 40 62 59 29
5 68 3 98 82 93 50 35 91 12 63 49 36 49 61 1 43 97 73 78 59 58 45 64 79 68 18 83 93 39 46 32 18 62 49 69 5 62 76 43 17 7 30 71 60 5 53 14 82 83 68 47 87 29 27 28 44 45 89 48 40 41 48 32 62 69 19 30 55 9 75 17 55 25 87 19 4 52 45 34
81 45 46 18 52 43 93 37 17 45 66 84 43 4 91 91 90 58 9 87 35 29 22 92 45 55 23 42 37 44 16 86 17 83 23 96 11 6 31 15 21 90 44 34 73 10 14 76 46 77 20 25 47 51 49 85 75 50 26 85 70 28 16 24 67 23 44 66 11 7 58 79 39 53 65 30 39 44 80 25
59 76 92 47 44 100 7 41 5 47 80 34 59 1 43 36 27 12 61 98 66 65 41 48 2 84 14 19 26 62 24 15 58 30 8 22 53 12 25 87 100 61 69 73 17 30 19 34 94 51 64 44 96 47 11 98 55 97 78 39 53 22 76 44 97 37 44 32 14 94 51 86 2 50 83 62 44 67 48 39
2 67 12 84 3 62 80 98 78 74 34 58 67 38 67 45 42 95 21 37 89 77 17 6 83 67 99 13 52 30 77 19 73 52 31 98 17 70 22 100 45 47 61 74 45 85 91 89 58 36 17 100 50 94 72 15 71 94 93 80 61 54 11 21 8 20 32 94 77 64 42 70 20 69 38 72 63 99 29 4
19 98 98 3 71 90 33 35 9 95 12 33 50 68 27 70 6 17 37 42 25 75 67 65 62 2 62 20 33 60 55 40 27 92 25 75 100 37 30 96 27 33 34 22 40 46 4 29 85 45 17 20 49 26 77 52 48 27 77 80 3 96 14 87 93 5 91 34 31 53 17 26 12 78 41 74 50 17 89 68
42 5 82 96 54 50 16 63 64 85 19 83 58 61 61 51 97 84 34 26 20 5 5 58 54 64 91 92 37 15 61 96 4 43 78 82 68 98 68 29 37 37 8 38 43 60 75 92 23 2 87 78 58 49 21 78 75 83 85 26 14 63 21 34 22 68 2 79 90 68 47 95 41 45 13 11 68 54 49 28
54 5 41 56 25 92 89 82 47 32 80 76 48 85 9 89 94 40 22 62 8 85 61 27 24 92 9 30 57 90 44 98 22 58 41 49 13 62 63 14 8 74 24 81 96 53 10 83 81 38 13 90 88 44 79 19 24 82 95 42 9 86 4 64 70 20 54 4 38 59 94 41 35 3 30 68 67 63 90 81
27 74 76 62 80 32 7 53 90 55 29 71 84 75 54 63 60 84 80 1 21 18 14 53 19 50 37 17 66 58 28 10 98 4 33 90 24 21 86 65 55 18 13 6 9 77 63 73 48 60 28 89 91 10 81 80 82 11 91 33 39 63 96 51 96 6 65 72 68 89 49 44 72 79 37 15 5 3 18 76
36 23 15 18 89 72 12 94 10 46 66 30 80 89 27 49 22 57 91 92 22 70 31 32 3 7 85 54 83 4 8 29 42 7 47 10 23 97 16 11 28 38 39 47 35 61 69 69 75 93 100 32 57 36 88 6 71 11 61 61 69 89 72 61 89 73 63 41 35 60 9 33 46 20 11 77 58 79 68 69
17 79 33 4 41 67 58 33 85 95 53 40 94 83 93 9 56 14 47 44 47 96 65 68 100 5 81 44 79 22 53 81 31 72 8 33 28 89 43 89 65 12 20 32 17 21 69 73 25 47 44 40 81 84 67 56 45 56 94 51 54 22 50 28 59 79 71 99 10 95 70 62 54 31 6 53 1 96 11 89
52 88 37 63 48 70 64 11 10 88 1 28 58 100 16 39 95 36 53 22 29 17 37 15 88 47 18 17 75 25 12 35 33 41 89 35 28 57 80 36 3 68 22 41 53 86 23 69 21 78 46 2 67 4 80 64 84 67 79 67 36 31 72 1 23 37 51 48 58 23 10 95 97 92 61 79 33 47 34 32
21 27 45 98 46 31 49 44 49 35 71 4 32 98 84 56 29 78 99 54 62 86 17 76 66 72 51 15 97 74 39 93 16 81 75 95 57 25 91 67 57 77 63 63 50 30 85 31 8 67 55 54 81 91 41 95 81 45 82 2 12 34 61 74 21 16 36 97 47 88 50 35 63 45 97 44 50 29 33 78
95 23 60 84 40 65 100 59 77 61 56 12 65 2 4 45 90 19 30 21 16 3 18 41 7 46 77 48 38 8 68 9 19 59 7 12 39 97 72 69 57 22 87 32 20 65 69 100 57 46 100 37 40 77 65 80 10 92 43 16 7 40 81 82 95 24 71 30 59 34 86 88 18 69 63 22 25 61 44 99
31 28 90 96 99 15 33 57 27 90 46 59 47 72 88 18 83 20 15 71 1 78 81 94 1 43 16 77 59 63 15 76 87 50 37 31 27 34 4 61 14 30 2 32 14 47 38 9 78 81 97 5 8 10 3 72 9 54 67 50 11 30 75 46 38 24 70 76 32 79 73 92 45 49 94 23 31 89 74 85
24 89 81 65 5 51 52 17 9 43 14 58 30 29 55 46 32 37 56 50 87 77 92 25 13 12 17 87 30 91 33 84 44 16 95 16 32 42 60 49 13 5 7 5 7 26 27 3 68 41 21 21 27 65 60 91 80 21 95 31 15 15 54 73 75 40 19 71 74 40 34 68 59 15 11 91 13 72 46 60
75 5 94 11 94 36 72 83 68 66 76 24 63 83 43 54 17 16 84 73 14 7 40 75 33 24 60 31 1 23 30 67 83 44 30 34 6 53 21 33 67 89 1 29 89 76 57 44 24 94 95 37 1 16 9 42 8 78 24 42 33 55 10 7 51 45 40 58 2 16 96 14 1 91 56 47 47 46 7 63
55 49 53 55 37 58 93 10 36 69 55 100 53 91 75 46 51 18 73 96 7 60 91 92 100 44 89 80 53 61 66 93 1 94 62 93 38 38 9 62 44 59 70 42 96 56 36 77 15 36 65 34 20 37 92 88 75 17 5 36 20 41 86 34 45 73 68 48 33 22 27 54 47 71 85 34 44 18 61 70
14 76 19 80 73 85 21 51 56 25 24 8 35 40 2 39 3 64 19 71 54 28 63 52 25 58 16 3 92 7 42 81 19 40 65 46 7 17 23 53 28 23 31 43 31 92 55 74 65 28 39 49 54 57 95 57 61 9 46 19 89 65 64 10 41 95 18 86 69 30 22 63 65 49 90 18 23 87 37 95
49 69 17 93 56 45 37 5 59 14 21 14 25 54 51 72 86 47 32 84 96 44 61 79 79 49 96 23 68 53 51 33 15 64 13 61 83 38 19 69 3 38 70 87 45 69 6 86 14 62 8 8 60 47 82 72 32 78 13 84 23 54 79 94 56 30 57 85 56 15 89 27 89 21 35 91 84 42 61 33
16 98 49 58 56 53 100 49 52 7 55 96 74 3 97 22 84 97 58 67 91 9 35 5 97 45 73 5 77 15 93 26 97 59 24 48 93 84 89 100 72 43 82 76 13 43 73 9 35 48 66 98 88 9 38 48 12 44 93 84 62 80 43 65 41 14 7 35 100 23 29 83 46 57 27 6 57 9 5 45
40 40 27 99 25 50 19 56 84 38 67 25 43 56 53 12 80 57 92 91 33 19 16 51 16 33 41 28 92 6 68 48 75 72 85 95 68 61 83 20 3 100 66 81 26 30 71 17 43 83 84 26 73 30 47 69 31 37 77 36 95 54 19 2 57 26 54 69 6 68 19 2 87 44 53 95 82 16 96 94
10 90 25 29 67 79 47 13 100 46 13 39 61 38 68 21 78 42 49 15 38 69 82 30 93 84 11 64 82 88 3 59 95 94 58 75 72 69 28 21 32 10 29 45 96 39 22 48 90 92 32 93 47 92 37 50 31 89 91 77 11 99 76 37 18 51 51 47 35 15 65 53 61 92 43 23 71 59 74 65
72 43 70 6 42 88 97 51 41 52 53 94 72 42 27 58 23 63 21 72 45 79 28 88 39 100 44 37 15 72 42 29 49 70 86 30 70 6 39 6 34 58 26 55 4 40 53 82 26 87 87 73 79 36 50 54 13 74 35 52 80 35 97 27 11 65 15 52 77 60 38 73 59 83 63 10 29 70 33 14
16 57 13 23 51 58 79 95 23 56 25 30 43 64 31 71 56 87 67 33 60 27 22 56 45 61 36 61 66 10 32 47 64 9 68 96 65 87 23 56 41 65 70 24 58 4 10 69 75 82 54 1 43 40 99 87 77 38 31 90 44 83 68 39 23 50 3 56 35 81 46 68 12 14 48 41 59 20 78 3
32 89 61 63 33 52 59 81 57 29 75 97 98 12 98 86 34 81 70 15 97 45 86 38 26 14 22 15 17 65 72 70 53 97 88 63 93 74 61 69 98 49 89 95 78 36 31 2 3 38 87 1 19 13 9 73 79 53 88 7 53 72 51 32 25 21 99 84 24 8 61 32 95 2 26 69 34 57 94 78
51 36 42 74 83 79 38 72 84 32 47 98 86 70 36 18 44 39 15 84 3 67 40 25 33 97 94 4 34 61 72 30 82 18 78 53 63 56 98 76 1 41 96 80 22 51 98 48 51 90 25 91 38 20 51 46 46 72 29 72 49 80 62 89 70 3 69 9 84 64 42 19 58 57 50 27 21 44 13 45
54 33 57 83 52 50 91 14 29 86 77 21 75 24 36 82 3 47 50 98 77 61 3 13 83 68 14 70 42 84 32 43 87 2 60 53 47 76 31 25 7 70 92 12 99 24 6 33 67 12 45 27 37 30 13 3 93 67 31 5 45 25 4 88 71 98 78 27 41 16 35 40 69 19 48 79 3 37 100 83
7 14 16 26 71 27 81 59 14 11 34 72 27 34 20 64 21 71 88 59 46 89 94 80 81 87 17 44 57 36 75 1 60 51 69 95 58 56 42 43 56 5 50 56 14 27 67 66 33 82 24 72 54 78 71 33 68 23 10 51 95 49 95 45 2 28 37 42 83 27 44 100 8 91 16 65 94 100 8 77
3 28 97 59 33 80 20 29 31 30 67 27 40 68 85 54 92 62 87 72 44 71 53 45 100 90 44 23 35 15 28 99 35 57 24 48 55 50 25 55 86 14 12 29 30 57 60 48 63 68 93 4 77 55 48 99 40 18 40 9 84 31 30 77 95 29 50 57 86 63 58 13 47 89 64 55 40 29 5 92
72 18 24 3 62 78 52 96 2 25 6 18 50 38 46 46 53 47 89 26 94 78 42 40 19 56 60 78 77 57 36 33 84 81 98 80 6 72 21 3 80 22 28 6 27 71 9 28 62 66 87 42 74 30 63 4 41 48 6 90 76 95 55 35 66 59 65 72 95 92 87 15 89 70 72 20 64 95 41 9
92 95 12 19 55 60 87 87 26 17 92 80 87 45 7 46 17 15 83 42 55 97 12 36 76 8 99 22 3 35 60 16 26 98 97 68 62 48 85 59 99 5 54 59 12 34 82 34 4 52 96 72 99 19 54 12 90 50 20 40 93 78 39 17 27 85 64 71 92 53 12 16 84 3 4 16 14 20 51 1
19 5 96 75 24 30 90 37 37 62 95 29 73 39 61 53 89 45 75 28 36 59 20 41 30 25 73 45 1 98 9 27 13 49 67 78 47 24 45 72 59 6 20 27 70 83 41 38 9 33 19 12 53 14 29 90 14 82 58 63 7 100 63 21 95 17 1 46 52 32 77 60 17 44 43 76 79 98 61 85
35 36 88 91 14 38 27 72 75 100 74 30 96 17 61 40 35 75 57 70 38 13 27 35 67 27 52 56 51 29 53 68 97 45 34 14 79 100 49 68 6 10 77 41 78 49 6 85 9 80 61 35 42 3 30 32 45 32 29 85 97 83 38 58 65 89 32 6 39 82 35 28 8 48 54 40 9 1 7 8
29 49 27 41 30 41 49 76 45 52 70 65 31 67 71 71 21 56 81 47 51 63 12 18 96 81 60 9 53 4 29 40 98 82 50 47 65 16 98 71 76 27 63 61 67 78 86 94 84 45 18 88 96 88 50 58 52 43 64 17 31 5 99 55 42 68 83 26 16 82 15 15 53 29 48 64 18 60 35 84
33 45 74 30 82 23 13 65 63 9 84 93 97 19 11 85 51 48 25 11 40 65 75 59 62 20 3 35 80 54 54 82 100 68 44 2 46 64 87 82 20 76 29 52 1 70 9 7 98 52 36 45 52 86 11 53 85 45 79 20 59 95 10 6 79 97 97 18 34 17 41 9 17 85 100 46 58 25 85 100
93 51 93 51 43 94 61 22 73 39 1 4 90 39 1 44 84 26 9 69 55 21 59 37 86 87 89 13 71 25 81 46 86 69 24 13 51 88 54 75 9 32 85 94 62 44 23 100 22 39 18 79 26 85 33 99 49 81 69 30 18 89 7 48 11 40 38 48 67 55 94 58 87 2 74 80 33 39 27 6
35 4 64 67 3 9 1 51 39 15 47 77 25 39 14 5 38 97 91 4 41 80 92 41 54 37 37 62 1 55 95 96 88 71 70 30 74 46 68 38 77 22 40 98 68 6 23 17 66 74 21 37 83 42 47 59 46 88 33 27 51 40 69 18 57 64 20 18 46 18 76 99 88 68 81 98 74 30 90 50
50 58 26 52 54 67 69 8 67 92 52 96 78 84 13 99 38 80 72 52 8 12 60 42 3 1 46 32 18 37 16 94 94 81 66 76 96 10 72 19 51 49 35 86 18 80 17 61 23 32 66 84 83 24 52 62 45 74 89 57 54 27 23 82 75 17 76 41 7 27 58 99 10 30 38 36 33 26 76 90
1 8 42 63 96 8 39 98 16 38 56 59 30 96 21 4 63 7 73 77 15 59 59 64 19 25 2 48 50 69 33 75 3 76 35 35 90 10 75 76 29 46 40 72 88 5 26 35 96 72 62 38 1 93 86 66 37 25 99 12 68 44 8 69 10 2 89 44 63 23 6 47 10 26 86 8 19 48 39 22
37 81 62 91 32 79 35 7 90 22 84 21 14 97 41 56 1 41 16 40 15 82 86 50 4 87 57 36 32 91 45 1 21 48 46 3 89 4 43 23 12 64 87 41 82 68 12 31 5 39 12 25 73 22 58 1 75 23 90 48 1 3 47 26 71 72 4 2 31 2 78 66 70 99 65 82 23 55 72 56
45 54 62 19 27 13 97 47 20 10 62 62 53 81 2 67 66 52 98 71 86 79 68 30 14 18 30 41 30 62 100 7 54 9 91 75 51 34 96 65 43 21 88 9 4 4 56 6 23 44 83 9 21 46 70 30 24 73 6 14 87 65 66 25 93 47 33 12 54 22 68 16 55 44 87 94 74 36 38 88
69 50 76 25 37 65 97 41 76 31 76 71 37 82 5 54 89 82 17 77 91 67 16 46 68 40 42 63 34 14 84 5 76 16 16 51 70 54 99 66 44 23 6 70 85 30 91 25 53 87 89 42 76 52 37 93 48 24 75 66 84 51 81 5 22 84 95 93 43 27 23 23 39 36 73 24 17 18 55 25
45 71 9 54 80 37 93 87 65 39 68 76 35 49 66 44 50 55 36 91 85 51 91 20 56 43 78 45 55 5 45 7 20 20 88 22 73 8 64 27 47 51 86 70 2 5 98 34 73 77 36 18 53 12 99 54 67 90 24 18 84 76 52 1 31 43 72 2 47 4 67 18 12 42 47 24 89 51 12 87
83 79 61 86 39 97 35 87 27 77 78 91 73 23 49 32 55 59 4 100 71 53 72 27 37 35 91 6 92 48 93 76 9 78 47 16 8 34 82 10 79 56 81 70 43 76 6 54 49 36 96 63 12 99 36 10 41 59 99 74 20 45 97 80 64 18 87 36 42 1 71 80 30 44 27 33 48 70 39 88
9 29 94 73 76 12 60 88 39 32 66 6 6 32 40 51 70 36 68 90 57 41 94 3 52 38 36 61 52 31 62 82 76 40 21 19 13 47 26 77 57 76 95 82 96 58 88 100 5 68 12 52 12 77 39 8 42 95 3 35 21 3 49 57 100 8 49 100 72 26 26 64 58 55 39 94 72 27 4 27
76 9 86 40 93 53 16 51 16 86 96 57 89 48 51 5 45 79 68 84 49 70 29 54 84 74 59 94 56 33 44 21 98 44 72 78 44 44 67 97 97 46 36 97 38 33 55 86 92 59 19 88 75 88 40 33 78 48 24 84 61 21 21 5 67 36 11 89 41 93 35 39 66 11 62 6 76 4 97 21
68 81 94 57 85 56 29 29 92 87 43 91 52 46 11 94 34 38 89 61 96 46 19 79 14 19 21 33 63 1 33 32 26 42 86 97 71 98 81 73 14 44 53 3 21 57 34 44 86 38 33 68 40 22 52 12 44 6 4 70 100 21 36 62 48 43 31 24 66 87 79 40 27 8 27 94 49 77 61 99
22 5 99 53 14 27 61 19 54 13 80 2 27 74 34 66 25 88 58 5 93 43 9 67 5 55 79 41 46 91 98 100 68 58 36 52 86 81 60 2 4 16 57 100 25 45 52 64 52 30 23 39 61 14 65 65 28 22 10 80 55 86 63 33 89 15 23 74 48 22 95 31 11 71 16 56 41 82 31 54
40 90 13 44 99 27 41 11 22 8 18 31 76 54 74 5 91 41 77 59 88 75 90 92 74 77 12 18 34 53 70 79 52 99 75 39 41 7 39 50 47 38 64 24 89 72 93 56 61 49 7 14 64 58 78 11 30 14 25 50 49 37 59 68 81 27 6 9 49 67 92 79 4 26 7 83 18 37 5 31
59 44 7 82 14 50 17 100 53 44 68 37 1 91 58 49 28 62 92 59 85 19 10 61 5 14 30 8 96 2 79 49 39 77 62 44 20 85 4 35 9 30 17 47 45 9 67 24 46 21 55 52 14 5 93 96 17 27 53 41 49 7 54 92 85 80 2 5 49 35 99 4 61 26 18 10 56 92 27 85
27 41 87 92 13 46 8 71 75 73 66 24 82 32 96 72 4 20 34 63 91 26 42 55 1 28 78 5 79 92 43 35 2 58 84 31 88 68 38 98 54 40 68 98 48 20 42 83 47 73 49 60 31 16 68 20 7 46 22 56 54 24 11 98 92 7 64 60 16 1 96 20 93 91 45 59 80 91 96 62
65 44 58 71 13 61 3 39 71 86 69 46 18 41 23 4 78 99 17 24 99 36 95 97 7 38 55 28 27 24 33 91 69 15 5 95 49 43 74 47 10 84 44 36 62 46 58 96 18 87 45 100 7 71 42 84 19 52 100 84 10 96 88 97 88 2 77 47 73 80 57 58 54 88 78 8 13 38 37 88
59 71 50 74 24 25 78 63 67 47 48 80 83 95 96 7 54 85 87 5 44 86 90 82 83 7 78 98 34 71 16 81 62 74 40 79 17 31 46 58 36 87 20 21 58 89 21 23 72 16 19 31 58 98 74 22 69 57 17 60 67 96 3 56 8 24 4 17 40 90 55 95 7 10 43 15 41 100 69 5
15 93 83 61 37 34 82 65 21 68 42 71 72 89 37 73 75 20 46 64 81 16 68 55 24 14 9 99 75 8 74 91 95 22 72 95 92 17 15 63 56 80 16 14 35 87 99 88 91 8 53 31 28 34 22 61 9 84 76 80 84 12 77 9 70 28 31 72 25 55 32 31 67 91 71 41 57 85 54 57
85 99 28 50 79 59 39 87 16 51 27 19 93 16 86 6 28 3 60 84 77 12 94 47 58 36 55 29 36 15 87 85 47 4 39 59 14 84 98 10 63 17 25 26 46 7 78 34 41 13 60 70 36 62 66 90 28 89 28 76 24 89 73 2 69 48 65 42 27 43 86 58 21 22 7 79 100 24 58 86
85 10 44 80 2 92 18 12 72 82 97 39 12 23 76 5 62 40 93 43 63 68 55 17 87 55 16 21 23 4 71 91 58 54 25 14 76 65 72 58 67 15 16 46 57 85 91 60 70 6 72 66 61 52 36 22 23 51 73 93 62 96 70 35 13 72 64 52 1 76 29 82 29 39 10 10 76 22 55 58
78 14 45 35 13 18 42 73 57 45 89 37 78 70 56 83 33 87 71 29 62 83 49 8 20 67 54 51 13 46 48 92 37 32 9 39 16 93 19 3 71 16 90 39 64 35 61 76 23 58 28 39 62 75 94 73 75 41 71 29 72 72 14 96 32 91 54 47 24 27 62 47 38 49 43 41 13 5 94 43
19 10 61 49 75 60 85 73 67 61 62 6 43 32 54 99 69 1 80 42 38 26 26 63 19 15 54 62 53 79 87 53 38 82 87 31 79 45 72 45 93 31 29 81 80 7 22 59 49 83 6 90 53 44 19 61 85 27 64 64 84 57 2 66 1 19 40 82 58 80 77 65 66 54 10 34 11 99 22 50
88 7 20 87 71 89 29 72 69 99 28 83 96 48 50 47 74 93 97 43 21 77 13 81 25 84 82 11 17 95 9 46 12 45 54 7 81 38 91 57 73 85 8 44 37 89 95 2 93 94 89 25 53 24 87 88 62 41 55 13 14 34 97 78 89 78 24 91 43 71 23 24 5 54 35 57 85 7 50 54
85 55 99 66 29 57 36 36 42 63 51 73 33 89 91 75 80 75 5 11 33 94 77 41 99 61 10 21 38 85 95 52 82 3 53 80 66 77 76 44 34 29 80 40 48 31 93 57 94 9 25 26 48 82 19 8 20 42 88 72 90 68 3 12 71 81 99 58 74 10 1 4 69 93 36 57 42 79 88 96
10 4 96 75 51 47 84 96 46 42 26 66 95 19 93 13 49 42 77 55 98 66 59 69 47 24 20 45 86 25 80 2 8 66 47 66 17 89 55 27 48 65 75 95 25 68 82 3 76 16 36 28 92 93 26 37 84 64 72 64 37 75 3 4 44 52 33 14 44 76 57 11 1 23 28 69 68 100 10 64
55 27 6 32 53 89 36 79 16 44 2 64 9 88 55 18 4 96 29 51 96 39 51 14 32 84 75 54 19 98 7 15 24 55 12 92 43 39 31 75 58 91 76 99 62 63 42 34 67 58 90 45 52 38 39 94 70 38 69 37 2 7 32 93 6 50 16 9 82 5 12 27 93 76 67 92 76 86 68 43
64 44 61 10 24 9 8 93 12 71 38 13 21 23 94 46 86 2 8 65 53 60 40 78 50 14 55 80 31 45 31 39 15 48 12 75 63 72 61 75 76 64 27 43 25 28 70 60 96 85 94 76 62 98 77 37 45 56 24 57 40 84 35 51 94 61 53 26 45 82 47 90 19 31 49 44 80 28 94 22
15 74 14 31 3 48 84 99 52 47 42 24 64 95 24 81 65 9 68 100 32 25 59 67 69 64 59 62 39 3 32 22 61 54 20 65 15 94 72 29 53 11 69 55 80 89 33 47 22 29 6 92 94 26 15 29 92 40 9 61 34 18 65 29 53 56 59 38 32 26 4 74 10 80 36 93 74 78 13 54
93 23 34 28 18 72 100 4 55 10 70 99 38 29 97 9 5 14 53 54 71 37 80 72 93 41 82 74 91 29 76 31 94 8 13 15 96 26 81 52 58 20 77 80 18 74 87 52 58 65 63 98 80 76 42 75 93 79 68 14 24 7 25 44 75 30 10 79 15 67 23 56 72 60 3 32 77 64 74 88
51 99 14 30 15 29 57 38 28 55 60 10 92 3 39 86 82 93 98 82 92 89 55 68 15 68 11 35 86 58 79 9 41 43 64 48 48 82 29 59 36 60 100 94 15 16 92 79 72 96 81 51 54 74 22 55 10 79 68 36 16 10 21 80 67 54 29 54 15 43 55 18 48 81 46 27 40 63 73 20
66 11 68 22 92 42 41 55 58 2 68 31 80 67 19 26 92 16 78 86 75 13 50 51 4 3 80 99 48 27 95 41 87 29 39 31 4 80 76 48 69 76 88 73 66 88 94 62 1 67 60 100 60 91 83 5 97 14 22 95 59 47 37 84 87 72 9 84 68 52 1 73 22 70 75 49 13 44 33 18
3 80 100 29 24 69 81 87 49 94 5 13 62 95 8 3 17 89 55 57 96 59 47 31 49 35 74 15 81 91 3 45 34 31 15 100 18 20 2 85 26 76 61 9 21 55 70 38 26 78 31 44 67 67 21 64 18 78 62 38 82 15 24 45 55 53 100 36 16 41 56 50 19 55 31 100 25 12 27 89
35 14 34 90 11 85 92 18 36 88 39 91 61 89 10 89 80 48 18 5 19 96 54 12 74 11 75 58 46 82 67 42 45 78 57 91 49 39 13 32 88 69 3 63 10 10 17 76 91 47 44 98 64 43 34 46 14 75 88 13 88 32 56 71 90 3 56 92 98 6 21 69 8 9 77 42 11 90 5 35
1 14 51 94 92 21 16 88 31 2 6 56 94 79 56 79 50 12 25 79 23 37 65 90 55 90 18 99 51 17 98 89 82 69 94 58 26 27 26 68 71 16 93 92 64 19 27 39 82 96 25 91 19 21 51 93 23 56 81 97 18 22 48 16 75 2 65 70 1 21 86 47 91 76 34 87 55 80 47 28
8 7 70 32 4 21 66 54 86 20 2 59 5 91 79 10 62 30 97 64 45 66 47 16 98 16 36 40 44 60 74 42 55 65 30 46 2 99 81 94 16 74 2 3 6 71 35 60 55 1 53 2 42 16 70 20 34 27 44 8 10 23 98 72 48 91 1 67 9 88 25 84 75 73 36 14 22 99 43 5
61 55 64 57 7 16 75 52 20 25 90 34 91 19 73 23 68 5 28 71 24 4 19 45 2 3 36 82 46 7 27 46 14 85 22 83 58 12 52 2 47 73 16 66 79 66 62 86 8 91 92 77 95 31 40 86 49 65 36 30 8 60 12 29 65 11 78 60 7 10 59 46 56 67 4 93 71 42 63 44
49 37 63 43 78 23 49 87 63 13 55 27 84 46 35 67 11 19 86 83 65 64 98 44 2 64 26 73 93 52 55 31 47 58 81 66 87 6 15 41 73 65 11 60 55 31 12 22 72 36 55 43 51 23 19 71 16 23 91 17 73 10 4 42 56 83 52 82 50 70 31 21 26 31 13 14 81 86 2 76
23 57 93 2 38 80 66 38 56 1 73 80 29 73 13 57 84 99 9 60 29 93 40 83 45 49 44 76 49 92 96 46 71 31 35 20 95 59 27 43 91 16 11 29 80 90 47 45 97 88 68 16 57 76 3 72 66 1 54 79 67 27 46 3 77 90 19 74 69 94 47 14 3 19 73 59 44 3 32 83
90 90 69 98 10 22 77 25 35 93 58 34 67 50 35 46 40 7 97 87 21 25 80 53 4 15 64 3 64 74 98 83 45 81 34 17 46 51 76 35 65 99 71 63 60 62 72 79 99 25 83 53 66 38 13 36 70 95 84 36 66 84 78 19 100 74 10 10 65 24 34 61 68 73 46 38 98 31 54 93
17 26 3 69 3 71 1 57 36 25 40 32 41 69 94 51 57 12 8 75 59 68 78 98 94 26 46 21 7 34 84 9 37 18 83 86 11 49 88 100 79 13 95 85 71 76 90 9 18 88 17 88 64 41 58 44 54 92 99 1 5 5 31 13 22 59 26 86 60 94 78 26 53 69 73 51 54 83 78 86
3 57 10 66 77 26 92 89 93 85 60 34 3 56 26 56 32 1 92 2 95 66 75 25 82 98 59 88 56 23 28 7 70 7 100 64 31 29 58 83 15 10 19 47 2 39 77 1 95 33 35 92 22 71 50 82 57 100 84 100 64 36 24 94 87 41 75 71 82 14 82 60 88 100 64 66 93 71 81 44
61 84 15 35 53 63 76 91 40 70 25 97 57 29 3 52 64 12 6 9 71 15 65 59 84 73 19 76 55 85 12 5 54 71 24 85 71 24 29 22 39 59 16 46 31 82 40 75 93 63 23 38 23 86 38 81 79 9 29 29 5 46 92 6 24 81 81 88 52 48 48 94 87 50 26 39 74 93 15 1
62 78 16 13 52 56 34 33 79 20 70 79 31 64 92 96 14 79 6 13 1 1 3 44 64 6 90 71 33 50 74 46 54 21 70 92 22 95 83 84 2 30 97 20 33 94 8 78 73 25 51 17 50 41 42 83 31 24 70 91 78 71 59 20 37 33 57 68 32 61 99 42 6 10 23 81 60 63 56 58
99 22 2 23 52 29 21 30 58 70 52 22 5 30 55 83 25 28 64 32 27 100 65 71 71 82 39 63 54 4 8 100 18 97 74 58 67 74 96 61 53 59 51 1 13 72 70 70 83 12 53 65 81 59 75 100 35 91 43 39 85 61 97 25 68 23 3 94 93 48 74 10 61 55 24 4 25 1 72 94
74 67 66 43 99 72 81 15 86 98 4 23 95 23 15 74 43 59 62 75 64 12 68 69 21 81 84 11 55 28 61 5 77 24 14 19 32 3 75 96 77 44 55 37 26 30 41 24 13 89 43 95 46 11 98 71 44 21 50 85 88 23 86 24 81 26 73 29 5 61 26 90 97 21 89 45 38 94 62 78
49 8 85 35 71 63 75 5 83 66 4 51 24 55 63 29 52 22 7 41 59 67 90 67 66 90 84 7 15 76 68 2 85 88 97 8 73 59 87 55 44 11 95 12 27 38 15 84 82 41 60 71 82 77 28 45 92 97 68 59 47 22 83 84 16 61 100 13 19 62 24 81 4 11 31 3 97 50 41 90
93 42 16 36 10 27 29 27 67 55 68 94 15 57 39 38 98 22 73 41 50 5 4 32 76 53 7 66 34 6 5 33 63 28 76 79 60 74 64 71 10 4 45 82 19 68 74 59 83 90 50 84 1 30 42 77 79 6 9 70 1 36 5 81 98 14 64 95 26 23 52 20 37 56 53 72 69 34 77 31
98 54 44 45 85 4 35 12 84 18 14 20 94 66 25 78 81 43 12 27 17 15 67 89 58 84 15 24 17 56 48 20 56 56 11 99 84 76 96 65 24 36 91 25 74 79 13 23 68 21 13 51 75 42 72 88 69 66 43 19 26 5 61 55 85 28 14 9 73 35 71 88 16 23 27 97 32 63 30 56
84 24 5 47 83 62 67 10 74 4 86 59 31 17 87 61 25 34 90 18 50 95 1 74 61 95 37 47 26 11 62 53 14 56 35 42 52 47 73 21 96 9 51 98 48 59 51 29 29 94 34 79 28 84 10 99 7 93 43 42 2 84 16 19 9 65 38 69 58 48 24 66 5 21 99 75 13 97 63 65
59 5 83 79 20 66 63 48 94 21 100 44 69 44 58 11 100 8 14 70 77 41 18 9 64 26 6 78 13 14 66 99 48 6 7 100 40 48 36 81 93 95 73 91 16 81 24 41 45 3 21 32 65 44 89 39 70 11 15 57 76 84 12 80 40 81 62 10 51 24 48 43 9 17 7 94 40 7 89 30
41 90 45 25 66 88 19 49 57 21 57 46 11 37 88 13 81 51 11 19 59 78 71 69 83 29 49 43 1 56 91 58 65 52 20 54 29 63 68 52 93 33 97 41 67 81 22 52 95 34 66 60 41 70 71 59 60 55 80 59 20 82 7 77 25 16 28 73 12 98 97 14 39 42 70 2 99 15 8 33
59 1 4 97 74 34 95 87 7 14 97 73 19 82 5 16 84 34 36 71 50 100 53 83 21 15 80 52 82 28 29 11 53 85 32 86 49 83 31 60 49 18 43 68 6 98 23 61 78 41 6 74 50 33 35 55 48 4 84 81 8 89 97 21 63 11 7 76 20 54 28 1 77 43 61 27 80 3 52 97
73 84 92 24 31 27 34 71 29 54 91 21 89 12 81 30 46 30 62 48 71 87 40 100 99 73 11 5 5 41 96 89 92 99 93 27 58 9 60 39 82 27 4 24 36 58 96 59 6 12 46 58 50 76 79 55 97 100 92 17 32 43 55 65 56 8 80 54 63 41 16 92 49 46 33 40 46 36 88 72
70 34 15 85 52 48 85 22 94 89 7 39 39 37 41 81 97 22 84 95 45 62 32 51 9 100 93 44 65 81 66 100 91 21 39 70 51 6 28 66 94 49 38 55 85 42 24 71 54 100 13 70 50 75 61 95 99 55 87 24 61 91 97 1 31 47 10 80 59 20 85 39 34 49 53 69 18 38 38 25
16 72 88 66 52 83 17 69 73 38 99 6 40 50 82 49 65 37 21 63 58 85 72 38 96 64 67 6 28 63 36 65 55 3 100 52 64 99 54 50 17 4 78 82 38 23 47 78 38 58 57 82 95 79 48 49 75 27 79 1 12 32 54 42 44 27 57 6 68 62 48 91 98 24 42 37 10 10 78 83
64 35 83 96 22 29 10 9 30 20 7 35 48 39 97 99 60 76 3 17 29 97 46 54 16 53 67 24 37 32 74 94 82 92 49 26 7 91 28 57 83 2 28 39 63 43 21 57 9 85 100 38 72 12 84 22 83 92 19 25 41 53 23 86 55 16 62 97 40 26 74 70 36 15 6 81 16 4 68 83
2 2 93 67 69 72 95 87 75 18 85 86 70 50 84 40 29 53 23 35 89 38 28 72 15 63 37 99 53 17 50 33 1 31 90 81 51 25 13 51 11 91 44 96 72 60 91 2 90 15 31 29 46 99 32 16 14 28 38 30 88 84 30 73 37 27 18 74 2 73 32 17 75 17 59 38 42 62 5 100
87 66 51 84 98 32 73 97 54 46 61 36 46 3 92 6 45 89 61 2 7 48 18 98 92 56 12 59 4 30 69 15 53 55 24 51 57 41 33 90 10 34 15 73 62 55 35 10 23 92 22 91 20 63 92 36 11 2 15 54 62 13 98 64 93 63 45 90 63 75 67 61 90 13 13 28 80 20 100 62
55 46 24 91 30 78 87 23 47 40 1 20 73 73 64 88 42 52 95 50 68 39 49 32 62 100 71 84 27 43 8 89 38 27 54 24 81 66 37 48 82 75 19 99 98 18 3 58 34 71 62 93 86 66 67 24 17 82 27 4 89 37 76 16 1 100 37 94 51 56 9 74 61 14 34 99 75 18 99 92
2 42 99 29 87 100 61 45 52 91 85 83 66 57 52 75 80 88 61 75 84 38 46 81 65 56 64 50 12 11 35 32 19 56 75 48 77 70 74 73 62 6 19 54 11 82 85 80 88 48 17 68 97 81 34 15 26 4 39 53 57 18 39 14 39 63 86 82 22 52 69 54 90 19 44 2 74 12 53 94
45 27 77 1 19 61 30 9 90 57 84 72 90 7 44 11 87 77 25 69 50 83 94 64 38 100 42 71 43 35 93 81 41 4 11 24 12 87 8 52 9 45 72 99 37 40 86 8 40 93 11 35 9 52 34 17 11 89 42 47 50 98 32 68 49 10 95 94 14 43 48 5 32 94 40 66 28 57 35 26
40 89 70 12 3 66 62 27 91 39 49 58 77 68 46 91 25 22 14 20 3 65 10 64 83 65 83 14 4 28 31 35 7 56 20 22 2 52 35 76 84 50 47 9 53 1 31 78 66 40 59 90 3 34 70 97 2 83 29 26 83 59 45 25 39 29 53 58 79 90 86 55 6 66 46 19 1 63 60 12
18 3 33 32 86 28 70 91 15 44 50 64 66 46 7 71 18 19 12 77 35 38 6 91 58 76 49 67 28 8 18 89 35 97 29 17 36 100 57 53 17 18 40 76 28 93 1 5 4 54 15 72 78 22 91 48 25 75 98 54 53 82 28 95 18 56 6 65 31 17 68 33 33 9 42 79 56 74 34 17
17 18 70 39 76 80 2 41 32 27 58 92 11 46 11 57 36 53 8 77 22 63 25 77 56 65 97 67 51 10 71 42 11 69 22 56 78 21 6 86 79 96 65 59 33 77 83 85 10 72 51 30 55 65 27 46 24 82 36 76 61 98 83 37 69 83 39 46 4 59 63 32 92 4 42 89 99 87 17 58
37 78 74 49 26 31 44 96 49 21 37 91 8 9 28 1 27 66 16 12 83 50 84 74 48 77 84 93 12 96 54 41 26 38 5 7 69 36 81 57 46 19 86 98 91 50 53 12 82 15 6 32 98 46 97 45 96 39 1 6 11 24 22 4 62 70 71 67 96 67 35 90 79 71 14 64 43 97 64 75
24 89 20 42 14 50 22 89 30 3 79 73 34 79 50 18 37 31 26 47 19 31 77 19 81 19 1 50 94 1 99 31 80 59 70 16 63 90 94 23 93 26 50 78 15 73 25 37 91 13 23 79 76 42 53 55 56 67 45 61 45 3 90 95 3 71 44 43 25 15 60 55 54 41 6 77 27 67 4 52
97 64 28 2 48 44 29 16 18 95 14 28 51 8 6 21 61 54 97 11 58 70 75 1 84 36 67 46 80 67 62 93 7 62 81 56 12 73 11 55 33 57 47 65 33 63 27 84 10 21 99 61 54 75 84 63 72 80 93 59 41 75 18 14 29 41 23 91 22 60 46 81 59 39 78 67 70 75 69 78
92 1 41 9 81 74 51 43 42 97 25 47 93 64 9 65 44 81 48 61 3 93 81 68 8 34 26 47 55 9 74 74 15 85 77 19 90 34 52 4 100 77 85 10 77 86 32 32 73 26 65 79 8 89 89 48 44 56 50 61 72 71 19 98 21 52 19 96 62 20 98 56 100 92 22 56 12 44 82 68
17 47 68 92 37 18 4 44 9 50 11 10 8 41 25 82 29 74 98 68 66 86 1 17 30 17 99 19 41 39 40 10 79 71 51 55 21 32 10 97 56 72 71 88 99 77 83 8 93 16 3 3 72 73 99 84 95 10 21 26 65 5 6 74 91 100 40 96 37 57 55 99 56 99 34 98 88 44 29 15
91 89 63 4 11 3 50 99 77 15 47 75 73 30 96 23 11 59 6 65 89 86 94 77 89 22 16 89 94 94 94 20 35 88 67 18 81 65 83 81 5 57 26 79 95 77 22 53 94 65 62 76 2 80 32 43 77 21 45 69 33 4 98 47 48 83 59 32 88 95 20 61 48 52 5 64 20 52 90 44
28 88 89 17 59 71 80 52 51 27 25 63 5 65 40 5 43 20 21 12 55 58 91 18 53 61 46 99 4 87 91 21 13 48 30 35 97 35 91 25 71 29 85 84 4 50 89 99 6 58 89 86 71 19 84 4 69 87 97 20 90 31 5 89 36 40 89 55 64 39 81 98 73 71 4 56 66 26 14 78
66 3 34 38 9 92 2 38 27 34 42 70 48 78 15 27 21 77 19 28 34 1 21 76 72 58 20 82 76 93 48 41 90 72 67 36 84 24 71 45 69 92 70 74 9 49 70 4 42 49 69 20 69 63 42 42 19 27 65 13 72 54 44 63 21 64 28 95 44 86 9 56 99 17 49 49 24 93 95 55
16 77 16 21 70 95 84 7 93 41 27 96 90 18 23 47 35 23 93 19 98 16 15 92 93 96 87 86 20 8 54 31 21 30 33 37 7 33 91 26 9 10 27 55 32 62 99 1 88 62 51 73 17 23 19 84 76 95 26 51 72 20 1 30 41 23 15 91 36 8 28 43 50 61 67 97 21 56 93 61
82 28 56 32 11 26 58 12 95 95 99 92 70 92 10 53 36 38 14 88 5 63 93 38 49 83 99 43 26 90 82 25 87 26 68 3 3 78 30 33 75 64 7 74 23 32 73 26 56 62 61 98 19 2 2 23 79 16 49 7 14 46 97 65 57 92 99 10 62 11 12 39 28 97 77 78 68 67 49 60
17 48 95 36 74 91 91 29 29 65 8 56 4 65 53 39 39 45 53 17 31 16 48 8 58 31 33 53 67 70 71 28 29 73 62 56 71 79 14 35 40 94 2 44 96 99 17 91 24 29 19 50 33 10 17 33 52 59 91 36 73 46 36 93 42 79 90 49 43 4 99 65 77 4 100 95 16 90 76 60
41 39 11 83 19 75 26 39 92 90 44 37 20 35 12 87 15 33 32 27 56 57 89 8 37 36 72 49 68 60 40 41 67 91 6 48 9 93 94 42 26 5 95 86 11 93 41 97 62 78 31 14 90 66 45 85 39 33 18 41 59 50 3 32 30 75 16 27 93 57 81 80 96 98 65 74 75 9 36 62
10 91 75 99 38 21 23 6 2 33 7 24 6 59 11 80 36 46 87 97 80 65 46 35 85 92 37 67 40 10 61 56 20 76 15 8 35 28 31 24 86 40 43 91 78 68 20 22 21 51 80 2 73 44 31 45 97 29 29 18 9 15 48 96 90 24 84 40 96 75 68 14 3 77 40 67 8 80 38 70
83 36 1 81 27 6 41 63 48 11 12 24 100 3 46 62 94 53 20 76 69 78 59 59 33 58 98 57 98 32 65 82 90 51 57 30 62 82 23 60 79 78 27 45 24 79 37 19 7 96 68 23 57 79 79 60 66 7 35 100 29 22 1 10 53 46 21 100 26 75 17 76 12 54 1 49 50 69 37 63
94 65 15 37 48 24 49 77 13 34 30 81 98 27 64 90 52 49 46 58 92 78 80 80 99 42 91 60 92 42 80 60 100 63 63 70 23 90 35 50 5 26 98 48 36 90 30 83 95 55 13 61 5 38 17 78 24 72 51 5 10 3 23 5 40 92 59 19 80 97 80 57 65 46 31 68 93 35 53 6
38 84 87 58 28 12 77 35 84 11 100 35 20 74 31 18 52 92 27 83 44 19 10 14 18 78 67 64 33 93 52 25 70 14 45 34 10 17 58 52 88 78 51 10 98 41 91 32 36 40 21 24 74 10 41 61 15 50 27 77 81 81 34 7 11 83 69 47 98 23 85 23 2 29 60 53 100 39 12 3
57 82 54 3 33 69 19 71 36 65 70 59 56 7 78 54 85 69 56 38 89 96 26 63 91 29 88 70 89 81 100 9 60 72 46 17 7 43 50 51 6 22 55 86 78 22 58 44 98 98 80 86 4 80 21 8 62 100 74 38 14 3 2 58 51 58 1 84 3 51 47 18 95 7 21 27 32 74 52 83
13 74 37 42 60 64 39 26 6 92 55 50 11 47 62 23 76 74 38 52 13 41 50 33 32 12 92 76 14 66 52 94 51 94 70 19 67 3 10 4 48 20 96 47 61 98 70 97 54 7 74 19 84 64 39 7 19 37 83 53 25 76 18 59 43 86 44 88 6 35 98 75 32 91 59 30 34 32 66 19
65 44 75 3 81 77 24 43 34 37 17 22 55 59 76 53 84 75 51 74 89 96 78 5 94 85 59 43 42 9 53 69 13 19 40 5 5 98 70 95 37 5 32 12 21 6 41 99 26 28 25 90 33 98 23 32 2 26 69 68 15 45 84 14 36 47 24 99 61 53 88 95 19 22 29 27 96 65 17 38
93 35 1 50 10 71 37 10 25 29 76 3 92 67 89 64 49 96 20 46 73 15 32 46 17 17 87 74 46 59 26 51 57 28 92 38 40 96 33 9 35 40 41 22 29 83 54 49 6 69 23 97 27 21 85 11 11 45 34 88 53 77 55 92 82 57 68 15 52 80 42 73 68 58 9 76 56 28 36 14
41 98 66 3 6 24 30 12 27 56 91 93 8 8 56 77 27 35 63 9 16 11 85 55 10 27 37 36 37 79 54 44 50 2 99 79 49 99 29 33 62 63 30 11 82 98 17 80 93 16 49 69 46 1 60 6 51 99 37 66 40 27 33 78 52 52 30 69 95 49 49 59 2 37 44 13 99 18 61 4
55 82 13 19 55 65 73 74 43 31 88 4 90 16 91 16 71 50 16 43 63 83 90 69 40 60 97 12 36 88 51 19 8 98 20 83 44 84 12 33 70 63 59 40 24 22 72 45 71 35 94 55 36 86 92 54 1 63 37 91 93 64 82 58 10 56 43 80 15 34 29 52 21 59 53 80 18 7 64 56
93 4 92 99 43 93 20 20 30 52 89 51 98 17 78 4 26 9 47 3 85 41 86 46 94 84 24 60 45 74 50 42 20 15 87 19 84 92 96 53 2 95 42 45 69 75 6 38 45 33 100 99 53 76 45 19 29 50 18 62 90 81 68 33 97 67 68 18 23 4 13 58 42 21 64 3 2 82 2 55
92 55 74 46 46 8 84 95 24 88 82 64 47 17 82 91 17 65 76 22 74 89 1 10 80 61 76 78 99 13 85 85 58 3 37 66 89 34 50 11 35 98 55 68 44 7 5 49 78 68 26 70 98 4 79 27 49 40 100 62 66 6 19 64 64 95 87 52 79 8 100 95 64 14 86 87 58 28 49 70
5 81 55 49 44 75 95 60 83 31 51 72 81 100 30 11 72 28 4 7 34 34 81 16 100 9 63 47 70 32 54 77 61 19 63 51 10 40 78 9 97 13 30 11 57 97 75 87 80 17 75 48 55 84 54 52 61 99 65 2 73 8 26 98 37 5 12 23 6 25 49 19 6 60 99 58 44 33 52 63
84 89 81 14 94 20 88 88 50 41 39 27 97 60 46 21 31 58 81 83 10 80 5 59 84 18 83 42 54 48 62 46 37 1 35 70 66 48 53 11 22 33 23 57 95 27 9 16 84 54 39 39 7 92 79 26 44 14 19 69 19 65 86 1 49 51 82 19 22 7 73 52 71 11 93 17 75 73 66 19
27 29 79 57 18 95 55 49 23 82 11 75 34 16 80 85 49 38 17 69 8 65 21 40 9 58 33 25 74 42 30 82 68 23 17 72 32 57 57 57 72 51 7 24 40 80 73 73 14 73 68 25 5 46 77 79 70 24 19 83 95 18 59 29 24 12 32 57 47 97 61 89 91 32 92 42 68 88 7 94
32 95 68 94 14 64 2 77 80 89 20 26 53 82 4 59 91 9 84 89 24 24 89 72 12 58 85 65 43 84 35 75 52 61 18 95 70 30 28 100 52 85 60 36 60 81 87 74 80 100 100 1 11 69 45 55 23 63 82 76 80 4 21 56 56 23 94 39 66 4 3 73 58 82 87 79 19 3 95 24
40 70 32 54 84 54 21 7 60 89 32 32 90 5 69 38 23 64 33 85 93 3 66 92 40 70 10 66 14 21 91 18 61 82 63 63 77 3 74 39 66 71 21 4 45 19 84 27 79 87 10 93 68 41 99 53 91 43 48 75 63 67 53 70 36 21 75 8 6 47 24 44 45 44 64 21 12 24 27 96
49 46 1 13 97 50 69 79 92 12 7 60 16 85 19 16 79 86 11 76 1 35 70 66 86 36 50 1 11 29 2 2 36 7 65 97 76 20 10 70 16 35 54 7 84 5 77 43 1 8 57 51 76 6 65 14 85 20 65 93 89 62 16 85 18 30 67 56 12 79 47 37 89 39 36 42 31 84 71 88
8 46 97 56 23 82 56 3 60 63 33 73 87 82 21 68 35 66 65 91 92 51 53 81 19 67 97 46 88 64 38 16 47 83 19 3 8 59 4 81 49 68 99 90 70 93 78 80 90 68 37 12 22 71 3 80 50 98 5 21 5 15 28 66 62 9 100 20 2 17 53 10 60 14 34 49 65 99 4 30
3 20 90 3 81 7 29 20 50 55 51 5 27 78 50 99 33 54 53 16 11 76 97 26 40 80 81 40 46 44 77 39 38 4 3 62 68 55 10 87 67 39 96 53 9 48 82 78 90 13 39 60 84 7 21 62 46 42 65 32 38 83 55 78 93 92 78 65 29 36 33 37 99 33 62 93 91 23 59 97
81 8 3 61 14 94 48 65 59 24 28 23 78 83 80 36 17 66 84 58 32 26 4 59 31 54 10 63 56 10 61 44 19 41 93 25 58 74 7 19 85 5 73 11 58 48 86 46 19 29 47 83 63 16 14 22 6 24 48 11 15 30 63 92 63 32 99 1 76 52 46 4 43 19 86 52 60 25 66 59
59 68 32 25 70 82 51 88 99 43 57 78 38 100 87 84 42 18 71 74 39 33 56 91 77 31 31 59 98 70 81 39 37 5 44 58 43 61 79 51 26 1 40 45 8 31 39 94 65 8 44 53 98 25 20 13 84 8 34 17 75 97 45 64 82 82 47 65 44 52 37 7 4 17 80 64 95 17 47 88
41 48 73 11 53 70 39 38 6 85 22 82 85 55 78 59 49 25 99 95 68 76 58 9 85 64 25 56 89 82 88 92 43 3 47 53 78 88 62 86 49 46 85 100 12 67 40 31 12 92 96 32 81 82 12 97 41 97 18 50 8 95 5 13 36 47 74 14 74 13 53 66 94 92 16 2 77 11 11 28
64 58 46 83 22 77 17 95 11 66 62 75 80 79 68 30 87 54 36 25 32 47 2 22 27 7 29 29 10 82 47 45 38 59 36 72 61 68 41 17 91 71 25 14 89 83 33 68 57 66 6 64 83 51 77 35 29 56 24 93 72 77 5 93 50 20 79 29 40 51 73 67 27 51 74 19 73 70 2 89
31 29 33 14 12 34 73 30 40 53 95 40 24 11 38 2 17 98 97 100 96 13 82 62 17 24 11 4 46 54 18 91 94 77 93 61 90 52 48 82 8 81 41 95 54 98 45 64 36 49 55 53 58 18 62 66 25 68 29 39 40 87 93 96 13 6 11 10 2 2 46 11 45 79 37 17 7 25 32 1
35 15 56 19 61 61 32 22 46 75 69 83 68 9 35 33 40 53 44 40 50 76 32 10 48 23 28 12 68 4 87 69 93 100 86 17 6 49 13 75 86 59 55 28 69 58 82 38 7 87 32 54 27 29 93 62 33 5 99 44 57 62 90 30 17 65 20 90 9 81 23 1 59 4 98 19 42 58 44 61
100 5 98 71 73 76 22 86 77 42 28 32 59 76 1 37 55 63 89 1 49 26 62 96 10 29 24 75 38 23 46 6 27 30 83 71 54 26 44 88 100 61 56 58 6 43 81 80 53 89 77 5 91 39 70 36 19 67 47 27 91 28 6 10 36 88 96 49 89 7 62 1 10 36 37 34 4 59 34 38
59 96 72 7 46 49 61 14 4 29 78 27 54 16 24 34 46 86 45 21 15 44 19 42 73 81 21 10 93 43 50 22 15 48 85 70 76 70 70 69 42 50 23 33 44 23 78 67 16 17 47 5 17 12 87 55 93 54 67 52 73 7 50 51 96 26 39 97 60 42 83 68 14 79 78 18 71 62 81 23
59 75 11 38 90 76 10 1 74 94 72 2 11 13 97 23 78 80 46 68 74 39 76 89 30 21 20 19 92 72 57 39 10 12 100 45 30 62 100 14 51 71 85 20 64 57 81 59 85 61 5 46 19 24 34 46 64 100 86 81 51 29 26 11 40 19 13 4 62 29 13 9 46 34 49 98 77 19 78 65
19 27 26 99 67 40 5 51 47 17 82 92 53 33 51 26 5 100 80 91 5 51 51 61 82 64 94 35 41 39 81 11 57 97 73 76 67 96 97 70 4 41 20 83 8 83 36 93 43 47 51 57 6 69 14 60 4 57 86 13 71 91 80 29 76 84 28 41 79 84 3 43 56 42 91 98 34 29 82 89
83 12 69 36 21 39 46 98 17 73 42 12 54 59 50 15 50 53 32 85 12 86 9 16 79 46 49 39 28 30 86 54 66 50 63 95 6 25 77 20 90 41 43 50 8 13 69 82 49 36 60 32 63 25 73 100 94 79 97 39 9 65 24 90 6 60 90 45 34 60 44 83 19 98 49 21 72 86 45 77
22 86 8 24 26 8 54 2 46 55 25 55 31 18 63 41 20 7 88 8 23 74 89 36 85 27 51 26 43 12 36 46 11 24 60 68 54 28 43 39 67 23 94 82 78 64 56 16 41 61 73 55 68 63 45 84 18 30 78 25 64 89 58 81 58 16 43 38 23 3 87 85 96 85 28 91 30 7 11 66
65 6 17 92 56 90 94 73 97 4 87 5 77 76 15 68 29 68 100 22 40 59 17 80 100 60 45 43 20 30 45 96 70 49 15 96 31 94 33 27 72 93 58 22 12 50 51 98 16 80 79 86 4 61 45 20 26 44 92 51 19 23 92 84 99 52 83 49 70 56 59 82 64 10 43 7 64 74 22 71
2 72 1 15 19 34 68 92 21 49 49 1 43 8 14 72 33 53 55 70 44 82 28 8 37 19 77 48 57 50 10 56 64 83 21 6 88 18 20 89 24 7 50 48 98 21 6 51 43 50 96 62 51 21 92 57 1 77 46 9 32 5 29 79 41 75 31 90 8 97 11 51 94 7 57 85 89 99 42 49
63 44 51 13 72 10 55 46 54 98 30 23 96 77 63 34 63 47 65 95 10 63 55 89 43 99 92 2 39 92 11 77 41 47 84 12 19 56 88 35 82 56 35 65 15 49 23 15 56 13 75 49 54 67 69 27 98 56 87 29 23 96 79 57 67 36 17 93 57 50 42 11 55 97 97 50 59 72 43 89
97 93 63 11 9 5 35 6 92 46 99 51 92 76 81 5 30 83 57 66 96 70 33 47 48 13 1 56 35 44 98 98 92 2 85 65 67 28 44 79 39 93 10 55 60 43 21 48 15 81 44 54 66 3 4 14 33 45 95 91 51 16 17 58 15 44 87 50 90 20 33 17 46 64 38 26 17 45 33 29
40 9 53 70 67 44 72 59 84 90 100 85 72 1 93 29 83 63 77 57 60 26 49 67 58 88 67 6 87 7 30 19 36 98 82 71 71 86 14 64 65 73 15 44 31 43 50 13 23 42 48 90 35 70 17 62 23 28 44 78 30 10 36 9 52 27 77 33 20 15 78 98 72 73 52 5 54 54 48 75
63 57 44 45 75 35 90 36 34 45 70 67 43 11 48 60 9 82 51 91 3 47 67 95 39 88 54 66 19 40 27 94 93 37 9 75 96 46 99 76 40 75 52 7 30 61 74 71 12 91 64 88 79 41 88 89 73 76 70 94 26 57 85 38 38 31 3 37 57 1 67 26 86 84 27 54 52 50 99 15
100 78 100 51 27 99 12 66 16 22 53 67 95 69 5 16 93 15 75 33 94 5 22 59 54 71 40 12 17 79 15 33 24 91 68 53 30 81 89 95 10 5 97 75 2 14 16 84 64 84 17 2 37 44 73 40 50 100 47 97 82 88 3 90 25 35 48 5 59 91 5 26 36 23 21 87 72 68 29 27
36 59 36 38 54 54 72 14 18 43 45 72 58 73 86 73 1 54 37 58 27 72 64 50 10 19 33 44 71 5 6 8 44 86 18 59 53 28 52 15 24 81 12 52 28 93 32 37 56 37 9 78 43 9 2 27 18 72 15 77 15 66 94 34 8 97 23 87 99 34 26 64 36 20 28 25 30 17 81 64
88 9 52 82 30 69 55 12 77 87 25 59 31 14 30 86 84 62 34 51 84 15 43 77 2 22 32 67 62 44 56 84 98 68 97 78 66 66 78 66 20 91 89 74 42 4 49 66 45 90 84 62 11 79 43 49 56 88 92 93 81 95 98 1 81 11 36 89 22 52 36 17 70 61 49 86 20 50 78 67
98 24 11 93 64 82 80 35 84 75 68 98 89 10 76 54 3 69 87 86 91 24 68 92 22 3 46 20 15 31 50 56 11 99 46 5 95 83 81 71 82 78 51 51 14 72 35 51 39 26 64 79 80 26 58 11 57 76 46 81 57 22 5 31 20 50 58 69 28 89 34 67 44 14 79 56 24 33 92 80
85 85 75 2 35 79 32 77 83 27 17 29 9 21 44 14 55 69 68 3 57 19 50 10 26 6 47 35 51 67 20 37 85 9 67 89 41 92 17 32 32 72 51 25 97 53 40 44 39 31 70 21 33 53 14 16 7 37 40 82 6 85 85 39 10 94 39 88 73 92 39 44 91 88 54 81 2 57 77 33
42 77 9 31 78 74 59 51 9 13 36 58 78 3 89 52 35 77 9 79 25 85 40 15 81 93 73 65 37 57 59 73 48 1 42 38 1 9 99 36 38 31 37 16 96 86 59 74 15 82 6 80 23 58 80 45 70 96 87 19 66 86 54 92 34 37 80 36 21 16 74 67 93 99 60 98 67 30 66 52
98 25 53 80 40 28 71 63 92 61 12 30 97 8 53 26 98 22 43 60 6 59 47 29 98 68 73 95 49 4 45 49 78 52 23 67 90 42 81 11 83 34 2 68 2 20 17 61 27 1 37 65 23 16 50 41 34 66 17 49 81 23 27 52 25 15 38 80 65 71 15 73 97 97 15 22 91 80 81 54
26 97 90 100 50 13 57 34 31 75 75 59 43 47 85 79 10 54 63 4 70 21 69 43 100 7 35 90 80 46 7 4 12 27 60 64 18 92 42 57 39 65 75 11 28 84 53 19 84 74 91 100 34 10 18 37 84 12 50 4 91 20 55 47 29 36 52 9 69 11 16 20 8 54 95 50 37 61 12 20
52 51 81 29 52 6 36 3 89 44 16 20 8 12 99 14 67 50 48 40 66 16 81 27 73 11 78 88 100 16 59 35 96 56 88 64 99 83 14 6 2 67 23 12 14 2 29 74 92 88 57 24 10 24 16 62 98 90 43 49 56 26 27 50 20 65 62 82 41 96 16 15 69 5 35 86 12 5 63 58
96 25 77 7 49 90 44 61 16 13 29 62 3 7 42 53 36 26 71 21 24 85 26 18 47 79 5 36 3 91 13 31 29 18 74 33 86 87 59 36 21 97 64 35 70 22 3 55 69 96 71 50 92 50 35 75 30 95 91 91 89 92 20 47 78 12 48 30 71 22 35 38 33 72 23 4 6 15 47 75
6 29 81 22 1 22 33 4 33 6 95 36 100 53 35 28 80 86 76 54 28 18 87 57 86 41 12 2 68 97 69 94 21 87 65 8 15 1 83 93 36 16 62 32 4 33 1 81 97 32 39 89 65 64 41 65 71 14 14 17 85 35 84 17 33 26 40 97 3 5 92 3 91 49 10 10 56 12 26 48
91 69 53 32 62 95 79 30 27 51 12 7 6 1 6 46 25 66 18 9 19 2 70 34 96 86 81 100 88 85 7 9 97 68 43 50 97 92 69 48 48 91 16 44 19 14 25 51 40 61 79 30 35 53 37 56 84 62 83 80 24 33 58 55 66 73 16 75 52 40 22 1 9 56 28 9 87 16 64 71
68 79 16 8 47 81 81 37 6 56 34 85 41 96 79 11 76 1 27 100 63 45 62 23 66 64 76 14 22 46 29 32 67 56 4 76 20 13 69 87 4 6 61 86 86 58 11 27 17 15 87 71 8 63 77 78 90 77 22 94 100 87 52 96 42 14 60 80 59 96 80 16 78 4 70 18 74 34 34 40
5 91 85 24 60 31 92 15 25 24 64 59 25 87 11 82 18 58 19 56 83 26 30 51 13 90 29 68 98 93 21 98 43 38 71 49 67 88 61 36 51 84 17 74 8 83 24 67 77 93 3 87 69 85 18 69 3 25 87 31 73 9 77 57 100 33 46 2 27 65 73 46 49 65 33 5 52 84 97 85
35 54 12 92 41 48 40 3 68 43 66 20 74 71 69 61 88 91 92 12 61 93 28 55 96 81 82 86 33 13 10 31 8 35 77 36 45 30 52 22 29 83 55 17 82 7 90 56 75 61 85 70 11 40 52 28 93 92 56 40 14 31 46 25 83 73 33 82 31 54 61 26 1 59 3 45 42 89 42 84
91 10 86 56 39 95 94 29 46 29 65 16 37 22 89 59 55 18 20 46 61 15 56 38 61 56 98 60 35 83 74 64 8 22 1 18 50 60 69 17 18 78 99 48 38 1 15 22 33 93 11 38 21 76 89 41 65 78 28 62 28 82 37 75 18 32 32 70 35 72 26 95 55 79 51 78 14 25 23 70
81 18 53 15 46 42 87 73 70 96 11 54 56 6 36 54 13 38 3 19 37 12 90 61 95 30 26 56 31 86 87 83 70 3 67 59 58 51 37 86 80 98 38 64 82 24 46 31 23 92 82 28 1 95 73 40 68 35 56 5 43 39 7 39 98 79 41 66 61 7 59 37 47 41 63 98 45 46 50 60
45 68 58 90 78 92 32 86 47 3 72 83 3 4 94 6 45 83 53 12 77 2 36 78 79 83 6 28 52 26 13 77 41 29 88 78 80 9 21 72 16 39 36 45 40 53 67 80 4 47 97 76 52 62 50 16 58 60 21 24 67 92 88 27 12 93 77 79 52 55 74 81 72 9 46 34 12 19 93 76
6 39 17 16 84 76 33 11 35 36 48 60 85 43 100 54 86 97 41 67 31 82 35 13 35 27 83 19 3 78 30 86 9 19 17 4 5 78 12 2 95 31 86 22 98 71 13 71 58 58 50 99 99 96 18 86 10 7 14 88 78 40 63 87 11 23 25 46 65 7 20 33 62 16 42 4 11 12 3 8
14 87 42 99 46 75 25 56 73 83 52 69 15 95 6 21 26 37 5 29 23 60 93 22 70 55 7 73 47 87 15 73 38 49 50 94 81 49 7 32 33 58 58 98 37 29 58 71 1 52 8 8 77 91 10 2 6 57 43 23 52 40 54 85 95 100 45 84 3 20 7 28 43 2 96 50 13 32 64 41
7 92 55 46 72 80 90 81 36 85 15 13 31 45 61 17 96 15 83 58 59 49 55 75 28 60 60 99 41 65 77 44 92 36 49 74 16 38 71 55 38 36 72 57 54 99 19 9 83 39 42 50 29 49 36 48 30 93 91 54 71 54 60 23 74 87 67 32 13 26 65 16 81 34 4 96 11 64 56 9
100 47 2 70 66 5 70 62 77 92 55 36 99 64 72 55 51 45 74 50 21 17 90 6 42 93 31 67 89 64 17 92 95 1 81 21 76 98 91 57 81 62 5 27 26 15 54 79 91 32 97 82 15 37 43 31 75 5 26 78 88 23 18 75 36 72 53 16 93 15 93 60 44 86 60 20 96 12 86 36
89 100 92 21 23 49 23 88 85 75 37 31 47 72 39 96 27 76 77 83 58 53 99 20 47 49 18 44 19 35 99 52 4 77 65 88 79 32 51 58 37 44 29 51 23 25 62 59 36 82 81 1 64 74 33 11 75 11 71 9 57 80 39 14 33 42 70 87 28 20 16 44 51 75 26 87 22 68 54 7
48 23 87 82 50 20 82 13 64 8 43 45 64 65 76 29 73 12 56 36 6 91 37 99 13 42 39 20 68 52 35 67 83 91 93 53 87 24 25 4 70 65 8 60 9 67 24 75 24 78 52 35 54 93 84 65 43 54 74 47 10 25 33 77 19 45 2 26 66 89 13 87 2 10 21 59 44 57 62 91
50 70 22 96 18 11 1 11 66 86 33 49 85 77 11 91 60 33 42 37 35 54 20 13 2 38 68 39 56 50 85 52 60 69 66 49 95 82 18 97 51 69 82 25 91 39 64 100 55 17 63 52 69 11 87 34 71 94 75 20 43 50 98 9 82 83 27 37 54 50 69 99 4 32 27 10 16 28 31 17
81 96 31 32 81 29 100 57 70 5 14 99 91 64 53 77 22 51 28 73 61 82 96 11 68 2 83 96 36 74 55 32 42 90 4 74 28 76 96 45 57 91 64 89 49 1 45 81 91 43 80 40 8 6 30 66 35 52 21 49 18 36 36 75 57 34 35 92 97 18 4 71 9 12 37 91 70 81 23 28
58 20 98 61 7 65 72 27 62 50 100 12 32 6 34 70 46 50 76 70 13 7 44 3 21 59 2 84 90 55 3 61 58 2 36 49 76 77 30 96 45 85 24 38 76 63 72 25 33 85 92 89 57 52 29 49 77 54 76 15 68 60 95 1 78 98 67 98 21 39 33 18 70 70 49 30 39 71 100 46
31 89 61 83 78 46 49 70 75 42 29 39 81 12 5 46 90 78 11 5 15 75 11 31 31 14 68 57 69 85 46 70 36 2 75 67 87 81 93 95 29 94 12 23 30 79 99 35 96 75 93 54 70 12 95 96 39 28 69 62 80 98 18 37 88 96 69 52 20 62 20 87 10 95 83 6 21 51 4 37
7 11 51 62 33 18 52 97 74 41 92 77 64 82 79 80 13 71 43 66 89 40 94 13 63 59 1 22 29 60 59 5 91 17 86 82 15 12 22 73 95 69 83 48 63 83 28 16 5 55 68 47 22 83 11 59 61 16 39 50 84 5 46 88 78 55 89 79 8 20 84 40 17 75 19 45 75 12 86 85
71 74 43 1 59 17 34 46 17 73 54 83 71 53 82 51 91 50 19 20 75 44 34 2 41 56 40 87 27 30 17 93 37 69 46 95 49 94 33 19 24 22 97 60 16 87 76 64 46 98 36 13 9 10 6 91 45 32 100 97 48 57 83 50 61 31 28 45 60 11 47 77 69 5 93 18 58 74 43 32
12 99 73 100 21 77 79 82 37 4 95 72 51 93 30 28 65 65 40 46 74 49 64 15 35 1 28 44 5 17 84 49 89 92 83 72 5 46 32 91 28 73 6 19 76 79 10 72 11 66 72 67 37 19 22 8 49 67 27 10 72 77 11 57 28 40 10 48 16 96 59 8 19 60 45 74 41 33 31 56
58 8 66 93 50 60 82 94 82 16 48 73 33 8 14 16 92 100 81 35 55 65 42 96 90 9 57 34 1 76 48 52 41 95 47 10 90 36 85 54 85 44 16 46 29 34 74 9 41 8 38 51 5 100 92 11 95 100 84 39 40 3 55 33 7 47 27 20 6 3 60 45 42 86 10 97 20 6 91 40
87 92 10 36 59 81 40 46 86 19 39 12 93 18 80 35 27 68 35 40 75 48 32 79 49 41 94 3 10 18 56 76 18 31 85 86 26 25 47 39 82 93 39 31 35 36 41 40 13 7 60 99 64 86 38 21 78 24 70 39 9 52 71 27 81 89 60 59 22 78 4 57 23 76 78 91 84 48 85 74
93 48 48 35 34 75 55 89 97 36 61 96 12 44 10 77 39 83 99 59 100 77 15 32 43 60 2 68 66 28 27 71 36 100 100 29 76 8 59 2 70 77 85 10 95 67 4 61 80 15 19 13 59 46 4 90 37 9 24 94 6 31 16 5 44 95 72 40 71 70 28 66 32 82 66 57 75 22 90 59
46 81 91 74 60 12 89 11 76 22 61 98 11 80 36 44 57 95 74 98 69 100 9 41 91 60 78 81 10 69 7 49 75 26 23 22 40 83 49 43 67 74 54 43 52 56 21 46 26 32 28 58 95 38 7 28 63 33 59 51 38 97 66 2 99 36 19 90 33 58 92 87 43 8 60 6 72 34 99 8
78 66 72 35 97 97 68 26 35 29 100 75 45 60 59 6 61 75 15 56 93 88 48 90 7 88 46 59 30 3 75 22 49 18 87 70 12 59 1 1 7 60 49 65 38 90 7 11 81 56 67 87 50 11 100 59 25 71 37 35 39 15 95 25 96 58 85 7 15 53 62 95 89 42 46 98 62 80 63 43
64 63 44 27 4 24 76 62 58 80 58 59 47 66 77 99 37 73 96 12 35 62 15 48 81 97 91 25 33 7 93 43 53 10 61 83 29 92 57 78 12 3 41 62 85 46 69 36 46 16 6 4 9 9 74 52 58 99 68 3 79 19 82 3 61 71 63 96 41 12 84 63 5 59 96 89 11 18 38 74
8 20 73 59 33 30 18 36 53 23 97 26 77 13 78 51 15 67 87 99 52 7 54 71 23 52 57 13 60 23 14 78 14 85 74 47 11 61 93 66 12 36 48 54 58 31 94 31 33 43 78 41 14 45 51 100 89 46 78 21 64 61 92 13 67 4 37 43 3 23 93 8 68 33 15 85 41 37 30 1
27 19 10 70 54 65 70 47 17 66 70 58 19 61 80 29 11 39 64 53 11 51 87 38 75 88 30 13 83 65 41 49 91 80 57 49 74 31 79 44 2 17 31 53 38 24 38 44 92 26 14 57 41 8 44 3 44 58 74 100 86 38 68 1 74 23 6 74 32 70 97 76 15 39 10 79 40 29 61 15
1 85 100 77 6 33 14 96 64 54 59 74 85 44 53 98 5 56 99 78 18 4 16 53 74 51 37 49 100 37 72 71 14 77 67 53 39 5 73 36 74 35 6 62 82 6 37 47 99 45 26 27 79 17 38 9 71 73 34 94 96 47 20 53 21 55 38 61 92 19 4 13 91 9 82 80 65 67 23 36
9 34 95 55 10 93 74 66 16 35 52 5 44 45 19 85 56 44 23 84 23 74 77 62 6 8 54 62 56 80 57 46 81 21 95 92 53 28 51 92 30 80 79 34 58 70 96 44 63 63 45 39 81 29 29 26 83 59 91 14 1 70 97 2 9 80 18 72 70 92 38 80 3 70 86 65 3 19 11 46
57 84 52 7 23 22 44 76 59 2 67 14 55 38 73 64 59 15 27 54 41 48 92 16 19 54 78 32 22 84 62 23 71 47 14 81 28 35 45 10 60 41 80 72 41 12 45 29 68 62 89 100 91 23 29 38 94 15 40 31 53 83 27 70 82 53 88 30 92 89 89 98 14 27 50 47 49 20 23 21
14 9 27 23 21 25 86 52 43 18 40 90 91 88 68 59 78 97 23 16 61 84 9 62 62 51 88 70 31 92 33 90 15 13 67 49 38 62 13 26 27 100 69 88 33 81 68 34 17 83 14 94 62 6 26 31 82 60 57 12 36 74 41 35 48 53 72 70 70 60 30 27 79 52 38 2 54 28 51 64
44 74 92 91 20 43 60 76 55 18 18 31 2 98 43 63 96 80 65 53 29 26 85 99 74 98 75 88 80 56 12 55 43 89 91 71 45 42 55 29 78 85 43 77 9 78 93 44 28 30 76 78 2 36 36 99 78 35 12 87 54 13 77 97 10 45 68 33 66 93 54 15 29 24 82 45 8 95 17 85
92 55 57 83 18 16 70 5 16 24 34 60 45 23 27 39 83 74 79 2 1 76 52 21 51 96 63 89 34 6 8 7 49 13 45 73 8 3 98 48 51 36 100 25 46 35 48 82 96 95 100 43 34 66 56 36 60 20 43 29 95 82 6 96 19 45 77 63 7 82 73 62 89 88 47 52 27 51 21 19
80 17 49 23 94 98 65 99 46 55 5 68 61 41 87 21 49 15 43 19 86 58 56 90 81 98 50 1 8 69 77 82 53 22 58 24 92 78 35 80 18 33 90 40 25 87 18 28 98 61 39 44 12 100 5 14 41 64 36 55 20 25 58 67 95 68 35 14 38 38 22 35 57 47 30 52 26 83 22 73
43 53 92 46 88 70 48 72 47 2 62 24 3 53 2 53 17 64 12 87 69 10 44 21 76 100 50 67 76 43 53 7 88 92 94 34 45 7 60 35 2 56 66 51 99 55 66 71 100 5 32 52 18 94 63 78 70 82 32 30 49 75 14 43 33 90 100 7 55 19 30 44 10 98 23 72 25 97 67 87
10 47 92 78 25 92 24 48 36 50 85 35 51 64 46 96 44 65 10 52 8 16 60 22 81 99 35 28 53 61 76 25 60 14 77 94 3 8 75 94 15 57 93 24 45 3 94 65 94 4 32 20 4 50 2 30 50 7 83 70 23 70 4 85 2 35 54 37 55 93 93 60 13 8 24 81 88 1 36 67
5 69 8 9 27 77 81 65 14 8 100 16 79 97 49 36 85 39 3 94 92 86 2 40 21 96 87 38 41 64 25 5 56 35 54 24 31 70 39 43 44 92 39 83 12 32 94 79 23 34 74 35 79 24 81 52 45 22 28 49 33 78 90 97 18 45 21 73 2 28 10 85 57 2 58 87 94 53 40 1
34 37 64 3 59 24 94 31 84 65 26 95 55 4 67 87 22 89 2 6 40 1 76 40 27 9 7 87 95 48 58 82 3 88 32 46 66 52 31 81 63 24 31 35 62 70 23 88 71 35 67 90 4 64 19 34 30 21 21 32 53 6 18 54 73 48 91 9 83 30 80 40 69 96 82 1 15 98 8 99
78 30 24 71 25 55 90 17 37 6 12 79 36 92 60 66 53 65 23 55 82 47 93 98 44 54 23 38 27 68 52 52 74 13 44 11 76 13 5 3 16 72 73 17 74 14 49 56 21 23 13 77 89 62 57 85 52 34 7 76 66 26 25 92 4 25 29 60 85 34 4 18 86 20 35 10 61 31 17 18
15 47 50 52 81 21 81 11 33 47 56 57 8 69 56 30 53 84 34 6 15 40 83 40 1 92 35 31 34 17 16 74 5 22 53 74 98 33 100 56 74 69 73 82 23 60 76 100 40 24 63 68 81 40 72 68 82 3 82 63 45 65 70 38 53 29 80 37 43 17 22 21 68 5 21 17 50 44 51 64
3 59 12 30 51 64 7 42 8 18 21 70 8 60 40 19 34 81 38 90 20 66 15 25 30 59 100 1 90 1 56 66 11 9 8 85 20 2 67 55 69 36 61 66 73 38 75 100 6 35 3 32 32 36 16 9 65 10 96 39 68 19 45 79 10 81 53 64 48 13 12 73 43 42 13 22 58 66 22 87
20 62 72 62 87 91 54 9 21 20 71 79 85 94 18 4 6 20 78 92 68 12 90 6 31 33 83 20 51 36 46 63 13 36 56 84 24 97 39 26 66 86 25 12 100 52 69 95 84 12 26 95 88 32 72 4 67 80 44 69 100 45 97 31 93 31 11 35 51 33 97 97 75 15 67 43 73 99 15 13
27 90 99 72 25 67 91 73 45 58 18 18 51 80 1 25 77 52 6 86 9 2 20 43 96 30 47 19 98 34 82 55 92 25 85 76 88 56 13 28 6 70 96 55 17 81 69 42 77 44 36 70 72 50 35 38 2 94 65 57 100 43 45 47 20 56 30 25 46 1 63 96 74 56 31 63 40 62 15 72
9 65 68 38 17 82 70 64 100 32 79 40 25 69 43 100 92 45 3 7 2 75 97 80 97 9 64 12 27 69 49 27 1 57 6 87 28 28 67 89 54 46 86 98 16 15 72 60 6 83 42 82 24 17 93 23 87 39 83 78 69 84 5 18 23 94 39 87 11 96 50 72 48 50 60 84 82 16 15 84
2 13 50 66 68 27 72 13 83 56 94 98 92 40 55 86 5 8 29 40 97 52 42 80 40 97 7 55 63 77 64 97 13 63 99 17 99 36 42 27 70 75 100 45 9 90 83 100 64 20 57 57 46 38 26 81 1 75 98 17 98 65 26 33 31 15 61 37 97 17 14 68 80 37 92 22 17 94 21 49
54 26 35 95 95 47 73 24 30 57 49 5 38 53 14 73 57 63 20 48 57 92 39 76 6 78 61 54 2 46 39 64 69 94 54 23 59 50 25 4 96 87 4 69 97 58 50 11 63 21 56 19 44 12 39 76 6 86 37 76 16 50 6 54 63 57 42 89 68 89 92 52 15 93 75 52 92 93 49 68
75 55 2 37 16 19 51 84 31 99 46 42 94 65 60 12 25 62 10 6 38 19 78 24 88 76 70 6 69 81 34 53 77 65 76 90 65 44 42 57 97 16 18 88 48 5 85 51 51 30 97 35 1 22 77 88 78 47 11 76 50 44 9 91 51 97 8 79 13 17 45 13 86 16 7 14 53 35 81 68
47 55 24 76 25 72 61 49 48 4 99 6 49 67 63 82 67 7 36 24 1 96 21 30 32 38 32 65 3 2 66 90 74 56 93 45 83 32 63 98 56 65 15 96 6 17 59 77 7 96 94 56 62 86 79 20 24 85 73 18 23 95 40 29 42 68 90 4 93 18 75 71 31 79 43 94 91 39 100 3
93 3 25 73 13 55 61 100 17 13 91 39 56 49 80 53 64 59 35 34 28 97 40 48 40 92 97 73 76 92 23 98 89 65 72 7 34 22 3 42 91 56 62 22 40 20 98 61 33 78 98 20 67 10 5 28 28 50 60 78 87 3 95 57 92 83 71 55 12 74 55 92 23 11 22 42 35 28 17 23
88 21 34 83 44 83 8 54 91 72 9 89 40 37 15 51 25 9 64 80 20 48 61 54 59 78 21 92 64 60 31 35 19 55 82 73 46 56 81 83 14 77 28 89 60 85 14 63 7 7 18 35 27 29 6 100 2 17 95 44 46 57 4 9 69 30 5 16 25 29 56 40 9 75 65 66 20 37 71 68
87 78 92 78 79 42 5 52 79 2 62 73 38 1 42 59 90 50 90 53 81 50 14 40 47 27 11 21 13 5 43 14 56 35 75 84 94 67 51 1 93 7 59 92 36 64 54 16 14 35 24 81 25 4 31 81 56 84 7 36 93 11 63 52 42 17 19 56 44 48 57 37 31 13 14 29 67 26 97 29
70 73 63 39 82 63 89 57 66 5 25 39 28 36 70 73 88 22 94 74 76 10 25 17 86 52 15 54 51 43 35 22 78 72 65 95 44 60 9 64 44 77 12 1 88 91 39 64 56 94 87 90 15 95 28 1 96 93 27 18 35 53 23 28 68 41 27 93 74 98 100 20 97 83 15 13 10 66 44 95
85 61 51 71 49 12 90 60 94 51 34 71 54 24 18 23 34 43 16 12 82 75 63 10 93 61 75 28 74 57 49 66 27 62 74 35 40 86 82 14 67 51 99 39 10 93 64 78 26 100 9 83 71 17 5 93 75 67 74 26 79 64 31 31 92 94 45 53 96 72 3 88 10 63 2 74 37 86 79 72
73 20 56 92 89 89 60 87 95 50 5 23 47 18 52 87 98 51 20 93 69 14 26 77 79 30 27 5 87 36 47 10 2 5 20 10 98 3 35 9 13 35 89 23 76 53 93 55 70 84 23 62 55 79 99 90 58 46 57 78 35 86 36 2 40 26 87 18 61 87 34 16 97 39 43 49 87 31 18 61
33 56 11 63 22 59 64 94 96 67 60 4 80 68 20 11 66 38 80 40 92 13 35 6 78 50 84 62 30 4 83 1 18 42 43 15 85 73 95 56 37 25 81 78 20 85 84 89 94 78 47 53 50 10 70 16 41 93 57 37 85 24 95 30 18 35 65 42 31 91 76 8 52 26 81 78 25 92 59 90
43 74 31 83 40 41 82 91 29 23 82 37 84 7 34 100 88 31 43 71 66 4 50 32 75 8 53 15 93 25 48 55 59 40 94 73 57 47 95 2 32 33 59 56 61 76 62 82 60 9 82 71 80 52 37 67 51 84 50 90 16 78 4 76 53 93 94 47 34 71 92 82 62 60 85 24 37 93 50 31
78 96 47 94 16 2 43 13 49 12 46 4 7 4 88 64 4 20 19 51 32 6 5 92 78 22 66 3 47 23 50 64 72 11 18 77 47 98 16 29 57 100 65 2 51 18 56 20 90 86 81 29 82 57 67 6 5 9 99 99 72 29 14 88 44 81 31 64 91 13 7 66 93 72 85 10 5 88 66 2
1 54 22 87 18 94 23 7 91 25 19 96 20 75 91 84 100 50 38 63 79 16 100 57 34 67 2 24 38 76 21 54 37 79 26 98 62 52 76 80 50 52 48 99 41 25 81 90 57 89 1 4 48 53 62 20 5 57 70 59 89 80 95 96 48 55 81 16 30 42 27 16 3 75 53 24 15 96 15 73
30 10 82 8 44 34 43 92 69 98 30 69 70 89 79 66 3 84 72 31 96 67 87 55 69 4 63 38 11 76 94 74 81 76 51 25 65 10 29 3 53 83 91 17 21 26 63 83 7 2 50 86 13 37 92 56 48 15 81 5 40 28 52 67 53 9 19 43 73 15 31 60 25 65 61 56 67 32 36 57
97 12 60 1 89 90 25 42 41 42 9 23 96 12 81 80 51 88 28 48 31 25 69 71 49 88 9 36 95 73 21 60 19 40 70 1 30 5 94 39 54 40 40 29 25 37 23 93 70 95 99 92 62 77 72 99 83 87 21 86 91 79 88 60 80 53 4 21 9 71 16 10 96 6 73 37 90 24 83 4
43 48 61 4 66 27 80 90 44 67 84 14 55 65 55 13 33 42 93 12 43 69 63 30 82 65 54 15 71 14 2 81 49 99 74 13 29 86 40 57 29 3 19 8 14 89 79 88 15 81 38 90 82 65 64 30 5 58 93 81 37 28 11 14 3 60 61 72 83 66 96 5 53 94 95 25 98 30 20 77
97 8 96 70 15 72 19 30 52 58 48 61 72 64 60 16 20 39 23 20 89 59 31 71 99 40 22 5 45 89 11 62 79 75 12 31 88 82 39 49 74 72 30 61 18 87 14 85 96 18 52 93 62 77 22 90 20 15 91 27 87 19 61 56 27 57 43 88 76 44 86 55 41 4 100 42 8 63 79 11
26 91 49 16 91 25 29 29 73 66 42 2 47 16 15 75 45 23 25 97 95 100 71 63 91 63 52 18 95 49 10 24 31 22 44 71 51 26 35 61 58 34 11 33 42 99 30 99 84 17 31 82 65 58 74 18 30 64 57 34 1 35 28 25 97 82 63 49 91 17 64 9 83 89 61 77 50 37 34 13
46 78 8 85 53 66 38 25 58 44 70 65 52 99 93 10 55 43 42 89 98 76 1 35 60 14 9 2 73 96 16 28 69 81 98 60 9 17 8 77 25 45 7 71 78 26 54 85 13 28 27 28 55 25 23 44 97 1 73 49 27 45 5 14 65 69 45 27 100 66 92 62 35 26 95 62 26 48 88 41
13 36 67 12 14 1 85 46 44 52 5 98 64 63 34 60 16 42 77 9 63 78 32 71 84 57 97 29 14 85 55 44 100 72 21 62 46 14 33 57 38 5 75 33 88 86 24 39 9 34 86 96 45 54 65 89 63 16 89 50 100 73 88 30 42 73 72 60 86 40 1 4 1 74 6 34 38 14 55 3
96 79 75 41 3 11 75 89 86 62 100 99 14 24 24 52 29 25 32 72 40 1 63 52 63 44 44 34 46 86 68 99 8 87 75 78 49 62 64 73 11 79 15 77 23 69 99 84 83 60 24 37 5 57 14 52 62 35 1 22 96 19 47 39 27 14 24 38 99 16 9 13 41 45 39 10 68 77 47 37
96 45 14 44 39 90 48 50 77 51 57 71 92 51 51 91 59 8 41 32 92 2 56 63 70 94 22 17 87 5 26 21 97 28 82 41 14 6 68 4 79 75 92 23 5 7 27 2 36 8 2 87 35 66 84 91 99 51 61 29 11 51 20 71 95 38 5 58 34 1 12 24 87 73 67 58 82 79 67 5
20 13 71 61 95 92 52 25 75 34 49 75 96 98 36 15 72 61 8 2 25 6 88 32 62 10 96 24 60 72 54 18 87 96 46 91 47 27 34 42 69 28 3 56 38 39 49 37 33 16 74 90 48 34 20 19 15 24 90 63 99 43 57 48 44 100 42 35 55 50 50 89 77 82 96 92 72 43 70 88
55 29 80 75 16 71 17 95 39 74 85 55 67 56 43 1 59 79 28 63 7 19 3 23 16 77 68 67 54 6 63 85 93 4 91 97 26 62 30 90 80 26 37 48 46 9 78 17 13 22 21 53 37 59 73 9 33 17 8 29 42 89 95 69 69 62 25 11 46 52 65 87 66 28 67 21 34 83 11 46
94 21 19 66 78 58 45 91 48 4 64 85 60 100 18 49 9 35 45 22 44 53 61 98 78 53 83 42 49 3 76 56 98 62 27 49 18 60 61 90 3 9 74 19 35 55 2 16 25 57 68 45 60 85 92 30 12 45 34 95 34 3 91 54 62 39 95 5 81 69 15 5 72 21 42 47 12 8 41 91
27 31 80 2 17 84 59 7 68 49 31 17 50 4 50 93 30 38 35 60 13 52 98 23 54 58 100 27 60 35 60 80 75 53 18 98 96 40 84 84 2 56 100 86 41 16 95 81 87 95 9 2 37 6 52 44 68 7 51 96 40 38 54 95 70 94 55 13 56 56 67 17 74 88 8 48 27 85 59 60
14 13 76 99 20 51 91 54 62 84 55 44 86 43 54 29 7 95 75 35 95 81 62 61 99 83 53 50 12 84 36 42 12 58 78 62 49 67 53 86 37 5 81 72 42 78 63 74 85 78 95 9 14 45 21 29 98 58 33 41 46 15 84 42 50 4 94 56 71 84 90 45 21 37 51 70 16 66 9 75
44 78 63 74 43 57 89 70 64 93 76 24 66 31 58 84 1 60 43 36 63 85 75 15 96 3 56 33 78 38 87 77 81 27 5 59 90 74 34 98 36 32 49 77 30 16 93 34 22 48 53 36 12 66 22 36 45 100 85 28 23 88 10 38 70 87 95 65 5 36 19 45 89 80 79 87 48 95 3 21
69 91 5 91 51 66 55 72 81 64 21 49 84 15 95 51 34 88 54 37 77 10 53 40 53 42 48 46 44 93 3 25 20 77 81 88 84 55 89 78 20 18 4 86 21 92 19 14 95 26 66 70 36 2 11 55 24 4 70 55 26 96 42 59 20 11 3 34 36 77 5 28 35 23 82 3 26 32 9 53
62 17 79 82 81 19 62 13 99 9 82 28 35 51 81 31 68 90 15 11 8 68 12 53 15 55 50 88 63 47 29 5 52 9 80 49 28 12 84 45 68 61 100 76 73 75 22 96 51 68 34 59 41 6 95 85 97 44 17 36 23 1 60 12 92 16 13 11 93 7 84 31 36 15 17 45 25 90 65 94
86 93 33 11 99 31 5 91 8 29 54 39 23 44 90 52 93 58 26 92 93 69 90 8 1 32 87 1 22 93 72 38 8 39 72 91 76 14 44 53 42 4 4 22 8 31 33 85 65 23 4 10 61 10 39 51 84 12 29 55 73 59 49 8 91 21 89 42 96 36 47 95 44 73 68 49 19 94 93 38
24 61 100 1 11 38 13 13 8 47 74 20 8 53 67 5 52 34 40 92 55 48 47 54 44 35 82 1 9 17 53 18 22 95 8 41 52 70 61 74 52 90 44 62 73 73 59 68 10 83 36 56 66 55 5 90 35 88 3 37 97 75 65 25 18 18 10 54 74 12 32 79 1 36 45 84 90 35 33 96
47 98 59 99 40 57 44 29 15 11 23 1 17 49 34 90 38 10 70 75 59 1 4 99 24 72 83 19 66 17 11 82 92 27 76 90 13 25 72 40 85 49 18 20 60 67 12 3 52 77 93 22 48 14 27 18 83 55 23 56 77 57 17 62 31 90 91 81 89 16 1 88 10 25 72 3 77 87 77 75
6 93 60 44 20 42 31 22 64 24 7 76 95 23 90 67 51 3 99 19 69 73 18 26 94 21 67 60 16 37 87 45 77 85 16 35 5 94 52 39 24 10 33 55 45 71 58 22 73 16 21 3 27 28 99 49 87 9 67 81 62 36 77 5 4 85 35 8 8 39 69 9 55 35 93 35 48 84 65 19
