65
4
100 51 50 4 57 44 87 94 17 97 65 35 91 55 61 100 4 24 42 71 29 94 60 9 3 78 62 32 56 31 10 79 39 16 51 89 57 6 84 11 36 20 6 52 85 35 97 9 64 21 6 27 70 69 16 88 30 84 82 50 81 60 88 28 27
66 15 14 6 44 20 91 13 21 99 67 86 46 90 78 30 1 27 6 3 76 85 60 83 61 40 86 39 72 17 7 1 43 17 44 85 34 23 59 34 43 41 25 76 77 51 79 13 26 23 48 18 4 83 28 89 54 22 16 57 55 82 54 40 48
56 39 34 91 58 29 70 52 83 41 45 100 30 56 22 38 58 85 25 45 3 74 77 69 49 85 1 61 72 23 80 30 34 36 56 17 60 36 73 76 47 59 7 46 18 19 26 15 52 95 24 74 9 36 87 52 43 86 17 50 68 62 25 78 9
99 78 51 12 51 60 60 94 48 98 77 70 10 13 5 49 37 87 66 73 47 72 23 90 95 25 17 88 41 52 56 58 42 53 40 45 89 42 90 79 3 56 82 72 63 5 38 32 5 65 5 22 87 50 56 35 17 13 9 7 16 71 43 23 32
79 72 44 97 28 6 57 21 5 31 77 3 11 96 84 12 42 30 5 56 61 64 34 59 88 53 13 21 10 84 45 100 91 2 88 50 9 14 31 15 21 29 11 79 93 22 5 86 40 92 67 48 12 25 70 6 12 81 84 77 15 35 79 10 98
24 21 51 59 89 53 52 47 63 79 86 37 50 58 80 6 22 19 7 15 5 62 46 1 54 81 19 63 32 88 72 3 23 61 92 45 33 85 10 80 22 2 7 14 47 71 14 81 79 51 90 10 27 67 47 15 77 56 65 1 21 34 59 52 3
16 56 69 26 76 84 10 36 85 11 98 7 43 71 80 92 15 85 9 65 88 1 40 31 9 82 27 53 23 31 43 15 86 9 88 40 90 72 60 76 82 38 39 67 46 1 37 22 95 95 24 27 7 41 41 60 87 95 82 32 42 31 55 73 22
82 25 77 35 100 18 100 38 29 74 90 53 60 60 40 48 30 14 39 91 39 5 23 35 66 15 100 98 56 11 27 11 32 99 82 70 84 47 71 98 57 16 46 99 4 77 43 15 31 44 71 29 18 65 91 49 100 7 65 47 88 63 20 74 6
16 21 24 76 16 91 29 62 13 93 21 72 20 24 70 100 30 32 46 46 99 38 53 19 73 64 38 18 96 64 21 83 57 32 78 57 81 7 24 79 15 29 42 60 88 58 13 38 97 50 24 45 38 53 13 51 94 48 95 18 12 39 66 4 98
9 54 7 61 37 97 39 64 44 27 31 56 6 30 60 86 78 40 27 52 21 22 76 84 77 44 83 11 97 74 88 87 14 79 29 36 67 12 25 91 48 29 51 55 64 45 49 1 84 86 35 70 93 45 83 70 48 73 81 92 1 41 61 20 71
82 28 7 63 84 98 23 3 85 74 88 68 29 28 14 6 84 22 97 26 66 60 78 78 9 13 64 18 15 92 56 89 68 90 65 90 31 89 89 17 13 42 38 79 86 6 98 7 50 83 25 13 67 28 56 72 1 86 85 27 13 47 97 50 73
7 36 6 24 96 86 70 31 15 21 52 24 11 16 65 76 94 40 34 90 71 55 42 32 74 70 77 5 25 72 28 94 54 37 98 19 62 59 38 44 45 50 81 7 24 38 59 5 92 35 82 3 45 21 95 78 78 59 13 2 58 85 52 85 90
47 39 57 69 96 47 20 59 26 100 85 18 72 85 15 32 82 38 3 71 79 66 21 83 85 11 16 69 66 56 62 18 22 68 33 30 100 4 39 94 22 92 98 2 84 57 97 78 22 94 83 93 65 27 24 37 34 35 8 34 41 55 69 53 42
4 30 27 38 67 72 52 70 36 72 74 33 4 4 74 98 24 85 90 27 82 100 84 31 11 25 95 97 93 91 77 76 40 10 14 42 2 26 41 78 35 45 1 21 34 50 86 77 71 16 86 85 14 96 12 66 6 85 100 81 10 86 75 62 73
94 77 13 38 3 61 65 62 29 74 20 70 74 76 89 48 24 20 46 67 31 42 94 26 19 74 24 51 90 98 87 50 13 71 90 15 51 68 55 24 87 84 35 4 80 7 36 42 60 72 81 57 1 62 5 96 65 30 40 73 37 31 79 45 1
56 12 96 94 15 37 5 26 80 92 26 46 17 72 31 48 19 52 80 80 75 47 59 97 33 10 89 53 16 47 4 71 83 3 53 43 93 39 75 10 3 44 90 44 83 27 20 28 7 22 88 35 49 26 17 93 56 57 92 90 51 4 10 42 18
67 62 83 56 6 99 95 35 84 18 66 62 2 72 90 54 94 85 62 30 33 53 62 87 73 87 14 67 98 8 65 36 93 44 38 9 89 83 77 50 100 5 81 78 37 72 97 23 34 39 80 13 44 69 42 38 62 35 50 74 31 98 5 46 88
16 25 58 91 9 14 9 60 6 97 65 94 48 35 84 63 20 2 28 32 87 6 52 35 36 35 31 33 9 3 59 67 22 8 43 100 77 54 12 92 33 52 51 94 42 60 43 98 54 77 28 45 29 61 12 34 73 68 69 7 33 60 19 14 96
47 51 84 22 84 84 10 15 59 57 25 29 15 68 74 14 70 54 49 3 92 2 42 90 34 26 13 83 66 94 84 62 92 68 39 100 36 26 13 84 34 20 57 4 38 76 22 72 33 54 35 25 58 13 86 98 65 100 11 64 93 40 92 11 98
57 33 63 56 53 32 50 100 34 98 21 20 90 84 40 16 70 26 48 79 12 84 61 45 32 41 2 26 14 3 52 46 19 78 94 30 100 8 45 88 39 33 17 96 15 4 70 88 15 48 95 91 61 85 87 98 33 16 17 12 4 70 15 17 69
46 10 8 41 4 84 99 67 2 15 77 83 95 35 79 26 97 58 85 30 4 6 3 37 19 28 85 42 9 82 97 79 49 74 37 17 99 27 59 65 31 38 66 32 70 52 32 87 77 22 50 89 8 5 29 26 63 84 3 86 7 75 55 56 36
59 32 96 8 82 87 24 21 55 46 72 9 85 4 21 72 90 37 48 59 76 16 25 71 61 73 72 16 93 76 35 23 57 55 12 94 35 8 63 53 71 48 87 29 69 60 8 93 3 54 63 55 71 16 19 8 30 44 19 15 97 62 15 26 36
9 97 41 62 51 90 17 44 1 100 8 19 59 75 11 73 28 27 86 55 90 95 69 97 29 90 79 87 51 26 76 38 20 20 19 11 74 41 36 9 7 22 66 59 69 22 61 44 12 47 13 16 93 67 21 78 30 35 52 40 3 59 56 35 32
80 94 41 55 99 55 17 24 42 64 26 1 97 55 24 68 11 78 32 25 53 38 71 53 61 99 40 65 77 40 5 58 6 29 62 51 1 85 19 35 92 55 9 98 50 39 7 77 38 7 44 37 22 63 19 13 38 73 40 20 48 96 62 32 90
28 12 26 43 68 8 54 39 45 26 49 76 1 77 4 94 96 88 77 39 69 8 33 67 37 17 77 42 71 79 8 36 72 6 34 62 15 26 32 6 22 100 59 99 63 4 99 42 88 5 10 64 67 47 6 43 69 77 40 63 36 20 64 90 35
45 85 53 64 69 52 36 41 84 18 30 95 2 48 34 53 93 52 21 11 87 6 79 29 20 98 99 73 66 36 23 41 47 98 64 1 81 38 93 46 84 62 93 95 24 92 37 37 85 87 58 68 16 31 3 1 66 50 66 91 20 65 95 32 94
72 79 100 35 88 69 34 47 42 80 84 7 9 27 63 17 66 33 91 87 10 25 9 68 12 79 81 45 7 25 83 12 35 27 82 73 35 24 58 74 25 17 99 9 21 30 27 93 88 79 11 52 78 52 26 60 4 55 68 82 45 23 5 18 86
92 14 41 34 42 13 69 33 88 10 61 72 57 13 76 95 72 95 36 97 78 52 5 97 30 9 77 10 31 31 71 91 44 58 100 50 99 14 71 98 2 12 28 25 50 9 75 67 43 99 83 35 55 20 9 52 9 26 62 25 80 14 74 28 69
15 43 54 39 6 98 89 45 29 1 74 3 76 32 17 29 74 94 97 52 91 86 89 70 68 8 52 9 85 11 87 1 79 27 46 68 75 72 4 82 68 27 53 95 2 73 64 27 78 10 46 53 66 54 94 93 86 65 86 29 37 55 78 57 28
19 53 3 51 61 51 28 6 71 56 71 7 57 15 62 92 37 82 58 96 36 83 74 4 81 78 35 24 79 32 29 66 71 100 66 3 95 78 48 12 40 6 18 67 76 5 3 24 92 39 74 72 5 97 51 33 24 87 15 4 67 84 39 45 69
36 49 55 18 30 81 24 38 68 68 58 41 80 19 52 74 77 16 54 96 7 27 59 49 92 82 40 86 38 36 93 5 41 82 91 11 85 68 16 73 91 73 81 39 5 78 49 48 59 69 56 3 100 16 90 53 74 76 100 94 39 15 72 55 35
37 94 14 31 58 12 7 5 73 2 37 23 84 90 61 38 40 23 6 68 97 56 60 26 50 83 19 81 91 84 96 70 23 19 62 91 46 28 31 46 85 80 10 81 62 95 61 96 67 76 69 58 48 27 56 67 11 53 16 84 51 52 78 91 38
32 48 40 5 53 76 42 12 43 74 53 76 22 94 62 12 22 4 19 42 83 9 98 18 68 70 70 6 90 44 53 84 32 61 84 19 35 62 26 38 52 60 50 42 7 26 51 58 92 22 89 77 98 75 95 32 82 44 64 64 90 90 68 17 48
50 2 6 86 83 44 8 42 30 67 92 37 9 20 58 20 72 14 56 91 26 15 29 7 35 6 67 51 41 67 41 7 62 60 34 29 11 98 77 3 62 3 35 18 55 53 49 85 31 11 38 41 1 78 96 20 39 41 78 62 67 60 38 58 26
33 55 14 6 70 18 71 30 66 97 39 42 38 65 16 24 71 42 87 6 96 91 56 77 28 51 59 16 20 6 96 42 27 40 100 83 5 25 59 69 8 53 40 87 13 31 64 31 37 61 70 33 55 71 67 25 21 26 61 74 36 84 100 4 4
78 60 82 55 57 66 24 79 64 80 51 59 39 45 17 66 7 50 42 5 40 80 38 63 43 25 70 70 43 63 80 46 9 38 26 98 54 53 7 59 47 99 86 47 66 5 29 2 16 46 85 47 36 52 31 45 9 53 79 74 45 19 52 67 37
82 65 99 61 16 47 93 36 69 19 37 42 7 85 97 92 49 88 33 77 34 36 14 29 11 63 16 37 96 84 40 68 98 12 70 26 71 32 11 92 16 100 13 87 79 45 55 18 94 88 96 34 86 28 2 2 73 93 16 63 1 96 19 39 73
22 12 19 49 33 21 21 94 61 10 53 47 29 54 81 18 20 6 68 21 17 43 97 70 46 38 46 75 60 8 22 63 57 86 41 38 85 30 6 70 34 77 88 44 90 7 61 16 66 58 3 92 30 35 43 25 5 55 95 13 99 100 9 38 63
2 22 11 6 86 41 4 91 54 7 29 98 47 19 25 80 97 2 91 58 49 83 34 50 50 94 16 82 73 83 87 47 84 79 91 47 25 10 12 66 46 16 62 94 20 16 3 43 24 95 1 71 90 18 6 68 56 55 46 79 45 16 41 96 85
59 31 64 33 91 99 41 45 72 7 83 34 62 36 47 19 56 81 89 55 4 77 84 63 71 98 43 78 20 52 47 60 40 28 5 23 65 95 20 65 8 8 87 68 45 12 92 56 29 35 58 5 51 17 91 49 78 40 85 100 47 55 30 2 36
74 65 54 19 6 76 4 38 71 32 26 37 7 3 74 43 83 34 32 63 98 61 20 10 31 56 37 10 5 100 5 77 26 12 57 76 40 35 90 40 57 28 50 74 73 28 63 74 16 78 47 10 93 68 54 35 91 9 84 48 17 91 68 73 92
60 66 16 2 75 38 80 54 29 42 67 38 70 52 95 65 56 12 28 31 84 20 82 27 60 8 45 80 83 23 52 44 68 62 76 84 1 29 85 96 69 19 6 32 27 51 26 21 47 50 6 52 56 76 69 61 4 8 2 90 30 79 41 35 16
29 92 39 79 89 60 50 29 80 33 93 9 58 29 20 83 60 41 23 71 92 20 9 36 58 99 43 73 38 91 22 68 49 28 52 79 27 89 91 91 6 44 87 97 25 12 3 16 94 88 40 95 57 40 66 81 57 46 21 44 22 18 91 11 62
89 92 18 60 13 37 94 83 41 37 50 28 60 79 93 70 79 83 3 32 31 100 66 6 48 57 88 46 69 59 77 94 79 35 54 44 28 46 75 5 91 28 16 8 48 41 19 99 32 52 41 22 19 73 58 82 13 70 20 96 28 5 21 94 88
33 10 40 10 16 95 30 22 59 57 10 31 80 11 36 2 37 57 93 28 6 17 71 30 76 12 31 56 43 53 36 70 62 81 25 4 91 20 44 2 27 64 53 13 41 84 65 1 55 18 98 37 62 85 37 99 96 82 89 52 21 32 46 78 79
62 27 22 57 31 31 74 70 37 84 24 72 86 68 100 38 37 90 15 72 71 36 86 51 89 42 22 12 61 61 14 55 100 68 16 23 85 61 36 16 11 49 76 89 50 3 50 57 41 38 99 92 61 76 4 40 20 42 85 23 44 74 100 79 29
60 80 38 50 19 65 80 38 38 34 27 81 26 1 64 34 21 84 86 43 1 92 88 82 96 20 63 55 4 53 19 29 88 36 37 97 29 32 47 97 87 64 64 90 47 23 47 89 53 45 74 94 18 56 30 68 14 21 30 9 52 84 73 45 5
62 82 55 14 72 46 32 19 94 90 89 21 41 41 54 32 40 6 99 66 34 25 83 1 44 56 31 2 75 72 47 43 64 96 74 78 27 3 45 73 25 97 2 60 75 37 26 17 36 52 10 84 28 47 10 23 84 81 83 53 98 97 24 5 46
26 5 58 74 84 19 61 48 6 57 86 3 77 63 48 96 20 81 93 36 96 16 73 29 9 33 50 71 62 78 94 21 61 32 87 61 14 44 45 38 29 60 32 91 21 53 23 32 14 2 69 40 92 98 89 91 73 1 93 70 89 46 95 55 48
48 22 14 2 8 94 44 13 41 14 20 44 22 98 13 9 20 82 62 9 26 25 51 98 47 19 77 10 30 25 34 87 45 12 69 52 57 21 37 78 98 46 24 79 82 60 92 38 33 85 88 78 80 89 30 78 78 22 26 3 67 48 88 26 93
23 90 79 57 90 36 35 65 61 22 49 21 95 88 88 27 22 90 18 11 80 100 94 90 74 6 73 64 89 56 12 64 31 65 68 67 18 47 99 5 45 81 46 64 9 64 55 47 15 45 6 90 65 55 85 94 67 14 44 39 3 85 40 72 99
69 79 82 7 71 2 74 46 87 90 18 38 99 55 25 17 27 93 14 36 50 77 73 86 67 12 51 13 61 88 47 13 93 19 96 82 80 73 56 40 23 27 19 82 59 70 96 66 7 74 63 14 57 30 70 8 77 25 22 30 2 27 23 35 99
30 19 69 99 63 71 60 60 54 36 73 32 12 50 53 26 92 46 70 56 43 60 75 80 47 72 52 84 8 46 85 71 13 17 56 60 85 91 73 18 59 56 90 86 60 45 94 80 10 18 53 14 80 3 45 85 91 61 79 19 2 30 36 37 86
23 68 6 53 89 85 18 28 58 100 22 31 68 72 80 28 52 25 99 88 65 34 34 61 96 77 16 10 8 34 54 62 21 65 99 99 13 19 67 22 92 75 44 71 15 30 57 28 95 79 44 40 17 25 73 32 14 47 77 67 30 83 33 18 5
47 2 49 77 7 18 11 55 55 38 81 65 24 87 64 75 76 31 20 22 88 57 89 59 69 16 50 66 33 22 12 34 89 37 29 44 11 37 66 100 9 95 7 99 55 17 93 52 17 59 71 94 3 91 2 55 82 69 93 95 2 43 96 31 47
93 41 54 83 55 23 83 18 55 90 43 80 70 49 42 22 76 54 79 65 22 27 23 51 35 87 25 9 72 53 61 42 64 68 9 56 32 13 33 47 80 26 2 54 53 74 14 92 52 30 99 59 87 39 100 71 23 26 92 31 13 23 82 12 36
32 2 29 44 3 49 44 52 23 3 51 71 77 61 40 13 40 88 47 70 58 6 12 96 26 32 22 33 87 61 91 68 66 51 82 35 58 68 18 100 5 73 47 83 24 42 49 68 100 19 12 66 87 95 73 98 15 58 44 4 14 29 69 75 70
39 64 38 17 18 20 75 30 20 80 12 20 41 22 87 78 98 51 2 53 92 16 24 59 76 93 33 27 28 87 45 79 11 1 37 38 51 99 12 33 67 4 94 67 32 62 64 54 84 28 29 94 81 23 81 32 53 41 1 60 33 35 31 56 40
73 68 9 59 57 29 90 5 99 16 68 25 47 39 12 46 83 52 61 45 53 71 40 10 87 79 54 41 76 85 67 73 43 22 7 53 9 40 4 100 21 60 67 16 40 58 47 100 29 49 62 100 34 16 4 45 34 26 93 57 25 72 1 12 49
21 27 5 93 56 61 70 35 20 76 57 60 14 81 35 33 49 84 67 42 30 33 9 33 14 14 79 15 80 45 48 34 29 54 26 4 8 21 3 56 81 28 30 91 82 74 43 89 71 40 58 77 45 4 50 64 36 19 21 36 24 19 66 66 96
74 47 14 85 79 23 46 56 59 100 32 90 31 59 21 12 48 67 71 40 50 15 60 2 73 3 1 76 49 2 11 97 53 63 61 52 23 2 92 100 23 75 17 18 45 16 38 10 23 93 45 98 38 66 85 34 35 18 35 94 56 51 65 96 49
95 70 47 31 52 65 63 81 35 77 30 47 76 92 94 21 95 18 52 86 78 38 18 27 38 93 71 33 57 17 92 39 34 100 92 29 19 17 60 22 88 83 75 69 26 32 8 70 5 3 87 54 50 46 35 64 88 43 73 23 43 89 32 71 89
96 73 71 96 100 22 61 79 65 52 23 61 38 51 30 95 88 84 50 56 22 67 33 20 26 52 39 4 31 27 51 61 51 94 20 98 81 80 23 7 70 95 19 66 90 62 53 11 48 79 30 11 11 33 89 30 57 84 23 60 62 48 27 45 12
67 6 86 82 90 13 97 15 46 37 85 90 1 16 43 58 76 65 35 18 32 14 12 88 87 58 18 30 11 46 44 9 100 81 79 27 61 22 21 28 30 18 91 36 90 96 15 27 19 76 46 35 13 96 99 71 91 64 77 50 35 23 5 2 90
30 100 7 21 4 26 12 19 93 6 21 37 89 25 41 56 98 45 45 63 58 38 91 50 4 53 57 46 55 80 49 33 63 82 15 46 50 63 12 11 20 13 58 64 25 86 93 46 93 94 53 12 99 47 87 92 19 97 62 21 30 78 48 19 90
30 61 59 81 16 96 82 98 19 11 48 45 87 46 17 84 77 97 58 1 89 24 65 80 67 88 99 60 49 60 88 90 51 84 46 33 79 37 99 64 71 60 17 60 40 14 20 55 9 68 53 21 66 37 34 25 95 100 23 10 20 6 14 78 54
91 96 76 68 15 77 11 10 69 58 83 84 39 2 79 25 72 6 55 25 39 73 73 7 81 30 73 91 91 7 79 4 100 46 46 31 74 23 11 15 30 29 35 89 47 44 67 40 29 22 68 3 95 6 99 22 11 60 86 66 86 41 73 5 1
50 21 64 14 34 18 8 28 71 30 69 50 22 61 35 19 66 20 21 5 13 12 98 7 10 14 55 84 9 42 2 98 35 39 90 28 35 33 24 37 48 30 51 74 25 97 21 13 93 58 35 25 12 68 16 28 35 91 81 16 71 31 52 85 31
91 31 32 8 25 99 66 1 27 28 30 3 50 75 69 70 69 57 72 85 37 98 56 37 35 61 56 85 81 58 69 90 39 41 48 75 54 25 81 7 51 24 96 14 44 18 82 65 63 96 59 2 56 94 2 6 49 49 86 63 90 58 49 37 91
39 35 36 65 68 77 72 28 76 81 80 49 13 75 90 59 98 28 71 90 45 57 12 21 45 76 24 67 55 90 72 69 84 49 21 64 21 29 21 77 9 20 16 66 44 39 65 48 44 53 43 6 57 76 93 16 42 93 78 32 28 81 85 80 56
89 35 57 49 1 71 66 67 27 5 4 81 66 52 87 8 8 47 53 89 4 27 87 83 75 60 79 12 64 95 88 25 9 16 43 90 3 30 48 98 4 83 69 41 67 21 95 34 62 55 29 29 96 44 26 59 35 61 36 3 30 84 31 45 66
31 81 77 76 16 97 90 28 31 69 45 39 39 84 51 20 93 63 32 57 73 32 48 49 84 54 2 75 25 68 68 32 5 7 1 34 39 56 67 79 95 85 72 28 96 99 46 60 52 20 17 52 39 65 16 56 69 61 54 32 66 35 75 28 20
36 51 48 90 82 92 53 60 53 85 54 8 9 96 30 89 79 54 54 15 92 72 36 69 33 19 44 2 46 58 38 59 42 83 26 20 40 86 69 12 67 13 80 1 54 32 7 96 24 97 30 29 18 11 76 94 89 96 77 3 13 24 40 80 68
40 67 28 85 30 36 20 2 54 36 89 6 42 28 51 84 27 1 49 11 47 26 44 41 93 77 64 58 48 74 38 15 24 63 14 70 49 85 16 12 82 59 48 88 36 26 17 55 54 12 9 76 57 60 57 26 51 33 14 86 51 33 75 46 36
53 53 53 16 13 37 64 98 78 53 53 79 80 36 86 34 4 58 17 18 96 43 18 60 9 37 14 70 65 32 18 43 60 31 90 63 92 14 34 28 3 39 66 84 48 99 76 78 9 49 9 15 18 11 51 18 28 61 17 45 60 10 92 92 50
39 88 46 15 100 37 10 65 42 15 39 6 74 19 4 71 98 9 36 20 88 87 88 87 27 91 1 13 26 86 75 62 36 5 5 65 20 93 13 41 44 98 84 59 40 48 33 69 27 64 89 57 25 59 12 82 56 45 20 17 85 19 19 43 5
40 46 23 77 90 78 19 94 77 14 98 25 30 14 35 56 98 82 64 53 18 46 18 27 3 45 35 65 9 16 39 6 67 32 67 2 29 78 55 46 41 15 26 56 100 29 55 48 69 72 98 34 1 94 11 100 24 13 32 40 83 51 20 61 85
38 28 48 64 54 50 57 40 99 42 100 44 33 9 1 35 83 56 69 15 98 59 16 50 30 29 87 87 40 5 31 27 8 72 43 39 92 57 7 19 55 86 98 4 89 4 66 30 69 8 12 31 65 51 24 47 49 47 47 92 5 87 96 97 97
80 25 85 86 96 39 52 88 21 39 13 67 21 11 48 40 13 6 92 62 4 84 38 84 67 41 30 45 53 58 68 3 36 38 7 86 49 62 15 62 37 52 51 16 6 77 76 63 1 66 60 49 87 46 72 51 59 73 18 76 37 19 35 72 48
76 38 90 20 53 64 81 25 13 41 93 54 4 77 21 11 81 24 63 62 30 95 70 57 26 94 73 39 86 95 6 51 8 64 49 67 32 7 81 5 12 69 75 94 77 52 67 7 2 71 23 71 42 52 62 73 33 90 70 71 15 34 88 4 81
58 71 75 53 90 40 37 30 76 86 49 65 72 15 38 26 65 85 85 74 9 79 10 53 51 33 47 72 50 10 20 61 42 24 23 2 63 99 7 27 27 16 62 52 18 84 91 25 47 31 74 7 92 68 14 87 66 100 71 90 88 71 80 93 84
5 83 82 77 16 53 82 40 33 38 63 66 79 50 49 54 7 18 33 77 77 49 20 30 47 100 17 12 10 8 85 56 10 8 83 9 16 31 28 4 45 72 33 26 20 91 11 22 53 55 4 9 63 96 26 69 49 94 52 97 96 10 46 15 1
48 64 72 31 61 61 80 62 66 15 52 53 67 16 3 83 91 13 46 32 36 76 83 25 24 95 39 68 52 51 70 62 81 66 31 86 59 54 52 37 13 40 7 74 79 77 70 12 13 36 46 61 45 3 24 54 84 74 98 85 84 40 15 40 85
32 79 21 39 18 5 67 50 44 64 92 73 100 37 97 85 91 95 57 70 40 42 65 54 59 89 85 16 41 75 51 55 71 43 36 99 46 20 86 64 10 56 96 68 80 22 58 27 94 53 34 92 93 25 35 67 94 73 67 82 13 74 22 9 99
91 7 54 6 94 51 18 54 1 33 79 67 48 27 13 54 73 43 71 40 100 73 85 74 44 75 12 21 36 56 75 36 66 47 39 80 56 100 16 68 10 55 24 14 64 81 85 22 60 49 95 69 20 15 39 23 27 59 67 86 94 75 4 30 32
94 36 45 39 58 70 38 3 65 54 82 78 70 56 29 44 34 29 42 53 54 32 44 77 40 65 51 100 25 88 11 61 85 80 90 24 11 45 31 75 35 13 40 71 5 24 79 46 94 22 70 86 19 20 61 5 46 26 21 40 46 18 82 45 53
46 27 47 79 24 58 7 20 14 32 85 10 81 49 88 38 56 95 21 62 50 97 4 53 52 96 9 9 20 93 58 76 38 46 35 34 57 92 40 61 95 9 62 54 26 45 84 75 55 46 94 78 14 78 96 2 83 69 27 54 57 47 15 82 66
96 43 77 55 55 76 92 72 68 52 66 91 64 25 29 45 18 59 96 8 58 34 73 17 74 47 72 87 50 65 60 2 45 28 80 74 12 72 36 30 85 18 40 11 20 45 38 20 23 38 63 38 57 21 77 77 53 18 44 29 21 95 84 5 11
17 59 36 59 35 47 99 54 46 47 61 65 41 52 86 32 32 16 23 21 82 76 3 11 13 62 41 50 63 24 15 62 22 19 1 47 82 18 4 23 8 9 3 55 7 56 88 64 53 70 5 48 52 68 65 67 52 7 52 86 55 76 54 22 98
59 18 41 29 42 23 97 10 48 64 40 28 12 35 33 64 34 88 10 73 29 87 48 47 99 100 83 43 59 19 63 38 78 56 68 48 100 3 72 94 59 94 17 27 15 23 43 98 70 20 19 38 78 9 78 38 61 16 58 99 3 86 55 69 3
95 52 72 73 52 87 1 65 70 100 61 88 73 10 1 97 7 27 86 13 26 8 36 72 90 52 32 61 9 94 68 81 13 66 7 47 82 5 66 90 88 18 69 50 15 27 96 59 22 47 68 58 43 14 28 61 33 43 88 65 52 45 74 84 95
3 3 92 60 55 19 38 5 21 3 61 12 63 91 76 70 33 33 98 17 41 8 18 68 25 25 61 50 36 16 5 93 75 57 28 90 78 41 12 42 60 81 7 50 78 46 66 11 46 83 43 89 8 31 46 74 88 67 1 64 16 19 33 27 80
95 98 21 73 96 6 67 39 72 91 42 6 81 83 38 52 21 33 4 86 39 70 47 48 76 100 60 93 20 52 70 92 92 20 37 54 16 84 9 18 52 17 53 26 20 32 93 45 11 8 74 82 36 66 91 63 82 73 27 66 76 48 100 10 32
100 20 79 19 83 18 11 92 60 2 22 11 100 100 60 22 17 73 30 94 15 45 19 79 55 12 61 80 25 96 68 86 28 20 52 49 7 38 3 39 25 69 26 24 27 6 18 65 39 46 73 86 50 45 6 50 66 30 47 68 1 74 13 9 95
39 56 98 65 88 65 93 67 40 79 56 32 76 17 1 56 62 69 2 48 22 54 56 88 39 67 33 17 4 6 26 11 82 58 50 23 58 74 43 31 99 29 15 1 87 37 72 90 66 34 90 21 9 45 76 13 99 50 56 37 47 70 76 7 76
16 30 91 41 67 10 11 58 1 90 22 79 59 79 23 48 42 40 72 81 26 66 5 28 84 21 74 41 11 7 97 8 48 31 62 94 55 62 13 66 3 35 67 24 75 19 82 34 15 60 50 32 36 90 75 81 64 83 73 73 78 17 21 43 49
16 9 58 25 37 3 32 84 57 6 69 28 93 20 9 63 72 71 62 8 11 40 30 47 38 1 33 32 95 94 71 41 27 43 76 26 76 35 78 54 69 82 71 77 96 64 43 18 21 48 96 73 28 66 47 80 93 54 95 74 85 85 20 78 32
52 62 24 35 10 33 73 9 48 87 61 10 57 34 23 83 44 38 92 92 4 19 46 57 78 24 22 53 89 14 29 42 100 56 100 38 51 69 67 26 75 61 6 29 46 28 27 23 100 1 42 41 43 87 48 36 78 96 83 24 55 14 7 12 35
15 67 79 38 67 70 95 99 15 33 9 78 9 86 91 36 84 6 75 85 37 90 77 24 94 94 92 18 59 4 19 52 1 36 70 47 40 15 35 54 66 62 63 93 33 72 93 35 53 89 47 59 98 99 94 36 64 23 82 53 94 43 53 39 16
85 40 31 100 34 73 1 1 14 99 77 99 6 38 85 64 40 46 45 74 39 54 25 24 98 74 17 45 84 84 30 15 43 74 57 90 13 51 70 69 33 66 15 35 48 63 82 19 23 88 92 7 49 9 20 24 71 29 6 47 61 88 61 51 14
43 56 84 68 64 66 57 20 15 18 82 65 44 71 76 46 19 56 27 64 94 48 1 98 78 71 29 35 63 55 25 14 45 16 47 67 85 28 84 46 65 88 46 68 85 36 64 41 14 33 2 48 69 79 1 68 15 58 9 40 48 67 36 22 12
75 78 74 93 74 88 7 63 91 2 54 9 27 70 5 71 30 29 78 26 50 26 32 4 92 7 63 80 17 70 63 1 56 66 72 68 63 82 61 78 81 68 28 97 84 37 21 25 99 17 30 43 98 10 75 68 93 63 87 39 95 62 75 22 61
15 26 51 40 46 75 55 35 8 43 88 9 66 34 91 63 58 11 34 81 13 35 3 1 77 81 97 67 38 86 60 25 42 62 91 62 49 74 22 54 14 94 7 12 52 7 28 62 66 15 2 97 39 89 1 25 53 89 4 95 87 48 12 46 81
21 2 88 98 87 63 72 76 96 73 100 2 95 13 81 29 5 68 77 76 17 14 66 85 31 28 71 37 95 36 79 38 53 86 74 83 74 61 100 95 100 79 7 61 55 44 12 100 31 71 56 4 52 61 90 23 79 50 50 34 10 80 34 5 40
85 97 74 6 62 5 72 7 42 31 52 87 73 100 98 99 41 33 25 91 62 36 97 6 3 29 54 18 11 18 6 8 7 12 12 13 40 35 42 88 67 29 52 85 15 81 57 94 99 36 34 48 52 34 37 92 94 57 66 99 49 46 64 38 74
15 100 65 63 11 89 45 75 65 22 23 71 78 82 38 73 59 24 82 98 75 99 60 97 61 95 54 73 95 36 77 16 53 70 25 41 16 57 51 72 19 30 89 20 89 57 45 40 26 31 2 51 78 74 83 90 8 75 11 98 82 91 31 35 89
15 36 20 58 32 14 89 64 52 8 4 74 22 59 11 82 40 56 97 65 65 32 5 42 65 21 15 63 11 80 83 64 64 47 49 89 94 89 96 15 32 99 23 52 71 83 18 44 41 50 22 9 62 59 22 66 15 46 15 73 18 77 71 45 61
59 84 58 100 3 27 4 74 74 15 17 65 29 9 89 19 97 42 46 40 47 83 48 18 44 65 23 56 73 8 41 9 75 66 29 18 15 89 44 99 6 50 48 58 40 31 59 52 81 98 28 26 51 97 31 75 43 27 4 25 45 3 91 92 2
83 98 73 56 57 2 99 39 81 44 72 47 45 50 21 30 22 81 5 94 56 69 79 60 77 85 49 6 13 4 55 6 63 36 15 68 84 67 54 53 53 9 88 9 52 14 66 60 27 77 8 100 1 69 29 60 99 31 85 60 52 23 32 9 89
96 50 44 44 10 94 22 74 67 62 98 74 99 80 36 76 96 66 46 49 1 74 4 90 67 77 3 25 4 55 53 40 98 54 25 100 23 85 54 83 39 56 47 95 87 86 34 67 78 29 55 97 37 26 60 97 81 28 35 60 9 11 63 74 80
52 78 34 52 50 85 51 10 11 10 5 51 1 73 36 38 62 8 33 6 91 16 57 100 96 91 71 23 23 78 53 9 49 2 22 95 94 68 54 63 55 73 34 23 28 8 97 88 76 83 75 24 14 37 56 5 22 26 28 87 69 97 66 2 34
94 27 38 37 11 28 61 97 6 89 13 64 16 56 77 31 85 18 27 6 64 100 45 100 18 84 41 39 96 21 69 84 59 64 27 97 32 77 17 89 97 49 87 14 44 48 16 3 8 70 89 51 79 57 97 80 20 25 94 4 21 13 65 89 67
60 41 7 84 33 54 82 4 55 85 14 53 64 48 70 34 55 96 85 12 80 39 51 84 10 68 7 76 3 59 28 36 91 60 4 29 27 48 65 47 63 2 24 12 54 24 67 73 8 15 58 5 98 14 78 10 42 65 52 84 76 50 85 86 85
29 58 98 11 95 20 24 2 70 77 88 9 38 66 76 37 73 61 90 97 13 54 45 82 20 24 93 50 8 86 24 63 84 67 38 41 40 5 64 90 100 46 18 98 76 16 57 70 19 2 39 64 42 27 79 50 29 64 98 21 59 100 27 31 34
51 17 65 56 85 97 62 62 73 81 41 52 80 88 86 21 63 9 3 22 69 60 54 80 67 51 14 38 20 61 78 19 19 34 8 31 71 18 29 52 21 88 43 29 48 42 82 86 45 54 10 66 65 14 93 76 100 77 21 47 58 30 48 23 4
8 2 4 75 100 32 16 60 19 48 3 30 99 21 36 41 83 70 35 57 83 100 48 83 20 83 67 55 82 53 89 56 65 5 86 62 78 10 50 50 52 41 15 60 49 73 64 64 84 91 81 24 25 32 10 53 31 6 71 90 58 20 33 87 38
28 33 38 45 22 88 46 84 58 11 27 43 28 47 52 15 59 98 45 56 82 1 38 19 100 50 72 47 18 42 93 59 99 39 83 7 20 43 24 97 63 79 72 35 86 98 98 62 69 62 16 76 20 77 9 64 83 67 51 97 17 50 70 44 19
31 69 49 61 81 11 15 37 25 10 78 21 56 32 10 67 37 19 98 75 53 82 77 54 39 53 40 80 42 64 92 96 3 54 42 21 9 44 76 82 28 25 81 59 77 44 45 54 64 56 28 28 21 20 43 40 90 14 62 63 74 12 61 29 32
59 53 41 87 62 47 87 70 56 81 10 67 39 69 33 95 11 77 57 75 87 82 88 24 87 30 40 53 15 68 61 5 88 13 52 60 97 49 30 48 32 22 70 71 26 64 32 11 73 73 88 83 32 37 6 68 44 72 98 98 66 52 3 93 87
43 53 66 36 91 46 68 79 65 41 17 90 100 45 41 17 40 13 83 53 87 87 73 56 28 58 92 98 35 94 25 48 17 58 83 45 10 31 96 87 87 72 90 18 50 83 32 86 28 49 14 68 11 53 78 24 27 94 56 10 89 67 25 62 51
34 67 81 92 23 66 82 75 26 97 27 54 99 13 16 34 5 23 36 13 25 62 55 74 6 11 14 11 59 14 12 94 43 79 53 63 8 52 8 63 61 24 80 46 74 53 95 80 51 77 64 16 7 100 57 4 27 17 44 42 34 41 29 68 45
5 7 93 1 34 55 91 26 3 29 22 47 53 95 55 47 85 55 63 9 59 60 81 77 10 22 51 82 29 44 27 39 44 50 29 7 49 98 91 68 66 26 61 29 61 30 79 5 13 23 33 6 84 40 59 89 20 13 78 78 70 36 35 41 9
81 29 52 99 25 81 72 22 38 34 35 45 19 97 2 68 19 66 5 73 26 61 38 41 10 42 38 56 45 83 61 85 31 25 18 52 45 87 99 19 76 31 76 2 97 47 45 64 27 7 75 14 70 4 80 27 41 8 93 25 60 94 25 3 49
58 45 77 79 1 94 55 93 10 83 83 15 22 79 89 10 96 23 38 69 6 80 62 88 83 45 9 29 16 10 48 100 32 11 82 6 2 70 52 24 60 80 37 55 70 18 74 14 59 41 60 63 2 86 1 28 48 91 68 27 65 84 33 88 73
37 100 90 68 20 93 75 67 85 36 56 2 79 80 51 57 62 82 26 37 12 37 43 48 72 66 4 88 98 17 51 30 5 5 54 32 13 81 53 2 87 49 4 73 61 32 7 16 16 19 41 67 48 68 94 40 52 30 80 3 27 64 52 75 67
43 46 68 99 85 43 88 50 99 58 47 98 19 90 67 55 58 69 76 92 73 25 35 64 65 26 54 18 93 37 19 7 48 76 46 61 36 79 48 90 59 43 17 17 76 2 60 7 37 8 78 90 95 56 10 85 80 31 37 77 29 94 27 45 70
1 47 96 36 59 74 99 70 100 74 17 96 38 41 82 16 3 66 17 26 55 46 85 72 54 56 80 66 83 52 51 34 90 48 58 96 44 26 7 38 37 50 43 68 80 96 59 33 76 40 42 71 21 23 81 42 10 22 64 45 33 69 68 30 51
17 59 24 90 79 56 43 53 71 63 71 93 21 36 49 73 62 40 13 50 76 96 60 74 66 33 7 76 38 53 72 54 19 73 99 43 47 92 81 25 71 94 4 23 94 89 100 63 92 73 17 10 26 64 8 43 29 27 71 51 94 48 14 19 97
21 41 61 11 49 51 70 43 88 56 69 69 24 34 43 68 74 54 52 34 47 39 28 8 20 14 62 96 100 83 44 96 74 84 27 33 6 35 80 36 20 96 89 31 68 10 13 95 88 81 35 85 37 3 67 29 84 8 8 36 58 53 43 25 25
89 52 83 22 87 45 70 11 52 82 100 82 67 66 98 94 97 76 69 20 77 18 12 97 7 19 4 80 78 74 38 31 69 93 72 53 65 61 67 33 79 27 53 14 70 87 32 16 72 19 48 34 99 60 11 91 50 52 83 88 87 53 72 20 99
41 99 74 29 1 85 39 94 34 54 66 19 91 65 62 80 58 3 21 2 73 63 75 95 67 52 62 81 95 96 25 34 100 99 38 36 24 92 64 87 62 14 56 18 47 54 2 61 94 32 54 4 25 51 60 90 44 53 28 84 6 63 27 100 75
22 52 76 90 41 88 81 46 36 99 50 47 30 2 11 47 39 35 42 38 1 69 30 58 3 20 60 1 29 17 96 2 71 29 16 77 75 91 15 57 46 63 11 49 27 26 55 94 83 91 99 100 5 100 53 57 38 69 27 20 82 81 84 27 65
36 71 58 44 3 83 5 58 68 39 61 22 84 44 14 49 47 46 11 71 61 23 50 93 75 96 54 33 23 40 22 24 45 30 71 34 30 46 55 62 54 90 24 67 99 85 14 82 45 33 20 48 9 43 54 97 92 61 45 90 62 78 59 33 29
73 58 59 12 55 33 43 99 3 10 85 79 28 89 25 30 62 57 56 64 18 90 90 61 82 17 37 21 57 97 66 26 29 25 11 22 22 27 83 42 4 4 50 73 47 4 6 53 87 3 40 17 100 21 39 43 25 84 28 64 84 11 6 64 50
51 50 100 2 59 26 19 2 99 94 25 64 69 52 16 35 6 7 64 78 64 89 8 67 61 65 17 30 71 58 51 79 50 57 84 12 27 91 79 65 25 13 16 60 29 60 70 72 19 47 37 4 61 14 76 8 29 71 19 40 14 60 23 27 80
35 88 30 79 10 29 64 8 42 100 40 59 33 74 67 34 9 18 68 14 89 2 23 62 58 99 48 26 3 15 78 85 96 98 43 10 93 34 64 54 88 92 25 61 82 71 49 94 51 87 30 93 100 87 71 73 9 26 37 93 45 97 4 8 7
49 38 26 83 65 99 98 6 88 32 3 65 49 46 44 39 31 58 99 11 47 44 43 84 89 51 65 36 47 93 91 17 32 14 97 32 8 84 79 53 52 37 44 86 25 49 41 59 49 27 89 84 39 54 41 27 41 37 66 42 97 50 52 20 60
94 4 14 9 48 38 99 62 40 40 3 9 33 24 88 44 18 16 69 32 80 77 71 38 13 84 29 52 81 3 34 42 64 36 95 90 93 74 29 52 37 26 49 34 79 54 39 20 74 76 87 3 56 32 59 34 4 94 12 67 96 14 64 54 65
36 20 2 31 17 84 42 83 28 45 8 94 41 18 23 19 54 70 93 71 84 50 31 38 4 35 42 89 46 57 31 47 49 3 32 15 67 53 77 20 71 89 23 18 20 37 86 42 18 29 95 57 46 96 100 8 38 4 33 19 78 17 81 3 62
8 7 86 94 79 80 68 13 96 76 31 82 37 44 62 15 12 67 80 17 66 80 72 78 64 42 34 79 93 18 85 35 53 47 66 96 53 72 37 80 72 8 91 64 94 26 98 13 18 1 59 31 85 71 88 57 27 4 48 82 84 95 23 94 50
64 77 70 56 98 8 89 71 51 2 5 61 65 47 22 34 74 99 88 48 80 4 24 74 49 9 60 87 29 71 12 94 69 23 84 4 15 1 33 91 31 7 57 59 55 6 20 84 17 41 32 14 17 8 74 20 54 44 78 77 18 26 9 64 89
49 84 27 58 15 34 13 20 22 98 8 50 56 88 1 14 29 53 67 36 41 43 29 72 30 53 43 96 23 22 11 67 58 85 39 10 79 58 46 69 91 32 25 74 64 53 24 32 41 87 74 34 54 82 33 41 50 26 95 12 39 53 9 33 81
83 17 34 23 75 95 75 84 32 5 58 15 27 26 68 86 95 60 25 37 97 93 46 66 54 97 36 47 12 39 85 13 90 33 77 60 70 87 65 81 87 86 60 73 62 50 58 75 41 40 5 97 63 42 45 51 59 26 64 19 20 75 23 98 85
65 26 22 69 57 32 70 6 16 20 94 56 100 49 90 8 48 67 42 64 64 63 40 24 98 47 77 35 15 99 23 7 58 51 35 53 7 61 95 14 7 22 24 44 11 73 84 19 31 64 28 53 89 47 60 76 56 84 52 44 79 90 90 21 93
48 98 25 28 15 42 29 76 48 48 37 45 23 85 1 66 100 57 92 69 80 21 5 94 41 27 26 66 34 74 95 41 77 80 71 66 5 30 51 33 53 51 25 75 94 92 76 11 12 75 58 93 25 47 60 94 41 75 35 6 53 13 94 48 86
39 34 55 30 21 80 31 13 87 80 45 85 4 38 86 4 53 18 85 23 53 65 90 40 51 91 90 97 61 64 23 49 39 79 91 16 90 30 10 89 58 78 80 18 36 31 61 61 61 54 90 52 58 61 43 54 57 42 17 52 99 35 13 18 75
5 79 66 93 7 82 32 25 96 50 99 51 51 38 3 97 28 12 11 88 92 18 81 5 52 61 33 47 29 58 8 11 11 53 64 2 100 58 45 22 82 70 62 25 42 87 76 6 34 50 73 5 56 18 81 55 70 36 30 41 25 7 80 88 56
51 88 17 84 67 85 61 64 44 48 69 46 25 21 7 44 13 85 98 96 93 41 76 85 67 26 89 65 55 73 11 71 41 89 3 2 84 62 83 77 3 69 90 96 10 58 27 35 84 7 45 14 74 10 73 58 11 63 56 81 2 38 73 59 72
17 77 28 53 16 11 5 96 18 31 71 87 9 24 64 19 11 86 28 58 25 4 81 83 81 58 4 81 13 82 35 24 14 14 15 97 54 31 91 29 22 10 48 70 24 43 29 9 19 6 22 99 2 68 40 13 65 33 19 91 39 84 47 79 78
44 45 30 13 3 34 93 5 10 38 25 62 85 19 84 78 63 70 24 64 2 1 71 35 59 3 42 56 58 97 75 80 19 48 59 39 2 21 24 40 20 62 88 32 34 94 79 65 53 11 85 4 84 59 12 68 62 69 53 45 81 24 84 22 27
56 80 89 93 41 84 35 74 93 31 95 9 57 35 93 48 54 83 94 6 93 27 50 23 33 39 19 69 32 32 63 91 77 73 71 98 12 41 58 24 24 24 68 92 19 47 61 36 24 43 3 7 77 25 40 95 51 92 78 91 64 18 23 67 67
79 28 50 10 14 42 39 8 47 91 23 63 78 17 52 23 43 44 21 54 48 57 18 56 26 51 42 51 10 48 89 93 45 33 5 52 28 22 16 28 30 69 17 92 69 49 44 13 79 7 71 56 76 95 13 15 35 68 38 65 16 88 38 2 71
91 79 10 9 45 7 97 18 40 54 52 38 12 65 38 98 81 78 22 45 70 98 16 28 99 22 46 74 53 79 14 90 55 63 30 72 62 86 79 66 27 84 35 71 94 23 64 77 6 22 27 41 93 24 57 15 62 64 46 92 72 79 74 28 14
27 49 8 7 45 58 28 89 50 9 71 22 25 50 40 81 1 53 56 68 62 68 66 11 42 94 92 53 74 61 61 14 35 23 25 61 30 40 88 24 63 52 41 52 83 81 53 91 23 79 9 57 81 74 93 66 62 24 80 77 93 74 48 56 28
62 35 95 75 62 55 36 37 70 73 91 88 10 61 31 15 3 89 78 26 59 19 6 55 5 22 44 60 31 81 45 91 74 22 96 63 32 50 43 35 41 39 79 92 53 78 73 31 86 98 47 26 90 65 9 80 25 93 98 17 3 31 46 86 98
100 84 83 6 67 62 79 16 48 59 23 55 85 60 66 17 26 77 64 37 43 76 32 88 2 92 15 60 14 5 55 14 44 60 23 21 86 62 71 81 87 63 93 56 93 59 42 21 63 8 60 24 97 3 7 64 32 23 59 94 60 7 24 97 97
84 28 93 34 35 60 63 3 24 21 83 10 25 83 75 3 62 23 15 54 10 23 86 43 65 87 54 40 39 8 31 26 1 44 96 27 34 35 10 15 60 59 42 98 21 26 33 59 26 23 68 17 20 70 38 37 70 94 33 46 47 92 35 55 57
83 90 3 62 60 42 88 58 41 24 97 8 65 15 32 94 89 18 15 7 75 78 22 26 22 45 76 26 68 81 61 66 75 17 24 39 72 98 28 8 31 13 76 73 100 99 63 27 79 36 22 4 92 31 39 2 47 49 97 8 71 81 11 27 15
79 97 60 44 14 27 22 11 29 15 56 34 69 72 44 88 26 29 14 7 52 33 79 62 86 26 97 35 48 15 91 26 93 26 84 25 57 63 46 80 72 60 26 82 62 26 8 73 70 47 90 98 89 57 73 96 8 94 23 89 51 36 6 98 98
42 23 19 48 5 12 77 1 66 86 80 1 86 10 99 36 3 58 92 78 90 64 21 4 95 35 82 98 45 60 73 90 25 8 97 1 50 48 89 39 61 54 85 27 96 21 24 52 51 70 87 76 1 99 98 48 92 95 97 6 82 100 53 80 29
61 1 8 49 22 25 67 79 73 66 35 9 68 15 86 85 34 42 71 39 72 34 86 16 51 58 3 9 42 33 4 95 50 74 75 82 37 75 5 45 86 26 37 68 30 42 42 83 20 41 75 76 91 74 70 20 31 95 2 15 15 36 72 35 88
22 73 23 8 94 62 40 39 4 77 26 87 7 11 94 100 51 25 13 56 39 69 68 16 70 15 29 82 93 98 55 9 16 20 39 19 91 76 34 69 12 46 25 66 64 66 61 92 12 4 15 68 37 39 91 50 9 40 29 100 90 48 31 26 72
2 55 2 30 6 30 15 45 85 87 55 36 40 2 86 43 59 92 77 41 17 74 85 37 51 21 59 63 23 100 1 61 5 33 24 98 89 29 19 38 33 83 56 16 84 55 64 28 68 97 36 78 73 56 74 37 89 20 67 1 94 68 81 68 90
24 82 86 78 60 14 42 33 67 4 11 75 57 15 38 31 50 89 15 54 97 67 64 33 30 57 53 60 19 11 85 39 8 5 96 5 82 5 74 85 30 50 74 66 82 72 58 51 5 34 11 76 45 80 70 70 24 76 74 40 69 37 41 76 19
34 42 1 48 39 76 23 63 53 7 26 78 44 3 94 15 58 6 87 13 79 77 16 69 80 64 1 64 16 50 24 67 82 50 61 96 79 51 11 56 37 40 4 3 97 61 23 26 100 6 13 51 33 37 63 91 13 72 19 27 79 27 100 7 84
21 26 73 16 33 43 2 35 70 75 57 9 58 92 24 18 3 78 64 91 62 29 17 83 20 49 75 73 55 99 23 88 63 30 75 92 24 69 84 80 21 96 86 84 58 50 5 56 7 90 18 56 23 45 88 93 67 25 80 8 40 76 7 61 39
73 49 87 7 78 55 86 88 75 63 25 95 67 35 89 31 94 2 71 14 69 99 100 18 28 8 46 14 19 39 86 71 93 95 67 29 11 15 97 42 59 34 8 61 43 78 100 8 93 4 64 24 25 54 60 59 35 17 55 92 49 66 59 95 57
20 97 17 79 58 2 40 87 6 75 33 93 96 35 88 95 53 23 90 97 18 48 74 85 24 98 66 91 29 74 65 76 2 95 23 2 85 33 65 50 91 73 26 11 72 98 96 40 58 74 8 92 29 98 57 83 39 65 95 90 78 54 58 10 7
76 77 49 29 36 92 93 47 73 15 41 51 19 91 32 18 53 11 24 83 11 77 90 4 90 36 61 82 5 35 8 60 98 91 29 67 98 41 58 7 20 62 38 88 68 37 73 63 31 14 66 91 99 71 91 13 20 32 26 47 75 23 50 17 77
37 43 68 13 1 96 51 38 74 55 43 19 44 70 38 32 9 15 43 4 50 28 26 93 37 93 72 6 59 23 97 94 49 65 26 53 53 9 24 22 34 89 20 59 33 83 78 82 35 3 15 8 67 62 87 4 74 76 55 51 11 20 72 64 7
50 16 13 9 88 56 17 58 87 34 48 70 82 44 20 31 96 87 61 69 87 48 45 26 39 15 35 21 18 12 29 65 95 47 78 59 34 56 26 95 86 21 93 16 44 47 65 3 52 45 48 18 25 77 100 43 22 48 63 54 12 16 30 48 20
48 77 43 17 82 75 20 67 39 32 18 72 99 25 24 56 87 91 44 63 67 66 93 80 88 20 2 100 77 80 52 99 99 62 80 16 54 43 90 6 91 12 76 38 7 49 6 65 50 43 44 23 100 9 20 94 3 20 71 47 6 2 81 69 99
35 24 83 57 21 48 19 86 28 53 52 7 40 89 14 87 30 7 46 96 62 92 41 14 63 10 33 4 93 37 11 94 23 37 23 41 1 47 74 15 86 68 12 6 20 10 70 88 2 50 76 5 21 96 43 9 75 81 25 43 16 54 5 74 36
34 64 6 95 94 8 13 36 10 59 57 35 8 95 99 80 100 85 7 25 99 39 67 50 13 82 67 63 7 98 16 49 26 81 81 92 88 19 78 86 24 27 58 19 43 39 15 87 41 96 98 37 41 74 8 46 89 87 21 11 94 4 47 81 49
82 53 63 25 30 28 39 15 83 92 16 11 50 71 3 80 79 80 28 57 100 55 40 45 6 92 92 38 13 99 16 18 77 56 31 19 90 20 36 4 42 66 74 13 3 66 78 99 89 5 90 60 77 44 86 33 11 69 93 74 56 91 5 81 39
95 79 68 7 65 45 29 31 92 99 43 46 60 76 7 21 21 85 28 55 37 75 43 100 33 76 24 93 92 3 28 5 50 36 23 82 94 85 96 56 22 8 2 84 4 18 57 46 37 30 3 40 36 50 47 74 1 35 63 12 88 3 31 34 71
47 8 49 68 43 53 74 21 22 93 25 71 28 54 76 84 26 40 68 32 55 45 29 64 92 84 26 41 15 59 36 92 23 9 51 55 68 83 30 33 24 95 56 98 66 28 89 48 82 75 38 51 45 31 73 4 52 98 14 24 7 98 83 2 41
37 68 17 90 29 75 97 67 12 71 9 7 28 96 22 20 85 60 73 37 55 30 19 84 58 81 12 99 60 49 30 54 86 1 99 2 85 96 25 35 96 39 1 62 42 17 78 34 92 77 67 48 32 65 82 8 8 83 10 64 83 88 75 13 91
80 90 11 5 99 5 84 27 57 18 96 72 34 32 56 40 49 36 8 38 70 100 27 40 12 49 40 17 47 76 58 66 40 50 87 64 100 97 76 35 91 34 64 88 72 87 100 46 97 26 15 66 82 89 9 42 42 18 38 1 39 12 5 8 83
89 54 79 55 97 22 15 95 93 21 72 36 23 53 31 99 94 42 76 87 95 33 86 23 81 55 62 25 92 43 87 29 17 49 72 70 14 28 79 46 91 56 36 46 13 3 12 38 66 39 69 73 93 11 85 90 30 75 17 34 6 24 83 86 58
6 46 49 24 33 84 69 3 81 42 46 97 20 14 77 29 73 50 41 81 85 98 57 29 59 48 14 100 6 11 67 85 3 17 62 38 90 95 52 20 87 22 3 3 21 16 40 34 68 33 39 73 91 81 96 14 67 18 62 99 36 23 43 14 31
34 34 58 83 36 92 69 15 91 52 76 28 55 87 43 76 35 6 85 62 93 90 83 80 17 33 61 55 21 65 53 91 89 43 70 91 82 9 28 94 32 80 25 59 76 69 19 67 32 18 83 100 48 33 36 96 62 51 32 20 69 74 17 36 84
88 1 3 94 5 16 39 68 88 91 39 78 79 46 99 91 71 96 45 2 96 40 60 44 99 20 16 13 57 46 2 85 89 47 4 89 62 47 29 29 36 1 18 98 43 73 37 56 38 95 13 64 49 82 14 98 53 17 59 1 63 89 43 30 45
74 23 20 4 51 9 16 90 8 6 56 26 39 90 50 16 79 39 49 27 90 75 66 68 35 27 84 3 51 58 37 91 78 16 78 9 67 51 35 18 88 12 87 3 28 54 28 57 44 97 92 74 38 95 73 1 12 66 20 100 40 10 67 95 48
52 68 83 74 81 17 90 18 15 26 57 77 63 1 26 78 19 64 35 28 69 11 15 17 49 3 88 70 85 98 65 88 33 9 2 2 92 92 3 14 60 18 86 64 96 26 61 56 10 41 77 22 25 25 81 21 37 20 3 86 8 39 64 49 43
81 9 86 45 26 4 78 64 20 7 15 88 13 75 97 87 60 92 71 91 22 7 48 9 80 64 91 15 77 61 89 78 86 70 41 15 77 49 43 46 76 92 65 82 66 60 21 34 95 20 51 18 94 53 9 20 70 19 72 75 16 8 98 8 21
60 37 83 39 88 76 99 77 16 11 23 78 93 77 95 6 22 48 67 93 72 48 58 40 71 79 79 6 19 90 100 26 95 9 18 80 27 44 38 62 59 15 91 45 68 27 61 56 18 76 50 26 15 63 31 5 32 17 78 8 77 23 92 16 19
5 96 72 8 83 27 73 6 98 76 52 14 37 7 81 9 86 2 40 2 3 45 46 68 40 72 11 79 81 26 21 35 87 71 63 81 50 48 95 57 15 33 58 52 27 63 53 46 20 61 62 49 94 79 14 47 91 73 5 99 27 62 74 1 13
30 19 95 82 98 61 43 27 91 52 60 86 36 44 38 88 55 60 99 21 41 10 20 29 28 96 36 63 52 46 95 17 47 3 42 53 20 45 20 69 98 68 35 23 5 34 33 1 97 69 53 36 11 95 5 32 3 72 72 72 51 8 91 76 58
48 67 3 74 61 86 95 39 22 15 48 42 92 61 21 63 6 83 100 40 63 26 1 29 1 89 70 74 8 19 26 91 30 57 16 73 33 51 21 66 59 90 41 87 18 36 100 6 38 25 24 24 39 16 32 40 13 19 60 58 12 9 97 21 100
34 14 59 44 26 28 77 74 85 75 19 47 77 52 76 51 89 49 17 91 93 79 46 50 5 21 100 52 100 22 5 25 36 20 93 48 36 59 10 61 18 60 27 75 14 93 15 74 19 75 2 9 56 91 93 71 86 19 82 17 29 42 92 1 99
89 92 93 61 19 55 84 79 63 82 63 78 22 48 23 64 87 26 31 82 25 98 42 68 13 58 9 79 11 73 3 69 1 23 84 26 41 78 78 6 72 5 91 90 51 36 38 36 23 14 26 58 31 95 72 32 94 89 4 93 89 67 58 95 60
6 87 61 4 18 18 63 27 33 51 71 46 75 4 85 69 99 79 11 65 71 87 40 22 81 22 70 25 25 18 22 46 31 3 76 92 79 72 18 47 26 92 98 66 1 23 72 39 26 78 99 24 29 32 24 28 43 34 90 98 61 58 75 3 83
94 11 72 67 93 81 67 39 21 81 9 27 34 10 66 96 62 68 57 12 80 26 3 48 1 87 2 84 98 32 80 79 74 32 51 37 93 88 72 37 58 54 78 27 69 62 6 7 42 8 84 85 8 31 45 79 88 18 67 94 13 29 77 97 74
25 16 11 58 93 86 84 30 83 7 15 26 5 63 24 69 73 70 87 43 20 23 6 86 79 48 80 11 88 68 75 24 71 51 77 19 25 51 32 89 49 2 34 67 17 38 99 9 97 75 9 60 19 31 23 5 51 78 32 44 8 35 23 76 13
37 72 97 87 5 23 64 72 40 32 90 50 51 49 50 87 27 71 77 32 10 93 68 95 67 57 23 79 43 42 90 89 53 72 63 8 59 65 57 36 73 3 44 66 42 57 49 47 31 67 61 58 79 93 55 62 100 26 31 91 94 59 96 7 53
81 76 11 44 67 7 26 51 19 19 45 8 32 37 81 98 99 75 5 45 23 36 7 65 70 61 14 99 36 67 60 47 14 32 36 27 9 57 79 2 39 24 94 50 38 86 67 77 14 66 71 23 2 57 72 41 10 95 82 89 41 14 61 32 75
18 11 41 66 98 51 24 67 18 76 14 83 70 17 41 83 5 87 98 36 77 94 61 99 70 9 88 46 76 75 84 83 37 40 94 66 98 20 6 9 1 44 27 31 68 47 53 34 48 91 87 35 33 2 63 40 24 5 84 77 76 22 49 48 91
77 22 96 30 25 9 22 29 92 33 19 68 9 92 65 51 33 97 54 14 19 82 20 98 58 82 5 3 96 41 16 33 68 76 2 25 47 66 15 55 97 57 73 61 15 62 25 89 47 51 19 45 14 27 34 71 98 17 81 14 37 25 45 20 35
59 96 19 51 48 59 62 80 10 71 2 1 18 23 99 32 32 12 82 65 83 42 11 17 45 53 70 1 83 82 98 17 88 92 82 80 68 84 75 16 59 59 94 25 30 70 91 32 40 47 19 72 41 76 66 66 63 5 65 49 63 72 71 25 3
53 1 42 96 1 84 59 79 73 76 20 21 87 41 72 82 71 42 39 96 78 96 35 98 93 30 55 5 49 82 16 78 98 93 85 55 81 97 4 67 73 74 89 37 71 70 74 62 28 85 48 22 87 75 57 4 41 60 34 67 43 23 16 25 83
93 33 64 62 34 54 32 43 56 19 64 3 85 98 32 68 65 19 5 72 66 89 12 96 75 62 73 79 31 17 23 88 18 81 69 11 11 72 5 47 76 37 20 20 57 51 49 41 97 76 96 37 96 50 33 56 12 94 83 100 84 59 1 30 18
74 36 76 73 79 81 41 77 88 63 84 30 34 15 76 52 71 59 32 99 91 62 69 66 98 21 91 55 21 26 26 14 85 72 78 78 63 89 51 88 38 91 100 30 48 12 6 38 17 82 59 65 26 26 9 37 5 75 70 15 37 80 41 89 61
68 16 15 20 42 85 26 68 68 70 65 56 86 19 89 31 63 67 89 44 51 75 81 22 17 64 13 31 75 39 24 43 18 17 62 80 73 39 1 38 48 30 32 70 51 6 89 52 50 90 21 21 27 81 97 9 53 9 14 29 39 16 58 75 58
18 85 58 17 84 94 27 44 88 9 25 80 49 58 2 7 30 19 70 71 2 22 41 97 86 4 45 43 79 87 4 75 71 63 89 74 82 51 78 39 58 95 80 21 50 78 88 63 97 54 5 91 29 94 75 87 77 29 13 84 36 54 90 26 75
87 21 32 98 66 47 15 31 93 35 45 48 49 4 8 73 93 7 7 71 40 47 100 34 32 52 25 27 34 93 29 12 2 78 89 24 35 7 42 25 90 84 81 65 78 53 23 86 93 10 40 75 12 60 55 7 50 97 37 56 11 46 33 19 40
1 38 52 27 68 12 57 75 47 63 66 3 52 41 62 62 60 84 10 12 43 6 28 84 90 89 36 42 15 49 61 44 89 73 67 30 11 55 37 66 48 72 45 52 37 39 49 16 62 75 90 63 64 56 4 72 57 85 3 44 51 35 96 37 11
90 28 72 96 70 59 94 5 92 75 42 66 15 54 43 87 44 58 27 21 39 75 50 62 24 43 46 65 85 24 52 54 97 94 50 49 87 8 86 22 85 84 82 12 5 31 20 16 65 32 87 3 63 75 98 84 77 53 49 19 39 100 91 87 100
33 30 65 39 24 3 36 77 34 92 84 40 78 7 25 89 23 30 45 94 90 79 59 1 88 66 52 4 25 8 60 34 25 49 14 49 69 29 76 36 94 54 78 50 51 45 30 23 88 10 10 90 23 8 19 5 64 84 33 12 66 84 52 74 46
61 22 67 76 9 29 22 29 94 80 37 65 34 18 21 85 37 12 55 13 72 28 2 64 46 91 16 70 60 32 96 49 20 99 87 45 85 44 67 16 82 24 21 78 74 61 70 39 63 15 25 67 59 52 66 2 73 42 13 41 34 33 41 98 29
10 50 91 47 46 52 64 25 96 79 69 27 33 70 2 64 3 38 95 63 6 53 50 29 17 85 69 17 23 16 100 20 47 47 14 12 84 59 12 31 90 94 73 17 13 2 79 6 47 74 53 84 18 32 31 31 56 87 86 25 23 43 40 9 3
90 53 29 72 88 60 3 24 24 71 32 68 50 49 7 19 54 8 62 26 55 50 66 10 68 20 67 94 5 5 1 4 35 45 55 99 73 77 75 56 84 47 3 45 42 30 83 97 23 71 63 25 9 67 5 3 49 23 25 82 4 23 100 37 89
85 22 22 79 69 44 77 53 13 17 35 70 32 90 87 100 22 44 54 33 25 8 87 83 54 9 44 38 15 11 74 58 81 46 53 45 94 52 40 100 31 96 21 94 90 32 75 89 89 20 76 44 62 79 43 66 98 28 64 90 89 36 11 58 16
58 51 22 85 25 19 83 1 55 75 1 19 80 32 47 80 21 77 47 73 91 77 37 4 78 27 1 97 81 82 43 54 88 6 36 21 94 34 5 38 93 13 66 26 61 77 30 43 25 14 54 71 13 20 30 71 80 65 98 28 67 74 1 91 16
30 46 50 84 19 89 93 84 77 35 100 30 94 66 81 67 53 52 47 50 100 43 51 74 5 64 30 15 65 13 51 89 17 22 12 77 12 36 23 51 49 58 99 28 83 42 68 91 86 65 96 34 43 21 95 45 59 100 99 47 90 49 99 95 81
32 57 61 74 92 69 38 15 62 50 31 71 79 50 98 6 38 30 92 94 46 77 24 35 10 10 51 11 75 91 40 16 71 69 68 17 93 15 30 83 18 89 84 53 81 24 20 61 83 59 63 84 74 4 20 100 58 38 24 97 1 46 69 31 88
51 4 69 27 16 99 91 4 6 76 11 31 51 16 58 49 62 2 18 45 23 62 77 40 40 36 34 74 33 57 50 6 99 10 33 6 6 27 62 45 20 64 64 39 22 90 76 12 21 78 79 61 33 86 53 40 82 91 99 66 42 51 30 58 58
99 19 47 90 100 45 33 82 66 89 73 26 66 74 25 56 100 18 49 90 5 56 77 45 71 8 23 26 64 98 12 46 65 97 35 18 15 7 46 56 40 98 33 1 15 83 16 55 47 18 31 89 38 53 89 51 27 69 63 3 44 77 95 91 25
23 90 18 11 60 31 91 88 87 21 36 74 83 6 92 2 50 88 5 58 52 14 99 17 24 58 15 98 46 47 76 54 24 72 72 49 71 41 9 36 34 15 60 20 16 67 66 29 38 20 59 30 8 78 25 6 80 55 6 92 40 13 41 46 4
36 73 6 57 40 93 67 98 27 29 100 67 20 68 21 14 100 99 44 20 38 95 46 50 86 56 28 5 78 13 2 20 99 94 30 36 80 58 24 52 83 95 57 28 12 45 28 97 18 97 98 8 4 26 66 2 6 35 93 22 21 61 17 53 74
3 42 12 88 76 52 81 87 44 36 50 90 32 45 12 36 20 58 21 80 84 51 32 9 14 48 94 45 100 66 31 96 75 24 68 66 59 84 1 40 18 6 98 50 30 73 65 54 81 32 69 57 85 3 83 77 44 74 12 71 68 76 73 27 20
45 23 63 14 70 40 84 61 63 19 14 8 9 47 98 43 94 50 34 7 81 96 28 75 6 9 34 45 69 19 76 1 36 63 85 84 94 35 26 68 88 87 33 81 87 73 47 51 67 42 88 87 3 10 76 73 22 77 1 38 22 81 79 91 29
81 57 97 86 57 39 4 41 24 92 71 86 60 64 88 97 97 84 46 47 33 44 96 62 67 97 80 58 33 30 88 53 66 8 97 29 87 92 59 98 87 5 65 55 37 13 5 76 64 60 68 5 28 12 64 95 59 40 26 90 9 56 10 14 26
51 49 47 74 65 8 12 82 74 21 69 63 69 80 93 22 81 9 84 44 46 14 72 22 31 37 22 44 77 40 18 88 11 7 75 80 69 73 85 75 65 89 83 46 22 35 59 14 54 78 70 93 3 54 14 89 42 88 2 56 5 48 85 50 94
84 8 41 18 29 58 15 38 35 92 85 91 81 86 40 82 12 40 78 29 63 68 77 33 6 94 78 47 10 74 52 21 33 17 66 71 13 48 40 11 27 63 5 14 46 67 28 23 40 10 64 85 88 46 26 23 78 32 75 57 46 96 46 64 62
85 28 30 4 35 48 22 2 34 9 46 11 49 20 43 42 27 23 49 42 25 6 54 72 27 37 29 5 43 24 13 71 58 72 38 67 54 2 76 70 17 32 59 3 29 60 8 77 40 89 37 69 10 47 88 39 42 54 9 96 89 67 77 96 11
4 74 87 33 22 31 98 55 77 100 38 72 39 90 11 22 56 100 32 49 99 34 73 29 44 94 85 37 91 34 36 55 65 84 71 10 89 84 63 74 68 17 78 39 56 93 3 91 10 27 7 39 69 33 1 25 13 69 33 57 86 53 76 96 79
82 27 58 15 91 31 40 97 74 77 57 67 36 3 23 73 66 44 87 52 98 49 76 85 77 37 34 98 3 4 43 58 35 83 40 95 8 62 3 77 93 38 12 17 82 52 58 42 100 55 77 67 98 83 93 55 78 24 35 58 31 86 73 75 10
69 13 31 63 2 54 42 2 37 78 78 35 70 35 20 41 39 28 33 41 14 83 57 15 20 43 2 6 53 4 81 66 68 84 94 66 53 2 12 23 19 100 66 50 98 54 64 53 7 41 24 24 41 44 58 28 25 90 47 94 52 79 33 68 10
29 53 45 17 33 87 64 86 97 60 42 6 43 48 73 99 55 24 73 15 18 100 3 48 100 24 29 54 100 65 10 49 86 98 17 86 46 53 26 61 17 54 34 68 85 52 5 17 24 24 87 92 44 91 14 10 24 37 87 83 92 45 63 62 4
33 62 87 94 43 69 25 96 15 67 29 32 59 59 13 53 10 67 59 5 24 98 6 92 69 65 27 14 53 50 52 99 57 62 80 77 28 17 49 63 71 48 38 30 20 11 71 25 7 59 64 37 23 95 96 27 98 7 60 35 42 57 70 71 67
69 39 61 41 40 66 17 100 50 73 18 2 12 61 70 62 25 45 64 8 59 99 29 96 87 37 96 71 56 68 65 57 9 33 33 90 84 2 62 63 98 89 26 37 53 95 88 14 51 56 21 57 65 65 86 97 7 32 37 52 43 4 81 12 18
47 47 44 10 5 15 7 6 82 61 19 78 49 65 61 75 23 22 66 18 25 61 51 50 93 46 58 11 92 81 26 11 58 31 17 49 49 47 57 95 99 21 22 98 38 5 87 57 24 49 38 85 18 26 15 93 84 52 93 41 51 55 61 78 67
29 56 54 8 96 3 16 5 40 19 38 87 43 44 25 7 69 97 4 97 16 21 69 94 14 99 24 86 38 26 67 53 56 39 13 3 20 14 85 32 35 28 6 43 49 12 15 9 59 85 78 63 59 12 46 15 4 78 59 81 61 37 87 47 16
43 82 100 92 92 53 84 30 3 71 9 59 95 15 32 27 72 49 84 9 82 51 90 9 89 46 36 79 46 39 45 93 35 6 32 42 41 89 44 93 11 83 79 34 10 66 89 45 65 17 90 91 60 68 12 62 41 98 94 61 56 3 4 10 58
29 86 3 2 16 6 8 79 85 87 16 16 19 54 2 18 81 7 66 31 68 79 14 41 30 83 91 86 25 74 29 29 44 74 60 52 45 96 24 53 82 66 98 64 73 79 13 77 59 64 8 75 84 45 96 92 78 57 22 61 10 62 66 96 70
47 89 31 60 66 43 32 39 78 17 23 86 94 89 51 94 94 1 21 71 1 65 45 42 46 95 39 41 76 61 78 60 37 51 76 99 66 66 44 73 30 29 20 31 84 47 81 93 96 11 18 97 86 91 13 6 88 27 98 3 51 84 62 67 33
64 23 27 29 61 85 64 33 41 45 94 32 2 19 60 87 47 33 23 98 59 98 79 19 57 81 78 27 97 32 31 20 36 11 27 17 55 76 59 6 7 47 76 98 2 84 82 41 6 61 49 18 48 31 31 3 65 31 21 22 39 47 28 36 17
54 1 69 71 97 18 76 96 88 63 1 98 43 65 10 10 29 12 55 54 80 49 35 5 70 41 38 76 38 56 43 56 89 13 22 39 72 47 5 46 46 15 38 71 1 44 64 70 41 1 74 45 19 23 31 56 29 77 61 85 28 74 73 95 51
89 14 52 6 21 56 94 92 6 90 10 89 36 24 14 45 50 85 69 48 57 69 34 38 81 100 13 30 81 85 1 24 27 54 75 11 48 45 3 11 30 3 63 17 98 20 8 51 81 38 30 45 97 76 2 65 16 6 30 13 71 35 27 24 4
52 26 35 33 41 92 100 83 81 95 92 48 28 73 22 22 13 83 28 69 12 29 99 28 8 12 61 4 62 53 26 44 26 2 95 9 77 13 60 80 94 54 1 56 79 15 72 93 21 85 9 2 83 10 2 14 45 72 46 83 84 38 25 26 74
99 33 52 55 98 56 55 12 20 79 34 4 63 50 15 82 98 58 92 41 74 31 94 43 65 16 30 64 11 65 23 19 63 48 34 55 92 43 74 74 71 75 13 77 74 48 33 94 77 26 40 81 61 29 97 19 97 68 20 35 91 31 33 71 48
19 44 32 76 74 76 86 46 43 47 54 60 49 10 15 85 4 9 68 29 39 67 43 9 36 36 97 74 69 56 55 6 34 61 62 12 90 54 13 37 70 37 27 4 91 14 83 28 32 100 35 45 78 3 66 68 36 46 4 7 72 13 68 1 25
72 65 94 48 2 36 69 44 56 62 99 54 40 66 63 61 69 80 42 78 78 23 15 66 9 56 57 28 34 70 26 15 26 17 89 18 78 80 85 88 25 38 51 42 31 34 94 67 15 32 30 32 66 47 12 68 66 4 93 53 62 41 75 63 32
39 17 53 62 66 32 39 87 2 74 78 99 88 54 76 63 23 35 35 30 88 78 6 14 72 25 63 51 20 27 23 44 34 5 11 52 26 11 40 12 83 76 47 39 41 77 38 18 21 86 90 41 93 32 16 38 61 1 52 54 68 83 85 23 3
71 40 45 47 45 74 83 99 80 18 52 41 38 45 70 23 6 37 36 68 80 68 41 66 3 36 50 50 44 11 48 71 61 4 82 5 66 8 6 8 80 4 6 94 17 54 96 48 19 85 88 39 71 72 38 47 79 13 4 19 91 65 73 54 82
98 55 74 98 94 28 52 85 58 88 53 22 37 59 85 87 26 53 82 53 77 23 17 17 50 59 19 10 4 96 93 100 83 23 61 49 24 28 9 58 77 26 26 55 58 31 100 81 8 66 44 16 30 37 83 20 47 58 40 74 2 44 39 70 65
42 54 64 44 11 29 25 5 86 18 39 14 90 84 45 24 77 50 38 26 79 31 90 30 87 51 1 62 21 28 82 89 7 34 42 9 69 71 56 68 72 6 95 3 40 91 4 53 75 100 19 18 19 35 58 53 21 40 3 20 7 41 31 22 54
10 90 67 34 84 75 81 7 81 43 53 57 15 87 42 21 72 20 17 94 38 28 34 26 68 93 61 68 81 30 70 6 66 27 16 39 44 48 97 40 25 75 44 100 45 77 31 38 23 3 63 80 27 85 10 98 28 35 54 90 40 41 32 50 22
70 10 31 94 43 22 68 55 86 87 74 91 100 64 96 9 33 90 89 63 47 85 16 71 62 3 7 60 95 10 39 68 72 88 62 88 23 96 5 38 55 80 67 51 42 87 72 85 80 91 55 84 44 53 66 29 71 80 75 95 9 31 99 94 83
54 13 4 78 64 16 62 53 71 56 59 100 21 90 67 53 88 40 71 93 70 65 17 86 30 12 85 46 1 49 15 67 39 30 4 24 32 56 14 81 35 4 6 57 59 54 28 39 86 83 71 85 2 50 43 26 45 23 89 98 70 11 77 96 89
11 11 70 57 92 80 86 2 18 31 46 78 3 39 65 74 73 51 55 94 80 1 11 29 58 88 19 49 83 22 2 64 85 19 87 1 80 44 8 42 5 100 39 55 95 55 78 66 39 99 5 36 26 31 22 64 18 87 89 67 54 60 89 21 44
54 86 55 63 88 45 39 50 24 29 2 62 92 14 25 4 98 27 43 100 33 16 66 35 85 55 20 64 15 100 22 4 82 95 50 4 77 27 70 78 41 92 99 100 25 95 46 67 10 81 61 45 90 5 67 12 41 21 64 38 32 18 59 91 13
18 64 92 83 1 48 42 21 12 48 74 5 22 10 17 38 84 54 7 11 32 22 11 20 53 44 25 66 57 46 68 61 62 78 56 19 58 91 12 99 61 85 89 79 16 47 64 32 23 24 38 20 89 10 58 80 62 44 95 19 41 40 77 41 57
4 67 20 92 20 3 38 39 100 33 46 86 7 99 57 14 100 82 79 20 99 2 25 12 38 29 19 61 83 22 84 87 44 60 2 82 13 16 30 6 33 23 94 97 1 73 33 7 52 20 9 15 86 74 64 25 4 88 41 7 21 33 7 65 56
87 3 56 98 84 75 3 41 44 17 30 93 67 47 85 41 12 13 25 21 54 33 31 73 30 56 43 92 11 34 12 30 32 81 81 94 97 44 20 98 91 6 20 61 33 46 21 59 100 44 73 84 38 71 37 11 58 26 7 4 18 2 86 59 70
31 50 18 39 77 80 82 91 71 92 97 23 33 53 27 88 89 21 72 98 81 53 10 50 49 70 83 35 14 12 82 25 62 31 60 57 94 77 23 7 63 96 85 67 9 46 46 81 73 48 53 27 46 55 8 45 39 19 11 42 5 23 97 5 14
99 99 88 13 54 63 17 47 44 45 35 88 96 91 5 78 22 48 77 47 28 25 3 18 89 22 60 40 27 83 92 89 68 63 74 62 93 67 11 10 32 7 88 87 25 42 48 24 94 93 88 74 22 71 78 9 57 59 98 78 74 75 3 12 9
68 25 31 77 78 54 13 30 56 4 63 75 68 42 11 72 57 29 80 91 54 55 96 95 27 5 79 32 44 52 60 15 42 5 77 66 58 30 20 90 66 55 22 11 5 13 87 49 69 55 22 3 50 53 8 48 45 10 52 10 24 54 72 53 11
58 74 65 39 78 60 54 88 58 71 11 53 1 34 70 80 63 81 59 47 44 28 94 56 81 98 41 12 11 79 77 27 5 2 61 43 6 43 45 12 10 67 48 51 37 62 94 41 66 23 100 54 33 77 97 79 96 7 100 84 11 10 32 54 86
