50
4
70 45 54 21 15 11 89 22 3 14 16 48 12 52 3 57 67 77 67 69 40 29 77 99 76 45 81 68 17 18 27 34 59 61 51 38 84 19 73 35 35 34 14 47 95 95 56 7 79 32
83 35 57 77 6 31 64 41 83 95 10 8 76 15 85 14 95 38 23 26 67 48 7 85 99 40 23 72 25 99 5 28 27 5 1 42 97 60 41 10 67 28 75 53 76 52 72 1 81 11
93 63 45 20 34 38 60 17 22 32 68 13 77 20 27 17 83 54 22 17 99 76 75 3 11 32 54 12 77 15 21 90 31 92 32 63 63 36 52 77 98 79 50 79 22 65 77 46 73 49
93 9 4 25 20 89 66 73 37 16 73 57 50 9 36 83 16 68 91 46 59 87 53 71 70 98 86 23 84 87 70 75 40 82 35 58 87 22 26 99 55 18 74 31 69 75 31 50 6 1
64 64 76 60 17 64 21 60 95 24 8 81 92 12 37 42 65 5 58 75 98 96 11 16 56 64 92 16 57 70 21 27 18 27 35 33 96 12 76 2 10 40 99 90 4 99 44 97 62 19
28 30 62 38 35 54 23 29 64 15 29 21 57 87 56 52 2 76 53 14 42 96 38 10 74 38 1 90 88 63 25 52 50 58 6 36 74 73 72 22 7 55 79 82 2 32 88 84 63 93
72 82 60 21 95 97 45 33 3 27 25 43 71 17 85 25 12 13 46 99 46 67 52 60 80 49 48 8 79 24 34 91 75 55 76 94 98 42 94 83 30 12 70 88 82 22 12 57 24 1
59 85 61 26 86 83 75 45 6 10 97 88 83 22 27 81 73 52 48 70 76 26 9 67 51 43 12 3 67 17 36 73 21 80 14 85 13 15 42 79 30 58 25 28 60 44 82 81 58 45
53 13 16 52 24 1 52 85 1 86 60 36 68 25 53 34 50 85 25 100 76 58 26 61 56 17 42 4 100 84 17 100 62 69 70 90 31 1 7 82 70 51 88 32 93 94 91 95 11 80
45 41 60 29 90 30 96 36 68 48 42 11 23 32 44 94 94 23 51 30 68 43 77 51 37 2 94 21 50 90 45 73 2 4 55 88 23 26 69 82 1 95 4 45 34 72 25 55 28 76
71 82 70 9 24 7 16 88 13 4 32 86 1 93 2 58 10 57 39 88 82 37 100 75 52 94 7 48 46 45 45 57 96 37 35 83 21 60 16 49 50 62 89 50 65 24 92 74 61 92
30 34 95 66 79 51 74 78 14 94 94 32 8 9 95 95 81 82 57 25 70 93 34 79 85 70 24 80 66 62 47 49 26 82 94 66 16 43 86 64 51 59 23 42 87 81 36 3 98 63
86 63 38 59 48 97 30 39 2 67 81 53 36 2 19 73 14 3 93 62 96 81 20 73 64 9 89 3 9 75 24 8 93 68 52 25 25 51 37 18 13 27 13 83 9 87 25 2 53 16
27 8 73 21 8 98 64 4 8 99 35 76 33 93 25 68 55 44 76 31 34 31 29 97 76 11 27 16 79 24 90 59 7 18 12 85 84 98 71 40 67 14 89 44 77 34 84 14 88 42
94 73 89 93 86 38 24 9 64 58 93 4 70 28 22 61 3 57 20 24 47 58 26 4 82 21 37 55 12 84 1 28 51 89 74 32 95 57 50 64 25 33 41 79 87 51 15 44 98 96
56 21 67 41 11 97 26 10 95 37 70 2 24 68 60 90 21 94 11 58 74 17 92 42 45 4 63 88 37 23 9 89 43 43 79 1 91 97 96 63 64 75 19 9 91 9 62 14 90 27
62 93 54 74 83 56 40 65 76 10 29 30 56 64 19 65 34 24 97 76 1 37 1 90 44 34 37 97 85 14 89 27 7 2 61 5 38 94 64 59 25 80 71 69 96 85 2 27 99 39
76 25 2 48 80 50 70 83 14 26 32 31 58 13 92 42 8 76 59 28 19 72 42 43 54 58 47 41 8 79 6 64 58 20 99 41 30 62 95 21 24 86 21 98 63 92 33 49 42 72
15 33 68 56 63 62 37 87 86 59 97 34 19 70 48 45 54 40 26 4 41 24 62 21 88 78 14 58 84 2 31 13 97 47 52 43 36 21 81 51 50 98 97 15 43 98 36 98 15 44
48 18 25 50 56 66 98 31 15 24 64 82 60 21 56 68 36 20 96 52 51 46 27 73 65 44 11 32 74 64 6 50 73 67 54 26 66 96 78 72 62 37 7 10 19 65 97 34 16 96
28 49 33 20 97 26 96 51 43 60 21 57 19 35 62 69 45 80 16 70 87 19 13 54 98 100 66 4 85 82 2 92 10 89 74 58 55 64 67 1 69 94 64 13 21 66 34 86 5 82
39 38 51 97 55 52 43 54 86 27 43 100 51 33 80 44 80 55 77 67 20 87 83 9 64 85 91 9 25 97 74 9 96 17 46 5 2 67 48 16 95 4 23 87 78 64 29 91 53 32
37 92 22 55 47 16 90 60 3 90 85 45 88 69 99 18 97 71 6 4 64 47 67 53 36 16 24 80 100 34 55 15 81 71 67 92 90 69 100 82 80 43 33 73 89 72 18 97 49 71
40 81 91 40 92 100 61 43 88 55 20 89 76 86 27 13 45 28 26 83 32 73 78 97 83 5 21 85 47 61 29 34 37 5 38 25 87 1 97 29 99 43 7 42 69 3 73 36 26 5
79 12 58 80 38 52 53 96 98 100 81 37 57 79 69 57 55 46 15 39 46 69 76 72 78 72 13 50 48 35 78 26 3 17 22 31 21 62 16 49 70 44 56 50 49 6 95 59 35 10
50 61 82 68 62 92 89 31 97 60 62 60 11 15 77 60 76 31 74 46 38 53 40 94 68 16 68 19 62 4 35 55 12 99 5 9 34 66 40 74 22 74 85 25 20 37 73 94 81 21
80 81 70 55 72 72 30 65 63 90 10 69 14 41 16 70 27 58 57 28 98 60 71 5 98 99 37 69 77 1 21 79 11 87 4 53 40 84 15 50 9 81 25 58 66 64 10 73 64 10
73 65 57 1 62 20 79 37 35 22 78 36 38 44 46 36 3 16 24 87 49 13 11 4 99 79 63 29 62 94 98 69 11 37 70 59 74 43 49 79 33 58 55 81 23 3 70 18 46 4
49 42 79 63 92 83 21 68 20 97 41 23 23 100 27 34 46 79 54 84 67 31 21 37 16 21 41 36 36 1 33 16 15 24 17 53 39 21 29 41 14 5 26 24 49 15 5 83 71 59
50 93 93 39 56 66 88 18 15 75 67 30 41 88 43 67 87 68 12 35 16 45 61 79 37 68 62 86 50 5 47 90 76 40 89 98 60 30 92 42 71 61 68 38 3 91 94 8 8 83
88 83 77 42 65 92 89 27 22 77 42 98 75 17 86 17 24 54 61 48 58 49 93 83 44 28 59 9 34 93 46 77 99 41 36 95 6 64 60 77 11 9 30 94 21 14 76 57 75 17
79 28 6 29 39 62 50 88 87 93 95 42 98 84 11 64 41 7 64 5 26 4 86 93 15 92 14 33 24 55 31 41 96 96 5 7 24 5 99 19 31 87 44 45 95 84 74 74 44 15
90 11 50 87 79 2 8 47 54 8 40 90 20 91 92 21 88 87 24 13 98 54 6 84 48 62 78 56 36 14 47 16 32 69 55 94 36 21 1 97 57 39 43 4 88 11 22 38 56 96
79 34 68 72 33 95 54 68 65 93 2 23 12 29 36 99 18 39 13 52 10 90 48 34 80 88 91 15 99 68 80 33 83 90 1 7 67 26 49 79 24 62 40 33 15 17 52 77 24 67
2 33 97 33 92 9 90 51 70 70 78 39 71 69 16 70 82 69 36 8 79 18 72 27 80 73 99 33 99 69 15 54 34 8 40 58 16 11 29 36 56 2 58 62 12 99 36 89 11 94
19 22 83 14 86 49 28 1 83 91 97 5 13 50 6 65 93 72 50 87 89 57 57 100 30 7 59 98 64 78 78 28 93 54 96 16 100 54 73 98 65 56 43 49 97 92 10 53 32 18
63 96 41 67 90 91 17 30 100 92 62 6 34 40 10 69 52 64 27 18 87 90 53 63 43 13 35 20 99 7 51 57 57 8 97 98 52 6 74 36 11 32 69 20 72 76 100 72 13 95
89 61 82 30 52 2 97 64 52 45 27 53 92 18 28 95 40 71 12 83 70 42 86 53 11 89 16 87 43 100 73 48 39 36 41 9 16 91 2 14 15 100 10 46 84 28 5 90 12 49
32 32 88 41 66 84 83 15 42 28 94 15 42 61 51 43 56 41 19 9 80 79 58 86 8 3 20 75 99 58 68 83 83 82 85 46 90 88 73 16 60 55 10 55 29 7 37 90 53 60
15 76 72 9 33 73 63 37 78 1 50 62 71 42 41 46 10 2 56 42 8 4 24 53 41 21 35 72 42 3 18 54 16 62 55 96 52 69 80 31 19 13 71 55 29 92 11 39 61 7
22 55 80 47 87 75 74 37 73 65 98 13 4 73 83 73 95 47 12 15 56 90 71 14 88 2 70 32 41 80 18 52 60 56 36 76 61 16 17 1 80 95 80 81 17 51 11 60 40 93
57 23 65 43 24 80 8 53 38 83 65 58 11 28 33 26 86 37 66 6 100 5 37 75 8 60 2 63 57 74 63 7 75 36 69 50 96 22 94 63 13 46 42 13 7 53 9 2 68 37
77 1 93 30 19 87 65 72 2 17 13 35 51 35 80 8 17 56 96 81 53 51 81 100 80 86 11 57 15 99 23 34 24 25 11 36 46 64 11 66 50 46 47 85 81 100 81 34 52 52
78 41 33 64 79 82 14 43 14 81 30 55 23 87 75 96 28 13 42 13 6 72 53 33 58 68 16 99 46 2 72 47 18 6 75 16 26 57 95 75 6 75 1 91 85 52 22 12 93 97
90 23 81 29 90 33 12 51 1 12 18 43 93 82 22 68 68 23 81 97 13 34 82 55 63 75 98 27 12 17 60 26 79 54 20 5 53 60 3 37 47 90 50 7 13 53 54 42 49 19
89 86 11 15 22 17 19 44 60 65 54 30 2 98 8 63 86 37 41 23 16 15 65 16 26 1 69 2 9 81 29 12 34 85 2 16 52 85 34 62 17 59 52 90 100 25 14 68 66 12
11 16 32 29 65 98 63 27 4 17 77 73 48 37 91 40 21 94 83 81 75 98 98 10 88 86 16 82 58 37 74 52 31 38 79 23 52 7 86 97 2 61 1 14 95 64 52 59 13 34
74 78 6 82 47 99 31 16 32 20 57 46 91 35 86 49 29 20 27 13 33 38 11 56 41 97 36 81 7 68 72 61 12 45 15 14 87 26 18 31 69 70 10 70 44 36 32 59 90 85
89 87 2 87 48 49 59 65 72 9 9 14 77 45 2 26 74 60 68 87 42 30 28 23 30 95 34 48 58 56 5 17 31 97 86 91 59 14 93 88 72 57 64 61 53 3 71 37 93 48
1 90 88 59 97 33 70 79 96 54 12 30 59 31 32 83 99 57 20 100 52 47 88 25 66 56 9 48 45 76 92 65 95 94 64 15 85 38 97 68 78 46 43 3 75 27 15 96 91 81
26 3 20 60 82 36 24 83 3 7 34 15 80 28 69 71 39 92 1 28 31 74 8 52 15 45 46 36 16 98 22 24 39 77 81 42 59 35 96 86 82 49 81 50 13 59 52 32 95 29
34 81 84 2 75 9 70 90 47 66 97 69 8 41 100 12 95 45 23 74 17 73 35 97 27 23 81 31 3 9 28 38 88 13 57 70 79 34 14 74 73 58 58 99 46 1 50 79 82 62
17 16 94 15 80 78 52 38 68 92 8 90 27 48 1 43 88 15 51 54 17 65 54 18 21 20 39 23 32 45 14 21 25 1 66 25 93 89 59 87 3 66 36 86 50 93 80 97 9 61
66 71 92 67 15 91 58 50 10 20 50 27 41 13 98 23 23 53 40 88 73 48 62 65 58 24 89 27 40 2 71 31 25 69 12 61 7 86 44 31 93 64 64 65 20 19 46 73 8 25
89 81 96 22 47 96 49 84 41 63 54 2 62 57 90 85 17 71 49 11 64 59 37 49 49 98 33 32 86 26 25 47 41 48 8 8 64 66 16 100 2 78 10 30 57 39 37 26 92 89
52 37 56 12 94 93 13 39 80 18 15 95 79 57 73 69 26 50 77 1 12 34 2 94 61 2 65 81 66 63 25 28 42 14 100 50 98 12 39 76 27 78 84 58 51 4 76 52 63 3
97 59 25 88 64 26 17 70 91 99 18 13 56 100 28 47 63 47 32 42 5 83 9 97 5 21 87 8 91 94 56 91 55 77 72 11 22 61 65 63 66 45 69 99 25 36 15 62 95 37
51 33 82 26 53 93 52 29 13 31 26 57 92 89 42 39 16 70 64 14 99 79 90 32 59 15 82 23 91 61 4 6 81 78 89 22 47 24 83 20 65 48 51 40 38 71 71 78 61 75
46 71 72 89 68 37 39 31 90 83 76 11 70 32 58 8 5 29 67 43 54 32 62 31 57 98 9 96 80 4 16 25 58 1 97 70 65 57 64 4 14 40 84 63 10 19 19 61 76 97
46 84 40 100 64 55 82 25 4 13 61 3 59 28 25 12 64 97 79 100 7 87 12 2 90 71 73 82 90 11 86 30 45 69 29 43 60 52 69 83 4 70 45 92 23 70 10 56 64 32
94 39 25 81 6 12 2 86 68 78 77 100 14 81 72 14 99 16 32 51 98 12 50 82 32 98 72 85 27 52 62 28 43 39 67 64 65 57 89 76 70 37 92 20 98 82 50 4 97 84
76 72 97 2 82 26 99 26 67 61 55 59 23 37 28 52 75 11 89 36 1 76 57 93 40 85 88 69 67 43 69 22 16 58 44 92 27 58 97 16 57 13 8 23 31 43 20 38 44 16
52 100 18 25 62 64 36 52 14 87 61 49 100 48 39 7 51 27 90 59 48 59 61 37 74 77 50 80 44 79 37 5 15 15 68 31 18 38 46 42 54 83 46 62 71 22 30 86 83 14
44 11 94 56 89 19 65 49 82 35 81 4 9 16 72 94 4 67 12 97 83 32 45 61 3 83 34 13 8 84 89 79 47 97 39 70 12 86 91 11 80 82 48 77 74 100 79 30 36 1
44 70 10 82 51 79 43 12 90 76 93 21 29 46 44 51 46 83 15 56 43 99 7 26 77 17 4 41 42 29 65 69 80 75 76 73 38 43 21 56 89 79 38 5 71 37 15 47 93 57
74 84 96 92 78 32 93 24 23 100 6 7 10 83 57 35 64 13 41 66 33 61 37 91 35 10 60 55 36 54 90 26 33 100 41 30 13 14 38 64 18 25 10 50 67 99 45 41 37 28
21 23 1 56 35 55 33 91 9 65 79 41 75 87 63 62 44 40 27 70 73 81 52 11 94 57 39 43 47 26 47 60 38 10 93 36 74 28 70 31 9 35 78 35 45 13 7 19 58 66
22 40 33 80 32 74 34 58 21 70 74 96 53 56 38 90 25 82 20 48 90 53 16 52 31 13 20 3 47 50 97 12 34 44 45 19 58 87 28 32 66 24 76 14 96 66 90 9 7 33
25 71 99 92 15 92 88 12 48 49 11 47 57 45 85 48 81 66 70 36 4 96 18 7 25 31 83 36 58 10 38 46 51 33 18 15 50 7 2 45 71 30 19 15 60 2 5 36 6 87
4 56 78 54 21 55 18 55 53 61 85 78 98 59 71 62 67 41 60 20 19 55 43 89 45 26 35 75 31 19 90 7 97 55 64 71 78 64 8 34 65 50 23 22 14 13 59 10 43 7
43 89 95 12 51 58 22 57 42 66 47 37 74 46 94 71 86 9 84 16 62 12 16 36 32 34 27 14 93 2 34 34 80 12 85 36 68 94 46 58 82 36 61 20 23 13 57 99 88 23
70 51 7 61 49 86 22 62 40 69 62 49 74 63 15 17 94 24 38 21 40 64 21 72 75 2 57 96 21 5 11 19 84 99 26 97 32 26 26 92 99 65 13 7 41 85 52 75 27 91
19 66 82 58 9 27 4 51 88 79 50 31 23 44 48 43 20 54 79 70 14 62 1 15 83 7 14 89 63 36 5 50 2 78 91 87 67 90 63 93 58 25 62 17 47 73 98 76 83 29
97 22 68 24 68 52 37 41 93 47 32 23 19 49 55 68 86 70 52 59 43 30 40 32 45 11 18 54 54 75 41 96 80 10 69 66 5 58 97 47 34 46 53 62 11 80 27 89 91 67
64 50 58 18 49 94 99 10 90 44 66 89 33 90 31 38 6 64 85 73 33 40 62 25 42 83 87 87 45 71 61 68 65 59 98 91 63 94 44 67 88 26 32 33 73 96 9 47 68 52
46 3 19 64 64 62 59 9 44 35 16 26 97 53 27 87 73 66 97 73 62 89 98 14 67 31 16 21 12 70 72 47 32 26 75 63 7 78 77 45 27 89 63 55 68 67 33 98 48 54
29 18 31 100 79 10 72 29 39 34 69 50 45 44 59 82 17 19 80 12 68 23 78 59 25 14 4 84 82 95 30 4 85 20 57 63 24 75 48 90 82 48 90 83 94 31 82 7 65 11
54 27 60 47 4 27 54 52 44 29 22 9 39 2 71 88 59 87 98 32 84 80 89 46 60 23 10 7 92 93 15 86 43 49 98 38 66 62 53 28 96 88 8 100 94 41 53 84 100 27
14 89 73 72 77 17 67 18 37 49 6 19 34 58 95 43 80 51 36 27 70 25 47 42 72 12 9 27 99 93 30 40 53 26 60 12 66 8 12 89 37 68 9 23 6 88 13 70 48 46
90 78 42 80 24 46 59 91 2 80 81 62 32 100 84 62 30 64 78 16 5 58 96 62 47 71 5 2 77 35 72 80 51 97 84 97 74 32 4 99 81 57 35 70 89 45 9 71 41 9
23 75 34 8 38 94 50 57 26 64 63 27 89 67 98 2 48 45 57 17 31 95 86 95 82 90 74 24 54 55 32 87 9 48 39 4 55 22 82 7 40 66 25 96 25 2 11 10 78 34
64 34 19 29 53 88 17 47 57 51 51 41 72 45 14 29 82 11 27 33 24 75 29 21 32 48 18 66 23 32 46 78 3 6 30 22 81 50 1 79 53 64 62 70 81 50 73 66 79 8
67 53 74 36 29 82 2 41 46 92 65 23 65 99 64 58 77 25 80 95 86 56 5 27 97 83 35 7 91 64 36 87 81 32 99 45 58 77 71 41 78 2 47 62 23 98 17 66 59 43
73 82 71 56 53 61 52 6 92 100 55 91 43 45 2 17 24 62 98 6 25 79 65 44 70 29 3 75 69 13 29 100 34 2 31 93 88 37 55 91 14 95 83 89 32 4 60 74 76 94
1 28 52 39 51 40 87 13 27 3 40 100 55 10 88 71 7 13 44 25 72 49 98 32 82 99 10 6 68 89 36 77 1 42 7 34 3 83 80 54 25 49 22 84 70 72 68 8 54 58
67 60 27 34 96 58 27 82 66 23 56 10 65 43 68 69 69 94 14 91 91 39 93 14 8 68 88 75 87 3 58 58 20 11 23 62 72 41 20 55 26 26 55 91 59 52 76 57 36 48
32 14 47 16 2 25 51 10 63 88 63 23 44 48 11 22 80 31 71 90 79 37 21 68 81 14 92 71 27 84 54 16 86 73 99 75 31 87 81 48 33 59 99 49 13 8 41 75 88 14
47 22 51 59 63 14 13 24 75 53 10 94 98 67 95 91 14 56 20 27 90 93 51 66 72 64 90 46 24 13 66 34 4 55 18 73 86 70 99 14 91 35 22 26 67 29 37 51 64 19
52 11 86 4 39 28 10 85 80 82 85 84 66 85 62 59 52 39 99 60 89 44 30 74 48 82 95 2 86 77 71 9 59 98 31 27 69 97 29 25 39 57 100 17 64 29 67 59 9 37
87 17 92 8 93 82 45 69 13 82 22 10 34 68 82 71 74 4 37 92 25 59 19 90 99 84 20 21 3 4 55 67 93 69 54 46 19 90 24 12 5 70 51 73 64 79 75 86 57 71
47 19 23 60 26 8 12 99 19 42 54 98 17 73 61 37 79 32 15 68 89 33 56 85 60 18 11 22 61 36 95 27 40 71 69 50 78 7 42 82 85 10 7 81 71 81 83 48 36 17
34 92 71 23 91 61 50 100 55 90 67 98 73 49 91 31 14 38 64 5 78 68 60 74 17 10 64 96 92 8 100 73 24 87 57 87 30 76 11 68 1 27 8 87 2 14 94 84 49 28
48 38 8 21 71 90 18 68 81 67 1 79 10 30 90 94 46 13 59 90 42 47 54 58 29 85 51 97 8 65 73 50 74 100 34 92 7 32 25 72 59 93 43 30 27 49 100 93 18 76
81 52 83 89 38 33 39 73 26 59 51 81 81 15 88 42 32 93 43 29 47 88 12 24 65 97 21 70 88 51 83 92 94 6 37 15 64 37 26 2 60 42 7 24 75 75 2 7 25 34
4 29 95 96 31 13 69 76 23 75 98 40 80 44 36 24 26 90 74 51 32 87 30 52 9 81 44 75 50 39 4 61 9 43 66 4 53 64 38 8 55 45 41 81 7 84 8 73 78 82
45 64 22 23 26 47 68 5 71 53 74 79 4 38 95 97 13 13 65 90 61 34 53 81 22 75 61 31 76 97 55 46 34 28 32 15 76 14 48 21 94 96 47 100 7 9 13 84 15 47
34 83 55 38 71 12 54 9 17 66 10 15 41 69 76 94 94 60 98 32 64 58 74 20 45 40 10 55 87 72 43 32 13 1 13 6 76 32 65 9 82 88 100 28 24 96 97 45 50 68
17 75 25 39 29 1 75 77 74 37 96 20 69 11 47 80 68 68 49 89 33 85 25 7 35 7 44 86 7 66 19 74 64 22 42 65 54 90 21 52 47 63 10 48 65 93 68 27 99 62
5 69 56 52 23 87 67 87 42 81 95 40 45 39 82 63 24 60 22 99 74 34 17 59 18 49 35 94 83 97 17 93 91 10 28 58 93 82 83 79 75 86 96 84 1 17 89 81 6 24
62 43 75 17 53 78 78 95 96 29 5 83 64 62 72 68 91 14 6 41 13 33 89 3 97 47 32 49 40 63 66 48 30 63 20 19 3 73 67 69 16 76 10 49 13 65 85 87 47 8
97 84 34 51 72 98 37 4 10 51 43 78 57 83 49 56 37 17 43 46 63 47 63 41 17 19 87 52 50 41 7 32 88 31 95 33 27 37 50 22 20 33 29 72 19 50 22 47 3 79
77 30 41 62 56 98 78 51 62 50 29 57 1 62 98 77 95 30 7 17 23 10 78 63 3 53 67 20 76 57 39 21 27 88 36 30 22 59 32 82 71 67 47 2 61 77 69 49 82 38
11 20 11 57 40 20 52 1 1 83 78 97 63 65 4 34 4 13 30 21 26 20 18 34 26 69 5 39 52 64 20 22 15 98 75 64 88 32 77 46 14 72 58 26 2 72 99 91 66 45
81 30 53 93 61 25 70 50 93 55 85 9 10 12 86 100 74 97 12 57 72 70 20 83 12 74 11 91 7 2 43 19 44 54 90 34 75 10 68 24 81 83 37 45 7 82 80 58 17 91
86 72 98 1 21 34 96 4 16 67 49 36 30 84 49 28 44 87 15 88 11 28 31 69 5 8 98 50 83 90 47 87 69 73 40 3 6 61 56 34 29 42 11 16 72 88 42 17 74 45
67 59 11 7 80 47 83 58 53 79 69 29 33 29 38 39 71 42 88 11 66 17 9 61 37 60 58 9 90 72 23 48 80 21 6 26 51 59 9 82 66 43 66 7 97 46 47 52 56 67
86 67 4 90 86 97 20 69 83 53 89 72 82 52 69 21 65 15 62 81 76 48 72 78 89 24 49 82 51 99 9 60 22 94 89 67 62 19 94 85 10 100 74 37 59 48 18 55 77 66
16 6 11 68 58 10 92 58 22 65 69 40 6 14 79 14 19 28 71 45 11 99 18 69 12 96 17 59 30 44 30 28 60 34 85 24 69 91 61 22 85 21 46 34 81 51 63 17 93 44
51 34 40 8 48 11 2 22 100 39 58 77 15 1 30 14 38 10 20 47 9 56 36 56 32 21 74 82 10 37 15 23 20 98 38 59 9 24 92 59 98 99 87 9 84 59 94 49 22 17
97 60 55 84 100 41 59 69 1 45 29 72 9 50 39 55 91 62 91 68 77 49 83 7 59 48 49 97 1 34 7 57 76 88 76 78 33 44 53 67 13 83 13 86 27 91 9 36 48 56
87 2 40 29 51 50 16 63 69 50 55 37 30 82 87 68 41 11 91 76 50 9 88 82 26 61 51 8 93 5 98 43 41 84 64 21 33 39 65 45 81 99 51 40 4 31 94 68 38 32
37 78 99 14 75 69 17 43 64 4 84 95 17 46 4 87 40 11 70 61 2 63 58 61 63 98 21 100 39 12 20 26 43 55 51 83 95 86 70 10 4 97 91 8 22 88 91 93 88 52
49 48 82 78 51 68 37 18 54 10 69 20 4 53 4 79 77 89 53 41 94 93 42 50 87 4 20 87 38 70 27 75 26 94 37 67 2 57 5 51 30 56 51 68 50 3 52 18 94 30
50 97 45 32 3 90 67 29 71 97 72 10 36 47 57 54 20 15 30 49 26 81 50 45 73 79 24 95 4 81 49 9 12 28 53 98 77 70 34 6 86 97 79 56 88 99 49 23 60 62
3 70 2 41 20 56 22 70 64 42 36 28 80 52 41 93 10 17 29 32 62 88 85 78 78 83 94 89 89 33 56 22 43 56 92 23 83 23 62 39 16 8 41 84 45 100 13 78 40 59
17 47 34 72 78 27 84 88 62 62 22 29 3 37 45 78 87 4 6 56 16 79 51 94 45 18 5 78 2 22 51 100 46 50 69 49 81 27 32 40 39 72 24 57 92 100 71 31 85 41
80 12 17 78 15 11 12 61 90 70 60 84 27 30 32 68 16 46 58 80 93 88 98 36 37 39 48 41 19 80 45 78 48 60 46 45 2 54 53 8 78 45 54 72 77 93 6 5 22 13
41 56 95 4 48 76 49 73 15 89 93 32 85 96 14 72 64 52 49 95 24 45 16 79 56 17 62 78 71 52 33 1 77 9 67 11 4 13 79 84 94 88 73 6 58 48 98 100 40 89
80 29 64 38 11 3 86 75 94 19 22 22 65 3 90 94 54 93 61 58 64 12 81 72 41 88 7 82 96 92 35 20 88 30 58 23 86 81 98 100 11 21 25 70 79 76 38 95 48 79
44 43 48 71 36 86 31 83 36 31 29 77 61 61 28 18 21 88 93 25 77 64 83 73 28 3 43 27 39 83 43 12 84 99 93 35 1 100 20 21 75 35 52 30 16 79 16 27 38 52
82 86 16 46 85 88 44 59 82 48 4 100 3 76 30 50 30 83 82 4 10 55 73 59 66 2 13 27 42 23 68 23 26 49 47 7 47 80 94 41 74 17 50 86 17 92 67 63 33 61
94 11 99 62 8 72 88 34 7 23 73 83 58 65 83 63 22 8 25 36 22 90 45 34 28 33 10 99 33 73 48 96 83 26 72 33 9 58 1 90 19 61 96 33 81 14 52 52 91 51
82 21 51 90 49 14 92 34 58 86 49 25 26 76 86 52 72 85 32 44 97 95 87 27 49 51 29 14 71 85 19 60 60 86 48 5 94 69 62 12 53 36 47 5 54 2 32 74 53 80
59 68 87 35 29 19 15 77 68 41 34 78 74 82 60 56 37 23 25 51 82 80 64 60 5 50 94 76 78 49 95 61 49 89 68 27 62 90 57 95 85 54 1 35 64 72 47 77 16 2
28 60 88 98 47 65 77 60 98 52 25 11 95 39 69 14 98 33 74 1 97 84 77 61 69 23 52 11 34 41 23 18 35 100 16 66 25 28 89 74 20 96 96 39 70 38 61 87 61 18
2 42 51 15 43 18 86 31 81 44 53 96 89 49 3 54 69 39 1 24 50 74 17 50 63 28 22 51 72 92 22 8 8 87 55 42 68 27 78 57 30 65 15 26 23 23 32 35 55 63
73 52 100 21 61 45 42 65 10 98 56 16 48 46 8 28 84 58 1 18 69 16 5 76 81 54 32 92 28 39 66 50 20 12 22 21 42 5 38 34 10 29 90 43 57 33 68 65 38 39
15 11 52 22 82 96 19 5 51 24 23 2 98 75 5 76 85 39 16 69 82 41 47 69 59 12 46 8 85 30 90 91 52 63 51 37 46 70 57 25 76 13 62 4 84 22 89 94 2 33
39 23 47 63 46 60 67 91 97 56 37 82 37 61 15 87 78 57 56 14 50 82 20 98 73 43 89 10 27 95 63 2 76 10 32 31 50 27 51 33 25 6 40 19 84 7 57 79 37 53
18 73 57 55 80 80 97 19 19 60 56 91 69 44 69 69 71 97 25 39 5 11 43 5 89 84 99 30 4 92 51 81 24 49 97 90 18 29 5 8 7 20 23 40 15 48 54 54 3 52
98 49 80 57 46 61 97 69 29 18 16 72 70 23 40 72 25 58 30 11 25 26 61 25 57 91 98 96 12 43 79 78 32 97 40 8 95 79 11 47 87 74 95 65 20 38 81 36 38 80
51 68 10 92 82 58 35 52 88 68 84 100 52 42 61 11 1 3 2 50 62 14 39 30 27 6 71 71 93 44 59 10 86 51 22 69 19 64 15 32 30 60 56 86 98 70 49 35 45 22
88 61 37 78 50 56 94 83 12 54 92 81 89 34 71 43 11 17 87 65 23 34 56 88 71 100 64 72 76 24 33 75 49 50 88 36 44 21 38 18 87 94 89 80 86 49 7 26 75 37
30 93 72 85 90 5 7 3 80 58 10 11 45 20 44 52 61 56 27 54 49 44 21 27 18 21 3 48 53 31 71 10 70 83 55 96 16 20 15 98 47 98 58 32 8 34 75 58 15 15
2 70 12 27 48 91 42 13 24 75 68 7 7 97 70 96 61 16 95 16 38 23 78 21 41 60 79 73 20 66 36 16 72 1 99 8 10 36 25 96 16 99 94 28 84 48 24 40 96 23
55 31 31 86 94 48 45 49 9 73 42 10 19 37 4 16 77 6 20 6 29 13 24 10 87 21 20 56 67 54 53 44 50 79 56 52 29 71 38 54 100 52 82 30 56 4 88 23 81 45
62 16 43 20 75 99 62 18 71 92 59 2 55 62 18 31 54 62 70 93 56 11 71 3 47 49 19 4 77 13 24 25 59 5 87 10 3 16 88 28 83 21 9 10 56 91 67 46 64 84
33 66 93 10 28 20 26 80 83 10 11 86 52 35 26 19 56 36 95 44 8 85 66 7 99 98 37 92 58 73 84 20 63 10 10 30 86 70 71 99 42 53 45 38 89 66 69 74 59 80
46 47 31 45 7 17 16 55 24 81 92 57 76 75 93 32 4 94 49 9 49 77 48 38 4 94 3 60 49 69 90 47 93 66 48 70 81 93 47 19 7 81 70 17 86 80 16 48 17 4
71 11 57 80 86 41 80 35 76 7 30 40 33 91 64 80 60 34 6 80 46 32 24 100 89 16 30 26 15 30 38 38 44 37 85 90 33 9 34 56 27 83 96 99 38 36 83 10 3 50
50 42 42 56 29 10 77 79 18 6 66 56 39 1 37 64 79 31 53 62 98 78 81 48 24 78 43 99 7 29 76 89 83 97 62 12 10 22 9 70 18 62 26 89 15 33 84 65 38 55
40 55 62 36 48 13 12 41 98 36 1 74 77 52 6 71 23 55 74 35 30 36 50 73 59 38 20 54 20 51 52 64 23 85 67 67 94 56 46 94 69 90 52 86 58 23 8 11 45 13
2 48 24 1 39 99 78 67 38 13 74 62 13 9 80 1 92 98 25 64 100 9 86 50 50 47 93 21 74 59 66 44 52 82 30 11 47 45 17 67 39 74 44 17 13 65 65 17 78 6
28 71 96 14 75 34 17 95 8 63 65 78 9 24 60 12 91 1 10 78 80 53 78 54 29 26 53 27 50 61 2 4 98 34 13 63 57 79 80 30 10 8 20 12 8 14 93 5 49 86
98 100 18 54 81 59 46 11 43 18 97 18 19 34 54 89 91 12 4 42 13 27 13 56 56 80 20 49 6 50 14 24 32 16 54 14 35 6 62 51 82 72 63 94 11 31 3 62 33 86
65 52 97 34 31 2 41 54 82 80 58 100 87 56 84 24 72 93 21 62 15 90 14 13 14 34 63 36 1 45 19 62 18 35 15 94 26 97 2 100 27 52 37 12 49 27 47 24 46 71
89 66 82 9 2 33 12 22 41 69 97 38 48 98 10 65 2 86 40 21 25 3 79 88 2 61 78 26 50 61 31 49 54 85 25 99 36 55 40 87 29 76 85 34 25 22 30 70 4 36
5 69 80 77 74 70 41 21 56 95 86 29 99 6 18 83 67 12 51 10 4 100 62 29 42 34 20 53 19 57 6 58 15 81 36 84 92 45 26 29 44 48 97 88 33 56 65 79 76 70
25 100 17 21 69 58 2 12 21 29 72 25 84 1 20 7 66 77 88 54 43 48 34 90 82 68 31 57 69 4 47 86 2 87 87 52 7 69 66 7 74 81 76 69 66 27 46 89 67 88
69 26 59 26 52 65 23 9 35 87 48 89 47 22 12 81 55 100 43 73 99 17 52 78 79 86 54 92 49 67 95 16 3 38 43 80 52 43 37 55 10 71 57 49 74 67 53 63 15 98
39 56 54 14 31 45 73 7 78 42 71 56 75 53 3 98 75 35 74 35 9 58 34 54 19 55 33 68 41 69 10 78 86 87 31 27 67 12 66 82 51 81 39 91 36 94 26 52 56 54
26 61 86 88 55 87 84 18 89 57 27 84 11 66 90 16 28 27 52 15 17 92 79 88 75 2 34 82 95 76 32 27 80 92 29 97 59 57 24 62 73 65 86 90 67 32 80 69 73 60
96 30 45 50 27 18 5 78 40 58 97 24 92 63 16 84 43 88 30 51 33 72 1 22 40 38 82 32 16 58 87 42 44 71 45 30 36 75 59 77 79 75 45 22 8 59 20 47 76 38
36 63 62 81 90 97 80 89 5 11 46 5 80 54 65 56 6 68 87 1 16 91 88 21 23 30 54 54 36 84 68 16 36 70 23 90 53 10 36 58 80 29 92 36 52 64 65 22 12 20
71 86 80 75 66 69 30 36 54 20 91 96 70 70 26 4 76 75 72 2 6 16 35 74 38 7 40 40 64 83 43 27 25 88 22 2 68 44 98 90 43 85 72 12 84 70 53 66 17 66
51 95 84 15 24 98 3 53 49 50 86 36 66 48 99 30 24 52 4 47 5 7 37 58 97 97 24 68 19 63 1 20 22 20 30 32 75 100 92 77 42 95 68 1 96 53 3 29 98 92
42 13 35 12 74 52 80 87 63 95 29 3 88 32 54 40 46 81 42 2 47 27 30 4 85 4 94 30 88 74 24 68 95 74 60 42 82 98 81 27 9 94 68 57 87 37 46 49 21 57
70 50 99 64 12 44 92 48 47 58 15 45 39 38 7 25 40 95 9 94 90 28 77 60 5 45 98 33 16 92 46 3 43 81 16 89 98 14 48 48 81 17 41 50 60 18 75 89 97 42
20 21 34 69 53 30 67 74 65 39 45 99 19 30 12 52 42 78 48 39 53 92 99 87 99 72 2 63 72 5 4 25 54 62 88 71 66 99 89 65 21 36 97 70 86 6 67 56 67 95
38 1 93 69 27 16 89 21 66 48 2 2 72 72 4 73 64 69 31 47 69 74 87 35 52 61 95 60 53 6 39 25 8 71 65 45 5 62 13 32 43 72 95 6 29 53 99 7 40 42
65 34 54 52 20 19 75 58 84 22 9 40 12 41 29 23 85 66 19 84 71 80 71 59 45 41 43 62 41 79 98 49 37 19 24 73 69 51 33 29 32 75 44 58 56 23 96 40 14 27
14 10 18 62 48 94 57 73 53 94 60 62 6 57 70 5 38 67 18 31 48 25 48 85 2 85 64 79 6 64 21 82 68 87 67 44 62 97 48 98 47 50 72 36 56 45 59 47 31 37
65 50 45 29 30 41 11 13 75 18 96 97 39 59 58 95 71 40 11 29 42 14 68 47 74 33 41 58 100 49 7 55 90 75 25 40 95 66 87 92 75 72 96 83 51 46 59 92 63 65
65 81 19 28 88 38 29 73 78 34 58 4 99 31 1 42 86 43 89 37 67 64 65 46 39 62 79 79 86 72 21 24 32 74 36 85 83 77 38 30 27 74 82 98 58 21 91 83 88 26
73 1 48 84 2 68 69 46 73 70 100 22 97 40 39 63 36 77 37 87 35 9 72 21 85 96 12 33 9 16 25 100 51 41 44 81 62 51 6 70 59 46 98 40 40 37 39 70 28 37
61 92 92 54 65 68 3 99 80 48 37 48 80 23 59 78 62 59 5 98 69 72 82 11 47 56 23 82 76 8 19 41 29 86 89 90 63 25 48 38 100 64 99 42 99 79 70 98 85 60
36 35 35 47 5 1 46 89 66 5 70 71 74 88 7 74 65 76 1 47 66 13 80 70 98 29 83 3 40 19 77 75 20 50 75 55 72 97 91 77 8 62 68 56 17 39 4 68 12 61
50 69 94 6 39 21 7 40 68 50 14 25 58 71 78 67 23 68 47 56 44 87 71 93 43 26 24 45 36 35 18 57 22 67 62 36 59 84 20 59 70 33 66 33 82 82 21 41 19 47
36 14 38 62 66 82 63 44 18 86 70 25 75 48 56 55 58 33 64 81 89 96 1 75 1 21 85 74 4 70 27 8 29 84 28 70 68 88 88 7 70 91 87 81 63 36 55 51 41 71
3 12 90 10 93 46 97 24 53 72 96 88 77 83 1 100 39 81 45 80 62 90 53 12 47 10 38 86 3 81 84 77 54 100 58 82 7 26 7 76 75 64 12 93 80 66 87 66 24 73
93 90 91 41 17 33 87 5 98 7 20 80 16 35 85 35 25 27 96 2 16 53 39 55 97 20 55 5 87 15 34 38 18 33 88 74 54 58 98 100 65 88 66 68 81 66 70 80 90 15
61 37 92 83 81 73 97 13 22 79 11 10 100 60 72 54 30 73 22 62 3 100 17 52 32 89 30 90 60 43 64 39 60 85 17 49 89 83 16 96 67 85 18 71 3 59 72 30 54 26
52 57 73 34 36 44 17 3 44 46 14 79 24 93 65 15 10 100 3 31 19 36 71 26 71 88 1 90 45 11 66 89 51 90 88 23 88 33 67 13 69 24 12 74 75 16 78 72 88 81
13 52 8 60 43 75 94 10 100 70 51 79 46 77 18 25 54 77 42 14 33 3 3 35 79 87 20 59 19 80 86 28 74 49 75 50 91 15 54 69 6 55 43 27 27 92 90 10 18 25
19 45 26 50 86 41 98 12 48 42 1 33 27 45 78 29 90 70 36 89 41 72 52 65 87 91 100 10 56 52 17 40 44 22 34 38 7 54 71 22 33 8 45 89 19 100 1 55 2 46
47 40 59 76 87 20 32 10 38 95 33 62 100 26 90 26 50 8 63 69 7 100 88 85 44 59 43 51 19 90 70 46 25 26 64 31 95 87 67 63 1 73 68 88 82 16 41 76 46 67
19 42 99 22 76 76 33 68 29 72 88 84 46 89 62 19 43 34 3 72 22 66 24 42 26 70 73 9 69 40 70 67 46 82 70 63 59 3 16 53 62 90 6 20 44 78 92 60 18 12
38 38 28 22 34 17 60 93 90 76 3 12 58 100 37 70 57 83 76 4 45 59 77 73 43 57 61 5 81 33 97 33 30 23 68 68 6 45 58 73 75 35 39 28 65 8 30 69 32 45
49 100 7 66 18 18 74 80 51 32 30 7 5 52 96 90 1 55 14 50 17 73 35 30 24 47 35 97 98 14 2 97 51 80 76 11 4 97 37 61 40 15 47 1 40 59 82 6 90 52
24 81 91 37 95 100 23 37 62 76 92 48 34 64 76 60 22 9 98 88 17 13 27 26 68 15 19 29 6 36 53 36 62 59 84 5 16 64 88 100 33 11 29 63 11 31 62 26 19 74
49 51 70 92 5 90 77 70 15 87 17 70 64 47 35 17 88 35 51 41 41 4 98 96 47 10 49 16 75 91 87 97 28 71 100 83 72 55 69 51 74 49 62 98 89 5 57 45 20 78
8 53 22 31 16 97 33 1 92 67 37 84 74 55 26 3 12 93 10 56 89 20 62 48 29 26 54 86 44 71 48 12 91 57 96 69 50 20 12 2 50 9 89 36 53 74 49 2 72 81
87 48 59 46 35 66 30 29 80 82 41 15 33 21 73 21 77 81 77 6 76 36 14 36 40 46 81 65 22 65 25 80 83 23 8 70 68 98 47 37 68 16 3 34 80 17 55 78 68 63
21 98 91 94 99 99 94 75 28 17 53 89 75 23 70 83 14 78 26 78 58 78 34 13 40 2 85 6 63 98 37 47 56 29 25 15 45 36 30 33 65 23 89 24 5 31 31 95 66 12
27 11 90 11 4 88 47 68 49 7 92 27 95 64 21 1 59 52 34 28 85 51 34 85 46 50 32 52 23 65 2 54 6 73 8 8 92 45 69 64 75 78 79 39 44 85 14 41 83 93
16 54 16 89 53 89 92 20 45 72 28 15 11 84 82 21 15 61 93 94 1 13 86 16 92 33 62 96 78 89 63 59 95 40 60 90 99 27 61 100 51 42 61 55 61 83 26 3 81 89
9 7 33 97 99 86 14 74 96 75 55 52 7 11 18 58 28 18 99 72 7 70 46 29 20 22 11 36 96 57 62 89 47 53 13 99 9 22 73 40 2 58 85 71 78 50 44 17 93 43
81 3 33 77 29 87 68 40 85 35 32 64 2 99 95 44 67 83 5 3 66 46 69 100 93 39 24 67 97 38 20 43 7 70 17 46 85 99 27 26 47 67 47 50 94 83 44 50 50 49
70 23 18 14 16 40 11 94 29 29 51 14 88 94 65 98 44 58 97 99 93 93 71 65 62 53 81 15 62 79 12 81 42 30 39 68 3 86 76 27 49 32 49 12 22 7 68 31 60 2
63 5 71 32 24 58 89 19 69 52 32 87 48 26 94 16 60 58 87 12 99 6 49 29 95 64 63 79 35 21 82 70 10 75 61 4 50 30 32 66 21 81 81 8 44 96 56 21 58 83
27 75 64 29 76 33 13 13 58 28 46 44 99 67 43 39 24 73 63 88 32 35 89 12 11 98 27 54 94 55 59 43 78 54 13 14 64 37 69 11 42 37 39 74 38 93 39 74 9 98
38 50 66 46 54 18 41 97 86 38 1 9 39 11 21 31 10 15 81 10 20 44 49 41 31 20 46 24 50 84 76 31 32 7 77 10 27 31 9 25 21 76 86 73 11 73 60 54 99 72
87 24 38 11 61 51 8 97 49 49 4 55 1 34 20 59 29 21 38 26 31 67 37 73 44 4 41 76 100 71 62 25 34 63 54 22 34 96 98 43 76 18 20 22 78 91 12 16 69 100
99 36 94 19 53 15 12 5 64 76 81 12 14 62 53 5 95 46 14 74 40 52 97 95 53 78 19 43 49 18 49 43 42 44 26 86 50 32 56 29 94 11 3 7 40 26 67 87 17 26
92 40 94 42 6 38 62 64 16 55 53 1 33 5 33 17 17 14 2 96 97 73 6 29 82 86 92 1 98 43 22 22 82 42 79 59 3 24 79 59 93 67 93 48 35 9 41 7 21 33
87 9 56 32 92 81 92 32 72 99 24 17 99 43 15 39 26 90 82 89 55 51 18 54 60 32 9 70 3 21 33 96 84 70 67 15 47 21 42 29 30 6 67 40 64 8 92 70 75 46
14 15 38 51 2 32 70 5 77 95 46 15 51 61 37 61 49 29 49 21 65 80 72 32 54 16 57 8 13 68 40 11 64 56 95 13 70 94 31 8 2 46 28 82 86 43 67 39 33 94
100 62 37 26 87 2 78 84 72 100 48 85 42 20 82 90 97 87 49 19 31 27 16 28 7 95 91 26 19 57 68 29 24 88 48 3 12 34 43 34 13 1 98 84 2 19 55 25 61 67
85 100 2 94 22 100 70 12 11 50 68 12 82 74 2 60 59 15 100 21 56 75 64 58 84 16 38 28 30 9 85 29 92 3 59 96 21 82 38 55 93 80 14 76 59 12 56 71 60 29
43 79 88 44 47 12 28 13 52 71 43 52 40 26 57 58 51 6 91 63 78 36 77 58 39 99 29 14 4 3 21 15 88 34 85 31 55 46 76 76 59 8 21 72 94 36 30 49 72 42
