90
4
96 27 44 14 51 51 98 94 34 78 57 41 40 12 46 100 18 75 23 33 27 11 71 40 11 9 13 14 67 5 48 33 44 39 82 100 66 81 72 24 4 41 46 8 84 49 40 69 94 31 79 8 91 11 76 74 9 10 43 4 64 30 90 49 84 46 82 10 19 97 74 34 17 17 90 37 10 80 90 78 21 77 96 89 78 63 17 99 10 88
53 38 45 45 45 34 43 33 95 25 16 12 45 93 2 90 63 7 32 72 78 29 75 95 43 66 37 83 43 50 15 32 18 83 40 44 82 9 23 61 77 16 8 4 66 19 84 8 99 42 95 19 12 15 46 81 95 55 66 86 11 44 18 78 35 94 6 42 52 76 22 51 25 86 18 80 58 30 37 30 22 50 78 12 68 10 39 87 30 16
36 9 66 35 25 34 93 9 77 18 65 82 55 30 34 91 34 20 6 41 81 60 28 14 64 45 45 22 91 90 28 52 33 96 59 83 58 74 30 90 70 77 33 25 85 34 80 62 86 36 25 18 57 61 5 49 22 55 30 71 30 2 8 84 37 84 95 56 98 27 94 9 76 59 30 74 50 41 60 26 21 12 35 85 81 100 33 96 35 100
90 86 93 25 74 93 73 95 53 58 16 94 78 84 99 36 80 18 43 82 80 30 67 16 24 72 51 64 77 53 74 39 72 56 43 61 27 88 27 82 60 10 38 6 53 89 84 51 92 22 28 57 85 8 71 46 65 15 67 83 54 4 10 20 43 19 7 4 84 88 39 23 20 60 8 19 96 32 81 69 17 95 44 55 28 27 89 85 58 34
83 87 12 68 11 55 89 3 87 21 16 46 23 89 42 100 67 72 93 83 45 11 50 46 16 29 84 15 95 72 17 42 73 77 75 90 23 23 60 15 95 35 2 88 56 92 87 26 26 17 46 14 87 49 5 56 94 3 32 16 80 50 79 62 66 21 11 77 85 35 32 28 27 84 5 29 19 19 18 31 74 54 6 84 74 20 58 89 52 90
4 97 29 80 48 59 32 64 17 32 80 41 56 73 72 91 14 18 10 38 90 84 5 35 79 82 22 28 40 76 32 70 79 9 6 33 36 52 49 17 88 66 64 83 62 12 47 6 64 58 33 97 15 10 21 68 15 21 17 86 4 26 48 45 66 24 49 66 33 25 18 37 33 8 75 85 65 36 22 96 62 13 32 80 78 8 17 34 90 100
16 67 82 6 74 36 25 41 49 98 42 83 2 4 4 31 75 14 32 83 34 24 37 19 17 96 69 2 100 41 8 54 70 99 51 22 56 9 77 21 72 13 11 44 86 4 73 50 66 48 80 94 75 96 20 36 80 93 85 98 79 58 70 36 46 26 51 38 56 49 70 97 35 15 61 33 33 45 8 56 38 8 79 94 1 81 32 29 8 19
24 14 59 22 61 64 97 40 20 84 59 74 84 31 8 96 55 61 48 56 69 89 19 41 72 52 44 85 5 96 56 97 61 22 84 80 44 82 59 48 37 86 11 7 51 8 33 92 40 34 98 98 36 36 38 97 17 7 42 88 38 7 95 54 43 44 58 57 46 70 89 75 51 71 59 78 68 12 56 6 45 39 12 63 50 20 53 44 17 2
53 53 1 96 53 78 16 27 83 58 1 15 46 88 83 62 24 7 5 47 14 12 18 95 22 99 29 73 5 34 45 14 19 33 82 13 13 84 2 59 64 8 82 98 54 87 41 68 6 100 81 98 92 52 54 57 51 29 43 88 13 91 68 90 43 70 56 79 31 82 76 30 88 74 86 25 99 57 16 33 93 14 17 53 49 90 21 31 62 32
38 28 47 53 2 65 67 79 95 59 7 59 37 52 98 88 8 89 74 43 44 31 30 99 82 41 36 61 85 93 78 52 29 58 8 44 28 85 2 78 44 55 72 50 69 91 84 51 82 41 9 45 96 27 71 81 77 6 3 100 89 21 17 22 28 54 21 16 81 12 21 41 13 16 38 2 85 68 95 61 12 36 55 4 59 92 31 84 65 21
31 77 27 14 44 75 39 83 38 40 6 70 87 92 47 60 15 23 15 75 22 17 70 21 43 60 18 65 8 11 11 33 79 19 62 48 21 64 18 85 84 97 99 49 2 45 90 24 23 30 20 100 63 78 20 14 13 16 42 77 55 69 27 98 36 9 44 97 42 71 86 16 68 78 82 91 39 38 61 52 44 100 64 12 94 86 2 15 9 33
30 52 56 28 56 81 55 61 40 49 39 8 42 13 32 7 34 55 17 91 5 51 97 78 90 37 20 44 30 28 22 56 32 9 20 72 59 47 87 26 85 65 73 11 27 16 79 100 57 79 64 15 65 90 66 92 59 73 70 75 2 19 66 5 99 55 15 95 85 97 55 27 95 74 73 18 67 8 95 19 31 96 61 36 19 88 12 98 66 40
97 20 33 9 90 16 18 84 3 41 38 43 86 57 41 37 51 74 66 35 31 53 45 57 92 15 91 41 3 66 19 35 28 9 16 38 59 15 96 60 24 78 32 15 52 61 83 99 93 3 40 5 67 81 57 67 4 6 73 6 61 52 23 31 69 33 93 43 97 47 78 1 45 38 39 70 61 25 27 52 39 71 49 81 7 62 59 61 55 71
9 70 22 97 54 91 41 49 13 80 29 9 2 64 77 76 66 8 99 11 88 46 7 71 66 11 54 23 6 72 73 24 27 19 44 69 8 96 52 51 66 53 68 30 52 63 45 29 56 97 54 59 41 58 65 69 31 63 45 6 42 11 76 26 78 24 80 22 82 77 13 39 25 29 21 77 83 99 26 47 82 81 11 53 64 6 19 81 12 60
53 58 54 81 24 74 5 26 28 43 99 69 16 80 97 47 29 8 44 72 6 55 97 14 99 14 12 92 1 94 42 27 78 71 36 22 92 81 51 15 18 88 32 14 40 28 8 78 42 75 74 15 18 37 92 3 57 75 42 14 67 23 79 42 91 42 92 75 49 45 46 75 15 12 28 12 7 49 53 5 100 42 47 49 4 34 42 70 96 100
61 31 53 9 33 78 42 26 78 27 89 38 57 2 67 62 53 47 20 61 69 12 83 60 7 46 100 26 68 21 41 26 79 43 5 43 89 17 21 72 13 40 65 35 94 81 11 100 8 34 64 85 73 74 51 20 79 12 11 60 48 3 52 10 45 77 40 70 13 14 92 53 63 71 27 51 20 3 91 29 9 41 38 51 32 5 90 95 85 64
100 40 14 80 44 36 97 66 90 37 80 69 35 33 7 83 97 87 36 51 97 62 30 93 29 21 54 99 21 84 95 41 59 15 14 36 86 7 82 81 84 100 2 37 31 80 10 35 82 29 57 36 38 18 3 89 77 77 54 34 71 86 6 63 77 65 58 89 11 71 39 93 9 80 71 94 14 22 49 61 30 77 92 39 77 25 61 61 35 23
19 43 14 54 30 35 87 6 1 69 97 96 8 81 8 81 48 16 40 54 98 15 22 45 77 73 60 40 40 17 29 75 10 65 98 68 51 8 44 92 20 36 11 38 17 31 95 31 14 4 64 29 28 30 32 2 75 54 19 29 47 81 50 55 70 31 89 87 50 78 13 43 61 88 71 89 59 37 63 90 98 5 83 57 27 64 15 28 37 49
29 93 36 34 90 46 77 24 64 69 42 35 5 93 92 86 4 4 16 33 44 5 7 16 61 100 95 88 66 59 7 48 8 40 10 92 29 16 44 37 78 26 3 2 35 8 24 36 96 40 81 13 52 14 51 32 91 49 45 93 5 84 38 85 92 95 97 49 44 28 65 2 81 65 5 64 14 14 51 39 40 22 8 59 76 83 80 54 10 24
86 53 27 80 82 51 4 49 92 52 21 99 41 18 72 46 66 7 3 16 41 11 26 71 50 9 92 18 94 12 57 78 98 15 46 14 11 28 33 3 82 6 58 12 27 18 82 37 22 86 84 82 61 69 100 41 76 43 85 20 96 2 76 92 63 65 29 15 82 75 51 4 40 51 45 94 38 19 63 97 13 14 7 45 97 70 56 31 73 5
76 87 8 13 100 3 12 34 49 8 9 21 78 42 84 19 93 89 48 27 38 75 71 37 89 9 62 48 24 72 23 26 43 91 24 95 86 50 47 6 95 88 27 70 17 21 22 88 16 45 95 100 97 63 78 85 29 85 15 6 96 35 51 42 8 8 97 87 9 20 62 33 37 92 46 19 39 47 14 98 53 23 81 20 97 29 13 33 48 77
52 21 90 6 61 1 17 25 31 1 73 47 65 96 30 15 84 33 78 55 60 55 38 66 65 27 82 6 17 47 74 25 45 89 79 93 67 25 75 47 38 58 22 88 41 92 79 8 83 4 12 51 61 13 98 64 3 94 59 50 28 98 9 64 3 93 27 1 11 46 14 20 72 51 68 68 93 12 12 71 30 44 83 36 67 55 71 57 60 45
35 80 37 41 97 89 79 10 96 6 30 95 32 66 96 34 45 41 2 71 51 86 74 62 44 84 99 79 72 10 70 52 92 92 17 49 51 39 94 94 11 82 98 30 42 10 22 84 65 65 8 85 95 60 60 51 78 77 64 68 84 97 28 30 2 40 98 53 36 35 44 36 92 94 24 84 45 88 15 73 61 72 37 85 78 35 97 44 44 25
54 31 86 19 83 94 67 47 15 19 23 41 70 71 22 74 53 85 83 81 98 73 10 45 2 3 42 95 68 77 68 13 85 53 36 1 98 54 54 63 15 64 6 70 59 82 21 74 51 45 61 90 97 64 49 11 70 75 80 5 12 21 66 1 91 76 86 17 46 7 87 48 76 53 24 72 28 64 95 38 97 36 4 22 40 68 69 75 46 16
3 37 89 64 59 43 81 39 55 18 96 91 35 62 86 22 84 8 3 90 83 99 97 13 74 40 100 88 64 89 3 7 40 37 23 33 18 14 84 54 35 97 51 58 62 15 90 67 80 8 7 25 85 74 84 50 60 38 89 1 46 61 4 57 34 56 94 25 41 64 65 47 1 28 47 53 11 90 6 77 45 75 23 57 50 54 74 44 36 83
1 85 44 33 67 9 88 77 99 22 64 4 75 59 27 97 29 80 7 21 32 91 53 64 36 74 82 83 17 11 55 16 95 35 100 11 81 24 40 8 30 15 82 62 91 53 1 71 93 80 35 98 20 46 64 73 85 19 29 15 36 47 88 56 56 74 97 50 60 84 2 3 8 26 50 3 77 42 44 30 35 68 59 53 31 12 93 83 86 36
69 98 69 28 62 17 15 61 30 61 23 14 41 79 66 55 21 19 78 51 52 5 98 26 80 70 52 58 73 71 7 57 43 89 34 76 2 59 53 19 95 82 38 18 92 27 96 87 58 68 65 33 60 8 21 24 51 47 99 55 35 45 99 53 93 41 79 37 61 91 56 37 29 22 90 88 2 15 93 32 60 32 95 40 11 38 17 17 72 27
86 74 85 56 44 57 80 46 77 47 13 72 44 93 48 20 26 21 95 17 78 88 18 17 45 99 93 32 43 10 96 65 24 4 86 95 69 97 10 48 24 48 87 26 3 75 57 88 18 56 64 94 76 88 5 93 66 11 88 62 95 80 44 8 32 7 23 49 27 16 44 61 4 92 61 75 57 5 30 100 35 35 71 64 71 70 80 43 86 24
34 98 82 36 65 38 71 1 4 94 30 12 43 5 55 98 81 90 41 51 61 57 45 86 58 23 44 35 63 55 89 76 82 88 34 35 13 79 66 54 26 58 32 92 94 95 72 97 23 27 8 50 49 37 59 47 73 30 49 53 41 5 32 74 82 8 98 35 64 6 5 24 45 13 59 30 66 73 98 18 39 98 43 24 21 80 47 30 37 41
40 58 50 72 7 35 9 7 34 13 3 16 3 56 31 42 27 8 87 57 99 65 66 77 78 95 69 63 35 81 56 11 12 5 57 26 1 68 42 70 57 27 52 47 47 70 32 63 33 51 44 73 89 98 64 47 77 46 97 93 59 24 26 75 37 72 77 4 89 57 13 32 39 79 63 77 41 71 64 43 63 11 74 48 36 58 21 60 59 8
22 5 33 58 45 3 48 15 83 45 69 87 72 87 15 48 90 92 44 60 97 93 31 30 9 94 63 42 27 85 98 53 73 29 2 31 79 5 46 46 86 27 57 20 5 13 83 10 81 38 97 53 44 73 71 90 15 14 99 12 24 42 32 80 7 86 20 52 35 76 48 61 11 57 41 20 63 80 94 82 38 69 72 71 44 44 39 96 29 85
53 92 89 60 93 62 82 62 39 30 54 72 85 51 10 76 78 73 24 31 4 5 25 7 45 59 8 37 13 5 1 21 81 20 1 11 85 97 68 38 38 33 25 1 89 11 13 53 100 75 47 73 97 54 47 11 72 46 2 55 2 77 92 59 39 94 1 77 61 64 35 53 46 6 49 27 72 70 83 37 67 50 75 46 9 84 100 67 59 65
93 64 91 90 25 64 86 91 59 73 82 42 56 63 11 54 40 10 98 39 57 18 43 17 93 13 91 85 18 5 5 80 24 23 93 95 3 26 39 10 10 10 12 97 21 92 85 92 53 21 42 83 19 100 61 67 30 32 10 46 68 94 41 97 61 33 6 59 88 33 73 58 75 40 1 93 68 64 77 76 58 1 83 55 61 22 97 7 89 32
56 35 69 17 90 89 39 15 33 47 69 5 14 19 63 3 18 90 38 3 48 12 80 53 62 96 63 86 92 72 28 15 64 57 85 37 2 82 11 50 88 10 96 28 87 43 70 27 57 61 98 8 17 28 91 10 22 58 92 90 40 76 9 58 58 52 39 46 57 87 81 37 86 79 56 95 66 16 35 64 31 49 8 80 40 31 58 44 62 69
23 88 32 25 92 40 38 78 81 77 70 80 96 37 12 6 93 56 96 74 82 68 22 57 69 72 13 37 86 19 66 12 9 14 99 8 72 65 5 46 69 91 38 57 56 43 67 49 23 79 86 63 42 11 45 95 21 80 41 78 14 21 23 98 28 96 1 99 53 4 99 89 3 14 4 36 98 52 54 37 49 35 33 48 47 28 38 46 46 66
48 59 91 47 14 20 96 4 9 53 60 4 63 70 51 39 98 55 46 47 2 25 36 15 2 85 55 37 35 23 75 76 23 95 78 97 78 13 85 53 78 100 37 57 87 1 51 88 77 67 2 52 9 70 9 40 49 76 4 68 13 98 26 82 62 62 12 57 47 99 73 56 86 84 30 82 2 100 65 6 68 22 51 70 90 46 86 28 31 57
54 7 23 67 8 82 37 45 84 9 26 6 93 75 84 79 9 38 54 31 91 64 86 63 64 41 47 32 67 37 63 82 2 76 60 36 62 84 59 43 54 76 49 100 100 25 2 96 90 24 3 31 95 48 99 1 28 62 95 19 4 65 53 56 8 42 86 7 24 40 78 91 26 19 70 57 15 79 90 25 40 41 90 83 75 67 73 83 36 47
51 69 25 8 12 14 18 91 34 8 87 61 58 59 25 49 33 5 13 2 83 20 15 12 23 73 97 38 64 19 64 56 44 72 88 70 46 69 64 65 99 57 37 16 23 85 85 17 30 87 27 90 15 79 94 62 23 61 48 60 9 49 76 85 54 96 28 28 39 69 18 34 75 69 92 87 48 56 2 98 31 17 11 93 53 25 66 30 53 43
18 69 44 97 98 20 71 1 16 51 48 87 81 53 40 19 50 19 14 29 18 58 10 63 53 39 90 43 90 80 92 63 78 96 63 51 79 43 7 73 2 30 90 78 80 93 69 56 4 18 99 86 5 44 1 12 43 17 37 90 89 67 39 75 28 99 59 21 65 2 28 50 100 22 86 14 28 21 30 16 48 93 38 20 45 35 56 54 27 82
75 32 91 75 96 18 28 14 99 77 96 66 99 78 48 15 88 6 87 77 14 28 77 31 3 8 45 36 1 88 22 24 77 59 92 74 70 100 65 44 47 26 54 16 53 60 98 91 25 56 36 59 57 14 17 45 61 98 67 41 28 86 22 69 52 25 34 48 76 7 23 25 13 38 7 39 25 88 4 58 52 22 35 38 67 65 22 96 89 85
30 40 20 69 92 74 56 60 1 29 42 39 11 77 88 45 22 97 61 27 65 57 91 7 36 8 2 63 70 53 86 33 16 4 33 12 99 57 21 1 93 82 13 86 57 84 90 93 4 24 12 44 4 99 6 97 40 84 94 92 92 54 60 76 62 18 5 30 14 25 99 70 98 68 72 56 28 67 37 88 89 62 57 88 80 75 93 47 95 27
95 7 80 4 46 87 2 9 96 53 42 95 21 12 3 73 100 57 46 1 20 5 67 38 82 78 46 30 91 52 23 96 53 95 1 59 36 20 3 64 31 55 34 49 28 25 46 24 45 92 84 24 65 21 63 97 25 19 63 86 48 76 80 13 17 10 76 53 12 83 4 32 86 17 32 49 20 64 49 23 65 56 86 69 52 89 94 50 11 56
76 11 71 74 46 50 35 3 67 5 12 55 79 53 9 85 52 60 55 88 72 55 31 35 21 18 24 76 65 85 30 5 16 53 84 12 67 100 97 28 78 84 40 90 96 74 82 32 6 68 38 58 15 11 36 49 100 81 73 65 74 70 81 58 57 23 55 70 51 37 58 38 96 5 7 18 2 26 5 73 27 70 90 25 14 28 35 92 89 63
75 49 74 10 67 94 19 10 41 27 90 92 84 42 47 3 75 1 90 10 72 85 10 97 100 86 96 48 11 68 73 93 65 34 32 77 70 18 73 94 88 28 79 84 55 75 16 78 72 44 3 6 75 93 21 35 91 84 50 28 96 45 89 92 52 33 55 80 67 49 14 52 16 24 86 51 66 3 67 78 55 67 94 21 60 22 39 50 6 73
3 62 38 28 22 93 62 12 95 39 90 31 79 9 80 6 39 9 99 99 13 23 26 88 45 26 67 31 23 85 67 82 40 37 28 38 75 84 100 34 77 4 40 17 5 21 54 70 44 52 7 85 63 92 92 57 80 47 1 48 85 70 3 24 68 37 23 66 51 13 21 89 42 95 87 27 94 83 44 100 74 45 19 21 25 36 46 28 55 60
22 74 37 59 26 61 46 51 94 94 76 25 40 25 61 29 38 12 26 58 23 17 57 67 33 27 65 58 63 93 78 66 2 64 24 27 93 45 4 26 4 88 39 48 12 81 37 45 67 15 4 63 83 33 61 78 35 59 2 45 39 60 76 54 31 97 100 74 95 21 82 80 46 36 23 87 63 93 40 15 58 60 51 36 100 38 39 4 90 68
60 62 23 5 77 57 44 55 73 47 79 46 26 4 8 54 92 58 54 1 63 6 75 17 92 87 74 47 100 15 98 99 25 55 25 19 89 12 45 95 9 82 58 34 9 14 38 47 100 99 65 47 73 2 24 83 11 15 64 39 75 37 25 14 4 68 19 2 92 85 1 8 11 45 89 23 96 72 92 14 20 8 93 58 70 18 21 1 50 44
84 14 55 6 3 74 51 18 54 22 29 79 37 24 86 51 19 65 87 5 79 3 64 35 84 29 95 26 63 42 30 32 5 50 35 82 34 30 19 78 24 51 58 29 97 77 85 75 82 14 97 5 14 34 11 70 47 20 81 10 80 7 92 94 26 52 76 5 86 63 58 22 84 5 8 35 55 86 16 32 41 79 33 25 1 79 36 93 76 45
75 86 43 48 88 23 45 13 75 93 91 60 73 87 22 64 55 99 94 32 26 90 63 25 40 3 24 29 86 72 80 71 97 22 11 82 19 76 25 35 63 27 35 49 79 77 85 68 90 58 43 84 44 74 51 20 70 76 3 92 99 14 63 36 69 47 87 1 45 96 6 16 40 95 62 75 57 49 2 39 91 27 47 97 78 1 62 77 48 64
62 46 66 70 100 12 25 15 24 81 80 75 60 48 59 47 9 62 69 99 58 65 48 35 46 92 20 62 71 88 61 50 4 32 84 74 63 78 50 9 61 97 38 41 44 94 8 7 5 96 2 46 27 58 21 2 54 61 52 41 71 29 52 54 12 78 98 93 81 28 48 57 45 27 59 66 68 13 25 21 15 16 49 6 70 57 88 35 48 77
25 97 30 43 64 33 28 73 32 87 51 45 62 9 11 23 49 44 45 38 100 6 90 31 53 63 56 8 84 20 78 32 15 20 44 98 51 17 98 84 96 28 100 71 98 28 31 82 4 46 72 58 44 57 7 38 52 4 27 96 85 25 4 25 9 25 58 4 64 97 65 61 82 13 99 84 78 19 19 52 40 84 88 82 15 66 76 85 85 42
35 14 73 46 78 18 32 59 93 79 90 20 34 86 80 14 88 88 28 14 65 57 87 8 2 94 69 21 76 20 42 99 95 26 45 9 24 20 60 24 29 58 78 20 97 99 37 69 5 78 47 2 16 64 59 85 42 75 36 38 11 27 16 56 12 62 38 82 35 88 3 98 33 6 40 48 41 88 53 61 69 26 46 84 50 72 20 4 19 98
90 76 6 1 69 89 75 12 3 53 32 31 6 48 92 77 100 78 66 63 73 48 61 60 99 43 84 98 2 95 32 20 48 65 49 36 49 4 93 91 61 62 13 42 56 54 52 100 94 24 48 70 86 3 95 77 39 55 77 94 27 97 42 25 94 96 89 16 39 35 60 51 43 56 81 94 39 33 1 39 90 96 2 30 90 74 4 92 29 28
2 14 28 95 99 98 72 73 98 71 90 53 76 9 39 27 51 83 80 89 80 71 26 41 50 28 24 61 34 20 46 100 62 44 72 67 16 95 3 57 10 9 43 88 63 40 34 27 22 67 56 29 51 1 1 54 70 42 17 65 48 85 72 14 1 1 100 62 90 81 8 63 47 12 7 49 84 20 35 14 62 9 89 43 18 14 72 99 24 22
75 23 38 29 71 25 19 94 97 61 87 11 25 83 81 37 18 74 34 33 77 51 99 89 64 62 43 52 23 90 88 55 68 15 69 82 40 57 24 65 1 32 38 41 35 96 44 2 28 69 66 21 34 58 33 94 12 59 78 66 4 48 20 10 19 78 74 80 66 85 2 19 29 74 100 96 44 39 85 55 97 59 34 60 37 95 100 33 30 5
87 4 1 86 19 15 45 32 28 60 72 72 71 28 88 47 80 79 31 37 15 21 6 12 94 37 52 100 58 95 95 26 89 53 65 80 4 44 17 98 72 22 91 18 68 55 71 37 70 94 79 86 20 95 48 6 19 32 16 40 61 13 28 47 41 59 39 74 87 20 67 26 40 58 13 60 25 39 19 49 99 73 26 35 84 57 18 7 29 55
95 34 96 3 77 36 4 22 50 27 4 17 27 7 60 73 31 11 35 16 42 79 92 67 13 13 55 60 79 59 71 99 58 49 83 24 99 54 49 80 44 62 95 35 86 43 35 39 68 89 33 3 16 78 76 87 23 8 92 18 57 8 100 50 24 13 45 85 38 28 38 1 57 10 36 67 40 53 15 25 90 58 84 7 98 60 4 41 4 3
50 1 83 100 82 55 28 56 73 68 64 60 7 13 91 88 49 43 16 31 54 46 39 81 62 12 25 94 78 67 78 99 65 65 93 62 12 75 21 35 4 17 65 64 25 98 57 49 94 58 86 23 94 21 60 84 34 43 31 6 69 64 40 58 31 97 69 35 28 73 41 91 12 65 83 20 41 70 9 23 71 12 30 77 16 27 49 53 17 85
19 82 61 33 28 34 1 16 25 6 98 86 77 66 100 3 67 88 90 34 8 28 20 22 26 100 27 10 22 43 21 2 1 90 80 21 52 38 35 2 45 72 2 74 55 7 4 60 41 59 78 95 8 55 29 91 4 36 86 56 53 3 1 9 99 18 99 78 10 76 76 87 79 33 73 52 51 62 71 63 55 39 40 22 73 59 24 25 7 42
65 27 22 50 11 100 78 30 64 96 50 12 22 44 97 78 73 85 74 20 36 25 75 65 100 32 33 87 83 11 13 67 71 4 13 25 79 86 74 76 2 8 13 59 1 32 15 76 95 88 46 1 59 97 16 96 60 36 100 45 73 57 44 33 57 85 66 20 7 94 58 18 20 35 85 63 45 33 80 53 90 80 10 42 65 17 41 76 67 87
68 15 47 20 96 91 60 63 58 79 89 89 66 24 52 19 73 86 16 24 5 85 19 38 78 38 31 75 63 33 35 30 6 90 67 74 66 30 94 58 16 98 29 85 67 83 98 19 78 66 36 2 70 27 42 3 96 87 35 52 62 59 14 96 70 52 90 49 85 19 87 63 5 92 49 13 61 26 74 87 33 76 97 40 58 93 61 30 38 58
73 83 74 84 25 96 45 55 40 5 37 90 1 54 89 35 91 40 53 100 59 69 23 71 71 32 87 11 38 29 20 26 60 66 81 14 15 45 10 72 64 22 72 59 43 99 60 51 58 84 43 47 47 8 63 1 95 16 81 76 58 7 94 10 95 54 22 9 27 38 72 90 51 67 60 49 45 72 6 50 100 43 35 59 68 69 20 13 86 60
94 66 74 41 99 1 38 66 67 4 89 53 41 73 84 93 7 43 93 62 15 52 84 67 65 26 87 36 76 59 22 85 27 65 7 49 50 88 72 50 12 11 63 7 83 83 80 11 42 98 11 87 73 66 95 54 19 94 78 54 84 3 5 54 47 13 97 54 61 68 35 38 15 63 94 34 79 81 60 93 100 81 91 67 4 33 40 44 91 8
66 46 17 66 13 77 65 32 91 82 76 34 13 40 56 89 7 48 15 43 3 27 46 60 9 26 62 42 2 52 36 35 26 64 82 1 36 45 75 59 43 38 84 90 95 17 44 23 67 34 73 56 8 31 20 69 71 3 92 25 87 34 47 93 7 16 63 59 99 89 52 2 71 96 82 37 1 43 83 17 46 6 37 54 57 53 92 75 74 92
53 92 53 70 76 26 41 91 13 79 1 28 67 8 73 90 99 35 71 86 81 52 86 46 88 3 37 44 61 21 72 78 61 64 81 55 6 48 49 38 7 7 62 67 72 84 53 72 11 56 13 43 100 7 54 45 88 72 82 23 3 95 90 89 95 1 15 21 57 76 39 34 74 78 19 85 75 6 7 96 17 10 37 52 40 18 84 48 9 53
41 77 25 80 72 17 78 12 22 51 100 46 14 3 31 89 48 12 54 25 74 73 24 100 89 86 92 24 97 45 98 43 67 74 92 60 83 11 20 26 41 88 36 65 71 38 77 31 83 6 59 24 83 12 12 50 94 40 2 87 43 89 13 11 83 68 72 64 88 40 89 59 13 61 89 92 60 24 29 50 4 60 43 46 3 30 12 73 30 97
45 51 10 42 36 80 82 81 51 79 18 27 91 19 97 90 84 12 50 26 79 3 17 14 5 89 82 66 46 1 13 43 56 33 3 86 60 13 26 62 33 70 68 77 56 94 100 41 40 51 35 44 2 62 72 46 37 24 62 18 36 35 59 81 55 81 89 38 82 88 70 97 53 5 75 70 41 67 83 22 4 43 25 74 31 63 17 28 43 24
73 90 11 73 33 15 18 56 90 90 94 67 18 73 90 42 38 28 46 8 3 69 61 76 23 4 16 82 4 23 14 97 68 39 13 10 76 82 75 28 58 55 65 13 58 99 24 73 52 49 20 91 3 40 52 66 43 7 63 28 22 50 12 4 28 4 44 25 26 82 43 40 77 98 21 42 63 88 40 21 94 23 54 4 92 20 66 29 65 7
55 92 87 5 29 3 96 59 96 61 54 8 100 19 44 9 31 64 27 2 58 55 75 93 39 92 59 74 12 31 59 40 90 36 91 19 47 85 77 90 82 95 29 21 50 85 30 62 73 50 82 35 60 69 85 90 85 33 33 44 49 42 80 78 87 39 34 43 46 19 59 87 52 10 80 4 54 79 100 14 31 69 78 5 8 26 66 9 30 41
58 28 52 55 89 25 95 62 41 1 3 76 20 54 100 18 77 4 89 44 73 30 86 80 91 65 8 39 10 54 89 43 40 1 97 39 50 54 81 71 6 55 54 46 80 8 29 50 18 35 58 56 87 8 64 71 9 2 51 66 30 22 33 4 54 30 20 29 64 37 24 31 81 30 64 60 52 50 40 97 93 63 50 86 8 57 31 20 71 4
33 58 30 86 71 86 42 68 92 57 15 66 75 73 4 2 36 47 90 43 94 92 22 15 43 91 67 22 79 50 66 40 53 69 2 2 21 100 37 54 14 67 87 40 38 93 50 68 57 55 34 37 33 75 42 79 51 40 65 16 92 60 89 91 47 68 9 78 41 97 36 97 92 85 68 17 65 12 3 33 16 31 76 51 54 15 47 48 96 86
51 90 56 90 64 49 32 71 43 10 19 34 39 56 1 88 68 48 63 35 12 55 71 61 69 5 96 43 27 23 14 48 20 40 9 67 87 46 71 82 5 11 57 61 35 2 97 17 83 77 35 55 58 99 44 9 83 98 25 75 5 27 86 69 98 6 20 12 69 80 23 52 1 63 34 93 4 19 19 12 18 81 21 63 33 47 69 25 17 12
48 1 46 19 45 77 29 68 89 53 65 71 97 94 72 96 55 74 45 67 21 84 84 68 39 35 13 48 65 27 60 22 55 56 85 36 35 63 76 19 21 85 70 12 15 82 31 6 14 17 43 67 6 76 13 34 17 65 76 24 73 98 7 66 43 29 8 50 95 76 99 6 34 61 96 99 39 53 59 80 77 43 46 59 84 96 35 36 43 72
89 6 57 24 10 9 40 73 93 38 15 20 21 5 79 45 5 62 83 18 57 84 76 93 60 99 15 85 45 58 73 64 26 16 89 45 89 83 19 49 19 57 20 77 51 52 84 52 79 88 76 70 9 75 68 6 90 55 41 65 24 63 69 91 87 85 32 61 81 64 5 20 95 41 11 45 8 49 16 94 49 81 64 74 25 8 54 40 81 6
66 38 32 77 28 29 86 62 26 69 62 75 81 14 43 98 22 3 72 69 28 63 47 35 61 91 33 95 47 95 91 42 7 88 45 86 13 48 36 50 63 64 7 59 74 74 89 86 10 59 49 10 42 1 10 96 99 76 84 43 30 33 73 3 17 35 5 40 18 25 7 62 71 68 2 94 48 70 14 16 8 55 87 76 19 68 5 14 75 93
80 39 70 2 59 98 98 84 29 64 15 94 56 37 87 18 42 28 11 28 45 21 20 63 48 6 5 99 22 91 44 2 21 82 95 38 87 9 87 81 79 39 5 77 73 62 7 15 19 3 13 60 70 88 10 1 59 37 82 10 77 7 71 4 46 18 90 97 10 78 13 29 34 40 20 87 77 3 6 68 52 38 89 76 59 76 43 53 51 85
35 79 69 45 11 55 90 86 24 61 69 85 54 50 58 69 92 50 92 56 67 43 54 90 61 59 58 19 95 98 80 69 80 91 34 71 73 28 99 81 92 59 33 47 7 54 19 7 36 6 67 53 77 39 79 91 83 3 74 36 93 80 7 89 86 86 30 41 80 91 17 84 69 77 68 33 68 53 26 89 80 89 35 26 41 61 2 54 78 95
59 61 41 64 82 91 40 43 29 63 69 75 25 14 21 51 71 21 91 97 46 23 80 45 18 7 58 60 100 93 35 57 52 43 55 15 10 19 95 99 68 8 86 37 73 49 30 76 68 3 3 75 71 77 61 19 47 62 62 69 23 85 32 84 97 86 30 93 78 71 27 56 26 65 89 11 22 22 21 55 76 33 91 93 42 81 95 33 44 50
7 46 20 50 33 84 18 21 45 62 59 26 7 92 72 86 56 78 24 2 12 72 5 78 30 6 26 15 85 1 57 4 35 76 10 92 3 75 49 87 25 70 62 39 47 37 49 90 67 8 48 48 87 35 66 48 95 95 50 34 31 54 12 19 66 17 45 4 60 35 20 89 95 36 30 35 12 81 4 72 94 17 60 41 42 60 23 19 24 80
97 4 26 34 18 5 67 52 21 62 92 84 75 26 44 15 22 74 86 75 92 3 89 56 46 63 47 64 83 19 100 59 73 75 13 24 48 33 98 1 80 81 32 77 64 46 8 52 39 25 39 28 68 26 44 91 26 30 52 17 30 90 34 62 9 41 48 20 69 25 5 16 29 10 41 29 5 16 63 75 70 43 77 37 71 23 62 36 80 83
25 45 50 77 16 18 91 80 81 29 54 23 88 54 51 79 87 86 13 95 85 19 80 86 5 23 89 76 38 72 48 85 30 41 49 7 51 90 60 98 19 17 57 32 27 81 98 58 28 84 62 25 68 58 24 90 41 99 17 27 80 43 42 44 38 49 30 94 78 71 90 52 63 88 19 72 60 88 17 77 79 41 42 14 20 73 48 74 24 70
81 15 91 18 61 2 7 47 8 66 80 87 28 29 7 89 9 2 19 86 74 57 83 14 46 88 83 67 100 47 35 35 24 25 27 10 1 44 5 97 84 63 56 44 65 45 9 31 73 65 93 87 88 33 40 50 69 85 6 78 74 4 18 99 51 52 40 34 4 91 84 70 78 69 38 98 60 73 29 66 13 46 45 15 52 58 86 51 60 85
59 85 83 6 55 92 33 1 29 26 42 90 50 60 46 69 41 46 73 97 2 11 84 62 90 44 78 42 68 87 52 40 92 66 98 97 85 54 65 59 26 85 39 60 70 90 11 69 13 41 66 15 81 80 93 29 17 40 85 63 58 58 77 54 95 13 68 52 13 30 84 6 32 61 7 64 88 43 30 54 90 79 85 35 97 84 12 96 54 27
84 95 9 100 61 2 15 4 10 5 6 28 90 62 27 39 89 52 95 52 51 67 85 45 20 58 98 97 72 55 100 67 63 73 35 31 55 19 31 33 2 48 51 52 16 30 39 70 19 42 54 89 56 70 33 70 46 91 86 9 69 68 14 56 22 2 57 3 20 78 48 8 55 46 28 99 11 26 36 40 84 68 97 100 69 5 54 42 15 26
25 96 90 71 90 1 73 33 100 32 96 64 54 42 98 55 17 38 75 83 19 95 62 59 19 3 47 83 57 64 68 69 23 59 3 40 30 46 13 84 83 85 69 56 100 50 19 88 69 42 35 41 52 56 69 75 89 75 62 97 100 19 21 35 53 18 30 90 50 76 87 92 7 6 70 30 6 96 99 83 35 22 9 65 34 46 56 62 76 77
86 92 27 5 24 37 39 93 49 4 34 11 79 62 99 83 61 6 21 1 21 60 30 17 40 37 72 93 71 64 8 13 23 42 5 13 18 30 46 10 13 13 23 73 15 92 20 52 14 55 1 33 14 63 79 46 41 98 88 10 69 20 21 78 42 51 85 96 50 76 42 26 27 53 58 48 71 14 81 19 13 9 78 62 73 50 27 61 6 83
28 82 99 56 70 49 26 71 30 2 32 63 80 67 73 65 56 80 7 96 36 63 38 79 42 23 85 78 26 62 79 69 74 76 2 27 27 13 38 97 38 79 29 89 1 90 29 45 23 5 17 29 22 4 23 90 55 98 94 62 22 6 45 88 24 32 52 65 92 64 20 1 78 95 88 94 62 80 88 63 73 71 79 71 28 54 23 43 64 9
96 60 31 24 40 61 6 67 72 12 69 46 88 67 48 19 17 1 79 17 70 81 35 19 92 34 26 93 99 1 6 59 31 87 63 91 14 74 54 49 87 14 40 96 15 10 95 14 75 7 42 48 60 85 51 4 11 74 43 3 96 48 47 66 9 93 50 10 54 23 74 3 59 83 42 65 47 24 52 79 63 86 68 50 25 71 86 19 78 73
17 53 71 60 27 51 79 26 89 12 57 5 91 92 27 91 31 94 90 70 82 33 100 92 24 20 55 15 14 64 23 4 67 88 22 24 31 54 69 56 95 68 64 52 43 64 43 89 30 81 59 95 95 86 59 41 28 4 36 25 95 83 6 75 65 51 73 56 46 44 65 87 92 84 60 11 60 4 14 85 59 94 93 12 14 12 78 90 95 94
61 24 16 38 8 65 71 34 73 61 95 61 96 54 10 88 6 26 35 73 42 100 43 38 66 87 70 58 100 1 49 70 81 32 62 82 26 73 94 52 76 58 79 77 1 57 56 51 41 44 23 72 31 76 70 53 56 49 46 26 95 61 71 23 38 14 54 69 98 62 19 36 52 76 15 90 39 11 63 87 81 39 100 29 75 9 37 16 46 13
14 16 70 79 64 49 61 27 35 65 92 34 55 36 84 36 83 49 25 14 96 94 21 41 84 64 38 36 20 72 15 89 30 32 32 47 47 49 48 99 84 51 67 36 57 50 9 50 6 14 94 15 35 1 17 22 17 65 48 59 16 99 98 6 80 43 74 71 19 81 85 96 99 79 53 93 15 88 45 85 57 66 5 33 8 48 71 45 70 83
99 96 46 79 26 76 22 9 95 74 47 66 90 9 97 52 71 79 90 81 55 87 40 80 80 37 6 29 41 4 14 91 51 74 24 90 92 86 60 45 42 20 91 15 17 7 100 97 76 92 32 29 22 18 84 12 65 94 52 46 85 63 75 84 26 41 50 100 41 75 62 89 45 89 30 15 67 81 19 8 82 73 95 49 57 85 79 83 79 8
89 100 19 61 66 13 3 36 99 42 90 28 66 29 21 19 81 20 86 20 96 91 75 42 26 40 91 89 73 26 71 80 29 56 62 12 12 47 47 88 26 62 17 47 11 26 25 69 50 61 73 79 11 85 70 49 22 98 21 28 29 49 47 69 81 32 73 73 4 72 5 40 11 7 22 83 57 65 87 96 9 41 88 75 56 2 19 22 22 37
13 30 3 81 100 37 76 92 2 99 3 2 31 4 60 97 14 63 48 50 13 38 88 79 62 73 63 79 23 64 39 81 79 9 78 70 59 91 50 96 88 96 42 95 79 59 79 58 94 62 70 78 53 40 52 35 76 25 29 16 14 85 61 15 69 38 26 11 23 11 6 12 45 72 23 47 79 65 21 58 7 95 63 94 24 13 55 90 43 71
55 94 41 64 73 42 32 25 99 6 86 31 13 65 80 81 90 20 19 61 67 77 40 72 35 99 23 7 46 77 47 53 42 73 96 33 40 98 79 29 78 19 9 9 61 94 69 94 94 28 74 70 16 60 3 47 32 58 17 3 34 6 64 96 19 70 75 52 23 89 21 68 82 90 69 41 96 25 89 86 77 9 66 55 21 1 86 80 85 79
82 94 55 91 11 82 85 90 3 28 45 22 52 71 5 62 75 30 70 32 68 9 19 3 71 97 86 44 80 27 13 89 33 58 60 30 10 1 8 16 10 33 19 69 25 69 18 65 50 11 50 7 60 48 77 15 38 36 97 31 66 80 23 84 1 100 38 25 88 24 10 70 66 54 63 74 63 85 38 7 38 24 20 85 45 64 51 84 91 80
98 87 21 85 49 76 38 56 60 39 63 78 28 42 18 5 18 8 21 36 100 68 2 47 69 24 96 80 11 68 73 30 67 17 98 13 53 19 63 22 38 56 25 69 44 89 52 78 4 56 18 31 81 38 80 94 3 44 59 22 20 95 55 27 40 16 47 17 63 73 21 16 68 97 11 19 21 12 19 40 23 27 61 93 59 55 4 81 54 46
51 95 59 16 37 63 50 65 43 8 92 55 24 83 43 79 4 79 99 3 82 40 25 5 45 75 38 90 69 7 43 16 56 40 10 80 61 13 89 78 43 97 64 96 47 81 91 9 62 11 28 4 29 97 47 75 15 86 52 42 42 22 46 54 10 62 47 49 51 38 20 9 25 48 72 91 77 2 20 15 42 79 82 46 51 99 34 6 26 17
51 38 77 21 100 26 75 71 18 78 62 63 33 83 6 6 9 74 48 56 77 93 36 56 63 42 1 70 75 25 8 59 32 77 76 99 39 7 7 68 98 38 30 83 97 37 16 37 31 84 73 9 22 64 42 88 98 41 5 25 73 69 94 30 43 26 89 69 47 32 41 87 49 69 34 54 51 20 53 22 100 27 58 46 83 44 27 35 3 2
30 15 58 39 93 39 80 78 15 30 7 40 41 65 94 20 28 32 2 89 84 47 44 67 11 73 69 94 46 61 41 37 25 35 3 23 94 40 98 9 23 4 97 16 46 65 64 93 5 16 97 38 36 10 97 63 20 38 16 37 65 64 38 30 16 78 80 15 34 91 65 66 76 49 40 90 91 100 95 81 50 48 10 82 41 45 40 64 56 49
81 30 25 18 49 6 40 50 63 3 10 11 95 94 48 90 30 32 74 27 13 70 27 68 61 58 17 62 10 83 76 53 62 14 26 38 76 31 7 21 86 76 85 97 56 76 17 32 64 49 16 25 26 37 13 29 4 85 64 69 32 41 69 44 100 23 33 100 64 63 67 65 56 47 57 11 48 11 33 95 1 22 71 74 83 16 6 5 16 41
39 40 10 37 51 97 19 31 30 3 97 8 86 68 49 64 12 93 89 11 45 1 68 99 100 50 45 81 8 39 29 98 43 40 5 56 55 51 75 34 98 99 60 65 39 46 75 1 34 51 74 19 57 10 80 17 51 72 79 97 47 88 90 96 71 71 31 81 76 2 69 58 57 42 100 36 20 13 37 41 53 95 87 39 44 20 67 85 3 84
80 59 74 98 71 38 93 22 50 74 34 47 60 44 15 83 54 25 73 35 18 21 25 46 2 29 1 1 65 31 51 59 17 97 44 5 58 53 4 61 24 31 66 67 1 44 9 93 52 21 33 4 78 79 3 57 82 4 28 22 1 46 90 78 6 34 45 65 98 93 18 24 44 71 89 45 64 56 84 5 39 29 29 66 81 71 37 35 46 81
79 83 98 27 55 96 46 92 91 3 48 51 90 89 3 82 69 60 55 70 28 38 46 54 91 9 60 100 6 24 10 14 37 58 45 25 100 83 87 92 22 39 13 46 41 77 6 68 23 77 64 85 53 19 93 19 41 98 67 71 72 80 31 79 2 66 86 49 10 57 52 83 46 40 94 60 51 63 85 11 77 24 58 73 68 90 10 86 80 95
50 13 15 94 75 81 96 24 1 13 14 81 80 20 35 60 27 47 67 2 60 43 78 60 46 21 8 73 83 11 24 59 67 31 9 58 93 6 71 11 59 67 90 96 20 78 2 99 38 96 54 10 37 81 73 34 15 91 82 14 59 17 71 6 64 25 69 55 96 43 59 19 43 57 60 6 35 55 42 52 32 59 47 89 69 98 24 2 26 63
9 52 28 94 54 43 75 15 94 18 10 85 45 55 20 13 37 78 13 18 87 59 58 90 74 15 6 70 33 96 66 18 8 51 90 46 72 40 72 78 9 83 85 77 96 15 20 32 10 24 97 14 48 12 11 87 70 80 7 68 7 79 62 68 11 3 57 92 74 61 66 17 78 23 53 24 67 39 24 70 13 61 34 92 16 21 90 54 90 19
59 12 52 94 24 64 63 63 82 36 50 40 37 36 25 81 69 70 29 97 93 39 71 68 64 28 5 80 82 23 42 66 4 18 88 58 92 92 51 31 25 62 85 34 84 78 8 6 6 62 37 69 63 45 40 35 97 29 91 53 86 82 98 11 65 63 43 20 80 67 53 95 24 74 98 89 6 59 16 45 77 60 7 59 39 22 15 55 53 47
26 85 7 52 96 26 91 85 45 76 92 18 37 93 58 98 11 50 74 58 79 92 71 47 14 74 32 89 71 61 92 64 41 63 84 43 55 37 27 48 71 63 82 14 76 36 29 66 16 7 98 52 94 55 97 92 27 91 6 45 19 45 43 87 66 72 85 15 45 23 19 25 80 7 30 27 38 26 34 53 89 72 9 88 31 9 98 61 85 36
14 18 83 83 85 78 81 34 26 84 97 61 76 93 80 33 19 87 50 16 45 67 14 59 25 39 49 24 53 58 11 28 54 46 1 45 27 76 95 11 58 14 52 40 13 58 56 51 62 49 90 55 30 93 52 100 82 38 63 50 8 33 43 16 16 21 62 5 76 92 16 79 15 80 99 10 75 83 47 37 59 15 89 64 91 83 67 26 42 23
63 83 88 28 89 3 88 49 6 49 72 85 67 3 80 81 83 14 82 26 66 77 57 90 55 39 22 20 25 92 28 77 4 45 39 48 16 34 73 92 62 68 70 10 7 8 15 91 89 94 10 59 56 18 83 86 30 65 15 30 46 53 36 15 54 98 78 43 100 84 20 94 73 42 41 38 54 29 10 97 50 4 38 64 22 93 16 77 100 88
95 26 93 59 7 43 7 34 85 26 35 41 74 64 79 21 49 97 67 9 42 85 86 18 11 5 20 45 46 37 26 86 94 21 88 48 43 100 11 46 78 40 27 52 10 38 37 1 23 50 53 95 41 73 17 75 61 28 5 43 46 41 55 95 40 21 56 91 57 2 36 35 13 68 73 31 56 48 41 25 52 54 1 57 90 69 96 46 25 13
93 12 13 52 84 90 93 7 59 16 85 21 85 59 100 83 63 24 48 85 22 15 13 34 62 30 10 46 97 18 70 12 54 51 43 28 4 47 86 80 86 85 3 57 51 1 86 80 73 1 69 57 1 2 30 53 97 77 95 66 8 7 61 69 14 14 24 26 96 67 32 99 45 86 44 19 14 21 54 16 80 29 79 13 20 85 29 15 4 14
95 98 90 17 45 14 76 21 83 30 42 7 2 55 38 8 63 56 45 91 78 57 49 34 25 74 8 19 54 94 77 88 51 72 87 3 89 90 56 97 4 41 57 40 36 12 74 85 82 90 89 80 15 18 23 13 46 33 25 99 72 87 13 84 43 98 17 82 96 90 98 96 84 34 3 81 84 21 92 54 49 81 30 20 96 21 84 72 72 94
27 71 41 65 31 94 90 62 63 48 92 88 80 12 64 8 53 4 95 66 86 28 74 74 73 71 20 86 49 2 91 23 18 86 87 85 14 14 42 75 19 29 88 2 61 81 75 23 14 1 60 100 58 14 46 78 20 61 90 2 11 32 15 34 46 41 68 43 67 70 90 39 4 18 96 56 9 22 9 56 60 70 5 2 21 97 45 34 64 16
76 54 95 6 24 71 78 83 3 21 27 75 96 24 99 76 80 90 91 50 49 86 60 57 67 53 54 5 69 26 62 67 81 46 47 87 70 55 24 69 31 70 7 92 49 13 8 32 28 65 19 95 43 94 79 25 93 47 48 82 15 3 88 61 97 89 24 14 53 59 83 79 99 95 58 6 17 6 81 87 33 95 50 66 84 13 54 25 79 49
84 78 39 87 96 68 6 25 98 28 79 31 24 34 54 33 58 25 77 6 55 61 58 56 48 91 37 96 32 73 57 2 8 35 96 2 90 76 78 25 11 99 61 80 59 79 87 22 66 83 35 49 40 35 98 91 79 68 10 25 33 56 71 42 55 66 35 85 37 79 16 81 9 62 94 54 99 16 25 46 57 56 99 5 30 73 4 46 35 83
84 26 21 38 34 31 14 54 79 83 48 27 56 38 31 76 63 90 91 81 82 18 84 29 42 71 71 50 27 55 36 40 21 86 88 34 20 46 93 72 79 28 87 21 42 68 60 54 75 13 50 88 87 56 59 80 88 40 45 56 2 53 32 26 50 25 67 54 31 65 75 26 98 27 62 54 28 39 65 99 92 76 25 40 8 20 37 48 54 80
23 36 97 95 74 58 4 9 21 80 93 60 13 74 88 32 36 100 11 1 39 93 84 80 98 80 33 44 100 8 82 48 45 85 51 83 4 52 17 34 65 6 54 64 10 73 12 73 93 64 50 15 69 49 56 30 99 52 23 73 52 33 88 32 76 6 57 57 91 7 58 12 75 68 29 98 43 25 40 24 98 17 4 94 75 38 4 96 37 25
38 69 16 17 8 9 8 66 1 57 99 77 26 44 22 3 7 19 27 38 79 50 37 55 34 36 33 45 39 93 43 49 33 34 68 36 75 45 87 31 68 30 15 6 89 59 35 82 28 57 78 97 26 40 64 59 39 36 35 56 80 95 16 11 30 82 32 68 100 55 52 66 95 11 89 1 60 74 16 9 73 2 96 90 75 92 79 94 66 21
62 39 55 38 38 53 62 68 20 99 16 27 46 86 51 93 31 12 34 46 71 97 72 57 79 52 69 40 11 82 7 88 56 32 81 31 34 67 23 87 27 79 62 50 81 51 37 75 56 10 85 95 78 21 39 73 68 45 30 46 98 73 6 27 76 34 19 93 56 36 4 10 89 94 36 82 33 82 67 67 18 32 27 24 19 57 98 82 2 93
12 41 51 30 83 74 17 97 62 20 67 97 79 94 32 24 25 41 99 13 35 81 42 86 67 57 42 86 87 94 4 69 84 21 46 67 56 1 97 18 86 34 4 1 51 22 89 88 32 8 95 87 43 59 18 45 54 94 93 25 90 57 68 88 6 62 76 48 64 47 76 62 82 29 6 9 7 66 100 70 57 50 1 11 7 70 11 86 89 35
56 29 87 60 93 88 48 40 8 90 41 95 49 40 60 77 10 90 81 38 95 59 63 49 27 46 83 34 34 62 56 80 49 2 99 68 27 25 85 67 40 23 15 91 73 95 34 46 34 46 84 52 42 78 82 56 20 70 54 44 31 68 88 23 37 46 18 70 62 70 98 50 77 95 24 19 37 82 66 52 3 28 80 37 19 2 61 64 56 65
23 13 65 29 85 31 20 21 77 57 77 7 24 64 4 66 86 95 38 99 34 8 13 80 1 70 78 87 55 46 57 91 78 9 82 85 7 83 15 6 17 54 31 72 88 65 60 26 82 5 42 20 52 70 73 66 31 96 10 51 80 18 29 91 20 13 59 59 74 46 87 94 80 70 16 97 89 100 54 91 8 9 65 39 10 95 53 91 8 51
58 81 76 49 93 54 92 76 29 88 11 24 57 11 43 77 50 66 87 29 38 22 14 61 38 45 58 68 31 72 12 6 10 1 45 17 75 5 18 15 93 76 43 79 1 58 86 27 87 33 81 42 72 7 89 24 23 33 40 25 72 70 5 89 87 71 30 52 3 7 5 92 82 92 61 61 28 78 46 8 15 5 57 77 18 33 37 82 91 19
77 25 7 53 58 44 46 53 95 57 45 17 58 50 3 43 16 33 46 3 88 60 33 84 59 41 9 68 63 17 65 35 52 90 86 86 74 11 37 65 85 69 24 90 100 69 56 66 59 33 53 83 15 93 5 93 59 79 34 60 83 30 54 66 96 95 54 43 78 86 19 51 35 15 55 10 77 32 50 97 75 7 57 84 96 19 62 9 59 80
21 17 14 44 75 89 94 11 87 47 45 88 31 65 10 9 4 50 66 42 76 43 55 3 95 93 71 19 12 30 81 64 77 10 37 80 27 5 50 62 99 24 10 25 26 32 65 77 40 2 29 48 26 47 90 66 7 1 96 66 20 31 73 28 17 36 54 98 18 92 8 17 15 72 77 85 65 55 92 12 71 15 25 89 18 98 97 100 62 29
65 57 42 76 77 18 66 46 24 89 60 87 92 56 48 6 16 20 65 40 72 54 20 54 79 78 48 18 34 67 21 26 82 43 13 30 64 14 61 92 18 5 15 68 81 12 21 61 98 59 20 17 42 71 61 28 100 82 1 3 17 5 21 89 57 80 75 14 61 60 24 27 84 82 47 72 52 100 82 68 79 9 98 84 1 72 58 72 5 60
42 65 63 3 9 55 75 66 74 70 21 37 83 4 16 54 35 64 86 97 40 80 30 11 56 52 63 48 69 56 45 13 98 53 31 17 79 75 84 60 82 90 18 73 69 88 60 62 93 12 97 17 38 6 27 71 59 18 83 38 7 79 73 77 39 53 81 56 60 81 85 93 17 94 7 18 94 88 78 46 25 42 13 62 21 15 75 42 9 91
14 10 86 83 47 56 35 12 79 18 6 31 63 41 43 26 66 12 25 63 55 91 28 86 76 59 57 80 8 13 35 11 78 79 13 91 58 56 65 92 33 52 79 50 88 18 94 57 33 96 33 94 8 93 88 42 92 49 16 20 69 81 22 88 10 80 80 52 78 70 37 43 78 36 41 27 66 13 61 1 22 72 60 6 38 73 19 72 58 2
92 37 59 83 61 54 24 14 21 4 69 15 94 60 13 5 59 99 89 40 62 7 16 42 53 68 26 100 26 30 41 47 73 74 49 100 19 20 62 52 75 27 97 22 56 42 28 84 88 54 77 96 62 12 17 84 30 57 66 23 82 97 20 70 5 80 80 70 83 25 45 61 87 54 34 28 3 26 26 68 74 46 83 100 84 29 37 81 62 62
21 94 44 47 19 63 45 13 99 67 17 78 34 36 93 91 97 30 90 78 79 34 83 73 93 37 3 31 88 79 3 43 55 53 54 51 1 21 94 93 8 91 83 28 36 70 75 13 53 55 68 77 37 41 100 85 51 43 92 100 59 80 55 10 100 75 1 15 74 59 80 79 83 73 11 84 48 32 98 6 25 57 4 4 16 85 78 76 88 11
2 26 17 79 16 54 29 84 47 64 26 18 84 21 85 59 38 28 86 63 92 63 71 94 62 96 42 74 96 8 57 93 33 29 91 62 15 100 25 27 54 90 78 76 33 54 90 12 23 97 46 33 74 8 92 9 75 73 50 86 28 99 13 84 4 95 17 24 47 30 75 72 88 38 96 20 85 92 89 43 69 94 78 50 26 62 92 85 8 32
41 84 100 86 48 45 33 88 61 11 36 24 78 15 29 17 60 36 95 28 32 24 80 53 79 64 79 78 8 34 54 25 84 65 37 10 57 85 85 71 99 65 12 26 30 81 34 40 68 36 4 44 81 63 49 13 2 3 68 68 3 37 92 37 69 6 79 60 42 53 32 94 84 50 35 68 28 70 60 77 47 96 17 93 44 16 39 26 13 47
79 5 82 48 15 34 52 2 96 95 7 49 50 96 10 53 80 83 12 45 55 39 30 99 69 55 66 94 38 32 20 71 24 84 22 79 77 66 41 50 60 25 29 21 4 89 69 23 77 39 52 67 27 82 96 13 56 49 1 15 5 85 45 90 33 50 98 52 10 42 12 80 67 4 27 40 33 20 16 6 29 7 76 42 94 14 38 16 21 4
78 79 80 8 41 86 27 51 83 83 71 71 52 36 44 26 19 34 63 51 3 34 79 22 53 13 5 10 73 94 14 51 1 27 41 22 15 90 10 80 33 94 45 19 87 18 16 2 59 30 22 64 83 80 74 22 89 75 55 30 73 17 61 43 14 13 89 35 19 11 91 3 62 59 94 90 87 82 43 10 18 30 54 53 3 62 21 98 15 82
82 18 7 29 82 55 4 84 28 52 5 5 5 50 59 47 57 27 54 12 29 64 30 36 68 12 33 94 100 55 44 65 49 16 78 62 11 67 71 59 72 61 61 22 36 25 95 84 15 4 21 83 63 88 81 46 6 57 99 83 23 85 69 55 95 19 95 100 83 94 10 41 87 79 83 30 72 43 85 96 15 37 89 17 25 19 11 50 19 12
52 68 64 30 25 37 5 29 68 97 71 97 96 99 26 97 95 8 44 76 46 12 25 48 29 7 70 26 60 39 38 42 97 32 97 98 20 67 11 25 7 38 60 76 45 64 15 80 7 8 68 32 94 3 37 30 6 1 31 58 76 67 42 63 49 60 59 32 3 37 83 23 51 42 98 98 62 30 55 14 20 93 4 33 65 98 6 6 50 12
16 32 69 51 42 63 3 81 57 12 98 61 90 33 21 84 68 82 36 29 95 24 60 91 57 2 28 3 33 23 37 88 26 55 10 71 21 43 57 14 48 80 95 90 94 18 22 74 24 18 53 1 9 48 31 22 12 92 74 49 52 45 9 77 82 47 62 10 25 65 87 58 47 88 73 44 55 83 24 13 39 53 91 73 41 29 57 61 90 83
57 20 76 41 86 14 95 5 67 88 25 67 31 90 66 17 54 56 40 58 24 53 70 5 92 3 72 88 14 51 25 19 74 18 33 27 76 72 54 67 81 18 83 84 93 73 52 65 87 12 91 91 41 97 3 41 9 67 91 8 30 24 24 81 43 8 23 68 72 9 22 4 79 49 74 47 80 62 21 7 4 20 16 94 41 27 76 60 50 56
3 35 37 76 7 35 94 99 16 37 84 83 28 5 95 35 85 26 41 41 61 1 59 16 94 40 69 68 36 47 58 9 29 89 59 73 35 20 79 74 76 72 21 51 72 47 41 48 97 85 8 62 91 84 93 31 25 55 14 72 59 22 87 16 43 43 73 94 72 38 31 88 31 76 92 84 48 86 31 74 55 86 61 83 82 34 67 33 55 80
58 77 26 55 56 21 7 71 64 7 69 30 37 13 45 98 47 73 47 61 59 69 19 83 60 18 36 34 71 15 70 96 55 39 29 94 38 46 45 97 5 60 4 31 24 41 90 59 64 59 40 18 53 44 7 61 53 31 77 51 28 75 98 64 31 8 19 19 3 1 2 81 100 55 42 100 7 84 19 27 86 32 60 38 57 81 96 97 56 90
29 40 96 14 20 32 19 60 63 92 1 2 33 44 85 4 47 41 8 15 37 99 63 43 95 94 75 93 5 16 42 81 34 29 46 51 29 43 38 94 34 80 23 48 2 65 76 12 53 24 23 44 22 42 3 34 24 52 69 14 21 38 28 24 15 81 20 68 67 45 58 100 67 69 22 51 6 95 17 75 56 97 97 15 7 28 42 85 35 69
4 79 42 34 84 38 83 41 11 98 21 12 11 12 54 99 88 77 17 25 76 82 19 94 53 94 42 94 72 29 17 100 14 48 98 45 48 64 15 17 52 61 2 88 56 71 33 48 20 57 26 30 67 52 92 31 44 73 54 32 36 70 74 45 5 69 45 74 28 5 45 9 22 9 54 62 54 30 36 39 9 18 80 58 48 77 25 58 36 26
84 80 92 74 68 60 28 9 40 24 27 90 27 6 17 96 35 15 33 96 5 36 73 62 96 94 43 92 23 52 46 84 10 77 9 51 8 52 6 54 68 45 62 52 85 98 82 29 27 2 39 44 16 90 100 21 93 24 7 1 7 37 70 48 31 77 99 33 50 38 77 87 5 20 93 9 92 39 61 15 12 86 74 6 20 3 43 11 46 21
37 54 40 15 70 26 98 92 19 53 38 55 13 95 58 41 83 95 2 21 67 49 87 59 62 36 79 95 18 62 4 68 59 18 56 67 99 71 47 78 8 41 38 42 23 42 82 49 80 38 23 4 58 72 47 74 64 45 66 88 75 86 76 9 66 40 71 5 97 25 71 57 17 9 24 17 37 5 20 27 93 92 10 54 3 5 64 8 7 67
8 62 93 81 17 53 2 24 100 47 70 9 44 25 23 15 28 61 91 47 58 20 59 97 3 21 87 33 93 96 68 57 94 46 56 93 82 36 66 55 90 53 11 59 8 14 62 73 31 83 32 29 21 20 85 42 78 2 6 81 73 2 51 55 4 49 78 88 75 11 67 94 29 10 33 1 6 89 57 37 37 73 56 53 77 60 48 96 13 56
85 87 66 8 36 61 48 4 74 88 70 59 36 74 24 70 55 42 36 6 85 87 69 47 21 100 21 13 17 29 72 24 1 21 82 9 72 1 46 5 56 60 17 51 63 76 43 29 59 29 63 24 55 21 82 22 86 49 18 2 70 79 85 59 67 75 95 21 57 17 88 85 31 28 44 24 100 57 70 96 22 31 83 37 94 41 7 80 52 75
32 85 96 12 21 49 41 71 14 45 78 80 70 15 76 34 47 72 2 82 24 75 15 78 53 4 67 75 64 34 97 10 24 26 39 34 33 88 53 38 2 94 9 20 95 90 37 14 93 50 15 37 14 90 43 55 79 87 2 75 48 37 100 45 12 91 15 74 59 26 85 95 66 45 85 10 99 14 17 18 73 92 53 96 54 36 10 92 22 25
4 43 61 54 14 76 38 84 14 56 73 69 62 38 50 85 90 17 93 53 15 34 75 67 45 10 64 13 59 8 91 25 90 18 47 94 58 28 9 77 70 31 15 21 76 21 4 45 68 48 68 68 50 35 95 44 9 50 22 32 25 59 72 72 37 88 40 68 87 92 36 28 70 88 31 14 11 9 75 73 53 94 31 3 78 37 26 13 83 45
1 76 5 46 93 30 39 54 49 29 86 99 18 19 18 58 75 15 41 40 61 47 19 76 27 1 39 5 30 88 62 18 1 3 34 10 98 44 52 51 81 63 25 81 17 99 43 21 7 28 31 65 92 96 96 94 15 90 42 66 67 40 44 97 22 95 99 29 15 12 31 67 56 70 77 6 27 76 12 67 47 75 38 23 46 90 11 66 46 94
12 24 36 14 91 15 68 51 69 17 47 64 57 62 41 62 66 17 26 47 71 12 22 23 78 28 19 37 49 56 78 61 67 88 37 92 42 28 6 16 96 97 68 95 51 24 12 96 38 45 46 74 11 83 88 24 95 5 17 93 50 99 81 8 31 37 23 9 37 17 58 29 31 60 90 62 58 91 90 83 94 22 32 65 80 6 74 88 40 20
18 43 6 88 65 66 46 25 89 68 57 2 79 20 69 95 84 15 10 96 31 40 3 37 30 89 59 96 88 100 81 34 84 48 57 79 52 56 10 25 48 76 38 54 100 44 68 51 78 13 52 74 15 8 61 66 23 60 20 11 69 37 65 20 5 13 92 22 41 74 31 7 16 63 37 98 46 22 28 1 86 35 41 21 84 12 83 57 54 95
51 16 90 53 77 43 97 13 5 83 30 6 10 49 36 90 53 42 56 48 65 79 5 81 8 75 54 94 50 43 26 74 58 15 77 17 27 84 60 98 91 76 14 30 65 10 1 34 85 52 92 31 18 73 33 48 64 55 94 16 83 33 87 55 70 86 85 1 62 46 9 81 32 95 27 69 25 8 10 1 69 69 16 91 75 26 78 8 7 9
81 24 48 89 64 89 18 34 78 79 54 82 51 72 99 52 45 19 49 14 65 61 45 77 100 8 22 72 56 1 26 56 63 3 1 64 68 97 45 56 8 43 10 78 51 12 11 7 57 99 26 14 10 76 8 2 20 80 18 71 100 42 40 40 18 8 43 7 34 62 24 100 6 57 74 36 42 79 49 36 10 15 11 35 90 3 44 32 100 44
96 31 52 60 45 19 17 28 96 35 3 94 95 41 16 32 31 47 67 87 75 55 55 41 34 1 42 32 75 15 6 31 59 63 91 48 63 83 24 59 54 71 56 18 4 34 34 79 32 67 57 66 44 44 94 49 83 41 84 50 40 9 77 45 20 58 2 59 96 98 70 58 41 71 11 56 36 13 26 65 46 12 54 19 22 37 74 31 56 59
55 58 20 54 94 53 55 90 14 56 86 45 74 1 30 86 94 29 31 4 38 98 24 35 79 17 80 94 85 74 76 78 21 65 31 54 39 13 75 26 82 37 14 96 75 19 71 49 48 68 51 79 38 69 32 57 39 86 98 63 60 25 84 66 85 80 26 78 22 96 71 4 85 60 18 73 36 87 79 65 3 52 32 6 46 27 16 39 28 71
67 48 80 81 63 3 51 86 5 60 92 55 72 100 30 19 85 24 67 79 76 63 96 50 38 51 84 65 45 58 20 35 43 70 65 28 86 93 44 67 32 58 62 13 56 32 36 77 74 55 91 45 92 49 48 76 34 71 98 75 59 99 12 31 85 2 18 11 65 63 56 63 51 78 69 73 97 20 57 21 21 41 83 25 86 58 13 79 2 50
42 100 72 70 47 20 74 29 9 78 51 33 76 44 23 40 66 28 23 90 10 92 14 94 77 38 71 2 90 63 62 83 58 10 96 71 6 28 75 52 80 52 10 95 94 40 37 92 44 78 86 26 78 94 60 42 39 48 63 16 27 48 24 40 59 34 20 63 32 83 44 20 95 83 78 24 64 85 65 65 21 28 88 2 51 68 93 71 61 84
22 23 43 32 84 94 28 95 77 67 94 51 79 65 47 71 91 94 34 45 90 68 85 47 33 77 43 42 100 56 72 49 26 53 69 50 26 53 73 26 12 2 28 79 28 45 36 38 58 70 76 70 63 31 59 46 50 79 21 66 44 99 9 60 59 31 38 73 5 15 13 92 5 10 13 33 51 41 49 66 72 51 52 62 84 10 92 96 81 39
16 94 73 78 19 79 23 48 58 67 53 68 97 86 15 89 15 23 73 59 52 76 36 4 72 21 51 77 74 16 38 63 31 27 37 8 76 40 91 30 51 85 66 30 17 9 89 4 43 8 79 44 46 92 50 5 9 34 94 63 23 69 73 23 76 84 65 42 57 89 70 58 5 20 100 88 5 96 71 78 69 82 61 39 8 77 17 25 56 49
83 45 29 6 72 87 24 67 95 30 15 71 69 45 50 41 22 65 88 96 63 54 71 4 75 14 56 89 58 66 74 49 67 88 7 49 63 14 47 18 36 4 77 86 50 35 89 74 37 1 56 89 82 45 66 83 82 60 78 27 74 30 44 77 57 93 64 13 95 46 95 75 52 83 94 40 100 47 37 7 96 48 48 94 42 35 68 35 78 39
63 92 68 69 54 20 98 56 65 26 38 91 2 70 88 90 83 93 43 33 64 64 93 69 24 50 45 95 11 67 46 25 12 30 41 38 84 22 91 35 63 65 38 64 55 99 38 65 3 37 18 64 17 48 70 33 16 44 39 2 71 43 96 74 75 77 55 15 15 52 70 8 11 37 84 16 95 11 11 69 72 99 70 71 14 10 13 40 19 79
2 2 12 41 38 88 9 28 55 26 91 61 6 36 22 70 24 42 31 17 15 41 87 77 80 42 5 71 78 42 63 54 86 9 50 73 32 98 91 26 34 65 92 39 96 66 32 15 75 43 35 4 64 3 7 36 53 88 32 68 79 20 87 89 3 77 90 49 47 43 70 35 57 4 47 27 82 27 42 37 2 82 89 80 89 79 37 78 34 21
95 20 40 49 32 83 30 79 41 67 19 82 92 60 9 1 77 59 82 33 92 94 54 3 12 42 96 43 13 6 6 3 5 52 18 88 76 16 28 25 63 56 74 58 45 93 70 78 12 20 80 23 7 64 3 18 40 37 75 59 3 75 13 99 66 20 57 24 19 3 61 5 72 44 70 62 83 84 1 32 81 28 46 68 62 24 31 48 49 56
33 53 41 27 57 77 4 51 49 30 10 75 80 74 69 41 67 85 96 33 59 83 95 31 32 74 86 79 61 100 37 77 4 32 60 8 39 18 65 93 39 61 50 10 61 91 91 85 33 86 79 93 2 28 85 50 36 9 3 81 9 52 30 5 3 64 40 4 56 86 19 69 64 96 89 43 6 61 85 13 6 38 44 64 35 71 63 97 47 11
58 52 7 27 84 96 45 39 93 100 78 46 59 29 42 83 70 88 85 41 78 70 13 90 36 79 13 89 20 88 42 85 15 3 68 9 95 5 94 22 23 45 90 39 18 92 61 63 14 34 83 91 75 4 100 84 5 21 9 15 1 67 43 52 80 54 98 70 97 24 14 7 3 90 64 40 83 67 91 33 39 85 91 74 61 48 40 69 55 73
47 49 2 76 86 19 54 8 40 67 74 35 29 94 37 76 90 92 6 50 85 94 36 30 65 60 84 83 31 38 79 80 95 7 90 58 75 96 17 11 45 15 75 23 54 7 47 26 16 28 100 70 29 96 5 44 96 40 92 83 49 46 25 78 62 96 57 42 3 98 86 51 37 10 21 69 100 60 88 39 74 78 18 100 65 10 52 28 51 74
20 74 41 5 71 73 60 88 25 76 95 16 9 34 9 8 76 87 69 95 29 59 31 74 55 85 53 16 66 95 59 92 71 75 56 87 48 91 99 83 68 60 71 31 21 66 30 61 96 42 37 99 21 35 17 88 75 39 58 18 64 49 43 33 66 24 40 53 22 17 52 82 48 28 65 27 92 94 34 14 47 84 24 79 79 1 36 76 24 82
47 34 86 84 47 7 43 45 23 67 4 76 27 11 31 47 46 47 98 53 14 10 74 40 20 23 14 4 67 92 58 25 71 42 10 75 48 28 12 76 2 35 82 56 57 91 6 69 2 97 96 16 36 33 79 91 77 80 36 49 48 87 25 95 55 74 89 24 50 15 8 7 57 44 76 10 29 23 42 12 67 6 40 20 28 55 14 99 95 67
7 57 39 32 12 90 28 94 77 85 70 32 74 50 16 46 29 63 54 99 48 20 56 37 30 44 50 57 29 56 69 58 42 34 5 95 40 83 20 39 91 79 74 45 62 74 25 3 44 45 74 56 87 16 19 92 51 91 60 87 83 7 76 6 18 85 94 7 58 56 33 73 52 61 80 74 18 40 89 98 61 29 76 40 10 35 66 19 50 67
73 68 65 68 33 48 20 99 70 7 51 22 49 79 37 63 91 76 94 90 7 83 91 4 11 37 31 53 15 72 84 67 100 31 76 81 64 62 85 7 90 76 88 18 52 48 45 91 6 91 75 64 1 41 41 46 67 38 59 10 39 69 58 71 61 68 79 24 45 43 75 25 23 72 28 74 39 47 22 66 73 42 78 100 88 5 13 33 100 29
98 82 19 94 23 72 83 96 49 14 90 50 7 27 3 24 65 16 41 61 96 69 78 26 63 82 21 86 56 92 12 96 44 37 16 42 68 43 87 73 47 4 14 4 17 38 66 13 21 19 2 15 34 96 17 89 7 95 31 53 67 61 36 92 86 61 28 58 37 29 61 88 65 3 71 72 38 59 92 15 99 43 97 37 29 40 71 65 48 69
60 97 14 86 95 15 27 63 70 89 24 65 78 1 53 46 28 65 20 36 41 95 85 64 13 99 54 65 57 87 50 23 35 26 61 36 38 27 51 20 61 32 19 53 15 15 85 58 52 50 94 75 43 65 68 68 88 20 86 5 44 100 26 72 21 37 66 79 45 98 9 33 40 24 73 76 5 68 55 32 17 37 15 65 18 43 92 88 72 94
50 63 93 82 80 6 7 51 92 26 54 27 68 27 82 64 17 21 4 54 29 32 47 65 75 69 89 20 66 9 91 80 98 30 34 52 35 65 34 50 72 69 31 12 32 29 28 22 22 98 11 44 57 96 77 5 78 15 40 42 81 93 85 62 27 50 92 17 96 52 60 66 13 71 18 76 21 7 50 22 82 99 86 1 71 58 31 44 80 35
97 16 24 73 23 81 40 68 84 39 51 33 25 22 66 13 34 50 78 21 11 2 64 35 81 16 28 57 84 48 41 51 32 42 45 87 93 86 67 68 72 41 32 36 97 72 16 23 91 8 49 58 21 24 53 84 92 95 17 14 30 36 75 2 86 58 66 15 66 86 74 81 69 25 82 13 44 9 90 21 24 13 34 11 72 88 4 61 11 97
76 66 28 19 60 38 82 94 35 35 8 36 3 71 79 18 100 54 47 59 29 13 94 4 40 77 17 66 52 84 89 38 40 22 28 90 52 6 92 10 91 14 35 53 25 68 68 68 88 20 47 12 35 69 51 54 27 1 6 85 92 81 76 82 31 59 78 75 1 44 54 98 93 89 18 6 77 70 70 91 1 22 81 18 20 51 71 5 75 26
96 75 26 71 24 43 44 40 31 41 56 77 55 93 24 72 60 78 27 5 15 43 71 84 21 14 57 71 36 71 42 50 75 32 23 65 14 85 63 35 67 50 29 3 26 15 1 88 50 16 61 35 21 19 31 68 67 25 83 46 17 86 18 68 91 66 86 4 9 5 19 98 56 68 97 43 39 23 10 50 55 37 51 19 80 73 14 58 49 88
100 22 45 46 66 71 44 71 77 46 89 86 62 15 75 41 36 82 11 81 37 60 61 64 90 41 66 34 1 88 86 35 76 99 47 89 76 36 47 60 87 55 72 98 48 33 53 21 90 4 22 38 9 7 16 14 25 21 34 18 45 42 52 77 21 15 53 76 83 96 71 26 45 79 33 62 58 4 26 37 23 54 75 89 82 10 19 32 60 19
48 78 46 85 96 17 44 18 89 92 71 32 75 17 73 56 16 88 32 58 40 4 76 56 27 45 80 33 88 51 21 30 74 76 72 85 44 83 96 27 55 88 81 12 21 59 69 28 82 70 5 42 76 13 81 85 9 20 85 2 20 1 8 83 19 14 83 82 12 3 36 63 31 23 97 1 10 33 83 53 71 59 24 72 15 22 83 63 73 31
27 93 38 15 50 49 23 6 18 100 17 61 26 98 29 74 58 13 24 2 53 91 25 55 69 91 13 43 33 7 8 48 4 84 91 36 3 83 42 18 73 57 59 59 62 18 13 86 60 10 38 92 56 41 54 58 72 84 70 22 29 80 6 1 20 39 71 38 87 4 71 36 78 30 51 16 45 7 1 61 48 77 65 24 48 54 77 93 1 52
57 57 45 34 31 91 59 70 15 71 78 2 74 98 91 43 63 85 13 89 76 74 58 12 39 29 59 24 4 26 37 48 100 30 58 55 23 56 65 95 1 72 84 34 59 27 64 81 49 54 14 55 26 69 74 44 55 18 17 6 34 60 19 6 95 77 99 78 81 24 13 28 100 3 26 55 47 65 10 75 13 98 34 10 13 94 93 53 53 94
68 81 25 74 3 35 94 35 6 17 48 63 59 32 29 78 21 33 58 38 55 6 1 46 14 100 93 20 3 94 46 71 76 100 77 6 59 55 52 56 38 84 83 98 16 33 27 81 2 1 36 47 45 62 92 61 2 51 98 100 30 46 16 2 10 11 23 11 73 36 71 52 43 74 90 18 60 79 11 91 45 60 13 61 17 56 79 58 18 36
25 55 22 26 27 11 69 9 17 53 87 47 7 73 97 84 50 39 67 25 98 21 100 46 61 81 21 43 72 9 97 62 93 14 33 45 3 41 87 73 17 58 55 7 31 80 53 55 45 21 55 86 31 1 38 54 66 91 59 84 82 85 58 53 3 56 60 100 91 24 77 44 98 89 29 9 75 45 25 95 42 3 85 98 35 43 13 17 44 74
74 29 24 48 21 89 46 46 20 38 42 96 80 68 31 40 77 22 95 1 79 82 18 59 22 58 38 42 62 62 82 86 25 93 42 11 7 37 44 55 95 15 11 90 19 12 69 85 52 45 61 25 1 43 89 98 9 46 80 72 57 29 65 13 54 86 37 99 69 63 79 36 29 26 85 31 97 73 27 39 13 86 23 78 39 95 4 42 13 62
24 48 47 94 35 18 1 43 44 65 36 64 71 28 76 96 73 75 33 41 73 29 35 71 45 87 46 95 60 77 62 51 57 41 33 80 58 74 2 21 59 37 87 17 21 43 10 58 12 81 45 31 91 20 71 20 37 7 73 67 58 9 10 98 67 22 83 14 66 12 10 12 22 25 4 89 68 48 82 85 61 80 42 93 34 57 24 57 55 38
33 33 17 36 14 45 16 100 7 53 64 96 74 60 13 64 13 77 84 22 72 68 62 84 84 46 83 23 99 87 13 87 84 32 79 92 89 77 47 80 31 93 77 50 14 67 3 6 36 29 49 77 5 83 18 81 17 21 93 28 6 8 43 78 84 11 27 2 76 67 45 98 29 16 47 13 6 50 64 6 30 92 17 41 68 49 66 50 70 76
39 90 52 33 7 37 84 48 39 86 31 91 46 61 6 23 15 50 44 13 80 42 54 83 28 61 9 23 9 3 25 86 67 6 33 97 55 32 18 84 14 7 80 27 41 32 82 98 22 17 37 31 2 15 52 29 55 52 49 78 87 93 15 97 39 20 75 78 93 84 99 29 30 97 95 25 100 23 63 64 57 16 56 75 70 71 23 11 22 38
28 70 13 77 32 89 5 36 20 22 50 4 54 54 96 100 7 93 88 3 30 69 95 1 90 34 18 92 3 35 35 58 37 52 19 93 49 48 46 33 10 90 70 40 23 14 50 94 100 16 28 30 14 95 72 98 14 76 21 30 63 7 25 87 54 50 73 45 97 62 35 85 100 88 28 16 15 91 45 54 52 72 91 88 15 89 60 17 12 64
79 38 45 37 70 30 50 18 92 60 66 69 79 43 87 59 7 2 56 55 4 28 43 2 8 95 57 23 57 38 47 60 72 33 75 74 73 10 55 11 61 43 26 94 10 51 40 38 19 46 37 84 53 90 96 60 11 72 74 41 31 39 66 18 28 70 100 76 78 26 60 84 99 94 37 5 69 88 95 89 73 93 88 26 42 89 65 71 63 26
46 61 85 20 82 55 59 64 24 91 64 33 68 69 68 98 89 86 55 41 97 78 92 69 4 4 16 4 98 85 12 96 72 54 77 53 76 99 8 11 21 70 99 65 98 35 11 45 91 72 81 5 61 12 36 10 49 60 84 25 74 30 84 39 11 65 50 84 45 92 56 94 22 89 56 74 26 71 78 90 35 78 36 75 15 39 54 96 93 99
91 15 2 66 15 49 53 24 41 93 17 19 44 29 29 39 79 44 37 89 91 95 68 67 47 70 24 46 99 12 26 35 51 86 92 17 85 15 3 38 16 91 16 57 71 90 44 48 14 95 62 53 74 1 26 60 67 51 86 77 77 79 56 33 54 99 69 29 8 96 97 18 47 26 89 14 83 81 64 89 67 46 75 47 25 77 99 75 15 35
98 5 96 9 59 28 98 22 57 34 58 39 87 55 19 55 42 74 38 9 34 47 3 84 81 68 85 10 78 12 24 15 63 52 35 47 71 43 13 26 49 40 29 58 35 72 68 37 7 19 9 2 68 1 80 9 98 44 5 98 74 40 63 51 90 11 87 53 59 39 14 10 78 4 22 80 4 52 47 62 74 22 61 49 64 50 29 90 78 47
56 93 68 33 13 69 46 39 13 97 86 51 32 31 38 81 93 34 41 35 93 11 37 14 30 84 95 29 98 78 56 7 75 62 36 33 15 2 17 44 16 45 91 8 25 79 86 44 35 26 83 99 18 32 37 93 3 31 35 10 85 79 20 71 61 53 79 20 60 100 53 63 36 2 57 98 31 61 10 46 87 6 8 65 43 65 76 16 45 77
73 9 29 5 44 18 69 9 20 37 29 70 65 61 38 68 83 78 62 81 26 10 10 46 6 20 59 43 79 90 79 45 78 49 82 43 42 4 98 36 19 26 49 15 92 76 35 12 19 8 31 1 25 100 84 98 7 51 54 89 67 55 26 34 67 66 73 5 63 99 47 88 44 74 44 14 13 63 11 97 54 2 38 11 84 60 97 8 43 4
45 24 57 40 40 56 55 1 5 83 41 70 35 89 97 72 84 91 54 47 17 77 7 56 35 64 7 71 5 16 57 98 100 69 61 2 45 30 82 80 59 5 6 98 26 39 91 25 22 24 15 7 56 91 69 19 59 61 31 60 96 96 79 7 40 96 72 15 61 93 69 44 16 6 58 56 69 67 95 50 76 34 17 59 16 29 78 19 9 84
14 80 91 64 50 93 80 76 48 25 30 49 62 29 100 36 21 73 83 26 51 44 83 29 38 20 55 97 51 19 69 54 26 17 61 64 7 9 60 46 21 37 43 58 88 64 63 75 91 10 16 38 54 64 40 6 92 67 69 34 93 65 63 97 91 18 40 22 26 4 90 68 3 49 51 38 96 55 42 62 20 38 95 87 76 57 87 76 49 61
64 76 5 10 99 8 54 43 73 55 94 8 63 34 42 23 79 87 38 33 99 63 80 20 58 64 98 52 70 22 52 43 59 48 44 38 64 68 14 58 19 53 98 47 4 85 49 46 49 17 96 39 100 49 73 44 47 55 99 63 59 24 74 34 76 33 97 30 66 55 65 80 64 22 26 31 66 21 65 14 32 85 63 30 31 41 50 94 8 47
51 17 63 2 25 44 68 98 88 30 12 88 2 74 14 34 34 28 72 51 33 95 50 97 53 1 27 45 20 85 22 73 14 91 75 69 41 46 45 88 22 29 33 82 24 72 96 59 84 43 71 77 71 66 80 68 3 99 72 30 12 81 5 35 52 86 93 59 67 2 88 48 23 81 43 48 37 39 15 26 59 37 40 57 93 33 5 47 88 25
100 99 49 59 54 75 19 87 89 91 74 83 87 25 87 18 55 9 54 27 3 84 19 49 44 34 23 24 67 89 43 56 42 23 33 45 67 9 72 16 62 71 68 64 85 34 35 98 90 36 23 78 12 71 32 59 36 80 67 22 43 46 60 77 37 61 36 93 73 17 88 85 9 10 21 6 94 95 54 47 40 51 98 57 84 93 57 75 67 49
93 79 87 44 51 59 91 16 15 72 80 75 19 79 23 17 80 10 6 57 16 32 3 85 80 47 14 56 73 30 48 20 60 99 80 69 19 1 82 51 78 8 39 77 68 75 67 87 68 84 37 1 47 50 86 32 52 29 91 15 82 84 37 43 3 51 63 70 59 71 85 25 19 77 70 31 36 62 90 41 33 24 100 5 83 5 54 48 100 11
75 23 4 89 40 35 4 26 88 87 52 61 59 35 85 12 1 14 69 67 95 16 87 97 23 32 60 30 42 96 6 88 40 19 10 45 93 40 56 3 13 68 34 30 76 64 29 7 67 87 73 5 48 92 89 73 91 65 45 9 87 52 45 53 6 29 59 71 96 9 51 17 35 69 54 47 85 78 85 3 7 75 49 18 100 48 13 63 35 62
18 63 48 83 3 57 12 26 82 66 97 50 91 61 71 44 97 32 76 50 32 11 81 13 10 43 16 81 86 26 48 63 34 96 17 78 6 25 47 16 9 56 11 21 83 7 67 27 68 51 62 60 81 15 15 13 51 20 13 62 71 14 13 47 76 62 100 33 82 14 85 93 97 95 8 28 8 18 53 87 62 85 83 51 29 68 8 67 56 54
97 44 99 59 76 70 48 41 40 57 47 97 53 10 70 24 30 62 41 47 98 87 39 34 12 62 94 34 99 13 24 85 40 9 46 2 26 34 83 10 26 23 10 92 8 10 79 40 64 52 84 65 15 43 90 79 15 26 30 6 81 51 87 6 92 71 10 92 71 21 49 91 28 20 2 12 82 69 69 80 25 32 41 95 16 74 82 27 47 94
24 31 64 57 15 40 41 44 98 64 10 86 65 2 67 63 62 81 5 38 100 8 8 82 60 48 65 72 37 49 61 74 27 44 40 6 21 7 43 20 55 8 61 27 21 39 70 17 87 83 39 59 44 93 71 54 13 5 38 55 84 30 31 90 92 7 95 83 29 53 21 21 82 57 73 14 6 52 92 51 19 95 53 80 34 28 60 15 18 85
46 42 23 97 99 91 63 40 47 61 10 16 26 57 30 5 9 38 89 81 1 82 84 82 10 91 15 74 21 43 89 48 69 72 78 12 92 72 54 60 39 43 97 8 94 49 24 44 74 50 21 8 4 61 80 58 12 19 66 10 19 62 35 39 71 95 51 17 74 69 22 93 34 49 71 98 63 100 8 21 52 73 51 31 43 83 2 4 36 61
11 96 33 77 21 34 64 87 84 43 62 47 62 25 61 28 75 59 89 60 75 66 75 64 68 68 38 4 90 83 28 61 66 41 19 34 21 42 3 32 82 76 16 59 30 23 10 4 14 10 70 38 80 51 58 76 60 59 52 49 9 87 38 17 64 46 14 73 51 98 25 13 76 19 100 59 76 68 86 51 89 33 80 51 86 4 35 84 76 41
35 14 23 89 4 50 12 47 96 74 86 61 35 28 11 40 81 49 50 28 26 46 98 56 86 59 3 11 93 76 58 43 29 21 17 78 49 7 61 4 86 64 23 81 19 100 59 11 17 56 27 67 51 66 97 30 43 49 27 76 48 65 70 88 11 26 39 71 28 32 1 38 72 5 82 33 54 97 67 83 7 29 92 56 53 12 2 73 92 48
76 22 45 9 65 92 50 84 57 54 22 20 7 84 45 29 94 42 13 15 44 29 31 73 49 82 26 55 65 95 39 11 89 96 29 23 96 45 84 2 32 43 21 29 52 91 96 82 56 22 23 64 44 55 55 19 42 77 48 61 9 16 36 88 54 4 29 13 97 22 10 34 77 88 86 84 96 54 50 85 32 79 12 4 13 90 33 98 5 71
64 4 97 38 90 69 91 31 47 50 15 11 54 44 89 29 43 31 99 93 64 87 5 79 87 58 70 32 76 8 6 19 3 72 9 37 59 10 51 81 41 23 80 59 91 5 72 66 6 32 6 89 14 68 50 10 13 57 74 17 94 50 91 92 25 36 41 1 70 73 4 94 55 45 9 57 64 34 52 68 82 100 10 11 47 65 18 21 58 29
14 94 21 32 4 47 73 13 68 8 80 55 60 81 80 34 10 73 88 92 43 60 51 23 25 14 29 27 82 94 25 44 72 82 56 35 99 6 1 37 78 30 6 97 54 76 25 99 90 68 53 86 29 99 11 60 30 96 93 53 77 13 98 84 39 30 7 2 32 66 83 6 83 63 89 92 45 2 98 89 69 50 36 41 60 11 12 58 14 24
96 91 85 92 48 41 97 65 96 16 1 55 68 22 12 28 45 23 2 65 39 22 25 51 39 84 99 83 34 7 95 38 6 68 58 15 98 74 6 6 65 77 12 44 71 12 95 81 76 13 45 43 27 29 83 57 11 4 8 46 4 1 52 63 33 45 64 69 32 44 97 22 5 30 48 96 19 16 54 4 98 43 82 3 37 44 60 84 89 34
12 75 31 45 70 74 69 53 5 74 16 7 3 94 26 97 91 90 87 45 36 34 74 83 24 4 47 84 11 93 100 50 52 62 66 75 19 11 83 85 71 79 43 77 13 43 35 20 69 39 85 41 100 59 41 66 96 91 12 55 34 82 67 40 37 77 74 79 79 9 81 11 77 25 98 86 57 31 27 4 92 8 19 61 55 98 12 8 95 22
26 95 95 88 88 34 2 52 18 73 25 60 7 12 27 27 1 17 42 64 3 56 62 59 70 70 3 23 12 71 68 19 92 67 5 97 7 87 84 43 21 38 71 92 91 81 23 61 17 7 28 79 35 80 53 33 33 30 17 16 23 70 49 65 32 69 40 69 98 83 95 38 12 83 76 46 37 41 47 3 46 22 34 89 5 83 97 41 57 22
16 69 36 62 91 79 41 81 85 100 9 43 27 13 2 10 53 64 34 23 98 57 87 84 68 84 70 1 10 32 88 70 51 32 85 16 54 61 42 56 62 79 14 38 35 73 64 80 28 13 67 11 80 41 88 44 42 2 20 32 53 25 69 93 24 5 49 59 1 90 80 24 79 64 24 65 18 44 96 55 41 29 36 66 29 35 19 73 60 44
27 95 25 9 9 90 56 67 73 37 82 62 58 8 65 89 65 99 97 83 94 69 75 74 18 56 35 16 85 70 21 63 27 35 95 45 37 31 41 97 86 89 70 38 72 68 68 39 70 39 11 69 41 100 59 82 48 98 74 64 3 53 19 32 61 2 32 93 11 68 46 30 9 90 28 61 24 94 12 79 13 48 53 72 75 83 68 95 81 44
62 24 31 10 75 27 30 50 58 75 96 14 17 8 54 72 8 67 4 86 64 83 46 94 20 82 86 26 77 30 7 93 79 77 87 3 12 31 19 40 19 62 27 59 19 70 41 48 46 80 69 11 17 83 71 89 53 80 32 47 74 18 49 76 4 22 66 42 16 4 99 29 67 2 19 1 93 67 27 37 66 54 54 20 83 31 18 50 3 60
81 16 44 27 18 21 96 44 20 41 66 69 81 22 33 25 7 83 64 87 11 56 100 30 57 27 14 17 73 24 44 16 79 88 54 12 57 15 46 25 50 92 64 77 62 98 42 8 18 93 83 6 29 94 92 57 89 32 39 16 85 47 63 73 70 33 54 44 57 45 20 11 16 94 36 63 28 33 35 30 44 90 5 81 10 48 74 73 93 8
99 40 30 29 19 41 46 80 60 82 20 51 46 16 33 86 8 3 51 59 77 53 53 19 19 45 3 73 60 77 81 33 98 31 39 14 10 68 39 71 68 80 45 96 12 23 84 91 66 6 63 11 24 99 33 3 60 73 19 46 18 90 32 92 15 88 8 63 65 82 57 63 61 20 16 99 19 18 74 29 32 39 12 12 22 7 49 81 79 82
71 50 36 85 94 9 58 7 38 21 56 57 19 50 98 40 32 20 55 52 4 22 9 51 78 31 84 6 83 43 88 72 100 92 24 47 89 52 78 85 68 26 82 12 82 52 55 30 68 51 67 44 29 31 85 15 81 59 70 86 69 93 36 36 30 59 78 25 68 44 63 66 61 50 59 7 90 68 55 35 96 31 9 96 78 34 11 20 96 85
42 22 98 82 1 29 20 55 24 21 13 91 3 88 27 58 51 4 18 5 37 44 76 68 31 31 88 9 51 66 88 65 65 41 50 82 48 86 32 51 86 31 65 13 61 18 78 86 4 18 13 95 53 60 53 54 73 5 75 70 2 39 73 5 61 96 10 35 20 96 86 70 63 30 88 11 68 15 77 58 49 24 7 22 84 86 55 30 43 72
26 48 68 95 44 28 10 98 30 82 79 19 53 80 3 35 91 61 85 83 94 9 44 46 52 36 23 97 22 12 55 17 45 75 67 79 2 55 34 76 26 80 57 3 59 61 66 62 96 38 59 60 7 90 12 2 81 80 30 36 51 62 15 2 44 67 82 29 21 93 22 29 16 45 62 13 27 12 68 36 57 96 44 77 17 38 21 7 55 81
20 16 80 62 73 64 34 95 47 81 54 98 4 61 7 93 15 95 82 30 55 4 44 67 53 99 33 78 70 60 18 58 79 85 15 32 48 40 29 87 28 44 26 80 26 83 84 98 91 59 95 68 5 90 53 84 21 61 89 62 13 24 92 26 8 23 16 60 65 75 56 15 100 26 100 27 32 65 69 87 45 55 81 48 62 2 76 6 33 67
9 52 96 79 15 97 52 66 15 63 84 34 33 66 32 41 48 46 32 75 72 13 48 61 88 72 96 6 51 45 32 29 36 90 54 82 95 8 1 25 32 16 76 58 58 9 50 72 65 17 57 87 23 81 78 20 83 12 15 41 17 50 59 26 8 67 60 74 2 75 32 21 20 96 3 7 100 2 58 2 3 85 99 53 71 55 73 68 30 36
61 67 1 45 82 41 29 49 4 11 43 46 96 52 13 6 61 54 41 33 10 85 82 95 71 16 3 84 42 45 90 19 9 45 98 66 79 79 51 47 67 3 100 100 95 70 36 95 38 76 35 64 42 39 14 88 25 19 6 68 58 69 43 84 68 82 24 85 3 80 65 13 21 67 29 53 85 78 61 18 56 44 85 83 72 71 7 43 76 80
55 4 75 19 80 46 35 45 85 16 95 84 92 66 95 29 25 33 84 99 67 11 66 29 15 56 78 35 96 77 85 11 70 36 57 12 66 50 24 91 32 76 71 55 59 33 30 43 37 20 44 39 27 14 91 93 81 3 30 6 20 81 79 48 87 78 99 77 82 6 24 2 70 72 78 69 73 86 52 14 69 95 98 6 32 32 20 31 66 4
2 13 1 33 1 77 48 52 46 29 12 26 2 67 31 50 1 70 40 18 22 55 8 88 17 43 51 18 4 75 31 57 14 2 89 84 38 4 75 48 20 49 13 14 49 30 91 33 41 52 80 82 61 44 90 100 63 23 90 52 82 1 1 63 21 26 45 35 72 7 97 39 15 24 38 90 32 75 79 61 29 89 23 50 96 40 46 31 56 86
54 16 74 70 82 3 10 72 77 32 77 85 94 16 74 44 65 82 56 76 5 14 93 72 14 64 9 50 88 52 9 59 55 50 25 27 18 83 36 28 18 24 54 93 82 37 45 66 22 43 56 37 21 64 70 89 4 74 93 78 95 18 69 21 20 73 7 71 22 62 88 5 86 95 99 25 87 19 92 100 99 75 68 1 14 63 66 42 100 52
97 44 48 40 30 80 33 82 24 71 80 11 23 11 40 15 99 61 5 63 20 65 93 11 14 11 85 28 4 87 40 70 10 4 98 41 69 53 75 91 92 43 92 90 53 41 51 99 56 26 92 90 37 10 89 7 28 78 69 42 100 5 85 17 6 72 93 82 14 43 65 61 28 47 63 4 80 21 50 45 25 6 86 86 3 20 54 21 91 54
88 2 70 57 37 80 72 15 36 86 53 21 25 6 17 9 100 25 54 48 61 30 17 32 87 37 19 94 42 98 41 86 45 54 14 43 62 26 92 38 26 54 65 66 36 43 30 35 11 65 1 34 52 51 70 68 2 91 28 4 63 93 64 5 45 23 2 10 33 29 52 23 24 7 90 96 39 90 44 30 78 26 20 34 9 76 18 48 27 69
77 78 5 93 74 80 18 2 13 71 25 61 37 27 76 67 52 11 46 94 70 57 75 40 74 88 81 11 78 91 39 44 41 29 4 42 86 16 2 65 26 74 63 98 5 57 76 11 79 27 24 82 28 4 6 88 87 73 92 66 20 23 71 5 32 49 73 1 81 12 92 9 88 46 37 23 35 44 76 50 24 28 81 85 56 9 8 29 31 46
17 75 7 52 65 90 32 84 13 46 39 74 45 29 20 69 58 3 2 40 12 55 73 89 55 60 5 6 60 63 89 66 2 22 84 24 95 23 35 13 30 59 45 90 74 94 65 59 3 39 61 73 68 63 8 69 100 44 25 66 88 26 49 66 4 33 19 6 1 58 29 97 90 67 58 77 10 35 66 19 24 18 93 21 29 27 61 67 71 92
16 20 32 98 89 95 58 47 15 49 46 29 80 8 67 11 70 19 92 39 16 79 4 9 17 23 72 36 70 21 4 80 24 6 80 18 53 12 65 80 3 23 67 49 3 19 26 21 9 34 97 95 33 27 58 81 98 78 58 10 34 63 6 7 52 6 85 79 21 81 39 71 94 55 23 58 41 48 73 1 100 32 11 37 2 40 38 46 72 66
81 8 98 46 38 64 55 30 65 23 5 8 92 80 92 4 63 90 40 38 89 79 88 2 54 71 8 96 50 49 80 33 79 59 90 43 90 63 65 47 40 20 87 64 17 19 69 81 98 35 78 64 41 65 59 87 39 100 39 12 20 2 18 91 54 59 87 96 11 96 45 65 45 6 33 19 92 7 89 24 16 79 2 57 87 13 87 44 24 22
12 82 72 93 24 54 51 96 48 35 79 19 34 84 31 11 98 36 24 49 46 25 68 19 22 13 61 78 24 11 54 30 17 80 27 97 36 86 84 37 42 86 85 59 9 58 4 57 23 44 8 71 63 38 100 46 96 38 44 20 7 49 47 51 44 86 98 48 61 14 36 96 10 57 14 38 79 93 34 32 62 89 96 13 12 42 82 95 33 9
48 100 2 24 79 86 87 78 51 83 5 97 94 75 14 10 73 3 69 74 88 12 1 15 4 92 14 66 57 89 26 45 7 12 75 47 15 87 2 26 49 13 5 21 66 19 40 49 100 79 84 24 43 6 67 80 9 56 89 86 2 6 71 70 51 70 94 36 37 37 53 57 47 47 39 78 1 25 62 60 55 9 8 37 10 65 72 26 76 62
66 91 91 10 79 90 76 49 95 37 92 24 50 80 96 80 62 29 60 18 62 33 35 56 89 74 21 8 98 85 26 3 84 49 52 69 70 63 55 42 39 84 47 16 81 25 70 54 3 44 61 22 57 77 41 68 32 36 36 85 70 23 16 60 42 69 93 67 50 5 64 92 50 74 96 91 31 8 10 95 97 60 84 62 87 4 66 24 20 61
2 72 35 13 67 84 37 65 64 61 35 56 7 15 9 74 33 81 81 96 3 4 62 29 12 58 71 48 33 56 54 20 72 70 20 81 11 73 21 86 47 2 48 29 32 78 3 96 47 95 52 19 3 44 35 84 70 90 50 73 50 3 77 44 45 9 88 32 17 70 93 71 97 11 97 62 17 48 64 5 71 77 63 38 37 77 65 27 69 74
60 23 83 69 67 28 44 80 61 30 11 79 18 13 65 40 13 25 64 64 9 74 81 60 100 24 34 74 81 13 79 10 13 85 11 70 68 57 65 24 70 38 68 22 88 72 81 45 62 55 74 39 13 41 76 34 9 73 7 17 83 34 16 9 49 19 20 70 86 17 86 52 89 74 85 49 6 75 22 100 95 48 31 81 84 16 32 11 73 55
46 51 52 18 97 19 11 69 32 67 62 81 18 26 51 84 46 22 4 53 39 32 14 59 73 54 49 58 3 18 12 70 50 26 60 71 9 20 64 50 44 53 99 80 20 12 63 71 45 87 66 34 16 60 56 42 25 23 70 33 94 24 76 12 27 59 97 70 73 70 44 52 98 10 42 78 41 38 67 99 89 91 81 72 84 67 82 93 68 79
16 17 12 44 60 30 54 28 63 24 53 63 33 9 97 26 40 22 36 19 36 74 75 36 83 59 13 96 66 40 11 63 20 10 48 42 29 40 37 70 77 74 91 68 21 24 80 22 55 54 77 27 1 45 7 15 60 6 10 93 59 78 30 46 56 32 52 69 58 71 19 78 71 61 49 94 88 68 15 75 2 42 79 77 24 75 14 33 67 94
58 7 52 46 70 58 22 49 27 68 75 65 10 58 21 80 20 41 23 69 17 57 88 30 51 100 14 16 37 85 93 52 48 74 44 82 77 15 17 88 30 3 21 76 68 87 20 85 89 23 57 90 37 40 58 18 43 81 28 93 56 28 20 53 45 75 40 52 88 64 89 46 18 87 24 86 75 96 96 49 96 2 72 64 47 49 68 69 22 19
49 74 32 32 84 52 2 78 15 93 61 96 4 76 12 31 7 63 31 56 72 9 60 18 21 58 54 97 69 31 78 42 33 32 54 36 97 31 39 60 28 3 97 73 59 60 89 32 23 97 4 76 58 100 79 96 50 38 89 71 76 9 28 85 57 99 91 65 14 75 47 68 65 53 23 27 4 40 82 35 66 30 2 32 25 88 66 66 3 63
69 12 85 82 48 7 77 75 81 89 96 32 74 37 69 56 15 29 5 29 84 25 100 96 67 22 31 32 5 40 98 98 71 49 50 46 18 81 60 93 17 60 82 4 22 75 6 8 41 84 29 82 96 92 99 18 30 12 95 52 85 93 56 93 73 41 94 83 87 28 67 93 94 8 62 15 51 68 82 71 24 32 22 70 37 15 48 85 82 14
53 2 98 12 90 33 79 44 26 24 25 40 90 1 24 64 22 38 52 29 48 23 83 87 84 86 80 12 68 57 92 74 98 38 78 63 73 97 14 7 50 30 92 39 23 22 79 92 35 34 14 29 12 100 83 26 65 86 59 78 87 46 83 61 38 52 89 40 26 68 73 65 49 58 32 57 60 91 90 78 44 87 84 68 55 16 84 40 28 83
48 19 4 85 50 52 13 5 59 30 88 83 87 79 2 92 52 11 55 71 86 91 56 31 87 68 47 43 74 58 99 100 53 88 53 53 39 46 49 4 10 32 39 40 33 40 53 27 8 63 99 59 40 98 59 38 30 10 87 41 43 11 52 24 46 55 47 69 5 49 23 55 61 45 88 54 70 37 8 75 85 58 59 36 7 22 73 21 40 31
39 28 36 82 20 46 19 16 20 70 77 31 25 39 44 82 15 76 33 60 48 64 4 58 52 61 97 32 61 25 72 49 55 79 59 7 29 84 26 81 54 69 17 45 4 94 66 38 69 90 64 94 8 88 10 66 22 82 53 3 4 4 45 73 57 24 20 16 65 31 29 94 94 23 21 50 74 27 40 31 81 74 87 58 6 29 99 19 26 35
24 41 84 73 43 99 33 60 11 41 59 27 53 76 31 82 89 50 29 54 73 24 3 62 91 50 61 27 73 27 1 12 65 84 35 53 14 90 15 51 79 47 100 50 96 44 79 46 23 46 1 82 92 9 64 61 69 24 60 44 63 1 99 3 26 57 57 24 96 13 18 9 96 75 54 42 40 44 99 19 87 1 51 42 64 89 60 30 15 67
99 1 67 16 43 5 80 93 40 98 2 12 19 19 7 31 42 74 96 88 84 53 1 97 85 81 28 4 17 76 53 89 60 26 56 78 66 7 43 40 33 84 97 30 70 74 70 74 66 100 63 18 80 18 40 2 53 65 99 60 40 42 11 76 33 13 19 8 51 98 88 16 58 32 40 4 5 44 43 100 61 96 54 39 66 98 59 43 82 85
82 94 92 90 76 72 38 25 81 3 21 8 10 6 48 94 90 91 16 54 63 13 70 19 34 70 54 86 58 96 24 46 42 15 11 53 44 43 62 45 43 43 1 40 76 8 50 14 45 87 9 21 93 6 8 53 91 98 63 24 17 1 26 28 65 24 48 39 79 87 96 58 38 74 51 67 12 13 41 97 76 35 89 69 86 12 100 14 4 82
19 66 75 29 67 60 29 45 17 66 33 60 37 80 91 85 54 81 66 59 34 96 65 84 43 33 66 84 64 63 6 17 72 21 76 52 40 14 28 61 65 66 42 89 35 23 46 40 79 33 42 77 28 84 73 37 29 94 100 45 60 63 79 4 89 62 54 95 55 81 5 90 40 95 11 96 71 89 90 73 2 75 64 50 66 100 39 58 68 48
38 100 51 65 77 40 73 97 95 20 74 56 35 30 38 19 51 51 11 74 74 75 66 27 14 99 28 50 19 50 50 71 79 19 97 73 15 7 51 82 79 61 49 10 97 28 90 83 56 14 69 26 28 16 30 88 87 17 59 68 24 62 13 77 95 54 94 53 65 35 38 70 75 74 23 48 14 69 13 42 43 44 89 96 85 72 28 20 39 17
5 27 6 7 23 29 8 77 65 98 87 55 77 53 40 83 28 69 62 87 27 9 19 41 19 94 100 31 100 38 59 21 35 2 92 92 4 79 83 72 35 70 75 28 20 54 99 41 47 5 20 90 24 69 33 18 40 83 62 68 16 2 12 83 70 35 87 90 88 27 25 91 99 82 21 17 1 6 3 38 44 93 26 68 79 96 90 52 77 82
71 87 84 50 43 30 42 95 23 92 36 23 93 84 89 54 39 86 70 37 48 5 70 3 85 12 20 25 47 41 89 48 98 77 78 84 31 9 50 97 83 75 31 40 39 57 19 56 25 97 6 84 26 48 93 83 93 58 58 36 28 71 38 32 95 40 89 43 26 66 51 98 98 5 34 93 79 41 82 49 41 46 36 94 55 74 94 63 18 39
7 74 85 75 42 65 7 36 69 61 53 39 80 5 43 36 78 6 61 89 20 2 90 61 73 94 21 67 23 39 34 92 12 6 75 16 52 28 44 58 48 42 92 90 82 23 75 36 39 95 10 63 3 100 21 3 95 74 33 83 84 23 30 27 73 69 6 85 15 52 39 2 73 19 38 49 86 29 18 63 46 5 79 52 53 99 77 38 72 35
47 82 88 31 10 16 13 78 83 89 70 35 85 97 86 86 51 42 68 37 12 51 19 80 76 90 17 18 44 92 88 95 90 93 7 90 43 99 24 72 29 51 39 14 45 85 73 41 5 30 82 60 61 88 98 30 11 61 78 81 27 15 7 97 55 10 45 44 34 3 41 37 90 71 59 16 11 91 40 7 24 76 85 32 28 91 47 55 20 62
92 63 56 64 79 11 46 31 53 56 17 42 28 3 32 6 93 15 2 47 62 77 12 49 12 22 15 29 96 52 10 22 35 12 54 24 23 10 53 98 72 100 68 79 40 62 59 44 88 94 69 68 71 100 63 25 61 29 27 12 74 80 53 83 5 97 64 54 22 77 85 67 12 62 61 65 44 28 60 78 66 45 79 63 71 91 19 40 19 47
93 20 63 39 24 5 87 33 94 2 70 68 53 22 89 30 33 13 100 63 79 88 35 86 96 36 96 91 48 99 73 58 49 90 16 64 96 67 24 85 34 46 49 49 73 28 80 81 45 75 94 81 80 40 57 72 97 95 50 8 49 23 56 76 72 51 46 72 8 4 8 28 75 4 94 34 25 60 46 96 74 17 25 80 9 90 89 90 40 34
56 41 14 47 2 5 84 61 11 94 31 27 49 93 56 70 87 93 53 73 29 68 32 82 92 100 86 69 28 30 92 44 75 5 81 89 5 49 99 16 89 18 95 79 100 19 34 50 49 14 74 4 12 62 6 47 85 42 43 21 32 5 63 44 27 24 1 14 20 35 38 1 60 81 59 9 98 2 53 30 32 8 28 85 60 44 98 100 45 39
85 77 36 95 75 36 69 62 29 92 44 13 98 24 78 29 19 23 18 98 15 77 77 32 95 64 86 83 81 49 85 95 37 10 72 83 44 34 21 3 69 40 20 42 23 39 96 41 33 68 98 10 56 69 8 82 53 88 33 75 22 85 41 13 95 87 92 38 76 31 4 33 86 13 75 25 27 63 33 57 77 9 45 2 99 21 2 33 90 46
33 43 61 79 43 18 57 63 17 54 82 12 50 86 25 81 86 49 37 92 38 86 27 86 79 10 53 74 9 70 1 83 78 36 51 53 92 42 81 55 58 99 10 49 33 38 74 96 31 19 97 49 2 84 61 68 90 18 66 61 58 59 79 31 70 75 84 31 70 80 25 86 71 76 27 59 42 61 27 77 59 98 14 78 100 34 45 32 97 28
93 52 65 2 94 65 13 85 54 65 28 80 35 62 86 93 10 79 2 40 10 36 68 5 4 98 58 39 98 23 18 77 87 97 37 44 8 83 36 50 23 28 67 75 82 17 29 66 31 29 85 37 42 58 34 30 58 3 42 42 12 86 42 45 58 22 90 59 33 69 60 32 69 47 71 90 95 35 91 92 19 100 42 51 59 94 13 92 73 8
54 47 82 63 36 79 18 26 45 41 75 42 86 27 25 100 1 65 37 42 40 55 63 97 24 44 98 25 66 79 41 60 77 50 82 13 51 7 93 35 91 46 46 99 81 22 41 23 76 33 7 16 21 2 14 66 45 58 42 83 9 74 25 91 79 70 76 5 60 49 13 14 16 1 33 99 30 35 93 78 43 90 61 73 7 12 23 5 87 2
69 75 2 82 23 82 11 99 33 62 58 57 95 7 71 54 14 29 93 52 97 12 38 25 40 45 38 83 95 13 82 52 37 17 61 66 32 86 35 69 26 69 45 21 90 49 27 82 26 68 14 63 26 57 69 88 57 51 71 95 74 1 32 38 50 40 89 31 49 28 68 46 91 96 53 59 79 43 61 70 89 41 91 13 71 44 89 11 28 27
64 53 66 91 90 6 23 42 87 80 88 90 10 87 7 53 90 62 63 46 51 70 74 12 23 57 32 31 89 4 64 25 68 76 24 60 22 52 18 74 41 83 7 38 92 95 84 38 97 21 21 29 17 27 34 61 90 89 19 22 18 40 99 2 26 24 98 70 78 55 46 47 5 99 78 16 26 29 11 29 39 71 32 97 93 45 95 9 96 58
26 23 23 72 54 57 63 95 66 18 85 68 64 42 99 45 32 38 91 3 84 2 7 42 33 76 47 76 67 96 80 82 22 81 52 53 92 69 13 17 96 36 3 28 91 83 57 59 86 20 21 39 44 30 44 73 84 28 41 95 16 35 83 62 48 67 75 32 14 1 99 6 8 29 55 47 22 35 73 66 83 67 81 68 61 95 89 21 75 16
80 39 35 23 61 25 50 96 31 35 98 1 4 69 32 82 82 4 70 74 67 16 75 30 96 43 44 78 78 15 78 8 28 96 14 28 83 52 51 51 66 58 65 46 15 82 93 48 48 90 38 16 24 53 100 82 8 6 31 95 80 9 32 16 65 27 31 52 69 51 22 21 77 15 85 35 34 33 36 35 43 78 12 11 51 18 26 15 55 54
27 75 41 98 39 90 24 42 14 65 48 100 79 47 38 38 36 50 38 5 61 19 94 64 71 96 10 51 17 69 76 84 61 53 29 19 27 74 23 30 5 18 95 79 29 65 1 71 72 5 26 67 28 13 59 38 63 60 6 74 73 82 19 38 19 21 48 40 15 11 21 83 53 13 33 75 74 18 76 94 77 9 67 6 20 63 46 4 36 60
81 14 45 45 84 99 31 88 68 12 12 11 96 56 6 89 96 37 13 18 35 38 19 60 20 100 97 94 30 20 28 24 2 47 6 18 9 92 44 49 33 28 49 12 88 94 34 24 28 5 29 58 38 76 100 55 35 22 43 89 72 50 16 13 14 91 10 56 9 69 16 74 20 68 72 65 63 7 55 58 66 60 91 46 14 85 41 98 79 85
64 20 8 17 48 80 51 11 99 82 46 93 59 20 88 68 30 69 97 57 26 24 83 47 75 76 10 48 75 7 10 96 36 39 31 41 31 34 51 89 40 20 90 22 18 35 22 35 23 37 14 5 15 25 76 51 97 98 77 27 61 9 95 54 69 95 89 4 82 82 47 58 13 7 81 15 28 22 54 28 71 13 33 77 61 38 48 27 63 92
31 60 40 95 29 14 76 96 86 50 69 95 46 71 8 97 51 42 32 65 41 57 87 5 7 57 64 74 2 53 8 55 73 32 1 51 1 11 70 5 83 71 96 48 78 72 26 85 91 32 41 37 31 18 85 35 52 100 32 100 19 88 38 40 18 8 45 93 89 73 19 25 41 21 36 71 40 15 3 86 57 52 43 100 39 58 4 36 61 31
55 96 40 16 42 73 34 8 50 11 66 61 92 9 43 71 39 82 39 80 73 2 62 88 22 15 99 85 56 85 43 26 87 1 97 93 97 60 28 62 84 95 73 16 29 19 73 58 10 33 10 62 88 11 30 46 75 65 46 62 79 47 3 96 77 32 82 2 24 32 10 12 65 90 25 86 40 17 29 86 18 30 16 1 18 16 16 15 97 93
17 57 18 98 84 15 91 60 73 11 31 68 92 38 62 15 65 44 2 45 1 77 59 77 34 1 22 51 57 84 31 49 5 64 60 55 51 20 19 81 7 33 79 10 95 17 39 94 80 77 62 39 63 33 23 88 61 70 92 69 41 55 40 34 85 78 91 43 86 51 29 74 91 58 70 30 59 45 5 12 45 9 43 68 13 43 19 55 46 36
34 100 42 59 90 6 50 45 82 62 13 68 62 28 26 28 28 63 33 66 82 48 97 69 98 32 60 51 1 32 38 71 54 10 21 31 65 66 86 96 78 2 31 80 47 88 91 84 29 66 66 60 79 36 6 36 18 36 93 42 54 63 77 36 76 3 65 57 72 69 79 27 90 48 9 64 44 61 57 33 29 18 31 34 10 76 57 22 12 43
3 42 92 84 30 62 12 47 96 65 71 16 15 82 31 44 45 12 47 3 83 100 48 41 97 88 99 10 44 63 58 91 1 32 56 82 11 45 65 96 63 22 59 9 75 59 33 1 85 14 69 27 48 55 38 7 14 45 18 34 42 73 65 99 93 23 88 79 67 28 43 97 3 55 5 8 30 93 3 31 35 80 98 16 84 44 28 69 16 2
28 35 91 7 12 89 23 44 34 61 60 25 18 76 22 47 22 41 11 52 60 40 80 43 30 46 54 1 47 6 23 77 9 56 7 38 62 88 53 8 88 75 33 91 68 66 26 97 87 78 64 48 9 29 4 41 73 2 80 30 50 82 65 86 21 48 42 6 40 4 45 70 3 22 16 43 67 46 88 3 52 69 6 62 46 63 85 81 26 36
90 32 42 5 90 83 65 10 51 25 93 82 84 94 54 50 29 81 20 22 48 34 34 21 14 18 48 8 97 83 20 1 73 13 67 40 26 13 11 18 39 88 43 57 81 74 57 54 43 37 69 73 64 31 27 79 18 12 44 66 80 8 6 38 99 63 69 63 8 39 39 42 16 46 92 64 44 99 4 9 73 90 41 91 17 67 98 61 50 89
62 73 22 69 21 64 93 42 75 91 60 60 8 74 53 84 31 85 41 89 15 77 88 41 22 100 44 47 77 95 85 100 68 66 36 54 10 43 46 78 65 39 98 65 79 63 45 24 83 28 93 92 26 21 95 51 64 96 96 67 95 67 25 7 87 30 48 52 14 31 14 58 74 43 94 41 30 52 52 68 49 70 89 36 64 89 60 84 4 86
52 58 40 24 7 80 47 64 51 91 83 1 32 40 44 16 20 59 92 8 68 30 23 98 20 39 20 31 59 54 67 92 38 1 82 9 52 81 60 37 82 84 80 99 51 55 93 81 65 32 92 76 2 82 60 81 10 49 46 97 21 89 71 78 67 5 83 84 43 2 47 90 71 57 51 92 22 40 5 80 78 3 42 42 68 28 41 78 44 94
46 65 5 27 44 77 4 22 52 88 99 17 86 7 41 83 14 75 67 64 90 65 93 83 89 45 24 15 72 53 6 6 2 51 52 25 100 82 92 97 73 87 42 70 89 61 81 45 40 71 10 96 89 6 69 78 27 83 45 55 53 12 6 40 29 57 21 40 48 53 66 37 63 23 12 89 1 41 47 1 76 37 17 75 38 34 58 50 18 44
22 57 76 86 93 2 36 11 23 23 51 40 56 73 55 79 2 30 70 59 96 45 65 13 85 14 41 18 5 63 51 93 86 10 90 57 81 62 19 27 94 81 21 63 55 61 65 56 29 67 89 88 40 1 95 98 28 28 29 16 9 90 31 28 32 26 86 97 53 36 24 30 31 51 76 34 51 72 45 11 41 30 92 48 57 62 45 55 12 3
37 52 70 44 10 95 50 63 53 16 64 90 81 13 28 62 91 70 81 15 49 59 12 53 58 2 48 70 86 49 47 51 86 19 61 77 36 69 40 22 48 15 66 98 98 85 33 26 20 1 83 8 78 38 95 39 16 94 64 83 15 59 73 98 50 86 42 46 53 81 72 26 2 84 54 7 1 100 100 94 17 39 31 94 11 73 41 93 43 89
24 89 39 50 66 83 37 13 2 36 82 23 100 78 14 76 57 71 60 73 6 71 86 58 65 72 56 32 82 14 91 42 65 30 67 46 19 53 98 96 93 12 39 74 59 5 33 17 37 13 14 46 66 71 97 85 33 8 64 62 16 5 90 80 88 79 75 79 66 33 77 64 99 87 2 51 89 23 38 86 35 42 77 88 14 52 17 89 59 51
21 48 30 61 53 23 84 89 66 10 68 2 69 79 10 23 15 34 93 32 73 25 90 33 21 23 15 38 68 98 23 99 47 34 9 45 78 2 27 58 7 38 39 68 32 75 66 45 1 66 72 8 2 68 88 42 32 35 21 76 32 55 6 79 92 34 59 45 96 61 77 18 66 58 93 9 44 100 50 19 48 75 17 25 5 9 54 21 38 46
16 68 66 7 96 46 77 37 72 65 57 93 54 39 52 78 94 83 33 48 72 8 33 54 42 40 93 78 31 2 32 18 16 58 47 62 70 45 99 92 19 68 52 49 7 59 95 65 97 53 34 85 6 29 100 58 18 48 22 77 61 25 42 30 82 32 13 16 76 63 48 98 85 58 78 11 97 81 32 62 92 32 1 13 33 89 19 75 83 7
90 29 14 84 20 13 74 59 67 36 22 29 17 42 71 96 82 83 34 91 51 31 47 84 10 81 91 89 88 1 28 85 73 38 44 100 10 45 12 71 28 100 71 26 100 70 75 55 39 42 86 16 24 100 88 46 47 5 74 66 6 79 82 91 93 49 28 42 45 69 57 97 13 4 17 46 2 83 50 21 98 25 71 91 9 98 55 1 86 84
86 95 86 31 44 69 8 60 23 67 98 78 70 75 46 100 98 59 78 54 57 61 71 76 73 12 14 84 2 77 27 73 49 39 80 53 70 59 86 70 43 17 35 13 74 34 76 27 29 99 58 21 15 96 60 14 80 22 69 63 1 63 30 79 86 73 80 7 2 1 88 30 100 93 40 13 5 60 77 89 86 25 38 31 32 60 85 55 36 22
51 39 33 57 18 62 88 23 17 33 84 61 65 29 52 61 16 13 65 91 66 28 85 62 66 34 27 69 84 100 63 62 12 45 70 14 40 98 80 31 92 14 99 16 52 14 66 47 91 75 44 80 98 89 9 89 94 51 22 80 17 82 86 91 59 31 89 1 73 93 68 38 30 43 12 62 91 54 12 51 85 29 72 4 49 86 25 95 65 26
34 14 67 50 92 86 27 9 16 58 98 1 81 42 26 18 96 73 72 83 59 63 91 53 49 42 45 23 54 65 28 95 76 5 65 20 22 44 17 59 35 52 41 39 14 64 77 56 59 19 94 61 78 23 51 29 84 62 42 94 22 4 18 59 37 71 36 95 36 79 13 39 93 46 44 24 46 95 57 18 88 91 35 11 35 93 66 8 83 56
50 96 100 38 22 31 78 99 30 36 71 15 93 84 99 41 1 40 64 21 53 31 30 64 33 54 25 44 22 59 69 93 52 72 8 36 10 4 39 30 36 85 83 62 90 41 85 91 53 63 13 4 21 28 28 40 94 37 12 44 75 71 84 26 35 68 20 81 27 63 95 1 60 86 38 9 8 62 37 50 4 17 66 31 10 60 98 63 88 45
29 76 27 3 72 63 88 20 68 36 34 67 30 93 68 95 23 21 65 37 41 21 78 64 61 63 37 79 59 82 48 100 58 98 51 3 34 21 87 65 76 11 3 89 54 20 54 74 31 50 92 35 64 85 65 78 29 62 44 13 34 48 85 54 97 15 12 65 8 3 89 6 43 29 91 18 75 52 35 21 71 25 24 23 95 1 44 6 15 4
36 73 5 58 74 75 90 9 24 100 12 11 38 48 90 56 63 67 16 67 49 80 49 56 96 31 50 81 44 76 44 81 3 77 5 13 40 10 65 8 3 67 85 11 100 10 81 88 90 92 33 80 23 70 88 19 92 12 32 83 51 27 21 89 11 28 67 18 16 80 12 23 49 74 48 35 69 11 16 73 34 42 76 33 81 46 71 30 62 40
48 10 53 48 12 62 95 32 11 73 72 42 79 20 36 22 64 60 15 94 92 78 58 13 100 82 25 64 84 84 80 17 22 21 43 4 33 38 73 63 14 34 97 87 19 72 31 18 94 10 95 73 4 27 86 99 51 50 32 45 25 40 66 95 7 96 92 77 32 93 14 83 57 9 86 69 66 24 21 91 76 100 55 25 42 64 79 82 4 35
42 82 12 35 17 93 81 33 14 41 17 17 16 49 11 69 57 58 46 62 31 92 49 63 1 21 94 2 91 72 30 49 5 18 6 84 90 82 10 10 79 99 97 58 39 43 8 35 14 27 22 89 52 83 24 33 55 95 43 36 34 37 77 37 67 37 41 87 15 85 46 47 76 98 27 90 47 69 21 21 72 47 31 94 27 45 39 65 64 68
41 79 70 14 76 91 34 34 77 50 50 36 3 41 83 39 13 66 95 45 40 21 96 61 69 91 76 35 91 72 18 20 36 40 36 84 85 71 75 90 69 61 25 25 20 62 90 91 81 61 4 98 94 53 46 3 81 51 15 92 43 90 44 50 2 49 1 90 5 58 90 81 73 67 34 67 6 58 14 74 70 89 21 65 15 60 78 76 34 18
87 98 10 62 80 61 52 51 44 9 15 82 61 33 98 25 58 12 95 91 99 70 99 63 19 11 5 51 93 31 99 7 63 7 32 66 31 11 39 55 21 86 62 76 39 32 27 43 30 30 68 57 42 72 20 10 22 63 74 97 5 43 79 98 69 31 64 95 36 3 55 58 12 64 53 80 6 67 69 77 1 11 96 28 49 23 65 34 82 61
43 74 53 52 88 93 79 71 17 13 77 3 23 9 24 61 75 96 57 91 72 30 49 32 66 51 53 67 5 26 52 100 28 21 20 6 81 29 64 77 74 36 64 93 12 93 97 19 100 94 35 24 76 49 85 8 28 6 40 23 58 16 94 91 26 88 96 87 42 25 55 42 84 49 83 14 12 54 88 85 21 97 1 43 99 7 41 29 49 45
43 53 96 53 57 48 71 50 80 15 60 66 55 20 18 35 68 59 25 39 82 5 30 54 69 68 16 20 20 82 65 30 46 43 13 38 5 91 32 71 82 12 45 14 35 62 78 42 71 11 15 1 68 32 35 54 62 21 38 54 18 65 20 20 50 67 51 7 14 100 44 83 65 47 12 7 13 93 24 91 50 21 57 85 48 63 43 57 18 23
84 32 66 12 48 47 29 39 32 95 50 71 61 40 53 68 15 29 59 81 80 58 40 10 84 48 53 85 13 30 39 17 36 10 56 6 45 43 16 12 12 98 39 95 51 24 58 49 65 63 89 89 53 39 57 47 51 53 16 49 28 80 77 89 23 21 14 76 94 55 18 61 86 69 50 20 91 49 12 24 53 26 80 60 46 22 96 6 48 89
81 91 48 41 37 24 66 90 69 46 67 25 12 13 14 69 78 25 66 84 6 91 33 4 63 23 95 71 65 11 88 30 37 91 97 97 88 89 15 70 12 58 36 54 21 90 96 97 59 20 20 91 2 53 87 98 48 74 75 68 2 12 35 89 57 93 26 88 37 8 55 77 48 14 7 37 90 87 15 40 5 41 79 100 96 83 5 93 38 50
33 77 6 38 16 24 40 32 52 8 35 72 100 82 39 64 15 29 92 85 32 8 18 6 76 6 14 68 34 73 33 98 7 31 75 58 24 3 39 97 82 15 59 39 39 18 97 32 80 81 23 18 11 56 50 29 84 64 2 64 36 87 32 34 42 61 45 32 83 38 43 27 61 69 70 60 19 78 19 46 52 81 75 40 21 1 47 17 60 59
31 21 67 80 70 36 89 52 37 79 98 25 38 50 88 34 64 49 93 63 50 4 79 16 81 94 64 26 100 16 41 74 20 68 81 51 73 88 63 38 68 35 3 27 36 82 6 49 54 37 15 35 56 22 99 93 7 19 83 35 19 45 25 91 31 52 92 2 6 47 53 14 67 73 42 53 4 49 88 25 36 8 30 59 9 12 57 43 47 94
25 81 18 58 28 41 13 23 90 41 90 93 61 52 53 54 39 55 31 88 48 60 32 67 83 45 90 48 19 26 29 46 84 26 92 41 11 13 94 81 1 7 17 56 18 89 28 18 68 35 38 77 79 69 66 98 23 55 60 6 75 60 91 3 70 11 13 44 64 86 53 15 71 29 20 47 48 97 44 43 65 64 81 2 79 83 56 54 19 15
77 52 61 16 99 38 13 29 44 77 91 64 6 67 64 98 53 69 43 83 53 56 19 29 45 14 91 49 15 33 42 52 86 99 64 88 78 96 73 36 95 92 76 61 9 50 54 27 55 42 21 57 26 93 99 20 15 18 8 80 20 29 72 60 6 35 51 13 88 97 58 50 5 61 99 42 42 76 53 56 8 75 77 58 93 32 77 13 77 11
60 85 2 45 18 20 77 41 24 2 64 66 31 77 60 72 96 55 32 85 43 60 79 35 35 46 54 88 1 37 81 9 88 65 16 32 45 56 35 32 54 98 21 38 15 51 59 26 93 22 38 51 92 82 82 16 56 100 86 84 47 44 36 3 84 31 61 73 93 2 31 69 60 32 81 19 61 9 16 10 35 52 57 77 49 2 88 83 71 50
27 98 55 76 22 67 53 22 40 97 70 18 23 19 25 80 26 97 66 79 52 2 9 82 42 78 92 23 49 74 54 56 43 26 73 52 55 54 67 41 41 5 56 15 50 73 47 58 22 9 38 100 81 58 75 85 19 3 3 82 78 68 80 9 62 73 19 90 23 68 33 96 50 87 54 37 28 41 5 65 100 2 25 7 81 81 79 19 18 86
2 60 92 16 46 54 11 78 22 40 17 84 31 91 50 100 61 82 100 22 15 7 25 21 49 82 48 87 77 9 51 70 12 21 85 56 47 85 71 11 53 66 79 100 27 61 10 35 59 15 80 23 59 26 5 90 41 99 16 42 83 56 36 95 74 26 23 4 61 56 67 38 41 8 97 53 39 66 48 16 28 3 81 37 87 68 4 51 12 97
37 44 39 52 17 79 58 62 71 38 31 42 15 57 18 45 17 3 39 4 76 51 75 36 79 90 83 91 40 76 43 4 10 33 26 22 69 63 94 77 62 38 93 9 86 57 14 90 77 52 57 54 91 10 16 42 38 66 75 10 52 41 78 33 63 54 87 34 21 77 35 7 54 91 87 37 85 70 3 46 27 80 79 9 16 68 71 96 74 24
71 45 55 25 45 31 36 53 23 40 13 74 15 19 98 95 88 27 87 28 4 74 60 25 51 30 56 88 86 78 2 87 22 72 57 35 32 37 84 89 4 54 34 88 39 95 95 7 30 73 73 18 1 71 95 40 62 17 70 2 28 4 100 72 32 64 82 68 6 61 95 51 85 77 51 41 44 64 52 11 30 40 68 70 12 45 87 21 74 89
94 77 31 18 53 95 35 41 84 23 5 93 74 42 85 4 69 35 17 64 68 2 48 60 95 66 92 91 89 17 45 89 57 10 52 100 60 19 15 66 10 54 35 86 48 52 51 80 46 91 88 51 35 2 56 49 58 39 97 51 62 67 20 65 31 84 35 14 9 96 28 58 3 20 55 86 84 2 70 74 84 30 46 65 58 38 80 20 73 67
87 80 60 25 19 60 94 45 12 66 24 55 73 48 50 65 34 21 75 67 13 6 11 77 84 54 88 30 10 87 20 53 60 3 87 30 74 37 63 43 96 14 65 45 97 15 30 12 70 39 22 97 92 41 56 53 18 95 61 33 72 78 2 38 99 45 61 43 67 75 92 5 49 94 83 58 32 2 11 63 80 47 76 22 62 51 5 88 87 62
96 76 54 38 67 58 87 25 76 61 28 51 39 95 5 96 9 4 96 41 33 10 13 92 32 76 10 58 30 75 35 89 22 8 24 21 64 37 52 5 86 16 78 72 86 97 19 14 53 81 27 22 60 55 100 76 65 48 61 81 4 45 83 63 28 12 50 14 36 6 25 73 92 79 13 34 24 63 29 7 64 39 64 17 77 27 32 79 61 56
65 34 68 41 40 3 64 29 63 36 77 27 25 80 90 2 31 23 15 26 82 6 36 29 82 66 27 78 54 16 88 7 58 71 27 81 39 56 5 23 71 67 38 59 17 80 34 82 13 73 3 41 93 43 86 40 79 63 75 57 60 60 94 42 42 88 68 88 6 52 76 95 70 81 23 32 93 35 47 31 48 87 72 56 44 69 47 72 34 25
73 95 99 11 20 58 69 16 22 81 52 77 34 31 27 25 8 76 79 76 27 42 23 54 77 82 94 92 68 38 74 87 52 93 66 1 22 93 60 48 27 35 12 44 99 67 27 38 56 49 68 95 56 14 85 37 60 61 71 21 43 63 2 26 57 86 51 98 4 14 96 81 68 81 59 60 40 91 6 78 40 4 66 60 32 58 90 80 72 46
86 71 33 48 80 58 19 51 62 93 51 89 27 91 85 11 40 82 25 38 31 26 91 38 78 7 80 100 77 83 38 25 20 100 48 77 88 84 63 61 5 100 10 13 61 90 32 96 60 92 87 67 46 87 19 50 7 46 74 24 97 96 69 35 60 21 92 40 31 33 96 94 49 51 81 100 71 14 1 57 6 58 9 49 60 69 33 83 16 48
81 64 60 41 7 54 98 23 93 57 12 17 15 63 32 75 69 47 42 55 38 76 74 8 38 18 84 9 20 41 34 45 52 97 100 5 82 46 20 28 68 26 54 99 34 4 71 31 23 76 86 29 46 7 26 70 70 99 48 45 42 38 86 42 32 95 39 29 97 60 60 89 10 13 91 25 42 72 66 24 54 56 47 11 92 64 18 58 5 22
24 97 48 61 22 38 90 11 1 79 92 81 73 90 61 91 63 92 85 6 35 98 34 87 12 96 2 14 10 35 92 99 18 55 72 49 82 95 83 52 8 33 8 74 97 24 71 64 28 40 52 45 20 27 27 4 43 26 6 21 96 8 38 74 5 37 35 71 58 72 35 79 1 69 66 18 29 90 19 39 36 73 45 35 96 71 1 16 84 65
44 2 84 40 66 69 65 69 58 64 11 63 21 7 44 20 64 8 41 72 32 41 79 64 6 7 97 95 2 28 2 22 42 34 56 88 79 62 34 81 78 47 62 6 63 72 16 3 30 89 35 92 29 16 84 16 25 36 72 67 14 67 87 88 28 56 59 9 95 42 49 93 97 94 79 7 1 18 63 3 45 100 37 97 64 35 58 49 93 52
40 27 63 71 13 21 82 68 79 94 56 17 89 50 78 74 78 91 51 23 21 89 51 61 54 77 51 25 2 24 6 71 63 66 32 38 72 17 99 27 3 26 46 78 89 98 85 99 53 94 4 47 3 66 59 69 21 25 19 77 84 35 40 11 29 90 98 51 20 16 30 82 59 60 60 77 86 66 38 52 31 42 46 56 95 64 93 33 43 13
40 21 9 57 2 24 85 54 77 1 84 13 66 46 92 56 47 93 22 65 23 71 86 55 4 93 26 44 73 8 41 34 74 22 35 27 48 29 91 83 83 58 6 47 25 15 99 90 69 4 42 99 66 34 59 57 54 35 8 12 51 8 14 3 21 98 88 98 78 32 42 43 90 48 85 26 95 15 22 89 93 61 9 44 7 41 23 84 74 8
84 45 48 89 16 24 75 66 16 10 21 76 25 65 52 93 17 72 24 20 63 40 12 46 73 24 14 63 81 97 61 70 71 47 82 39 39 6 28 8 78 96 95 57 30 71 42 29 48 28 86 71 70 80 63 19 89 82 12 26 15 84 18 76 94 91 70 54 20 82 41 56 44 72 6 23 84 49 50 94 94 8 27 12 35 74 40 74 23 13
47 60 36 8 91 46 79 14 11 91 65 2 33 75 16 15 3 66 71 97 49 24 70 84 28 66 59 84 58 63 92 98 51 10 20 42 13 49 50 94 3 63 56 6 65 90 12 46 15 43 53 5 63 66 100 24 87 46 97 96 66 57 54 4 45 27 85 67 89 14 92 84 94 26 89 35 98 21 96 88 61 71 55 26 93 32 77 86 81 86
62 65 88 19 72 82 57 35 28 23 56 82 27 10 91 79 72 17 37 22 55 73 83 27 81 95 5 34 84 88 31 8 26 85 97 26 28 33 54 80 99 66 68 54 75 77 58 23 87 71 59 86 85 36 82 73 95 7 82 43 79 23 94 70 95 75 97 32 71 72 30 68 74 75 80 32 7 95 68 21 98 86 88 47 92 68 80 4 7 81
27 34 99 58 21 52 65 31 70 5 81 82 71 64 12 72 98 28 59 56 19 64 100 24 80 18 74 12 74 56 30 68 78 54 33 72 67 39 55 62 63 80 53 77 24 79 17 59 29 70 2 59 93 34 19 5 35 62 67 22 10 63 98 65 7 6 96 93 81 87 15 62 23 26 7 58 75 28 97 81 15 53 22 72 61 25 59 81 38 89
37 71 53 61 1 80 99 50 33 49 45 20 75 10 44 63 26 12 19 91 22 79 63 4 73 37 29 69 41 68 39 49 82 41 68 77 25 2 10 63 32 22 33 32 45 65 53 50 45 28 96 13 91 61 57 74 32 98 57 35 10 100 6 66 1 27 85 64 97 57 84 80 66 94 60 31 74 33 9 54 51 19 2 53 18 96 22 96 9 5
95 71 54 35 40 57 66 20 81 32 19 89 62 44 91 16 37 94 92 18 56 37 1 56 77 10 13 31 18 72 32 55 18 40 24 28 52 26 71 55 55 10 34 75 96 29 7 22 34 57 94 30 65 80 64 40 71 81 29 75 77 71 54 42 78 88 46 55 18 33 65 21 84 22 23 7 45 16 57 43 26 21 81 36 59 12 49 24 84 54
45 96 62 69 13 97 32 98 89 53 50 60 46 50 19 37 32 54 28 35 23 23 85 79 82 89 94 47 64 48 41 66 5 51 51 9 39 87 5 8 86 95 91 92 4 28 10 67 79 67 16 80 24 19 23 18 75 82 57 42 71 40 52 71 16 15 35 48 93 37 66 67 42 73 11 81 13 5 19 24 5 62 43 75 90 50 81 3 40 62
81 82 14 59 46 72 81 36 79 39 24 50 25 91 7 6 3 75 4 99 43 74 65 94 41 77 23 79 47 47 10 44 28 46 66 77 25 41 17 89 6 39 81 38 34 72 88 79 6 13 21 83 8 70 37 52 9 51 38 54 25 81 15 89 45 70 52 53 26 61 48 45 19 31 67 6 51 55 32 3 83 26 42 11 97 19 69 31 76 13
72 13 77 85 71 72 100 42 60 91 20 60 53 82 25 54 6 55 61 99 16 82 48 13 6 58 77 54 16 71 87 81 47 78 44 6 95 26 76 62 27 47 57 24 100 80 76 42 96 74 68 38 40 26 96 30 18 28 48 2 75 5 39 46 65 10 76 34 31 84 95 6 1 90 58 36 81 85 43 97 69 13 75 94 63 25 78 88 8 94
24 88 97 19 45 94 69 46 90 69 74 85 68 66 87 93 79 36 9 42 58 41 21 46 53 62 32 95 72 75 33 1 31 39 27 6 89 39 66 79 24 61 65 36 87 33 94 66 82 48 99 93 50 36 29 85 18 2 8 71 15 13 82 62 66 56 77 15 27 79 69 65 42 90 15 99 97 54 16 80 51 35 52 16 96 55 90 74 41 100
9 18 22 3 92 14 38 79 48 86 64 39 94 57 16 88 81 53 90 65 11 5 97 36 33 49 22 100 58 3 31 6 30 11 93 73 63 99 54 70 65 41 43 33 38 95 81 86 20 91 6 85 44 40 13 85 66 4 22 84 72 98 53 72 77 54 1 12 52 84 3 6 96 68 44 9 31 38 96 41 100 74 64 17 55 21 22 47 93 48
85 9 61 18 55 36 83 40 28 49 97 13 41 17 42 3 61 96 24 5 62 69 62 6 68 20 67 46 96 29 99 22 70 78 30 6 57 8 57 17 9 82 74 2 36 76 25 29 44 38 76 56 16 28 30 96 48 72 65 39 55 3 15 65 39 44 90 80 83 30 62 37 13 57 46 27 83 79 8 26 38 78 22 14 16 1 31 100 8 22
24 79 88 87 35 96 94 21 85 58 54 19 11 3 19 48 8 15 8 11 85 32 98 88 8 13 24 20 55 74 10 38 80 18 40 35 10 2 96 83 67 33 98 24 69 14 94 63 29 62 84 28 48 40 99 60 69 50 24 20 4 83 94 82 8 30 98 51 38 87 53 50 94 72 31 57 90 11 89 42 45 95 63 92 61 34 46 81 23 56
25 33 48 81 89 49 20 27 86 29 26 70 100 21 20 33 17 50 47 11 70 11 67 34 18 52 67 91 46 84 51 7 76 66 88 83 20 58 16 1 84 89 67 77 24 9 70 66 19 7 85 97 39 93 49 52 13 1 49 65 88 27 31 33 44 26 99 33 19 88 56 77 49 27 68 31 44 24 22 46 33 93 43 53 71 61 90 77 85 51
99 85 1 2 6 82 29 2 89 81 95 73 87 33 25 46 36 88 59 35 15 85 33 70 63 28 94 57 50 41 94 56 18 36 39 82 29 19 13 89 69 95 39 97 83 42 40 81 18 59 34 13 2 24 92 51 4 89 63 77 68 46 96 98 14 23 57 20 21 19 84 20 13 98 35 71 92 8 94 45 9 69 16 91 69 26 23 94 33 18
89 77 63 91 40 11 15 46 46 58 67 91 9 57 63 70 15 4 84 32 5 50 91 39 91 9 74 35 39 69 87 22 87 63 87 21 30 59 78 70 63 68 1 74 1 54 57 52 55 95 84 49 55 86 58 32 37 55 25 43 46 84 31 93 79 83 63 29 43 55 88 20 58 67 53 10 17 68 98 27 16 37 6 97 53 77 72 83 62 11
55 79 50 50 46 10 27 55 7 92 30 14 93 89 29 87 17 54 20 16 69 46 78 17 92 52 55 48 17 31 55 76 14 67 4 55 70 84 30 55 86 46 6 69 16 24 76 20 32 53 55 12 19 27 90 19 68 56 61 66 46 92 19 4 74 47 83 43 3 81 70 36 93 43 38 37 84 69 39 31 83 53 85 18 7 5 16 16 67 43
85 16 92 62 79 1 58 84 89 95 96 84 57 77 3 71 54 47 91 62 6 10 94 95 18 21 20 79 72 39 24 8 91 53 96 70 67 13 95 69 63 81 99 26 59 60 15 65 76 94 45 58 72 1 50 65 32 33 62 63 26 52 17 62 22 28 3 83 33 24 27 16 30 55 29 13 54 57 83 43 7 3 16 77 29 29 69 7 76 98
89 9 63 57 51 24 27 65 68 84 85 80 32 47 26 71 88 52 91 43 3 60 2 62 82 28 99 81 70 56 41 24 64 11 56 27 68 59 53 97 69 100 30 28 86 95 17 96 27 54 37 43 43 1 73 98 11 31 23 94 27 32 55 21 33 94 91 32 100 10 79 80 60 10 100 81 54 49 98 46 81 65 74 6 74 76 4 51 24 2
93 14 23 7 23 38 8 36 56 65 67 75 27 78 75 44 68 36 71 78 57 84 86 44 32 74 8 87 81 40 43 55 70 75 51 89 1 73 71 55 38 61 97 55 25 17 39 56 31 62 58 33 3 84 65 4 54 84 46 64 81 14 12 70 99 20 66 56 7 96 50 95 46 79 59 74 88 95 80 33 81 19 66 17 7 97 48 70 17 22
61 86 73 58 65 22 86 61 23 85 18 12 35 10 60 57 38 47 15 44 89 13 41 29 31 12 100 27 62 83 41 49 65 87 23 90 28 3 49 37 24 8 54 27 52 88 79 57 6 57 52 70 51 95 53 37 2 15 41 50 31 24 72 44 35 59 39 49 43 71 44 55 98 4 22 7 66 66 29 98 23 2 8 88 88 72 3 63 18 68
12 60 60 12 83 39 37 33 85 94 85 40 40 36 77 33 95 72 68 69 81 81 4 27 64 46 76 78 58 49 92 91 16 90 61 81 35 77 74 94 62 43 46 71 12 4 76 26 54 14 20 35 87 26 56 1 83 24 52 68 46 7 94 82 60 63 59 60 41 27 100 35 16 6 4 1 8 31 31 38 33 41 95 9 80 17 3 59 64 43
64 16 73 95 92 2 11 98 75 2 85 61 5 34 17 84 21 60 62 75 70 82 77 20 23 95 77 4 38 88 80 60 93 55 84 40 100 64 57 62 37 37 79 28 10 85 2 14 46 39 45 25 50 76 59 48 9 41 46 5 76 28 64 89 68 93 50 24 46 98 18 73 82 53 38 46 45 69 79 16 17 100 93 38 37 47 48 49 96 64
37 64 25 61 86 96 60 6 15 73 46 99 55 45 70 29 13 21 5 50 62 40 5 49 10 66 29 99 64 84 28 58 48 83 23 79 76 5 61 65 74 46 67 29 34 35 48 12 79 59 30 53 74 36 40 17 27 77 41 78 77 14 9 23 90 7 22 81 64 7 17 99 47 65 17 48 58 28 68 51 70 6 48 51 5 32 46 93 60 45
74 98 26 53 99 58 94 24 40 70 12 95 45 22 20 50 93 3 86 51 6 24 86 88 28 19 90 32 13 15 55 90 95 91 86 36 61 11 47 90 32 28 10 86 27 35 45 9 43 10 19 14 81 8 91 41 47 65 36 94 50 36 14 52 1 3 46 87 62 47 12 42 49 22 12 10 27 19 35 53 62 36 2 84 43 80 59 32 72 2
96 14 19 27 92 64 95 39 85 62 93 33 21 54 80 93 36 49 49 48 73 30 36 48 18 73 84 28 71 45 96 49 91 20 46 19 34 22 20 17 8 4 19 61 42 70 86 94 22 46 40 91 87 16 78 70 86 30 13 18 40 2 3 24 78 65 14 90 49 7 75 9 35 30 17 95 14 63 4 10 71 63 64 48 8 66 32 50 92 4
34 27 44 88 95 5 48 13 43 7 66 57 68 31 8 57 35 21 44 79 10 74 24 86 12 58 39 83 83 2 62 95 93 90 33 45 79 68 26 41 33 25 84 5 44 67 5 69 56 88 25 21 89 65 10 13 61 87 3 88 43 54 15 70 45 19 27 25 35 73 57 92 43 5 2 31 96 67 61 34 41 22 75 25 71 54 13 42 81 64
96 51 78 98 36 71 66 48 74 23 18 10 80 38 98 54 87 48 35 43 34 2 58 77 89 35 59 67 79 29 63 89 81 28 78 8 43 99 30 28 90 18 9 65 41 78 27 60 87 6 21 24 31 57 15 75 95 11 72 37 21 72 45 42 80 62 75 64 80 85 69 7 8 48 67 29 84 51 36 83 47 40 98 67 3 75 66 85 27 33
59 44 4 89 17 66 4 96 37 52 24 75 54 74 76 81 40 23 18 28 84 45 59 9 10 74 38 73 95 14 19 49 71 56 32 53 93 3 94 46 27 25 76 13 77 37 55 87 51 36 34 26 7 24 90 47 2 60 96 97 92 82 68 8 82 55 77 96 2 20 10 48 12 25 55 77 86 99 77 65 26 85 18 28 68 51 40 7 1 82
29 60 81 3 40 87 12 72 29 100 83 40 67 19 59 71 39 43 6 56 90 8 52 61 96 92 77 7 22 80 48 98 15 21 48 83 67 40 82 2 1 7 46 42 85 31 23 92 52 16 67 89 14 80 88 92 84 41 71 44 85 57 8 89 66 38 39 40 26 83 30 27 88 35 50 20 4 5 81 29 38 29 9 3 8 8 66 72 66 93
46 58 54 65 21 17 78 82 86 8 46 6 18 48 88 90 100 29 10 88 91 41 6 23 27 77 86 36 64 12 40 94 47 56 21 54 72 60 58 100 95 94 33 9 70 55 60 82 16 14 49 79 17 77 85 64 41 64 90 100 86 7 72 13 96 62 98 1 13 45 17 67 99 33 8 12 40 13 77 7 70 63 76 68 26 87 85 2 37 32
38 77 31 77 74 31 29 77 9 97 36 74 40 2 85 76 66 73 21 58 88 100 57 75 53 3 42 27 63 73 47 24 46 31 28 93 78 3 41 83 26 52 10 81 84 3 54 46 6 26 24 89 78 67 84 83 76 63 8 63 37 32 49 22 97 87 44 76 54 12 41 38 89 4 25 1 85 72 5 54 36 37 12 7 29 88 28 36 17 59
88 70 48 74 48 89 13 18 20 49 34 53 90 15 94 51 11 78 97 71 21 89 91 16 95 69 79 2 23 7 37 82 63 35 18 58 81 16 87 57 4 25 44 50 57 84 36 93 55 78 88 3 38 94 6 15 67 60 65 57 56 67 91 17 61 13 41 34 21 24 64 58 45 40 81 18 51 91 19 8 95 76 93 29 16 93 93 13 52 96
24 55 17 88 15 5 25 98 19 51 78 4 41 13 98 3 36 64 45 41 83 3 35 76 29 20 69 90 70 82 77 77 59 11 71 5 66 34 4 22 65 96 90 2 89 74 66 74 61 27 33 15 34 15 31 71 42 77 85 30 82 50 94 70 28 28 3 55 36 33 37 41 47 37 3 80 74 26 92 18 73 91 72 66 95 5 21 23 41 36
40 30 92 44 13 77 24 96 46 27 61 6 24 73 74 37 84 75 34 59 36 14 45 62 22 32 76 58 25 62 6 37 28 55 42 25 55 7 98 63 27 9 69 55 1 6 91 85 59 12 48 68 68 36 48 43 23 10 31 36 52 12 55 10 2 72 93 26 64 70 10 71 36 81 67 68 16 62 25 78 87 15 26 47 60 50 67 95 22 28
63 35 25 44 52 85 56 75 36 28 73 94 19 12 85 84 93 92 81 54 57 32 77 90 7 96 53 51 93 8 13 32 43 47 4 26 74 84 71 60 83 76 36 89 16 33 43 86 48 68 83 77 45 55 90 7 90 7 30 39 39 31 7 51 24 70 82 65 62 1 80 53 42 8 82 74 9 94 18 50 37 35 74 71 57 94 93 36 22 36
99 33 4 69 31 29 1 5 9 3 25 85 89 22 73 48 62 44 64 15 8 29 3 7 5 43 11 56 87 79 35 15 19 66 75 40 69 74 18 94 95 43 51 94 46 77 42 68 86 1 68 78 80 46 29 97 96 9 14 54 99 27 35 81 40 71 34 96 23 44 76 60 65 98 33 90 32 36 14 83 89 71 68 72 40 77 25 11 69 5
41 89 88 28 93 85 33 28 84 73 69 30 63 64 79 43 98 67 80 85 23 10 96 43 64 96 54 34 84 28 82 47 91 16 7 50 36 32 24 43 53 44 92 31 58 89 79 96 92 79 31 67 48 34 80 36 2 21 50 99 17 62 8 29 61 9 54 99 55 32 59 48 27 89 79 79 71 23 60 24 1 47 41 75 93 31 29 12 78 88
82 22 51 34 25 43 26 55 54 10 23 89 59 68 54 63 51 33 52 80 77 27 51 48 32 86 32 37 67 70 1 37 14 85 22 26 95 49 61 7 28 6 95 74 73 26 17 25 99 33 42 43 48 67 83 39 99 33 57 12 95 17 53 6 89 14 17 79 36 48 19 21 44 3 51 16 49 67 41 89 60 47 26 60 7 45 77 12 30 12
100 86 78 81 76 72 38 59 82 2 4 74 92 26 69 60 4 53 99 9 77 19 27 62 32 100 46 62 16 2 83 8 19 6 57 53 72 38 94 81 20 41 10 65 78 74 8 20 75 55 54 71 80 9 62 57 89 28 21 83 31 17 26 70 9 17 43 77 50 56 11 82 48 93 21 80 20 12 49 29 82 83 91 17 28 47 77 36 95 50
11 25 10 78 17 52 15 41 67 45 6 60 83 72 35 50 2 11 33 11 54 7 52 65 89 97 29 64 50 18 31 97 77 46 7 62 10 24 67 90 31 21 93 74 50 28 71 78 63 59 40 73 91 30 81 23 45 18 69 99 55 86 86 7 14 80 43 38 72 91 16 52 25 18 90 26 20 80 74 67 15 83 78 71 28 88 100 91 25 42
