20
4
98 47 12 46 9 36 24 1 71 24 9 49 42 100 78 49 52 34 78 85
48 84 88 26 67 84 33 47 77 77 13 64 81 84 40 57 16 71 54 6
25 64 59 69 26 24 94 44 78 100 65 54 74 34 83 18 21 60 47 2
65 8 7 30 34 18 28 36 35 87 11 100 21 14 56 15 71 77 21 94
68 7 72 24 67 61 90 16 57 84 53 42 14 98 9 34 9 17 34 29
32 66 39 43 61 1 80 34 49 49 84 81 71 91 73 67 73 69 96 90
25 62 6 35 65 66 70 23 43 47 2 6 6 45 95 25 97 69 60 10
26 12 80 83 69 84 60 38 61 1 91 87 88 40 13 14 91 55 39 59
20 54 15 64 52 98 6 16 7 17 18 61 12 5 54 40 53 99 62 62
62 12 81 88 43 63 30 40 40 77 14 21 27 85 79 53 6 85 7 86
2 9 71 71 39 84 71 87 70 39 100 40 13 41 12 31 12 53 59 72
16 38 15 34 75 90 38 66 65 81 66 8 60 28 27 13 82 97 27 97
97 40 83 49 14 17 33 59 13 92 20 68 44 62 22 20 41 42 10 10
72 66 71 44 56 42 52 53 45 20 76 65 70 73 25 91 90 29 33 1
51 96 13 95 2 91 47 22 99 51 5 19 95 64 21 99 96 5 74 18
84 6 43 77 24 3 22 87 55 15 97 68 71 85 49 59 33 11 22 83
13 28 85 5 72 41 64 52 79 87 89 95 52 19 76 28 62 18 59 43
8 74 1 7 61 10 54 17 58 38 45 26 40 15 80 4 37 8 4 19
36 65 26 68 82 72 58 39 42 87 64 39 6 94 10 8 43 1 62 4
10 77 39 93 75 70 88 71 46 48 84 18 12 40 53 90 85 13 8 19
59 54 96 55 65 5 39 81 45 79 4 79 77 3 33 29 61 59 87 16
75 27 48 90 57 38 59 71 1 85 40 27 23 62 2 59 50 13 15 95
100 40 39 75 70 73 51 98 50 39 97 28 67 4 14 43 90 18 18 65
3 99 63 36 48 58 9 4 35 48 6 38 35 80 23 15 63 14 35 72
27 1 35 93 28 30 2 96 46 13 35 46 29 94 98 86 26 32 30 63
99 34 59 100 10 5 70 31 13 72 12 83 92 2 90 89 48 42 84 44
46 70 6 68 30 100 36 5 56 33 8 7 73 31 72 32 15 44 64 84
61 56 61 45 6 85 49 8 73 9 6 41 59 17 12 74 22 40 51 99
12 15 86 94 88 54 19 8 60 82 46 35 54 7 21 30 90 76 45 70
29 83 52 30 96 79 48 93 97 65 77 5 56 1 87 82 33 27 49 38
52 59 64 67 7 36 9 75 48 74 81 91 13 23 6 77 37 14 32 55
49 48 51 70 52 79 13 48 71 12 97 76 16 96 22 94 25 4 2 60
33 11 69 14 53 70 49 78 42 77 11 60 99 63 68 69 47 31 56 69
6 10 34 20 96 56 24 15 3 57 21 67 10 80 69 77 47 28 14 52
28 60 30 79 87 69 73 71 20 62 78 54 16 16 43 22 28 89 45 36
29 10 43 95 54 28 24 63 74 55 7 26 67 82 25 47 15 13 82 33
35 55 84 75 99 52 100 86 6 60 27 59 61 25 26 8 60 36 47 95
71 29 62 69 25 60 4 80 69 36 27 34 66 44 55 3 56 68 47 54
67 22 47 70 84 45 76 75 36 80 12 23 59 39 10 66 42 80 21 45
76 61 62 24 25 25 11 60 19 59 89 46 81 98 54 68 47 70 7 4
46 94 96 39 97 58 86 8 11 42 58 9 21 6 88 97 91 10 22 4
28 61 2 36 62 54 46 70 62 85 36 22 73 36 50 75 84 28 90 60
37 79 7 17 6 66 35 96 62 24 37 4 92 27 60 29 63 53 12 5
41 88 42 100 22 42 80 75 13 39 71 49 49 61 43 40 75 90 24 12
19 22 72 51 79 58 30 85 30 52 93 99 70 43 28 34 9 38 86 26
20 91 68 86 41 90 95 15 37 29 95 52 27 68 93 92 63 85 100 52
38 64 1 86 83 35 81 43 70 87 87 23 78 56 40 21 30 89 70 3
3 57 41 55 89 9 48 23 51 20 78 36 67 9 48 73 36 63 71 95
24 89 94 10 31 48 24 42 91 18 41 31 24 26 97 72 71 60 38 9
91 97 67 61 8 63 83 46 38 74 42 25 32 23 89 46 38 70 74 42
93 100 38 88 29 41 40 32 11 46 18 66 90 63 3 6 47 78 66 31
35 50 95 41 4 94 95 77 37 29 92 95 43 70 53 32 18 58 97 43
45 4 85 34 12 12 30 6 62 4 94 96 52 69 29 25 41 20 83 73
2 57 31 47 21 71 85 73 45 92 79 66 33 42 18 43 44 23 73 64
28 83 17 41 60 89 44 3 28 16 6 20 17 4 19 86 9 71 99 1
77 9 43 5 55 28 45 69 8 60 62 83 81 87 52 81 56 2 84 47
60 96 7 81 38 39 45 83 8 22 76 10 25 13 10 90 27 26 78 36
38 28 78 76 99 1 90 54 12 59 73 48 12 81 93 42 39 13 20 89
99 73 60 55 64 69 18 100 37 47 86 81 13 56 59 69 53 8 26 12
63 80 4 15 44 48 36 39 86 65 98 52 59 41 3 96 91 4 53 53
9 8 8 51 8 39 78 77 6 74 5 48 17 69 20 93 60 98 56 53
51 76 35 88 50 32 84 25 79 21 84 8 68 68 71 75 16 44 49 26
72 52 18 42 98 24 81 3 78 86 28 85 36 70 19 8 20 53 11 1
45 27 88 52 12 29 36 97 28 53 53 76 60 26 89 13 46 67 72 96
8 63 66 80 55 81 62 8 5 36 69 3 68 47 23 85 13 16 67 93
17 7 89 36 38 80 18 74 26 95 24 25 88 36 91 88 29 22 88 28
73 18 2 84 62 56 26 56 88 45 76 92 32 60 40 62 68 39 47 51
18 12 48 53 18 69 22 8 67 46 27 56 68 10 64 17 18 68 34 100
55 10 14 81 61 73 52 3 8 75 72 14 69 85 75 7 34 12 98 14
96 70 99 11 85 65 78 6 15 25 53 92 83 72 8 15 84 25 7 93
40 29 45 50 85 31 18 80 26 30 100 19 28 7 37 70 18 27 92 68
72 20 13 5 90 53 72 83 46 25 13 78 71 51 25 48 29 3 77 75
33 38 78 39 44 71 30 11 37 36 25 15 23 84 74 75 6 24 16 68
12 58 23 95 94 1 17 7 31 14 74 35 97 98 58 88 64 26 70 32
14 39 19 96 21 73 51 80 78 43 56 4 72 28 18 78 77 46 53 61
44 47 81 76 76 56 90 37 37 91 73 79 9 53 22 91 98 50 90 44
92 70 92 29 57 33 45 61 97 47 10 56 50 93 83 78 12 40 58 66
37 9 13 12 48 98 11 91 55 7 65 24 14 7 54 54 85 47 4 75
67 85 57 9 67 4 30 9 87 93 25 22 69 96 68 9 27 42 86 68
63 67 42 34 84 36 9 54 43 16 4 40 25 21 90 40 44 91 11 62
