45
4
53 67 18 62 1 26 49 24 53 3 64 22 19 13 12 43 36 80 72 6 15 36 90 36 46 68 70 11 43 33 38 85 79 5 59 100 71 77 70 71 10 89 52 83 43
34 1 95 13 49 58 85 30 9 23 51 40 53 32 36 45 93 73 74 42 19 83 61 15 38 68 24 64 53 79 78 84 48 70 13 30 55 34 6 15 89 9 44 24 93
11 77 92 87 29 11 96 32 82 23 11 24 46 12 32 23 81 16 81 21 79 3 4 67 55 15 43 16 100 81 28 57 58 42 71 61 68 52 37 86 98 98 25 21 75
91 60 6 89 2 71 78 74 27 67 36 55 12 83 77 18 47 18 55 21 29 44 61 93 39 10 35 35 45 39 4 12 73 72 53 21 32 30 31 82 87 99 75 82 25
56 60 70 58 55 95 14 62 27 98 66 62 44 5 92 88 22 94 12 56 48 73 95 69 78 93 89 17 49 4 22 100 66 67 80 34 1 1 69 38 3 27 82 18 35
52 45 36 76 12 24 52 15 41 18 54 39 41 17 26 71 11 16 89 54 11 36 40 13 42 3 6 53 24 85 64 85 91 11 8 34 81 56 31 47 64 53 58 57 79
93 29 11 68 80 86 60 2 35 49 20 98 85 41 28 21 86 7 49 75 79 99 67 60 30 19 8 76 46 55 38 87 25 20 6 14 90 80 52 1 84 90 49 27 87
34 38 36 64 83 1 51 51 13 38 85 29 18 44 66 49 63 72 39 33 14 97 98 26 64 32 84 92 27 22 46 13 70 33 18 73 32 60 43 11 48 53 46 57 4
14 26 59 85 50 46 57 66 60 42 14 57 46 34 79 53 97 62 70 73 15 2 52 23 84 19 80 40 85 94 55 31 4 77 23 80 9 97 46 31 48 62 49 17 86
45 37 12 50 84 18 99 32 89 51 28 94 65 68 76 62 42 93 93 81 5 30 96 65 8 8 22 35 5 92 65 72 29 5 100 68 60 25 5 51 91 84 13 89 5
70 69 61 35 46 97 29 91 9 79 67 62 59 15 38 44 17 35 50 41 9 53 90 30 66 18 61 65 48 65 61 24 38 47 60 15 4 62 33 96 70 89 83 23 34
3 7 36 21 13 51 30 100 14 82 71 73 32 38 7 73 96 17 47 17 63 10 65 85 21 9 29 36 70 48 12 63 34 60 48 16 83 39 3 23 45 91 85 79 66
38 33 61 10 21 8 3 28 22 37 32 99 87 65 3 85 19 14 81 26 11 54 59 76 20 56 15 67 94 66 22 82 98 59 1 48 14 42 57 99 69 67 36 72 85
87 1 80 25 12 31 23 81 29 76 29 2 58 78 60 84 60 80 1 48 56 5 4 39 60 24 76 99 61 10 65 86 4 42 30 18 9 31 21 27 2 48 69 49 79
78 28 24 52 99 92 18 84 71 33 27 9 88 63 72 78 65 15 47 10 62 64 73 21 20 36 25 82 6 40 89 16 56 84 36 59 50 52 70 21 78 79 32 90 93
53 65 46 71 83 87 94 92 48 33 62 38 2 68 14 15 14 26 53 43 74 12 9 92 48 74 18 82 73 45 71 75 82 97 52 63 10 14 34 14 94 57 64 68 31
88 43 64 38 22 80 56 34 48 91 12 42 17 69 30 32 63 7 82 84 93 76 27 79 68 37 26 82 12 26 36 84 62 75 23 71 65 52 88 62 46 4 1 90 17
6 3 35 42 53 97 10 64 37 34 33 80 23 95 97 40 20 48 22 51 92 93 63 68 15 26 34 52 52 95 87 21 83 90 1 66 96 46 55 88 54 73 37 26 3
54 38 75 72 69 12 55 14 91 9 7 53 30 46 52 48 15 37 3 20 52 31 38 74 88 32 80 89 57 79 16 63 22 74 13 92 68 59 65 35 76 85 91 10 55
82 65 47 2 25 29 79 81 73 93 89 52 96 23 4 92 12 46 14 25 37 79 22 51 52 31 50 40 12 68 74 44 32 63 59 71 19 22 74 60 19 31 58 27 31
33 80 69 53 55 34 48 95 5 82 19 36 5 81 24 97 39 41 68 14 34 28 73 4 9 17 27 29 35 25 14 49 62 71 82 47 9 84 52 18 35 99 81 26 3
82 53 12 43 25 12 29 82 43 52 16 8 98 14 12 35 23 20 13 87 93 87 23 95 50 48 71 62 96 27 84 76 2 89 70 82 96 60 34 51 53 61 84 3 81
54 40 2 89 70 55 46 69 9 79 42 91 41 45 59 71 9 62 16 15 76 87 30 21 22 4 47 91 81 57 69 26 39 91 23 28 87 55 52 12 89 17 19 20 25
61 79 32 72 58 79 63 71 4 17 2 6 18 4 96 47 45 27 80 85 34 89 36 19 6 51 80 54 40 64 18 75 7 19 19 26 22 25 56 40 48 95 100 21 4
72 56 8 4 80 23 79 74 13 27 3 96 13 59 91 44 82 80 39 81 2 75 11 61 93 52 5 25 31 23 94 91 65 31 52 16 68 72 82 3 60 65 67 30 67
52 49 50 36 85 66 82 100 55 77 82 31 77 29 69 91 50 57 97 46 54 66 58 81 22 76 55 64 88 97 77 32 65 85 34 14 32 69 70 52 92 97 51 30 68
69 5 83 18 61 2 27 2 57 11 42 41 48 74 70 30 61 96 16 94 18 52 36 77 67 38 89 67 32 62 55 17 11 51 69 22 77 97 79 71 73 64 46 68 29
23 96 75 51 38 18 73 89 12 38 96 85 7 78 69 19 54 7 61 84 35 36 6 48 29 72 15 68 6 88 6 6 45 18 47 75 31 65 85 29 11 88 28 20 64
61 66 37 10 17 4 100 33 28 39 91 17 77 50 20 10 22 98 45 60 47 19 37 82 64 7 95 8 46 17 22 47 73 1 70 31 6 32 20 56 62 87 82 28 70
95 4 23 42 22 8 45 22 41 6 5 84 79 99 31 58 35 77 4 4 21 92 59 26 33 6 86 66 44 97 16 4 69 66 6 61 75 84 38 80 89 31 46 23 45
37 83 58 63 83 17 70 72 61 77 62 11 13 41 81 25 96 45 4 23 24 94 84 90 92 56 92 47 67 6 64 64 55 53 21 12 12 94 43 26 11 6 44 37 100
33 64 19 10 26 82 78 89 19 47 18 86 32 97 95 61 92 37 94 47 56 65 85 35 42 79 85 64 55 19 40 74 75 49 28 38 84 77 41 96 69 51 69 27 84
66 28 70 86 17 28 7 12 44 33 78 21 25 23 52 66 79 73 50 57 10 59 32 22 20 29 57 66 36 13 51 80 10 14 44 29 28 55 24 57 3 39 24 87 42
32 89 51 79 1 59 56 19 3 8 43 16 68 2 55 20 8 37 21 18 93 38 66 59 15 8 76 73 89 54 42 30 35 43 20 4 29 93 92 47 1 52 5 89 72
79 94 45 22 49 68 71 53 27 55 37 3 50 3 4 72 55 90 27 43 61 62 9 54 32 32 69 8 52 79 27 62 27 94 43 69 48 96 75 24 3 43 11 91 88
7 74 31 99 57 54 12 70 20 80 48 73 44 11 12 44 44 44 7 36 56 51 71 41 20 63 71 73 22 54 74 76 55 4 44 70 38 51 42 41 33 23 98 2 93
11 80 60 27 36 50 56 58 46 13 76 1 66 20 81 86 71 80 46 94 43 45 30 29 95 87 37 34 43 13 46 95 69 42 69 57 87 11 85 84 77 88 30 69 58
81 74 51 9 45 25 71 17 39 100 1 60 94 36 35 96 90 16 49 100 87 39 66 57 79 26 9 7 94 18 73 5 63 10 26 23 83 51 82 70 7 23 19 98 79
34 62 25 100 8 50 91 41 81 32 7 67 25 65 84 91 14 62 33 60 46 93 69 5 26 13 49 84 20 12 75 20 63 99 14 44 15 32 33 68 50 48 73 52 51
100 79 48 80 45 23 27 38 85 33 90 83 92 81 41 19 61 19 8 48 49 3 93 16 7 9 8 48 9 19 47 48 62 9 81 29 54 39 31 23 27 45 77 47 58
89 30 76 33 13 34 9 91 42 59 67 54 78 76 1 43 87 28 100 91 50 93 31 97 29 47 78 13 31 72 46 94 1 60 7 21 50 98 60 98 48 9 44 48 5
9 91 64 14 59 57 41 39 67 48 62 72 18 29 96 86 13 4 95 22 99 61 38 90 41 31 44 10 1 42 57 98 57 81 83 64 84 58 69 37 93 32 20 14 100
55 51 30 23 77 73 57 52 39 42 44 74 35 68 98 41 21 15 61 55 49 87 89 58 5 69 4 23 46 45 56 27 45 80 56 92 10 45 16 31 94 87 67 53 38
37 30 84 31 38 3 92 47 31 27 4 88 62 66 54 57 21 100 29 46 12 7 92 46 27 54 64 43 99 98 69 90 54 68 33 75 89 87 64 68 2 29 92 54 43
83 38 18 19 82 40 70 48 100 30 68 67 97 32 62 32 83 65 40 19 20 75 22 54 22 83 76 80 51 26 14 37 11 13 29 7 89 66 38 53 18 73 35 50 13
61 26 60 56 13 27 12 74 87 71 54 86 41 16 17 80 89 69 1 37 35 92 98 71 57 12 60 4 43 88 86 68 98 76 57 4 34 92 70 65 33 20 97 35 92
11 20 79 3 48 56 14 42 32 75 40 21 42 17 14 30 18 65 36 52 4 42 65 93 38 42 99 31 16 68 15 9 70 39 32 30 86 96 39 63 96 98 41 51 29
68 99 50 81 21 70 82 13 64 14 94 96 78 79 64 26 53 92 92 86 51 31 64 6 46 71 17 97 52 92 66 2 24 34 76 30 7 3 18 35 77 3 7 10 72
81 34 38 55 71 66 98 7 31 4 30 18 11 32 20 16 55 91 22 77 52 28 63 79 79 40 18 67 68 16 19 23 11 91 75 93 58 74 76 43 72 68 39 38 1
14 6 45 2 72 43 86 16 11 91 10 75 78 43 39 7 35 81 43 33 60 32 93 15 74 43 95 72 39 74 41 100 79 5 82 66 17 95 66 57 59 82 64 58 45
40 58 39 92 84 73 44 48 16 64 39 26 11 70 2 83 83 83 31 52 25 20 6 90 50 95 40 15 29 19 39 55 81 76 14 45 62 75 98 69 66 14 4 9 90
81 71 38 32 57 98 77 62 52 12 80 96 60 57 11 1 29 50 45 63 63 85 84 80 73 7 31 94 6 64 40 30 95 55 74 57 17 6 99 17 53 44 56 91 14
36 51 46 75 14 28 81 80 19 74 11 48 71 86 53 81 70 63 59 51 54 67 83 44 10 3 41 14 15 53 89 17 64 10 18 18 74 96 79 79 35 18 34 43 39
73 97 48 75 84 5 29 8 20 89 69 11 45 93 90 83 5 82 50 80 65 13 57 16 86 92 14 72 100 12 23 71 18 56 41 63 69 23 62 28 76 23 68 47 76
85 57 53 62 18 75 4 45 10 83 78 27 66 75 35 68 18 99 47 59 90 82 60 88 51 19 37 14 36 72 47 96 12 53 67 63 96 70 98 28 92 97 33 65 74
33 20 10 7 65 8 48 83 40 13 100 38 67 13 64 9 37 69 38 25 90 84 32 77 15 30 39 73 76 16 19 44 35 88 75 12 15 54 33 12 51 18 85 97 74
70 93 51 100 95 43 68 93 29 86 72 41 73 16 49 73 2 60 65 22 85 58 15 74 55 27 7 26 54 11 75 14 30 7 4 49 25 52 22 63 98 78 20 15 7
65 74 7 73 27 27 77 33 2 18 50 92 53 16 46 81 21 97 16 23 92 10 31 76 85 32 87 11 9 38 88 15 90 56 4 6 27 80 86 4 74 49 3 99 47
39 40 72 7 42 48 99 64 71 53 45 44 72 65 14 29 93 37 100 67 38 67 55 41 39 35 77 100 68 48 36 86 26 45 44 98 42 19 28 67 79 64 58 79 67
52 83 54 64 24 94 89 79 15 5 56 31 45 37 43 28 99 43 85 7 42 49 1 78 22 84 62 77 62 44 14 27 29 41 42 54 4 100 57 74 75 60 3 41 31
93 44 71 7 3 7 55 57 3 39 11 2 43 90 43 81 9 94 64 54 71 29 50 98 61 39 17 20 28 77 12 8 2 100 52 34 78 11 42 33 87 23 81 69 89
67 51 8 69 25 98 51 73 15 94 86 70 98 67 57 10 60 47 51 77 75 73 2 91 62 48 42 58 22 24 30 21 92 59 72 72 12 56 29 81 67 31 2 72 42
100 40 47 81 4 9 72 54 63 24 54 79 98 4 39 31 56 56 7 4 76 82 87 100 79 49 42 75 73 84 77 19 78 11 20 3 20 89 59 20 39 99 2 82 72
30 16 40 44 87 55 27 18 69 89 66 24 32 57 8 30 69 72 96 35 30 59 11 95 99 2 28 41 17 8 21 25 66 100 57 3 86 85 93 41 11 54 74 14 93
33 40 74 99 81 82 71 20 15 99 92 48 49 27 97 37 35 73 26 20 72 10 70 90 33 97 66 45 69 95 14 86 77 19 43 62 2 18 51 46 98 32 98 33 12
87 41 49 24 75 41 45 1 55 7 57 12 65 45 20 56 94 37 10 33 33 17 77 96 49 52 18 4 85 81 100 79 69 68 89 54 16 7 98 22 11 38 6 71 76
93 9 29 21 23 67 2 76 56 54 100 74 20 74 52 32 94 20 24 21 31 19 54 47 38 32 88 37 59 79 76 89 61 58 12 46 83 48 69 42 61 100 13 58 46
62 74 55 83 55 76 61 29 1 75 94 92 35 67 52 50 37 32 25 19 18 57 3 46 19 22 78 19 15 82 10 23 80 70 72 36 61 37 36 73 72 94 67 85 95
50 82 35 32 19 81 1 41 64 80 39 55 14 42 37 79 65 66 77 59 37 81 96 57 30 98 63 51 9 99 68 90 41 82 80 94 96 30 94 27 44 94 22 14 74
44 42 21 64 42 72 18 14 94 33 44 2 47 7 29 36 87 69 64 6 86 93 54 22 34 17 7 62 95 26 37 81 49 7 8 75 39 12 8 78 78 15 5 62 78
9 80 88 56 15 45 11 27 11 5 40 49 79 55 3 25 23 76 9 1 87 83 79 95 16 11 76 30 61 44 43 96 95 87 42 36 35 61 54 9 35 2 21 20 33
72 36 36 51 32 97 70 22 57 72 99 60 32 92 2 88 43 78 34 36 91 76 16 44 6 82 52 76 97 44 32 76 45 34 99 39 76 2 4 72 2 57 42 45 51
50 31 6 19 91 55 71 92 79 75 61 12 54 9 97 68 34 24 23 12 94 65 97 16 65 30 74 49 10 8 51 76 1 4 70 92 37 82 88 42 47 57 91 43 61
2 87 65 5 86 51 21 100 20 55 17 3 7 73 21 19 70 6 23 24 12 36 28 89 16 88 43 50 72 86 17 55 68 81 29 30 7 56 71 63 20 34 62 59 34
83 26 20 67 82 88 23 3 39 75 4 11 19 42 81 36 53 7 62 73 10 17 31 83 12 26 51 53 49 33 34 25 81 31 2 15 70 42 69 31 5 3 23 80 77
61 37 38 58 60 15 31 36 73 28 87 45 37 64 99 22 28 28 81 83 18 4 28 69 89 48 27 36 93 18 53 86 58 15 49 70 78 22 76 76 84 74 59 5 36
65 77 21 40 76 22 69 39 77 96 77 19 62 91 100 45 5 99 70 5 25 34 14 68 42 99 28 42 77 72 74 56 83 13 34 45 90 77 28 7 44 34 69 92 96
2 24 61 27 73 44 31 50 33 70 6 43 52 82 49 24 31 32 27 55 74 40 22 18 46 31 53 93 2 61 22 61 64 10 100 50 73 23 64 42 14 94 97 82 79
30 75 30 56 90 84 6 16 16 63 21 98 14 55 15 50 96 95 79 36 32 40 96 12 38 28 27 57 33 61 18 8 65 51 26 5 28 60 97 78 37 29 18 76 24
50 66 65 54 12 96 55 31 50 48 73 48 82 80 71 93 62 72 74 15 37 36 51 44 65 88 93 2 34 58 14 3 29 83 14 86 96 57 6 54 95 67 91 19 78
36 40 36 82 100 35 2 48 29 11 7 11 61 12 31 27 49 84 85 68 80 39 9 56 91 6 18 86 5 37 96 66 76 93 51 35 24 62 85 99 88 57 57 14 96
20 72 62 59 74 5 92 66 25 78 36 51 11 72 69 17 1 61 82 77 51 22 17 79 96 79 53 35 29 63 72 44 67 73 86 21 39 64 27 40 31 1 44 47 84
76 84 38 59 97 60 71 92 96 72 85 46 46 86 100 30 81 76 33 45 18 45 14 82 39 30 9 56 87 64 19 67 23 50 26 86 28 23 63 30 9 79 51 5 82
23 47 5 18 53 81 73 58 37 71 69 92 35 3 24 99 45 21 43 20 81 44 24 2 19 38 93 16 24 52 14 13 23 31 17 44 35 5 83 53 32 52 22 12 40
87 21 64 80 46 70 47 76 27 32 65 14 12 48 89 10 15 51 33 5 98 54 85 47 82 76 21 7 98 80 75 22 51 18 67 55 49 20 16 48 21 53 95 36 90
88 65 31 47 56 64 60 97 76 76 1 96 91 77 71 1 77 61 74 2 72 84 98 85 78 69 48 59 94 88 78 71 71 25 47 51 75 95 63 9 22 18 8 73 56
77 91 74 61 45 64 48 2 71 46 78 22 49 77 95 47 67 87 73 44 22 84 30 61 73 22 3 99 15 34 42 60 36 43 56 70 12 11 81 76 24 96 43 98 80
97 14 25 93 12 74 48 30 84 17 18 82 63 75 73 91 1 7 57 44 32 48 12 20 5 64 9 79 21 93 59 57 58 73 62 45 37 27 39 99 11 44 78 85 57
98 91 83 81 45 96 80 11 31 38 14 14 27 7 74 83 67 96 43 73 31 45 51 44 32 65 46 37 29 21 82 99 88 33 65 27 17 12 30 31 23 98 87 47 100
81 26 87 95 15 55 1 70 54 64 73 29 94 42 63 18 91 6 29 30 61 49 48 65 40 55 77 82 35 89 10 42 78 35 32 81 27 7 78 75 22 51 39 25 14
46 20 7 10 1 74 73 4 40 32 56 26 11 51 99 11 13 61 71 31 60 8 27 29 70 11 17 93 83 61 82 11 39 2 92 66 66 88 29 73 3 48 14 42 76
21 30 21 77 74 81 47 11 79 47 69 55 97 7 16 1 81 53 97 52 18 90 24 95 21 75 99 45 73 31 81 80 56 93 66 97 84 58 19 72 14 15 16 10 66
76 73 70 50 24 67 14 18 82 92 10 64 4 76 70 8 21 50 27 73 92 81 51 29 63 84 89 22 53 98 36 41 11 19 60 56 78 88 85 41 61 59 97 57 93
61 55 55 86 63 72 74 72 88 59 95 92 64 84 99 33 31 3 40 62 65 79 92 19 95 73 87 96 77 88 19 55 24 26 21 64 35 35 100 89 20 45 52 94 94
28 95 7 5 53 33 8 64 67 44 79 49 32 44 31 97 53 68 5 17 84 3 69 2 58 94 93 99 37 90 62 27 87 87 72 89 25 60 90 85 61 32 92 98 40
52 57 14 99 90 69 70 32 30 28 72 14 49 23 67 7 63 88 2 41 42 34 49 80 93 57 74 13 15 50 45 9 36 31 46 16 68 68 93 51 26 62 76 24 18
46 60 37 10 97 16 59 28 28 78 41 87 87 89 9 8 6 31 34 54 44 93 84 47 8 41 86 53 36 87 97 52 97 52 43 92 72 61 86 1 69 4 50 3 89
36 74 3 21 28 93 12 20 28 75 60 99 92 69 90 62 92 7 62 26 58 1 84 44 4 10 57 44 41 94 56 59 7 36 20 40 11 77 87 60 74 75 90 46 58
32 83 33 100 24 43 70 21 73 80 67 87 13 65 11 2 46 20 96 62 80 46 67 45 15 56 95 98 14 98 73 37 59 19 69 65 76 97 3 71 79 51 73 53 43
77 72 92 2 75 69 30 62 57 64 6 35 70 56 56 46 2 14 91 51 24 72 66 71 53 46 29 87 54 19 92 26 9 66 75 91 91 92 84 96 76 83 14 96 24
25 80 70 26 94 80 41 82 79 66 95 13 59 94 8 51 70 77 85 34 38 56 73 33 49 18 81 36 56 43 71 58 30 83 36 8 45 92 48 21 37 98 23 90 55
27 32 1 26 51 94 87 48 72 66 92 62 31 12 56 21 48 99 9 71 85 64 24 73 4 84 17 14 11 67 8 11 11 43 5 20 7 54 52 83 30 24 35 6 16
54 78 40 61 89 5 46 76 7 47 12 26 50 13 54 87 86 30 14 63 40 96 35 88 30 5 68 25 11 12 11 81 38 67 81 21 14 96 77 19 43 71 45 58 59
98 76 79 8 10 2 71 60 47 46 12 39 1 55 4 34 81 97 62 39 38 58 91 76 76 15 30 46 1 31 62 88 43 25 3 14 44 78 18 79 29 44 34 98 68
18 26 53 18 87 53 38 57 67 11 74 90 38 82 86 40 85 67 46 95 71 42 89 49 83 26 35 43 37 73 14 70 84 16 54 74 74 7 67 90 23 49 60 1 60
39 77 35 47 60 33 12 35 35 34 4 42 55 20 58 43 61 69 59 43 17 30 11 17 77 60 25 42 81 71 35 71 41 42 78 96 79 32 82 31 11 1 54 59 1
74 2 11 100 5 44 49 79 43 36 74 63 39 65 47 89 83 91 78 43 32 12 89 89 49 37 74 51 44 45 83 79 69 59 15 52 27 15 43 63 34 69 2 20 54
73 26 71 3 77 72 35 31 67 20 87 87 44 56 42 25 95 61 56 19 51 24 80 77 3 21 83 34 22 27 60 67 79 30 68 63 14 80 51 43 4 51 56 46 37
81 52 55 60 15 66 73 52 11 77 64 7 56 71 30 60 72 11 73 97 94 4 77 43 39 70 71 61 28 94 49 62 14 91 62 2 18 63 66 76 56 20 100 96 23
49 28 73 66 20 27 84 23 92 53 90 4 16 22 74 23 60 16 92 20 97 30 84 79 71 14 99 9 57 89 11 22 82 10 46 61 77 17 8 9 19 41 77 27 78
58 96 28 94 10 34 56 75 50 100 2 56 22 9 75 42 15 28 35 75 39 69 87 39 45 43 62 46 16 32 36 14 84 80 85 16 7 62 25 66 10 64 62 56 81
42 63 6 73 21 39 23 96 41 71 58 46 43 98 62 44 24 39 87 13 22 4 76 75 24 70 67 76 21 18 72 85 1 21 45 27 69 92 61 76 100 44 77 2 77
39 56 24 76 27 85 47 49 75 66 12 90 46 55 97 89 67 64 14 33 21 72 60 84 83 26 26 1 12 48 92 30 65 51 11 55 74 48 15 17 95 63 83 70 24
26 93 96 43 28 56 14 31 53 37 20 57 23 84 19 56 67 45 79 14 66 69 14 68 35 65 88 49 93 52 1 66 15 77 42 48 5 65 9 35 7 91 20 24 73
53 46 69 41 38 45 74 21 22 64 58 42 87 97 64 51 14 96 16 47 27 23 64 21 34 93 6 75 31 79 18 44 57 40 3 69 85 87 68 76 36 100 33 28 61
38 32 90 24 20 26 57 14 49 10 82 40 84 36 1 48 12 87 61 80 89 90 76 46 85 15 92 57 18 63 83 78 60 31 17 7 15 68 2 58 31 35 38 64 97
59 51 27 6 78 80 14 40 39 69 8 58 61 29 72 21 7 39 96 87 92 20 3 32 91 2 12 4 37 39 17 87 52 82 19 64 87 90 3 45 9 96 93 44 55
59 70 97 11 74 13 59 6 34 3 62 79 12 36 100 70 17 71 27 91 22 89 53 33 40 5 53 92 70 48 17 48 87 47 4 36 64 1 87 98 28 82 97 12 74
72 73 3 98 31 9 84 92 12 61 89 79 46 19 34 14 17 61 8 17 71 89 29 21 13 93 42 47 82 39 24 43 34 57 20 5 10 76 70 31 61 35 72 44 35
3 10 37 32 48 63 54 51 85 18 32 36 55 30 38 69 51 75 4 67 38 58 58 41 67 1 47 77 45 19 3 10 93 54 55 96 50 38 11 14 97 26 1 62 48
59 42 90 71 39 88 95 4 75 68 96 22 48 80 85 77 67 20 51 19 34 44 61 12 22 40 32 14 52 27 89 4 96 90 53 10 50 30 47 100 29 6 75 6 1
63 67 68 91 37 95 7 1 40 97 88 61 97 84 81 20 87 27 89 43 98 76 92 61 76 78 19 16 52 75 97 74 70 31 86 76 90 73 60 43 94 14 2 50 71
59 59 1 81 33 67 70 69 68 12 15 6 76 78 20 99 5 76 30 40 36 68 47 1 34 93 20 5 42 2 36 53 80 48 57 65 88 74 94 80 29 99 66 13 37
7 30 75 72 19 53 58 12 85 60 10 13 57 79 67 19 63 73 73 32 31 46 97 76 87 100 19 59 94 40 56 2 61 7 52 19 51 65 58 64 70 89 11 7 97
8 81 83 53 70 62 63 22 42 89 55 60 69 47 40 46 91 77 32 37 48 6 47 60 22 30 97 45 55 89 9 39 4 55 55 25 14 49 96 31 2 14 76 49 93
35 61 19 34 87 66 75 10 87 1 25 65 79 31 66 9 23 56 20 86 12 33 7 31 57 70 57 7 87 93 39 29 73 56 71 46 24 87 23 21 82 36 17 16 8
48 58 50 10 59 76 12 97 21 64 72 78 56 58 47 71 33 17 58 52 29 77 24 63 42 91 63 49 92 27 55 50 89 36 18 88 29 8 90 4 65 40 59 71 89
37 62 29 39 33 70 6 68 7 42 42 16 16 12 62 44 62 80 39 33 39 57 83 44 80 89 12 72 48 34 42 38 77 69 22 55 85 16 90 31 88 19 40 9 22
28 51 19 94 12 72 36 13 59 25 20 80 7 89 73 2 53 24 43 54 57 44 2 49 76 16 48 27 39 82 23 19 56 39 44 100 53 84 57 69 91 28 88 100 53
47 7 8 51 82 81 54 37 72 21 31 97 31 63 13 90 66 38 26 64 46 1 2 43 25 63 88 40 69 97 39 21 34 77 49 64 51 15 79 24 8 99 61 41 34
18 100 4 96 45 4 51 53 55 87 44 88 18 89 2 49 64 93 93 47 38 72 8 37 61 3 3 32 95 14 14 44 33 81 86 47 90 5 38 34 69 99 18 76 14
95 38 24 67 7 27 70 49 94 4 92 69 36 25 65 76 8 28 89 77 2 3 93 81 94 3 93 1 55 35 66 53 66 75 29 8 76 57 74 14 2 61 38 41 69
37 24 31 94 94 86 27 60 55 51 58 26 11 3 7 19 88 16 79 84 36 92 30 52 7 5 56 34 54 71 69 32 21 94 29 78 64 67 86 36 23 37 51 93 60
10 56 52 59 46 86 71 64 98 48 97 75 72 68 88 63 19 6 34 43 67 14 55 21 44 7 51 51 54 75 21 25 72 2 30 76 2 4 23 63 7 59 36 100 17
16 31 11 16 48 58 24 96 29 29 82 48 45 7 23 24 41 50 90 63 6 98 3 5 63 23 17 4 72 99 69 36 31 11 68 5 27 16 57 43 79 84 48 96 13
84 14 90 95 92 53 84 90 18 85 17 42 26 87 15 78 49 52 54 90 7 4 51 61 48 62 43 53 19 1 82 35 62 48 81 50 46 60 6 36 51 84 47 51 82
19 12 90 97 64 66 55 72 23 55 42 49 62 62 99 59 68 78 48 28 14 90 40 82 11 24 3 65 9 1 52 2 65 9 59 71 18 2 79 40 12 87 81 38 39
65 24 33 1 60 1 12 68 96 84 33 88 71 78 56 70 88 92 2 1 43 89 30 27 70 1 35 73 51 70 69 48 68 7 59 96 23 86 87 55 61 21 5 99 35
3 95 87 26 63 35 71 82 61 50 66 97 49 71 39 32 41 58 53 87 71 66 19 93 5 11 89 79 39 93 58 6 47 2 71 63 7 86 7 15 98 14 25 5 76
44 15 24 52 71 36 44 1 63 89 47 79 8 76 99 14 16 43 1 9 15 46 49 56 97 63 21 49 33 86 100 66 81 69 16 84 59 81 10 24 93 11 48 53 4
61 67 52 58 68 18 48 6 60 61 30 79 53 19 56 97 87 24 94 31 30 47 27 6 37 3 69 67 37 49 21 41 94 68 50 24 20 74 45 72 60 37 90 15 65
1 26 22 9 66 75 89 49 88 54 67 80 95 54 85 75 80 82 66 45 64 99 49 92 3 93 28 36 39 43 1 63 14 10 85 43 38 79 90 65 19 42 39 95 72
92 31 34 1 63 15 85 20 57 54 62 96 18 40 52 63 64 68 71 53 48 37 82 16 40 49 92 51 23 74 47 73 56 23 23 10 21 58 100 77 65 9 85 45 15
12 47 27 23 52 74 68 60 20 57 41 18 26 95 81 85 74 8 59 5 34 87 22 81 54 35 18 20 42 98 9 36 56 30 98 31 60 13 54 33 95 46 65 77 55
91 60 50 41 15 15 59 10 12 88 3 86 98 62 33 94 23 68 54 9 4 65 95 97 65 13 37 34 79 53 63 67 68 16 15 72 50 23 37 53 77 56 70 40 11
44 83 28 88 76 93 31 98 91 32 37 13 20 73 21 32 41 77 15 75 31 5 1 14 82 11 63 90 17 28 83 74 74 2 79 95 66 59 99 99 86 94 97 81 85
89 4 15 12 72 53 43 30 22 68 91 82 25 80 15 61 28 17 8 66 66 78 13 78 20 66 92 2 7 41 38 17 91 69 20 77 88 29 30 68 2 1 55 90 1
76 49 36 37 76 81 40 32 22 80 48 44 25 13 93 96 1 85 86 32 23 92 86 40 26 57 60 86 77 58 15 85 36 4 100 40 62 65 1 90 28 14 97 84 20
44 93 40 71 16 52 73 7 71 20 53 13 97 51 34 98 19 4 8 82 49 64 91 21 18 46 10 33 68 16 30 29 83 58 42 73 53 42 10 2 89 87 71 37 27
1 91 35 85 48 96 16 23 77 83 91 36 6 71 14 73 23 35 93 31 98 10 98 40 77 54 42 80 18 48 44 88 59 51 10 43 53 60 66 44 17 36 7 79 94
69 54 27 98 4 64 11 11 55 63 91 100 24 95 58 81 5 35 98 70 69 61 64 79 88 66 84 54 6 82 1 36 46 38 30 52 29 19 76 58 20 68 56 72 10
17 48 52 44 89 1 93 23 54 28 27 16 5 88 2 50 85 11 45 5 86 26 53 2 53 41 91 40 84 85 43 80 6 78 6 54 36 96 20 22 53 4 86 9 62
94 61 48 54 20 95 17 41 15 86 50 80 89 47 84 67 93 51 52 45 69 73 97 16 21 69 42 10 35 2 49 12 22 85 76 79 68 87 90 67 82 2 49 83 31
87 34 50 25 72 7 9 67 69 18 90 72 43 49 52 96 99 17 14 4 88 80 60 45 53 61 65 28 93 43 42 50 1 53 16 26 34 22 11 42 26 9 5 78 68
14 1 45 3 22 56 34 58 73 58 71 30 48 10 68 50 74 20 32 14 82 37 50 44 22 91 89 47 27 93 39 85 17 90 67 30 99 1 45 100 4 20 54 70 51
15 61 3 26 35 91 3 17 85 49 48 45 45 20 76 62 72 40 65 21 49 81 78 53 90 41 12 72 88 33 19 44 43 51 61 22 62 28 20 71 9 30 31 68 33
81 17 59 23 11 13 55 11 65 4 69 9 21 12 47 15 55 34 97 34 61 56 57 34 4 7 11 4 50 43 74 9 46 70 41 100 96 39 49 99 94 84 61 68 26
92 73 73 9 25 76 27 83 70 49 85 74 38 40 12 19 11 82 59 29 47 32 100 66 54 51 7 21 85 94 93 94 10 36 84 67 90 79 9 1 74 69 32 66 72
45 7 21 65 32 14 14 40 74 17 21 72 19 57 83 94 66 59 30 11 13 39 90 96 88 52 58 13 7 87 14 50 2 27 13 73 43 41 55 73 50 24 11 10 65
38 27 47 42 21 76 96 67 96 35 62 9 62 65 4 9 44 96 51 34 41 22 25 61 86 15 60 28 81 21 47 36 30 1 54 37 19 59 3 57 3 72 68 86 2
42 51 35 51 11 59 37 62 70 73 69 30 87 7 19 94 16 23 4 28 92 77 7 49 44 21 55 83 41 15 89 29 35 6 97 81 52 20 18 98 94 47 63 85 72
15 95 23 75 7 18 67 11 21 98 41 64 87 52 85 14 21 62 10 10 62 74 86 44 17 19 45 23 52 90 82 64 49 60 24 87 26 77 43 19 19 94 2 93 9
8 27 47 40 32 81 28 100 44 37 15 24 82 46 76 100 37 41 73 86 67 19 72 96 5 83 52 56 2 96 66 45 50 47 10 22 68 94 55 55 66 35 88 89 92
58 93 10 84 36 14 21 25 89 75 9 47 55 68 67 8 33 11 37 82 28 1 86 29 30 15 8 11 70 90 86 73 75 43 37 9 45 35 6 71 87 42 67 73 1
94 2 67 37 98 60 28 2 96 21 2 3 47 82 83 18 8 80 49 51 30 2 35 29 19 80 19 66 65 59 100 34 80 100 64 62 79 90 57 16 59 95 81 11 8
83 45 81 90 5 57 39 52 65 33 56 11 90 84 60 81 71 75 39 71 5 30 56 55 9 36 50 55 60 2 87 51 56 64 88 75 38 3 10 85 68 3 82 61 34
97 3 74 79 67 10 73 37 63 19 58 29 66 24 75 86 41 42 12 73 57 60 4 39 12 82 82 11 83 10 4 79 44 11 44 54 100 71 92 34 78 43 79 99 28
27 54 63 13 49 64 51 42 54 98 34 97 10 90 46 29 1 48 95 4 95 25 62 8 85 66 80 80 8 2 10 28 67 22 14 10 21 39 9 90 19 75 93 25 85
23 9 20 54 56 36 67 66 79 89 99 35 92 8 82 86 53 14 83 58 93 39 38 98 29 55 24 40 88 25 33 30 99 57 6 83 11 54 46 71 87 49 60 17 75
32 63 91 62 99 42 38 22 97 68 91 55 69 89 60 65 30 17 39 30 80 77 90 2 65 6 68 7 56 87 4 80 15 70 63 60 58 71 17 59 8 44 8 73 59
68 38 22 29 65 64 12 9 75 84 79 6 70 30 88 41 11 56 61 51 28 96 68 64 44 61 3 8 100 31 77 45 74 12 44 90 21 20 13 35 72 61 37 29 42
100 55 72 41 91 35 31 49 81 84 8 89 54 98 71 68 65 6 39 51 11 25 51 40 28 81 24 48 45 68 79 20 13 83 54 96 94 55 65 51 58 26 11 64 43
2 20 58 77 79 87 27 73 72 16 94 26 83 40 78 57 96 38 56 76 9 28 81 52 17 56 26 59 63 75 10 63 46 98 59 51 49 68 31 11 9 29 66 98 37
19 38 98 49 47 74 20 77 57 29 93 67 48 79 38 94 5 41 52 64 51 18 72 31 83 23 61 4 77 11 31 58 92 29 90 95 76 89 44 35 71 58 95 89 25
73 47 70 68 53 70 88 84 95 15 77 31 72 68 38 61 30 16 6 16 98 32 31 75 10 38 50 29 63 48 6 13 99 86 47 3 89 9 83 30 62 13 37 29 58
40 79 62 61 37 79 69 7 33 46 22 44 40 78 21 50 44 14 5 8 39 67 84 39 56 70 14 68 23 56 89 24 97 33 100 7 55 96 9 15 92 50 76 69 78
5 99 73 24 25 11 49 45 34 82 8 52 76 47 77 7 17 24 39 40 72 3 64 23 98 86 85 12 61 58 6 14 22 42 74 95 83 75 50 18 12 48 9 76 68
22 76 7 30 9 59 6 84 53 71 30 97 68 31 62 97 33 34 10 64 29 33 70 52 43 57 94 9 86 81 91 48 5 86 36 60 72 75 70 26 63 59 16 10 9
85 14 12 24 63 55 83 22 48 30 46 7 53 43 77 74 29 51 76 82 62 80 39 7 33 37 3 28 51 99 73 38 59 57 84 24 39 13 24 53 94 14 99 50 14
54 97 24 37 68 77 41 2 66 54 69 1 40 32 6 65 24 79 50 10 64 17 13 52 21 35 4 53 30 33 70 78 93 39 9 12 41 30 1 7 55 93 47 99 40
