20
4
18 11 15 18 16 3 10 20 14 1 9 6 17 7 13 3 1 1 9 19
11 19 3 14 1 20 14 8 13 19 6 7 3 20 1 7 13 12 8 18
7 14 18 18 7 4 18 12 15 16 13 7 2 3 19 14 17 12 16 13
1 17 2 7 19 1 5 10 14 5 11 16 4 15 11 7 4 5 1 1
16 4 13 10 17 18 19 3 13 6 3 14 6 12 17 9 20 19 4 14
12 5 8 14 20 4 15 2 20 5 18 6 18 14 3 4 14 15 6 6
11 15 1 6 10 4 13 9 4 19 17 9 14 5 8 13 16 10 11 19
17 2 10 20 2 12 19 16 20 12 7 2 18 15 17 11 8 20 12 19
13 7 9 6 7 8 6 11 15 7 10 5 5 11 13 8 9 5 11 1
5 10 19 8 3 20 9 20 10 14 11 17 3 16 16 8 10 12 10 18
16 2 18 14 20 9 17 6 1 6 12 6 13 10 20 12 18 12 16 10
3 4 16 13 1 15 10 17 11 1 20 9 6 5 5 3 20 4 7 12
13 13 3 18 16 17 13 13 19 3 15 4 15 3 12 5 12 17 1 1
14 13 12 12 18 4 3 17 11 1 11 6 15 16 4 15 11 2 15 11
13 19 8 7 6 4 4 12 13 20 19 15 8 4 16 15 8 3 8 15
7 14 10 7 12 7 10 1 13 10 1 17 1 1 14 19 9 11 9 14
13 8 18 10 16 19 8 7 19 7 4 10 2 5 13 11 7 14 7 4
19 13 11 8 19 4 9 2 9 12 7 7 5 18 6 2 7 10 6 12
12 6 14 17 9 5 17 2 6 14 1 4 2 19 10 3 20 1 17 19
6 8 20 19 1 4 19 10 9 3 8 6 9 9 13 5 8 13 2 13
18 11 7 20 3 10 4 17 10 2 11 4 3 11 3 8 14 14 10 11
7 14 19 2 7 10 16 2 1 9 14 6 2 1 7 20 3 9 5 3
3 18 17 15 9 18 17 3 2 5 19 15 19 12 4 9 5 7 10 19
16 16 17 4 2 14 1 17 11 14 3 8 2 13 15 5 4 13 6 16
8 20 20 17 14 16 14 6 8 15 14 3 8 9 20 4 4 10 16 15
15 19 14 19 15 7 12 13 19 14 9 18 16 4 16 11 1 10 10 3
16 9 15 8 15 5 15 7 8 13 17 7 10 8 9 17 8 8 20 19
14 11 18 11 18 17 10 7 8 16 13 16 3 2 10 15 8 1 13 13
4 4 1 18 9 12 19 14 5 8 16 19 20 7 2 1 11 8 5 14
11 3 9 6 10 19 13 2 14 1 14 16 17 17 15 6 3 1 17 17
1 16 16 2 19 12 8 6 2 18 16 15 15 14 20 13 1 19 12 12
16 7 14 8 14 7 12 13 18 12 17 16 6 5 4 14 16 4 13 10
14 18 10 4 15 8 9 3 20 1 7 6 5 5 16 12 8 8 7 7
16 9 13 10 1 20 14 7 1 6 9 8 19 5 9 2 2 5 7 6
3 19 13 10 14 16 3 20 5 5 14 1 10 13 15 20 15 12 8 17
7 13 3 4 6 8 7 3 19 18 17 5 15 11 4 19 14 15 11 9
7 19 12 8 2 7 19 15 16 19 6 8 16 8 10 20 1 7 1 7
17 19 12 20 8 19 13 6 4 11 8 4 13 5 20 3 1 12 4 2
9 4 7 15 19 20 2 18 5 13 6 17 2 9 6 10 10 3 7 1
4 11 7 7 7 17 17 9 13 14 17 1 1 7 17 3 20 18 1 13
7 4 13 17 8 9 5 20 6 12 16 1 17 17 6 20 9 16 12 11
13 15 13 12 16 6 19 4 6 3 8 12 14 4 6 3 17 19 20 19
3 13 6 18 14 18 11 8 15 15 6 8 17 14 20 17 18 6 10 18
17 9 2 8 2 18 10 13 8 1 1 15 15 13 11 11 13 15 7 17
16 12 1 12 3 13 10 11 18 17 11 12 9 20 2 10 3 1 7 2
14 20 18 13 7 9 14 10 1 14 15 12 4 3 11 4 2 17 11 6
9 17 15 15 2 16 8 19 7 15 2 18 10 16 9 16 16 8 2 10
7 19 3 19 12 6 12 15 17 17 11 20 13 20 20 11 14 14 6 20
17 10 7 18 16 18 15 12 7 1 13 8 4 6 2 10 2 7 10 17
19 7 15 10 8 5 1 3 1 12 11 5 4 18 15 11 17 7 19 20
5 11 13 8 10 16 16 20 12 11 1 7 10 5 9 8 12 1 14 8
7 7 3 16 10 7 2 4 4 17 13 10 17 8 20 6 18 9 15 6
15 3 15 11 7 19 11 7 5 20 9 6 15 2 10 17 4 10 2 9
4 17 18 13 6 17 3 10 12 3 1 8 3 14 15 5 16 3 16 6
1 15 5 12 12 17 15 7 15 12 7 16 8 14 5 15 18 13 8 16
5 15 4 15 3 14 18 9 9 5 18 6 18 1 8 5 17 12 9 2
16 17 9 6 7 12 14 9 14 12 4 6 9 13 2 2 20 19 7 17
12 12 10 12 10 18 11 4 17 9 2 12 1 14 15 17 1 1 7 4
2 1 9 4 2 20 7 1 11 10 18 2 5 4 7 5 19 3 7 18
7 11 11 4 20 8 8 19 19 10 9 13 6 5 8 4 14 19 9 18
20 14 7 19 13 19 14 20 14 17 8 7 11 6 7 13 15 9 2 6
13 7 15 16 10 13 15 19 6 7 9 18 12 10 18 8 17 8 15 4
6 12 1 7 11 19 7 13 19 4 13 5 15 14 8 6 7 4 18 14
4 19 13 13 19 13 3 15 15 14 18 1 1 14 2 16 2 5 19 5
10 10 14 18 16 19 11 19 12 8 16 20 4 10 2 1 16 16 1 19
19 13 3 20 2 19 4 8 5 20 11 3 5 11 15 3 18 4 20 13
10 8 20 16 14 10 12 16 20 11 8 20 18 3 20 20 20 13 3 12
15 11 4 16 7 12 11 10 8 13 11 19 18 9 1 7 8 20 3 1
2 12 6 4 5 1 14 4 9 3 13 19 4 8 14 4 9 20 17 16
10 11 16 11 3 1 6 1 1 18 20 4 1 8 11 12 3 16 12 15
4 18 7 11 13 9 18 3 4 19 8 4 18 6 15 18 12 15 14 12
14 2 12 2 14 9 8 7 9 5 10 12 3 3 14 10 9 10 19 2
20 5 15 11 8 4 2 8 17 8 2 20 14 5 4 20 3 9 3 6
6 4 18 15 6 14 19 14 16 15 8 20 12 10 2 18 1 17 19 20
1 9 9 12 17 4 5 8 11 20 20 11 13 13 6 7 11 20 17 9
6 17 7 2 20 17 17 8 18 8 7 13 1 10 15 17 16 15 2 7
8 11 18 19 7 15 13 18 4 14 20 15 8 1 19 7 7 17 8 2
9 14 20 3 9 8 12 16 1 5 9 3 16 11 20 17 11 15 13 9
18 7 13 8 1 16 3 13 18 8 14 15 4 2 18 5 13 20 13 7
10 12 4 15 3 9 10 8 3 6 6 11 7 20 17 15 9 3 5 13
