90
4
57 76 94 34 97 42 6 28 97 13 6 46 69 85 24 67 97 55 39 45 30 63 65 72 5 79 90 73 45 1 31 31 91 68 2 24 5 55 5 55 45 62 31 78 79 88 31 48 52 35 75 50 22 23 75 56 47 84 65 41 27 99 65 20 62 48 95 58 78 14 77 32 32 84 29 43 21 77 19 28 76 37 41 13 86 40 50 58 75 6
4 83 94 50 9 7 18 61 67 5 78 91 51 20 60 13 70 17 56 36 28 45 19 91 18 82 14 61 32 71 29 1 100 76 78 14 66 83 32 21 13 16 97 8 30 5 44 49 97 10 28 77 80 100 2 79 33 40 48 88 16 62 48 98 91 7 87 48 31 25 47 97 99 46 42 95 83 17 30 41 55 80 97 51 82 88 53 32 45 17
92 17 51 76 94 81 17 66 91 34 61 100 76 83 82 51 93 65 29 41 95 77 13 33 51 17 97 44 50 13 81 79 35 46 77 57 20 60 60 25 98 32 97 81 6 22 57 6 9 89 31 46 54 37 32 96 60 67 26 92 73 24 26 1 4 30 97 40 57 94 92 5 68 93 24 84 69 87 72 96 53 100 27 56 40 3 9 1 63 58
54 53 92 16 69 32 35 7 92 39 6 36 74 69 26 74 15 75 3 81 90 67 58 35 8 20 53 80 39 48 7 24 6 73 67 5 60 3 14 57 97 65 36 81 19 95 64 61 68 31 5 99 78 28 47 68 95 46 100 32 56 80 84 22 87 61 51 72 48 62 91 5 50 12 42 7 25 10 32 86 43 66 47 10 51 42 90 26 46 76
60 8 69 2 86 9 52 87 87 25 75 18 8 17 13 73 84 79 44 6 97 56 48 43 4 34 42 75 39 98 51 11 22 96 83 72 87 77 98 78 75 68 90 98 76 20 11 6 44 21 92 94 19 61 13 49 53 69 54 61 55 12 95 15 85 89 46 91 48 51 64 80 97 6 86 27 78 18 28 14 27 12 36 61 42 42 58 39 2 92
4 85 57 51 73 22 20 4 16 97 66 52 55 52 73 56 50 9 38 72 10 28 32 51 76 43 69 95 34 99 1 59 34 62 20 52 70 63 36 49 91 1 39 82 10 47 18 90 12 7 100 47 39 48 96 100 97 12 55 96 39 89 81 17 9 94 19 3 20 24 11 9 38 43 66 31 52 95 41 55 21 2 12 45 58 26 65 36 9 60
99 44 11 18 66 12 41 26 100 76 14 44 84 72 67 9 17 66 86 71 47 29 4 70 56 19 91 85 96 68 12 93 63 49 81 40 73 5 5 97 94 86 43 69 35 34 93 48 84 61 39 78 25 22 92 65 77 50 63 11 60 12 10 62 31 91 79 90 90 94 51 71 88 4 13 44 90 9 3 72 67 37 94 33 16 3 50 8 11 4
72 23 84 92 42 47 45 31 56 60 38 82 4 52 34 84 54 54 33 17 46 16 91 18 99 29 95 26 68 32 2 23 45 63 75 80 10 67 60 99 48 91 11 17 72 74 87 59 71 73 34 7 89 24 59 65 12 30 58 34 95 53 62 85 97 9 58 74 19 30 10 71 80 4 65 38 18 76 71 97 68 81 71 7 86 60 8 45 46 78
40 56 86 78 91 14 46 36 98 47 70 96 2 37 21 66 18 93 51 27 65 54 94 63 13 35 71 80 19 56 71 58 90 80 67 64 53 36 38 18 95 100 16 82 71 91 99 30 18 28 81 96 23 16 9 47 91 22 79 68 74 16 10 41 67 87 48 3 72 65 35 82 48 67 85 16 11 88 56 19 34 78 15 59 65 42 20 18 69 88
59 34 58 37 38 85 60 35 84 64 14 50 12 77 27 72 53 11 33 29 86 56 75 63 10 23 43 40 94 20 67 24 7 97 52 84 14 25 56 22 58 78 20 46 52 71 30 5 61 78 56 94 48 49 30 96 91 40 37 15 37 6 82 71 73 85 84 62 11 100 14 44 65 45 72 57 30 13 27 55 90 81 66 43 92 41 15 35 43 4
21 58 30 46 77 77 61 99 37 55 8 33 30 67 1 16 29 43 52 25 52 100 78 11 34 57 66 15 25 4 84 26 33 67 72 33 35 98 16 91 76 36 74 36 65 87 77 1 98 36 84 75 68 100 28 85 76 62 11 42 95 92 59 21 23 63 92 52 87 99 78 30 73 46 23 83 51 15 9 68 65 68 69 76 79 76 87 21 4 29
55 31 56 32 22 92 2 56 63 33 85 54 83 81 33 56 24 2 55 76 68 25 38 32 12 18 92 49 8 12 9 38 49 53 13 59 95 53 67 14 24 61 28 9 52 95 28 74 36 40 45 89 78 66 66 56 24 50 99 32 57 90 4 42 28 50 76 71 100 78 18 47 41 51 76 31 40 75 79 33 64 3 28 45 5 43 63 93 53 63
58 26 69 79 38 26 7 52 79 70 30 1 70 93 62 52 66 85 83 1 99 94 51 45 34 80 83 45 20 97 64 73 30 59 65 79 55 59 88 28 61 40 66 83 61 57 74 74 40 37 90 38 28 24 84 3 55 14 83 91 50 74 9 26 9 83 10 35 71 45 23 52 64 43 60 60 79 80 30 66 69 91 46 27 11 13 56 72 66 24
41 65 14 32 41 8 93 28 38 32 82 84 49 2 17 65 91 76 51 80 59 30 51 98 26 98 82 11 86 26 34 17 35 66 86 96 42 48 54 39 31 17 30 73 97 38 67 51 79 34 66 87 21 16 63 75 16 49 74 37 17 100 38 12 27 54 61 100 11 66 55 39 34 25 69 84 11 7 58 24 27 21 18 37 54 61 99 19 26 20
78 18 7 33 65 81 64 75 13 76 25 77 99 11 16 46 83 4 29 98 15 53 72 68 30 89 46 16 49 74 98 17 27 90 27 93 70 51 42 57 34 72 26 20 5 34 45 3 77 54 35 89 27 39 22 88 50 16 2 50 74 37 94 55 89 56 56 6 6 96 83 61 34 51 16 62 4 46 93 31 44 67 41 53 49 85 47 45 56 5
33 26 71 34 52 95 27 80 85 29 29 10 24 47 79 53 5 15 7 7 70 18 53 97 30 69 30 39 4 50 45 30 15 84 26 25 96 14 27 63 23 17 79 7 63 2 78 20 45 33 92 36 51 20 67 7 17 69 82 48 85 55 96 98 10 87 19 59 45 26 82 6 79 17 94 18 87 29 51 56 43 86 100 47 85 13 85 29 78 59
31 71 95 64 62 39 40 39 9 6 63 47 58 98 26 30 79 26 26 64 43 5 84 62 72 69 77 5 61 85 59 28 9 53 76 54 82 53 76 83 66 11 87 89 85 40 68 99 91 53 93 69 61 90 39 53 63 46 19 99 30 25 36 54 5 23 91 44 72 85 59 58 5 27 16 15 33 24 93 41 96 2 23 55 14 34 30 54 98 78
78 55 73 14 73 66 50 3 81 43 30 72 7 16 58 62 58 17 16 81 24 48 99 6 62 83 3 21 51 95 67 84 8 81 24 92 9 31 56 93 85 89 5 57 87 10 52 8 48 91 60 86 73 20 45 72 39 55 61 43 91 64 96 43 82 7 57 39 9 86 22 89 26 43 70 50 8 79 7 39 64 88 95 1 88 77 35 98 27 14
35 65 69 69 66 28 8 96 87 75 42 41 74 13 78 51 79 18 6 67 49 83 94 39 64 92 78 24 47 54 40 49 72 22 10 42 78 7 74 95 50 48 25 84 81 32 5 98 4 59 28 11 51 52 24 21 18 43 68 2 67 68 80 74 86 43 85 86 99 2 64 100 20 95 50 92 9 71 96 42 63 30 10 65 59 10 57 70 26 82
55 41 97 93 26 82 86 54 14 76 42 28 70 88 33 12 69 44 46 51 20 19 27 84 66 35 5 24 41 77 52 98 46 69 10 37 8 45 95 26 29 19 98 46 91 85 10 41 44 88 90 3 69 63 19 88 87 89 69 21 98 38 28 11 17 10 36 33 42 69 59 54 42 99 84 87 25 99 29 87 34 77 46 56 7 92 67 28 40 50
41 96 21 83 2 80 52 4 68 35 34 9 93 97 75 22 19 46 97 20 44 64 71 39 21 20 30 47 78 39 45 10 91 57 20 96 60 66 70 48 42 69 95 64 44 72 12 4 30 17 60 46 8 13 87 17 32 16 13 21 91 11 40 38 62 83 2 89 49 13 46 88 36 85 89 77 66 95 99 87 15 62 51 9 32 11 57 32 83 68
30 33 72 82 61 84 33 94 51 94 66 61 56 97 57 92 80 72 31 72 97 51 79 45 48 87 71 36 62 26 4 78 47 26 3 34 29 26 63 64 31 4 47 16 25 33 79 1 54 5 41 85 49 90 89 19 40 46 25 97 76 31 42 16 94 69 55 64 62 67 64 74 82 86 41 9 30 34 8 85 51 50 72 62 15 24 15 67 90 23
48 75 65 13 46 3 63 8 28 42 9 69 4 61 22 51 89 70 94 48 37 63 24 26 22 54 14 92 55 89 92 33 56 13 19 85 52 9 69 34 17 13 82 96 49 69 60 2 81 43 8 12 53 41 38 65 57 25 37 42 92 99 17 80 65 15 54 26 94 42 73 40 63 47 69 59 1 59 50 44 97 60 65 19 50 30 80 59 34 64
26 28 22 63 66 25 91 17 75 30 45 17 30 47 85 85 6 83 97 64 52 42 47 85 83 65 34 71 37 51 87 17 14 88 7 53 35 74 47 16 61 77 93 62 74 63 100 12 96 96 5 73 82 79 97 36 14 42 95 58 3 4 30 56 92 75 97 53 78 67 41 57 31 12 100 53 89 60 22 72 19 95 57 24 50 85 70 4 46 34
57 21 24 52 64 90 23 44 61 31 34 2 74 94 52 7 97 41 15 69 71 2 62 17 86 14 90 17 81 39 34 39 33 75 6 39 64 52 34 10 66 16 77 11 14 56 98 13 24 35 46 17 72 44 54 28 17 2 48 77 9 32 1 60 65 95 82 84 44 86 14 1 22 99 21 29 86 57 55 68 91 27 78 77 41 18 45 56 69 94
45 70 23 46 4 69 65 75 16 3 69 18 37 86 83 37 95 53 96 20 15 28 62 56 4 52 23 99 38 58 11 49 26 30 83 26 29 90 17 80 47 43 66 4 83 59 88 94 7 79 48 67 25 51 100 2 50 62 92 39 92 100 15 48 79 10 31 19 66 47 62 2 5 33 37 12 82 19 39 76 86 58 84 99 39 48 86 65 14 23
78 82 21 50 92 74 41 82 2 52 53 62 13 55 100 86 17 98 81 31 62 78 49 59 10 71 16 26 82 42 41 64 66 35 58 66 4 55 15 63 95 66 67 49 60 33 15 50 15 60 74 75 84 42 80 51 6 60 98 10 35 87 38 48 51 37 90 80 36 28 78 26 73 22 14 34 55 77 65 10 2 49 98 41 7 57 29 39 93 12
3 26 62 56 37 70 48 66 8 80 7 65 3 14 43 18 44 48 68 55 93 52 26 83 37 36 69 19 80 2 58 24 94 51 50 74 92 17 38 32 96 9 18 75 9 13 14 33 63 99 66 69 67 10 83 97 70 81 30 78 78 22 64 63 61 76 52 36 84 54 82 86 61 8 59 35 81 91 84 83 10 80 29 51 49 20 7 1 73 99
60 33 44 6 62 33 10 34 82 59 83 40 77 10 34 21 70 21 76 5 99 79 86 71 4 78 71 100 69 12 45 17 70 24 15 31 54 36 6 21 19 67 88 52 67 1 7 42 94 39 13 88 39 65 71 39 64 18 9 54 24 4 72 33 10 37 3 47 94 10 45 11 22 73 32 2 15 47 29 72 83 92 80 95 57 67 21 47 33 78
47 38 26 23 70 67 10 2 42 16 94 69 83 51 66 45 15 99 74 61 62 33 95 6 67 16 78 13 85 82 80 73 66 44 39 37 21 97 67 89 1 63 1 48 19 17 88 30 74 51 92 56 42 19 32 9 93 70 5 26 90 7 26 77 85 4 100 33 3 47 73 3 18 5 94 62 21 94 25 81 70 61 46 68 14 2 77 20 46 32
36 3 2 91 2 69 2 59 28 54 71 10 68 24 64 99 57 99 8 63 15 56 54 87 57 7 28 30 6 32 84 4 19 10 34 73 67 47 33 64 25 68 63 25 89 46 12 97 24 98 24 19 44 75 92 19 68 59 29 92 92 5 75 89 38 10 49 16 32 21 94 23 3 69 18 98 33 2 43 12 9 74 35 96 67 19 60 81 3 10
85 44 66 36 20 33 11 23 85 35 91 93 2 54 49 60 16 19 72 42 95 10 1 79 17 39 16 71 56 74 83 77 89 14 91 98 35 48 1 39 92 44 96 39 40 38 56 68 40 40 56 98 11 61 35 35 64 68 94 64 16 12 86 92 16 33 32 44 6 87 21 66 81 57 80 92 68 52 36 8 70 12 80 79 39 65 35 71 93 23
27 22 1 17 72 99 33 93 4 79 23 12 46 47 19 98 27 16 28 84 10 41 72 53 85 15 70 26 41 47 44 73 53 45 2 44 45 23 55 11 91 34 92 40 85 100 20 87 32 95 8 97 4 3 45 46 23 49 19 66 62 48 49 54 21 2 60 15 38 55 99 37 10 49 51 38 26 17 6 31 67 82 15 67 64 13 35 13 61 82
1 76 27 16 78 79 9 78 55 26 31 66 21 22 75 62 15 31 9 3 54 68 92 97 69 9 22 88 96 97 80 22 73 46 47 5 68 18 64 53 43 82 82 47 46 85 63 82 77 88 45 98 52 20 35 15 10 94 34 60 46 17 28 55 53 21 74 4 83 46 24 80 2 85 90 34 85 2 93 11 82 2 41 51 57 60 85 30 76 88
2 74 84 23 15 79 86 41 12 3 81 8 77 52 24 69 45 83 62 94 58 29 19 15 90 59 56 44 88 25 49 25 63 61 45 82 18 86 53 51 30 87 99 20 36 83 44 46 18 26 68 7 40 99 45 40 53 59 43 87 54 4 69 15 73 60 25 52 2 80 24 49 92 95 45 35 9 62 42 21 32 53 46 42 54 64 57 61 90 34
96 17 42 63 4 34 100 15 2 11 74 98 80 67 97 58 14 25 24 10 69 8 4 94 40 97 92 25 33 12 77 42 74 4 98 34 81 69 96 23 82 41 35 60 65 13 49 11 44 59 83 28 11 21 8 42 48 52 38 46 75 94 4 60 69 13 50 60 50 64 50 19 24 70 52 40 61 70 74 29 94 46 19 39 57 50 67 69 32 39
79 26 61 15 21 85 61 37 50 65 17 59 66 99 81 40 93 31 83 8 8 8 48 44 82 78 66 70 70 7 25 84 25 47 53 85 68 31 38 32 64 95 31 71 59 99 66 76 66 92 3 4 44 64 2 15 89 93 56 57 32 83 78 45 27 20 81 24 76 18 36 39 93 5 49 22 51 19 94 95 100 70 31 3 20 67 54 74 60 98
13 37 57 27 100 73 45 50 4 32 71 78 41 38 44 84 74 17 87 38 81 90 46 35 30 58 72 63 6 66 33 10 79 33 43 88 56 49 18 77 58 73 62 87 70 11 96 96 79 24 81 41 80 54 41 45 2 78 30 10 99 4 60 36 56 63 65 60 96 84 5 30 94 80 2 67 100 60 64 64 13 19 89 62 84 27 66 65 56 79
30 42 33 18 39 60 10 95 15 77 43 90 76 26 63 23 32 84 41 29 29 44 93 76 15 49 44 9 50 61 18 38 61 69 60 40 93 33 15 48 9 82 85 75 50 55 60 23 78 25 58 90 5 2 41 44 12 82 57 36 54 22 62 75 83 52 8 69 31 22 12 56 67 74 35 43 98 90 78 7 10 35 82 84 90 74 49 45 72 57
85 72 51 20 69 23 84 17 29 75 9 42 43 43 12 1 70 90 12 63 54 13 49 55 84 96 77 79 22 25 46 86 46 74 70 1 36 68 49 27 84 27 88 62 85 40 56 18 98 86 57 39 74 54 58 11 54 66 10 17 20 49 77 64 3 11 1 48 58 6 78 54 60 62 71 50 24 1 7 21 37 31 23 17 84 2 73 43 76 8
57 97 60 64 58 65 89 98 92 11 71 54 40 21 77 53 31 100 15 56 76 76 7 82 5 13 21 51 28 23 76 64 20 90 42 94 67 99 47 74 9 93 8 76 41 10 32 48 9 69 32 24 96 88 24 24 87 37 19 96 87 18 1 55 56 57 23 17 77 85 30 90 34 14 93 53 29 61 84 48 34 12 40 70 4 89 7 77 4 31
55 87 62 88 28 87 100 88 31 27 82 29 39 31 19 92 2 34 86 19 32 89 24 38 84 64 12 97 89 53 62 94 59 74 50 58 55 65 64 91 73 98 63 39 43 49 2 60 60 77 40 82 53 86 55 94 70 65 28 7 23 20 14 90 68 62 80 11 94 44 62 47 83 48 80 20 31 63 20 5 24 18 69 76 76 29 71 23 88 56
34 94 95 21 94 96 15 77 30 29 69 5 37 80 65 97 40 65 10 1 57 15 97 14 80 60 33 50 2 44 95 92 24 80 70 36 45 38 40 25 22 81 37 54 23 19 58 27 86 74 13 22 34 92 38 64 2 33 55 95 53 51 44 10 33 13 98 83 53 76 40 16 47 44 4 4 42 85 9 22 2 25 70 100 19 85 90 71 43 74
14 15 17 96 72 72 59 84 95 29 35 11 60 10 61 2 2 91 96 3 96 67 12 1 64 36 62 2 70 3 53 37 69 59 30 61 20 14 75 90 45 96 24 82 39 29 36 86 18 43 90 60 34 12 53 63 16 17 100 14 79 72 14 15 76 18 13 34 7 80 80 3 70 27 13 82 93 37 92 6 48 97 60 24 36 73 100 68 28 57
37 71 90 34 47 93 30 33 76 58 96 81 53 49 93 71 90 64 25 7 75 55 100 14 22 57 21 83 23 60 98 66 59 85 10 1 12 31 93 93 10 82 40 35 76 43 20 34 59 36 85 78 24 41 70 46 16 86 64 63 90 6 75 72 95 23 65 51 96 46 11 29 98 46 29 6 33 51 6 30 43 26 30 62 74 15 20 90 77 1
55 75 38 82 3 43 49 74 26 30 29 58 66 98 77 1 33 64 50 57 56 22 57 49 4 38 59 60 99 16 4 69 23 17 1 95 95 40 97 60 83 52 59 20 7 35 2 96 37 5 30 18 8 12 47 43 10 43 35 79 48 9 54 25 19 36 48 62 6 14 61 3 60 56 48 4 93 4 68 25 44 88 95 85 42 46 26 65 4 71
85 12 41 32 77 74 38 89 46 74 31 81 67 40 32 98 47 92 19 19 98 38 56 86 61 87 25 53 34 10 45 98 39 2 90 52 40 86 75 74 95 55 97 39 10 64 59 40 64 98 56 31 63 77 34 4 75 90 15 4 63 68 19 38 7 23 66 56 14 96 84 39 45 49 61 72 76 5 57 12 66 5 42 26 40 33 12 69 62 25
72 13 87 45 32 77 92 28 54 68 69 2 51 50 74 37 51 3 8 26 18 78 81 12 34 26 22 95 94 77 91 48 38 98 73 32 5 60 60 11 21 60 55 97 49 7 6 69 73 65 100 65 48 44 14 73 61 48 97 51 85 24 55 95 35 97 97 79 84 37 13 39 51 35 12 54 64 35 86 2 32 56 68 88 87 33 46 26 56 89
55 71 66 2 65 3 34 55 60 99 40 49 90 87 59 69 25 14 28 80 53 21 99 66 92 64 60 88 68 74 11 93 43 61 34 32 85 38 3 55 34 90 23 81 59 2 34 17 17 14 18 38 39 43 20 98 64 50 74 90 72 47 59 3 6 19 98 8 14 61 49 4 82 35 49 75 29 91 99 86 66 4 78 28 45 97 85 61 6 7
89 30 60 47 35 75 36 77 93 87 75 99 49 25 96 73 23 68 6 58 42 59 25 23 67 7 27 77 22 15 89 74 91 57 28 38 64 66 47 54 4 96 67 56 98 17 45 45 50 36 67 54 40 77 37 32 73 34 31 1 79 73 38 87 70 80 32 10 65 99 59 70 44 45 29 39 21 32 49 86 13 33 56 85 100 46 67 90 36 76
76 87 23 29 70 14 26 56 88 69 98 83 34 50 95 84 34 37 42 62 70 34 22 25 28 81 70 7 27 17 81 43 78 89 13 79 49 38 27 16 43 32 1 65 67 73 70 49 93 48 68 80 23 63 43 96 75 88 57 95 96 91 90 7 52 36 30 25 58 93 81 56 60 92 23 67 52 80 16 30 33 57 28 54 80 45 58 39 63 98
88 54 70 68 81 43 90 49 34 58 28 14 73 36 24 65 48 17 99 89 75 38 43 47 16 32 69 14 37 100 5 85 51 97 62 50 3 53 62 83 39 34 44 13 25 43 72 84 100 30 54 52 10 44 7 76 77 31 89 79 86 25 50 18 8 18 48 92 17 91 85 22 41 22 19 9 18 56 23 55 47 8 49 10 87 22 57 11 56 13
59 22 28 53 67 79 79 50 31 70 42 84 7 10 37 54 97 36 54 2 65 43 66 1 71 59 83 4 80 48 46 54 34 7 10 19 91 58 2 40 68 44 23 79 45 74 85 54 41 32 17 47 91 68 34 67 89 17 6 67 42 78 71 66 81 100 93 53 57 67 27 66 75 17 70 81 54 88 2 22 71 81 64 28 72 22 52 68 85 51
52 37 52 64 40 99 77 38 39 3 74 23 49 37 80 46 97 20 57 7 63 86 45 61 65 57 70 95 5 85 51 44 18 33 38 65 44 65 18 91 43 80 30 63 51 78 41 94 64 44 29 2 94 24 51 88 13 33 32 38 42 34 7 83 40 35 72 86 14 82 9 62 17 37 36 8 50 17 9 37 40 32 51 11 21 5 71 71 13 35
86 31 8 42 26 34 69 74 46 18 58 9 65 44 28 97 46 41 11 89 34 23 55 62 38 78 32 45 50 71 8 74 43 63 53 48 13 56 44 24 63 79 9 85 41 41 43 40 17 29 50 3 77 9 21 2 33 88 78 13 43 30 65 16 50 66 44 69 30 62 23 17 15 74 71 31 73 60 69 55 80 58 41 32 65 45 24 60 48 65
68 24 19 88 12 60 98 60 95 43 80 69 3 94 57 37 10 77 86 21 61 89 70 24 28 21 86 75 99 65 18 57 6 93 71 2 6 54 54 11 70 33 48 4 58 23 15 89 3 28 97 50 56 15 77 1 86 39 22 63 24 85 23 3 41 13 3 84 34 58 42 71 98 5 65 77 32 85 42 58 28 58 14 50 81 9 26 52 87 67
40 35 55 75 97 66 80 98 15 30 91 19 2 76 42 93 29 87 27 66 42 6 95 50 18 16 9 92 78 98 26 92 24 22 19 64 78 81 1 73 82 89 25 89 31 32 93 24 91 30 28 98 26 1 13 27 69 81 99 84 94 49 45 9 33 37 26 39 72 60 62 62 29 9 83 20 4 7 69 36 55 65 14 54 70 90 95 77 62 95
26 23 92 11 36 2 45 25 32 31 78 16 60 80 1 88 82 35 25 89 52 28 82 27 72 21 67 10 49 5 45 99 61 32 40 46 50 17 52 98 65 63 86 86 9 91 91 45 46 86 8 72 54 6 36 25 48 71 76 48 12 25 19 54 34 3 6 23 64 1 76 86 71 65 6 5 17 92 11 29 24 60 12 37 42 5 79 18 18 13
26 2 54 12 92 42 30 63 74 64 9 88 73 86 81 15 59 67 13 14 27 51 13 100 99 47 73 2 73 38 97 22 88 94 85 85 98 5 46 73 14 98 94 62 38 61 92 18 30 27 89 83 6 34 53 15 24 37 53 40 80 32 72 12 57 76 13 2 11 71 65 69 35 99 83 95 69 8 66 79 71 34 46 80 57 75 13 54 39 36
49 34 75 3 15 2 1 3 39 96 22 9 19 89 25 91 89 44 71 33 32 46 72 87 29 59 76 21 98 9 3 43 31 67 81 9 2 81 86 94 40 73 31 34 68 49 74 13 79 45 90 99 83 87 8 96 88 44 16 53 94 16 60 70 52 87 83 73 92 32 15 50 33 57 89 96 16 39 91 42 23 34 50 14 42 89 38 69 82 89
56 84 96 40 98 79 76 40 29 26 55 52 43 94 3 17 1 31 20 23 54 13 18 41 7 39 60 47 11 73 50 14 57 51 19 44 85 67 15 12 13 47 88 10 41 47 38 60 80 40 19 80 17 11 89 100 2 79 23 54 47 96 78 79 10 48 98 65 37 98 67 68 77 11 70 94 25 78 66 13 66 22 66 97 90 64 46 13 24 45
3 91 7 84 43 77 6 8 87 49 8 5 9 98 63 100 86 45 43 37 7 42 1 12 13 20 94 59 35 16 88 36 94 14 60 13 95 42 3 72 34 80 54 7 16 82 26 33 59 28 8 84 52 51 40 16 15 30 92 30 73 93 60 10 27 98 32 24 60 83 89 94 93 89 35 6 37 45 15 78 76 72 38 45 2 42 31 67 35 35
3 16 62 83 27 40 14 44 5 19 25 87 45 61 9 74 63 87 27 72 57 56 80 25 18 1 72 4 64 25 54 15 29 38 83 56 54 70 97 61 40 12 72 91 29 40 60 88 34 80 16 37 86 22 72 66 1 19 34 81 74 8 21 58 58 99 21 60 17 69 76 41 1 57 92 38 90 6 97 31 12 64 27 23 78 4 7 59 50 14
52 86 23 60 19 61 31 53 80 47 51 97 12 55 2 67 85 24 6 50 50 55 72 20 37 27 26 70 10 78 72 2 47 58 60 36 8 7 79 98 62 31 58 71 15 100 54 29 29 31 78 99 21 74 43 100 28 30 12 44 36 80 27 87 6 32 39 14 24 56 60 21 19 40 84 23 49 59 31 30 99 31 26 68 1 21 14 74 11 100
79 82 47 26 51 35 42 29 72 97 95 16 68 47 58 38 9 31 35 18 69 96 58 67 21 69 54 32 71 34 13 71 93 79 91 7 19 98 58 64 50 37 36 19 79 50 31 91 43 75 98 81 77 69 50 59 58 33 91 20 54 94 72 33 44 67 57 25 26 86 59 88 32 73 44 66 17 90 5 20 65 76 18 47 66 75 21 73 5 14
93 6 81 36 9 94 87 90 44 10 85 17 84 64 96 32 43 61 63 79 85 89 29 58 31 40 5 61 53 92 81 51 89 99 50 56 38 9 46 82 39 32 44 44 28 73 80 40 28 35 57 7 74 83 48 80 43 22 53 45 53 2 64 3 29 53 24 75 94 99 69 73 19 47 79 34 11 65 55 62 30 90 6 67 23 21 19 56 4 98
63 43 76 41 83 62 83 51 36 84 97 79 80 27 28 77 13 56 89 55 8 19 54 59 9 80 30 65 17 59 77 66 31 31 3 65 51 65 81 32 93 61 24 15 51 66 46 70 41 100 75 80 38 67 7 71 43 30 77 69 66 55 14 25 13 64 19 50 99 60 48 85 98 73 37 29 7 70 89 97 13 96 73 1 36 41 10 98 7 80
32 32 57 71 31 78 45 99 45 33 12 45 67 88 85 32 59 69 58 85 21 87 91 9 49 83 46 27 93 18 37 58 33 10 87 31 45 56 32 22 85 46 30 31 43 89 15 93 78 55 45 28 32 27 40 95 8 59 16 35 53 10 5 18 13 29 39 15 1 6 34 69 1 16 42 37 100 91 76 59 37 21 5 47 88 14 2 1 58 6
45 77 8 25 65 40 69 28 59 22 24 11 51 35 63 97 4 24 65 2 23 50 39 12 65 94 24 55 80 18 51 12 51 38 6 81 86 2 54 19 23 85 9 6 54 25 67 29 89 69 13 35 80 65 41 57 34 1 51 99 21 31 53 15 5 11 16 13 79 89 95 62 72 72 25 36 92 22 82 98 13 33 47 32 14 92 4 82 35 5
42 37 55 53 56 1 49 82 3 57 51 73 44 1 85 97 34 77 90 26 92 18 39 17 87 78 67 4 57 45 36 53 22 19 5 14 17 71 9 2 51 71 72 93 19 58 97 79 33 23 27 25 47 98 82 50 55 21 76 31 9 40 69 44 36 2 13 3 8 4 61 10 53 7 70 93 73 36 73 7 48 12 38 95 47 51 99 22 49 100
59 34 66 39 31 24 85 68 73 91 36 74 8 73 16 41 68 7 12 91 22 5 65 38 60 53 78 74 64 95 40 29 14 35 47 33 78 44 14 19 9 15 71 65 24 83 93 69 32 6 71 47 70 82 53 64 91 1 38 41 50 87 11 32 97 68 1 16 19 67 7 91 67 4 84 11 8 100 64 88 43 17 42 61 23 34 53 42 65 9
20 2 97 39 13 12 98 71 4 35 65 35 24 41 24 100 17 13 64 4 33 91 55 48 8 59 35 67 17 43 91 90 84 32 13 58 74 76 23 16 69 70 3 71 7 88 32 36 11 96 52 1 36 74 28 63 55 96 100 14 81 64 94 14 68 11 98 22 13 34 91 68 23 98 26 88 86 37 83 59 18 35 41 16 60 99 95 12 21 9
69 10 93 91 7 8 39 6 65 42 20 67 36 96 98 88 22 82 5 31 74 14 71 85 91 69 29 1 70 13 41 69 10 6 74 49 2 92 53 53 17 65 93 11 66 75 61 85 8 36 63 99 43 26 36 48 41 70 78 86 67 66 77 76 75 78 59 76 59 98 79 37 48 92 99 72 14 39 20 73 94 67 79 7 60 43 96 93 26 96
95 71 9 40 7 36 9 74 58 50 10 77 11 42 27 37 40 99 28 44 77 63 40 20 97 20 47 81 33 15 15 69 66 9 98 1 68 25 12 67 34 20 86 1 5 80 28 9 43 75 58 31 28 10 80 20 73 18 11 62 17 3 96 4 6 77 67 99 97 22 5 16 84 69 80 26 84 44 22 2 58 61 17 9 45 69 32 54 16 37
10 100 67 14 6 74 8 22 91 7 76 6 83 40 46 52 98 47 79 85 55 68 30 94 25 50 19 25 45 16 93 35 89 80 20 25 44 4 81 47 9 35 77 14 7 80 23 70 47 53 45 94 76 34 39 63 7 5 84 73 3 59 37 74 86 45 69 17 42 100 24 37 89 36 26 78 52 59 68 55 89 32 54 10 33 83 33 26 71 77
19 26 97 50 17 56 13 53 56 77 53 23 63 60 55 87 79 51 45 99 87 31 16 87 47 26 43 44 44 14 81 68 83 63 21 73 94 49 69 88 97 100 5 76 100 59 16 3 10 66 89 89 64 17 23 68 64 79 37 93 79 29 44 38 80 68 11 2 89 29 70 68 11 15 60 27 49 83 14 18 54 57 60 61 48 89 62 62 83 95
92 39 15 14 96 15 81 56 80 94 35 43 45 8 83 85 64 96 7 91 67 95 78 34 63 61 6 8 49 26 86 8 76 75 2 30 33 23 62 51 36 88 54 47 32 37 98 18 94 37 97 83 33 92 4 87 18 34 46 96 18 89 3 96 12 88 72 60 85 10 97 76 99 40 75 41 48 8 24 45 31 11 97 81 100 18 46 13 39 35
22 69 38 6 40 31 87 27 97 31 56 28 29 82 36 36 98 98 39 58 21 33 86 42 16 25 14 50 77 43 84 40 55 81 62 57 44 42 80 45 70 17 57 21 4 66 45 48 11 15 34 8 75 50 89 98 11 10 31 76 26 78 18 55 81 75 46 98 62 12 20 4 2 20 93 93 4 42 22 92 96 26 23 25 45 82 98 91 63 100
20 99 91 15 56 85 52 67 39 12 16 100 44 66 71 2 52 5 23 24 37 11 84 96 74 23 57 47 35 61 4 64 43 41 70 45 20 5 77 77 13 54 50 11 1 37 6 94 11 91 31 5 22 18 16 15 40 67 31 98 79 19 78 73 69 56 27 77 49 73 97 30 80 57 22 38 96 99 64 50 94 54 64 47 64 100 31 98 8 30
54 15 69 91 86 24 47 65 7 49 87 42 85 85 38 15 10 46 37 64 4 22 52 87 59 43 20 8 14 63 96 83 85 30 100 71 37 71 21 67 41 87 75 57 62 42 69 13 28 89 69 80 82 57 93 13 51 53 89 70 52 6 84 6 80 88 19 47 94 94 79 81 9 71 53 48 37 96 28 22 5 39 75 91 42 32 74 55 21 12
62 16 35 83 87 53 71 66 64 78 7 46 55 85 6 26 5 52 69 54 2 42 18 32 91 35 85 73 23 53 56 68 54 16 46 8 31 66 44 11 73 13 68 37 83 100 55 92 67 25 100 69 90 50 76 16 31 86 80 87 94 21 98 89 55 67 97 32 61 52 40 91 96 31 27 33 3 41 7 32 78 72 21 63 26 60 98 81 6 46
68 86 82 70 13 24 49 28 95 33 18 29 95 40 61 96 81 63 11 25 9 3 40 47 20 40 17 33 11 84 57 75 64 79 74 70 25 82 41 65 15 52 32 83 34 89 30 56 99 87 5 79 47 2 78 20 44 68 20 12 31 75 71 84 38 7 96 61 27 88 94 77 15 61 60 78 6 4 54 33 39 99 48 51 61 29 86 84 65 68
41 15 22 8 19 37 48 66 33 81 42 28 44 75 23 98 7 14 1 36 2 7 25 22 31 69 39 52 97 38 79 29 84 62 83 90 66 48 75 82 8 78 84 19 84 87 51 22 25 32 36 15 85 25 8 22 8 39 61 17 77 89 65 52 50 3 71 65 18 100 6 33 24 60 65 48 72 52 22 64 70 95 39 4 42 81 8 38 52 1
19 69 22 46 55 77 75 86 82 35 1 64 35 36 29 76 94 80 50 22 26 78 39 21 61 93 36 39 52 54 45 83 6 44 83 42 82 18 83 64 26 26 36 89 93 33 34 47 72 22 67 92 73 74 67 75 42 49 48 22 23 41 53 44 100 47 63 91 8 20 46 51 24 16 29 68 26 5 35 14 71 2 82 77 35 55 57 14 18 74
43 59 9 2 15 82 76 49 91 82 67 52 24 70 80 97 16 35 13 97 80 96 10 2 15 37 25 47 80 48 11 3 47 10 26 58 92 99 14 71 46 2 73 74 85 36 19 12 96 86 17 42 42 47 65 93 1 89 18 86 26 50 1 26 86 9 39 47 34 74 82 99 19 66 63 70 47 10 35 26 11 20 14 16 25 13 85 43 42 32
87 27 56 43 89 74 51 31 91 69 70 39 89 63 90 22 50 31 88 95 95 81 83 12 42 70 50 90 81 50 27 84 8 11 36 78 93 77 5 27 17 30 65 27 32 100 6 68 37 66 22 75 16 1 2 55 51 94 59 26 60 36 98 55 23 18 39 8 91 60 39 92 27 45 28 33 97 54 7 71 51 22 65 48 23 71 94 24 15 1
14 99 20 40 37 88 74 10 86 49 32 71 94 3 99 46 66 13 9 6 55 94 18 61 71 93 49 99 44 82 13 46 88 58 92 77 76 87 14 63 35 81 64 74 29 36 89 90 23 94 66 58 18 99 18 8 100 70 88 4 54 62 37 88 68 63 42 53 78 98 93 36 32 53 8 99 96 72 44 70 38 8 18 51 11 94 71 6 29 43
31 60 7 36 22 93 44 63 93 76 90 85 56 69 2 13 56 18 4 73 74 8 7 92 59 40 7 53 99 99 73 26 88 90 40 35 83 83 36 69 77 39 41 34 14 4 30 81 27 13 38 65 35 54 83 91 25 49 77 35 41 73 56 61 100 66 38 92 48 31 89 20 91 56 15 90 33 63 1 100 80 9 86 69 2 63 63 40 3 97
68 40 71 59 74 69 35 72 23 11 80 62 27 23 94 41 49 65 14 56 78 96 83 50 87 81 97 36 33 10 29 4 56 97 100 44 23 40 88 54 40 82 14 75 16 39 51 12 76 58 44 9 86 69 63 53 79 79 84 23 54 91 59 75 91 5 76 16 36 85 83 39 72 28 11 83 28 42 80 95 35 29 88 54 67 26 63 19 90 5
20 59 87 77 71 13 84 69 43 39 48 61 43 5 69 50 35 28 76 7 83 65 11 36 94 18 91 26 15 56 87 29 84 36 47 22 71 92 99 35 9 85 41 66 93 45 93 58 30 84 19 79 22 1 15 72 13 28 30 51 42 51 81 72 90 21 60 10 64 31 17 5 89 37 66 84 96 24 15 85 37 71 59 23 61 66 36 93 72 81
36 90 79 51 28 45 74 65 15 93 37 85 14 7 58 15 57 77 68 22 20 93 41 69 62 39 57 19 60 45 18 66 48 66 82 55 62 19 27 81 23 71 13 36 72 18 7 93 6 49 43 96 10 79 51 73 97 58 67 1 65 44 62 78 15 51 50 81 60 97 7 29 40 20 32 71 71 82 87 14 54 51 44 92 75 61 95 14 43 23
92 24 24 63 56 30 63 77 78 63 16 63 57 80 98 28 26 16 41 25 57 20 81 36 74 36 25 38 40 3 68 88 38 41 79 30 24 2 57 78 20 55 56 23 86 1 61 69 15 6 73 14 11 25 7 58 9 25 34 94 49 100 59 54 51 89 38 8 51 85 53 54 8 45 98 55 2 69 5 29 85 32 95 21 24 20 70 7 91 45
35 15 66 25 79 85 20 25 71 18 55 6 83 76 83 59 39 77 79 61 42 99 18 59 25 28 19 95 91 1 52 65 91 41 78 14 14 53 45 12 77 1 68 99 31 71 80 76 50 74 69 96 24 4 33 18 33 78 10 62 33 38 83 14 49 65 95 52 24 14 43 23 27 93 1 34 66 11 78 52 27 82 49 100 25 82 42 75 93 3
93 97 28 46 31 55 13 44 80 56 47 65 13 49 51 68 13 65 54 59 10 36 36 27 38 98 86 21 45 34 37 41 80 83 26 83 70 3 89 63 59 4 85 67 29 62 14 97 63 57 7 100 97 37 34 19 45 9 15 50 85 4 15 40 82 71 84 48 94 40 1 61 36 64 39 47 94 50 67 49 20 88 89 81 34 8 15 98 93 62
38 53 91 89 62 44 86 60 36 4 60 69 3 94 92 52 86 65 76 43 86 57 7 75 46 61 36 79 62 66 47 65 83 75 97 71 26 56 86 58 32 18 39 85 82 97 59 90 69 68 59 34 75 48 98 17 22 55 45 56 2 90 78 94 84 8 34 11 23 58 6 26 20 28 83 47 93 85 77 34 3 12 43 56 92 17 100 89 96 59
83 26 3 19 2 39 8 22 73 33 37 50 74 37 96 73 40 90 51 80 13 85 100 17 71 56 37 80 71 3 40 8 43 17 87 43 67 40 2 92 1 36 76 86 43 82 19 10 65 83 3 92 9 28 81 83 45 7 76 89 21 94 17 96 30 82 22 100 72 29 65 85 92 47 97 92 95 44 62 53 13 91 62 26 94 9 14 29 47 74
94 93 46 88 26 38 90 11 52 41 1 75 54 84 31 89 80 14 79 71 59 33 23 40 52 99 56 96 38 60 37 38 90 56 37 30 2 51 70 79 36 81 61 80 40 18 38 9 73 4 6 92 36 2 97 68 52 83 77 83 2 73 2 33 4 15 65 79 37 7 87 52 87 13 67 38 20 2 42 94 30 89 1 8 66 69 33 66 21 30
28 33 30 79 11 65 78 58 63 83 67 27 95 40 31 30 89 59 72 86 21 25 50 95 31 91 9 45 75 49 84 10 38 80 15 3 36 2 1 54 3 37 8 29 33 24 99 46 27 59 29 5 42 15 33 98 100 41 80 89 66 27 7 5 18 48 57 70 57 78 80 81 17 96 19 24 62 95 96 89 47 8 23 77 32 74 84 98 30 2
72 29 57 21 98 54 27 41 99 11 85 65 58 96 62 82 4 88 30 49 17 45 47 77 77 92 52 83 27 73 77 99 38 23 68 89 14 56 36 7 15 71 92 41 8 15 8 11 8 81 58 76 83 56 22 89 1 96 72 81 98 98 85 94 7 48 41 65 46 75 11 89 25 26 100 50 65 45 59 60 71 56 97 38 59 73 59 99 100 18
25 53 39 98 75 18 41 51 83 95 61 46 60 54 11 41 73 91 85 11 67 58 75 64 18 23 74 97 53 13 13 76 30 78 97 85 43 27 87 56 57 79 76 41 23 61 48 100 88 47 74 4 22 94 72 46 56 17 42 100 56 45 25 86 92 12 37 1 79 44 68 18 23 81 74 32 20 53 25 64 35 80 96 2 59 54 45 19 83 34
74 54 33 16 92 42 1 43 75 82 57 2 39 66 57 58 63 59 4 86 47 95 51 70 38 22 6 86 62 76 81 8 67 3 67 86 49 18 80 100 76 67 15 98 39 49 76 54 78 12 87 8 60 62 46 61 64 65 18 42 98 47 38 40 3 1 9 40 26 36 16 42 41 59 21 45 15 67 64 37 86 8 77 28 89 82 23 34 12 19
43 77 4 22 25 82 40 80 3 33 44 68 67 48 76 28 20 35 93 16 85 85 36 99 40 69 42 14 23 69 58 23 79 65 77 78 20 37 55 23 77 82 60 57 51 54 35 48 47 71 63 38 92 99 53 99 45 70 65 14 4 78 93 17 59 75 55 83 65 7 49 41 95 18 40 77 67 68 40 77 32 48 69 80 42 100 34 66 79 36
72 6 41 60 52 10 43 15 95 68 21 60 9 5 28 10 68 10 100 56 7 52 54 17 88 30 29 30 66 37 62 32 43 35 53 99 100 73 60 38 9 73 55 18 81 35 20 72 94 95 45 55 2 32 28 22 12 77 71 24 38 83 44 38 44 65 6 92 20 19 13 28 88 5 46 34 53 60 88 56 90 20 26 74 11 23 7 28 36 69
48 31 25 30 48 82 9 49 53 61 9 44 64 84 13 62 38 9 77 99 22 73 24 78 53 49 68 28 76 27 78 44 34 92 15 58 24 70 65 63 75 40 54 27 55 84 36 97 76 7 91 1 32 62 89 72 85 38 85 32 89 27 73 77 27 62 49 80 16 90 78 92 87 15 86 49 65 78 82 51 49 42 97 39 56 45 73 61 38 17
48 78 51 55 65 65 42 14 99 45 20 97 45 88 39 99 50 31 60 86 2 24 1 88 99 64 22 88 45 65 86 94 43 68 30 17 67 17 92 96 90 81 69 13 1 52 52 6 10 23 100 8 13 82 14 72 75 83 17 80 44 40 35 21 92 18 8 2 8 85 89 31 6 45 5 7 34 47 56 58 100 35 16 73 18 16 97 21 73 14
52 20 75 6 65 16 77 16 4 26 33 19 43 41 20 51 73 20 4 19 61 100 19 7 90 23 1 96 86 97 86 84 85 12 23 18 20 94 31 67 68 38 2 67 5 13 72 3 49 66 3 89 37 41 8 90 48 22 28 29 5 37 6 95 81 73 5 84 89 85 33 59 10 25 83 57 28 73 39 50 59 89 47 9 30 16 10 39 9 14
24 100 91 50 2 19 22 15 5 87 32 69 58 98 46 29 83 21 43 74 87 87 90 75 61 50 86 75 48 89 6 75 75 31 90 77 43 50 16 18 63 48 81 75 61 92 65 90 46 8 24 56 83 25 82 63 45 99 5 18 23 60 8 17 35 4 24 87 54 79 14 85 17 82 89 18 8 20 85 23 45 68 76 37 41 70 100 4 30 14
86 59 19 86 40 93 70 6 82 70 20 51 37 63 32 91 12 47 64 44 56 15 22 10 42 97 38 12 21 18 52 67 95 40 21 57 57 19 84 19 70 100 90 81 28 29 64 56 80 98 44 18 54 61 69 91 45 87 21 17 73 63 53 51 38 58 66 90 51 29 37 53 86 34 32 28 1 75 49 10 82 85 78 88 4 47 99 69 17 40
45 21 6 91 83 21 7 75 69 32 53 89 24 66 30 24 32 81 17 29 52 87 45 98 55 56 62 20 77 29 3 87 65 31 13 80 72 84 12 65 90 99 7 82 68 60 16 95 4 42 40 28 72 84 62 31 12 91 57 9 88 63 63 7 9 22 10 47 11 32 10 21 72 7 80 27 96 12 97 69 90 36 47 67 22 61 19 25 67 93
32 60 89 21 68 90 36 23 18 98 43 93 63 86 20 76 20 9 32 78 51 85 45 87 76 7 33 96 26 9 80 99 88 11 28 7 81 72 83 66 19 49 67 44 31 70 45 3 41 39 98 91 76 44 53 54 88 1 36 97 32 41 93 83 30 40 88 89 23 18 32 27 55 40 77 33 37 39 27 100 16 71 98 49 15 70 31 37 94 85
64 1 48 1 81 56 8 91 92 81 42 95 16 27 94 36 81 48 25 89 95 43 95 20 36 24 37 56 7 65 9 72 10 92 88 39 52 30 38 63 50 97 95 73 22 79 84 59 44 45 71 19 77 66 69 46 32 34 69 6 29 43 37 6 100 85 38 8 97 70 79 58 92 20 72 80 62 57 27 9 51 33 65 80 27 18 26 100 38 2
80 30 60 52 84 49 30 57 69 28 69 88 14 40 86 86 98 84 58 40 10 56 31 47 91 6 66 2 84 29 55 55 84 37 48 96 40 81 97 76 3 79 30 19 5 52 15 27 81 88 75 34 18 21 99 20 94 7 92 69 88 44 87 93 2 58 43 22 65 73 60 48 86 27 2 12 89 68 45 48 78 42 70 76 47 47 87 90 47 66
18 39 56 59 92 39 8 58 4 62 18 82 65 40 21 96 54 94 85 57 30 29 2 59 93 92 20 91 76 79 90 40 61 83 87 11 2 15 45 46 98 66 21 92 89 36 12 100 59 95 61 89 57 29 60 51 51 59 45 60 35 82 90 48 78 90 24 94 48 64 67 64 69 9 22 45 33 5 32 23 54 37 6 36 95 12 75 59 18 36
98 78 2 19 9 53 93 46 27 99 6 43 89 63 2 96 64 97 68 27 12 43 2 83 28 100 77 80 79 93 18 42 7 5 95 67 43 24 20 27 69 70 5 2 72 99 91 92 19 11 1 74 74 60 65 18 51 98 74 36 63 66 25 24 40 61 40 32 2 74 25 70 10 80 6 4 35 40 50 43 25 98 26 8 51 14 36 21 26 82
14 81 2 43 79 50 87 73 33 71 3 37 4 33 87 17 45 76 93 28 59 13 53 2 63 30 26 84 39 19 29 3 67 48 16 48 13 30 73 30 50 69 12 30 27 63 41 32 90 51 67 26 25 80 90 67 33 88 4 68 61 14 23 27 90 47 24 36 15 89 36 10 6 48 2 30 84 72 74 50 97 21 57 21 42 21 69 20 18 27
94 3 93 43 53 67 63 37 76 78 50 68 22 7 50 90 26 68 17 44 7 33 62 27 73 21 61 7 7 38 49 26 92 92 36 20 61 1 76 32 47 86 27 35 90 46 75 27 46 58 18 31 81 5 7 49 8 68 71 72 49 85 98 70 94 15 47 51 80 71 68 29 86 55 77 18 85 25 53 23 14 87 100 19 40 47 17 59 19 66
57 11 58 21 28 4 79 78 44 54 1 52 58 89 70 15 16 60 64 28 23 40 44 77 7 48 44 77 14 29 89 25 17 93 81 46 82 99 8 50 83 92 30 46 4 37 1 9 59 75 82 79 94 1 80 37 84 53 8 14 70 20 43 49 25 49 76 41 64 24 8 61 25 48 33 70 11 44 49 22 6 4 79 97 11 70 5 42 91 14
13 1 10 73 36 41 64 32 11 18 50 25 97 40 56 56 39 82 22 17 56 65 15 49 29 71 20 44 83 20 20 18 92 16 22 84 61 47 27 64 88 6 43 24 84 72 29 12 6 88 73 95 38 31 4 8 2 43 48 33 71 62 96 7 73 82 48 59 59 13 49 1 90 66 40 95 11 64 59 8 74 91 73 5 41 98 76 35 27 53
99 39 42 12 88 32 19 86 26 70 62 70 34 79 43 74 18 75 25 74 79 81 28 58 90 37 3 4 44 36 12 53 9 10 42 56 90 9 24 15 69 11 47 88 17 73 81 93 57 82 82 88 13 46 36 15 74 1 99 55 50 10 35 1 40 38 94 9 81 85 36 66 16 15 45 65 23 30 75 73 6 53 52 3 13 27 81 17 30 44
28 7 60 93 85 96 74 19 95 82 12 61 40 38 43 83 64 50 49 29 43 1 36 22 63 83 3 13 66 40 19 34 34 36 65 74 14 23 9 23 95 96 7 16 50 82 35 6 29 98 70 35 19 41 82 6 20 53 3 48 87 20 65 50 49 15 36 62 63 82 44 50 61 29 17 38 41 96 75 99 4 73 84 63 22 20 64 16 38 19
10 41 13 85 85 32 90 26 100 66 48 66 3 19 37 83 21 92 66 32 31 92 33 50 44 1 62 93 86 59 53 83 35 50 43 84 48 92 73 13 36 12 18 75 92 28 36 78 100 61 36 17 24 15 67 78 44 53 24 86 7 81 47 8 44 82 47 72 34 67 64 65 59 9 88 76 61 30 11 24 39 5 47 10 31 17 88 88 93 94
38 15 52 40 71 94 30 88 4 71 51 51 38 62 24 92 70 59 74 76 15 79 52 86 19 55 67 5 98 27 47 59 88 72 35 57 64 9 7 5 18 68 63 47 23 1 97 22 11 6 64 78 57 38 89 30 21 3 22 18 71 22 19 86 20 88 68 12 80 96 70 62 37 94 66 10 31 39 96 26 95 34 18 33 89 98 34 78 97 79
89 38 90 53 48 12 67 58 41 22 32 26 52 82 88 94 32 85 73 63 72 75 42 78 33 73 66 8 43 3 75 75 53 99 8 51 31 97 75 9 89 53 43 69 16 28 2 38 85 49 92 76 64 49 60 15 93 84 84 55 41 55 40 30 50 17 73 77 92 19 80 23 60 100 50 98 8 48 75 12 4 49 55 31 98 50 67 76 51 43
48 98 48 29 82 1 79 22 26 78 16 100 52 15 40 33 51 69 47 88 20 78 26 44 64 2 70 100 47 69 76 74 43 39 47 13 92 17 53 69 23 75 40 48 1 38 85 19 65 37 92 88 42 15 39 15 31 55 43 2 88 86 11 20 68 41 69 46 12 21 63 21 14 9 17 23 81 2 63 38 87 83 90 69 72 7 50 26 19 23
18 57 17 16 98 61 39 44 25 59 76 20 46 8 47 74 6 27 24 91 83 50 83 30 69 86 62 62 48 54 13 48 53 83 87 57 15 4 90 59 16 21 60 3 18 95 9 46 70 79 86 3 13 70 37 85 46 8 2 46 52 37 47 55 8 61 88 20 65 63 73 59 12 15 46 47 93 63 90 95 41 67 59 96 84 19 17 17 73 7
87 53 17 18 33 40 34 26 35 9 45 83 68 53 4 45 10 80 44 86 1 82 35 83 11 6 44 70 33 58 23 48 55 86 37 55 11 93 95 49 32 86 89 50 42 95 77 51 42 88 48 57 58 97 34 55 97 68 42 74 100 48 23 6 67 17 84 94 46 11 22 44 94 48 20 59 100 93 57 77 52 80 91 89 60 20 61 93 4 68
73 62 30 11 20 13 7 87 84 73 38 14 56 78 51 48 13 96 37 29 42 88 92 33 29 56 78 14 54 3 72 76 60 74 89 88 94 75 11 98 23 12 41 20 33 64 26 23 49 39 12 87 42 29 17 87 82 68 21 59 49 40 18 43 40 95 71 43 65 8 17 12 62 90 17 24 71 65 38 3 84 64 49 55 77 58 9 59 4 10
24 79 97 67 53 51 17 99 92 36 62 82 46 59 68 41 60 55 49 13 25 64 87 22 22 91 100 5 78 79 51 7 29 15 5 12 5 42 33 9 48 2 60 32 99 42 65 91 65 60 72 40 62 60 14 63 42 5 22 62 59 2 8 99 4 78 51 42 58 63 72 23 66 69 92 9 92 23 95 35 8 38 84 47 32 28 74 20 48 75
1 31 6 47 100 34 13 3 54 17 84 25 54 94 33 13 42 76 19 16 51 36 2 74 84 8 24 66 91 98 46 31 42 91 32 90 5 27 29 8 27 10 43 47 65 19 9 97 4 6 32 6 69 48 13 31 46 71 96 12 61 91 57 54 39 87 61 51 34 2 25 12 26 12 87 36 28 77 45 27 71 12 46 21 12 65 9 37 97 3
5 19 92 20 16 41 38 96 12 30 19 82 33 97 69 26 49 29 2 28 98 53 10 55 79 51 49 83 30 38 79 40 21 27 61 97 9 3 56 46 14 50 73 27 22 2 50 86 99 11 99 35 65 14 23 7 27 75 81 95 78 37 86 85 69 30 11 21 32 98 34 46 28 76 15 63 19 65 10 84 16 84 3 86 55 31 35 59 18 34
94 84 62 43 45 33 5 31 15 36 56 61 75 22 12 65 30 13 99 3 1 31 34 22 51 27 49 89 2 49 88 43 84 2 49 83 31 57 83 76 68 11 67 2 43 45 28 18 24 45 54 23 62 42 98 28 67 64 11 41 78 2 90 34 23 82 65 51 39 90 72 9 89 88 89 64 96 8 3 97 91 48 28 61 20 15 93 55 34 41
18 84 82 17 86 86 37 94 100 55 86 64 82 30 19 31 71 60 5 5 55 79 23 90 82 24 71 7 66 65 72 26 11 7 77 50 64 7 37 82 14 14 33 92 37 51 2 67 46 3 6 35 78 30 69 8 40 42 19 82 76 89 93 56 13 68 1 72 99 48 31 81 56 67 87 6 57 41 69 78 52 64 6 27 88 86 56 70 15 69
23 30 76 53 67 63 29 35 6 49 94 8 29 92 32 32 42 53 50 63 95 12 30 71 21 95 54 47 69 96 36 32 10 65 1 94 37 73 64 96 74 1 100 65 24 39 33 85 15 57 78 4 9 29 12 38 82 85 29 11 80 58 82 42 57 93 68 9 91 82 65 60 62 43 100 83 87 84 40 24 2 79 42 59 82 26 69 91 76 97
33 65 59 62 88 68 42 62 96 11 88 86 3 61 89 57 15 54 95 46 9 71 73 5 42 47 86 63 8 47 38 91 5 34 86 80 98 51 20 60 84 38 15 60 73 93 25 80 34 22 23 19 71 47 38 9 51 41 80 96 95 87 9 97 26 19 16 65 52 82 92 78 24 41 24 85 14 15 34 88 42 18 14 39 55 97 31 61 84 22
80 19 73 84 51 69 60 43 68 35 36 18 71 40 90 51 79 56 85 14 41 30 79 70 33 75 72 2 84 9 89 83 44 99 69 44 47 78 28 63 87 94 49 51 17 67 91 12 89 75 58 62 89 5 12 95 100 80 88 79 65 18 71 31 65 87 32 100 60 90 38 38 22 39 58 36 73 69 32 8 86 79 53 85 59 6 2 10 74 100
5 93 24 53 43 3 84 5 87 51 21 89 28 88 11 50 54 47 4 1 3 32 56 9 57 25 4 82 26 6 86 65 93 30 67 23 35 84 19 68 27 47 95 67 14 24 64 45 88 83 82 94 68 80 7 58 96 51 7 38 82 1 21 56 42 1 90 78 50 20 98 27 97 6 96 87 92 100 43 44 2 23 4 85 65 13 86 76 12 42
79 80 84 7 93 38 31 77 41 6 98 13 45 3 64 69 93 84 57 10 73 25 65 70 93 51 53 48 37 41 86 12 64 16 69 53 55 62 40 39 41 71 89 61 31 46 69 45 37 78 32 13 12 58 6 39 31 9 84 66 80 23 86 12 33 60 77 8 41 21 22 52 19 92 79 91 3 38 42 78 72 1 35 69 48 26 72 23 35 49
30 25 43 76 28 66 52 99 90 26 67 42 80 76 76 55 43 76 74 65 33 27 6 54 40 56 82 24 1 77 29 22 61 43 19 6 31 22 72 68 25 92 9 21 47 48 15 90 13 27 84 98 39 45 77 3 91 81 64 60 61 98 5 3 3 10 23 81 55 13 94 44 78 78 82 77 78 15 83 94 8 81 12 88 39 3 91 57 65 48
2 57 32 31 79 71 95 2 30 26 32 38 15 70 64 70 12 76 46 33 31 62 75 81 82 49 46 56 36 8 78 82 5 65 49 90 4 93 72 40 82 43 18 13 51 66 49 100 82 83 38 64 76 92 13 80 43 80 50 95 64 48 79 78 95 37 40 83 20 86 52 64 49 98 47 63 17 38 84 45 43 99 82 80 8 54 38 87 69 95
38 10 6 62 55 4 66 30 49 68 52 6 54 42 37 79 6 89 52 35 93 93 20 3 87 95 64 81 30 43 43 39 95 57 74 19 85 37 83 38 94 23 17 72 56 8 82 25 1 29 49 83 3 2 57 89 92 48 71 95 29 88 40 25 24 66 70 15 17 17 81 11 52 7 43 31 87 84 71 63 55 61 10 25 23 25 95 85 27 86
12 32 12 3 18 54 57 50 7 68 7 58 45 87 91 43 53 72 9 58 39 63 61 37 27 75 20 3 54 60 64 99 50 38 1 27 95 19 7 8 75 59 6 96 98 13 63 66 89 56 15 38 92 82 90 15 23 28 81 30 7 83 16 31 3 48 79 45 54 16 69 5 91 90 14 57 26 96 84 29 90 32 32 8 22 73 40 79 44 27
52 48 9 67 87 11 29 10 79 68 35 92 28 72 43 47 23 78 59 53 3 90 96 54 83 12 60 30 96 8 27 16 3 80 80 20 88 7 82 89 62 52 16 32 15 25 25 75 87 86 51 58 54 37 33 86 68 79 26 34 45 96 24 67 53 30 71 39 97 65 68 74 28 58 46 97 39 72 57 54 60 8 24 16 83 37 15 57 99 81
56 97 41 21 100 3 88 5 72 31 52 78 26 49 6 45 17 43 89 67 94 78 71 16 24 36 70 74 19 7 42 19 63 74 27 38 24 45 12 77 32 38 46 98 3 68 75 6 39 77 65 95 18 8 50 84 39 21 25 89 33 56 47 21 94 99 29 73 28 92 21 21 94 73 55 56 30 40 8 7 45 69 46 81 73 2 1 79 27 17
7 19 29 8 84 21 80 85 26 38 55 11 23 35 73 49 76 12 6 45 27 50 23 61 14 62 70 26 49 64 56 88 10 44 98 72 98 59 5 20 53 28 46 97 85 46 41 61 27 48 97 68 35 31 21 99 37 96 84 51 73 58 49 10 62 42 24 63 79 43 83 21 11 30 90 25 38 32 85 82 84 92 4 40 12 58 9 13 16 81
39 11 30 93 45 75 83 79 50 75 29 10 40 45 95 50 66 42 14 100 88 40 97 1 58 4 81 55 10 18 81 13 15 46 43 60 28 4 55 20 52 24 29 77 50 45 3 45 90 64 2 8 44 2 44 53 50 92 21 25 65 34 54 2 39 5 74 71 81 71 7 12 93 79 89 56 67 16 87 59 16 72 23 87 43 15 100 20 69 41
80 6 65 74 15 19 64 34 81 78 25 25 53 83 42 67 7 68 51 31 30 56 62 70 29 63 6 68 73 4 40 59 75 47 64 74 82 13 40 44 4 32 94 74 75 87 18 52 17 61 5 90 10 92 59 68 81 41 39 40 87 79 21 75 39 76 2 99 53 40 4 86 53 39 18 69 36 95 84 54 15 72 94 69 74 85 22 48 95 50
5 85 54 7 83 64 86 55 27 24 18 81 22 76 46 84 77 91 5 53 59 18 68 3 8 50 5 35 12 38 12 20 14 84 73 29 67 14 85 35 25 55 63 66 35 92 100 47 69 25 77 9 49 70 66 87 14 74 19 33 86 33 51 43 97 75 41 16 29 81 4 50 41 9 86 58 13 66 71 8 10 81 51 75 5 9 45 53 45 63
34 92 50 50 54 12 90 87 21 53 54 17 63 84 88 58 48 71 84 81 11 26 13 95 44 24 79 23 45 89 15 54 90 62 66 54 9 30 19 45 76 61 54 31 41 12 34 56 45 8 46 52 26 73 79 13 15 10 57 99 67 71 17 14 64 74 16 94 37 62 45 23 92 24 11 35 8 23 66 100 4 72 65 53 29 52 21 25 85 90
51 61 53 32 46 11 47 64 71 67 88 55 63 13 6 39 41 46 53 57 67 2 72 58 69 29 10 91 67 5 82 79 63 15 71 81 38 47 61 59 38 39 31 47 18 86 42 87 15 66 44 56 99 56 74 24 47 87 16 13 54 43 55 61 96 5 14 32 47 1 92 20 49 5 44 60 18 70 83 43 49 18 25 40 82 39 33 68 84 52
93 65 47 74 52 53 45 16 12 25 10 98 66 78 60 17 97 69 80 95 69 99 50 96 94 7 29 17 25 90 96 27 29 88 54 77 16 67 88 70 20 74 38 97 69 6 56 44 19 44 34 48 100 98 46 5 73 27 34 1 25 47 54 17 87 77 100 47 63 59 51 69 50 80 92 8 24 100 76 29 34 21 21 24 77 13 7 18 28 91
49 86 98 35 36 8 33 59 76 86 89 25 11 8 79 10 62 86 37 24 40 72 10 70 79 75 71 81 33 39 85 87 56 81 7 30 41 82 23 59 87 38 78 42 77 79 88 72 51 13 27 15 64 18 40 69 81 42 43 17 60 62 41 18 13 34 60 77 27 37 38 36 7 3 47 87 62 52 97 100 28 98 79 94 10 39 56 41 36 73
92 48 3 10 82 79 77 69 87 62 83 64 21 53 6 48 34 77 21 35 50 71 23 69 65 47 36 47 44 1 22 47 81 69 55 77 5 90 69 84 45 43 35 76 20 3 45 49 54 79 100 15 64 97 41 73 62 81 93 8 38 19 52 73 49 30 3 72 51 25 23 6 50 25 1 12 68 81 27 20 67 2 3 68 96 26 20 1 8 2
68 52 28 92 81 79 79 80 31 74 3 12 22 89 6 37 11 44 73 32 61 14 48 88 63 12 88 13 100 64 65 63 58 4 14 77 80 76 24 79 97 41 45 42 75 84 83 26 12 9 19 32 20 64 89 20 53 82 66 6 82 48 25 100 51 94 30 8 66 17 63 85 47 99 37 50 70 3 47 40 18 71 67 70 67 93 97 95 22 1
1 57 93 83 83 48 90 97 48 32 59 85 19 58 43 97 42 4 44 88 75 48 73 68 72 44 66 88 25 74 4 76 62 35 20 39 9 65 53 89 2 74 82 83 24 80 27 67 47 6 1 7 70 59 39 74 80 21 59 82 71 35 56 37 40 49 83 85 54 34 19 16 3 29 78 62 49 11 45 31 30 84 50 68 59 45 14 6 54 74
9 50 7 99 23 78 73 87 98 66 45 72 20 9 37 18 1 25 61 7 7 68 19 44 47 8 33 88 78 15 57 39 47 7 79 37 3 88 67 46 64 23 24 16 85 72 53 48 71 35 2 1 90 14 48 43 74 33 24 15 92 39 24 30 70 43 84 25 11 76 7 66 5 61 7 13 73 55 22 16 95 57 45 81 35 31 16 59 12 89
65 1 89 95 44 69 80 7 7 86 71 15 12 52 43 50 61 63 66 98 97 39 3 98 90 73 7 92 97 47 44 73 24 99 76 78 78 87 41 47 10 35 32 74 29 31 79 4 63 17 98 20 48 2 52 100 92 64 7 41 18 92 52 34 56 10 72 99 86 61 13 69 62 17 59 97 55 37 74 10 48 43 12 82 88 7 98 24 42 9
30 99 84 40 46 34 4 1 23 57 48 53 30 79 99 59 91 46 4 95 9 72 49 100 36 65 60 34 16 76 76 38 34 37 87 56 12 94 32 87 69 15 81 6 43 41 44 80 46 91 78 69 71 30 12 48 44 55 95 96 36 95 60 5 80 87 59 78 51 100 68 27 61 36 20 50 80 46 69 12 64 96 3 27 71 34 28 75 76 14
66 91 68 7 26 56 28 95 80 96 44 54 95 42 10 74 1 19 72 50 72 35 100 59 54 62 9 73 89 43 57 89 46 31 83 9 37 12 41 53 75 86 30 88 77 74 90 57 59 25 67 64 58 12 32 2 26 93 24 20 55 41 87 78 87 95 7 85 68 50 47 37 57 38 4 94 53 44 13 98 10 51 94 4 44 67 32 88 21 62
23 31 31 42 80 81 16 40 40 87 40 86 59 33 57 43 76 67 87 100 50 14 38 27 39 22 68 52 12 51 19 74 7 79 91 54 20 42 98 83 33 54 69 89 10 96 23 31 18 18 54 12 10 14 45 91 3 41 94 1 40 14 88 94 21 55 87 66 11 80 13 15 80 37 81 19 51 48 34 92 51 85 3 51 34 17 22 91 74 13
82 87 97 80 50 77 56 78 94 77 13 95 88 42 46 23 8 41 99 17 83 20 68 4 1 62 72 63 50 55 37 13 54 37 55 12 28 95 100 76 92 43 24 97 28 78 28 26 100 29 94 26 29 37 69 92 100 33 28 93 70 6 3 15 42 2 42 81 78 3 60 72 70 62 85 14 48 5 89 9 77 24 72 18 40 11 43 12 1 11
38 68 57 71 84 39 23 91 41 28 35 93 42 48 6 40 23 41 46 56 99 74 49 100 73 25 63 81 57 51 34 81 65 39 56 1 36 67 6 74 90 62 70 81 69 15 28 20 69 11 74 55 54 55 75 50 92 12 4 98 75 44 95 19 93 71 71 67 45 37 94 32 41 99 89 58 23 47 71 87 45 9 40 7 5 39 80 63 81 12
71 65 92 97 23 45 52 30 32 97 84 23 80 74 71 85 17 85 28 29 90 82 88 83 71 57 80 45 83 28 2 90 82 54 20 3 35 62 48 25 34 52 24 36 80 51 92 100 30 73 24 15 63 83 51 62 27 4 79 72 13 100 24 93 58 53 85 84 12 20 6 65 4 49 73 84 4 72 12 51 46 37 99 4 68 19 100 39 16 41
67 44 94 32 85 71 67 23 17 66 67 55 70 88 73 17 18 42 3 5 20 98 63 73 66 49 51 19 94 14 64 8 43 61 79 37 93 29 4 84 36 28 74 15 85 77 41 32 43 95 23 66 75 76 53 40 27 67 98 11 93 90 15 48 5 9 14 61 79 81 22 11 98 83 46 31 86 36 54 83 1 89 16 26 44 89 51 86 47 49
22 32 85 45 47 64 74 74 34 47 47 48 24 23 39 97 82 45 82 5 4 29 33 74 74 3 92 5 34 66 79 35 4 42 18 88 41 51 84 94 46 65 51 3 81 12 33 82 1 44 69 66 93 34 91 38 73 7 26 77 74 36 100 38 7 22 1 12 50 18 84 15 91 55 18 40 17 93 36 57 59 30 73 51 55 67 21 60 37 73
13 2 8 90 94 57 58 45 43 33 49 37 45 12 47 51 2 92 44 2 38 73 66 34 54 64 20 76 43 83 51 54 87 7 75 55 19 13 84 40 44 95 90 15 53 17 56 64 69 63 75 98 57 43 43 86 90 94 42 48 32 1 86 94 96 85 42 78 20 51 82 93 15 39 7 52 50 23 20 9 20 47 40 59 67 69 98 29 20 69
55 1 64 53 91 86 60 2 86 27 82 52 21 59 7 74 74 24 45 99 99 92 98 13 90 43 12 62 48 19 39 25 65 36 35 51 75 99 4 58 57 6 43 35 57 66 13 81 7 84 40 81 78 75 19 83 6 78 9 36 14 31 15 84 92 3 100 83 77 99 65 57 53 52 33 94 88 96 34 100 28 25 4 81 6 72 57 86 42 59
67 93 85 15 19 90 56 48 46 61 82 96 62 70 11 33 14 20 83 47 50 19 100 48 2 77 95 31 90 15 42 79 48 89 58 78 46 91 60 76 29 98 77 60 100 61 78 97 52 1 45 2 73 79 40 20 96 38 34 83 40 22 20 54 46 73 56 53 96 61 59 64 49 29 18 63 67 99 84 7 61 90 14 27 34 28 2 49 49 13
78 68 28 64 96 23 45 5 2 54 93 14 79 5 59 21 91 57 62 55 40 37 45 97 12 70 64 48 86 35 33 37 57 36 74 32 14 23 66 32 5 91 87 52 77 8 48 43 18 9 45 61 37 35 92 72 18 91 6 79 15 92 27 9 8 79 74 20 68 98 41 77 35 72 38 33 69 73 98 20 64 67 43 9 38 59 91 82 12 33
90 79 93 16 59 32 69 63 35 11 94 66 62 90 82 90 78 64 32 52 87 16 64 28 82 84 25 56 80 20 35 7 2 33 18 53 83 50 31 37 94 1 21 52 69 72 35 81 63 9 66 61 54 89 41 96 87 69 80 71 40 62 75 41 68 61 33 84 15 97 52 53 17 34 94 75 94 62 96 44 20 54 30 26 73 69 10 62 59 98
26 3 79 2 51 21 74 68 56 97 39 32 98 91 88 54 38 29 19 17 21 84 71 12 19 37 64 14 75 68 20 17 52 64 14 79 92 14 98 88 24 28 91 96 40 27 39 95 87 9 72 18 21 61 96 14 37 10 44 76 50 49 93 78 43 13 19 94 41 42 73 33 65 70 10 17 32 84 93 69 8 67 51 78 58 96 46 76 60 59
9 28 96 86 61 81 22 23 19 52 9 21 73 83 93 57 82 94 75 7 37 6 77 69 92 98 35 99 53 42 55 87 39 18 30 69 82 10 58 29 44 80 56 29 95 72 53 24 44 53 68 56 85 14 5 85 37 3 85 10 99 58 35 7 73 9 68 10 64 100 54 25 42 31 12 4 10 88 59 14 97 75 78 36 44 14 53 77 22 17
45 100 36 45 29 39 85 9 90 13 7 63 92 60 36 88 61 66 3 12 91 4 66 82 34 87 29 14 65 76 46 85 67 72 57 23 10 97 23 9 89 82 65 74 100 68 91 86 95 71 31 25 63 38 81 58 19 43 91 97 6 22 41 76 20 45 40 24 86 77 72 25 91 35 31 54 53 89 5 74 53 20 98 26 6 23 12 74 98 88
31 87 59 20 81 62 98 88 14 16 63 67 27 91 54 84 54 20 88 37 20 30 28 59 26 66 13 80 25 85 52 8 37 18 43 82 5 86 31 74 22 86 86 34 65 32 90 63 42 56 75 24 34 89 20 30 94 89 63 97 87 93 100 80 84 9 3 39 86 38 42 30 6 13 40 64 56 5 13 16 49 39 73 17 78 70 95 65 47 86
46 48 44 32 62 100 96 48 46 40 60 27 1 49 63 98 32 54 77 83 5 12 10 75 62 9 77 57 40 16 41 38 45 38 92 7 48 89 34 93 11 99 14 69 45 43 50 85 38 22 39 80 55 100 21 65 8 36 97 85 38 58 11 25 89 78 88 99 5 42 91 82 40 48 42 100 37 56 27 2 96 39 40 42 76 11 5 15 12 34
8 66 24 99 25 5 54 47 35 55 81 35 91 26 96 55 50 56 15 24 30 26 68 8 56 93 83 85 100 30 87 73 16 77 72 92 7 29 65 21 20 34 30 57 90 76 83 64 6 80 54 37 41 66 39 70 88 76 2 75 13 62 51 67 98 82 19 23 47 27 74 72 95 89 85 96 17 9 16 33 3 80 93 98 32 45 67 61 39 32
46 27 91 9 10 44 79 34 1 25 27 24 47 20 39 79 56 46 75 83 8 23 70 19 83 13 24 72 77 3 48 46 34 71 56 24 99 53 89 4 85 91 40 59 20 80 47 57 27 62 43 3 26 45 60 54 47 80 34 58 17 47 22 74 39 89 83 19 29 72 12 90 24 21 66 40 72 34 82 55 14 8 57 10 13 10 91 81 60 7
84 3 84 50 9 76 24 54 15 98 87 95 42 27 60 8 71 71 96 65 32 19 35 50 51 86 49 98 20 15 94 11 91 8 12 31 11 19 85 35 59 90 17 1 31 23 25 98 1 82 72 31 43 92 29 30 67 20 42 6 83 22 92 21 58 33 97 28 51 98 29 93 42 100 78 54 96 94 7 28 71 64 83 13 12 84 26 20 5 97
46 71 1 42 9 33 20 31 12 33 100 43 60 75 84 48 7 34 39 47 1 3 23 7 97 82 92 25 64 63 37 89 4 79 79 89 97 60 19 13 46 46 54 93 47 35 83 77 71 57 48 75 81 48 93 44 70 19 4 77 97 24 1 23 42 14 47 85 1 35 52 38 77 27 27 67 60 63 56 72 2 72 60 4 34 47 2 74 58 59
22 84 13 43 78 24 27 23 11 11 99 48 61 40 22 30 28 25 77 21 17 23 41 15 9 26 85 78 61 59 57 58 99 37 76 43 85 97 5 57 15 75 39 20 70 39 81 60 42 54 81 99 53 40 40 23 87 94 10 2 5 13 93 94 90 38 99 53 89 100 92 29 62 98 85 60 65 49 68 42 48 10 71 77 19 53 29 38 38 88
20 88 90 22 46 49 39 74 3 47 12 25 82 25 61 60 79 99 98 78 14 93 72 84 71 9 71 96 28 34 81 77 3 35 74 10 10 64 37 40 61 65 11 92 67 95 72 63 86 68 58 6 3 86 1 33 78 43 44 53 50 9 9 83 62 2 9 96 79 2 83 26 74 51 4 40 40 32 78 40 14 6 78 96 91 64 21 67 44 8
74 96 84 63 90 39 40 70 82 73 52 49 22 88 92 69 63 72 36 23 68 87 96 1 29 87 67 24 40 13 94 24 6 83 95 69 51 28 64 69 44 85 64 74 59 53 20 85 13 75 25 12 45 24 99 49 96 27 31 42 92 65 89 9 65 33 75 80 98 6 96 63 96 39 88 76 40 19 21 5 64 48 93 1 84 20 8 31 14 40
38 45 69 62 92 33 96 41 82 18 71 90 99 46 77 78 7 34 99 40 91 34 84 93 24 87 29 61 35 23 98 67 89 79 46 81 5 70 13 16 48 14 82 64 82 94 17 14 77 97 97 73 1 18 47 3 23 6 58 75 5 79 24 53 14 55 66 20 70 84 5 31 72 78 99 1 60 92 87 79 18 46 30 92 45 24 68 37 86 39
75 12 20 50 59 16 61 98 26 74 97 95 87 72 13 79 36 71 37 9 12 45 25 97 9 91 61 77 35 39 3 92 69 47 19 42 96 60 6 72 22 87 10 56 62 93 24 46 46 57 87 27 34 56 74 12 8 9 86 66 6 38 30 86 21 27 60 96 32 15 86 83 53 8 97 24 69 59 86 63 72 87 20 83 66 46 44 35 85 92
62 74 61 1 12 52 92 38 23 24 88 80 91 51 30 29 8 58 50 100 34 41 14 51 38 39 90 35 75 55 100 32 34 97 61 65 90 99 18 32 52 47 47 52 57 85 12 81 75 84 66 89 39 8 3 1 99 74 90 6 68 97 49 89 47 92 66 32 36 90 10 18 76 79 30 49 82 39 44 35 91 12 51 48 75 71 90 64 62 52
6 45 90 53 92 66 32 33 84 83 58 59 79 44 49 67 28 16 88 10 41 53 81 99 61 87 46 49 40 80 78 87 45 5 2 48 64 96 37 74 51 29 41 43 3 33 30 73 53 47 4 46 99 62 75 76 75 93 6 40 85 12 44 98 57 33 3 26 93 68 83 38 89 89 54 27 86 91 72 33 89 4 44 3 44 87 37 76 13 42
63 28 91 53 2 54 30 86 41 41 78 71 88 14 8 52 63 52 9 93 27 78 39 95 60 94 75 98 43 95 10 42 85 99 39 48 69 9 68 16 93 96 98 21 35 31 55 20 92 37 66 9 61 69 83 78 45 28 72 20 17 96 6 94 37 27 69 38 46 24 94 90 72 59 79 24 65 94 73 53 87 70 21 30 60 74 50 43 19 70
69 24 87 38 15 76 19 70 19 48 90 1 3 29 38 44 75 50 56 68 62 9 83 5 96 43 48 7 87 34 26 13 28 55 5 41 10 69 83 21 6 94 70 30 24 96 46 35 52 14 90 65 48 100 40 36 24 41 8 22 66 74 72 37 18 89 8 51 52 21 20 9 80 2 25 51 97 13 83 66 95 36 47 42 60 87 83 24 37 85
86 79 82 75 74 63 79 8 96 43 86 45 31 38 49 29 83 37 4 42 51 22 27 61 54 52 51 66 67 63 65 32 54 87 58 17 91 2 76 87 36 10 4 95 5 58 31 79 87 1 28 45 67 19 68 47 10 85 32 99 17 42 80 38 32 1 17 80 11 90 36 47 71 100 3 22 18 5 66 24 63 20 48 31 97 97 49 99 15 85
100 42 66 76 89 58 7 11 35 70 7 72 8 62 18 87 92 63 48 87 77 86 76 42 20 59 90 26 3 83 38 49 93 70 50 36 30 28 72 90 47 25 61 35 92 32 64 43 16 66 46 94 60 17 4 75 74 8 65 47 45 97 91 71 41 93 76 61 74 89 83 16 12 43 18 85 69 4 42 14 7 84 60 95 53 54 7 10 67 54
15 60 30 64 68 26 23 37 75 79 94 77 66 73 89 31 98 100 34 69 100 35 35 60 99 85 52 40 3 40 4 54 45 63 41 81 44 90 46 6 41 76 84 82 82 79 13 44 17 87 82 82 82 58 28 49 92 47 39 5 90 93 25 15 15 40 91 33 84 99 9 41 66 72 30 80 64 54 81 32 49 17 8 100 8 22 61 96 4 83
64 16 97 34 62 64 81 50 74 43 83 63 92 75 42 13 25 75 45 77 100 81 46 16 31 21 6 73 46 96 20 67 86 38 89 97 81 86 95 43 72 52 73 35 41 78 53 60 10 23 36 97 9 80 80 46 43 9 11 65 75 38 48 61 30 87 48 17 85 3 14 62 22 35 19 16 6 52 71 85 57 69 62 25 71 34 58 65 64 76
4 40 65 64 10 79 7 52 57 98 42 18 57 94 27 25 52 45 65 8 43 33 50 6 29 55 51 6 8 43 79 78 66 52 32 60 83 98 87 4 71 65 77 63 64 36 83 15 53 70 95 84 77 63 87 93 10 49 56 49 100 76 81 32 11 92 86 96 44 41 50 8 42 65 59 21 95 17 41 67 55 79 36 60 63 51 57 56 87 57
4 49 45 52 43 13 48 75 76 82 41 7 83 74 94 65 48 64 19 92 60 86 82 49 78 91 11 66 62 20 40 60 23 7 93 84 20 58 37 72 68 71 5 47 77 34 42 82 72 29 71 75 89 78 49 100 73 25 4 97 34 38 19 25 16 28 56 72 53 76 13 67 24 53 41 89 97 14 28 85 62 85 1 92 57 34 9 24 30 90
6 72 36 28 74 84 74 71 87 41 94 40 78 84 63 50 22 36 7 83 8 31 12 33 73 92 47 43 97 86 77 86 68 44 13 43 92 83 95 57 61 38 53 9 50 28 89 72 1 14 33 61 29 54 95 49 88 40 86 16 40 91 19 98 83 33 31 54 83 42 65 61 6 90 90 45 90 54 95 87 98 80 29 49 66 40 85 4 62 61
56 70 34 10 15 94 97 80 82 56 14 57 2 60 15 45 29 35 9 7 77 9 66 45 38 89 42 72 29 38 26 1 48 5 52 99 96 21 66 9 90 23 26 8 40 14 1 53 70 96 12 90 82 41 36 73 95 46 100 18 94 34 33 20 32 78 10 17 52 98 13 73 93 99 61 8 31 29 9 4 64 81 98 23 22 90 9 21 58 69
59 77 67 82 31 67 21 35 74 22 39 35 78 31 66 14 32 13 98 24 6 20 72 78 21 63 63 39 47 13 81 35 80 31 35 83 59 30 34 98 51 25 38 12 25 11 98 89 72 87 12 28 81 59 43 13 16 60 78 17 1 92 91 77 78 59 71 26 90 27 43 7 3 16 86 95 69 91 8 17 32 94 51 47 68 58 76 59 79 56
31 34 53 58 52 90 77 98 22 43 29 83 44 45 96 84 54 58 48 97 84 6 76 86 95 81 5 84 29 86 90 67 70 46 88 15 89 56 58 67 62 35 44 49 82 78 69 29 99 23 27 32 5 27 33 46 97 4 61 19 72 36 72 23 73 28 74 98 97 89 68 44 24 74 56 41 71 21 12 46 33 82 21 100 57 86 20 79 91 22
86 48 3 45 40 69 95 27 35 38 65 6 24 41 90 96 27 98 42 46 13 11 13 45 44 44 20 11 99 78 54 34 26 22 38 6 65 88 98 20 67 57 94 8 51 88 43 81 62 19 61 39 11 8 52 21 99 32 7 53 95 10 40 97 100 26 40 26 9 85 16 1 72 9 9 6 13 32 16 1 9 56 30 43 73 12 95 86 11 86
85 47 74 47 95 92 73 38 51 6 30 2 43 78 18 35 42 37 1 69 51 11 35 99 97 25 32 51 16 100 3 67 41 52 90 85 61 42 98 44 100 89 81 94 19 74 58 26 75 24 83 50 86 6 97 27 44 67 79 95 39 22 71 69 10 79 77 91 43 68 61 50 98 13 18 86 90 65 7 90 75 34 1 11 85 55 31 5 82 56
66 91 35 7 28 4 35 97 36 72 19 90 12 24 22 22 82 12 99 76 65 81 62 25 28 40 45 79 89 63 46 31 23 14 88 36 5 68 78 87 10 88 16 73 20 43 87 41 66 81 95 14 47 8 74 21 70 67 74 42 91 91 4 12 4 50 61 54 79 50 27 27 61 99 82 34 37 6 20 15 94 91 17 95 42 5 20 16 15 77
14 4 10 75 66 13 43 26 73 73 81 34 36 64 14 32 81 45 59 98 30 42 28 39 65 3 60 54 10 77 89 44 98 91 51 20 60 69 64 37 82 59 33 50 56 96 40 27 52 72 3 81 47 32 28 11 31 73 65 11 71 23 70 81 24 82 45 63 41 30 87 30 52 18 60 59 62 52 54 26 51 91 58 9 18 84 64 5 12 41
21 45 23 23 99 14 57 4 59 53 88 13 79 18 85 63 29 62 2 2 64 96 24 75 71 70 14 29 73 90 86 37 77 60 66 26 59 77 87 44 46 21 55 5 85 6 40 45 24 3 46 7 45 13 32 64 16 56 61 78 36 65 14 95 8 4 3 43 100 85 36 80 42 72 12 29 47 3 1 59 63 34 70 97 90 35 59 28 16 61
79 29 58 2 99 14 66 35 13 60 15 91 66 5 20 1 40 16 28 1 24 96 83 37 49 78 98 24 79 83 66 95 52 43 93 24 47 78 17 71 28 4 39 41 55 63 39 7 9 82 59 25 39 98 83 33 1 98 51 53 42 92 46 21 31 86 29 64 99 55 41 40 61 58 61 36 76 55 9 95 1 61 26 32 20 29 88 98 11 85
50 97 99 1 67 57 11 85 3 11 6 8 74 58 79 4 64 98 43 24 49 62 88 9 72 40 93 34 84 66 15 53 20 92 59 34 11 87 66 24 40 17 91 60 36 18 45 78 72 99 52 38 88 45 32 82 5 60 51 82 18 51 3 70 44 64 5 100 27 4 9 29 66 5 31 18 97 36 72 36 42 26 6 85 44 11 11 7 33 11
32 69 93 93 20 42 65 69 75 66 96 23 30 23 59 83 26 23 38 34 29 18 94 25 19 99 77 6 15 96 3 98 16 51 44 63 16 19 91 52 52 39 43 43 46 96 7 98 64 16 36 100 63 22 78 18 69 40 8 33 3 17 44 35 1 34 41 14 100 48 36 83 31 7 97 95 69 55 59 95 2 53 100 97 17 93 18 30 71 98
55 17 11 11 33 61 72 91 29 29 16 66 97 95 45 90 70 8 4 65 4 49 28 77 32 22 14 88 92 70 9 53 8 10 35 47 11 54 28 17 53 3 54 99 32 55 45 30 25 21 58 54 52 23 29 42 58 82 66 17 92 92 46 15 33 28 12 30 93 2 61 37 100 20 69 36 62 70 1 37 5 42 69 39 10 14 26 4 77 83
14 23 72 19 44 91 14 37 58 6 62 76 40 63 18 62 40 51 54 76 95 29 21 73 61 34 95 71 87 21 40 19 32 93 93 40 76 92 30 2 90 49 52 57 44 50 43 94 29 30 35 41 45 20 1 99 20 27 5 36 56 37 8 71 77 17 4 53 36 88 57 92 92 14 76 77 22 92 34 67 64 68 50 16 9 69 38 61 95 22
2 16 33 98 85 82 3 32 70 88 67 53 14 14 72 89 95 75 65 13 38 76 62 46 11 82 78 91 20 97 43 40 97 28 13 30 66 48 66 66 25 19 90 93 57 17 53 50 45 95 26 56 89 1 70 78 41 70 30 99 39 50 21 5 59 10 42 83 94 75 46 20 82 16 6 85 82 22 48 94 99 33 15 36 88 21 52 67 59 43
6 86 74 62 100 14 60 2 58 69 84 75 28 60 100 71 70 2 62 94 75 53 74 8 85 33 3 54 73 28 96 30 70 15 18 69 60 19 78 45 38 8 31 14 48 26 21 64 65 75 54 18 18 94 97 38 88 21 90 24 51 49 2 2 10 4 3 48 77 40 65 72 96 20 24 68 64 17 84 43 40 6 71 89 28 48 20 8 14 56
43 91 63 99 98 6 93 96 17 7 49 54 61 85 96 77 50 33 24 78 88 34 45 24 84 97 57 41 97 62 100 35 88 17 55 94 42 7 80 87 40 30 9 8 88 4 8 16 68 57 67 59 53 21 74 66 19 7 40 97 70 89 33 24 74 16 4 78 51 35 86 71 50 24 4 7 23 95 64 89 36 14 99 18 99 60 20 47 27 26
61 26 67 43 34 84 29 77 86 79 49 92 42 64 52 56 16 38 4 37 53 17 68 99 83 50 50 67 100 95 20 53 15 53 17 19 42 71 72 90 15 76 57 42 43 37 1 60 20 55 62 56 61 60 11 4 44 1 39 35 10 82 93 60 71 47 84 37 81 61 31 90 52 33 66 43 100 53 40 37 47 11 71 66 68 2 2 58 92 34
80 2 31 11 67 80 40 41 85 68 12 88 39 29 24 12 11 30 18 52 35 15 87 7 84 44 42 40 85 15 75 86 61 84 12 83 75 69 82 26 91 35 31 9 43 81 55 23 1 63 25 62 61 1 62 76 60 31 44 25 60 38 38 1 5 59 12 78 42 76 17 77 61 30 18 25 12 14 67 90 38 91 39 3 51 1 23 5 84 35
30 10 42 91 37 99 84 26 23 86 89 20 24 29 41 61 38 31 19 36 29 78 43 86 86 85 31 80 44 14 20 5 99 8 6 78 82 94 65 53 28 19 87 63 99 87 87 66 62 22 3 50 49 69 15 68 35 70 45 99 77 29 88 26 30 31 14 20 71 58 99 5 16 66 73 6 85 8 43 31 66 73 12 33 39 34 9 33 63 55
62 81 15 80 55 65 87 95 81 30 69 2 20 66 1 16 92 50 44 41 23 5 71 14 33 61 71 74 16 83 6 76 51 35 23 94 72 85 38 45 72 75 44 9 94 21 37 51 41 64 82 35 69 73 97 50 96 30 23 73 56 2 12 50 62 92 67 8 44 24 16 38 19 42 72 77 53 32 38 19 41 74 26 25 90 30 82 8 71 91
20 39 17 80 51 15 79 9 46 6 43 67 2 5 8 13 79 21 36 36 61 1 38 19 59 92 55 10 98 89 21 3 51 84 54 88 40 71 81 27 69 67 66 95 17 51 19 55 8 90 36 9 99 11 80 54 87 61 18 3 31 47 5 85 17 10 66 92 72 53 96 50 51 18 71 34 16 92 73 36 45 1 10 92 96 18 3 30 89 84
39 16 38 23 48 74 34 53 35 83 92 56 10 89 23 8 27 83 94 23 95 51 40 21 55 36 82 41 34 40 3 91 47 15 11 60 58 71 74 43 57 21 56 98 25 71 24 42 18 89 5 4 98 15 81 43 31 90 45 68 34 36 1 9 100 50 76 14 22 84 57 41 84 100 97 92 50 76 42 18 39 99 12 28 46 54 24 20 30 6
81 60 4 25 62 80 15 86 14 77 11 75 4 44 6 44 92 30 86 69 32 40 15 1 56 2 64 27 56 52 51 81 6 72 74 31 97 84 31 53 22 49 14 32 32 39 34 3 12 29 96 26 93 47 96 44 84 9 31 96 41 69 7 83 98 27 5 7 13 78 11 2 49 86 70 88 70 20 59 34 15 97 17 38 10 86 12 4 38 28
96 17 7 15 66 66 38 43 100 35 36 61 96 57 53 67 20 92 51 20 49 40 1 35 36 77 43 72 44 97 83 58 41 87 93 59 17 63 66 72 81 14 85 90 3 82 24 8 41 42 75 68 18 6 82 44 58 61 10 24 44 97 53 35 99 93 33 70 49 99 67 48 52 37 35 69 40 92 50 88 35 5 33 32 58 87 48 39 11 2
61 4 78 44 94 48 93 86 28 40 44 60 48 1 17 75 81 75 67 64 60 42 87 76 95 75 50 57 2 71 11 52 9 36 74 8 18 22 17 27 31 39 76 88 44 94 7 19 64 43 33 51 34 40 7 41 75 2 47 27 45 39 8 83 59 58 37 96 61 1 65 9 23 96 68 99 20 26 8 72 29 47 14 42 42 70 68 99 54 81
62 30 57 60 22 36 92 90 19 85 69 2 57 4 97 59 40 74 76 81 38 82 65 2 73 47 51 43 2 62 61 58 75 14 29 51 19 40 49 63 54 86 9 68 93 82 56 37 76 59 59 98 26 27 79 55 15 22 13 1 31 89 62 19 56 43 34 93 69 87 63 14 73 20 100 59 57 30 14 26 84 44 17 59 30 59 65 46 21 44
18 17 34 94 13 76 7 97 78 62 16 22 91 4 96 55 30 80 97 24 66 96 63 40 50 35 30 81 19 50 16 21 88 28 48 91 86 32 2 9 1 70 62 49 31 55 39 64 11 30 92 37 100 3 34 40 6 34 30 2 2 24 71 85 47 78 8 77 4 16 18 86 92 48 78 69 74 91 98 31 96 92 81 1 65 55 75 11 54 42
63 95 22 24 99 29 46 44 75 90 76 49 90 72 47 49 2 62 22 17 100 24 76 97 44 72 4 65 59 50 98 62 70 51 90 64 73 52 4 12 19 71 19 21 38 23 74 34 46 21 62 11 73 35 61 19 67 6 84 78 11 5 82 46 100 77 53 53 50 64 68 4 22 18 41 76 100 28 91 75 77 23 63 21 37 49 74 18 99 28
13 22 4 88 79 42 22 3 8 96 92 98 29 42 27 29 57 63 17 51 7 90 75 53 70 42 71 34 49 59 22 97 16 22 48 21 66 4 9 55 15 64 4 75 11 77 36 74 12 92 15 3 85 61 19 29 94 63 12 55 4 57 12 36 37 36 48 4 63 34 62 31 4 45 43 5 95 9 23 94 83 12 34 16 71 54 68 49 67 97
66 23 48 10 41 78 25 59 66 94 70 4 95 62 33 35 70 2 69 2 47 40 29 79 13 87 45 50 80 83 56 94 95 81 4 38 72 91 53 74 86 23 28 25 44 20 31 55 11 28 86 62 61 30 74 66 57 91 49 29 59 69 17 10 65 38 70 68 40 81 52 31 97 77 85 50 7 36 45 91 71 29 40 57 55 56 24 9 85 100
93 78 62 53 41 13 11 11 4 44 25 57 7 6 28 86 85 36 64 80 62 59 90 34 95 27 17 93 37 99 27 22 69 5 90 13 95 42 94 8 29 68 72 57 64 81 30 23 68 39 29 23 61 31 36 85 38 42 94 2 68 72 90 15 14 71 82 18 19 15 91 16 2 68 66 41 65 79 6 47 60 65 30 82 42 35 96 98 11 59
72 23 21 53 87 61 82 97 61 12 61 15 34 50 23 77 44 51 16 41 24 7 34 36 32 27 49 71 15 51 16 61 52 63 76 35 87 37 24 33 8 25 94 95 28 24 57 52 86 88 52 83 86 49 45 73 66 43 97 94 50 87 20 56 99 81 59 5 92 97 51 45 72 8 47 4 17 100 78 16 22 84 28 86 86 5 55 24 62 12
15 51 2 54 40 34 64 5 64 12 79 16 93 10 56 11 30 9 80 52 71 91 94 75 7 1 34 78 25 53 36 55 17 68 70 13 75 53 19 54 81 70 70 74 75 80 35 64 71 60 40 100 55 24 62 13 33 63 57 79 29 76 77 6 98 70 7 46 16 92 52 1 92 82 43 88 73 99 72 60 87 10 15 65 68 60 4 68 80 5
77 72 2 49 4 47 46 18 68 10 9 13 20 15 54 42 98 1 97 54 87 37 98 27 14 39 34 36 47 62 22 21 28 51 22 51 98 38 66 8 41 45 45 96 98 16 21 50 94 53 17 72 60 90 47 20 68 53 66 95 98 29 26 10 94 45 94 96 100 82 56 29 92 63 77 77 23 41 88 91 41 88 100 75 57 58 87 20 68 4
94 60 49 8 96 65 66 53 76 97 53 80 38 67 25 83 67 39 22 17 63 37 34 47 70 2 95 79 74 71 4 51 84 99 6 99 40 36 6 92 9 37 11 5 75 2 76 42 72 36 13 86 64 20 68 68 25 31 91 84 87 74 99 15 8 61 95 86 7 69 99 5 50 28 13 6 91 82 43 60 23 64 96 99 57 23 17 98 29 48
100 85 47 17 22 17 72 69 52 54 53 20 64 16 56 82 81 90 63 62 39 77 49 53 59 46 13 60 94 13 27 11 58 43 73 25 82 53 29 47 66 19 78 57 41 78 55 66 18 87 22 83 29 25 67 99 71 80 56 94 3 17 65 80 34 57 73 84 39 2 52 51 7 20 79 86 24 12 20 16 28 46 38 83 47 46 65 57 62 93
38 2 50 39 52 88 8 29 55 68 20 69 4 56 31 86 45 76 36 25 29 63 81 12 39 35 2 1 96 9 43 17 44 11 8 61 92 55 68 59 16 84 39 68 96 98 81 100 13 67 100 84 26 68 28 18 49 67 27 90 33 34 30 31 10 70 61 50 87 20 51 30 66 53 69 78 16 84 49 61 47 93 42 89 90 26 98 2 14 29
75 39 94 71 13 46 26 29 94 87 48 9 62 71 77 99 79 100 26 47 57 40 77 22 66 72 10 83 43 65 23 95 45 68 69 96 57 39 87 79 86 33 37 63 89 72 31 25 79 49 63 13 42 89 55 39 37 76 27 43 80 35 93 52 48 12 49 1 46 26 67 77 95 98 72 63 53 62 69 47 88 40 5 33 81 3 47 68 44 36
67 95 47 54 53 62 86 52 83 1 87 2 15 15 37 99 50 55 92 74 10 82 100 78 61 16 50 53 35 2 71 48 74 57 68 17 69 16 55 9 38 12 8 100 70 32 95 44 86 80 58 34 16 1 9 7 63 6 98 49 36 35 80 7 6 60 36 33 94 86 5 66 34 36 14 1 17 18 3 58 25 68 7 16 10 61 81 71 94 36
21 95 36 43 47 68 62 93 94 2 92 86 46 82 88 41 38 88 3 82 10 44 21 98 50 36 20 41 68 77 85 48 87 69 51 64 90 51 63 100 71 4 5 75 29 88 33 16 65 12 62 14 50 49 9 96 21 9 7 69 71 33 76 49 52 98 66 85 43 8 39 51 36 59 28 98 51 51 89 11 13 87 7 98 31 26 63 67 73 14
23 39 19 96 35 96 78 74 28 91 98 13 44 96 72 62 79 19 8 42 25 10 43 81 96 60 53 34 10 87 52 81 15 37 53 14 12 35 48 29 71 53 95 40 45 5 89 89 58 56 53 36 81 11 18 11 40 3 100 55 80 59 83 84 92 30 36 17 16 98 30 27 25 97 21 72 18 97 72 79 79 15 51 25 70 78 100 57 80 96
54 41 3 4 15 13 67 42 56 26 36 71 84 81 6 98 32 56 69 54 10 31 95 76 60 99 24 57 45 100 53 88 63 60 93 6 86 18 21 91 56 22 19 99 20 33 96 29 4 8 25 89 20 100 97 49 73 55 59 97 7 24 11 71 17 68 15 48 97 12 19 86 91 22 92 84 52 86 48 39 49 14 7 98 91 89 45 67 53 5
14 86 37 23 60 63 56 30 29 72 61 22 5 14 19 33 43 50 70 67 44 45 38 13 51 80 81 63 89 14 97 54 35 84 58 78 6 30 63 78 96 14 26 40 91 54 44 7 63 99 18 19 37 42 32 99 28 32 7 14 100 31 71 97 15 45 39 60 71 75 26 7 44 26 19 72 12 66 85 4 38 1 34 39 81 43 49 42 23 35
83 79 93 2 81 89 58 63 14 11 45 55 92 67 80 57 60 53 79 60 88 99 41 42 40 56 43 59 4 14 100 60 71 60 65 52 84 80 30 8 61 63 23 68 9 99 38 86 25 20 65 37 96 21 20 18 65 14 12 14 51 49 70 27 78 76 93 37 19 71 48 93 41 28 66 44 82 69 26 22 12 62 46 84 99 28 37 51 56 96
91 37 78 37 72 33 71 17 99 11 87 47 16 55 62 18 65 98 41 53 76 81 48 57 29 41 49 91 63 51 90 93 85 98 5 38 48 22 3 60 62 16 15 67 90 16 66 21 30 96 42 87 61 66 12 71 52 36 83 31 84 95 52 14 92 44 24 79 31 51 40 84 57 8 9 94 26 90 46 96 85 88 64 12 81 49 29 72 37 31
61 74 19 7 75 57 32 38 28 81 68 15 4 62 10 62 29 84 42 36 71 71 76 3 19 48 52 16 18 98 47 7 72 80 59 95 85 81 89 7 10 91 22 6 7 19 93 28 6 60 95 22 72 97 27 93 8 7 50 63 27 86 62 75 24 69 91 54 81 52 60 65 68 47 41 46 92 53 28 90 27 65 19 91 49 71 91 91 39 33
98 48 26 7 22 52 14 32 56 49 97 57 82 52 67 34 7 66 42 39 44 100 46 66 32 42 35 79 52 51 39 97 6 85 49 85 45 80 42 86 42 98 12 14 80 3 15 79 67 69 58 21 84 6 46 64 76 73 9 52 51 67 27 46 71 23 27 87 1 1 51 85 1 56 46 71 83 88 50 77 44 43 7 79 87 97 39 70 91 96
6 54 45 99 59 47 72 73 29 45 42 80 37 26 54 86 67 97 9 33 25 90 24 4 36 26 95 59 37 78 86 14 52 68 29 69 24 44 88 39 98 60 76 19 48 52 60 55 55 95 93 81 80 6 74 39 5 69 96 46 45 15 42 95 56 45 62 89 26 67 11 64 73 100 92 5 42 23 62 87 55 96 36 80 3 43 75 85 1 64
97 15 92 92 74 42 86 99 1 55 56 57 59 74 4 11 64 50 19 1 6 53 39 12 4 81 53 58 58 69 1 58 23 1 25 77 45 90 79 67 16 67 70 25 51 7 12 18 95 79 74 98 43 25 68 84 72 90 60 50 31 70 55 68 8 55 65 52 83 79 63 37 91 62 99 43 7 97 34 50 58 84 11 82 2 53 76 89 18 95
29 77 91 79 85 69 63 72 90 90 49 17 36 51 35 50 84 57 83 89 17 78 64 48 74 62 46 63 63 6 50 17 78 91 76 5 22 59 69 52 79 43 33 48 24 65 60 34 29 63 85 97 16 69 72 63 72 80 15 96 39 44 25 2 19 86 97 29 56 74 55 50 28 17 34 86 53 57 89 4 23 41 79 100 73 83 56 76 48 33
43 79 45 47 48 30 44 93 43 32 96 58 30 35 30 41 62 66 51 72 2 50 67 76 75 34 99 11 90 19 19 100 28 44 1 8 75 45 40 56 87 67 51 77 64 62 33 50 5 70 67 25 20 91 37 97 43 57 62 63 13 66 23 58 86 83 63 72 88 56 65 67 34 75 48 24 12 13 34 39 84 93 85 3 67 43 35 73 24 74
19 60 67 75 72 40 55 20 13 57 58 64 30 80 19 75 46 49 72 47 78 6 32 64 32 79 61 81 17 35 52 30 24 87 94 74 24 70 42 70 45 77 36 44 81 34 89 55 89 66 79 91 16 39 67 41 58 88 44 9 14 37 16 18 19 80 86 6 9 22 36 50 44 87 65 34 46 54 60 87 45 60 44 65 90 32 67 100 83 30
80 2 17 27 65 73 90 14 63 34 65 47 52 65 17 84 81 49 99 13 11 96 69 7 14 14 56 22 10 99 86 14 68 44 85 84 62 90 90 33 49 42 54 80 3 37 42 36 67 82 63 58 51 45 43 59 59 85 53 47 30 3 42 54 42 71 5 22 76 3 25 7 72 11 61 55 92 64 68 5 100 75 15 9 31 66 25 4 32 42
90 58 42 95 76 52 6 56 17 34 92 86 1 29 1 28 85 52 38 16 89 92 64 82 85 43 30 73 41 85 31 17 26 52 27 52 11 22 85 95 60 76 98 13 58 38 39 56 20 63 15 63 57 15 48 91 26 72 65 91 26 90 22 5 39 44 2 78 53 93 45 84 49 19 38 60 79 28 18 70 80 2 67 18 15 75 65 31 25 23
28 47 17 42 26 1 64 27 75 44 7 73 10 81 11 41 96 31 91 78 11 81 93 81 52 66 49 57 82 52 32 43 64 40 84 50 36 97 37 12 21 81 39 77 3 55 58 39 22 39 97 78 51 6 24 9 3 11 43 49 96 31 60 99 92 93 13 4 88 92 77 51 71 9 39 4 80 50 23 94 80 14 86 64 58 85 59 30 43 75
14 100 16 86 35 45 46 38 26 32 27 11 68 1 78 3 9 38 37 93 96 35 91 89 96 85 40 62 13 87 36 80 16 3 98 5 30 41 75 98 28 63 31 64 52 19 99 80 38 57 33 92 49 37 91 18 34 98 27 68 91 64 31 26 87 63 52 44 47 74 43 29 20 96 5 16 100 83 93 46 69 47 51 19 34 90 9 88 39 75
32 24 57 43 58 84 71 50 87 62 70 3 12 34 82 68 77 99 14 58 46 89 4 55 35 51 8 69 13 46 94 94 95 42 58 67 25 57 100 24 20 98 100 41 43 63 98 15 66 14 31 38 90 64 93 92 23 79 49 21 66 79 72 7 34 72 82 65 66 56 38 93 2 38 65 1 51 7 16 84 86 66 54 10 13 82 68 39 7 71
80 11 98 60 13 97 82 12 27 4 27 85 21 34 42 52 12 56 43 3 63 80 42 77 60 10 7 36 16 13 73 52 35 53 17 49 87 73 91 32 26 2 82 49 89 54 56 46 48 77 73 37 60 62 1 54 38 14 30 92 9 77 30 77 13 68 41 8 99 48 97 83 21 5 19 1 72 98 97 98 22 14 23 27 40 76 82 74 16 62
34 60 15 29 91 69 62 3 23 30 63 95 36 9 1 19 92 22 68 39 25 60 57 67 59 13 99 19 20 40 11 69 64 39 86 65 1 68 58 52 32 21 35 60 14 26 22 35 98 35 84 38 96 5 4 55 46 55 58 13 48 79 53 36 8 91 2 78 65 41 94 50 40 90 62 9 47 4 7 15 16 98 42 66 25 35 100 49 74 42
10 83 85 65 21 63 71 38 98 68 25 41 63 28 43 1 72 52 15 42 60 4 22 96 52 62 68 88 79 47 87 24 76 97 64 80 21 92 53 26 24 89 11 28 35 59 8 97 91 59 29 76 60 28 57 62 23 99 21 84 77 18 92 62 39 68 7 48 22 17 45 30 32 23 98 61 18 92 77 35 11 34 63 37 41 38 86 54 78 12
55 35 59 62 66 90 4 71 30 45 82 82 77 42 35 37 97 67 30 72 90 23 86 10 34 34 61 33 71 56 45 100 17 1 67 70 84 1 84 58 19 91 93 10 62 9 10 79 97 19 9 89 50 84 56 78 49 15 23 41 3 52 64 13 21 84 31 97 61 26 63 66 62 46 55 20 71 99 96 21 75 51 7 7 79 98 19 11 54 78
78 87 77 32 16 49 100 100 32 31 12 23 53 82 65 58 88 90 22 66 54 90 44 33 93 16 58 16 63 85 25 58 86 17 72 32 56 92 52 22 66 33 86 47 75 100 56 86 10 79 50 33 34 63 62 99 27 1 25 56 60 6 82 100 20 17 89 50 49 16 72 33 42 60 50 22 51 75 89 30 30 39 5 4 29 27 71 61 89 10
68 65 93 34 3 84 62 55 83 10 40 86 1 18 8 34 52 30 97 13 13 75 30 67 2 85 67 38 98 36 92 100 95 76 56 96 95 95 10 81 13 62 67 1 17 42 96 84 23 68 65 40 98 87 68 4 35 100 66 10 7 52 39 58 79 89 54 75 69 57 25 51 19 15 89 35 72 44 58 59 59 83 64 28 77 1 7 20 68 56
27 92 23 47 66 83 48 29 28 35 85 74 79 10 24 59 30 23 63 66 94 3 66 65 63 36 12 63 55 46 12 98 25 18 54 38 51 89 43 91 5 26 25 68 5 77 100 56 81 75 35 37 87 100 42 10 10 6 81 88 70 84 20 2 65 19 54 93 27 2 7 25 81 11 92 53 17 27 27 17 98 23 50 33 43 66 22 12 13 98
7 25 51 56 67 13 8 32 77 1 48 19 53 8 96 45 44 90 19 15 15 15 85 99 62 90 11 90 29 15 54 27 26 64 91 69 49 35 36 44 6 28 5 84 24 88 72 8 36 90 25 92 38 73 35 82 61 75 55 15 87 72 91 19 7 19 53 96 48 21 59 84 87 73 38 34 76 8 18 49 58 63 10 83 42 32 80 35 8 62
3 91 21 10 93 50 45 43 42 85 38 90 23 74 33 40 93 1 18 51 78 70 81 72 85 35 11 16 43 54 96 64 80 41 29 64 46 52 97 79 60 53 99 44 9 97 25 6 54 49 82 58 98 100 7 15 23 39 49 7 29 85 69 33 91 42 53 14 57 20 52 36 35 35 83 99 32 41 10 88 100 93 96 61 99 94 93 59 51 79
80 12 100 86 93 78 95 62 92 100 87 1 75 81 81 42 21 25 100 77 72 43 3 18 83 63 14 10 40 90 58 58 31 45 72 2 64 92 25 15 55 44 26 5 48 98 57 5 93 84 68 65 68 37 73 11 13 71 59 92 68 47 22 6 74 79 91 48 56 9 83 27 48 49 25 90 85 7 91 94 55 42 69 83 50 40 10 50 16 44
76 69 24 79 24 21 73 23 19 19 32 25 26 54 66 99 49 10 92 83 47 60 23 32 55 78 71 83 26 93 32 16 10 79 70 99 59 30 25 27 74 52 51 38 42 23 52 93 21 59 67 28 14 65 14 24 65 75 60 40 40 71 39 78 54 57 10 52 66 41 11 31 27 96 20 16 6 78 37 53 49 43 40 45 34 24 19 22 56 57
92 39 61 8 22 56 99 57 95 11 60 76 61 23 83 57 91 2 49 55 72 30 35 5 95 30 62 77 32 74 7 73 80 77 44 30 95 79 23 92 63 60 76 85 87 13 4 91 72 54 12 48 96 55 17 69 96 81 15 96 93 66 62 79 91 13 91 47 1 100 59 54 80 94 15 62 94 93 48 36 34 76 78 67 72 29 82 41 37 74
85 29 61 61 100 36 26 39 82 65 67 96 70 80 47 42 75 82 13 46 88 96 99 94 31 16 79 53 86 22 66 39 35 89 90 39 25 36 84 90 87 9 81 76 80 40 93 24 81 45 78 18 95 36 33 34 59 86 35 5 34 23 23 43 60 32 19 30 86 30 77 67 60 17 68 55 53 24 16 60 12 45 43 11 84 76 67 95 83 84
42 51 87 3 55 31 80 68 17 34 61 100 24 20 35 20 84 25 6 87 24 77 46 51 78 59 85 77 72 75 20 65 93 9 43 78 45 15 98 38 36 96 76 96 51 24 73 71 2 46 31 24 20 4 60 38 80 69 11 13 12 51 36 7 96 79 18 92 8 43 37 63 22 26 18 16 89 67 38 52 23 82 81 40 27 68 18 89 65 32
22 35 73 65 72 9 47 35 58 46 42 32 68 99 49 73 63 18 24 19 96 45 89 26 76 52 18 59 28 24 97 62 78 41 49 96 37 14 23 88 80 4 88 10 58 98 2 62 91 43 50 82 41 50 27 43 43 20 23 99 61 60 8 49 81 8 98 78 94 60 69 10 99 35 34 86 28 87 22 77 96 11 92 87 50 9 82 81 75 2
30 97 5 99 90 11 89 65 93 1 35 80 85 30 21 53 22 74 18 43 7 24 49 53 83 24 58 74 19 69 81 4 72 48 89 52 54 42 74 97 58 55 6 93 32 72 58 6 66 48 41 13 32 32 63 46 63 29 24 19 34 62 96 12 28 90 3 19 29 65 62 69 11 42 41 53 76 88 74 66 29 38 3 61 43 34 79 79 52 43
96 78 79 41 5 54 93 85 18 84 7 3 99 19 71 90 41 78 43 27 50 17 21 16 57 39 84 20 7 79 87 73 8 25 81 36 71 86 72 22 90 100 89 86 40 18 10 28 94 14 16 81 91 78 88 22 82 21 61 69 88 23 28 41 65 54 25 60 56 97 29 50 79 97 39 47 86 1 42 47 93 16 73 57 89 29 22 28 92 18
87 30 93 98 10 46 36 77 23 73 44 86 34 98 33 1 89 72 17 93 35 28 51 61 27 70 5 91 29 85 16 3 6 16 49 2 14 76 56 24 68 96 67 71 38 75 63 11 47 38 3 41 52 100 3 54 17 96 29 30 47 33 8 79 60 88 10 19 52 27 54 51 17 96 64 70 25 79 37 45 88 82 75 100 21 95 30 79 98 90
27 99 4 6 63 44 92 77 19 84 94 54 61 37 2 23 64 89 50 62 65 34 1 87 54 66 96 99 54 63 98 7 19 84 19 59 38 8 41 73 74 31 82 18 8 94 83 60 74 23 99 51 12 51 70 31 76 90 9 90 86 46 19 44 37 71 62 19 40 10 38 97 4 30 4 60 23 77 44 50 98 21 28 57 96 66 13 49 15 31
57 67 47 10 16 20 85 5 23 98 98 17 100 63 48 83 3 94 97 94 87 36 4 12 23 46 85 48 1 96 39 21 22 72 15 29 95 5 98 10 24 22 31 38 19 83 58 61 1 57 79 66 65 30 81 42 53 55 2 95 65 15 14 31 87 1 26 65 92 57 11 57 11 9 16 52 18 31 82 20 83 69 58 64 99 79 26 62 64 58
62 53 54 84 23 31 44 37 37 79 77 44 60 18 22 9 27 87 8 24 81 42 36 68 96 32 92 41 28 23 44 16 16 36 8 62 4 60 64 87 15 24 60 37 18 5 99 98 44 65 83 89 5 85 42 2 72 70 51 71 55 72 9 96 51 97 72 48 41 68 41 82 27 73 17 4 1 81 77 96 15 55 88 37 6 72 27 11 87 1
15 94 30 75 55 79 3 96 15 38 66 74 98 70 89 39 35 83 34 58 88 31 40 93 3 7 91 73 41 79 98 86 68 46 85 5 93 57 39 89 48 72 81 97 17 52 93 19 14 70 50 9 65 82 74 48 95 35 49 6 36 68 88 35 31 67 80 20 62 58 49 66 88 88 39 62 7 71 80 81 15 46 36 75 76 51 13 55 66 69
55 58 43 62 17 60 96 48 86 5 9 66 9 10 8 100 88 99 80 21 16 60 77 22 64 34 19 17 29 77 2 69 35 36 66 97 40 76 28 18 59 85 35 67 49 58 36 67 88 41 6 89 56 40 26 16 100 70 9 64 55 66 39 14 57 77 52 36 71 59 34 24 11 6 4 44 67 17 45 37 33 57 29 29 96 33 2 15 61 95
45 69 87 35 58 92 90 14 57 36 15 49 63 62 28 30 44 2 5 23 56 85 76 88 86 87 33 5 55 37 14 81 77 33 22 97 17 77 69 26 90 23 24 11 84 66 11 38 96 57 75 86 83 67 28 45 38 79 71 74 55 80 23 9 48 97 32 84 31 84 13 39 27 89 90 67 92 75 41 53 3 19 77 97 88 89 68 9 64 13
98 1 74 94 38 41 76 41 14 13 90 21 38 48 89 32 81 38 73 81 89 68 10 44 63 71 44 16 46 81 21 36 76 23 87 44 100 51 53 8 95 81 8 11 48 63 77 48 47 93 27 11 52 34 89 61 26 11 86 16 21 96 69 90 12 24 61 64 89 1 92 17 70 41 41 34 27 90 43 10 43 79 6 77 53 44 36 42 5 34
47 8 95 31 9 3 29 31 5 65 32 38 78 88 37 22 61 60 2 72 41 2 88 70 76 57 43 32 53 87 68 65 79 48 18 30 51 48 51 24 63 28 87 65 9 36 72 11 56 57 23 55 33 48 8 74 43 97 26 37 64 90 81 57 17 16 10 35 15 22 7 48 48 67 4 21 85 91 36 34 41 48 19 70 44 21 80 82 41 80
39 71 11 34 32 84 8 25 74 82 86 78 81 60 27 97 98 17 67 26 7 94 34 82 72 89 32 34 37 18 57 55 69 55 57 98 67 49 41 91 58 26 41 12 54 36 29 73 89 71 38 52 79 7 51 33 8 70 67 4 46 60 17 100 58 36 29 18 33 38 5 35 47 73 21 95 75 63 59 23 53 66 14 69 43 25 52 39 5 89
34 76 53 91 63 60 89 81 5 41 88 48 84 39 1 69 17 46 55 14 59 38 51 11 26 48 31 68 12 77 76 7 77 56 84 51 9 19 62 87 90 48 100 47 73 18 100 70 45 71 62 2 33 94 3 39 80 2 62 23 41 27 44 71 98 18 34 67 45 82 5 83 30 14 43 92 83 71 21 96 78 20 17 89 87 62 50 29 4 24
35 52 59 10 91 81 29 28 57 54 91 83 34 83 32 76 76 33 65 31 17 78 78 94 74 39 5 7 10 24 65 21 60 78 43 51 86 43 96 5 11 1 88 6 30 59 34 50 21 86 75 47 48 27 6 65 35 14 51 2 58 23 55 87 27 13 58 65 86 8 65 99 50 18 77 54 91 39 66 60 65 82 70 84 96 63 2 20 13 85
81 57 58 51 28 65 18 97 54 39 32 75 13 45 28 47 43 53 94 15 14 46 67 38 23 75 85 95 80 56 31 50 3 99 78 92 97 43 47 46 50 1 27 82 53 98 81 48 40 95 14 20 11 71 100 69 11 27 66 57 89 31 79 51 41 20 65 34 5 43 57 45 87 19 64 44 16 45 25 75 71 68 97 62 55 74 94 99 83 26
60 63 18 79 60 3 7 88 60 59 25 15 76 24 37 15 87 19 21 70 17 32 50 21 43 48 6 25 71 39 27 19 1 40 36 19 4 95 9 90 10 66 52 80 24 100 91 79 24 84 64 57 34 39 6 26 84 58 30 15 30 34 47 70 89 50 58 96 81 68 39 48 97 89 53 62 86 19 19 25 50 1 28 98 60 44 63 56 78 95
8 38 57 61 37 83 40 54 96 62 39 18 69 90 73 89 68 28 70 18 74 83 23 36 44 64 37 31 5 17 11 89 44 29 70 38 27 6 32 45 43 36 56 69 88 64 93 44 56 49 5 81 33 94 73 12 35 44 13 79 88 60 52 98 12 78 64 55 93 6 45 47 85 29 54 7 37 11 36 87 20 16 26 80 8 51 25 5 93 41
93 3 86 78 75 97 29 30 65 82 98 1 1 19 78 87 23 96 22 15 26 26 98 38 25 89 99 57 96 56 81 23 39 21 55 38 37 29 73 50 37 71 5 5 66 4 8 30 20 63 84 58 78 83 52 27 68 44 76 98 16 73 54 52 94 18 11 53 21 78 50 52 27 81 52 29 97 94 35 76 19 32 59 17 97 46 5 66 42 36
71 65 63 60 63 66 16 49 86 58 11 72 79 25 33 16 60 5 95 14 24 17 21 25 34 15 92 46 82 13 97 9 14 76 60 84 54 11 62 55 37 57 63 25 34 77 33 19 18 66 13 8 30 95 41 38 55 48 78 85 35 99 67 60 29 33 72 15 96 12 21 31 44 4 84 39 28 31 28 12 29 17 30 23 23 79 92 24 50 96
88 9 1 31 68 2 31 95 1 83 41 26 72 31 80 6 89 46 60 97 53 37 67 13 8 72 67 11 80 99 33 53 8 58 84 61 39 51 83 27 22 49 81 37 88 35 96 14 7 28 3 99 76 53 97 66 28 97 15 94 11 12 48 54 24 1 65 29 59 97 28 26 2 48 66 56 9 32 27 33 37 20 76 11 45 97 9 30 61 100
30 5 51 50 7 99 17 32 74 99 7 7 100 58 33 13 69 77 76 23 31 8 42 92 84 91 80 79 82 94 88 25 60 86 50 80 78 73 54 20 19 65 25 95 2 9 95 20 74 35 68 29 34 99 1 96 22 81 94 55 28 19 50 15 92 89 55 54 38 16 14 59 7 80 40 9 68 38 42 64 9 55 91 9 38 98 39 27 25 78
71 18 58 6 75 24 12 54 81 27 13 8 26 86 54 93 15 69 83 29 97 63 61 28 95 75 99 37 78 17 66 12 5 53 3 70 42 79 46 52 22 88 52 52 76 56 33 35 77 62 86 50 30 14 81 84 88 35 96 86 93 62 63 60 49 15 20 28 81 88 80 23 59 94 31 72 30 92 31 42 40 20 9 37 18 79 96 7 95 75
51 14 80 56 13 77 51 12 48 29 89 23 53 13 42 33 99 68 91 10 68 50 16 22 81 85 3 21 25 48 24 97 89 10 82 69 73 77 54 1 54 67 25 62 84 48 70 25 68 58 95 42 1 6 37 16 87 29 60 13 67 15 1 71 51 16 32 95 69 47 49 84 69 52 20 66 96 74 67 20 55 29 12 82 36 18 29 35 83 13
32 48 54 14 13 80 42 44 33 36 50 27 70 68 86 63 54 35 59 39 72 34 37 81 75 38 99 69 71 38 22 51 47 73 45 81 60 39 41 73 39 15 17 43 57 51 77 92 69 79 27 55 90 21 41 52 28 25 58 58 50 26 2 26 84 19 90 48 87 32 92 19 10 75 12 64 86 69 38 56 13 68 82 80 63 34 25 98 35 43
13 12 77 83 32 20 70 3 68 47 77 3 64 64 20 73 58 66 99 14 51 4 36 54 76 55 87 99 23 4 78 22 79 39 55 83 93 79 96 28 66 65 97 28 7 96 4 41 80 68 31 2 14 80 44 98 82 7 82 61 28 19 8 40 11 99 10 19 60 76 34 96 48 33 16 62 44 36 61 29 37 82 89 43 4 38 68 47 21 37
6 17 3 2 52 2 30 1 90 39 72 20 32 17 3 27 22 43 48 57 12 18 7 73 44 36 17 41 81 48 9 60 97 87 96 74 18 68 30 31 80 99 98 90 66 59 65 76 16 30 6 32 54 96 5 76 25 55 66 3 10 68 34 19 74 94 80 95 91 79 78 64 62 10 91 22 49 25 16 70 51 59 56 24 23 50 95 28 32 4
18 48 17 14 41 43 89 81 78 95 6 40 92 39 60 64 87 48 96 95 1 95 84 21 48 87 57 84 6 44 29 59 2 86 77 38 15 24 79 72 38 79 72 73 48 90 28 75 89 88 59 10 51 43 26 45 64 2 81 81 12 71 38 75 7 88 83 79 16 100 87 86 31 39 75 76 19 83 87 76 85 66 46 72 65 30 85 46 92 17
5 3 79 36 24 58 16 94 58 26 32 50 21 5 8 37 57 46 71 54 11 11 42 76 87 20 66 80 80 62 61 57 38 78 7 42 84 23 62 19 6 59 4 31 44 25 76 18 53 52 11 49 50 3 5 67 54 47 8 85 37 67 45 23 93 65 32 36 33 95 76 69 63 37 24 10 53 89 51 8 26 38 50 79 65 14 8 73 6 38
24 96 5 60 55 25 63 42 2 95 42 53 84 44 77 2 61 10 17 54 71 35 100 52 47 65 61 72 64 43 80 19 11 45 69 90 44 70 88 5 14 28 66 95 44 80 40 66 39 80 52 89 68 86 55 38 6 56 81 62 23 77 94 96 92 36 23 64 1 29 62 59 68 52 31 63 44 82 13 12 2 97 91 68 63 81 3 76 28 37
98 7 53 28 74 83 68 59 47 33 27 79 49 57 88 23 30 48 89 100 20 39 94 78 91 50 9 5 23 51 16 8 74 82 40 32 55 59 35 42 14 21 32 14 87 99 71 4 5 83 70 26 5 69 5 35 56 29 99 76 28 11 30 91 45 70 53 19 85 57 92 93 37 46 99 20 66 58 61 47 45 74 30 37 83 8 88 13 74 45
59 91 66 65 93 14 67 29 48 23 38 97 45 5 14 42 24 78 85 81 71 32 5 32 45 41 9 15 46 34 58 83 81 24 41 54 16 79 89 12 34 49 57 6 41 48 3 50 63 27 39 51 52 32 63 5 36 33 6 65 69 3 3 16 61 94 85 49 34 10 37 95 43 1 81 98 12 36 65 17 50 24 92 39 43 72 73 80 68 32
43 15 29 81 48 64 88 17 65 85 21 97 93 35 87 10 50 12 84 71 12 38 5 88 36 69 93 29 17 36 76 58 77 43 87 16 20 48 36 79 56 65 71 55 53 12 33 44 45 90 25 89 66 93 74 78 89 43 68 88 94 28 99 100 22 11 58 86 28 62 19 42 94 60 95 53 6 75 60 13 54 23 37 22 9 15 18 4 37 65
23 36 63 72 86 92 32 40 83 68 22 48 20 96 95 68 36 22 58 10 49 18 10 59 68 13 53 51 82 18 27 51 43 14 65 22 38 58 5 77 15 87 98 55 85 68 9 90 62 47 66 30 52 64 15 89 30 65 5 68 65 22 56 5 70 37 1 28 23 52 72 21 37 28 50 35 81 8 33 1 92 26 40 76 52 22 15 56 65 94
10 73 57 4 8 87 99 19 28 84 58 14 48 46 92 19 68 70 51 57 33 100 20 11 77 44 83 95 6 50 57 56 90 70 4 76 31 37 15 13 42 51 3 89 80 45 76 95 54 31 19 52 58 33 65 12 50 34 69 98 30 86 14 96 33 15 97 50 12 60 45 59 94 63 45 35 38 84 39 12 72 17 87 40 51 39 36 60 72 72
89 34 6 38 57 14 43 81 100 74 64 61 38 57 8 73 76 93 52 70 32 88 98 59 71 37 89 56 89 79 98 81 53 13 59 29 89 65 96 100 21 15 90 5 49 42 73 17 13 66 88 96 76 44 19 16 92 31 44 37 5 66 83 50 30 82 51 39 61 1 66 49 2 86 53 25 3 18 15 100 39 6 36 11 26 90 43 52 41 34
3 52 46 86 87 22 55 49 33 48 18 58 13 70 43 38 93 60 16 16 59 83 61 13 94 62 98 63 26 49 72 98 3 7 59 93 11 85 77 23 69 42 89 24 39 86 35 16 11 13 62 20 10 75 39 58 58 32 9 44 85 44 85 37 13 87 88 7 16 61 91 40 55 99 63 44 100 79 28 52 5 91 82 65 38 100 21 34 71 25
74 13 6 80 75 26 87 88 60 85 94 53 13 24 26 29 42 90 36 37 5 48 88 10 51 83 73 85 59 72 14 58 60 27 51 5 77 25 59 23 36 12 42 71 65 50 85 69 4 32 87 48 15 100 36 66 89 81 78 68 65 67 70 9 8 85 83 32 16 62 82 35 32 92 82 18 63 56 66 83 4 74 100 96 58 43 74 80 4 51
76 63 29 84 52 51 3 47 41 29 39 8 75 65 41 69 28 40 64 19 87 2 52 81 58 17 31 19 47 1 27 4 89 29 30 99 47 73 76 80 7 97 86 83 96 50 50 15 85 98 81 36 16 51 56 91 21 46 90 40 44 16 77 70 51 43 85 10 41 33 18 86 88 38 52 69 96 77 27 35 54 44 78 64 86 50 22 53 16 91
96 42 95 24 7 90 78 11 61 68 38 21 65 5 3 90 76 81 85 16 13 64 94 76 43 92 18 67 97 50 22 33 46 3 96 41 98 77 10 58 46 4 1 95 41 4 45 88 89 99 18 43 61 83 6 50 56 75 36 98 66 98 82 5 87 44 52 78 82 85 21 10 7 83 22 41 99 78 38 97 45 67 74 86 81 32 100 95 83 16
55 19 3 91 76 10 46 78 59 74 6 30 62 71 39 59 84 92 36 6 55 98 62 43 59 90 82 73 37 47 16 85 50 51 98 90 24 42 26 54 17 25 85 60 63 15 11 62 49 22 25 32 36 88 46 23 57 73 60 8 91 97 89 14 6 92 52 85 20 14 55 71 80 15 23 58 74 62 74 42 3 91 64 52 26 31 63 68 73 30
94 24 53 77 92 40 41 59 62 84 15 57 16 98 72 19 94 35 26 43 74 90 89 99 2 84 21 79 35 89 94 26 86 96 7 27 52 86 80 20 26 89 60 16 8 28 65 36 83 7 87 65 75 94 23 2 57 1 2 48 35 58 97 89 84 38 4 51 5 77 6 32 45 53 2 80 52 61 74 17 70 64 3 25 46 33 98 84 19 68
68 4 39 14 59 37 26 23 67 70 25 50 68 86 51 100 49 29 41 35 50 56 41 30 4 60 78 51 44 38 54 8 70 18 36 46 5 82 75 85 93 70 8 10 99 21 41 43 77 64 15 83 37 67 47 100 51 52 61 74 67 22 71 28 58 65 60 86 29 13 22 37 94 25 14 35 49 37 90 22 43 30 3 67 38 5 60 65 37 16
17 55 17 13 16 11 80 7 7 25 44 17 39 85 24 1 85 84 60 82 98 17 19 100 61 73 80 95 29 73 38 15 86 20 92 34 62 42 43 100 28 62 6 23 60 8 98 81 38 62 53 75 30 10 74 7 59 32 33 38 76 94 14 31 78 76 48 46 84 37 75 9 62 17 52 48 89 46 91 20 39 73 45 5 86 77 56 1 35 81
67 86 34 49 69 98 30 85 36 21 72 33 31 90 19 92 10 49 86 15 93 40 38 95 47 91 24 4 99 17 34 44 19 28 27 15 39 13 100 66 65 57 8 56 90 3 88 74 35 9 19 99 78 24 41 92 66 45 27 27 19 69 41 99 96 84 53 83 98 81 19 60 51 76 30 16 43 62 39 57 18 44 97 73 17 38 34 3 36 83
55 48 70 100 80 31 14 8 13 39 2 16 2 91 48 30 63 29 39 10 75 61 13 88 100 20 85 74 74 61 33 6 57 19 70 70 80 44 14 71 10 28 55 46 87 86 64 30 68 39 16 18 27 89 57 44 69 68 65 57 67 7 88 64 79 2 99 40 19 61 32 38 8 39 7 43 32 66 41 84 56 47 55 44 99 19 22 2 56 75
99 84 80 14 33 46 27 36 68 45 89 33 91 3 91 56 74 59 60 56 80 13 31 50 63 15 45 56 57 72 76 94 88 40 94 72 65 95 83 51 19 37 14 2 77 74 18 13 42 25 73 17 46 3 45 80 56 36 37 87 28 79 19 9 38 91 81 4 48 66 27 20 39 13 23 89 9 15 23 32 50 27 18 2 27 68 43 39 48 25
85 15 88 40 84 31 3 12 58 51 65 37 77 4 5 60 52 88 3 24 2 44 51 95 68 83 27 71 74 29 52 93 13 84 58 35 99 66 66 53 12 82 3 76 41 33 100 64 22 15 51 5 34 48 80 38 49 8 72 43 13 7 100 56 58 54 88 73 52 7 82 72 45 1 21 22 1 65 40 94 37 41 98 55 7 95 8 22 34 1
98 14 27 21 90 46 64 37 49 18 85 4 26 25 32 8 40 52 21 28 63 8 51 85 6 83 33 90 76 8 90 89 67 3 85 15 89 42 26 26 82 81 72 87 39 39 37 15 64 92 85 14 78 21 11 28 10 84 97 4 82 78 19 53 62 9 66 49 85 56 52 87 100 27 62 69 91 45 46 48 64 50 25 89 70 59 89 20 39 47
54 86 29 5 8 59 67 7 44 83 28 70 84 30 55 19 12 35 94 27 23 83 55 68 6 63 77 38 78 7 48 82 26 70 84 18 36 6 99 93 58 64 72 92 31 37 67 61 42 83 37 65 36 73 54 78 86 70 11 73 29 11 99 58 94 55 40 18 30 29 28 76 87 47 92 88 9 17 61 89 59 66 73 79 13 62 49 66 76 74
14 87 86 65 31 73 42 6 100 33 60 42 3 37 90 23 17 75 35 98 23 70 92 34 15 59 13 14 51 30 95 75 60 10 48 67 70 86 19 7 79 70 97 72 11 80 25 38 38 50 89 41 78 85 62 65 48 30 26 20 85 91 99 37 59 68 10 16 63 82 30 92 16 83 13 34 1 93 68 27 98 27 33 47 12 92 29 71 45 35
65 21 96 98 16 53 12 22 98 65 23 82 27 26 35 78 50 39 61 67 65 1 67 49 5 57 4 51 1 33 14 12 48 20 39 67 1 52 97 45 65 50 93 92 24 31 64 78 52 74 95 19 3 45 22 75 62 2 97 82 33 42 63 95 60 89 53 18 99 84 20 29 40 4 73 70 59 58 50 55 9 32 97 30 44 42 79 81 69 69
44 79 11 35 18 37 26 4 56 36 28 37 50 37 19 54 25 87 16 58 89 33 6 43 35 78 61 7 2 33 12 93 70 97 8 65 70 87 97 73 25 11 24 84 39 60 64 1 73 73 61 71 42 4 34 35 64 51 19 48 97 21 64 55 50 73 61 67 35 13 71 86 77 51 60 6 7 98 2 72 39 75 77 72 95 13 18 80 43 80
68 72 26 78 87 30 2 66 26 34 71 84 8 85 12 38 6 2 21 49 69 39 30 34 30 43 48 9 34 75 30 81 28 61 88 78 40 31 92 91 13 4 10 59 70 34 83 20 27 83 95 85 60 29 73 36 33 12 52 19 8 91 35 46 86 8 60 23 2 54 65 49 48 12 92 1 54 54 97 73 45 79 91 28 68 70 30 9 62 47
18 63 62 96 54 94 57 31 43 65 52 76 69 24 46 96 89 76 2 91 20 94 35 13 18 36 98 47 58 47 79 23 31 1 51 62 89 19 82 26 10 70 87 50 22 97 37 42 78 66 98 97 55 97 68 78 55 64 15 75 10 14 68 77 88 20 3 2 66 46 66 6 17 62 63 5 27 48 1 88 57 33 91 56 53 94 2 33 41 52
64 75 87 16 86 93 28 58 70 6 42 42 60 73 35 100 4 81 13 94 17 25 21 41 37 83 52 60 39 69 31 44 55 89 75 68 57 13 76 8 22 15 54 39 83 49 60 74 26 83 43 81 66 70 26 83 58 15 69 42 31 93 64 63 18 51 97 79 29 81 38 34 49 11 13 54 13 66 12 5 66 83 98 61 54 81 39 15 52 14
63 56 71 32 2 4 49 100 63 44 74 13 22 53 13 62 77 74 51 86 65 18 39 89 92 98 11 76 97 30 25 7 36 7 79 20 33 29 70 82 55 23 17 80 8 81 27 89 20 45 75 1 47 73 54 34 62 70 49 90 83 65 21 29 31 28 40 72 67 73 73 39 74 68 2 43 4 55 79 72 4 5 53 86 14 22 62 13 92 45
24 30 33 25 33 17 90 84 89 65 8 6 100 80 42 88 40 54 51 66 81 6 94 78 93 63 95 58 4 71 55 65 20 24 70 7 34 23 54 80 29 54 40 46 23 72 62 21 80 43 37 96 38 82 47 12 55 18 36 99 46 95 78 85 87 12 95 10 79 95 95 51 12 14 75 20 59 24 95 66 93 55 46 43 15 69 11 90 42 98
13 12 46 86 8 96 1 32 95 72 69 38 16 29 39 4 20 47 62 11 94 35 40 55 33 42 78 18 67 54 48 10 53 73 86 76 32 38 66 46 44 87 66 29 70 88 76 42 4 66 7 72 31 93 100 19 62 7 10 90 48 16 45 80 96 59 15 31 77 24 47 25 83 7 43 17 85 82 92 36 23 6 87 42 93 76 77 31 69 8
11 12 51 72 5 49 13 7 25 21 58 4 22 93 93 40 68 12 95 40 65 71 77 93 6 26 4 10 83 93 19 69 16 82 36 81 54 68 38 17 90 48 47 88 58 1 63 22 10 94 1 71 41 71 76 32 79 59 89 1 70 95 17 5 100 67 67 27 21 59 60 36 44 74 65 57 46 79 51 11 23 79 77 32 38 79 82 38 55 96
97 55 27 97 30 17 84 9 11 48 28 29 45 45 48 28 77 63 22 7 59 37 65 58 36 2 24 41 16 10 89 61 65 71 96 3 22 68 3 37 30 29 92 84 23 94 87 56 79 52 81 68 84 35 94 31 30 59 95 59 91 13 89 44 43 48 90 77 44 56 92 95 17 49 75 91 83 83 52 6 76 61 98 34 75 44 25 84 19 18
70 62 14 36 66 42 61 57 100 34 57 13 44 3 53 75 69 61 84 26 40 39 84 4 38 71 55 85 37 46 22 29 64 22 47 95 7 53 42 50 23 53 38 51 98 99 81 13 25 75 74 94 72 70 83 94 43 3 35 55 77 65 79 39 86 87 50 82 71 93 55 21 38 60 6 48 10 66 78 85 38 76 35 70 19 75 52 90 67 11
37 17 39 93 55 95 63 17 43 89 58 37 31 49 98 18 23 16 46 3 21 98 93 74 18 8 53 7 54 21 58 47 35 54 98 66 11 95 98 29 87 40 67 57 14 10 75 35 75 84 60 34 33 30 97 55 27 49 57 80 42 30 2 83 39 86 10 55 71 10 38 62 30 54 13 52 18 51 55 29 12 18 1 16 11 8 41 83 10 26
51 78 48 90 33 32 95 39 54 64 46 45 27 87 58 31 48 89 44 78 79 34 59 21 18 20 9 30 91 15 44 95 65 61 22 80 90 63 71 15 49 78 51 59 84 72 76 78 57 67 34 76 96 63 78 5 41 41 78 4 49 53 43 99 96 96 70 67 88 5 40 8 84 2 28 70 26 20 37 97 79 30 50 28 55 26 59 49 69 84
52 16 41 94 15 86 46 74 97 27 39 53 89 76 25 78 45 63 75 50 44 90 24 92 36 62 61 54 72 55 45 72 77 13 96 70 93 85 56 14 55 93 93 74 60 7 60 32 4 61 87 40 89 57 40 74 92 10 99 29 6 44 79 67 82 46 62 97 28 72 61 95 5 63 51 12 97 35 25 63 85 40 42 77 34 28 84 42 6 42
68 88 21 52 40 57 22 95 25 77 66 51 16 51 23 22 91 17 19 17 82 45 20 73 1 75 77 26 74 80 75 27 96 33 92 83 5 1 98 80 67 93 13 49 68 5 38 51 53 38 86 1 92 52 20 60 84 9 30 88 44 27 26 34 72 68 92 25 60 72 65 88 46 90 22 14 20 15 8 45 32 25 48 95 45 61 67 24 19 45
62 34 28 10 15 3 73 27 63 38 62 100 94 30 86 51 32 64 23 74 53 74 51 91 89 12 44 80 28 21 51 21 88 25 74 100 98 33 47 99 29 86 97 5 6 68 66 35 77 70 32 28 45 8 6 29 86 87 88 62 98 99 66 9 1 93 21 59 26 25 18 44 27 21 18 23 53 43 47 84 23 39 87 59 5 82 67 59 7 72
34 40 91 74 23 51 58 24 88 91 44 56 14 83 95 26 22 76 52 48 73 47 29 74 38 1 40 26 18 29 75 3 1 40 62 23 20 20 97 37 16 100 31 18 31 99 98 58 20 36 47 51 63 37 52 65 56 40 10 51 30 72 97 35 63 86 86 9 51 2 51 95 54 31 30 1 76 28 80 34 43 90 64 97 55 91 100 38 92 24
95 61 96 40 82 20 6 95 3 69 38 27 46 92 78 78 52 75 95 45 11 33 75 36 27 98 46 95 70 1 99 81 4 56 67 22 65 74 87 58 81 28 54 33 51 62 33 71 73 40 26 21 83 21 45 12 97 34 13 94 34 99 7 62 2 99 37 97 32 47 28 12 100 5 2 54 89 87 83 59 29 99 31 45 47 23 79 51 64 86
65 37 94 45 35 38 17 45 57 50 78 88 98 87 1 75 57 66 91 61 95 86 96 70 3 26 40 22 76 28 63 79 21 61 66 36 94 78 16 91 56 63 24 72 5 85 25 64 78 15 49 35 75 5 11 6 1 13 50 81 26 86 52 46 71 70 58 89 41 11 2 5 25 64 41 47 38 18 70 30 38 16 100 1 74 70 87 14 43 84
52 53 16 8 10 21 4 81 35 15 71 28 41 18 46 34 8 29 72 20 3 12 70 72 9 75 8 31 45 82 45 23 66 38 16 33 96 38 87 34 95 94 82 88 94 93 41 25 64 10 64 59 98 41 7 90 98 6 60 40 67 71 62 34 83 30 19 54 88 8 2 98 69 50 15 33 41 65 84 39 89 16 100 90 85 6 16 3 70 11
47 26 10 95 29 97 47 34 86 81 76 23 66 65 40 22 39 15 5 70 99 3 24 98 73 52 51 12 57 82 92 91 24 46 28 74 63 21 26 24 70 38 53 11 6 70 68 50 42 45 77 38 50 77 46 28 81 64 51 94 27 71 75 91 1 2 86 78 32 9 63 52 97 15 15 80 6 88 78 96 57 12 78 43 84 85 62 73 96 75
48 99 62 65 100 6 60 18 19 90 37 40 100 71 41 71 39 28 83 40 88 6 87 24 67 3 88 23 25 88 45 97 66 63 10 41 61 71 34 65 83 90 80 28 84 32 86 18 70 34 89 98 90 77 78 53 26 37 23 61 35 14 84 72 54 71 51 62 45 74 3 96 12 56 32 26 37 67 93 98 55 85 15 72 99 11 97 18 25 24
3 72 1 57 62 77 23 84 19 8 17 53 8 30 5 91 84 56 91 82 23 68 54 93 29 88 89 45 37 22 60 12 49 25 60 54 15 35 75 49 93 59 32 98 4 6 2 81 60 81 52 20 49 69 98 42 97 71 65 78 53 21 37 77 64 83 79 31 53 97 49 9 82 83 21 68 10 47 41 23 80 48 87 28 48 32 26 72 1 57
67 47 88 76 9 15 52 49 94 13 3 47 21 83 79 47 84 100 94 39 47 83 40 46 91 23 6 74 85 31 50 44 11 12 11 55 55 86 76 69 21 60 89 13 55 41 83 26 26 21 29 25 61 82 3 1 100 34 33 73 96 7 87 71 48 85 18 36 73 41 7 82 60 84 43 19 96 52 96 47 53 42 46 93 53 62 42 92 35 66
5 23 58 31 42 35 51 29 22 82 81 20 80 52 95 39 40 84 14 67 68 34 80 83 88 93 13 52 27 98 97 15 19 64 76 12 20 81 56 69 95 13 34 19 98 60 5 31 4 27 24 9 97 9 40 80 39 70 85 1 78 57 25 81 15 97 54 13 2 63 40 41 60 4 21 93 97 96 74 71 87 31 12 82 40 67 96 35 15 34
74 26 74 50 5 80 13 16 58 3 40 63 68 45 94 25 36 5 100 8 85 20 7 67 68 15 15 95 33 56 10 81 86 27 39 42 88 10 10 17 4 13 63 85 60 10 57 12 9 5 53 57 27 51 83 26 39 9 49 95 52 49 58 9 5 36 61 71 54 92 3 37 50 99 5 76 78 9 77 1 16 51 38 82 25 59 92 87 61 40
48 74 99 65 59 57 100 20 49 23 86 13 89 54 47 90 32 59 24 65 89 8 32 81 86 65 57 73 88 56 13 74 91 46 51 27 57 10 41 99 59 42 83 63 20 42 71 59 72 9 32 67 35 35 78 97 15 82 92 33 98 87 54 86 28 30 69 66 88 72 45 56 22 16 3 56 25 87 88 1 76 57 45 10 12 85 76 80 94 99
51 32 4 82 14 50 92 81 63 36 70 22 77 39 15 74 36 3 64 50 38 4 49 44 24 6 88 30 21 66 27 19 48 34 27 68 30 6 66 97 99 68 100 2 52 88 95 73 64 15 16 53 16 54 23 100 30 84 97 48 94 26 90 96 64 93 78 28 29 65 55 57 41 50 58 97 99 33 47 10 94 9 2 4 38 35 40 81 99 65
9 93 19 16 63 37 46 32 22 66 37 90 96 68 43 59 94 72 82 60 80 41 38 61 2 43 31 51 7 58 45 60 48 37 7 43 84 3 100 22 83 73 82 17 9 12 7 22 1 14 78 94 77 61 80 76 37 32 43 16 33 95 73 19 28 6 44 97 70 66 56 46 85 67 69 38 79 62 37 58 77 17 37 67 30 44 32 17 49 49
65 64 18 94 75 85 36 79 24 69 70 77 29 62 67 2 92 88 74 81 29 75 52 30 3 76 73 74 35 2 44 33 64 39 72 56 83 1 11 88 80 10 44 79 28 53 95 88 87 2 33 78 81 99 23 31 51 59 93 68 23 78 39 21 78 10 28 4 26 3 65 47 54 48 23 21 21 86 37 50 30 79 75 39 50 42 74 64 93 46
3 35 62 8 47 21 26 89 99 4 21 95 56 91 9 3 80 8 100 30 17 18 77 55 19 61 41 83 67 29 27 88 97 75 8 97 4 83 88 83 87 4 17 8 57 60 86 21 33 92 5 46 62 55 5 98 36 41 55 28 65 28 99 72 16 75 29 97 61 41 84 22 48 82 53 70 99 20 75 61 74 30 40 33 41 53 1 16 35 48
61 89 11 63 51 20 55 56 69 9 33 28 11 92 8 74 73 64 64 39 88 88 34 71 63 62 53 55 68 86 55 92 86 29 64 18 27 4 33 23 41 32 38 15 91 26 87 13 67 31 11 33 80 26 68 39 57 16 19 13 62 95 54 11 36 9 99 8 62 44 77 43 46 61 99 4 50 87 38 25 4 13 26 67 71 54 60 73 29 46
56 53 78 37 32 19 77 17 18 98 24 13 52 26 82 66 41 23 89 2 62 49 56 42 98 13 39 81 64 44 57 22 25 35 93 71 79 76 48 55 44 64 36 17 90 66 74 27 18 89 70 84 40 35 53 96 43 16 72 55 1 5 11 73 11 36 86 69 40 80 54 47 28 29 69 20 83 65 33 63 41 91 33 12 81 23 8 92 80 55
47 1 87 69 94 96 49 26 42 23 68 72 90 8 53 84 26 100 60 73 79 29 38 99 62 81 98 67 37 60 37 99 44 89 96 54 81 82 85 89 69 92 16 11 45 62 39 33 99 22 13 77 91 71 7 42 32 47 29 41 57 62 24 79 94 99 51 13 54 92 4 14 53 68 51 7 56 2 43 39 46 79 60 76 73 54 24 23 46 25
51 99 52 15 92 39 33 64 4 16 56 47 37 7 59 93 39 59 96 57 89 53 50 49 10 7 68 33 56 19 72 50 15 55 95 64 6 19 82 74 30 72 76 98 48 62 4 8 77 76 69 22 48 13 75 23 20 96 13 55 98 98 79 24 13 53 69 97 5 59 68 70 16 95 78 100 51 30 15 80 63 62 8 85 54 96 40 57 72 59
12 71 27 72 15 70 59 42 17 100 56 85 48 95 13 66 70 48 13 41 32 82 85 68 100 34 64 99 45 79 27 20 62 6 20 89 94 15 76 64 37 65 17 66 55 90 24 47 33 45 85 47 79 59 100 66 94 59 58 68 83 32 77 3 29 79 51 38 40 77 24 26 89 81 34 68 29 84 69 16 1 38 42 72 92 59 55 62 18 44
30 73 1 13 68 41 12 15 11 92 23 54 26 50 100 26 21 42 46 30 87 27 6 13 38 59 28 40 66 17 79 85 17 25 16 63 28 10 85 18 99 78 27 15 8 46 36 42 15 50 78 2 76 80 95 7 99 79 76 52 81 99 93 62 24 100 41 75 76 24 74 88 88 87 71 26 14 7 74 48 4 33 95 82 19 34 28 76 100 84
21 89 65 97 42 17 19 75 81 54 30 26 40 92 52 84 82 81 24 16 78 34 57 44 22 26 48 28 86 15 48 83 98 25 19 60 24 36 26 33 77 67 47 4 87 25 86 65 27 86 18 64 85 16 4 93 65 96 49 1 50 7 97 94 10 33 8 72 99 84 36 45 42 3 83 59 69 92 86 79 89 85 9 1 38 28 98 58 81 22
88 40 69 42 17 98 75 60 32 42 56 57 57 69 33 89 13 67 80 98 35 64 90 70 72 42 63 87 74 92 57 88 17 52 11 88 10 25 58 69 96 90 78 2 47 73 51 52 71 97 53 26 10 74 46 93 58 86 93 34 54 10 65 69 49 26 29 56 17 1 52 7 91 56 82 17 80 38 63 51 70 7 64 15 12 47 62 60 36 38
42 72 6 35 11 21 43 28 48 95 70 34 47 85 66 43 54 53 76 14 29 95 43 99 56 57 98 96 10 42 53 40 51 18 50 68 100 95 94 23 79 15 43 18 78 61 57 100 36 49 87 12 18 36 41 39 65 70 87 41 75 11 48 53 41 71 23 2 45 40 89 3 63 100 7 61 89 15 64 72 44 71 2 71 11 83 74 70 15 87
41 91 92 43 56 24 77 72 94 27 86 2 85 77 70 70 78 42 29 100 84 38 30 75 26 79 17 80 9 54 92 34 59 82 47 61 21 87 2 10 83 79 73 52 6 1 32 80 96 41 66 32 32 92 55 24 61 90 21 67 74 49 22 1 76 94 97 31 93 64 99 5 74 5 27 54 73 11 17 54 98 39 14 44 96 81 36 88 26 33
49 67 25 55 6 72 99 47 42 35 74 41 54 42 15 93 76 70 27 47 6 93 49 19 69 9 53 3 49 100 56 24 86 16 53 39 64 81 85 22 54 69 74 61 79 12 16 19 19 33 10 78 46 11 4 6 90 8 85 82 97 38 6 98 80 34 38 22 58 7 67 88 27 32 44 50 42 73 14 10 53 37 32 56 85 23 43 78 44 3
2 41 94 73 72 80 62 91 93 13 37 95 71 87 91 71 92 22 11 44 98 48 74 90 87 21 18 11 30 82 80 81 25 88 73 3 83 30 92 21 16 43 84 87 65 9 98 10 62 60 44 70 64 75 14 36 39 21 61 85 54 6 29 58 90 83 60 38 95 6 87 43 49 17 24 11 60 8 38 57 10 36 70 25 96 75 100 66 46 71
66 31 27 92 67 99 60 43 27 97 13 3 32 20 45 37 87 60 3 43 2 86 1 23 28 62 77 26 80 96 64 81 53 10 67 51 48 60 21 18 49 57 49 12 32 99 81 44 43 9 41 14 74 63 86 5 23 51 58 79 1 76 53 68 1 95 99 87 34 56 64 43 69 86 36 1 80 92 72 17 22 97 85 22 61 6 95 21 3 92
