60
4
42 32 72 48 16 93 66 9 81 49 9 85 52 70 9 96 1 60 57 41 59 40 33 98 8 44 53 27 34 67 95 6 93 83 20 10 49 62 29 90 13 24 50 21 18 85 19 15 12 70 39 56 56 82 15 32 62 83 37 48
70 36 96 15 64 20 34 58 25 54 63 52 74 33 6 66 15 78 38 32 21 8 84 14 84 80 77 46 76 9 48 28 83 39 40 84 69 21 57 54 95 39 56 17 10 41 13 84 46 100 55 1 68 48 1 16 75 54 21 12
8 91 95 96 78 28 40 70 26 82 38 35 3 88 55 50 85 20 1 67 44 42 82 71 99 80 60 70 35 95 93 31 61 30 56 92 20 11 2 2 5 12 17 58 56 20 35 14 31 18 15 10 79 67 5 78 23 18 12 57
93 12 32 35 52 91 91 26 3 5 8 87 28 52 6 4 37 40 74 40 61 29 63 69 56 7 40 35 72 57 81 77 3 3 53 77 40 92 42 20 60 97 77 82 93 60 30 87 88 94 20 89 65 39 29 85 51 94 12 82
81 66 66 63 19 26 6 39 72 40 64 48 23 88 33 24 75 17 85 93 11 45 45 91 40 99 32 82 70 59 56 34 49 87 3 10 62 7 81 27 12 11 3 48 71 11 49 50 97 36 92 70 72 47 38 79 100 15 68 13
4 80 90 70 96 19 15 74 26 75 72 73 48 51 69 78 88 88 76 94 41 25 16 67 71 77 81 32 96 66 51 12 6 49 86 94 16 99 40 10 91 59 78 71 76 47 36 63 62 48 83 3 16 59 77 98 63 20 1 6
98 95 38 60 34 71 18 90 22 47 83 84 43 36 71 28 62 94 32 86 6 6 41 95 23 61 52 69 43 83 84 47 44 54 77 23 93 38 49 99 13 55 68 15 82 64 15 2 23 85 6 22 20 65 96 63 33 82 84 49
88 39 82 5 88 3 96 56 29 32 36 63 84 20 40 82 60 43 87 95 24 62 27 45 33 50 33 96 66 32 7 14 96 89 80 98 20 52 8 57 85 73 9 21 97 64 46 43 45 7 40 1 6 46 59 41 17 34 38 12
97 60 17 59 14 62 74 77 61 91 79 88 5 80 71 63 90 6 37 22 26 29 46 5 23 55 38 60 55 3 78 93 50 40 62 68 24 18 62 73 74 14 41 95 3 14 60 18 99 80 1 98 14 82 4 52 90 43 22 95
21 34 100 69 40 21 75 38 5 52 63 53 80 72 23 94 3 87 62 96 95 11 19 27 17 80 94 50 46 44 77 11 62 25 20 43 85 82 73 70 74 95 83 70 71 56 6 31 90 91 82 89 58 20 42 95 50 99 24 28
54 26 5 91 5 33 74 27 100 11 67 93 2 22 64 52 81 85 40 45 6 20 80 76 18 76 50 63 54 5 15 21 1 21 85 74 90 79 34 3 6 26 79 12 37 42 32 6 83 48 85 28 48 95 42 14 80 9 94 78
63 29 37 43 70 73 35 61 62 58 74 56 45 79 71 94 45 52 92 40 39 85 88 2 72 61 74 40 95 31 73 15 50 9 14 38 47 44 40 1 8 47 36 24 40 97 92 13 28 89 97 11 74 34 75 59 23 73 65 41
76 57 9 88 30 20 12 28 8 36 10 70 39 55 26 81 19 97 67 82 21 35 54 84 16 88 70 5 34 77 54 49 83 96 70 45 67 27 19 22 1 94 13 92 85 51 33 59 85 82 82 79 3 55 32 89 91 54 48 78
97 1 86 61 7 61 26 77 17 58 16 6 11 78 19 41 14 57 31 52 81 37 18 58 62 80 42 17 99 39 99 67 5 44 69 44 35 45 58 95 40 31 70 64 61 67 5 25 14 76 75 48 57 43 2 94 46 10 47 72
19 40 72 61 4 95 54 54 11 25 36 88 3 36 12 83 71 27 20 4 43 36 3 15 2 67 37 82 30 56 8 30 78 2 100 33 31 58 36 80 36 13 49 90 10 89 98 41 21 66 17 2 27 11 51 2 26 85 52 22
80 73 64 67 24 89 38 35 25 34 25 26 88 18 96 19 13 80 81 53 94 79 10 67 74 61 88 43 4 53 23 86 100 69 62 73 19 99 84 86 70 97 52 3 96 10 33 10 20 28 3 38 72 84 47 77 61 76 30 82
6 76 17 24 96 44 42 28 1 66 86 41 17 50 9 61 92 10 45 89 7 22 40 60 8 45 89 47 40 64 46 35 96 11 18 67 32 49 24 61 73 9 21 79 29 78 56 77 38 10 82 75 59 73 93 61 45 24 84 14
12 66 15 19 90 57 11 95 41 69 73 94 34 80 16 61 78 21 35 22 29 69 98 51 54 28 22 24 33 72 76 97 38 86 94 80 58 92 26 62 43 70 37 13 91 68 55 36 94 53 47 61 44 68 56 94 69 74 12 69
78 74 65 11 39 50 33 68 78 29 77 52 57 49 81 25 88 94 59 93 32 59 11 7 43 11 64 37 19 15 59 58 64 28 100 13 38 1 45 49 43 22 84 11 48 77 87 42 30 18 54 92 64 70 42 12 93 86 15 87
49 93 13 1 36 13 65 26 64 25 94 10 82 36 56 7 21 49 6 8 58 84 12 90 76 40 91 70 96 33 99 74 19 6 97 30 34 74 4 88 76 24 56 37 68 65 99 35 29 62 55 78 86 38 13 91 31 39 89 90
75 79 92 20 51 23 76 63 38 54 21 67 65 70 62 79 37 7 41 75 64 14 26 60 75 76 27 53 75 47 87 46 59 66 61 92 2 32 15 49 73 24 51 76 94 84 2 26 54 61 63 83 78 10 58 93 7 17 54 35
50 17 39 49 7 88 90 50 9 22 95 88 96 29 86 89 23 81 24 71 11 93 99 37 29 25 8 23 1 13 93 76 29 65 86 92 40 23 33 38 59 44 51 82 57 7 43 90 2 67 64 24 65 48 81 53 51 45 55 10
10 11 14 96 98 50 59 14 21 72 7 11 73 32 34 65 72 51 48 51 58 93 26 13 29 29 68 60 40 98 76 19 1 51 29 15 46 77 48 56 43 31 41 96 24 27 3 31 47 25 6 45 60 78 14 69 4 19 20 84
35 53 59 70 71 20 91 44 57 46 60 51 83 51 68 30 8 13 47 20 10 32 97 73 23 92 16 40 39 58 79 69 51 31 24 27 58 35 48 64 43 83 13 35 4 49 24 49 25 76 50 57 66 28 21 2 63 42 81 39
82 68 73 61 6 14 75 53 11 96 78 4 33 24 76 8 32 53 5 43 64 41 62 47 25 9 46 9 31 75 23 87 99 1 14 1 33 77 93 48 17 23 61 27 89 7 54 16 67 97 48 29 2 33 21 38 31 17 84 8
28 77 34 29 86 47 23 91 55 91 3 91 20 44 55 45 47 78 86 3 89 90 51 65 44 61 94 73 94 85 82 33 90 69 42 77 5 70 85 45 49 18 69 78 23 4 4 40 5 46 28 69 82 79 45 14 54 85 28 73
66 42 24 77 77 84 58 46 21 2 16 93 39 46 11 47 20 41 3 13 5 28 60 90 66 64 67 64 47 4 49 55 66 38 47 8 21 90 28 73 69 28 64 78 5 22 58 23 59 74 39 90 76 4 93 69 99 34 80 30
82 81 69 11 47 90 49 25 24 40 51 35 59 13 6 14 61 47 9 79 26 28 82 30 74 20 68 76 10 49 20 98 44 93 33 70 88 86 23 56 83 91 49 15 35 11 94 90 96 65 77 92 87 49 95 29 46 86 89 51
49 72 78 72 65 24 23 15 43 7 43 95 13 70 25 78 58 31 33 66 34 92 40 76 7 15 15 40 79 38 86 99 28 84 38 93 82 59 92 82 20 31 31 70 22 12 67 54 5 30 28 43 13 6 20 83 64 28 90 49
22 59 56 66 5 36 9 17 56 73 2 15 93 78 15 31 53 42 14 23 50 93 1 100 85 73 10 47 33 6 42 40 77 71 24 70 8 32 19 79 93 86 89 77 19 23 21 30 80 60 68 80 44 38 21 84 61 69 71 53
64 64 45 50 97 64 19 45 4 39 56 8 11 71 57 59 46 26 12 100 9 44 34 87 71 30 50 6 53 67 70 79 57 53 33 72 86 50 4 89 51 48 80 15 50 45 30 30 52 70 94 51 14 8 94 36 37 77 37 85
51 37 65 92 52 69 66 61 75 17 62 16 22 32 53 11 96 60 66 6 52 7 76 23 89 81 87 67 18 16 91 1 50 58 87 83 13 23 5 87 38 38 85 58 73 1 76 44 14 58 58 30 92 92 99 31 43 19 34 78
33 95 93 100 57 41 45 41 60 8 43 50 93 10 53 83 63 40 59 66 76 10 61 88 15 4 76 99 74 13 13 30 36 59 34 21 97 38 52 77 40 47 91 65 48 94 25 7 51 87 84 14 85 59 39 36 26 53 98 53
39 90 18 17 12 81 80 56 3 76 9 94 40 18 34 64 9 28 23 24 92 18 16 85 18 62 98 73 77 66 31 9 44 95 60 81 40 75 20 81 66 3 29 1 30 78 31 20 16 84 95 21 55 72 51 35 79 92 69 39
97 68 13 3 24 57 64 73 89 84 27 96 76 17 33 56 73 85 30 36 81 91 31 82 62 28 90 14 51 68 7 92 90 52 38 76 1 86 30 4 68 79 33 7 74 32 27 65 98 60 27 47 42 33 51 12 89 16 89 35
1 4 27 34 95 61 33 89 17 58 50 52 66 21 36 40 20 46 52 96 99 72 4 62 58 74 90 84 78 76 22 92 13 33 48 47 51 36 22 100 45 94 27 16 27 6 13 3 31 64 32 59 13 58 70 23 61 48 8 7
100 23 75 37 83 98 27 28 90 70 92 77 7 38 5 37 93 19 13 34 49 74 90 78 44 7 28 16 56 74 56 84 76 34 79 45 59 76 13 78 73 70 25 57 70 36 67 82 22 93 65 38 12 39 46 89 85 64 66 45
99 38 69 21 28 2 44 37 71 16 70 72 13 23 51 55 50 19 65 41 72 72 73 33 32 94 26 26 27 35 98 12 17 85 39 75 64 69 73 55 47 6 93 51 43 62 34 20 98 66 18 45 17 64 76 56 91 12 3 80
99 29 74 24 95 18 5 37 5 22 94 49 90 14 60 10 44 54 16 92 87 45 69 40 16 93 7 57 25 71 55 13 51 48 6 53 97 23 89 33 42 11 35 54 16 56 76 41 69 19 64 60 19 58 76 12 61 75 24 73
43 50 5 20 67 100 71 86 80 42 50 39 90 35 64 49 14 93 36 23 99 47 60 100 16 95 86 70 35 55 1 73 92 38 51 71 89 7 60 30 27 34 76 31 75 15 10 65 63 88 32 58 76 54 93 81 29 65 64 91
4 27 15 93 63 66 50 92 96 16 38 7 44 9 18 59 5 18 19 5 12 69 13 80 30 65 67 98 2 15 99 50 80 78 91 28 32 51 57 43 85 30 13 73 86 81 27 51 51 28 56 16 49 24 60 1 87 34 74 71
40 74 16 67 33 20 52 40 24 11 4 58 93 79 6 8 67 92 7 12 70 29 36 97 31 6 7 35 50 99 8 38 56 7 66 51 78 10 51 45 51 66 63 46 31 70 26 46 80 44 98 37 29 81 11 52 95 75 49 32
33 91 1 22 24 24 2 49 79 81 54 22 35 74 58 82 28 96 80 74 50 5 64 58 89 10 4 63 75 50 64 92 30 45 49 79 80 30 18 11 19 32 39 54 38 58 54 78 18 88 73 10 37 12 48 65 5 16 70 46
51 43 61 3 85 94 90 75 30 84 7 69 68 26 29 16 82 23 57 93 89 7 18 24 90 9 96 29 31 30 24 7 31 65 4 25 12 54 14 9 62 56 83 84 20 2 50 28 99 17 34 29 99 69 35 44 59 67 84 39
38 61 38 77 47 68 41 57 11 41 25 65 27 63 34 18 72 80 77 26 91 58 73 66 12 100 53 93 83 34 2 74 74 75 49 35 58 1 8 44 12 94 97 26 47 26 45 3 18 74 11 27 75 21 54 84 76 80 47 72
96 63 61 77 9 49 40 18 61 68 71 23 80 8 67 55 14 70 86 13 10 89 18 36 6 6 41 33 12 25 46 55 17 85 80 2 39 6 99 10 43 66 51 16 41 30 15 27 48 65 70 3 90 93 98 38 1 84 37 60
33 69 7 45 9 74 41 51 46 94 43 21 43 36 2 45 83 1 83 32 18 7 17 65 51 87 84 30 40 47 43 92 50 64 29 80 59 72 10 29 87 23 23 74 46 47 100 57 81 84 98 45 86 19 85 70 85 75 88 89
22 63 58 18 10 86 18 40 9 84 11 19 70 13 71 65 11 39 32 39 15 61 20 81 38 51 81 29 44 54 72 42 19 91 72 2 46 99 44 24 84 3 3 20 37 12 58 86 89 64 29 62 66 99 27 59 51 63 66 82
59 30 79 59 67 50 34 48 58 67 59 93 57 69 21 69 73 65 41 56 9 49 45 31 56 27 24 87 90 51 99 7 21 20 28 7 3 34 37 87 47 54 81 31 9 68 54 43 21 28 91 49 75 79 59 84 44 30 74 31
43 26 65 66 19 46 8 71 99 8 15 18 49 1 19 73 72 78 97 1 94 69 99 68 36 28 20 32 10 32 78 32 96 84 100 52 52 91 92 7 64 47 65 56 85 100 84 84 70 98 67 74 35 37 46 14 48 42 89 78
4 77 40 77 85 11 52 2 57 76 33 15 37 76 51 79 93 45 82 8 3 49 43 9 84 17 1 32 13 1 82 38 43 24 49 88 19 24 27 11 29 18 15 46 20 97 58 24 98 17 79 25 8 35 7 2 51 55 53 91
85 28 97 47 33 82 56 56 97 16 47 71 14 81 88 8 56 10 96 5 23 14 11 23 76 55 29 3 4 30 74 81 71 100 12 52 35 33 43 5 19 82 16 27 23 10 27 92 78 32 7 7 48 73 85 92 45 73 84 38
35 93 15 99 66 70 58 70 79 80 38 91 61 13 56 91 95 44 54 100 31 94 22 12 81 89 66 95 67 61 43 97 3 41 58 2 33 46 90 65 30 96 83 74 81 9 89 55 54 12 62 88 53 99 48 25 83 81 37 92
69 83 86 47 36 99 68 60 39 40 80 46 90 5 68 12 68 89 40 11 3 34 4 33 52 60 84 11 1 52 56 92 57 47 99 85 83 60 26 59 40 89 23 93 98 95 90 80 59 71 45 12 99 40 76 71 42 46 69 91
31 40 90 50 46 83 18 96 25 42 87 93 31 76 24 19 44 40 20 24 32 81 83 77 25 30 98 84 88 66 79 96 37 76 70 51 63 4 10 47 49 37 73 22 56 26 97 46 75 70 50 91 3 56 45 42 89 83 81 82
54 20 57 21 1 61 56 99 79 76 97 65 13 10 25 39 79 22 76 9 43 76 13 15 73 19 32 3 78 37 83 100 19 93 52 85 51 44 78 29 35 5 83 69 64 51 13 65 34 20 3 6 6 4 9 2 91 3 44 87
18 95 31 36 71 50 24 93 16 86 100 52 37 44 12 23 21 70 76 1 81 13 96 42 9 74 10 57 28 64 72 43 9 19 97 83 26 53 29 36 63 42 25 4 74 21 73 15 20 60 49 31 88 12 97 21 59 95 83 20
86 73 4 60 43 42 81 19 42 56 100 10 59 55 19 83 22 52 69 70 92 41 25 32 60 86 45 2 21 46 53 20 28 35 81 84 70 78 49 70 70 80 54 85 68 38 34 23 62 82 16 100 1 47 38 46 67 47 59 74
2 73 4 55 35 89 82 76 66 67 82 5 31 40 8 25 48 91 73 70 64 13 75 83 83 47 63 66 79 60 88 31 1 2 84 60 86 28 20 69 28 37 30 16 72 33 39 18 39 49 63 41 58 93 88 8 17 4 62 30
19 91 21 85 44 55 19 82 35 27 11 55 82 6 87 73 57 47 60 85 35 100 47 79 10 24 43 50 45 62 17 1 7 87 79 14 90 69 76 3 55 32 42 72 50 62 23 93 51 87 40 32 2 41 15 74 76 8 87 61
74 91 28 68 93 88 89 67 18 66 81 58 43 94 46 8 82 35 88 88 28 63 13 81 14 12 57 14 49 38 31 2 69 64 58 99 43 81 75 70 25 30 7 97 12 90 30 57 14 85 66 82 16 29 32 85 85 2 11 25
53 4 44 60 96 96 70 79 60 18 92 13 98 60 91 44 79 59 100 40 97 98 61 3 32 10 37 36 13 21 90 55 60 69 20 83 22 25 57 77 51 2 17 68 87 8 49 53 5 5 62 5 76 51 27 10 11 72 17 22
79 99 48 83 10 1 92 55 88 60 51 80 77 37 51 53 74 7 79 5 35 3 4 58 67 73 30 28 37 63 3 57 98 13 41 42 47 66 24 49 71 1 26 99 46 49 96 60 27 91 75 88 71 55 46 55 6 7 22 88
16 25 3 66 39 81 17 7 50 86 13 30 91 65 6 58 67 90 42 88 39 82 71 58 57 36 26 59 98 67 27 6 65 17 78 71 50 65 3 94 5 79 90 68 47 83 92 71 72 73 67 39 8 36 73 43 51 2 91 35
9 18 33 41 72 52 82 53 44 16 41 83 2 30 93 16 19 13 77 5 15 52 57 69 84 72 29 28 86 14 11 50 8 30 62 96 76 92 54 64 81 55 27 17 28 29 68 5 42 63 93 84 76 33 99 69 6 26 3 25
97 86 2 21 35 11 66 74 76 62 81 48 9 28 17 56 79 81 3 37 93 70 46 90 37 16 97 49 35 15 20 11 55 38 18 10 11 47 48 64 1 99 97 94 26 68 61 64 27 29 2 53 28 89 10 70 77 26 55 46
61 59 48 45 77 88 48 33 8 73 30 57 45 42 58 40 68 25 56 56 35 35 31 30 42 41 87 44 77 66 18 49 83 40 64 30 73 99 18 23 5 79 57 45 74 15 32 61 19 50 22 59 96 2 46 28 60 5 68 55
36 72 4 77 83 24 76 71 100 93 78 34 33 48 45 20 75 19 66 53 53 24 98 44 46 28 26 72 18 90 66 36 5 96 30 88 59 52 11 44 63 82 93 32 88 31 3 49 48 1 76 88 43 44 19 65 69 3 67 18
8 42 13 47 17 68 36 86 33 56 32 67 81 87 89 74 61 95 58 62 69 52 73 80 94 77 5 70 46 76 10 72 57 72 50 24 9 80 66 10 6 78 34 84 62 50 10 24 51 100 33 57 67 74 77 91 77 1 95 6
8 90 52 85 12 78 42 15 93 64 34 34 60 37 96 35 86 15 54 11 75 5 10 90 73 16 34 90 49 32 79 83 70 28 87 87 45 19 73 56 4 87 60 62 10 78 62 11 2 9 31 63 76 63 45 25 96 77 85 72
80 80 65 94 49 54 91 75 79 57 4 73 76 51 88 41 49 79 71 50 98 20 79 32 82 18 4 38 87 18 27 90 3 71 28 86 42 20 85 41 6 45 97 69 78 82 93 94 56 92 1 48 15 41 42 51 57 22 68 95
86 64 69 21 76 71 90 49 31 22 38 52 55 21 67 85 22 19 5 48 70 64 87 14 33 39 70 29 49 12 24 2 62 43 5 47 17 61 35 6 74 28 72 71 94 44 5 21 69 29 16 7 7 100 64 70 1 74 34 29
36 93 57 100 26 71 35 100 32 90 81 55 13 23 6 28 8 10 14 40 78 80 81 88 8 82 44 10 25 19 85 90 67 81 18 43 61 7 38 79 16 38 90 99 64 70 35 30 71 89 99 5 64 94 9 69 17 26 60 5
7 57 51 61 71 90 24 93 7 94 25 64 72 6 3 1 53 89 74 25 53 75 35 10 88 33 48 25 100 93 93 42 4 58 24 51 50 55 29 97 31 65 88 32 57 1 21 67 2 89 83 60 16 47 37 62 71 92 77 4
63 16 1 92 27 26 94 18 58 11 69 2 14 23 17 57 100 7 64 49 89 99 97 4 19 43 6 33 100 27 5 26 27 88 4 79 76 20 36 25 8 3 9 96 23 61 48 88 7 50 3 4 12 64 36 23 24 36 76 96
29 71 20 97 25 52 84 92 33 1 16 27 69 53 16 65 34 27 62 94 73 82 89 77 85 29 22 82 40 72 83 49 5 11 85 95 52 73 46 35 67 23 37 1 36 7 81 40 37 90 70 37 90 37 92 82 8 70 22 50
81 1 80 99 46 22 68 73 69 65 38 55 66 31 4 39 49 83 95 2 34 85 77 5 22 71 71 73 22 7 60 48 96 97 5 86 57 81 72 47 88 15 92 35 12 21 10 6 46 2 44 30 4 97 17 38 62 30 48 52
82 32 45 48 88 29 96 83 16 59 13 89 34 37 21 20 67 8 83 25 9 65 30 18 98 27 36 48 87 11 49 55 61 41 32 29 12 78 62 54 94 66 97 55 50 10 69 39 74 62 47 75 58 73 96 100 11 5 55 76
70 75 9 80 62 5 77 18 70 27 15 43 31 90 95 38 25 14 83 73 85 41 67 14 97 83 19 79 38 53 8 97 34 4 33 73 66 57 55 26 51 16 100 19 64 42 31 25 91 69 6 73 88 1 55 98 100 13 43 55
79 23 5 24 66 14 87 96 74 38 31 37 73 88 74 45 30 48 41 47 90 52 9 54 42 13 56 74 11 41 53 46 14 98 64 27 66 39 77 50 24 75 9 10 32 65 63 58 11 40 55 65 50 31 26 47 33 1 30 50
58 79 75 50 24 25 2 95 98 67 30 45 16 75 36 12 88 8 60 91 56 79 63 66 61 32 35 38 78 89 86 61 18 4 14 13 5 77 16 51 84 20 5 97 3 81 6 47 63 47 27 9 7 21 40 49 16 58 54 22
51 54 3 73 81 84 20 59 80 18 3 86 51 15 72 62 2 81 95 20 15 60 52 3 78 1 80 10 52 24 29 1 26 5 68 87 78 35 99 57 76 77 76 23 37 86 20 74 69 63 66 43 94 44 82 81 85 100 46 87
53 87 40 16 77 23 69 93 74 50 83 14 20 85 68 67 37 21 93 28 45 2 100 48 41 80 77 13 31 24 72 50 70 85 2 84 99 80 52 71 45 28 9 14 80 75 80 87 54 30 83 28 28 98 71 70 74 88 70 95
27 48 52 52 54 79 100 71 26 86 97 82 10 63 100 63 48 30 6 77 25 10 65 67 89 85 66 100 50 55 53 54 12 19 32 68 7 55 42 61 17 49 63 34 45 64 74 58 89 21 79 36 26 25 60 95 90 75 90 79
52 62 38 51 89 95 69 82 54 62 44 37 41 89 26 57 21 97 73 82 35 42 83 16 79 21 42 73 79 35 84 84 38 8 36 16 40 66 97 77 2 17 14 82 8 44 42 71 33 81 63 14 39 73 34 12 35 26 66 8
71 51 71 5 3 92 93 24 57 60 67 2 63 8 62 15 33 47 88 100 41 71 1 32 91 7 86 87 8 70 55 75 10 50 76 20 37 25 73 13 25 82 10 48 7 75 19 56 80 76 69 94 63 82 61 49 19 37 32 72
95 42 1 37 93 22 62 43 25 14 3 100 83 53 28 23 7 41 18 21 51 100 56 7 50 56 82 4 26 55 9 46 40 20 89 37 26 56 37 4 40 9 88 12 30 66 15 76 13 18 56 74 49 87 4 95 88 9 56 18
51 98 24 39 48 10 35 70 94 45 39 79 6 53 3 94 70 68 48 58 37 83 84 19 13 1 52 78 13 34 100 80 6 27 48 24 55 49 33 16 97 77 68 59 9 49 35 33 83 95 33 11 67 63 80 12 99 14 46 24
9 62 83 61 58 98 2 93 32 93 12 92 8 82 18 24 66 65 21 53 46 51 19 5 53 87 10 52 56 58 3 35 92 84 57 2 12 72 25 94 97 49 20 42 77 18 99 75 27 50 19 15 97 34 23 60 67 30 53 72
30 42 31 27 58 57 36 91 26 93 13 6 93 46 35 34 81 65 6 16 73 96 68 38 85 58 39 40 100 6 27 41 53 50 65 4 29 68 50 15 91 20 54 79 91 4 46 53 84 21 44 43 87 15 33 74 5 18 61 50
96 34 83 96 23 93 49 25 47 17 84 62 59 83 81 32 7 49 75 96 24 7 21 50 20 52 85 56 89 25 78 87 94 23 7 40 55 71 78 16 62 68 89 29 78 23 51 17 3 53 86 33 55 45 59 24 30 71 88 67
36 67 51 69 77 100 96 64 84 15 84 75 68 39 82 44 5 66 29 62 79 35 83 79 65 50 81 44 84 49 80 91 72 40 68 53 52 10 53 55 51 66 32 69 4 34 97 77 57 13 14 50 77 61 79 13 19 32 25 93
99 87 37 6 89 21 54 49 17 62 18 78 58 35 63 30 48 43 35 36 57 73 14 54 8 78 52 91 16 37 28 90 43 78 98 78 70 98 90 17 15 56 72 26 27 44 30 24 47 2 68 83 43 16 81 58 51 57 60 80
39 11 87 81 27 78 31 24 50 4 53 96 41 99 21 25 90 49 58 26 2 62 50 35 18 97 62 51 85 90 99 27 43 49 93 16 87 42 43 9 17 20 70 54 60 88 45 94 58 64 27 22 40 67 74 25 34 83 93 45
35 30 98 74 6 18 13 60 15 63 13 58 2 90 47 60 3 9 92 73 16 93 29 56 61 64 89 39 76 84 62 10 100 84 13 75 55 66 40 57 81 28 56 39 56 50 18 20 72 74 18 92 1 49 96 32 43 41 93 98
86 10 61 46 46 27 85 96 67 12 79 89 13 69 69 43 22 10 62 93 75 19 13 34 30 29 37 80 66 7 87 12 27 8 39 99 88 98 6 29 8 78 56 35 39 58 22 28 41 3 44 77 14 28 54 27 63 83 98 21
19 43 91 25 84 29 74 41 57 34 50 43 56 87 70 47 25 11 70 93 96 15 89 80 43 21 6 57 83 66 25 21 25 39 23 62 87 94 30 76 17 57 43 11 80 41 2 72 98 69 88 29 93 81 34 86 2 61 14 38
77 1 75 99 11 45 66 64 13 86 41 76 18 54 78 100 60 72 8 78 73 47 13 36 49 75 35 82 39 52 33 69 29 2 82 12 72 45 45 55 90 1 42 35 42 54 18 82 61 73 62 77 54 69 83 11 83 62 56 97
63 30 54 43 88 68 73 51 35 34 39 82 40 3 14 65 1 23 35 1 60 31 49 77 22 1 33 27 27 2 25 40 19 48 58 75 5 5 44 84 82 93 69 45 47 38 93 73 59 43 94 22 66 11 62 40 78 10 83 55
92 60 30 33 87 52 98 38 66 94 7 55 6 42 87 85 77 86 49 95 90 95 71 65 77 81 41 86 72 92 31 74 93 91 4 18 92 100 63 89 96 13 60 40 9 30 100 95 90 42 99 69 40 96 89 29 78 39 96 85
44 39 99 21 51 9 39 40 44 81 93 8 16 51 7 59 39 21 89 57 6 34 74 60 41 43 49 64 31 25 17 35 49 82 64 7 27 38 22 72 66 11 12 41 63 6 24 50 3 62 45 28 66 66 17 39 27 46 95 41
1 5 93 65 49 50 25 26 6 5 66 19 55 69 29 66 46 17 37 22 19 84 97 8 1 25 2 75 19 52 95 1 81 94 54 18 3 66 34 32 92 41 53 49 29 31 45 68 41 18 65 21 38 82 39 98 35 15 70 95
16 6 97 61 65 19 45 54 30 99 36 19 40 9 5 88 1 46 55 49 52 71 64 21 92 29 88 91 62 19 59 78 33 59 81 22 41 59 74 50 32 42 91 47 68 36 42 79 85 53 73 21 26 41 90 58 48 48 68 89
89 11 36 39 47 7 62 52 47 87 48 69 98 62 69 59 86 89 33 47 56 3 97 62 95 85 18 94 75 68 87 73 65 25 96 32 88 25 63 49 64 90 95 17 66 98 43 1 56 87 88 39 92 24 62 88 87 77 92 98
21 82 73 21 87 51 71 66 29 88 64 23 11 28 1 15 97 79 11 39 11 79 31 44 8 33 64 51 87 34 18 68 51 35 27 7 36 83 37 17 6 60 73 96 22 93 88 57 45 81 53 3 40 2 22 35 2 92 33 68
77 11 79 37 55 7 41 27 82 65 47 72 18 75 29 4 99 14 47 87 84 21 99 22 26 18 40 44 24 22 56 81 27 85 26 26 80 35 22 23 60 42 46 32 23 38 75 6 19 86 27 69 25 99 21 96 35 50 42 7
56 78 48 24 27 7 19 54 22 28 62 66 66 37 19 54 89 70 90 67 6 100 62 92 97 45 28 48 100 38 88 27 63 45 7 53 66 1 14 6 2 83 85 72 23 73 60 39 2 27 29 6 94 50 41 38 46 17 16 51
84 32 8 77 77 92 38 59 72 33 37 3 13 36 7 33 94 21 69 95 31 6 5 4 17 45 56 44 75 76 6 87 53 78 35 69 51 28 59 39 68 66 84 77 94 1 97 94 53 50 4 90 20 61 66 17 23 20 78 23
35 32 13 19 35 82 51 64 91 40 73 99 63 77 18 27 53 61 6 33 62 88 1 94 80 40 6 9 32 91 29 19 17 89 82 73 25 60 87 56 30 31 42 73 89 53 49 78 96 63 99 11 92 62 6 87 32 79 53 46
43 81 21 83 22 34 56 58 77 32 100 39 72 66 62 28 68 16 10 46 97 56 12 3 95 56 91 74 73 58 81 6 70 41 28 13 24 38 86 22 59 48 45 34 18 27 37 4 18 99 90 45 80 54 76 34 14 56 27 61
36 44 89 47 27 100 11 90 37 34 45 70 40 14 21 79 17 19 77 92 85 48 83 75 18 64 96 2 55 24 59 17 92 65 28 74 41 91 56 51 29 67 45 70 42 20 84 90 7 59 46 15 76 77 62 18 28 76 66 72
86 8 10 56 80 9 46 74 54 63 2 51 42 77 25 64 6 60 51 80 78 14 41 80 55 92 46 63 93 69 40 25 37 86 71 98 18 46 37 73 86 55 40 30 97 91 75 13 5 87 96 63 39 25 25 80 69 61 1 29
26 59 1 61 9 79 2 8 97 52 95 59 41 16 6 88 43 53 21 41 17 28 89 71 51 14 12 100 88 45 55 17 23 7 86 46 62 12 72 47 44 95 72 95 88 54 60 48 56 93 78 91 68 17 23 92 8 38 16 52
88 26 85 89 100 22 58 36 1 31 97 32 87 77 98 94 65 6 22 53 42 40 37 30 98 26 53 62 42 21 4 6 1 85 35 73 22 61 44 46 52 91 72 100 90 53 19 82 75 48 15 86 75 16 14 3 37 81 67 61
78 69 89 23 33 89 73 54 12 70 79 98 14 58 36 10 94 87 89 13 51 29 67 70 69 10 92 98 17 24 87 56 20 90 24 16 43 5 5 32 49 28 74 28 15 54 85 90 41 57 85 27 61 93 4 88 16 94 76 4
17 87 63 80 68 12 23 82 8 96 96 73 45 73 3 36 87 26 33 25 4 99 51 24 4 52 72 12 45 16 77 50 61 72 69 41 82 92 19 15 77 44 27 40 5 4 67 12 66 7 90 63 27 33 3 44 53 33 50 94
41 87 57 86 39 27 37 71 37 8 15 70 50 12 12 98 47 83 60 96 89 36 68 70 63 75 5 69 32 29 38 14 31 61 19 80 17 56 84 35 69 63 35 48 35 98 93 1 52 76 65 93 55 92 64 86 95 17 63 71
66 14 39 91 91 58 77 81 95 90 41 96 1 94 3 30 26 61 93 83 51 9 50 97 58 6 44 46 31 23 9 81 40 98 36 72 81 74 64 29 13 99 86 74 99 28 93 3 59 52 94 9 82 31 92 19 8 44 27 14
8 68 25 86 66 5 15 82 32 89 27 23 20 16 55 36 88 88 35 1 67 22 83 79 16 75 7 19 97 16 83 63 22 52 93 18 99 53 12 97 73 5 30 24 42 42 9 91 61 2 45 41 6 47 8 36 76 72 40 58
77 95 84 41 92 65 32 96 54 74 22 63 75 99 59 12 93 16 7 89 41 49 32 62 88 59 100 69 13 49 61 80 16 35 7 97 41 82 41 11 90 23 2 57 13 32 76 95 60 14 67 70 97 66 2 20 57 81 74 21
62 85 10 67 97 3 57 37 39 61 72 82 47 16 26 68 13 74 24 40 91 77 11 50 43 85 76 99 43 36 9 48 52 81 62 42 89 82 50 67 72 43 75 92 94 19 85 28 87 52 3 75 57 89 75 55 15 94 56 99
55 26 21 24 23 48 12 65 41 15 23 65 80 38 20 88 41 5 46 70 26 69 63 49 1 86 13 6 60 35 30 63 67 15 56 30 29 84 18 63 59 93 65 33 83 32 92 99 82 46 6 84 95 61 2 58 81 56 47 35
55 39 70 43 28 89 19 80 75 20 57 87 98 72 83 53 94 74 79 40 42 38 78 22 74 81 30 70 78 11 79 79 51 39 88 7 37 50 61 87 26 15 55 58 19 30 9 88 17 70 52 94 32 73 95 61 83 86 41 66
100 83 43 55 85 52 31 69 19 36 61 62 10 5 1 33 9 77 96 51 38 84 58 96 77 57 91 4 11 51 76 7 25 83 79 17 55 14 13 3 98 27 2 40 42 4 89 73 96 51 36 69 44 48 13 94 46 94 19 93
93 14 53 43 51 40 31 12 87 48 44 68 61 90 39 97 89 80 12 81 12 65 93 61 53 61 97 29 38 63 92 9 16 31 11 34 30 17 23 87 7 49 10 84 16 88 25 16 31 24 96 29 57 3 53 62 91 58 83 19
25 88 94 28 79 46 80 68 87 95 77 100 21 86 69 38 6 2 20 90 1 21 71 29 55 7 48 90 85 16 86 82 42 81 1 26 44 55 72 61 30 52 27 57 34 56 63 64 94 18 20 48 48 75 57 71 52 87 15 87
27 54 10 56 98 83 41 77 8 16 47 37 80 74 67 55 86 95 100 53 29 88 1 42 93 84 35 2 81 46 49 46 74 38 86 85 25 56 59 66 35 86 14 92 83 59 60 79 91 49 12 4 54 99 6 22 15 15 56 62
26 59 19 31 70 92 40 92 28 22 52 1 32 73 98 51 30 52 30 57 46 71 27 91 70 91 94 97 95 67 73 41 82 70 93 85 72 83 90 88 90 92 36 79 5 17 81 16 40 46 78 73 3 78 34 54 18 99 49 17
6 33 43 88 9 66 28 5 73 29 34 99 4 92 7 41 93 79 80 36 35 90 46 98 81 99 5 13 31 51 79 97 32 8 99 67 49 13 83 88 97 47 72 50 14 18 11 33 7 76 15 7 73 35 50 81 81 57 55 3
36 83 99 60 85 43 34 85 92 98 98 93 85 14 89 44 60 69 36 78 39 4 14 31 22 92 79 32 64 90 70 89 11 81 37 25 90 100 59 92 80 30 27 98 1 75 33 5 35 73 29 31 84 6 20 44 2 87 50 34
80 30 61 51 50 27 81 16 64 32 30 96 90 80 58 28 51 83 11 32 98 53 62 35 97 54 29 4 70 3 95 16 62 67 17 81 4 47 88 52 48 78 64 93 15 42 27 13 78 80 90 84 16 40 37 1 14 31 66 62
35 77 53 14 67 60 39 57 72 100 41 33 3 69 51 86 19 78 79 5 26 71 82 7 79 90 6 1 56 54 44 24 76 46 59 84 21 41 52 81 58 34 72 32 11 38 10 27 44 84 44 6 58 53 29 62 78 45 60 40
77 98 87 37 51 23 89 85 59 77 28 62 4 11 43 67 49 95 88 18 10 10 88 19 78 86 49 5 71 1 69 40 65 52 92 3 58 2 86 70 56 17 53 30 71 61 46 13 78 36 88 57 69 42 65 79 69 26 31 97
57 75 42 52 84 21 52 6 86 53 38 62 16 68 19 12 42 60 64 73 9 34 55 3 90 98 78 31 88 16 65 5 26 40 60 1 98 2 43 92 39 19 88 72 81 14 59 85 78 94 80 54 94 1 92 58 60 71 95 79
20 68 100 70 31 80 72 71 15 79 49 100 24 20 63 12 1 77 41 33 73 99 42 11 33 56 59 87 94 25 67 41 52 79 82 70 7 46 33 65 44 56 37 50 55 60 88 89 6 3 34 59 45 83 10 80 39 39 53 97
92 51 98 23 17 18 62 4 84 98 27 99 37 76 68 37 31 27 93 34 70 82 59 80 28 20 89 90 85 11 36 38 52 11 96 41 77 26 85 20 19 82 79 76 68 31 48 17 43 26 93 50 45 59 29 30 26 100 61 100
55 28 39 54 31 7 95 48 68 43 80 63 30 78 92 29 12 33 97 36 67 44 34 57 40 59 39 65 96 79 28 44 72 59 74 27 1 26 31 55 65 77 74 96 62 90 47 58 82 27 91 89 19 47 18 65 73 36 87 70
51 10 67 44 72 27 44 100 23 85 71 25 72 8 99 35 25 65 85 59 28 86 4 97 29 87 81 14 8 39 90 33 56 18 52 59 8 57 58 20 78 75 58 10 58 29 58 64 84 6 64 83 72 8 42 35 66 29 59 64
76 9 23 14 26 22 58 40 99 45 96 59 63 67 27 43 61 22 74 5 67 62 63 72 40 27 85 80 23 28 44 10 81 82 5 84 82 67 9 6 25 16 77 2 84 12 63 39 77 81 26 12 77 49 54 14 87 66 67 99
24 89 58 3 13 76 67 4 74 47 39 68 70 41 41 13 57 89 53 73 38 33 14 76 72 84 42 75 3 65 25 83 90 56 36 4 93 38 22 47 27 68 70 84 11 29 84 4 90 15 7 94 11 41 17 3 33 96 2 36
89 79 52 95 49 42 49 15 97 82 70 9 79 13 84 85 3 23 30 27 75 67 48 50 24 15 49 33 11 42 56 100 97 10 4 65 50 3 45 81 80 70 31 52 16 27 2 25 74 69 22 13 48 58 24 89 24 48 75 21
59 85 65 95 100 61 76 73 65 59 32 56 55 1 20 89 15 55 62 26 69 94 64 72 84 68 43 56 22 34 59 64 40 59 40 91 50 9 51 14 52 16 19 1 1 67 79 4 68 56 43 33 59 78 26 67 2 27 55 98
27 26 2 33 14 7 6 54 42 67 15 31 10 75 9 28 55 74 79 58 73 10 43 40 63 43 76 91 54 5 52 80 40 67 67 85 10 57 39 22 22 3 7 46 92 73 33 72 86 1 16 74 77 58 12 32 62 60 99 78
77 97 84 71 28 10 82 60 64 17 68 39 47 46 96 4 13 44 50 35 88 25 15 59 22 39 52 80 64 38 9 71 72 79 48 19 10 33 4 21 29 52 46 24 39 45 23 71 51 77 14 4 19 100 18 68 14 12 86 36
76 85 34 4 15 34 77 90 78 16 7 51 23 76 92 19 41 80 55 46 14 43 81 53 9 13 10 95 69 34 30 35 33 25 60 46 49 44 78 19 15 22 89 34 51 2 89 70 26 22 59 10 75 55 4 2 63 16 48 58
54 99 67 25 56 39 63 24 73 90 59 58 28 6 78 52 99 10 89 20 32 73 82 20 41 91 79 44 44 74 30 81 49 78 12 93 44 59 51 57 31 50 100 99 2 99 29 81 3 83 74 21 14 87 39 91 55 53 63 85
94 65 45 79 52 18 18 92 98 38 85 4 55 81 70 82 65 94 59 3 94 58 50 10 42 31 83 52 97 2 82 96 97 47 4 26 89 82 5 36 74 81 17 89 99 4 85 9 60 99 15 28 20 54 25 71 60 2 61 80
76 77 73 40 68 20 15 39 46 35 49 99 32 90 39 32 24 100 59 74 90 25 3 48 55 41 75 61 52 89 6 19 41 33 71 41 17 19 48 67 41 37 82 1 79 21 67 64 63 90 60 74 67 15 20 47 12 66 51 88
49 11 31 38 73 95 100 19 68 32 59 93 37 46 82 68 39 22 70 7 31 8 29 49 78 59 16 91 34 19 76 97 25 17 69 51 97 35 5 95 40 24 95 4 47 30 4 4 23 79 14 25 38 7 46 25 91 14 94 8
78 35 24 32 81 100 79 55 70 38 67 11 91 16 19 42 9 81 71 79 44 39 24 69 32 58 16 26 98 52 23 89 72 6 79 28 57 10 26 26 95 41 97 85 99 83 94 62 60 5 93 55 82 11 29 38 64 42 86 72
95 29 94 76 15 31 28 11 45 24 11 94 33 97 23 46 93 8 23 76 93 60 42 50 28 67 91 26 42 51 96 4 26 17 47 33 46 77 46 13 29 70 97 41 1 57 25 60 62 15 94 37 41 31 30 83 23 68 100 89
23 83 89 13 48 61 98 62 24 95 23 21 47 10 36 48 71 75 25 98 80 90 22 75 22 12 23 59 26 95 40 7 22 93 73 34 74 91 30 20 77 35 21 11 12 47 3 37 82 30 79 91 15 9 18 4 81 88 44 47
32 81 64 61 32 64 73 100 21 63 24 55 72 40 40 56 2 75 57 9 98 48 92 19 92 49 34 84 66 54 45 1 22 88 58 71 52 34 100 95 24 34 58 100 69 69 8 52 99 88 21 29 65 1 52 42 71 66 51 75
25 25 41 69 75 4 40 34 71 41 10 16 29 59 25 57 81 100 37 98 72 95 72 78 21 45 67 42 6 5 70 66 76 68 4 62 77 100 80 40 67 23 100 34 99 48 62 38 13 23 12 79 98 82 17 81 52 38 2 70
57 23 7 60 72 63 87 11 100 68 19 70 65 12 8 45 11 20 16 40 41 39 44 8 54 12 67 89 77 57 9 6 2 83 75 100 100 11 66 97 82 43 2 51 42 90 62 39 52 95 13 86 81 13 61 33 30 100 39 91
50 56 68 27 44 50 21 88 33 79 42 61 49 95 89 70 67 52 56 33 38 28 80 30 86 8 88 25 84 23 88 60 51 82 82 76 74 4 15 32 93 28 88 75 32 28 48 75 49 82 13 71 39 96 98 22 13 4 78 43
86 11 51 29 28 60 62 27 47 63 22 73 2 71 16 16 13 79 11 98 57 20 61 1 65 81 50 72 17 8 68 68 79 96 62 76 30 13 49 4 21 59 3 89 85 73 98 64 56 36 36 12 37 1 30 93 81 45 2 47
44 49 84 21 95 94 67 80 22 15 8 18 13 50 80 85 33 54 73 77 30 29 30 58 69 5 39 78 44 51 64 43 35 5 49 3 90 81 70 65 34 83 2 81 6 86 35 1 26 23 44 98 1 82 25 30 88 29 35 32
9 18 25 67 34 50 51 35 11 66 100 63 52 24 65 91 4 55 84 95 29 90 36 75 29 13 50 35 44 78 23 73 41 81 18 66 64 31 29 84 13 18 60 60 39 60 13 65 32 92 2 47 51 66 48 49 23 51 91 37
27 77 30 75 46 69 91 71 3 55 36 36 29 8 81 9 19 68 87 19 70 87 11 19 9 31 39 21 71 80 67 35 55 76 23 95 79 36 85 5 6 62 71 45 57 69 72 61 13 86 10 38 66 6 15 79 91 32 23 97
24 38 26 98 71 65 44 57 91 73 23 24 91 37 80 41 40 13 39 17 86 18 87 45 82 65 89 92 59 16 36 74 65 79 44 8 82 50 80 52 68 88 47 2 73 12 29 61 33 40 89 80 40 32 19 21 20 75 72 61
59 19 5 70 70 7 11 71 82 53 87 62 42 26 56 76 74 19 26 71 87 45 14 11 40 26 23 64 11 69 61 66 94 84 82 94 36 62 72 90 2 81 85 9 79 29 81 55 15 5 85 97 43 54 10 8 54 12 69 10
84 28 9 89 55 61 74 83 22 8 73 69 54 43 23 43 35 9 13 37 85 87 9 52 26 43 13 99 48 4 73 40 43 99 63 74 23 16 84 99 64 61 71 36 1 10 42 75 6 55 40 26 59 93 22 90 19 80 7 92
81 27 50 18 79 53 76 42 21 72 56 81 51 85 56 52 77 63 25 28 94 95 4 10 99 63 5 14 90 96 65 91 7 72 27 15 58 8 97 43 67 48 4 59 39 27 53 78 49 22 77 62 44 57 95 35 73 41 21 5
81 65 30 22 74 69 22 69 24 36 72 7 35 53 91 60 75 1 51 38 41 5 75 71 10 52 68 58 26 37 68 76 91 71 95 16 79 21 76 93 6 25 23 67 63 53 64 90 27 43 49 53 91 100 5 58 48 57 65 65
97 46 72 36 84 97 33 31 81 40 100 99 80 62 62 53 94 57 80 75 40 45 26 90 55 40 93 5 58 47 53 62 11 44 89 28 10 87 68 80 70 64 29 58 88 67 36 60 61 55 25 50 73 26 43 98 85 35 33 82
72 92 37 2 72 80 84 50 46 91 43 73 99 4 84 65 29 21 60 49 62 23 98 3 97 48 91 41 91 92 82 79 2 17 65 81 94 54 35 75 48 31 94 70 14 26 96 82 32 26 18 59 34 43 19 74 100 53 96 77
13 48 37 54 27 22 79 24 76 38 95 78 81 22 96 74 28 71 2 35 46 100 41 5 7 74 36 12 14 48 90 81 59 24 94 97 84 42 26 1 11 25 10 3 45 42 20 6 76 59 52 76 3 76 74 35 46 79 80 2
6 35 9 1 2 8 15 36 58 6 60 70 75 10 36 59 62 33 11 70 19 47 48 29 76 30 50 27 53 71 32 56 53 70 37 83 65 73 15 34 24 8 44 98 38 82 14 39 85 63 99 83 57 10 44 7 3 15 35 63
93 25 1 3 59 45 79 97 89 14 69 53 22 83 21 63 11 74 79 29 2 10 62 67 80 36 80 35 86 66 92 63 56 94 44 10 18 34 32 91 44 35 82 43 57 44 75 3 47 70 81 8 80 28 1 13 99 15 8 95
79 91 3 87 88 2 2 74 33 73 68 65 11 7 91 50 58 72 12 50 75 43 44 84 2 44 64 27 22 64 94 37 56 60 23 44 17 13 89 44 26 69 100 32 84 11 69 59 86 20 40 41 35 19 84 40 87 96 3 8
44 63 54 51 31 76 31 57 25 90 61 21 81 54 21 65 22 65 21 70 36 23 68 22 6 48 86 7 95 97 73 8 68 68 29 85 71 1 30 68 9 59 88 90 9 33 87 69 44 82 7 96 68 9 76 74 38 7 34 100
24 70 50 99 86 30 82 25 96 58 4 65 69 23 17 71 32 100 31 27 33 50 87 10 52 78 23 39 33 51 53 99 76 5 70 71 37 82 70 64 88 5 8 84 89 3 42 77 48 21 84 1 89 63 18 1 8 1 20 93
36 63 29 80 47 39 27 57 86 40 74 51 69 79 21 33 81 49 60 49 30 86 59 99 58 48 87 74 68 50 11 8 31 96 52 96 22 58 51 27 40 38 56 89 51 100 12 55 6 49 15 81 38 85 82 62 76 93 90 44
99 33 96 31 8 41 91 62 14 27 88 27 78 82 100 42 54 41 33 85 3 26 46 24 29 77 59 79 35 43 8 67 37 90 72 47 70 3 46 80 96 51 36 23 84 58 54 15 50 45 10 90 74 3 96 43 81 52 62 29
58 6 51 80 44 58 64 30 11 87 37 10 26 12 86 98 86 79 23 19 98 100 100 14 55 9 27 100 27 39 49 1 82 96 73 86 35 42 85 83 28 39 60 97 66 55 65 79 48 65 48 51 13 10 73 82 82 97 25 4
84 55 92 11 6 11 33 56 59 2 59 83 24 85 95 37 51 32 68 44 3 3 71 94 46 94 76 72 20 66 8 58 37 23 17 82 33 28 42 65 26 9 53 68 90 33 13 78 80 40 57 46 31 25 59 50 69 88 11 93
35 95 24 70 20 9 3 24 66 61 81 21 3 1 36 14 98 86 56 26 54 24 58 78 81 36 44 41 8 64 42 35 14 85 29 68 16 13 6 55 74 9 47 17 45 51 79 40 81 74 15 77 75 72 84 66 45 83 87 60
31 31 23 92 65 9 10 54 54 85 75 68 51 80 80 35 58 28 51 78 74 54 71 64 45 82 48 39 42 3 80 6 19 81 75 36 13 75 21 98 15 20 18 61 11 50 27 43 22 65 20 74 29 69 27 65 65 78 67 25
75 78 17 49 10 97 6 69 90 68 21 4 75 11 99 1 98 94 11 44 84 53 6 81 86 85 78 22 92 17 31 58 43 78 1 18 60 62 26 87 16 31 91 52 80 65 12 82 48 46 35 83 40 38 71 87 98 75 78 75
25 69 31 14 24 78 13 81 37 82 16 21 20 79 80 82 77 71 55 21 51 65 24 14 55 38 72 58 78 92 91 87 83 73 45 11 40 63 57 54 46 16 71 83 54 24 28 61 88 17 56 82 77 55 54 16 67 91 88 95
31 57 67 15 55 83 8 33 17 87 22 42 31 36 38 80 31 52 91 62 28 36 79 56 68 6 47 93 53 70 19 67 7 81 36 78 87 33 23 19 23 60 52 56 46 73 35 80 100 99 99 56 41 54 38 29 86 20 75 3
16 39 71 48 15 31 9 52 53 50 72 5 42 5 72 6 24 87 11 93 28 31 51 80 11 70 18 94 5 7 40 39 9 21 49 27 71 6 87 64 53 97 66 98 31 37 59 23 94 74 94 68 66 46 67 30 37 17 70 24
22 3 43 96 59 66 5 59 81 28 11 99 5 85 60 99 81 47 50 30 7 97 91 88 5 64 72 47 56 74 82 98 17 18 16 26 73 40 15 84 94 19 66 98 98 17 11 30 7 58 25 69 58 36 69 25 8 75 49 75
59 27 85 54 25 2 28 70 85 48 55 51 92 7 92 55 7 15 71 7 4 53 64 31 1 78 48 59 80 96 41 3 22 93 69 81 46 92 93 64 38 70 91 34 18 8 93 79 16 41 100 85 51 5 17 32 100 28 16 11
80 65 19 62 84 58 84 18 92 75 1 90 9 16 47 7 13 26 16 21 49 34 46 54 29 43 12 44 36 100 57 9 97 58 30 61 49 60 66 87 43 99 89 83 69 85 80 88 14 99 67 17 93 99 93 44 47 20 93 89
22 16 60 2 32 57 38 56 85 69 13 87 29 34 96 13 71 5 3 56 1 37 8 75 31 34 92 62 60 60 95 23 7 10 40 26 18 60 54 52 63 36 9 10 53 21 70 92 67 89 58 51 66 93 83 92 68 52 22 7
74 23 73 30 39 41 85 38 78 18 56 85 2 13 89 45 67 5 53 64 78 2 27 39 71 13 35 7 99 6 33 90 60 58 9 70 4 50 93 30 86 64 14 24 53 97 1 57 39 12 40 55 81 1 2 8 18 36 49 22
44 35 28 47 100 81 79 89 7 50 72 21 67 65 70 17 32 43 31 77 4 41 3 73 19 27 83 91 49 47 20 30 45 53 45 38 32 51 26 14 13 12 29 99 97 41 48 73 63 28 58 17 68 91 54 45 23 62 62 43
8 75 78 36 65 33 88 36 84 6 6 88 6 4 74 71 16 25 76 78 30 83 30 100 36 96 64 79 83 6 61 90 52 70 38 93 96 43 56 22 80 70 73 9 76 86 65 94 57 13 54 12 7 3 73 28 84 88 97 74
7 25 61 69 29 71 43 66 75 40 95 68 61 33 35 87 52 28 89 33 99 26 67 79 68 45 66 80 26 85 33 42 64 74 58 83 35 32 16 20 96 24 7 20 95 15 49 94 88 71 38 68 15 96 8 76 94 40 95 95
19 56 46 53 65 71 52 62 98 66 6 25 57 20 83 66 68 61 57 53 3 20 28 32 83 27 21 92 32 18 46 78 28 9 65 88 46 5 2 53 56 86 55 27 59 92 65 29 84 27 54 80 99 46 83 80 32 58 100 20
76 93 10 70 84 40 67 3 13 1 96 45 86 36 22 46 42 4 14 88 11 80 20 9 75 20 52 45 18 81 94 20 75 22 65 89 99 74 98 76 51 32 100 23 99 57 18 48 87 6 44 23 56 33 10 25 76 20 26 77
88 65 27 42 62 15 90 66 50 62 19 24 87 95 56 25 22 19 41 89 97 52 49 60 59 43 35 28 67 1 19 36 49 75 54 13 27 94 89 90 9 42 72 25 73 70 81 86 53 33 1 98 82 90 90 13 73 31 82 28
17 87 97 9 97 20 66 45 2 28 58 49 95 4 68 77 59 73 29 59 3 50 7 14 50 14 37 83 90 53 78 3 87 2 99 82 95 95 25 60 100 75 92 90 59 82 25 31 17 56 1 93 76 43 30 88 24 56 38 87
26 72 24 36 29 81 1 66 54 13 80 54 18 95 73 33 35 16 10 2 13 6 24 35 87 97 57 67 33 39 66 21 34 100 77 3 82 90 46 60 33 78 78 98 7 92 85 35 14 33 26 5 96 43 88 83 41 34 65 81
13 99 61 74 45 7 8 18 86 30 21 84 68 88 71 81 87 62 94 84 96 17 47 99 53 15 37 18 89 36 79 12 72 9 44 95 59 67 41 35 28 76 46 30 14 96 72 75 76 18 49 15 18 75 42 19 75 38 91 5
81 7 64 59 49 98 75 88 28 11 83 91 56 61 39 55 3 47 81 35 99 76 81 88 92 41 6 94 87 44 3 87 13 78 58 64 29 69 42 75 21 74 95 3 72 57 3 72 84 71 4 75 6 91 17 31 23 7 79 38
87 97 77 19 84 58 71 78 91 34 15 51 71 20 5 56 32 34 61 53 39 69 58 19 50 55 38 87 30 55 26 43 78 5 5 91 59 93 53 53 54 74 67 100 63 86 10 56 92 54 72 99 79 70 70 27 39 86 62 97
37 38 76 23 93 7 30 77 72 38 94 1 32 54 2 31 68 43 77 5 79 6 69 97 7 8 72 4 42 66 14 28 84 94 62 4 46 91 5 66 40 93 52 60 38 53 15 24 80 40 50 13 87 59 68 61 30 82 46 51
59 97 37 10 56 64 81 51 75 98 52 24 8 74 49 46 31 52 25 26 11 25 73 77 36 29 95 62 98 23 52 97 30 85 89 74 32 89 28 12 80 46 46 40 70 29 25 27 5 56 18 33 18 70 64 56 30 33 97 44
90 38 67 45 5 32 83 71 73 89 3 92 69 98 96 80 56 16 16 9 37 53 35 51 96 24 23 90 35 68 4 2 48 57 54 26 33 2 29 61 74 75 14 34 90 17 96 66 13 48 42 23 65 5 58 22 7 23 31 88
56 30 8 6 73 14 72 76 87 81 45 37 83 35 57 72 93 86 58 55 82 28 31 91 95 28 28 66 23 60 93 59 47 55 53 67 87 54 49 57 20 33 13 37 94 88 46 35 61 92 88 37 88 52 44 21 92 85 70 99
77 79 80 57 16 17 93 43 37 85 80 21 61 4 6 28 12 42 55 77 85 87 60 16 15 65 77 72 37 68 48 73 50 73 90 88 5 70 46 83 59 53 22 26 86 69 69 52 75 19 83 95 62 88 37 93 49 17 55 26
28 64 88 25 61 23 18 63 68 23 75 51 23 82 5 87 90 87 63 100 34 57 32 54 78 92 54 17 43 8 75 76 75 52 73 4 19 30 14 75 28 31 46 72 23 75 1 65 27 47 15 81 19 52 22 81 15 67 18 63
78 1 64 73 14 40 65 9 82 76 89 25 82 42 33 29 42 78 94 17 71 21 6 24 91 52 43 88 67 64 10 82 85 41 14 74 44 85 30 51 50 1 10 58 60 76 98 36 80 28 7 98 63 49 68 100 90 95 10 23
42 38 35 90 85 80 12 3 54 94 58 52 39 11 66 60 39 66 80 50 73 63 97 47 88 99 90 70 69 84 35 9 81 99 51 87 13 100 1 36 10 57 41 75 87 82 94 14 52 83 1 13 54 91 5 57 17 17 53 33
71 72 32 56 71 78 66 94 32 2 76 62 82 4 14 8 30 60 25 35 49 13 86 92 50 76 59 45 25 76 20 4 76 43 99 90 50 90 68 20 61 17 55 51 96 12 78 74 4 99 1 35 11 59 2 65 49 72 41 22
47 7 20 15 14 75 57 64 45 29 56 16 65 36 44 63 67 84 83 80 3 44 46 39 76 2 95 66 20 51 87 53 8 10 45 40 13 68 72 10 23 59 56 47 27 27 43 51 72 85 76 95 46 89 77 10 33 82 51 44
94 8 93 24 9 46 17 97 85 93 23 75 65 94 74 38 14 61 78 11 48 32 64 55 3 55 30 33 33 100 82 39 15 50 86 8 99 77 91 12 56 97 94 21 96 46 32 60 9 86 23 2 11 52 51 68 12 32 18 1
76 45 8 85 25 54 91 72 23 63 79 73 76 5 77 14 8 17 71 74 75 61 75 10 21 82 66 1 15 79 19 97 92 39 66 16 28 71 47 53 62 55 16 22 58 66 5 88 26 78 7 62 48 47 61 34 73 89 18 97
29 74 28 5 17 19 2 67 98 33 75 89 44 80 46 41 47 16 55 7 28 11 93 16 97 58 77 3 98 48 88 6 66 11 24 28 74 39 75 19 66 95 85 70 55 21 24 78 7 97 82 7 19 52 16 52 12 84 47 93
82 90 30 21 89 72 82 12 37 79 72 24 20 58 24 14 47 16 51 32 47 41 21 89 35 68 25 98 26 31 81 68 28 43 47 87 37 52 33 71 33 36 22 97 71 58 90 8 58 48 84 94 66 95 74 32 62 68 23 46
20 30 31 89 56 30 23 47 72 17 99 90 38 94 58 32 94 8 86 32 18 41 39 75 2 29 36 60 62 59 65 13 89 69 18 64 69 95 89 84 61 22 48 1 9 28 53 31 68 60 72 82 55 52 35 50 80 41 87 21
78 4 40 23 52 20 20 71 38 63 83 70 85 84 8 82 83 20 65 81 31 88 17 11 86 6 36 33 21 91 21 98 6 87 75 67 65 49 88 45 9 84 50 35 38 14 74 87 98 28 23 2 57 25 97 16 91 83 35 94
79 52 36 81 45 20 70 66 6 9 99 95 45 70 100 32 1 13 84 50 11 27 18 40 82 31 20 44 63 80 24 7 89 51 24 19 35 19 73 24 73 56 36 92 17 20 87 35 19 95 93 62 72 32 64 67 31 2 88 88
62 49 6 32 19 70 60 92 78 19 35 66 50 80 47 24 89 96 35 11 41 11 67 12 42 47 80 98 6 85 44 45 5 42 95 86 54 18 44 86 49 62 62 89 76 1 27 32 85 60 19 58 76 54 77 56 100 39 97 10
31 5 81 95 78 94 83 92 15 88 63 96 83 14 47 7 75 24 62 2 65 15 24 49 45 46 78 48 100 88 10 65 99 3 84 20 69 83 84 94 53 41 91 47 60 99 56 3 89 53 90 46 42 17 21 80 4 1 6 37
59 74 29 34 50 51 9 84 61 83 35 32 9 62 40 43 29 6 43 45 94 50 3 45 13 77 15 28 71 54 73 28 52 49 86 31 84 76 23 90 71 46 60 65 93 94 3 13 10 11 65 68 23 1 98 74 46 8 34 33
68 71 40 88 23 100 46 61 45 89 49 14 7 38 23 87 52 67 47 89 1 74 88 78 85 57 45 75 79 5 59 93 56 64 47 58 27 58 66 63 62 83 20 2 91 93 88 67 43 62 88 88 75 55 82 15 79 19 18 69
23 87 48 44 82 89 44 64 59 87 21 32 64 72 52 71 2 91 5 66 92 32 72 56 95 97 48 85 84 8 27 39 89 43 63 56 4 64 95 4 31 2 94 11 65 12 66 46 92 35 10 98 75 81 49 28 14 68 88 83
1 61 69 61 52 13 11 90 29 59 34 1 89 48 84 39 94 67 20 92 29 35 41 52 48 28 97 31 9 67 57 55 92 35 84 5 8 82 82 85 24 65 2 62 40 77 96 100 8 92 38 12 95 82 72 64 25 57 32 12
44 80 68 26 5 39 84 94 91 39 25 87 72 74 64 23 62 67 94 54 96 71 9 72 39 55 62 59 16 43 61 5 76 66 16 75 97 15 8 54 69 14 87 34 31 42 97 12 42 30 87 18 44 73 89 13 75 96 76 17
9 31 65 27 73 86 83 87 11 59 35 36 79 67 16 82 41 18 54 8 2 60 53 21 97 46 100 72 62 85 57 8 5 40 28 9 44 50 3 30 7 48 27 85 27 100 72 10 22 17 81 52 53 58 46 23 64 34 94 47
8 1 39 13 56 38 3 46 19 34 45 27 42 7 89 61 46 43 59 7 34 41 29 99 76 50 67 15 61 34 30 53 76 79 70 32 72 20 12 15 40 16 48 98 73 23 76 10 38 34 31 15 17 76 61 29 53 53 96 69
37 40 78 7 63 18 66 18 6 48 80 32 9 97 24 26 99 72 32 81 48 96 54 100 6 66 28 12 8 26 58 88 73 21 74 81 16 54 72 6 24 78 12 93 29 68 16 88 15 77 93 16 93 85 82 60 13 28 75 45
80 50 1 84 79 90 31 68 38 5 22 41 52 22 35 23 84 78 65 88 77 33 69 48 64 56 65 90 17 79 95 47 34 99 31 20 58 42 92 16 48 88 70 7 8 24 52 79 46 54 55 54 14 49 8 85 10 17 89 40
10 89 53 48 74 23 96 31 30 45 74 96 48 79 99 93 98 17 10 43 57 48 45 83 84 37 72 77 69 65 19 41 3 86 79 95 23 59 88 1 49 17 12 64 53 70 49 60 68 40 86 43 93 80 29 100 81 62 72 51
61 82 27 71 87 30 55 35 3 50 94 26 15 47 88 14 14 56 19 51 89 27 17 66 35 16 43 17 14 5 7 95 94 8 76 29 73 12 36 26 88 67 95 60 41 25 40 62 87 52 96 44 97 70 10 18 31 82 86 4
37 36 54 72 80 53 84 89 91 59 8 72 6 30 4 19 81 46 54 74 67 47 11 74 80 97 5 38 61 29 22 17 83 87 63 77 44 98 73 46 71 72 76 62 88 39 56 51 7 93 90 8 14 4 57 53 12 47 12 52
57 70 34 50 58 75 80 16 54 66 96 19 21 52 33 69 79 64 27 90 53 67 96 11 60 84 77 8 35 28 100 49 49 23 69 14 3 19 5 80 1 59 72 14 12 93 71 59 9 23 10 63 71 31 95 51 59 16 30 51
70 86 52 64 88 14 21 37 97 4 99 93 65 44 46 13 6 35 3 67 53 9 8 100 14 4 35 33 39 96 37 92 70 2 10 63 1 71 4 85 66 62 75 47 84 61 23 28 57 39 21 2 60 53 53 26 84 56 8 70
67 76 41 75 70 48 19 61 88 63 6 96 6 55 20 6 19 100 7 9 22 13 74 18 60 80 75 26 28 76 42 47 80 81 5 17 59 61 55 49 62 47 12 44 70 73 40 16 43 80 48 48 32 82 55 47 78 17 11 96
82 25 28 89 43 71 91 81 63 35 26 70 29 50 81 68 49 63 51 66 60 6 15 98 11 73 9 96 30 89 44 86 53 53 49 91 98 80 22 86 56 81 11 47 13 89 3 75 31 32 3 25 19 93 7 61 60 38 64 31
21 39 89 40 11 39 25 24 59 41 100 50 7 68 93 99 83 54 26 96 92 14 88 88 64 26 24 25 13 55 86 95 60 58 67 80 53 63 57 68 70 44 76 73 44 8 53 46 72 63 58 64 27 86 87 95 24 20 77 75
19 33 36 96 97 69 95 25 40 45 14 49 17 100 38 92 47 6 26 75 94 15 4 72 26 25 39 88 60 70 74 29 29 19 8 14 56 93 97 90 5 5 6 20 48 40 21 31 38 85 8 89 43 7 32 38 93 25 80 65
88 67 70 13 79 33 96 92 80 14 44 28 86 30 75 26 40 4 71 24 44 85 41 66 45 66 96 64 44 90 62 71 3 91 79 72 23 91 35 58 74 49 39 49 97 13 69 26 79 6 97 14 9 63 59 59 58 50 80 75
9 14 39 46 26 9 59 12 50 16 57 49 2 71 88 16 58 89 90 16 7 35 3 86 31 33 1 43 74 76 95 31 36 6 15 25 41 31 40 10 100 71 53 70 19 19 99 90 64 28 8 38 69 78 92 92 17 56 30 89
97 19 51 17 86 31 2 54 6 6 61 59 82 87 66 24 28 6 52 94 83 86 86 88 16 67 53 71 78 11 53 56 19 42 71 88 60 61 54 8 43 32 91 66 47 60 95 49 93 31 64 77 93 39 68 95 61 89 53 44
28 34 81 93 41 38 90 22 36 31 32 1 26 47 64 4 98 59 43 92 98 83 77 78 87 79 39 99 63 32 47 49 53 73 97 37 61 8 15 80 14 38 2 24 47 46 69 82 2 74 94 86 57 15 12 67 54 11 97 17
