15
4
11 4 48 24 95 55 55 65 28 61 32 37 6 50 94
20 48 6 88 79 79 58 85 16 44 70 26 66 8 100
73 52 52 98 12 85 49 63 43 10 96 66 24 71 10
14 46 98 76 49 37 43 81 38 87 27 84 37 76 53
72 97 75 77 79 39 61 33 61 21 38 32 83 6 32
29 35 77 74 66 47 50 91 4 12 4 15 37 66 99
86 40 66 78 87 51 90 14 2 50 47 44 70 68 84
46 14 4 64 12 26 55 35 42 22 55 50 15 53 4
40 13 45 1 71 96 77 7 86 49 97 2 13 52 67
44 85 96 43 48 11 31 33 98 73 58 91 55 56 5
44 8 21 27 23 27 86 34 73 83 11 93 20 45 41
31 39 5 62 36 55 13 81 58 93 37 50 19 6 45
76 60 31 42 1 31 73 87 32 14 64 86 88 83 5
10 5 36 22 45 43 50 41 14 74 91 98 13 86 14
41 57 20 63 28 73 62 57 10 46 76 51 39 22 30
71 23 41 30 58 74 83 55 33 92 30 67 3 36 76
41 29 13 17 99 75 65 4 63 51 89 48 95 43 95
34 25 76 65 11 82 55 10 65 83 53 98 4 64 44
32 40 78 86 63 41 34 80 93 96 68 37 27 17 60
27 98 56 5 52 97 94 4 80 91 92 15 8 1 99
61 4 40 36 27 88 56 76 48 74 77 24 50 87 54
36 43 15 89 20 16 41 47 33 60 6 98 54 9 34
56 8 100 56 73 63 76 86 40 50 15 23 73 98 89
80 95 66 30 11 84 65 47 70 72 96 1 93 34 40
9 83 44 19 71 10 25 87 58 42 44 4 33 51 58
76 3 28 77 2 87 95 47 70 55 67 87 62 69 46
64 47 43 22 52 23 46 10 72 41 22 88 74 38 47
92 31 13 68 5 40 24 26 9 91 1 9 27 5 20
31 47 85 27 55 84 23 77 66 5 17 17 22 99 62
16 66 5 8 35 9 87 62 52 96 11 9 81 88 41
87 11 26 60 11 38 19 9 36 84 56 66 81 73 7
94 52 97 7 26 75 16 33 78 61 42 99 83 67 33
89 67 54 79 80 87 37 32 90 95 36 87 97 99 24
40 53 17 18 45 66 51 48 91 30 72 42 68 93 99
65 36 39 41 68 100 41 77 76 10 71 6 79 28 7
54 1 65 20 38 94 71 2 57 89 37 78 40 54 72
88 76 76 30 48 42 75 35 27 46 8 7 61 48 33
24 75 62 72 35 44 2 91 30 12 1 65 20 23 94
10 82 22 81 18 90 57 42 68 39 83 87 54 15 19
19 93 22 92 30 5 2 44 89 97 84 14 20 1 64
28 95 70 88 20 7 54 25 70 88 99 15 89 38 75
41 13 92 6 21 18 30 87 64 22 28 82 61 17 54
9 16 74 73 70 56 2 66 83 17 58 41 14 51 8
69 10 89 21 20 42 94 30 48 5 49 10 27 88 26
78 88 56 75 45 52 54 14 85 83 54 66 55 9 13
89 83 78 43 20 8 22 55 72 16 92 97 84 20 33
10 75 65 73 78 2 98 80 87 8 47 33 1 2 42
85 96 9 35 72 39 39 50 99 41 23 67 28 56 39
53 47 91 27 98 35 31 21 73 21 100 73 4 51 33
8 80 79 53 60 9 82 39 63 60 63 55 45 59 27
12 19 98 98 64 2 55 35 75 70 29 27 45 78 93
60 98 75 95 5 32 16 99 27 7 96 26 82 84 70
98 26 33 40 28 67 8 6 74 19 57 12 21 80 73
34 38 91 16 11 1 97 26 12 1 81 45 83 25 52
83 89 89 94 60 88 64 69 21 55 73 100 83 81 28
89 44 29 91 47 54 12 71 61 54 17 43 13 63 91
20 68 23 83 19 71 37 94 77 17 13 51 38 60 27
100 44 96 72 84 5 44 28 69 68 53 7 56 43 66
34 14 86 61 61 69 62 28 58 13 39 72 66 84 7
96 41 64 65 17 60 45 93 40 26 13 35 72 81 71
