75
4
85 73 47 18 25 77 93 53 60 85 67 1 93 93 87 78 76 52 79 55 21 65 39 31 90 48 16 6 31 85 54 29 77 24 42 71 77 83 2 49 23 41 47 48 52 6 45 33 94 37 58 73 46 30 25 77 51 69 43 10 78 64 47 29 84 36 100 75 93 9 99 53 93 61 97
1 59 60 55 42 18 59 26 54 41 25 36 64 18 76 21 62 67 93 97 83 54 6 65 72 41 92 97 28 31 93 19 71 86 45 37 58 8 82 10 72 25 29 29 12 48 91 30 62 72 76 72 68 54 20 71 35 25 73 85 55 34 21 59 62 93 99 5 99 78 48 12 73 9 4
59 27 96 77 84 79 3 48 14 84 67 32 95 69 92 99 61 45 44 52 1 31 5 92 9 55 2 28 24 69 68 78 90 69 91 28 54 83 34 66 91 30 48 53 22 33 36 45 8 60 62 59 35 71 55 55 90 25 44 5 80 86 94 98 93 90 36 73 41 75 74 27 18 68 100
69 15 73 33 85 23 33 41 97 38 70 17 76 32 52 18 73 58 82 83 25 56 50 41 45 72 55 84 28 15 53 46 79 83 75 31 47 68 57 1 98 76 3 46 2 14 67 52 31 13 38 57 10 75 88 65 37 6 29 6 37 47 22 22 94 35 90 90 87 85 30 81 27 87 48
33 98 36 51 30 9 84 91 44 90 30 63 56 64 63 84 15 33 85 54 26 98 100 9 56 22 64 2 61 67 59 100 55 27 59 63 47 59 15 93 8 80 89 22 47 44 12 29 5 11 93 24 90 12 37 25 92 74 70 100 11 11 66 28 87 19 25 59 50 34 50 50 76 41 89
20 17 46 96 26 62 15 98 76 42 14 27 15 26 63 2 1 16 79 29 75 51 37 28 43 7 30 41 88 35 77 90 97 48 100 25 33 93 34 40 86 65 72 20 67 23 86 90 64 52 10 35 10 11 40 79 74 82 95 40 26 79 49 1 91 6 76 46 73 58 100 53 19 31 87
55 89 84 16 14 91 69 17 76 43 42 61 2 29 42 94 82 83 50 56 11 80 95 41 14 17 96 86 99 60 41 24 27 18 28 12 25 32 51 91 75 61 92 84 5 76 11 72 54 97 24 79 7 25 64 93 41 59 26 72 43 99 95 10 36 89 6 19 12 58 16 81 44 90 90
50 18 34 66 91 10 77 81 66 81 71 34 76 2 89 1 58 16 7 94 43 46 22 7 44 7 98 85 62 80 21 41 15 23 58 54 80 58 97 72 4 87 45 36 4 19 22 62 30 23 31 47 3 69 9 54 61 57 47 64 93 20 95 64 38 44 87 8 1 12 93 93 32 93 10
10 91 81 8 31 11 81 78 10 57 32 66 20 25 5 98 28 15 67 16 99 17 58 44 23 30 41 15 26 3 48 81 12 63 46 98 19 26 67 79 10 89 20 89 86 33 18 7 98 19 55 47 93 43 72 70 62 2 11 80 39 50 12 29 52 64 73 95 37 61 92 14 36 85 85
75 52 54 75 50 33 42 78 93 95 36 89 63 82 22 40 35 5 34 25 40 15 51 40 52 28 56 52 57 37 24 46 40 41 68 79 18 24 75 66 73 6 18 6 29 55 67 57 75 69 2 26 31 48 42 97 39 24 74 64 28 15 67 63 23 87 72 92 57 83 97 33 3 84 88
12 76 65 55 51 37 64 70 12 46 11 32 39 38 62 61 90 27 92 37 69 72 12 85 97 47 46 86 15 92 35 99 79 52 19 20 10 56 25 20 88 37 32 44 85 96 64 83 1 38 64 51 23 71 81 32 41 1 13 90 90 45 9 86 16 9 2 38 78 43 53 3 81 34 26
38 35 34 93 53 1 40 6 99 80 30 83 69 11 89 50 85 31 49 61 48 74 65 29 64 34 44 11 64 48 86 62 85 24 43 70 12 52 87 50 51 9 74 44 93 90 89 17 71 64 34 46 62 85 30 45 66 37 30 84 46 89 33 61 51 24 59 30 62 60 96 18 6 52 18
89 73 62 47 79 81 47 50 46 96 17 73 95 10 43 67 58 38 25 38 52 91 53 46 32 34 65 50 49 22 85 65 46 31 5 15 49 16 58 78 50 38 44 3 90 48 27 89 88 32 86 99 75 4 8 20 9 4 69 47 15 58 21 2 48 96 50 93 82 3 26 90 40 64 21
8 92 8 34 88 47 59 32 77 58 29 96 25 81 16 86 45 45 21 65 66 39 38 44 80 65 8 6 57 9 37 70 70 20 90 58 7 21 62 31 64 16 19 96 89 13 77 87 86 8 24 60 87 23 39 37 18 54 88 87 60 43 32 95 40 89 18 90 72 72 1 56 16 96 43
28 31 75 7 12 82 15 40 44 13 22 67 40 56 83 31 53 54 77 74 57 36 85 20 78 76 98 83 67 4 64 24 32 10 68 29 75 33 100 83 76 50 4 58 3 71 27 55 44 35 97 42 6 61 26 26 73 75 40 17 6 3 82 80 83 7 23 93 25 5 65 23 99 68 100
11 20 90 14 77 66 32 38 74 50 41 81 47 15 26 46 79 34 7 7 64 69 90 28 3 75 62 71 99 76 9 97 5 72 69 31 30 32 4 28 37 41 71 84 7 57 94 85 60 93 79 62 40 29 53 42 75 73 29 28 79 55 90 89 29 41 28 42 63 21 2 41 52 98 47
48 9 57 53 74 52 97 49 43 93 24 25 77 5 97 76 16 7 18 63 43 31 69 16 53 48 22 59 95 66 6 32 92 68 81 94 65 61 41 52 88 95 47 71 24 5 16 61 91 62 81 63 51 21 36 25 51 11 27 73 57 76 67 75 57 21 28 93 20 85 3 53 90 36 11
12 68 3 24 36 77 45 16 21 45 27 37 50 62 81 1 56 34 41 79 87 39 13 7 8 93 40 21 23 2 71 76 26 39 9 73 92 65 76 77 1 55 83 55 65 28 53 11 9 84 81 49 37 45 56 82 17 38 62 77 70 37 72 36 40 35 89 82 4 4 11 20 64 66 69
53 29 6 81 5 91 44 16 3 72 83 54 5 1 48 88 21 17 31 90 58 95 84 42 24 62 27 45 48 21 42 71 22 9 72 36 32 9 5 93 26 2 31 76 45 11 78 94 84 51 99 92 16 29 39 16 73 95 46 65 7 47 39 78 86 32 99 45 42 11 26 84 83 30 82
56 87 77 91 95 78 53 90 94 70 62 1 91 24 9 8 62 66 39 92 97 29 20 4 51 100 68 14 26 33 3 12 98 4 94 3 59 9 82 10 60 95 34 76 15 95 16 72 62 27 78 45 41 4 41 66 4 2 66 21 94 6 74 90 93 66 20 70 70 80 22 65 82 87 15
94 5 70 89 76 36 26 16 65 58 36 51 74 39 89 58 66 48 85 34 97 12 44 20 94 15 34 100 67 35 23 61 18 34 2 28 94 72 22 45 9 61 20 96 44 87 89 23 12 88 15 56 35 19 69 88 62 1 20 94 32 67 7 35 66 29 99 1 37 60 77 1 45 55 94
34 37 59 94 67 65 22 24 9 63 93 29 24 95 66 45 30 57 8 28 17 33 19 38 58 62 55 62 27 79 55 14 83 43 10 40 47 59 31 59 60 100 76 89 56 91 40 26 85 22 51 72 80 28 34 77 60 67 10 68 61 91 55 26 32 32 74 62 7 70 85 14 68 29 23
42 30 54 45 66 75 95 16 75 89 33 52 42 64 8 71 58 24 18 97 93 33 30 2 16 56 70 71 67 9 98 67 96 7 64 91 17 63 96 57 57 43 90 99 22 4 42 28 89 39 10 65 86 13 73 32 100 24 80 91 30 29 89 24 78 15 53 53 5 11 88 85 96 5 98
46 76 45 72 72 25 87 57 65 21 24 38 48 66 12 79 24 58 49 27 20 82 74 31 60 2 28 74 58 93 86 88 66 64 57 4 52 25 47 90 71 77 27 100 34 13 99 10 33 24 65 92 60 42 9 68 24 86 94 73 75 2 53 15 35 86 83 72 56 36 8 39 42 92 27
12 62 20 81 52 83 88 81 69 63 16 38 70 98 2 100 21 40 72 81 71 16 89 9 15 36 63 78 78 33 41 34 68 69 97 50 91 56 44 42 89 87 41 21 47 91 43 37 48 85 94 88 1 75 91 95 12 89 3 52 55 67 52 63 92 3 61 12 6 86 39 29 98 34 66
45 66 11 82 41 11 14 66 53 99 55 68 91 98 47 88 10 70 24 83 92 80 56 93 79 51 39 61 77 70 82 26 73 2 4 54 74 10 43 56 73 50 25 1 98 66 73 55 74 69 50 52 79 92 77 100 79 72 96 10 5 83 37 21 72 2 32 89 83 45 98 96 37 86 31
11 86 10 50 57 58 81 27 47 19 55 3 82 21 68 93 89 57 9 100 48 20 10 44 34 89 43 3 96 66 69 48 58 31 42 77 3 21 3 61 65 43 28 24 2 59 100 34 92 5 39 5 9 56 52 75 43 77 82 12 18 52 18 40 20 64 23 40 42 51 22 64 4 30 39
22 75 22 57 89 74 61 14 57 74 47 41 83 4 31 84 77 16 96 44 77 58 43 84 41 84 93 88 50 78 96 53 81 65 90 78 30 62 46 85 48 98 87 4 1 12 72 94 83 10 81 52 66 30 36 41 9 93 95 94 45 60 60 67 64 49 78 20 70 63 33 48 75 75 13
72 10 87 67 39 48 80 73 47 57 97 32 43 24 18 86 31 1 49 27 50 48 9 95 62 27 43 64 55 85 87 67 84 38 93 87 3 64 32 76 95 33 20 87 83 94 97 5 49 83 74 50 64 90 36 65 46 43 17 72 55 24 61 47 4 66 62 2 41 23 82 89 46 34 8
2 54 58 66 96 72 98 13 18 28 49 28 36 17 23 95 81 96 5 77 46 33 30 9 89 2 75 16 61 2 20 6 97 12 74 88 3 53 44 72 17 54 44 59 44 47 84 6 66 37 80 15 13 85 6 53 35 4 36 90 45 56 54 34 91 87 28 79 88 75 15 48 12 72 61
93 13 38 39 11 44 12 17 61 99 39 100 59 93 6 9 61 24 23 19 99 20 78 62 69 86 13 96 2 65 76 52 100 14 65 31 69 55 100 97 52 83 66 23 85 32 91 84 7 60 100 33 53 69 9 71 72 74 44 80 41 71 54 18 14 94 47 36 33 94 41 54 20 100 35
4 58 12 27 59 15 58 36 32 34 59 67 83 84 92 10 23 10 47 47 100 2 11 3 26 82 8 96 88 42 38 79 31 77 62 40 27 29 94 40 83 63 1 20 62 9 44 72 14 59 23 79 86 86 19 64 40 38 70 8 91 64 80 8 15 16 22 70 36 85 18 69 35 10 58
96 77 23 52 21 83 22 13 56 10 24 2 49 16 4 58 82 74 58 58 40 88 79 96 18 21 89 69 53 21 75 58 98 47 9 90 100 7 15 15 76 15 55 25 97 58 44 11 69 47 40 62 100 73 84 1 96 16 34 97 50 22 9 18 97 4 28 72 21 9 85 90 92 83 98
29 57 48 66 34 12 26 38 72 78 40 91 18 75 47 23 55 54 16 65 2 93 40 91 58 32 36 51 33 59 90 35 33 92 68 60 34 31 97 32 96 68 95 81 89 46 12 28 43 59 56 11 99 4 61 92 19 70 43 79 87 70 48 97 67 77 89 78 51 91 67 90 78 9 47
44 23 65 49 1 57 36 13 47 41 52 5 54 77 19 14 27 35 17 33 62 62 85 2 63 71 81 80 55 47 26 41 50 9 67 92 97 86 94 39 16 94 86 80 35 52 52 25 53 6 13 90 3 56 6 6 81 2 9 69 100 25 61 96 71 69 42 16 91 85 44 97 12 62 55
36 62 77 73 42 81 31 8 20 79 27 69 19 75 87 23 88 28 98 95 50 91 76 9 38 9 32 13 2 9 28 60 66 11 98 31 4 27 46 92 13 12 15 4 33 56 74 2 20 6 10 56 59 24 45 61 89 10 84 19 9 43 13 41 84 96 46 28 62 36 78 19 94 57 88
54 75 9 22 90 15 84 7 28 60 82 56 13 65 30 7 19 21 37 42 21 22 97 11 23 26 89 49 29 56 36 58 53 9 54 31 28 37 8 51 47 29 57 34 76 89 14 2 6 77 55 73 69 100 6 99 84 77 28 2 12 13 72 34 40 43 64 22 81 67 57 76 89 72 54
74 88 8 26 46 23 92 72 60 22 5 78 66 77 95 93 15 44 53 53 15 91 61 70 98 77 17 16 44 40 36 26 4 19 86 64 97 61 75 74 97 24 51 32 17 7 38 17 64 70 69 96 23 75 42 40 2 50 81 55 78 63 85 81 83 4 41 3 34 89 40 78 51 64 55
22 33 5 88 41 22 5 65 30 43 14 100 91 58 90 14 61 58 87 20 34 100 99 23 24 48 48 55 38 17 7 39 88 19 31 73 21 14 3 97 90 28 6 54 44 39 90 76 13 38 49 12 57 78 2 54 79 33 39 94 54 93 31 33 96 56 81 8 90 95 45 11 85 92 84
99 10 42 38 90 59 24 64 93 99 52 61 45 84 64 69 21 67 59 52 57 45 33 41 2 2 55 84 87 4 3 46 95 17 82 23 22 56 13 39 1 71 16 84 87 57 21 96 33 84 81 73 71 50 4 13 91 90 90 29 66 43 11 70 30 42 91 21 69 47 44 30 28 8 38
13 19 41 63 25 29 98 99 72 72 11 65 15 51 80 47 70 18 8 10 26 93 87 57 63 58 86 9 68 25 22 28 89 67 54 75 29 42 83 28 20 88 72 93 40 34 20 64 17 98 57 79 78 55 86 94 10 32 23 68 9 21 54 50 78 16 94 69 54 22 71 53 96 24 5
56 11 69 64 41 7 44 67 7 16 89 87 67 83 35 51 13 42 81 99 82 37 34 100 27 25 33 21 77 62 7 83 6 39 52 82 76 95 94 64 44 80 77 78 30 21 3 26 68 30 95 82 35 5 70 32 64 50 13 98 20 49 40 14 77 47 53 19 1 13 85 50 73 67 77
31 60 30 99 23 37 33 86 69 83 72 25 49 64 59 42 39 91 47 3 69 54 90 16 68 45 3 59 32 20 39 42 4 4 89 70 85 63 53 69 14 83 72 23 34 65 68 6 31 92 28 69 62 54 91 92 69 54 63 9 96 100 49 97 73 52 78 3 76 98 74 54 73 46 93
71 97 32 20 78 11 27 63 72 83 75 10 73 60 47 53 22 37 69 73 28 1 7 49 51 12 20 18 47 53 88 14 7 77 65 68 36 3 52 28 38 37 67 64 50 21 90 39 72 33 75 8 56 22 13 59 77 99 83 68 58 44 70 18 32 30 49 94 57 18 47 79 67 22 39
46 23 95 39 61 36 72 64 46 93 58 22 33 44 33 78 60 19 73 12 57 33 55 72 71 78 2 99 67 71 68 39 4 42 52 21 39 1 100 99 61 36 32 74 32 12 96 77 99 84 64 71 72 18 93 49 26 14 95 59 8 36 76 6 7 35 58 31 47 50 97 14 95 83 21
8 66 62 74 28 35 33 54 69 26 38 59 76 15 70 46 78 52 81 46 3 29 36 70 45 30 31 100 100 100 40 31 78 20 68 28 53 24 34 45 29 62 31 34 52 41 88 42 99 47 2 32 98 26 93 97 84 29 20 80 89 19 45 66 95 49 36 34 23 90 7 13 54 89 36
91 6 91 2 93 61 74 4 87 28 75 12 86 29 32 96 10 18 93 44 99 100 37 60 51 56 79 6 50 38 30 26 9 10 82 31 31 25 52 44 82 36 81 17 72 49 27 48 48 92 46 36 75 21 26 93 12 52 91 77 86 41 97 86 64 96 15 76 24 41 25 5 31 76 67
82 73 6 55 96 76 45 20 73 71 1 51 48 59 24 75 18 18 42 73 62 58 8 29 22 8 43 58 18 80 87 72 58 72 60 20 27 98 81 59 35 61 30 87 22 63 58 49 95 2 10 75 11 28 39 24 23 36 67 42 24 68 100 72 33 57 73 13 17 35 63 26 98 27 87
59 66 53 73 44 73 84 73 66 90 51 92 42 22 14 22 98 5 95 60 73 41 68 84 24 8 35 81 37 100 81 15 70 44 58 59 30 73 78 52 14 63 72 51 17 38 96 66 80 11 3 5 82 17 24 64 78 8 33 82 100 39 42 34 11 92 59 50 91 65 33 31 87 30 39
24 76 81 76 24 85 63 77 32 63 56 17 11 96 81 18 64 7 34 66 88 44 95 57 55 56 48 64 2 49 38 59 21 67 47 58 61 14 28 5 53 5 85 23 7 96 64 82 68 14 45 7 100 39 23 27 70 72 42 19 54 90 90 9 4 47 32 95 81 80 13 39 48 4 93
76 13 83 65 38 95 46 9 61 22 92 49 11 4 40 60 93 33 81 35 44 20 67 24 50 6 16 90 54 64 22 80 62 89 52 93 99 10 45 79 15 61 2 100 60 17 91 58 59 65 86 42 55 56 87 32 32 30 15 88 57 28 53 97 74 8 40 97 62 61 88 79 44 62 96
93 80 88 40 63 34 48 46 7 65 91 31 40 3 52 36 6 69 42 81 21 25 86 88 49 78 60 22 2 1 19 90 23 44 79 10 5 61 7 93 70 64 76 15 58 30 40 13 9 25 1 98 85 73 10 73 57 56 45 80 16 52 1 40 89 86 1 88 56 64 75 82 10 95 5
76 78 99 23 74 58 90 55 77 66 1 81 53 59 34 92 95 26 68 48 71 65 89 55 63 17 56 87 37 29 54 68 5 20 84 64 31 61 48 12 37 24 37 31 94 26 68 23 83 68 56 73 28 59 82 18 20 79 51 54 27 7 66 7 85 88 35 16 51 88 66 81 18 55 12
17 15 46 43 5 18 5 83 78 88 19 81 25 96 36 31 70 67 74 15 16 99 78 78 21 5 56 96 31 36 43 88 84 78 17 82 27 99 46 60 67 90 32 75 58 16 28 24 31 36 90 70 7 86 70 42 64 58 98 26 80 41 60 43 28 40 28 35 57 87 68 72 47 93 43
67 18 21 24 17 14 73 79 53 56 60 61 42 68 14 82 62 75 100 100 88 26 48 43 12 7 19 40 43 22 80 62 35 100 25 44 6 77 7 64 49 81 80 44 39 90 20 82 43 27 96 90 77 27 29 60 61 65 60 74 84 54 44 21 9 26 67 18 73 86 68 96 32 45 58
39 93 70 78 29 85 68 45 75 26 73 98 36 39 6 80 3 36 44 3 7 46 34 93 87 100 80 48 7 48 10 67 69 96 57 72 70 53 19 81 84 59 16 96 16 100 93 26 81 93 79 100 33 53 30 18 19 2 92 12 14 48 15 68 52 74 54 82 27 81 47 9 30 65 97
35 24 46 33 89 28 18 75 90 10 97 6 100 77 78 32 42 29 49 47 76 3 46 17 28 96 94 95 27 35 66 3 82 34 19 57 88 55 90 95 66 43 4 75 60 27 47 50 60 81 47 64 50 94 76 29 47 33 23 50 35 11 17 2 51 76 64 39 80 22 25 80 27 34 86
48 16 37 43 29 28 84 52 96 95 99 35 35 26 58 34 25 37 84 99 12 19 32 48 47 60 19 50 72 90 55 21 4 81 16 34 86 57 91 93 1 38 24 98 54 7 70 57 11 2 23 83 3 71 85 100 14 74 90 37 34 25 84 91 48 4 71 10 47 11 90 2 61 97 50
15 31 5 51 26 87 52 88 28 76 10 89 64 39 27 20 45 41 100 79 32 63 75 86 48 46 33 93 36 39 56 7 74 16 16 87 68 7 54 81 11 17 39 30 75 39 7 90 42 91 61 55 24 48 62 37 25 28 29 98 46 2 8 28 94 9 82 47 19 50 100 28 57 49 67
26 12 78 72 21 1 87 2 6 18 54 10 87 85 2 12 38 85 31 21 12 41 2 59 87 94 44 11 42 78 73 88 67 97 16 84 5 4 76 15 53 58 4 29 9 36 42 73 86 10 88 70 26 32 5 86 33 3 64 9 90 93 23 34 81 66 83 64 7 20 38 73 65 52 21
24 52 84 46 36 44 81 8 27 52 79 96 36 12 34 41 84 81 23 43 33 15 18 90 7 41 11 64 38 61 21 70 73 87 24 77 13 45 27 36 62 100 27 66 92 5 8 26 42 61 53 99 17 30 49 23 50 27 63 51 56 83 27 54 89 11 22 20 93 98 19 59 2 99 28
10 2 89 61 20 32 82 66 98 93 93 71 68 21 27 41 40 36 19 72 63 69 6 59 72 8 79 6 45 26 41 29 96 85 46 1 41 4 34 83 50 98 57 7 7 46 44 13 11 58 3 84 32 38 41 87 93 86 84 35 14 53 76 2 27 9 15 79 24 36 43 15 48 59 61
84 48 30 57 1 12 96 60 86 70 51 75 44 68 63 42 56 85 16 77 84 88 28 17 98 77 23 44 86 2 27 53 70 86 95 84 21 49 47 52 42 67 1 73 57 24 28 55 38 57 69 70 16 10 43 82 98 42 2 6 99 88 14 19 59 73 22 45 68 79 88 77 35 10 78
70 16 18 29 23 61 4 40 56 46 26 88 91 45 57 35 41 28 9 13 10 76 32 6 43 37 28 82 67 61 14 4 5 4 44 55 71 6 19 40 30 98 66 57 44 51 52 51 12 23 44 12 13 30 98 80 37 22 95 68 26 66 33 4 64 55 6 10 29 74 28 30 11 52 16
79 43 27 15 31 22 84 30 95 83 61 34 8 24 95 91 45 77 28 82 55 4 76 81 63 26 10 13 24 17 98 4 1 8 96 86 73 9 62 49 73 17 15 38 75 87 15 17 65 69 60 83 19 8 16 26 95 9 74 71 89 3 84 24 96 32 43 7 43 77 50 71 15 24 27
83 55 8 46 4 6 22 64 31 1 8 74 13 37 2 36 44 11 82 15 13 55 86 65 62 28 58 20 67 85 54 2 43 53 19 8 51 59 72 96 88 73 61 78 22 23 30 45 26 21 56 77 1 66 7 40 87 32 47 21 35 3 95 28 96 2 38 14 28 70 36 29 4 66 18
26 90 19 93 20 98 57 66 59 63 19 93 85 83 48 24 87 86 9 52 32 3 76 15 13 2 43 58 49 8 64 59 40 20 9 55 39 69 7 98 25 39 13 9 3 65 77 36 25 40 10 51 98 37 11 49 71 25 34 67 37 21 82 27 51 48 76 50 91 4 89 85 17 55 65
4 31 66 82 70 3 80 59 86 45 24 100 40 34 47 27 19 97 93 77 40 11 11 69 67 14 9 7 14 97 47 76 57 52 82 7 74 70 95 74 16 69 67 49 10 22 30 31 84 68 44 100 4 98 2 1 31 48 78 65 69 86 51 19 3 66 21 70 77 47 5 19 3 24 68
30 53 43 68 6 22 3 78 36 90 3 29 61 100 69 60 18 3 37 74 50 20 57 26 36 87 13 55 88 38 84 69 23 92 100 8 49 11 69 75 11 5 29 26 94 7 11 73 3 98 89 34 100 43 57 57 27 33 52 1 74 72 14 1 1 63 44 45 82 20 82 74 69 79 4
90 21 22 19 44 37 62 19 83 77 73 36 82 73 48 68 73 51 26 11 75 56 66 67 2 53 69 27 82 36 75 73 99 19 28 32 69 80 47 38 46 39 89 72 89 27 92 66 82 65 31 41 55 85 70 64 81 79 74 13 24 17 65 35 2 49 73 88 5 24 20 42 5 41 15
47 69 87 30 7 58 46 27 4 83 44 79 28 92 26 64 11 27 36 97 78 19 80 16 35 16 1 17 3 70 32 88 8 80 16 63 73 98 43 13 30 96 15 33 59 21 94 26 32 67 5 12 95 59 58 20 44 27 21 11 3 93 23 86 42 22 87 13 70 61 6 68 30 97 66
96 99 63 78 88 20 22 96 98 91 20 50 48 25 72 73 26 57 62 46 8 11 52 91 38 32 44 3 92 92 65 5 81 86 90 84 74 44 93 27 13 68 90 85 27 39 79 49 87 62 56 75 57 67 39 57 2 1 41 20 69 10 57 87 13 96 23 5 1 95 27 69 11 92 77
3 51 66 44 78 1 15 22 29 41 71 12 76 50 12 9 15 58 82 44 42 31 14 70 25 38 49 40 18 7 8 64 30 30 66 43 60 51 77 40 65 27 90 23 55 71 87 85 66 60 12 21 9 90 26 58 97 32 78 41 59 40 73 58 59 81 36 54 23 91 31 97 19 80 20
95 38 72 76 8 71 20 13 7 67 63 37 71 6 28 43 6 47 64 70 88 40 51 91 94 34 15 81 49 14 38 99 40 55 83 34 24 100 25 2 25 82 7 78 31 75 90 79 46 74 15 71 3 82 80 11 13 69 30 48 68 21 57 20 53 24 52 42 51 83 27 100 91 29 10
16 88 82 19 15 19 98 97 72 17 83 21 80 27 64 73 52 92 60 67 43 31 6 57 12 35 34 59 54 35 45 72 31 13 65 39 74 24 28 4 81 85 80 49 61 67 100 80 92 26 13 29 20 21 3 42 70 97 99 80 79 16 52 80 28 8 15 14 63 79 29 26 71 68 96
86 59 38 45 52 33 75 67 65 43 28 11 81 82 35 67 27 32 7 56 70 47 80 30 46 15 61 92 52 2 17 51 67 98 3 55 85 12 74 4 5 12 20 90 94 59 28 30 67 27 5 1 100 98 14 18 97 15 49 46 16 27 58 97 84 97 75 43 25 97 82 56 33 30 69
73 34 37 24 41 72 37 26 12 53 75 64 13 74 84 35 76 23 14 63 71 47 72 97 73 27 54 99 83 68 77 39 34 57 54 28 74 48 94 47 28 39 18 17 70 43 81 80 53 64 100 8 41 92 69 41 56 10 91 50 6 55 64 51 48 63 55 28 18 71 71 73 31 46 100
15 4 87 8 54 51 100 1 47 42 49 33 84 34 58 67 71 39 49 94 72 11 82 2 9 90 90 58 37 98 50 5 6 98 48 42 76 55 17 53 62 59 93 42 12 28 89 32 7 82 83 32 84 83 82 32 50 68 53 100 66 25 42 35 60 31 98 77 27 86 45 77 6 13 37
83 86 30 47 62 81 85 100 59 25 78 3 92 23 24 79 2 47 78 27 84 3 34 85 82 65 16 63 52 69 68 42 59 85 65 91 55 92 55 86 26 43 72 8 9 80 92 34 33 99 94 60 18 76 28 20 49 2 87 8 61 83 62 56 84 71 93 21 13 39 23 18 45 72 75
47 94 16 54 100 84 84 74 50 98 72 86 3 32 58 99 67 3 54 46 10 97 78 48 91 2 64 86 33 92 2 98 81 35 44 29 73 100 46 24 39 61 11 50 85 66 99 36 16 38 66 4 39 3 19 24 92 62 62 46 96 51 49 72 80 39 66 56 83 31 18 25 24 23 15
83 11 78 22 18 99 28 43 12 48 9 7 20 84 80 65 77 46 53 65 65 7 63 92 64 3 76 31 13 39 84 74 74 57 87 14 37 93 68 87 9 45 98 60 44 27 86 45 60 41 24 80 90 29 34 23 15 62 86 77 3 93 54 58 53 90 95 5 86 81 27 83 30 50 61
55 25 44 47 26 93 15 59 7 98 7 65 61 34 86 16 46 64 33 76 58 40 45 28 68 65 85 26 79 74 73 56 62 9 10 71 2 4 61 48 91 35 7 100 65 1 92 100 59 53 79 25 94 50 24 27 22 93 39 2 44 49 12 85 2 66 43 17 88 86 85 37 80 67 92
69 50 41 82 48 44 32 82 54 5 64 94 78 12 61 81 14 64 48 46 47 2 64 13 88 95 65 46 41 91 78 51 43 13 51 30 23 99 59 85 29 5 62 21 67 64 91 84 13 92 74 89 18 48 32 8 34 13 9 57 7 24 67 18 100 89 46 77 45 65 16 25 54 66 46
62 52 66 56 77 22 33 73 82 86 58 7 22 82 99 3 94 39 25 89 78 29 3 28 56 89 27 1 87 78 84 91 29 99 81 69 58 88 45 37 91 69 90 52 99 75 27 36 98 94 67 22 97 3 97 23 19 68 45 65 79 98 32 72 85 84 62 100 48 39 92 96 44 48 19
45 21 73 23 32 68 55 46 93 58 9 1 32 93 64 91 67 83 74 36 74 97 13 89 40 75 96 91 76 68 10 2 97 14 39 44 79 80 58 37 85 35 64 14 62 71 75 91 50 18 44 63 99 95 88 40 65 45 20 16 94 19 13 99 57 99 48 21 64 7 62 53 17 7 27
92 63 99 37 61 81 23 7 33 88 45 63 43 43 72 96 96 45 27 86 39 40 53 53 43 79 98 56 41 57 15 74 97 89 48 37 74 15 17 28 44 15 6 97 40 50 35 34 21 23 68 30 70 29 85 42 19 11 39 76 53 10 91 59 92 18 73 85 92 87 16 77 26 81 86
97 18 21 75 97 25 4 55 7 44 94 26 27 23 12 96 28 75 7 60 73 18 16 43 69 81 14 7 88 34 33 78 96 41 16 81 23 90 24 82 99 73 55 5 10 91 86 11 91 3 21 14 91 8 67 27 91 62 51 27 66 56 66 84 16 8 34 5 82 54 64 30 41 45 24
67 89 40 37 39 22 76 29 59 65 83 75 27 37 15 61 52 16 6 7 16 52 19 58 10 88 85 25 23 8 8 83 88 18 27 94 93 33 42 28 70 98 78 50 91 23 59 84 67 88 37 2 92 65 28 39 81 89 28 81 22 3 92 50 18 49 99 97 87 81 44 7 64 2 74
23 68 44 64 92 3 94 67 70 90 64 16 69 79 74 37 50 25 16 48 92 83 78 62 54 91 68 41 53 31 20 43 73 41 27 37 18 72 86 31 82 13 50 56 15 43 26 77 2 41 96 70 6 41 50 37 25 87 92 28 7 87 26 69 84 38 69 77 64 67 47 25 52 64 49
67 32 60 47 43 99 25 50 12 44 79 71 65 11 54 59 3 36 63 59 1 87 86 95 60 95 95 44 38 36 95 19 27 96 72 99 89 70 21 84 35 73 82 60 16 71 96 28 90 37 35 30 41 86 52 52 60 11 27 24 64 70 55 59 49 65 40 52 31 38 7 59 1 30 63
71 67 78 10 20 8 97 60 31 20 12 29 10 92 50 25 15 32 71 90 1 92 33 90 27 12 86 64 85 65 64 10 89 77 100 63 61 70 98 91 49 82 10 15 9 48 17 28 75 88 74 80 38 54 75 50 74 76 19 9 64 2 19 84 40 82 70 25 53 57 28 19 76 27 72
13 89 13 23 95 62 85 5 71 69 23 6 9 52 49 92 76 99 76 50 11 30 54 72 13 34 46 11 13 88 65 86 13 2 18 25 44 53 42 97 53 76 74 94 87 45 25 34 67 61 78 12 1 78 77 32 5 2 10 67 37 3 83 70 38 44 87 48 82 37 36 20 67 80 24
26 43 70 80 43 66 32 100 83 70 86 78 54 42 4 93 50 31 21 67 20 89 71 50 88 24 69 42 88 61 92 70 39 19 22 51 96 24 24 100 79 89 91 7 22 91 55 85 14 27 2 76 43 24 76 84 18 36 94 55 20 17 78 17 62 21 45 50 8 83 52 67 33 12 13
78 19 45 78 25 57 62 83 45 30 43 57 14 10 11 66 23 92 29 51 59 88 86 20 10 99 43 64 68 18 55 61 6 5 82 95 84 36 67 72 73 25 17 90 80 92 93 29 72 54 54 57 42 57 19 47 66 7 41 7 30 32 60 73 60 32 53 89 73 20 94 98 2 28 13
37 12 27 2 28 13 42 16 61 14 19 67 72 11 40 44 30 37 14 82 34 3 88 96 81 52 79 53 78 56 95 20 43 86 52 94 2 17 100 68 66 65 25 97 48 96 86 95 37 16 84 98 34 21 20 13 72 88 57 33 22 91 36 57 84 81 67 68 43 65 99 65 78 23 6
65 42 38 35 9 49 97 1 66 43 24 9 59 97 57 53 69 96 55 96 49 84 59 93 86 67 16 40 48 14 8 59 67 34 17 72 88 36 7 45 8 78 68 14 63 54 2 15 59 68 52 84 51 92 14 62 66 91 76 82 50 8 31 15 41 66 3 69 29 64 21 49 11 2 37
80 98 82 58 46 9 14 2 41 28 54 69 4 71 12 42 87 90 7 71 37 89 10 99 25 72 90 24 65 95 36 32 20 83 49 41 85 100 48 45 11 61 82 42 69 61 29 71 18 48 85 4 34 53 9 6 68 42 10 28 56 79 25 43 88 94 50 64 87 21 57 76 37 93 51
58 30 48 15 69 13 64 53 90 80 28 22 75 32 97 79 10 17 51 46 81 54 43 91 44 12 81 12 44 58 70 35 87 3 83 16 5 89 19 36 28 6 34 90 81 80 68 100 27 92 100 80 86 73 80 71 10 20 48 65 95 68 62 28 44 54 31 19 85 99 64 72 49 61 87
82 61 1 47 26 97 16 73 42 14 4 15 19 68 22 77 10 100 92 72 58 28 49 2 4 41 45 95 79 95 81 72 38 12 79 21 14 95 23 79 22 54 25 82 6 47 57 6 18 51 16 82 87 17 20 7 19 2 69 32 27 14 17 94 9 68 61 30 63 5 32 24 48 29 67
94 80 89 8 77 88 84 31 27 89 59 14 66 57 45 54 71 91 36 100 3 89 47 49 95 87 20 85 39 42 76 36 83 35 81 16 92 61 40 18 72 1 46 30 63 95 51 36 64 11 24 84 25 16 35 63 78 85 47 7 45 29 57 40 74 18 25 27 100 40 3 98 9 72 77
69 1 37 54 90 70 88 12 3 12 67 20 11 93 85 13 58 6 27 12 66 94 94 33 30 92 10 28 9 55 80 83 39 24 2 76 93 95 51 48 20 51 6 57 83 81 93 89 7 98 17 88 5 32 15 37 92 86 93 68 22 55 55 98 96 50 36 25 65 72 81 6 82 29 6
19 37 22 97 20 81 42 14 71 71 71 83 16 29 100 83 92 33 77 23 55 37 84 71 58 28 79 16 7 50 95 54 45 78 8 3 8 96 20 64 59 63 33 85 27 16 13 21 40 39 75 30 74 38 94 28 58 76 72 61 35 83 48 67 64 70 59 38 54 85 33 51 3 96 17
73 47 47 59 37 87 65 76 65 6 4 30 56 19 45 45 7 11 50 22 89 92 80 84 40 79 23 99 70 20 11 32 69 17 1 3 59 46 10 43 82 86 78 72 11 30 35 74 66 8 79 10 1 59 59 19 19 72 82 91 67 56 21 94 53 21 12 92 3 96 45 59 28 75 50
5 53 71 73 12 71 95 87 9 85 29 37 70 77 2 36 81 66 34 64 70 64 10 48 47 30 75 74 15 24 95 44 19 50 7 23 22 98 85 93 8 92 62 97 21 22 26 1 79 38 84 3 98 71 5 34 53 90 30 83 79 53 73 77 33 49 5 58 80 39 29 58 56 64 51
25 78 70 41 85 71 10 36 45 50 72 11 10 57 3 44 48 54 41 80 89 33 16 13 91 74 72 31 54 11 28 69 31 97 9 45 27 37 11 67 92 73 98 76 24 80 68 40 97 50 76 45 74 17 9 93 33 11 91 49 26 16 65 27 97 43 36 48 67 57 14 39 41 13 91
37 5 97 86 41 40 37 78 43 82 55 33 49 73 18 58 25 70 20 94 45 98 77 21 59 75 49 8 52 37 100 71 92 78 52 95 78 62 52 40 1 72 63 81 73 25 80 4 5 20 53 87 80 8 100 77 43 16 55 12 21 36 11 36 22 23 24 44 55 29 35 46 68 17 27
39 69 56 71 69 85 31 92 37 75 80 92 46 56 76 28 78 26 24 52 74 96 96 18 100 28 28 77 70 23 46 24 43 4 55 73 17 54 38 68 62 17 6 21 77 87 59 40 88 96 72 80 80 5 62 17 45 31 70 22 100 66 81 83 34 49 61 35 49 86 9 81 45 12 74
64 47 49 8 31 87 89 61 71 64 20 68 40 14 3 83 16 11 71 6 15 35 71 84 15 25 16 72 7 9 45 30 33 76 13 86 21 2 49 68 61 72 59 24 12 25 58 58 93 88 73 53 62 22 94 29 34 66 31 49 87 18 6 32 58 6 49 37 92 71 37 44 25 90 28
33 53 67 23 60 33 85 9 36 63 11 44 41 84 63 17 56 33 24 6 64 70 49 93 34 100 98 26 44 3 12 16 90 80 92 31 90 63 39 69 35 76 93 65 31 86 50 53 45 24 15 35 12 50 58 77 65 67 38 78 75 86 46 67 100 53 76 54 65 94 91 59 6 34 1
25 39 38 10 41 13 4 81 32 24 4 20 64 55 63 74 74 14 14 46 63 22 31 81 52 32 96 27 17 49 67 48 39 1 97 68 100 4 31 77 29 91 23 76 80 1 50 51 93 94 84 83 60 10 30 33 18 2 51 35 7 91 38 89 41 45 14 62 65 100 82 92 86 82 22
26 26 22 47 96 11 63 78 26 59 71 76 65 8 29 87 30 66 6 48 61 23 90 72 79 61 87 50 86 59 56 90 100 26 72 18 39 17 33 62 81 47 9 28 67 51 40 37 3 81 39 52 28 5 11 24 40 15 24 70 96 24 29 97 92 41 70 50 46 87 78 19 42 91 33
22 61 63 14 24 96 44 92 27 91 61 51 98 58 85 54 92 83 35 61 65 61 13 48 5 25 24 5 64 80 13 100 45 72 86 45 9 92 57 45 59 99 10 33 54 76 41 69 93 56 75 17 13 12 28 100 60 12 81 85 50 95 11 100 18 31 51 95 81 78 26 48 29 32 45
61 42 72 45 7 67 38 15 77 10 97 46 93 84 82 46 44 11 81 87 32 25 62 80 80 67 7 47 2 71 60 97 43 74 36 66 10 79 64 63 29 54 64 15 10 98 100 100 29 50 87 21 51 24 38 84 32 88 66 43 94 77 81 83 38 46 93 15 59 43 3 91 37 74 99
7 100 67 30 99 99 56 15 22 91 49 48 15 53 85 78 77 11 18 9 95 52 59 28 14 18 7 65 28 90 72 64 83 70 11 12 55 80 56 41 37 57 76 44 65 88 88 70 59 92 97 70 94 61 82 58 43 88 63 71 57 100 16 51 73 41 96 73 80 15 65 93 76 83 65
93 96 85 92 62 82 21 60 63 20 79 21 81 67 24 32 65 41 60 30 10 9 34 86 95 83 19 52 25 22 40 98 23 87 63 62 42 73 58 23 100 20 59 12 74 85 62 1 97 48 37 60 16 21 38 84 80 95 21 100 93 5 31 98 17 65 53 28 14 4 55 38 20 96 72
95 46 21 69 85 20 44 49 76 2 16 97 88 25 19 95 1 96 62 10 85 68 77 2 91 8 20 71 78 65 69 40 86 74 91 93 21 1 8 26 37 73 33 6 16 79 37 33 88 16 36 53 3 69 42 79 59 28 1 28 40 72 1 44 48 51 99 31 32 70 25 25 44 66 14
89 5 46 3 79 83 32 84 1 75 18 42 14 67 60 21 41 100 96 14 24 34 41 22 39 36 85 34 63 68 50 96 75 11 25 52 61 77 27 43 18 67 88 55 60 54 51 60 13 20 71 32 3 29 50 33 10 55 84 70 37 96 100 48 84 58 85 1 77 39 67 69 66 92 28
71 34 38 47 89 59 79 90 68 81 2 63 39 36 47 5 26 9 2 72 78 2 3 76 23 38 87 71 6 74 90 36 6 34 32 91 11 16 5 7 83 91 13 14 97 28 78 56 86 5 22 19 41 70 37 32 72 64 71 40 90 30 1 54 41 38 88 8 33 91 16 20 32 62 62
28 87 66 84 94 74 27 26 78 2 96 39 33 99 47 96 81 35 47 40 88 84 82 2 30 68 85 50 28 15 88 99 15 50 31 97 60 58 85 76 75 11 77 41 31 100 100 57 35 1 64 22 34 5 99 44 98 83 18 97 3 3 31 11 93 43 21 43 11 25 44 94 69 51 46
9 67 60 45 49 30 24 51 84 55 92 72 19 58 27 92 88 72 90 91 67 99 60 91 19 29 12 42 26 97 3 23 56 97 70 39 76 10 24 26 66 54 34 29 6 17 43 90 32 53 36 44 84 13 53 65 57 20 94 12 100 96 55 77 58 35 47 13 88 27 58 86 17 73 75
74 38 57 40 44 98 67 15 58 16 10 10 83 6 56 68 32 50 52 53 95 36 96 58 48 60 5 38 16 46 34 17 96 96 25 34 20 10 94 19 5 55 100 86 28 5 3 14 98 16 25 66 18 10 100 92 91 53 49 23 60 6 76 68 95 30 61 33 89 65 25 4 58 92 51
29 18 77 92 38 1 17 42 76 57 35 13 6 67 76 64 23 92 64 74 50 67 36 28 11 59 86 55 52 26 14 79 80 93 60 100 99 34 49 61 17 84 40 43 71 73 68 7 20 16 23 67 84 87 93 74 40 11 88 33 34 33 93 32 72 8 33 83 22 4 90 6 59 51 83
33 33 4 68 64 38 65 53 10 1 80 55 18 64 11 14 11 17 40 75 17 20 86 86 53 34 3 24 68 20 62 60 33 4 48 18 47 30 19 67 54 17 98 83 73 24 70 19 4 46 42 34 93 65 66 89 28 54 19 84 18 55 94 32 96 14 78 77 58 99 53 59 74 47 54
88 77 14 78 72 17 64 75 64 14 83 51 69 100 44 87 72 49 35 58 13 68 57 47 21 25 28 98 97 80 7 43 83 9 6 29 54 77 31 39 26 99 22 87 88 23 45 93 89 54 61 36 73 4 80 13 54 68 1 63 64 7 82 98 31 93 57 63 34 12 96 88 11 60 23
29 36 76 8 92 4 19 1 76 49 29 67 65 27 46 42 22 70 60 70 62 55 60 47 70 68 94 54 2 75 27 74 21 36 79 99 100 8 43 64 44 8 56 98 8 95 49 56 11 39 20 77 90 97 84 55 93 79 22 62 72 49 41 14 12 46 46 25 46 17 15 61 92 15 60
16 68 79 100 37 79 73 86 9 31 27 17 73 90 92 23 89 53 83 54 97 74 98 12 62 76 97 41 52 100 19 6 23 88 31 51 27 72 67 99 96 93 93 40 85 96 61 28 35 32 50 98 31 93 33 91 93 13 36 98 71 6 24 35 3 25 22 14 60 72 36 77 83 38 19
15 2 26 17 94 75 76 6 42 33 24 85 65 59 1 57 83 52 90 19 46 17 39 34 11 91 53 39 19 47 80 60 15 11 77 4 79 88 65 7 3 26 25 27 7 89 41 4 88 23 61 7 50 18 65 59 10 46 46 92 67 49 97 91 37 5 97 37 75 81 45 21 56 49 45
81 36 100 30 40 71 64 87 88 77 60 27 75 74 35 91 76 65 30 78 46 96 59 41 23 19 7 2 76 60 26 7 82 1 29 100 8 90 51 89 23 74 29 92 76 65 42 77 28 85 8 15 61 30 43 18 2 37 34 70 45 27 45 98 70 59 73 54 54 22 40 52 88 24 10
22 82 75 15 62 31 65 99 36 72 54 4 7 6 51 38 55 12 77 29 65 4 39 19 2 14 17 88 91 82 16 28 62 86 12 45 10 7 46 32 28 88 65 65 83 79 16 22 32 18 19 55 13 89 5 19 16 43 70 44 90 8 63 65 21 49 71 10 40 93 34 92 17 37 64
87 98 80 35 23 21 26 64 21 68 97 23 42 30 86 79 89 66 35 12 53 66 16 8 10 65 49 11 37 62 38 57 23 43 62 43 51 9 73 87 77 96 26 60 85 96 15 37 1 95 68 72 14 28 26 24 62 64 56 33 40 59 29 7 11 76 99 75 77 15 68 37 4 25 55
6 75 68 24 79 62 48 35 97 10 95 88 57 73 68 89 35 9 81 49 62 73 97 18 43 57 60 18 74 72 57 18 22 21 52 40 24 71 28 89 14 21 10 79 27 11 31 33 3 48 48 43 84 10 8 25 47 79 95 80 71 34 54 18 41 21 35 82 46 34 90 92 37 99 5
91 26 17 12 79 66 1 35 40 53 1 36 90 46 89 8 87 33 42 65 60 63 8 78 5 99 37 94 49 31 88 64 59 92 84 7 74 10 6 99 56 92 66 94 55 6 10 67 13 49 77 100 17 73 94 81 72 86 7 66 67 82 88 74 46 98 41 30 15 42 53 56 16 65 15
3 29 29 21 36 31 3 71 7 95 83 18 94 76 17 49 75 12 77 77 50 76 75 36 16 88 19 97 29 97 28 57 94 45 9 68 12 63 11 37 85 21 84 76 99 23 91 9 40 24 92 50 94 99 88 23 47 85 4 69 14 15 12 49 17 65 56 67 23 15 72 84 2 87 11
91 14 10 16 32 58 50 8 8 17 5 70 49 59 47 32 67 43 90 99 45 23 89 90 53 66 26 77 87 50 7 60 27 85 61 45 33 11 64 78 26 35 39 72 65 92 59 2 61 64 61 30 92 81 16 79 52 52 100 73 74 76 40 27 35 9 13 88 26 5 19 85 62 30 60
16 73 68 29 17 78 30 35 73 72 63 71 26 90 71 36 58 10 67 21 48 3 51 86 31 75 4 24 32 35 19 48 29 19 85 78 18 1 26 10 38 73 55 52 47 89 16 40 85 38 77 77 35 61 81 30 6 58 23 44 83 17 12 48 69 39 49 6 28 61 38 21 41 28 87
38 71 49 28 49 92 92 19 92 70 89 39 1 3 99 18 100 67 72 51 34 58 40 64 17 15 44 64 99 75 35 83 32 13 14 94 1 53 61 79 47 21 65 30 26 71 58 57 44 23 100 21 72 70 63 54 52 70 57 19 19 28 21 53 13 48 72 29 80 59 65 30 59 5 6
32 71 12 5 17 57 53 5 100 97 100 81 47 8 15 3 37 31 19 48 66 88 57 43 60 51 47 45 67 85 62 78 40 51 26 58 38 12 97 70 63 43 18 80 60 62 66 64 99 12 60 55 45 51 71 52 51 16 96 82 13 15 8 4 2 94 30 89 31 59 25 95 16 2 78
57 84 69 82 68 61 31 1 97 77 13 13 52 57 66 74 3 55 89 22 100 51 38 54 12 89 22 18 83 29 53 44 9 53 79 61 49 12 13 61 43 65 47 1 47 42 1 46 19 98 92 92 43 39 45 8 58 59 28 59 69 59 90 31 95 15 17 2 72 72 73 92 100 96 13
91 11 18 47 59 82 63 13 93 8 41 3 28 12 98 81 61 93 1 80 62 63 37 75 92 73 44 20 3 93 86 59 30 81 78 18 70 43 89 65 12 30 87 67 62 82 20 85 89 48 1 29 55 42 75 67 49 82 80 61 16 62 44 96 50 83 52 3 3 62 29 76 77 82 81
62 12 94 37 94 27 69 85 44 15 28 67 72 86 55 88 49 45 59 29 95 61 12 60 57 57 27 90 2 75 25 34 11 26 53 27 28 98 92 62 7 55 14 35 90 64 96 41 71 84 34 1 65 21 68 67 3 46 10 32 93 75 27 75 51 71 61 51 13 12 96 18 28 91 37
43 25 74 69 22 66 14 34 99 4 96 51 76 90 63 89 79 15 100 67 40 50 52 26 95 31 42 20 67 89 7 31 42 12 31 94 27 38 60 48 23 94 93 8 1 100 56 74 88 3 35 88 10 14 64 7 5 98 63 2 28 53 32 30 23 66 72 81 91 49 61 70 100 13 84
23 16 94 86 24 3 94 9 58 38 44 58 41 25 48 12 87 92 50 61 91 70 40 70 49 67 59 70 32 40 78 34 33 11 99 25 23 2 4 94 18 51 98 72 20 64 56 32 95 85 10 52 89 44 97 69 22 82 18 67 73 79 62 85 21 8 54 3 77 37 62 11 37 74 65
67 24 94 31 43 30 25 22 26 57 11 56 99 34 64 88 2 100 39 28 24 93 79 81 73 3 69 27 25 97 84 42 6 20 9 82 19 67 31 87 6 88 66 35 29 60 90 14 66 48 20 36 69 63 11 47 97 25 63 51 71 11 72 59 62 83 57 40 55 48 75 14 36 87 6
69 66 78 94 12 38 87 60 99 50 63 81 87 61 96 91 46 96 40 19 54 82 55 92 40 80 51 57 77 7 10 89 33 88 86 77 36 64 60 41 98 77 89 87 6 20 80 83 46 44 12 20 46 74 72 69 40 6 33 72 45 76 55 69 20 13 1 79 44 57 85 58 28 92 54
90 5 70 62 99 75 67 93 6 12 47 72 60 56 1 88 25 80 17 3 2 40 3 8 8 92 85 42 26 81 21 64 67 32 79 36 14 86 6 86 18 19 74 98 99 8 59 3 42 75 61 41 46 59 72 47 32 25 70 51 16 81 30 99 16 87 17 18 26 96 11 22 99 27 54
77 26 11 11 61 28 64 9 7 93 56 21 97 95 39 92 80 41 75 75 1 3 99 95 25 43 49 58 75 23 66 56 38 11 9 73 11 69 86 74 47 30 37 62 7 39 23 26 31 80 62 30 22 27 77 4 43 57 75 30 99 78 69 68 16 48 23 92 17 11 96 31 100 78 79
51 14 57 60 39 15 23 62 39 95 1 3 42 15 31 27 12 38 97 72 100 52 17 3 94 7 99 12 81 89 66 71 60 87 97 51 76 59 91 79 13 41 100 24 97 99 51 58 92 42 76 88 5 50 35 94 65 83 97 9 72 20 15 47 72 88 22 34 70 4 62 26 5 8 75
25 74 49 66 95 80 97 4 84 95 15 10 64 1 29 63 88 8 3 28 43 21 14 36 13 48 63 52 87 68 55 90 59 13 63 42 41 35 81 32 61 80 68 96 39 67 49 85 29 96 41 91 58 46 6 36 97 7 30 64 4 44 65 71 8 13 65 54 37 90 4 19 78 10 95
73 24 12 99 69 9 83 18 31 71 1 11 4 37 44 12 65 84 35 57 81 72 57 75 16 60 51 53 47 40 12 62 49 28 12 26 64 97 81 95 90 28 86 47 11 25 26 97 17 87 26 44 66 93 92 38 8 89 1 35 90 49 76 77 82 2 94 69 31 9 60 1 61 23 61
42 86 30 42 5 21 93 53 94 55 44 92 2 64 70 55 89 23 71 82 26 95 98 34 98 32 24 3 22 93 30 65 44 43 16 72 9 79 37 33 85 60 66 52 92 63 67 91 69 48 27 44 32 8 41 62 78 9 80 19 61 24 16 72 69 12 56 6 56 91 80 79 98 72 6
14 97 86 38 24 89 29 69 46 31 64 81 39 26 67 20 26 42 65 12 13 32 6 42 50 32 21 9 67 67 49 49 8 52 88 97 8 35 59 40 20 5 5 73 76 31 4 79 84 59 87 39 51 40 13 91 28 36 25 82 77 27 5 35 74 36 21 56 16 83 93 88 73 90 46
53 69 57 74 59 11 48 28 33 41 5 88 82 35 93 99 49 11 14 19 89 22 97 78 10 90 48 79 88 16 95 71 26 88 51 80 17 99 50 48 15 56 37 59 32 70 82 27 27 96 74 29 99 14 30 19 72 75 24 78 34 70 30 73 21 91 86 98 75 27 6 31 66 82 61
53 25 53 64 22 33 31 99 31 16 1 37 91 34 26 27 48 22 81 52 37 54 77 99 96 29 50 62 62 73 8 71 92 68 5 83 74 50 16 61 17 74 40 85 56 63 50 31 45 77 97 29 46 17 91 56 39 16 4 66 61 53 30 72 4 88 24 21 31 10 48 87 82 57 78
51 79 47 97 41 25 74 78 94 14 25 79 60 59 92 66 78 18 76 3 13 58 12 18 72 5 84 91 78 80 78 42 18 25 94 11 1 21 68 11 47 72 96 95 74 47 61 57 79 3 96 84 36 27 21 40 18 35 75 66 66 16 34 83 21 48 48 21 65 47 10 63 80 50 35
74 13 4 75 86 45 3 34 77 79 36 49 56 90 60 83 100 91 37 25 35 12 2 69 61 67 79 40 75 65 14 42 41 4 93 9 96 95 3 7 57 12 27 17 90 36 8 83 39 3 98 17 59 82 56 22 27 91 58 31 82 20 23 8 75 44 79 42 89 68 100 3 91 65 4
48 92 76 58 84 84 65 95 87 15 89 91 19 46 84 38 66 25 86 10 92 59 42 22 57 76 51 91 40 38 17 54 25 100 100 9 51 95 18 5 92 29 99 83 50 96 88 62 5 25 31 87 59 57 50 12 1 91 68 62 73 72 51 11 99 95 31 6 36 14 30 46 31 49 67
36 71 61 11 22 82 71 49 52 38 90 53 2 75 88 44 41 2 45 49 16 22 49 27 32 94 23 42 92 89 55 94 89 58 5 68 35 2 6 50 91 76 27 11 2 90 36 57 22 28 14 85 99 86 19 51 95 49 34 98 66 22 31 78 42 25 46 71 97 53 87 54 33 54 49
100 43 81 25 15 87 46 15 66 10 67 90 50 67 56 44 77 6 10 100 86 40 75 35 16 4 18 23 99 92 27 25 92 99 88 34 60 33 2 54 3 90 53 56 76 50 87 43 38 63 26 96 14 1 52 12 97 24 56 95 61 25 28 12 15 21 43 74 13 69 61 24 2 71 20
44 23 94 52 7 85 32 89 95 51 10 40 9 80 51 1 27 86 45 19 98 93 75 33 96 68 70 21 54 74 44 52 45 6 90 7 91 72 5 44 50 36 19 22 13 98 55 47 36 64 3 77 95 15 75 65 81 93 12 22 20 100 22 100 1 73 70 57 47 55 4 88 53 26 3
45 86 60 4 39 68 10 54 33 77 73 72 47 45 89 100 83 77 24 50 68 75 21 37 87 42 1 24 74 75 1 53 61 49 87 66 17 20 30 27 100 3 69 48 53 10 55 31 17 52 46 36 58 25 85 76 69 56 78 14 81 89 85 72 36 34 81 59 53 36 22 60 98 88 19
27 62 36 19 23 47 62 70 84 91 2 40 12 65 85 70 62 33 93 81 81 51 87 24 57 68 44 90 38 46 37 7 94 29 100 71 97 76 8 99 62 97 36 52 74 13 88 1 29 93 32 61 78 95 1 25 46 41 78 100 29 34 94 16 21 86 64 71 13 87 4 90 25 42 80
76 51 21 69 62 35 69 95 6 72 55 68 4 61 88 19 67 73 6 10 51 34 30 87 49 35 68 61 26 65 94 35 51 38 72 17 8 72 15 43 91 41 24 70 82 21 59 85 60 37 86 13 90 71 98 39 32 48 98 51 62 98 22 92 43 61 43 24 2 90 51 32 40 62 46
83 15 22 67 93 58 2 20 58 63 12 44 39 16 94 31 93 46 96 9 70 79 34 38 21 13 57 77 63 34 30 52 28 86 62 10 33 50 100 40 35 11 16 10 57 93 38 34 4 68 86 72 94 74 57 31 35 5 57 67 34 91 99 76 65 99 73 95 37 28 73 62 49 99 52
33 28 100 56 8 35 61 49 5 73 12 61 88 13 83 8 89 5 35 5 49 35 2 88 85 31 16 43 40 42 84 66 68 17 72 96 31 45 98 34 16 96 22 6 17 22 97 64 70 95 55 32 12 96 37 31 70 46 4 77 45 32 36 76 75 18 64 43 25 36 55 52 18 89 73
11 57 4 2 47 93 29 91 16 38 96 51 58 43 63 92 21 37 73 34 73 38 31 34 63 37 89 53 23 51 90 16 87 91 62 54 75 69 69 45 35 2 91 87 68 96 43 66 93 84 71 77 50 35 95 42 95 76 48 57 21 58 91 61 79 36 61 99 29 51 52 76 68 98 99
46 97 88 74 91 80 28 66 99 39 72 8 50 31 25 45 92 5 8 85 55 63 75 78 27 32 36 68 50 89 2 81 90 9 49 10 86 52 43 33 6 18 51 97 48 47 5 44 84 43 36 81 13 10 14 26 19 10 72 93 76 63 44 59 13 33 73 57 9 37 93 83 61 99 5
26 100 7 29 48 68 27 30 98 25 84 96 51 68 47 81 86 25 11 95 13 9 61 49 56 81 7 33 54 88 65 6 51 74 10 79 38 12 82 48 70 96 74 99 85 51 6 3 99 4 16 96 14 37 39 43 50 36 67 4 77 52 81 79 53 72 60 48 47 85 50 48 70 10 100
19 5 69 95 61 20 35 80 12 91 36 6 68 35 25 42 84 80 25 86 36 83 88 48 62 42 44 36 91 60 86 74 8 97 40 19 31 24 14 68 41 100 20 45 21 75 35 82 29 63 69 60 37 31 89 15 45 29 29 40 86 66 1 60 43 16 70 89 18 62 87 23 95 91 9
22 22 47 92 61 59 38 43 51 84 59 52 47 25 98 84 52 52 50 57 26 41 46 39 91 54 49 94 90 32 59 91 25 84 73 26 65 37 22 18 92 74 39 26 80 12 92 27 94 74 100 35 35 4 24 48 47 48 60 67 55 87 33 21 91 74 25 77 35 85 93 20 28 55 93
58 8 65 70 59 71 32 48 36 86 29 53 63 18 57 59 18 65 7 21 48 65 35 47 44 10 21 92 22 91 69 93 81 4 5 41 64 53 22 42 4 10 16 13 72 60 66 49 89 51 55 69 97 93 88 76 67 51 44 65 54 75 22 24 17 94 85 37 89 52 12 25 3 25 15
15 40 28 11 49 71 80 10 59 51 98 97 49 13 13 27 1 35 2 83 63 100 88 98 74 26 62 40 34 23 70 88 79 93 79 70 11 64 26 83 13 96 64 15 67 84 90 80 86 35 90 26 25 81 75 39 34 91 10 46 67 39 14 60 78 99 18 47 49 80 41 44 52 76 88
70 67 36 84 26 100 75 98 57 73 54 38 66 55 43 21 75 54 36 3 62 96 16 35 90 24 6 4 43 31 52 74 3 22 82 10 16 62 30 82 46 74 31 91 68 56 97 21 62 31 32 24 18 63 80 1 5 47 68 10 41 37 13 90 98 35 36 17 27 16 42 67 14 89 92
25 11 15 81 42 59 83 67 54 10 86 71 89 20 64 9 95 96 95 14 53 97 40 14 10 92 66 70 63 10 48 70 2 71 8 25 71 44 28 56 6 14 22 83 77 22 84 73 59 90 2 59 68 82 54 66 52 19 1 93 41 88 99 96 70 36 99 95 61 45 27 91 77 66 50
17 45 12 8 91 32 95 98 31 85 54 99 80 80 38 95 9 20 72 68 1 54 70 19 35 84 91 42 76 87 43 87 36 82 62 51 85 51 41 25 40 89 55 44 90 76 71 85 9 62 98 87 14 36 2 53 19 29 16 14 16 16 25 55 9 56 6 40 96 57 93 86 44 15 21
10 21 81 5 7 43 68 65 79 46 21 66 67 68 71 33 30 3 29 54 44 52 92 63 13 29 71 40 8 35 67 40 49 57 90 20 25 100 54 71 29 89 14 71 28 91 91 20 32 58 30 32 87 34 15 28 50 33 28 17 93 58 79 21 20 57 69 95 15 84 17 88 12 62 45
72 59 83 71 29 46 80 51 15 61 27 20 77 96 62 63 29 44 40 3 48 30 78 90 18 71 71 75 34 34 34 84 49 2 27 1 41 94 59 22 18 58 79 48 12 63 55 95 7 93 98 62 86 57 7 76 17 85 42 92 86 45 90 11 45 42 86 74 9 58 76 17 22 78 98
46 38 77 40 76 46 51 25 85 18 57 89 95 50 56 23 92 56 29 41 18 49 87 53 94 34 11 21 81 57 23 19 38 38 49 15 78 74 46 32 2 49 77 34 43 38 69 42 39 3 71 28 44 100 51 88 42 1 79 34 90 95 9 57 67 7 40 76 61 25 1 11 70 93 53
88 42 17 20 39 5 71 94 12 39 59 84 15 71 45 89 13 51 7 5 96 45 59 30 4 66 45 97 37 18 80 73 72 67 95 87 35 83 70 59 55 87 68 19 20 21 93 75 88 70 19 41 7 41 8 97 2 46 23 72 45 61 91 4 13 17 43 40 4 56 71 40 99 79 37
57 30 88 62 7 82 36 22 48 49 73 79 98 40 7 69 10 46 40 62 98 69 78 82 57 97 78 7 69 70 23 98 11 60 20 100 95 85 30 93 52 15 90 87 47 99 91 95 41 99 54 59 39 56 9 23 74 26 77 24 94 27 70 3 34 23 100 35 78 100 66 4 38 82 64
61 81 71 71 5 62 9 95 78 52 60 73 41 90 98 85 46 77 53 62 60 31 96 27 84 65 30 85 19 15 71 61 62 45 68 33 65 97 42 65 62 19 81 8 96 94 62 53 60 13 7 56 39 49 59 36 33 64 90 1 1 69 51 23 66 29 26 43 64 17 50 41 84 19 1
11 68 49 10 34 68 42 43 1 36 71 86 1 67 1 77 6 74 46 84 69 52 28 26 94 48 33 89 8 82 93 69 45 4 64 36 71 80 56 1 82 82 68 2 73 10 6 94 17 86 5 91 68 3 44 83 42 77 64 94 77 81 53 81 28 35 44 30 30 15 23 50 35 63 2
84 53 75 93 3 1 76 30 17 99 30 75 32 50 40 1 28 11 63 49 18 87 10 64 26 49 59 58 96 43 51 10 43 44 52 81 20 13 67 11 40 13 87 72 50 80 20 73 26 9 27 27 100 63 69 3 20 79 94 38 88 11 23 21 44 70 64 53 80 60 43 54 55 45 36
4 18 94 70 14 8 70 68 65 10 15 28 18 97 74 56 35 76 33 38 14 44 19 7 65 26 67 98 75 19 40 55 49 86 6 11 24 76 85 41 51 36 70 75 48 73 3 98 20 43 17 28 4 8 21 61 49 62 46 98 56 71 59 97 41 99 98 69 59 18 21 26 22 82 87
20 11 32 17 44 75 56 98 56 9 67 11 54 70 91 76 34 76 38 60 42 25 51 23 12 80 58 32 22 84 47 97 92 55 95 47 29 48 48 96 11 63 36 52 4 87 95 80 56 93 48 43 55 86 30 35 90 30 99 1 12 54 48 73 36 100 69 39 13 50 99 100 79 7 52
75 13 31 63 58 7 75 72 12 12 45 19 9 12 24 72 62 36 81 44 19 64 56 32 13 27 58 24 39 7 88 58 50 20 97 16 82 19 97 39 85 32 1 70 4 23 93 55 62 100 34 40 4 41 48 7 99 78 68 34 7 28 75 26 63 81 100 74 49 14 79 96 58 33 53
85 94 44 29 77 79 53 97 35 37 33 47 63 53 91 82 74 52 50 99 52 33 79 84 86 8 50 38 9 91 75 32 65 76 42 92 97 100 77 55 70 11 58 77 24 4 31 92 41 45 15 3 75 11 62 48 76 36 92 68 67 12 79 83 54 24 36 80 74 86 87 49 63 84 67
43 81 38 47 32 16 47 75 72 83 45 55 10 27 25 11 59 93 4 92 65 40 56 94 54 36 10 32 6 16 53 100 45 56 74 29 74 23 85 8 34 48 61 86 52 80 81 89 32 37 23 15 9 76 86 11 45 9 44 1 41 79 64 95 8 44 39 3 75 97 27 44 2 94 34
4 71 10 70 44 11 37 97 66 78 60 12 4 27 53 9 65 79 7 98 70 77 54 25 46 16 8 70 49 83 47 97 9 55 87 24 19 33 89 53 81 69 51 2 47 25 69 25 68 1 99 11 90 83 97 58 93 77 47 29 94 16 99 9 63 95 4 77 22 34 73 99 74 39 55
63 66 13 92 49 44 96 87 57 20 46 36 16 58 8 58 18 62 57 84 60 44 68 18 18 22 8 90 10 30 65 31 81 20 83 40 44 72 33 91 50 85 14 78 35 6 77 95 85 42 75 38 97 71 35 24 31 33 16 46 69 89 66 94 76 48 60 20 52 59 10 74 31 15 76
51 88 5 82 72 32 83 52 91 16 52 64 45 68 41 13 65 67 75 19 46 72 99 97 74 65 16 84 87 90 20 5 85 26 18 73 37 80 10 18 53 7 44 8 92 2 27 83 75 80 1 61 99 78 14 92 27 16 69 87 71 60 74 99 82 94 61 28 88 81 49 100 9 76 77
85 24 47 76 80 28 97 41 17 94 7 3 5 99 46 20 82 54 75 88 61 35 70 73 14 62 33 39 74 4 73 38 1 98 57 68 90 37 96 94 60 42 7 86 39 35 54 85 54 5 61 99 22 71 67 77 6 25 80 66 31 73 95 87 79 22 29 8 54 85 49 51 4 8 77
87 62 51 61 16 28 30 60 83 51 53 62 90 58 91 92 42 96 15 1 48 13 47 17 46 32 37 27 51 44 9 32 84 12 29 98 12 15 41 19 74 81 30 23 26 38 66 41 78 3 77 81 4 99 22 85 100 57 74 28 59 71 34 11 34 44 18 1 29 33 58 28 85 19 78
66 20 85 97 94 43 72 30 83 7 29 9 97 4 74 45 53 74 67 71 23 17 89 16 39 99 42 36 40 44 83 73 76 15 7 96 65 56 65 60 1 30 14 14 59 88 95 83 30 63 41 16 8 56 16 17 91 77 80 94 63 78 13 2 26 94 25 70 2 57 13 83 76 45 31
34 69 3 8 35 57 25 89 91 44 17 66 35 43 48 27 86 94 63 88 95 96 53 63 79 9 100 98 30 33 24 6 47 90 73 92 81 39 66 7 80 8 64 34 14 60 61 1 82 64 88 49 21 92 39 46 46 6 98 99 59 51 7 34 26 66 62 93 58 40 35 8 18 96 86
36 23 50 53 97 55 26 65 33 49 52 72 71 36 92 79 88 43 12 26 38 91 32 83 22 6 51 95 8 38 57 2 52 77 67 26 7 9 97 19 64 66 54 71 62 31 100 17 42 17 35 73 93 78 65 33 80 79 94 44 35 46 43 8 50 61 6 38 62 3 43 43 29 8 49
98 27 42 100 24 59 57 84 73 41 10 45 25 57 41 48 50 81 12 31 66 19 65 80 26 11 55 60 43 5 47 96 69 43 39 41 26 54 71 72 17 2 70 78 34 13 30 34 1 91 97 43 75 83 26 5 31 6 23 94 72 10 15 36 6 84 75 46 61 95 60 25 40 28 72
86 79 16 10 34 52 76 23 25 11 76 3 91 5 75 64 92 51 72 52 84 3 61 63 5 86 35 100 29 80 23 22 73 23 38 62 12 16 95 62 55 38 9 5 31 62 16 47 35 4 45 72 25 16 51 88 4 22 91 29 79 77 58 53 89 49 39 21 83 66 12 9 99 11 7
34 86 6 5 70 38 9 66 94 33 65 12 96 59 14 99 64 11 96 9 45 93 50 98 89 72 25 96 6 8 32 53 7 93 53 8 75 73 67 7 37 54 28 57 87 25 73 2 45 35 16 79 4 9 41 4 48 4 26 14 45 63 61 49 19 37 36 76 47 5 88 13 74 3 76
70 47 69 76 41 66 61 13 54 92 94 1 93 33 27 96 80 58 48 48 75 87 2 100 85 12 77 47 30 79 92 56 86 25 8 3 75 81 61 85 76 7 28 30 92 14 49 74 5 55 14 87 73 74 39 62 12 48 68 22 71 27 70 7 17 75 16 2 50 48 49 52 87 25 35
45 89 64 98 98 66 86 12 29 16 68 38 7 37 69 24 71 77 26 82 100 41 93 21 75 73 31 92 70 66 86 77 36 14 51 38 87 4 30 46 76 55 79 12 2 8 7 94 11 24 49 73 65 71 67 35 40 69 58 30 75 97 65 59 78 51 9 93 34 43 68 13 88 64 41
77 18 32 13 44 25 98 65 51 73 18 72 80 42 77 20 26 55 10 79 27 80 15 32 12 19 4 74 66 77 80 50 38 29 66 38 28 54 28 53 48 37 100 84 97 99 22 51 23 97 82 15 6 78 27 54 89 86 50 28 77 96 96 51 87 58 60 14 64 14 30 18 88 20 34
91 5 51 7 2 56 23 4 82 55 86 46 78 97 22 62 18 64 26 36 29 98 48 50 97 54 13 61 37 65 46 7 4 1 45 60 8 4 9 68 60 67 94 90 84 13 25 37 26 61 55 10 98 41 12 6 38 75 28 95 7 91 35 16 25 2 7 42 74 79 35 83 60 2 71
32 33 92 23 99 62 81 73 18 53 22 3 89 1 88 2 93 28 70 58 11 15 4 57 61 84 28 19 92 99 21 56 30 80 39 49 52 39 86 37 4 10 91 16 81 78 84 7 77 20 4 41 48 23 13 24 91 22 71 5 56 91 57 67 53 82 49 26 36 6 14 30 33 82 11
74 82 73 59 56 33 88 88 81 57 45 68 50 18 1 50 8 74 77 46 57 64 10 15 49 14 100 70 67 98 6 86 80 32 32 70 44 72 49 83 89 23 1 26 81 74 23 5 32 94 47 93 57 81 57 59 12 25 91 89 92 76 11 19 23 77 34 41 83 98 29 1 18 93 40
78 98 95 49 59 47 29 13 11 83 1 83 24 86 49 98 94 74 2 8 99 52 93 87 43 70 98 24 69 26 57 31 25 42 43 29 66 27 39 78 100 24 26 65 1 88 25 69 55 92 41 89 68 91 11 55 47 92 9 20 6 22 81 17 22 37 70 15 52 57 6 26 66 53 55
89 14 30 20 69 89 40 54 54 46 89 97 50 62 92 89 86 43 55 20 3 100 21 79 6 39 21 12 77 51 100 59 99 37 73 38 41 22 80 36 73 83 57 45 59 65 79 83 43 92 53 18 64 81 100 82 84 73 36 88 88 17 67 35 36 58 45 96 97 79 66 59 40 9 36
9 68 10 23 73 50 91 100 77 93 50 65 35 92 52 72 9 1 80 33 1 52 20 100 51 89 23 16 35 2 26 88 89 22 18 31 93 39 93 34 49 63 87 40 92 100 32 48 47 86 49 38 56 10 11 79 58 35 32 61 38 99 53 94 25 77 19 92 52 92 63 25 55 85 34
40 16 56 49 59 37 26 30 5 95 64 54 1 66 85 42 51 95 64 94 28 98 13 75 68 2 64 73 42 63 13 83 64 19 83 39 43 8 52 5 5 10 92 65 6 54 46 74 15 14 66 51 4 6 54 10 88 48 14 13 60 78 61 82 7 16 73 35 21 39 98 54 83 78 61
21 20 60 9 96 20 27 54 78 34 56 98 41 57 87 52 44 1 48 47 12 2 46 58 25 34 4 60 82 17 8 6 92 85 96 85 77 71 51 93 51 51 47 25 39 18 63 18 4 42 13 92 34 29 35 15 6 81 21 4 20 97 25 68 77 18 92 24 37 58 54 82 3 36 73
23 19 43 99 26 51 55 90 53 22 81 37 44 54 5 87 35 70 14 32 53 54 3 100 24 21 8 21 89 18 92 48 78 43 90 8 73 36 9 19 67 96 94 17 31 66 37 98 62 93 45 9 14 28 34 64 94 1 61 2 74 36 82 84 27 56 90 79 63 95 16 75 6 88 26
3 23 88 44 76 49 44 84 24 67 61 98 84 81 62 62 54 3 33 94 63 42 27 56 31 86 27 10 40 30 41 52 24 6 70 82 98 63 90 32 39 94 54 89 2 33 74 18 25 95 50 53 15 37 35 86 15 78 46 65 94 93 86 13 62 45 79 66 98 32 95 91 71 4 49
93 95 19 32 85 70 90 57 100 4 63 98 78 34 17 3 93 22 56 24 52 8 15 3 3 72 43 19 53 55 59 86 77 9 90 62 22 51 81 87 4 1 11 55 93 17 99 42 87 78 30 4 3 80 9 15 2 92 6 18 100 84 61 34 22 32 17 28 50 46 82 73 20 62 22
66 66 94 5 73 100 52 38 11 68 71 70 95 1 68 72 15 53 67 49 67 30 75 94 84 23 92 80 96 13 93 57 52 83 37 80 8 42 12 12 23 21 23 100 19 8 20 61 54 5 3 72 38 32 26 97 40 24 75 77 58 100 2 65 5 7 9 13 28 55 18 54 68 77 81
51 80 75 75 60 65 83 98 20 94 40 86 62 76 90 9 8 21 89 34 93 79 90 49 44 13 100 39 95 13 88 20 58 23 79 98 94 98 41 70 15 86 39 15 29 28 4 46 17 87 36 28 26 52 78 1 84 4 50 8 27 19 71 78 67 14 1 84 44 10 6 59 43 92 4
51 81 16 77 67 58 42 61 23 16 99 23 90 40 72 12 52 91 27 86 51 26 12 82 81 67 100 33 68 39 11 51 24 6 87 75 73 47 84 43 17 100 19 75 5 85 11 41 24 16 84 51 51 30 84 35 23 78 97 89 48 16 69 54 52 25 25 95 41 3 44 18 58 79 4
53 71 19 13 43 91 61 51 63 82 57 13 94 11 52 5 56 57 14 22 85 2 27 57 46 25 86 30 83 98 97 13 69 94 95 64 23 15 23 42 84 85 99 20 58 65 9 20 48 55 15 20 70 77 77 19 71 50 49 62 56 54 36 18 69 1 13 9 21 82 47 92 21 16 92
65 44 76 90 73 20 80 50 19 63 51 50 10 49 24 75 83 98 16 88 12 34 65 51 96 36 6 68 44 45 44 83 90 57 1 91 23 93 49 58 89 79 67 81 98 55 56 24 61 49 55 1 23 79 69 23 64 29 50 34 98 47 82 89 73 53 7 28 30 68 29 45 61 82 68
48 58 63 9 12 37 47 74 2 10 60 17 89 60 45 34 65 49 26 8 25 43 55 80 43 21 58 86 4 82 70 13 58 56 89 94 23 62 50 38 41 55 11 14 7 88 38 42 52 88 10 11 63 89 15 19 88 89 45 20 82 33 36 45 12 80 48 96 77 59 62 97 53 2 93
59 1 23 26 68 36 88 87 45 80 26 48 75 26 80 31 13 20 14 67 12 74 15 38 76 72 97 34 7 21 90 54 70 100 83 55 1 50 36 67 63 3 78 47 55 61 85 15 88 60 90 89 25 82 66 91 65 25 28 96 66 65 33 68 91 10 16 97 76 69 94 56 87 15 67
69 76 29 19 54 87 16 17 11 71 20 66 48 60 43 8 93 88 19 50 85 34 72 57 8 43 3 66 33 81 48 48 75 49 55 1 46 29 76 61 6 63 56 45 58 72 63 53 84 94 83 78 99 77 12 85 13 37 86 21 63 48 45 72 43 85 37 62 23 46 68 2 4 5 83
21 28 92 87 15 89 100 40 2 55 90 73 19 89 16 4 91 84 75 67 26 84 14 39 74 82 49 44 88 46 70 76 47 4 29 8 49 17 77 16 70 19 87 4 86 88 68 46 56 33 5 88 7 64 35 21 70 29 27 6 88 80 20 69 92 96 27 36 70 87 31 26 22 40 52
78 53 51 66 79 80 93 15 80 12 22 30 42 49 31 31 2 9 82 81 34 31 81 50 42 75 6 49 82 71 84 70 31 18 1 99 56 12 53 88 87 86 6 10 41 24 49 7 44 49 81 35 29 14 47 10 16 22 8 80 52 20 77 17 31 40 29 54 40 94 14 45 42 63 77
71 53 22 53 57 50 15 2 65 25 70 92 87 63 34 27 6 53 52 79 64 59 23 14 65 93 34 25 76 62 98 26 59 76 44 1 12 91 37 1 11 87 90 47 91 95 71 42 98 22 86 16 13 15 2 2 1 60 70 25 70 22 45 19 89 47 96 80 44 40 70 35 72 34 18
28 31 70 12 86 37 29 24 1 65 59 89 64 2 1 21 32 32 71 8 94 95 30 13 94 40 61 100 9 3 62 80 47 83 57 1 9 70 74 43 77 26 23 62 96 91 71 20 75 65 22 86 31 21 38 73 71 88 87 24 48 6 93 81 92 91 11 32 64 61 54 70 85 3 9
74 19 51 72 62 12 16 49 71 20 98 26 80 4 20 70 57 94 40 63 41 66 56 73 84 74 68 83 72 42 89 52 88 83 47 65 10 38 68 42 89 90 84 83 66 80 53 91 5 16 79 87 35 10 17 1 79 41 71 15 2 43 67 34 37 4 39 100 87 96 18 40 96 92 66
7 76 75 48 4 98 19 30 88 76 49 75 5 96 83 15 33 85 94 13 4 61 18 94 79 100 5 78 29 32 51 1 31 19 62 62 84 86 86 4 5 9 9 71 23 95 63 94 53 43 15 2 42 24 9 45 56 19 22 11 24 56 87 19 72 48 84 90 1 15 58 83 22 18 48
55 81 81 90 73 84 68 96 21 40 65 39 81 59 19 56 82 93 8 77 50 80 20 80 71 18 39 41 5 47 19 85 77 8 43 43 41 43 58 28 13 59 86 84 13 3 41 40 90 56 85 78 53 59 13 33 87 52 14 64 89 36 48 11 36 65 97 65 31 37 84 52 33 53 26
2 93 5 53 32 51 95 26 85 48 27 30 52 18 69 96 12 15 89 10 82 30 86 41 88 82 8 56 14 63 5 94 78 82 14 64 22 96 97 86 69 64 56 28 97 55 7 10 60 81 42 53 84 51 29 31 72 92 1 4 65 65 3 53 89 67 37 31 67 41 95 65 76 11 22
22 24 70 41 41 39 31 6 38 56 77 99 30 74 44 97 37 91 87 74 24 9 18 56 33 91 79 72 9 82 48 40 74 27 82 12 89 46 54 10 96 70 52 79 84 35 22 96 91 87 75 69 20 79 5 34 85 25 18 62 53 12 90 85 62 9 85 38 64 41 68 87 37 82 69
5 57 59 2 56 8 55 4 45 83 91 7 52 91 19 96 61 10 30 21 18 63 17 6 16 19 45 93 63 43 95 7 2 18 29 47 85 35 69 28 87 88 19 33 72 90 65 32 92 55 95 76 60 25 1 89 81 64 11 95 52 64 52 39 62 33 88 84 55 73 47 32 93 90 17
16 92 1 52 45 79 3 66 25 69 22 6 26 92 16 34 46 99 88 40 27 23 69 73 80 32 31 90 30 62 24 76 14 41 84 28 23 72 21 96 57 74 25 65 90 17 51 10 12 57 62 44 85 86 9 3 9 23 16 74 40 38 49 67 13 87 78 87 41 53 24 29 22 55 44
8 92 10 47 63 40 96 13 99 69 33 21 10 1 80 95 66 19 53 14 23 36 65 37 4 74 70 42 77 27 91 76 10 57 39 56 33 47 86 81 82 65 100 13 32 9 6 42 28 59 43 57 50 91 54 45 82 82 50 83 50 84 2 59 79 77 92 77 87 97 95 90 30 3 83
83 69 4 72 73 85 96 25 35 44 11 95 32 83 71 27 23 6 68 77 95 98 73 13 35 86 17 41 32 87 90 52 95 52 91 50 85 95 32 97 43 33 56 87 20 46 35 23 1 41 35 30 65 68 76 37 66 63 96 26 49 97 95 43 11 90 1 89 27 82 3 68 54 29 87
72 95 13 35 37 47 5 58 82 4 45 35 61 44 57 11 62 20 7 57 54 79 67 42 19 17 7 5 13 71 5 66 43 94 12 38 40 26 62 45 35 80 18 80 20 71 5 51 52 25 6 60 3 97 30 8 10 34 13 61 25 55 45 35 26 19 43 32 37 23 6 73 93 69 87
14 11 51 2 96 85 7 45 17 58 47 2 14 26 74 38 2 45 28 37 46 52 73 68 26 25 61 9 72 55 65 20 43 84 52 54 98 8 40 4 3 66 70 24 98 58 91 100 67 73 7 15 61 50 13 69 6 21 11 58 57 21 50 23 90 39 73 77 90 6 91 4 4 25 22
26 89 34 43 29 76 64 58 11 68 10 63 18 14 85 38 62 80 97 21 10 78 67 50 15 43 8 1 76 82 98 8 51 79 59 76 54 83 74 84 88 15 66 45 82 83 24 55 9 59 39 61 88 82 14 7 35 46 72 81 70 64 47 12 41 9 34 3 98 93 70 42 30 57 51
31 81 95 95 85 74 29 92 92 25 19 61 57 33 36 47 37 78 55 70 14 100 47 13 49 31 73 91 57 9 58 76 30 32 9 73 13 24 84 93 1 72 84 22 20 70 93 29 49 92 55 57 89 44 43 59 30 87 10 1 92 2 81 95 54 73 76 16 55 89 91 59 66 32 65
24 61 79 51 54 27 12 88 54 3 93 67 38 24 24 36 92 66 84 94 62 89 38 32 5 32 59 96 71 96 47 14 91 99 66 71 94 31 25 15 9 83 76 50 62 74 92 78 8 92 94 50 14 29 28 45 9 47 8 74 38 97 84 51 94 27 60 88 88 18 83 87 30 53 30
27 37 15 6 15 39 11 52 41 46 47 27 44 11 94 24 65 54 30 84 24 95 94 19 80 87 1 43 79 68 13 93 56 22 14 13 16 70 5 13 24 30 79 14 13 9 12 87 91 82 73 1 35 29 9 65 88 73 60 73 91 100 77 91 67 11 18 75 91 2 34 32 82 47 1
55 32 11 81 87 17 61 73 64 93 88 33 48 54 6 60 82 22 30 82 49 62 1 60 76 100 99 24 65 83 89 14 11 16 40 53 12 30 37 61 70 45 29 51 61 54 59 10 32 60 11 86 84 79 36 39 50 59 24 78 65 75 56 90 22 94 47 8 18 72 62 40 40 88 83
16 1 29 50 95 59 12 65 49 29 70 70 7 41 49 2 65 17 22 48 26 97 99 70 50 22 59 35 80 37 31 8 85 67 65 79 47 24 82 68 15 71 12 28 80 39 73 9 80 60 68 84 30 14 3 42 60 39 40 55 49 36 63 44 33 91 54 33 57 39 12 89 70 55 71
76 19 66 24 52 30 28 35 7 52 93 68 90 4 31 60 2 3 59 39 5 98 57 10 69 71 21 67 33 44 29 37 9 21 24 62 39 40 87 46 86 69 94 93 60 52 82 88 53 3 69 52 14 81 42 26 80 38 86 82 66 59 69 91 19 69 43 5 61 38 42 74 35 76 4
55 14 27 10 43 31 17 57 56 20 7 67 5 36 47 1 8 20 84 18 33 6 26 17 10 74 65 58 87 76 51 60 61 86 35 36 61 19 62 14 35 25 4 53 39 97 41 51 72 13 6 91 17 8 78 39 48 58 36 41 42 6 61 57 5 71 75 69 100 78 60 60 82 29 16
30 81 22 10 28 23 92 67 78 19 76 100 55 77 64 5 82 54 4 55 16 8 23 73 7 83 66 26 64 68 75 53 98 12 32 37 24 43 35 93 79 60 76 75 26 11 88 72 94 75 52 14 93 87 42 52 96 81 16 90 8 79 54 66 99 76 23 10 68 96 40 38 29 37 4
95 5 34 19 46 12 21 83 96 49 18 91 40 9 54 2 18 83 96 81 99 64 72 56 9 27 21 60 60 68 65 18 88 68 30 57 86 12 8 14 10 63 64 18 58 47 43 69 89 66 52 79 75 46 4 41 100 4 56 91 74 60 73 81 82 63 50 21 50 43 25 1 29 69 94
29 24 72 79 29 23 88 42 91 36 1 45 76 65 31 51 70 86 73 42 32 65 64 44 58 11 24 27 44 30 55 99 32 69 72 71 90 83 82 91 82 55 32 65 46 49 91 76 86 38 65 87 68 60 43 83 48 45 91 61 46 29 74 20 18 54 59 68 37 71 39 100 85 78 26
58 11 28 43 50 69 25 87 25 8 73 54 79 45 24 68 17 71 28 41 20 90 97 12 87 68 17 61 65 68 42 88 1 81 79 5 12 95 5 37 62 55 52 26 90 76 91 94 67 35 45 81 69 85 56 14 83 38 57 37 83 85 5 94 88 69 38 72 46 61 79 63 29 79 80
90 13 38 3 9 91 62 30 36 22 40 48 29 61 56 88 71 38 52 57 31 49 66 55 29 81 76 86 60 40 25 89 17 24 100 10 45 2 43 84 60 49 46 88 97 23 57 47 87 60 49 9 50 47 62 23 66 24 97 88 96 46 66 80 61 52 66 34 46 67 23 21 49 33 99
15 55 95 44 59 15 71 78 4 38 58 30 21 15 21 17 45 67 68 29 49 96 93 57 89 38 32 7 84 56 22 8 92 80 99 77 12 52 93 56 3 79 24 58 33 88 47 48 56 33 40 1 59 68 17 46 64 5 70 84 93 1 40 76 48 51 27 73 64 44 55 21 70 70 62
48 32 1 42 40 93 20 49 71 60 77 14 44 95 96 100 66 36 34 3 26 70 61 98 55 73 89 91 30 66 49 67 24 21 47 57 4 3 31 77 23 26 21 8 88 32 24 84 61 36 8 31 24 52 97 93 81 13 26 27 97 66 57 1 17 3 46 56 29 68 15 10 75 97 22
10 5 10 70 9 46 4 18 74 41 50 68 34 71 57 71 92 53 10 21 17 59 60 66 91 20 29 55 18 48 50 83 60 51 44 1 31 61 39 38 45 50 72 29 42 55 75 75 82 15 51 46 40 72 92 76 63 66 18 29 74 13 91 72 32 17 5 29 84 85 82 53 7 16 6
56 69 29 91 31 94 65 12 56 8 64 25 84 51 41 39 98 15 12 80 95 36 83 32 56 2 71 47 84 34 62 57 71 44 68 23 39 20 78 5 73 60 90 27 31 67 45 12 5 98 60 32 63 61 96 93 63 45 34 60 19 89 75 92 89 25 75 70 26 86 84 85 70 78 63
73 93 99 5 77 55 57 84 8 46 78 66 23 16 52 49 6 44 93 21 76 4 39 46 43 67 2 43 20 66 30 65 72 91 24 82 87 57 83 13 59 85 25 67 79 64 88 66 36 66 44 4 82 9 80 40 85 18 98 15 57 95 13 1 81 27 10 94 37 62 22 27 31 36 48
47 35 55 30 90 68 16 35 71 44 2 56 28 40 86 22 49 57 41 9 31 7 32 32 65 26 59 12 92 55 69 4 72 7 58 52 94 66 35 60 45 67 29 20 74 95 54 19 55 54 18 7 31 23 79 61 73 94 11 5 18 10 89 64 12 72 71 84 39 53 62 10 37 96 68
1 41 68 17 27 68 61 80 64 38 9 43 43 20 80 97 33 99 52 88 50 28 52 92 36 83 7 66 29 16 33 82 94 32 32 70 85 62 17 44 97 70 88 39 48 52 23 70 19 11 55 90 51 43 56 87 10 56 33 61 70 86 69 32 98 43 7 57 66 36 50 11 3 40 52
46 80 14 75 87 53 4 47 41 2 96 42 76 29 16 94 100 38 61 27 36 25 5 34 22 43 28 13 9 10 89 45 19 60 99 26 14 34 42 97 68 44 66 3 7 14 4 62 80 27 18 54 88 84 19 18 74 37 33 31 99 60 19 42 95 10 93 28 28 59 65 74 63 98 37
90 64 15 65 31 9 29 93 56 64 10 44 42 50 22 42 42 15 97 70 7 71 20 12 93 8 77 78 46 69 96 61 13 12 38 82 81 32 49 48 12 78 46 94 69 52 50 32 21 21 39 29 76 71 24 21 27 17 16 49 66 39 54 88 37 49 31 90 48 26 41 52 41 98 94
9 31 14 40 17 33 60 77 58 21 21 19 100 38 61 25 27 74 96 13 100 37 63 17 3 53 89 13 75 21 23 45 91 82 100 79 42 81 37 32 24 62 43 5 48 78 38 71 54 98 26 39 86 47 16 39 18 15 46 60 58 60 91 53 67 78 73 13 36 10 57 99 29 95 31
79 43 57 4 5 69 22 62 34 77 31 36 51 2 72 70 33 34 45 75 50 49 80 45 33 47 78 86 53 70 29 29 6 9 82 62 63 24 70 45 3 70 20 87 49 87 2 63 6 100 32 17 48 44 86 84 10 24 87 34 3 87 17 3 75 29 14 62 90 83 68 42 11 100 24
80 10 88 23 64 12 66 86 76 77 78 74 62 24 3 95 1 80 34 50 90 68 10 22 75 15 25 82 63 42 90 34 56 12 72 2 34 95 44 10 25 90 87 42 81 66 61 58 44 95 95 43 30 28 75 46 56 43 81 8 16 37 36 73 77 95 94 72 13 82 57 13 31 13 24
14 91 22 91 69 79 35 73 3 72 91 28 38 9 92 94 49 42 89 91 23 95 30 26 88 21 80 3 95 88 15 19 99 52 1 56 81 21 77 56 55 6 37 23 83 81 24 28 81 75 23 65 60 80 70 1 62 19 91 69 43 47 11 26 9 6 58 33 29 11 78 79 89 82 1
6 44 46 46 23 57 65 15 80 97 48 50 80 61 19 31 32 71 44 84 66 48 8 84 16 52 27 50 21 16 84 9 81 15 45 22 6 8 22 39 61 63 22 72 55 40 73 37 19 67 30 32 19 79 92 52 76 96 3 61 46 71 68 90 22 59 17 16 70 73 3 94 30 70 48
70 1 74 16 69 6 37 2 76 32 38 4 54 11 6 84 87 100 87 67 43 80 42 20 37 68 69 90 7 33 82 39 80 90 61 59 12 73 38 49 20 27 40 79 17 53 39 8 96 16 45 55 30 37 77 68 90 96 78 70 67 83 24 17 6 48 10 10 19 95 45 61 45 51 39
4 35 27 79 93 63 91 72 57 22 96 41 5 39 95 17 13 31 99 33 48 61 80 89 43 50 22 51 91 56 16 71 44 85 49 90 68 79 17 5 9 56 40 41 37 57 94 9 72 82 6 32 43 58 20 55 40 25 83 94 69 69 42 33 57 90 50 29 67 97 63 68 36 45 57
80 43 86 30 42 10 33 10 68 86 30 82 34 48 31 70 43 40 87 30 85 39 7 46 52 67 19 61 43 100 63 83 56 9 89 26 13 5 75 57 35 98 20 51 6 14 78 14 24 53 84 40 19 60 83 15 35 58 18 99 36 8 100 23 66 15 54 74 46 48 59 79 23 44 79
16 96 21 95 15 28 18 31 87 77 8 15 81 62 79 51 29 87 85 93 3 37 79 6 81 50 11 50 78 73 4 49 99 69 83 72 26 96 9 44 70 99 88 37 59 63 40 37 74 6 4 97 92 45 91 77 43 75 30 61 66 48 71 21 55 52 70 69 41 7 21 99 16 45 67
16 15 59 9 47 14 50 94 92 5 6 51 73 9 3 73 97 18 14 57 5 16 10 68 53 7 16 100 23 31 32 19 56 26 17 16 90 40 67 38 76 85 21 37 2 93 14 13 6 92 96 84 40 75 39 2 82 65 66 24 23 34 25 22 46 45 72 27 18 74 39 7 43 3 68
29 63 68 38 83 86 89 56 20 23 58 70 11 5 43 46 18 13 45 65 43 49 54 19 53 22 99 43 51 80 60 70 66 47 6 56 66 77 65 46 94 33 14 7 86 97 42 22 49 93 62 73 25 88 90 20 89 71 25 39 64 30 4 39 74 35 46 98 100 27 26 29 91 9 90
52 26 61 48 13 93 90 13 51 4 21 44 19 32 57 39 56 49 60 72 5 91 56 22 6 14 16 17 19 91 94 23 16 64 66 16 78 34 60 35 92 46 62 13 91 98 43 8 67 100 85 17 92 29 97 95 27 91 87 1 23 2 50 84 91 54 91 80 43 59 15 21 100 36 33
25 53 21 25 93 10 88 67 27 25 60 77 53 86 87 24 19 54 63 76 6 51 10 34 97 87 15 69 31 98 33 99 15 48 45 68 100 16 84 91 20 21 42 21 72 93 8 53 10 87 67 4 31 57 81 32 28 27 63 75 61 74 78 52 11 71 86 33 34 81 75 14 21 80 44
38 40 93 80 85 82 86 71 23 23 95 22 100 18 76 83 75 69 34 19 87 42 90 47 1 43 45 69 22 92 52 47 62 87 71 100 27 73 49 80 69 100 43 58 9 92 66 90 63 7 82 93 25 29 28 83 32 42 97 1 46 88 74 89 72 68 82 94 37 37 61 96 2 55 100
10 84 86 94 69 72 43 58 3 97 49 60 82 86 88 46 52 64 55 58 24 15 44 41 99 17 24 81 40 90 69 42 73 33 100 68 81 82 70 32 3 55 64 62 48 77 85 63 79 27 28 48 47 22 35 70 13 17 69 77 64 90 15 42 7 32 22 86 28 3 47 50 58 38 100
22 20 93 97 100 63 67 98 59 93 72 20 44 29 89 93 59 81 26 32 96 41 73 4 9 26 94 99 58 17 19 27 78 29 97 80 38 49 69 69 64 57 90 22 91 70 59 51 50 7 17 29 18 64 80 46 34 42 56 78 37 13 38 50 83 100 46 84 42 93 54 23 23 12 40
93 76 75 11 72 42 94 66 94 52 66 8 54 1 11 100 99 77 53 28 24 30 21 56 73 22 10 44 54 97 56 47 54 67 64 70 82 35 19 18 16 39 24 17 78 87 98 54 72 19 59 20 67 92 65 73 21 67 76 75 7 18 71 89 40 80 52 79 20 47 62 79 81 36 3
32 93 64 15 56 43 14 80 67 94 56 72 75 70 13 84 60 44 9 74 91 47 89 36 53 25 12 74 34 52 90 51 81 33 37 77 36 56 65 85 8 65 20 13 26 88 13 67 94 100 96 37 13 66 40 23 44 25 56 99 59 1 59 67 9 21 44 13 95 28 47 86 52 10 57
97 99 33 100 16 57 63 3 38 18 73 11 52 39 10 28 25 91 79 34 87 12 46 43 50 86 91 98 99 5 9 61 26 91 58 4 83 97 71 71 22 95 4 96 75 75 35 75 69 77 7 32 6 45 35 19 69 44 24 96 70 94 39 93 89 77 59 7 64 50 52 25 86 96 77
69 61 63 80 12 91 76 59 9 2 32 84 90 56 78 56 35 11 76 12 90 62 3 98 44 3 42 54 56 89 7 97 6 86 24 98 11 9 95 96 34 70 2 69 30 43 92 9 28 33 39 87 82 99 87 59 46 78 91 43 99 93 43 44 85 23 29 96 43 50 52 10 83 79 98
13 8 49 1 97 60 12 89 22 71 65 86 13 78 85 21 49 23 1 57 67 94 14 23 60 61 44 34 89 69 83 79 76 79 37 54 34 12 19 55 83 33 23 82 65 75 33 3 79 63 21 13 23 66 24 42 55 14 90 44 90 30 42 1 86 96 4 99 32 21 40 50 91 8 39
22 39 19 53 64 97 14 99 15 77 75 39 11 5 54 80 70 86 32 99 5 71 62 7 42 57 46 68 64 54 45 75 89 50 32 43 33 81 41 57 44 100 45 38 31 5 91 18 85 83 58 67 75 42 16 24 28 59 70 35 74 40 67 5 12 100 36 13 98 96 54 9 93 42 3
70 81 16 49 51 87 25 35 7 86 56 38 11 38 85 84 19 71 22 83 100 42 20 8 72 89 100 23 12 10 27 66 8 13 73 52 74 34 6 7 100 33 96 43 66 43 35 66 30 52 80 21 25 27 55 32 5 13 84 93 88 81 98 18 21 54 29 79 83 92 43 72 44 73 81
70 11 34 10 87 93 43 79 27 61 23 11 19 8 93 15 61 76 96 5 3 62 63 7 31 17 77 72 74 74 21 51 75 76 5 44 3 30 22 51 46 27 76 38 13 41 1 77 43 76 22 94 29 53 85 39 27 41 95 86 76 19 70 91 10 83 1 26 98 70 33 17 15 50 9
74 23 29 99 42 30 99 58 89 32 31 3 20 19 15 37 12 54 41 90 13 64 22 38 22 29 36 72 51 39 29 94 52 78 83 29 18 5 19 15 48 49 50 11 58 6 55 13 57 91 17 54 92 52 46 53 16 88 56 70 49 29 31 32 56 72 86 18 80 89 45 1 49 75 56
61 17 35 19 10 51 70 75 23 26 86 42 79 77 43 59 89 26 4 29 18 30 81 22 18 37 34 49 87 10 87 66 40 39 55 27 17 9 23 98 90 52 54 65 24 28 86 55 53 77 86 2 58 2 30 26 60 92 25 99 96 68 3 7 16 28 77 100 84 15 3 92 42 45 8
70 70 13 27 51 74 25 98 35 90 89 48 79 26 89 21 84 52 94 39 43 100 41 67 55 77 51 11 66 24 92 74 79 73 44 1 21 60 23 68 23 78 69 2 49 34 47 53 89 40 10 95 57 32 87 2 35 3 82 72 28 46 33 100 60 4 37 96 3 55 34 59 76 6 46
6 85 78 41 39 37 44 68 7 77 85 63 23 81 62 76 33 97 72 85 19 14 12 13 56 67 87 4 12 15 95 45 48 33 83 45 30 20 3 97 100 76 78 14 45 8 23 87 13 70 18 93 44 47 50 100 79 59 97 79 11 50 11 27 56 1 8 32 64 82 34 42 96 66 84
27 21 64 38 76 41 85 31 61 72 98 66 74 21 41 9 80 31 52 14 92 76 43 97 26 25 49 12 67 9 65 92 50 65 40 14 99 92 25 10 31 73 51 84 71 94 85 56 31 15 87 54 13 38 42 7 61 95 61 48 89 85 44 54 19 90 56 37 89 17 12 6 80 51 55
26 42 74 25 22 77 76 64 15 40 27 29 7 18 34 86 91 60 96 17 22 88 11 31 39 13 14 41 74 98 86 86 66 66 61 47 10 54 56 100 68 11 17 67 25 45 83 92 44 34 96 63 73 12 83 98 33 62 31 1 12 3 80 40 72 44 15 65 41 12 99 44 38 48 82
93 12 1 86 65 63 71 65 27 99 44 62 91 62 11 26 38 37 20 97 20 34 5 59 12 16 65 17 8 41 59 5 13 38 58 17 34 72 91 62 40 26 15 27 39 16 46 92 45 39 36 27 68 11 74 16 86 4 55 80 90 84 91 100 86 20 66 16 10 64 49 88 42 87 44
95 31 60 19 42 32 72 22 22 28 68 9 2 49 96 72 73 75 26 69 94 42 97 32 78 20 11 7 11 50 57 8 60 53 2 46 75 68 98 52 5 87 68 76 77 74 41 49 93 60 81 23 10 83 27 13 54 97 13 42 41 15 58 66 9 96 67 21 45 94 62 100 33 35 34
54 55 75 29 100 94 93 41 10 49 49 29 61 1 57 10 92 27 51 65 60 12 99 92 91 67 49 65 16 12 58 26 71 98 32 75 64 18 41 89 1 77 59 95 2 61 52 84 71 49 29 63 8 48 96 12 93 86 13 25 45 59 56 30 13 47 3 2 13 98 77 64 86 87 87
57 23 40 24 10 41 48 57 26 99 78 70 57 25 67 41 41 15 94 16 13 72 67 74 51 3 65 86 93 82 98 44 100 82 77 12 30 1 13 100 1 91 80 48 73 4 53 57 99 73 64 97 19 10 82 19 52 12 100 53 68 24 12 58 19 76 43 31 29 17 9 39 63 90 23
18 28 29 29 37 22 22 45 27 100 51 40 5 50 15 87 12 29 100 53 46 14 3 35 8 85 88 48 37 14 2 80 78 27 31 31 2 68 9 54 78 89 72 89 92 46 4 47 98 64 16 90 78 78 13 84 28 28 31 24 18 13 14 42 22 71 16 98 93 16 73 9 75 60 22
5 54 43 24 28 21 57 94 31 9 88 74 5 80 84 80 83 19 86 2 90 70 1 39 57 81 21 76 88 81 63 100 47 87 69 62 71 10 39 43 15 51 64 91 74 70 58 66 49 61 83 60 30 68 90 32 67 23 18 72 50 22 73 52 20 99 11 48 30 74 77 11 84 74 45
84 2 61 91 69 42 12 19 97 22 82 39 38 20 17 94 100 3 44 12 58 58 27 66 11 41 82 71 38 51 72 16 48 59 21 66 29 28 13 2 15 83 43 76 61 31 40 97 8 99 24 41 57 50 20 88 62 8 8 52 93 41 66 20 52 37 32 42 77 17 29 62 90 25 9
3 51 6 23 31 83 98 94 17 56 8 81 88 85 60 32 2 32 6 77 38 32 39 34 19 66 42 77 76 64 40 77 71 84 39 97 56 30 96 99 79 2 2 73 99 51 60 26 64 74 28 9 70 88 90 65 19 71 12 4 37 21 56 3 74 47 56 39 44 52 32 31 98 51 66
64 79 97 40 69 10 80 58 33 15 49 56 1 48 80 97 80 58 28 26 56 100 25 50 36 25 28 19 44 69 67 89 23 34 13 3 75 68 76 61 79 10 13 68 39 45 51 6 99 80 74 88 15 53 98 5 25 37 75 39 52 71 15 35 25 78 7 41 15 97 83 6 96 3 53
66 64 1 91 68 85 99 18 41 11 47 20 14 51 81 62 90 63 36 1 84 29 66 8 97 78 59 31 81 100 90 94 23 53 1 25 9 25 67 55 56 23 97 35 46 66 11 26 70 8 30 66 65 95 81 50 2 83 78 53 14 90 84 5 76 8 99 26 32 63 79 3 75 56 16
64 30 22 20 44 86 38 8 73 81 25 54 82 72 3 2 80 40 94 27 50 96 62 51 93 96 7 15 15 20 31 36 10 60 3 18 26 92 74 100 23 30 75 89 44 50 67 48 60 76 98 60 2 35 34 45 76 18 7 39 6 77 41 40 63 64 21 48 75 40 13 90 78 78 4
6 59 35 50 53 45 9 1 22 69 35 60 25 91 38 94 33 4 16 75 21 33 58 53 54 62 46 70 17 52 33 9 61 1 33 12 59 72 91 35 12 25 48 42 52 16 17 4 80 44 25 32 46 20 42 76 64 45 16 75 1 7 50 16 75 35 40 100 43 13 23 66 52 60 59
16 24 61 38 56 78 27 46 6 36 36 89 9 82 61 66 11 79 11 19 14 59 52 84 53 85 9 79 21 57 10 20 10 48 71 20 23 76 77 38 3 78 18 83 75 42 38 34 45 53 3 35 39 4 8 58 22 46 100 71 71 9 80 53 79 15 63 80 62 43 6 4 10 82 64
