60
4
5 64 67 33 20 73 43 4 59 30 88 5 40 11 41 29 76 84 73 60 94 93 92 92 96 5 43 54 96 60 70 35 45 27 39 95 41 47 24 19 29 29 81 21 8 82 32 28 5 53 15 84 76 83 49 19 60 41 14 43
56 75 93 78 90 51 81 90 44 47 43 82 45 99 78 26 46 72 23 7 79 56 64 81 90 28 73 18 41 86 34 68 31 10 15 74 23 45 36 30 56 82 79 8 94 1 17 99 13 4 43 97 58 88 88 68 65 19 45 73
30 100 63 91 89 56 96 58 89 31 90 77 44 9 88 81 71 68 17 40 7 94 1 61 29 14 19 6 9 42 25 33 48 45 74 8 100 28 10 99 87 92 80 41 24 22 35 28 55 27 36 89 71 6 31 19 39 73 7 1
79 38 22 12 92 82 40 49 45 68 26 75 71 75 17 49 16 30 18 57 96 15 97 25 79 88 98 34 56 76 45 84 41 66 43 61 83 81 86 3 12 2 19 41 60 81 11 3 41 8 42 65 36 40 8 81 70 8 27 95
98 80 66 36 84 69 83 64 20 95 26 77 24 8 39 22 84 43 33 11 76 91 40 78 53 83 10 54 91 3 7 92 34 82 43 21 64 82 72 72 55 77 87 58 74 25 45 90 28 23 100 47 1 72 58 5 77 46 99 18
86 6 45 85 89 88 83 84 23 30 17 57 35 84 29 23 1 41 8 80 3 97 54 13 49 23 36 48 42 63 95 13 24 70 99 17 1 2 8 15 47 92 28 30 13 54 84 35 31 44 41 33 63 6 29 6 93 66 23 68
13 61 82 59 59 44 76 55 70 36 45 24 83 53 84 42 7 18 80 24 96 21 34 18 99 19 67 86 52 63 83 8 74 62 16 82 24 35 19 49 77 90 12 97 87 62 65 77 21 61 69 92 31 40 47 23 55 75 81 19
37 62 43 34 7 9 9 72 78 56 14 16 35 98 15 34 69 53 66 51 88 26 69 32 9 48 27 11 84 61 67 4 11 73 79 91 5 7 47 81 79 43 82 84 95 76 69 5 42 14 25 18 2 77 58 45 59 48 97 15
92 46 2 60 7 86 93 27 43 15 74 95 15 22 29 87 74 5 26 68 38 20 43 78 100 99 64 75 34 26 77 71 6 21 42 35 59 73 54 71 7 71 83 59 40 6 60 68 92 52 30 7 16 51 43 34 46 98 100 81
2 30 30 81 83 88 10 28 25 41 50 30 68 16 1 40 25 80 94 85 5 55 67 30 95 24 83 76 56 69 2 83 6 38 31 53 65 46 15 53 32 22 49 54 80 78 95 82 22 22 48 64 40 65 84 35 67 59 94 96
88 20 69 69 74 26 27 10 48 7 12 37 9 29 3 36 43 77 35 3 62 34 28 63 67 52 44 30 36 100 58 54 33 9 66 80 68 37 86 98 38 63 4 18 9 37 85 72 3 70 70 55 81 30 53 43 88 77 100 82
30 17 77 54 55 15 55 19 50 65 48 99 70 100 9 4 85 33 41 71 2 93 30 8 43 78 79 61 40 34 15 32 90 7 9 19 56 62 82 7 21 68 35 40 32 35 34 65 6 2 34 78 38 15 58 25 59 29 38 10
94 94 77 70 52 76 97 22 27 83 20 67 5 19 61 40 27 49 54 89 68 44 24 15 81 68 81 23 40 21 94 55 54 88 64 16 77 66 69 13 16 25 62 69 53 51 59 22 28 75 71 33 33 42 2 56 67 75 21 52
10 72 36 73 85 24 62 46 19 6 4 53 1 61 71 34 1 89 60 37 65 10 90 13 68 21 55 98 36 73 80 54 19 8 65 66 29 57 83 49 30 93 78 8 69 42 19 18 78 76 40 76 85 11 90 17 9 42 40 35
48 8 79 40 15 78 69 19 52 66 80 21 53 19 27 95 84 13 66 93 84 88 52 16 100 68 83 83 97 87 94 20 94 3 73 69 33 11 93 14 88 19 73 30 39 84 1 90 34 46 63 50 88 68 59 51 29 85 93 30
47 100 88 6 73 12 22 85 70 11 87 6 42 71 32 42 25 57 34 71 49 9 30 8 25 61 45 34 8 74 44 55 63 70 81 74 62 57 29 79 75 76 77 32 22 51 59 38 28 95 82 54 20 15 19 36 13 83 49 89
60 48 41 92 18 9 58 54 68 39 86 4 91 72 49 52 16 27 95 21 63 44 8 83 24 10 89 61 23 25 64 92 20 91 2 31 53 89 29 75 14 55 75 82 3 59 90 32 47 91 7 23 73 54 46 79 2 1 85 47
18 15 93 66 11 95 72 26 22 74 24 21 32 40 33 86 44 64 46 86 76 66 19 76 84 100 58 93 24 69 6 41 41 5 8 41 27 77 84 3 40 11 10 17 52 18 28 49 92 97 63 38 35 45 85 95 12 14 63 92
71 32 13 48 55 13 93 62 100 34 54 81 11 30 68 19 82 17 33 29 90 13 76 11 62 2 51 82 49 100 53 97 75 66 62 12 16 86 43 28 4 43 31 42 81 66 11 20 94 94 94 1 8 89 45 36 64 75 33 55
27 30 95 75 45 77 54 62 98 49 26 9 14 94 75 46 48 97 81 53 80 29 78 36 89 33 11 69 90 4 55 23 93 25 1 2 69 94 88 28 45 54 57 79 11 76 10 86 11 83 26 5 55 75 79 29 70 75 34 44
4 21 99 31 74 99 8 13 18 14 5 52 97 75 30 47 54 88 49 8 10 54 61 24 15 66 3 43 15 1 85 82 94 52 93 96 25 64 45 99 95 63 43 27 100 32 12 61 50 33 43 1 30 1 9 28 24 88 50 38
84 66 93 28 83 39 60 66 30 5 8 89 65 36 81 6 58 25 33 8 10 22 88 26 64 88 34 57 13 42 17 9 35 75 20 33 68 40 91 50 24 32 41 93 12 20 96 41 32 65 43 52 57 44 20 48 91 13 71 21
7 7 72 15 78 94 86 26 78 23 32 58 92 50 91 4 55 86 35 41 79 73 83 95 19 29 87 98 81 23 59 86 79 67 56 75 42 28 77 23 87 19 23 58 4 8 31 77 2 80 13 81 15 19 83 3 28 31 67 60
89 1 8 10 88 16 36 13 58 90 13 40 3 23 44 23 32 93 82 63 97 73 40 25 75 5 69 1 58 13 76 72 34 66 5 46 97 4 25 40 85 5 32 2 17 65 78 57 54 60 52 38 80 2 80 11 86 13 4 21
57 76 85 87 81 61 38 85 57 15 17 59 23 42 41 12 99 29 66 4 41 81 78 6 7 13 60 36 57 19 10 43 71 13 44 36 54 86 9 9 44 72 27 38 13 26 5 100 65 38 74 27 24 84 64 46 54 59 40 56
82 72 50 43 98 50 62 88 83 1 82 50 72 19 65 66 58 91 29 82 11 72 83 41 71 62 33 51 89 39 61 46 65 49 7 94 52 58 72 65 19 6 97 77 52 85 94 45 57 57 14 49 1 33 32 48 30 35 37 17
50 57 25 45 21 39 3 37 4 37 60 96 50 24 33 17 34 9 80 99 56 3 2 36 89 94 4 13 28 73 97 75 93 55 81 41 67 60 68 24 96 32 45 11 30 86 60 62 11 70 80 2 52 81 90 18 48 72 45 8
38 54 40 41 16 51 68 66 76 59 4 20 79 38 80 10 94 9 88 64 20 97 80 59 47 68 27 83 61 13 30 89 31 66 45 2 83 66 5 4 25 91 71 59 76 39 68 86 9 94 78 40 87 20 53 43 98 85 80 40
80 85 22 47 10 57 37 13 3 11 8 52 8 73 26 15 8 30 24 50 8 74 36 95 75 63 91 10 100 82 81 35 13 66 18 10 40 48 19 39 69 9 42 36 6 31 53 15 33 6 68 88 58 74 42 79 33 56 100 6
7 94 94 23 63 7 96 49 83 82 72 58 79 18 47 55 15 25 4 20 40 26 92 19 18 34 8 39 77 4 5 36 42 26 77 66 87 98 57 56 21 11 24 11 8 15 53 46 45 43 34 61 36 5 22 76 100 80 61 9
45 64 67 12 59 66 97 21 58 12 32 84 43 79 40 89 6 2 24 94 46 24 88 69 81 46 20 94 50 51 74 64 17 45 11 50 15 98 36 38 66 10 95 82 76 13 28 31 14 80 60 4 64 79 1 24 69 39 20 55
27 12 1 77 81 39 39 80 3 89 50 4 73 1 91 31 26 65 94 55 24 82 28 8 56 46 80 60 28 96 53 55 47 61 41 31 63 56 88 25 51 95 91 53 81 9 49 63 13 84 3 2 46 8 71 3 27 76 80 76
51 35 60 37 60 78 16 84 24 72 50 34 2 76 89 12 57 18 70 35 25 95 31 81 46 91 50 17 90 10 35 81 29 72 39 19 4 100 5 80 81 8 27 75 54 23 56 18 21 46 74 65 29 91 9 6 1 18 60 5
48 95 48 55 63 11 15 93 33 96 71 33 2 98 83 21 6 30 88 64 97 4 62 61 57 87 59 77 10 86 84 28 80 67 65 67 68 87 46 78 91 79 78 88 42 14 98 19 42 38 67 54 77 35 28 29 76 61 32 99
96 65 38 15 42 42 65 72 16 35 17 43 24 27 65 2 29 35 48 85 51 30 85 53 78 18 60 28 48 96 56 14 54 53 73 68 5 13 25 75 37 20 70 26 69 23 64 44 23 92 10 67 19 47 91 76 74 34 36 75
91 46 8 86 12 34 63 53 94 4 41 88 55 22 15 30 81 11 98 27 61 83 33 52 74 38 87 91 28 94 83 9 86 11 48 94 2 70 83 79 64 8 68 14 20 56 62 6 83 29 89 92 77 42 94 93 3 73 51 47
42 29 55 58 65 16 13 20 60 10 100 16 7 25 49 9 65 41 99 65 53 75 77 14 81 32 45 63 53 95 66 12 85 77 62 20 67 46 76 17 51 77 21 5 42 90 100 13 58 1 38 38 78 4 72 67 27 45 80 95
84 70 71 24 15 28 44 78 20 7 74 22 54 71 92 48 45 1 62 22 29 1 75 68 77 3 97 10 9 88 73 94 44 20 96 63 26 30 73 76 18 83 28 9 5 65 94 27 43 96 51 49 22 62 66 59 68 97 57 68
52 34 28 22 19 40 98 47 52 44 57 8 15 6 88 7 32 71 15 80 78 10 18 67 4 36 34 48 99 43 28 68 6 53 2 97 40 24 30 47 29 14 75 90 86 35 8 87 99 31 34 37 12 89 27 14 45 38 58 59
58 33 58 79 38 4 36 20 56 32 71 20 58 83 12 65 94 32 72 100 76 37 84 5 53 16 13 45 67 62 19 67 43 71 55 9 15 52 88 93 23 97 92 27 58 25 56 25 52 6 67 50 8 8 87 70 78 68 5 22
47 5 60 21 98 57 65 17 99 82 45 5 39 94 61 83 83 92 85 61 84 72 51 54 32 48 95 80 14 84 67 98 84 75 23 20 34 81 44 71 33 84 59 88 16 43 71 26 58 35 97 15 5 73 27 43 61 83 78 45
47 70 37 85 12 49 14 90 8 89 30 14 53 57 55 22 21 30 10 74 41 91 30 52 26 84 55 56 29 40 64 96 67 28 23 3 27 6 71 93 34 23 32 8 75 82 91 52 71 48 56 92 60 81 46 2 99 15 8 38
91 3 69 93 19 10 11 34 67 38 28 88 15 73 18 71 29 99 62 16 5 28 71 13 27 14 14 49 3 33 34 89 56 30 6 23 9 43 92 92 24 83 81 89 20 88 83 29 39 48 65 39 91 14 70 74 41 15 55 42
82 54 98 72 91 38 38 29 86 18 6 62 37 95 39 99 60 56 59 78 82 64 68 41 62 70 70 26 4 87 14 76 94 69 28 44 8 43 68 28 89 23 86 72 5 4 32 4 1 75 75 71 4 69 72 40 79 98 56 6
37 46 94 20 51 38 37 8 92 3 30 43 26 86 51 100 10 50 17 68 58 35 80 100 88 29 23 90 42 76 2 94 65 49 76 39 76 95 96 91 16 42 92 18 22 60 37 7 6 3 12 67 10 41 29 95 9 21 7 94
5 16 67 52 80 18 78 39 65 57 32 42 12 49 83 85 54 90 97 23 62 9 68 2 70 16 26 9 84 7 7 22 52 2 50 98 20 63 61 69 14 11 32 14 95 91 51 98 67 2 83 30 81 11 8 32 77 92 6 52
12 55 76 84 90 27 43 83 59 13 13 47 18 88 59 64 66 39 29 58 17 97 30 28 6 9 62 68 62 59 55 94 89 90 34 32 55 29 74 12 76 10 23 72 14 78 1 41 82 50 13 74 88 40 65 91 84 81 78 22
94 22 2 41 8 17 53 57 58 57 41 7 95 7 24 11 10 50 68 41 68 77 11 18 18 38 39 25 54 96 97 98 32 1 99 69 74 41 48 97 88 64 28 79 42 10 92 28 83 76 62 91 90 30 81 16 3 76 33 89
33 68 53 86 94 68 98 86 85 100 93 94 72 70 33 98 34 15 100 69 29 49 12 17 33 99 13 89 40 42 37 16 87 94 43 36 31 96 41 12 57 11 87 96 30 74 85 100 34 95 82 33 88 31 59 22 8 100 87 90
99 59 17 39 39 77 35 67 98 30 16 2 26 75 83 52 29 10 15 39 73 85 64 2 25 1 88 12 31 84 28 42 59 44 69 36 87 47 63 52 20 84 28 31 65 96 33 13 88 16 33 71 84 33 27 81 35 59 57 54
98 100 86 4 35 29 6 15 8 13 36 66 49 57 19 24 72 65 13 96 8 87 42 42 27 42 86 87 14 18 34 81 85 25 50 78 65 15 92 66 9 32 83 42 13 34 32 28 74 49 72 35 2 63 68 10 47 80 3 90
14 44 18 18 12 65 61 31 97 57 9 27 31 62 3 68 27 60 18 32 14 54 48 58 85 63 84 69 20 100 67 51 40 99 41 64 4 50 39 75 1 65 29 14 19 67 99 4 86 97 83 80 41 29 75 39 79 15 31 94
40 11 78 14 58 51 15 98 69 61 63 15 34 52 66 27 75 60 58 16 56 3 18 2 12 33 67 59 13 38 37 8 29 90 47 33 66 1 80 29 84 29 95 73 33 47 41 31 58 2 100 11 49 65 64 94 51 71 72 28
67 22 12 21 58 82 37 40 96 63 92 71 21 59 16 91 96 9 41 58 12 52 19 79 42 49 21 82 23 33 40 19 27 68 19 67 97 34 23 9 42 44 98 67 91 25 54 49 14 68 45 76 57 7 43 50 87 100 24 63
87 94 87 48 68 4 50 96 54 20 93 91 26 87 33 27 93 61 43 68 13 70 89 55 61 39 64 20 86 5 44 62 74 47 34 15 45 87 97 73 65 81 66 88 15 98 35 48 76 30 16 24 23 22 13 46 27 36 28 91
50 53 46 15 33 59 40 82 37 11 69 81 1 40 25 2 88 1 14 74 25 80 27 16 22 56 47 68 66 88 32 77 6 7 90 78 99 4 7 34 42 21 40 45 41 29 28 44 44 65 81 37 43 77 40 84 97 48 65 20
84 8 16 19 42 27 79 79 56 2 91 5 42 11 42 10 76 42 97 95 85 38 88 33 40 43 2 58 84 63 69 21 75 65 81 5 58 27 64 59 85 56 44 90 68 55 31 68 10 59 23 70 8 80 8 16 21 20 72 4
26 82 94 1 23 36 62 14 81 45 49 5 57 40 6 13 75 19 15 83 59 6 24 79 98 51 1 7 38 81 5 20 89 87 82 22 72 3 41 75 7 78 83 14 83 84 23 43 20 28 44 66 21 63 86 90 58 22 95 47
7 36 59 58 90 67 75 29 71 26 7 13 89 91 46 14 91 66 16 97 85 29 13 95 18 20 37 16 16 16 19 6 55 40 39 87 82 30 2 52 17 80 6 33 31 27 29 46 23 25 43 93 34 100 61 12 14 9 13 50
33 92 37 93 52 28 75 45 38 45 51 19 61 46 27 7 92 26 19 31 82 9 55 8 40 33 71 2 65 68 78 58 63 85 44 65 32 79 99 54 13 58 9 23 72 84 26 29 21 57 64 38 36 93 49 48 97 42 79 14
50 75 68 89 41 16 27 71 62 36 14 54 83 91 48 81 75 63 15 20 6 69 90 86 39 48 42 24 38 66 78 26 33 59 36 4 34 49 20 71 8 46 71 57 88 79 81 62 7 82 21 82 32 49 17 37 90 71 30 54
69 5 5 75 63 70 10 5 76 44 9 8 48 32 53 6 95 77 93 67 63 84 79 39 3 81 75 24 4 64 68 43 53 4 96 99 41 41 81 100 32 27 88 83 77 11 16 16 66 26 96 50 45 48 73 16 4 91 31 7
80 96 27 69 80 47 44 19 38 89 44 6 42 35 95 22 26 73 20 73 63 8 50 26 81 63 89 1 39 17 75 35 20 41 40 4 36 49 50 91 51 40 92 36 9 15 85 95 53 49 49 54 24 56 71 37 86 57 61 28
95 34 37 7 17 47 18 45 81 38 54 95 37 73 41 44 57 86 48 59 96 32 4 100 63 46 79 89 85 48 63 43 9 18 50 25 11 32 10 31 37 81 17 71 3 4 94 86 42 35 97 39 21 31 66 10 59 52 26 77
10 28 2 57 35 57 46 79 63 58 88 86 36 35 83 37 41 23 73 87 51 27 87 39 28 5 37 19 82 41 33 19 91 24 82 7 16 40 32 98 54 69 99 46 44 93 16 47 23 53 5 100 24 12 95 48 88 45 16 37
6 11 8 43 94 82 54 21 83 52 85 91 40 61 92 52 14 89 53 97 80 30 20 38 44 22 38 98 99 87 6 33 70 84 59 16 29 37 58 49 99 63 86 76 84 66 56 50 39 76 82 93 43 36 9 48 79 90 54 83
51 5 63 10 33 31 70 90 30 65 58 5 22 29 48 5 31 3 36 14 14 47 42 11 67 88 82 61 81 47 94 44 1 48 84 15 58 5 8 3 58 41 89 90 25 41 17 28 84 25 38 78 57 88 89 30 16 16 91 52
42 30 39 51 8 86 93 93 55 13 74 83 73 41 29 25 56 32 48 79 76 2 99 5 81 20 85 69 78 96 38 13 76 39 41 49 54 54 79 74 12 66 50 85 16 12 61 21 61 5 22 19 71 87 64 81 85 45 83 39
21 17 67 80 18 63 13 8 84 56 73 46 48 65 95 57 33 12 81 53 93 71 16 64 68 9 13 11 18 98 22 39 66 36 10 58 22 23 55 84 40 11 99 92 59 52 37 4 98 43 72 77 76 33 68 61 20 100 35 19
59 71 1 68 61 71 68 100 18 72 90 56 77 93 6 37 80 27 47 5 71 15 23 8 99 35 89 20 77 67 27 26 27 96 27 5 25 41 9 86 38 74 28 68 12 36 36 20 56 29 84 5 33 49 11 46 19 81 32 71
59 76 39 65 43 13 13 4 22 33 55 81 25 47 62 50 12 80 68 89 21 3 23 82 48 41 73 96 66 16 32 88 89 77 37 33 4 58 63 1 19 46 76 85 39 23 73 49 7 25 66 89 1 75 49 47 68 17 67 81
16 10 77 62 89 63 42 96 30 23 9 56 66 87 33 74 63 77 100 48 35 10 76 84 22 8 64 68 15 8 28 30 77 28 17 82 97 46 94 24 64 56 43 99 6 38 46 24 31 26 69 88 77 34 61 15 82 80 75 11
34 11 25 73 40 50 2 19 56 90 46 89 63 58 73 50 83 40 75 13 9 60 11 52 15 7 42 89 72 75 74 74 60 64 7 39 51 69 14 82 100 59 49 65 90 68 96 9 79 46 42 36 18 19 20 21 50 80 63 5
69 82 30 46 20 62 18 30 63 48 48 88 56 68 81 70 51 43 44 84 1 97 18 86 89 94 84 23 75 1 18 70 46 77 88 49 77 99 92 74 28 32 55 57 12 9 27 43 45 26 37 30 9 35 76 87 83 18 54 48
3 33 66 91 6 36 7 95 9 5 75 97 1 72 57 16 15 64 84 96 88 51 100 70 53 40 58 13 79 61 43 65 5 61 71 80 62 44 78 6 60 65 23 15 23 88 95 51 23 16 51 80 53 39 98 4 40 58 51 79
71 13 46 59 13 78 98 17 87 79 66 29 46 98 72 63 19 55 22 86 54 96 25 29 71 2 39 61 18 39 51 29 13 72 53 72 37 93 85 30 69 12 38 41 41 85 25 25 80 86 88 87 68 37 4 14 73 38 82 9
47 74 51 64 62 3 91 81 20 52 89 90 42 97 80 27 33 56 58 33 29 87 24 54 27 57 73 20 94 57 35 32 58 65 7 20 58 67 12 66 22 73 92 49 53 51 89 70 75 44 19 12 35 80 17 25 73 36 65 53
56 84 24 65 17 83 94 54 77 37 43 75 57 52 79 83 9 9 75 41 20 94 45 92 64 49 79 29 28 41 99 55 30 42 48 94 79 42 65 75 59 30 74 11 60 76 21 83 42 15 28 4 76 52 96 89 97 42 45 32
51 98 63 97 26 34 46 44 9 65 45 5 87 4 28 92 47 30 99 78 78 72 14 90 10 22 23 12 17 97 51 39 50 2 20 87 70 91 1 71 21 73 64 97 24 53 26 87 68 82 21 20 100 10 31 63 2 31 54 34
62 94 96 38 1 99 33 21 85 9 94 27 1 71 72 9 5 78 30 56 19 92 23 87 8 94 24 67 93 53 68 25 45 1 30 80 60 91 48 51 58 25 41 15 31 8 33 72 34 95 46 37 98 48 8 86 16 11 54 68
45 100 91 62 64 4 93 89 53 2 94 4 19 2 75 64 30 82 76 77 21 31 21 89 70 12 58 57 79 3 53 40 10 16 27 15 53 2 28 21 93 71 17 78 19 64 50 2 79 24 8 92 83 61 86 61 18 63 78 42
98 26 90 89 61 77 71 88 36 63 75 55 22 69 84 100 67 5 17 72 5 44 5 45 15 20 82 66 87 37 19 62 46 81 52 33 75 56 98 71 12 67 1 1 21 69 85 100 49 57 86 70 80 8 25 75 49 39 38 61
30 76 74 90 63 16 58 10 3 90 13 7 33 79 40 99 82 91 84 37 86 6 41 96 58 13 85 38 59 95 84 48 51 30 7 44 60 26 3 98 84 22 98 40 63 64 20 99 48 9 50 60 53 45 79 30 98 91 10 50
50 98 91 46 84 39 18 28 30 9 11 55 78 66 53 62 4 81 40 23 18 24 69 27 41 57 36 11 83 5 33 37 4 27 76 58 72 48 82 65 41 81 98 50 94 80 87 77 72 34 66 9 3 64 30 95 55 73 66 13
9 44 35 84 26 50 1 96 89 75 62 11 11 87 90 27 21 37 88 29 63 40 23 56 34 99 8 17 40 10 65 74 40 22 82 61 48 88 100 25 1 50 74 97 35 54 88 40 84 77 97 64 83 35 70 90 65 27 15 89
14 56 87 54 43 58 66 46 73 32 22 41 93 39 7 74 19 74 6 9 57 2 67 78 6 98 9 92 11 89 80 54 65 47 60 60 82 85 24 61 41 45 12 14 38 57 38 67 43 63 50 2 51 53 87 36 80 20 66 66
32 43 19 20 50 45 66 99 77 32 7 92 36 65 81 85 28 64 91 78 18 75 3 45 70 35 98 85 13 15 93 86 63 98 18 46 19 75 1 78 50 57 35 83 35 59 81 90 56 16 78 16 40 36 78 82 4 19 90 19
91 20 22 24 80 66 81 4 36 79 87 7 17 33 44 5 90 1 85 13 12 91 95 11 38 23 93 83 38 64 68 50 16 83 51 75 77 25 36 48 98 65 66 99 37 35 52 4 67 57 39 33 49 57 94 90 77 13 59 90
87 9 42 62 30 38 25 45 88 75 38 23 84 74 68 11 16 69 66 46 7 82 84 96 99 49 1 8 59 12 7 78 57 45 64 41 57 9 50 62 33 98 47 92 52 89 74 34 65 16 82 86 10 28 93 74 77 48 27 89
34 45 38 86 15 69 40 23 72 58 64 66 44 62 10 58 3 54 3 3 41 88 55 67 90 32 61 69 29 14 47 77 13 54 27 77 71 56 23 92 33 92 75 73 78 52 82 67 24 51 96 56 64 60 68 85 75 20 16 28
89 90 72 9 9 98 68 100 70 5 85 76 74 98 67 64 8 3 21 34 25 30 60 96 28 86 30 58 46 43 30 70 53 94 54 96 24 96 1 55 66 11 76 8 39 32 79 54 84 2 37 41 86 38 67 74 17 11 56 89
61 89 58 58 73 73 35 77 39 25 12 18 55 64 9 21 53 83 38 40 73 42 66 39 33 84 91 25 14 67 19 31 62 18 21 44 50 35 46 1 56 18 1 58 29 99 84 75 38 13 81 74 38 55 36 57 40 97 65 14
76 56 80 45 5 24 90 61 28 24 9 74 33 32 40 19 3 33 61 15 57 98 6 91 71 48 5 59 69 37 25 4 18 80 13 12 8 64 40 17 28 68 60 52 86 28 100 4 51 80 35 88 3 4 39 60 11 6 82 72
80 93 27 19 33 30 78 41 27 40 39 44 66 79 4 82 30 3 10 77 6 55 43 63 53 89 45 22 12 17 99 29 86 43 25 61 7 78 42 14 31 83 78 32 81 2 73 23 76 45 97 99 42 21 6 77 17 10 13 68
16 55 70 49 58 99 16 19 27 10 83 18 65 6 38 33 27 43 49 38 7 57 32 52 50 7 92 55 49 88 94 100 23 13 44 43 28 82 55 85 59 97 37 96 90 54 93 83 56 16 65 48 69 98 58 14 14 78 43 32
79 43 54 38 46 14 79 93 49 79 46 8 49 57 78 5 29 17 35 91 91 19 56 65 25 71 79 17 12 65 100 46 51 77 3 91 24 3 92 73 37 39 27 7 22 59 76 87 15 10 53 10 12 38 80 81 68 21 41 32
31 79 99 19 92 2 27 86 62 23 14 67 28 35 20 86 83 10 84 56 45 74 78 46 36 50 18 83 28 86 92 59 16 47 15 3 56 5 62 26 59 10 3 63 7 55 54 95 17 94 41 16 9 66 38 20 10 97 4 27
99 94 39 63 16 67 27 23 22 43 100 28 81 30 75 70 97 85 36 11 82 98 13 22 97 42 60 46 15 77 76 19 55 19 29 18 86 38 57 38 65 65 78 96 30 16 91 94 10 66 19 99 91 2 29 53 55 67 98 3
15 57 69 53 94 71 80 74 5 85 19 82 17 70 35 38 86 72 62 87 95 1 66 33 54 97 21 15 91 69 33 91 18 52 49 96 94 54 5 90 36 17 72 44 98 37 70 78 98 79 41 95 51 58 82 53 11 22 85 67
34 26 53 72 45 39 97 32 32 6 44 71 25 43 8 75 56 100 22 23 64 15 81 60 80 42 57 62 26 97 25 23 20 21 60 94 10 39 95 71 100 89 14 27 68 67 98 63 94 99 84 19 48 49 21 19 75 40 36 15
26 61 83 17 2 89 92 33 5 15 96 79 93 66 97 90 88 9 11 16 85 88 81 61 57 77 88 97 37 87 9 6 8 54 83 37 99 60 71 91 13 2 96 62 35 42 4 80 44 75 38 34 44 44 66 31 22 75 100 34
16 9 65 21 29 13 50 24 12 74 4 16 66 18 11 53 65 74 2 27 56 65 25 70 65 56 82 40 81 33 16 77 92 70 46 99 53 27 69 6 45 12 94 58 33 21 72 57 67 41 17 93 41 85 39 56 97 65 17 50
71 96 31 60 22 86 76 23 33 7 10 28 75 15 89 33 33 98 94 17 30 25 54 100 32 84 98 70 99 33 55 94 75 29 95 42 61 85 94 80 56 69 16 95 12 25 93 4 77 3 50 27 2 87 49 96 95 84 38 9
90 69 31 27 14 46 6 84 85 50 95 78 54 32 54 92 45 9 47 11 12 24 75 35 43 24 36 33 91 62 27 14 63 80 77 18 75 73 86 36 40 51 60 91 56 98 18 98 61 92 27 42 22 76 52 41 37 77 47 51
47 1 63 51 25 27 48 85 75 82 35 11 32 10 5 99 9 92 83 66 55 74 78 57 10 79 5 53 96 67 53 79 63 19 70 73 100 40 80 32 29 30 95 73 74 70 36 5 57 30 43 54 87 94 96 60 78 88 25 31
82 30 83 2 68 58 81 30 83 68 81 82 89 98 40 34 48 12 82 32 27 29 97 25 95 51 29 22 6 31 21 36 86 82 36 27 50 68 32 25 35 14 15 10 9 19 71 46 70 56 77 32 81 91 89 99 100 84 35 1
5 37 76 42 58 61 35 11 7 43 20 37 18 50 68 66 4 60 79 67 77 59 11 53 13 88 31 89 90 48 68 36 48 77 73 68 43 61 66 30 45 69 52 26 83 74 79 71 29 79 41 30 60 94 18 46 35 2 88 56
93 22 8 30 43 83 32 67 99 59 60 29 67 45 8 73 36 63 33 59 69 68 53 40 33 97 16 88 82 36 14 91 76 16 58 66 96 76 77 91 78 43 49 2 62 4 44 96 94 69 82 79 90 54 18 3 29 13 78 26
73 41 97 85 76 67 83 22 21 95 87 39 1 48 22 30 82 60 25 82 8 51 40 78 3 50 21 59 48 81 23 7 9 81 100 74 62 94 1 55 52 90 88 100 77 50 92 92 53 99 34 38 79 5 16 53 12 99 21 30
37 26 12 22 48 44 21 77 53 80 39 63 61 80 13 46 55 80 98 90 86 2 91 46 70 38 28 67 48 11 71 47 26 99 50 90 37 59 72 25 15 8 10 75 26 13 39 73 67 50 2 91 93 15 82 1 16 94 49 17
28 30 47 54 37 30 23 11 58 52 71 41 11 74 26 63 99 41 94 68 77 67 62 4 37 82 8 51 13 97 71 97 28 69 13 2 94 98 38 20 10 94 33 46 32 82 16 89 13 1 21 92 60 89 92 13 99 55 41 98
92 47 51 89 13 87 44 73 68 50 92 97 20 94 46 78 93 94 2 87 77 20 8 78 29 91 86 1 39 49 59 46 62 87 100 81 30 14 34 76 90 26 80 16 89 20 54 91 84 77 12 18 71 50 45 56 61 9 33 43
67 8 13 96 1 35 43 76 3 10 69 1 89 87 62 78 68 62 21 33 94 57 18 60 53 11 19 76 80 27 88 45 62 84 76 69 26 79 99 27 22 27 63 97 80 37 4 85 78 52 66 52 12 26 45 56 56 39 76 55
9 74 3 75 40 67 96 73 97 7 78 27 50 25 15 22 11 80 27 52 7 91 44 84 90 98 98 25 20 57 34 11 18 39 90 23 83 86 77 73 11 75 93 83 44 83 77 83 15 39 65 45 39 92 90 77 50 94 33 95
51 62 79 54 27 61 88 100 42 73 94 99 68 24 75 6 10 93 64 95 93 85 97 59 43 97 40 13 81 24 5 97 46 75 3 81 12 54 68 71 88 63 77 69 79 60 99 59 9 52 5 7 79 21 80 39 71 51 91 79
28 99 99 82 84 6 66 26 25 32 51 81 77 8 63 54 8 86 60 82 19 66 91 67 87 88 45 77 41 38 89 34 41 21 58 2 13 93 55 78 84 65 89 31 36 61 7 11 87 79 70 22 20 2 15 28 19 6 100 86
40 8 60 29 86 27 21 49 60 27 73 94 89 96 23 38 31 98 5 15 66 58 79 38 98 92 47 95 32 59 27 48 11 11 67 5 16 29 92 23 13 36 16 97 21 27 19 33 27 42 34 60 44 78 96 76 67 4 77 82
25 46 59 59 66 23 80 45 43 74 94 79 93 44 84 6 6 59 43 70 36 40 1 66 71 92 47 2 65 30 94 88 56 65 83 63 23 41 53 35 83 47 69 1 46 30 59 68 33 15 1 44 100 67 65 14 96 94 73 13
87 22 3 84 10 68 19 58 88 98 42 3 64 58 74 19 11 56 20 41 22 78 13 67 41 36 86 39 98 13 73 38 63 29 84 5 15 33 95 9 20 66 90 59 31 53 41 40 22 89 72 96 59 99 15 57 32 61 44 31
85 54 13 100 67 28 58 28 66 34 50 24 18 15 95 71 48 62 15 72 57 18 8 56 91 13 11 72 17 33 50 14 44 45 39 13 57 53 69 14 75 26 89 95 57 90 89 77 24 12 49 69 100 87 64 32 80 1 48 67
55 15 58 69 81 94 79 48 66 7 61 68 4 20 19 21 79 17 11 47 68 83 13 74 51 20 50 26 22 66 22 95 61 53 2 44 54 68 15 28 76 23 27 66 69 83 6 9 86 35 90 5 71 52 95 18 89 44 34 38
69 88 21 26 97 51 18 9 40 30 83 8 35 91 63 27 99 25 44 70 48 45 87 100 74 52 22 76 44 39 4 52 20 99 5 42 54 59 39 75 82 78 79 53 60 13 40 72 77 8 85 88 81 55 52 75 78 83 99 35
87 75 97 50 44 60 99 61 18 29 47 38 14 19 67 71 44 19 56 5 19 22 14 45 7 42 82 14 34 7 63 80 34 34 8 57 92 21 67 15 5 90 42 49 14 34 52 80 55 42 23 70 27 72 18 92 9 26 92 65
100 57 54 15 52 77 6 16 55 3 21 82 100 4 36 23 89 4 8 37 54 36 30 88 42 32 90 62 96 65 13 40 47 20 18 60 39 83 75 78 87 69 26 27 78 32 41 21 6 87 94 10 28 49 73 10 99 62 22 60
69 42 33 100 48 16 92 25 21 100 8 93 25 64 43 43 73 82 85 97 19 94 4 38 54 9 41 71 19 27 8 73 15 24 11 1 39 52 41 62 30 98 53 71 91 17 44 46 37 99 2 80 34 41 77 76 99 68 37 94
78 11 40 60 88 47 95 30 80 53 61 96 63 57 69 52 70 47 74 74 9 39 81 97 66 3 4 36 98 9 66 71 11 62 100 94 48 45 60 56 76 62 3 64 11 6 85 24 49 95 22 81 19 98 24 5 33 47 33 6
16 29 94 75 18 43 30 57 33 53 73 90 2 95 3 72 75 30 18 3 40 37 46 46 12 6 22 56 87 92 5 44 86 26 20 90 4 8 98 1 42 100 48 81 94 84 84 10 100 46 73 1 58 13 94 26 35 75 69 31
2 26 84 67 96 40 9 97 38 58 78 84 50 11 92 23 4 59 18 86 66 60 47 36 100 6 11 9 6 6 30 66 54 79 25 46 40 4 98 65 77 4 50 1 40 74 58 51 45 95 30 19 15 96 44 10 76 86 29 17
33 68 94 21 35 95 28 83 3 43 71 69 30 53 84 99 16 82 21 3 18 50 11 38 66 58 4 42 86 33 70 87 16 77 83 41 54 70 97 19 33 89 24 88 57 42 25 86 14 23 40 12 51 32 8 20 49 89 37 53
2 67 73 44 57 8 28 56 28 51 11 46 48 11 25 85 67 94 42 4 47 23 44 16 81 70 10 86 27 51 58 12 7 16 52 95 54 29 82 27 57 39 3 62 24 76 34 61 9 70 69 79 34 62 89 80 43 61 26 2
69 38 28 20 49 42 9 13 9 95 1 98 96 83 13 66 72 25 84 80 16 57 61 51 1 95 33 70 93 13 63 4 56 62 98 55 7 91 67 51 74 7 64 29 95 85 2 41 37 100 11 14 61 97 98 23 21 55 98 54
85 59 63 19 36 90 97 57 91 85 30 99 84 64 54 41 61 55 76 5 92 74 57 98 7 88 71 54 76 65 84 15 38 95 34 6 43 19 70 14 49 85 4 9 59 44 3 97 5 2 91 75 17 51 10 39 10 95 50 21
47 18 71 16 95 70 20 75 50 22 22 69 29 32 67 16 30 38 18 85 54 87 83 90 70 41 3 10 73 49 92 64 89 85 40 59 17 55 26 74 7 95 89 50 40 14 55 32 91 92 30 78 74 32 53 9 64 2 90 61
4 26 96 72 57 26 4 35 98 4 23 13 82 72 94 96 96 21 94 72 17 5 54 47 85 55 74 18 68 47 9 84 63 83 36 30 7 49 70 59 85 24 3 45 14 34 74 4 46 13 54 81 31 66 11 9 10 66 33 19
62 86 4 29 100 3 99 71 58 46 83 94 37 32 56 25 12 67 88 20 65 97 17 54 32 28 55 16 85 91 8 93 82 25 49 34 14 8 35 93 23 51 1 74 42 58 52 5 74 78 12 45 56 86 17 42 49 57 68 58
35 52 45 15 30 66 19 41 11 72 32 62 88 69 74 67 83 53 80 39 53 46 78 17 95 49 5 18 54 76 2 50 77 76 68 38 9 40 70 5 82 99 21 34 99 60 42 99 37 27 57 26 76 33 26 13 6 36 92 17
59 82 28 6 6 77 8 73 83 60 12 55 43 47 17 41 37 5 40 39 80 82 69 18 61 28 40 96 63 31 16 83 76 83 25 82 29 37 18 92 23 16 62 74 60 67 30 8 87 69 28 94 43 66 77 82 10 55 49 39
42 12 51 89 100 16 60 83 78 72 19 64 93 89 20 100 91 68 74 25 58 28 92 22 72 46 37 49 85 13 22 30 46 73 97 16 99 6 72 62 2 28 11 92 1 20 11 19 40 4 41 80 97 54 69 25 11 63 66 21
39 34 5 4 33 34 98 92 18 13 31 45 55 61 49 44 48 30 78 32 35 20 41 44 90 18 65 21 60 54 49 86 19 43 36 23 80 4 92 47 1 35 41 97 69 13 36 97 86 87 18 40 94 37 17 80 21 14 58 86
96 96 71 81 97 30 88 66 6 89 52 87 73 38 40 65 90 58 79 68 3 19 53 33 50 88 4 58 30 69 17 92 49 11 59 28 56 14 91 14 19 38 28 65 60 1 52 86 14 40 55 1 5 33 71 73 45 61 23 22
32 89 60 97 78 44 68 88 39 34 9 44 82 45 49 66 89 50 6 43 41 25 49 47 57 84 100 96 44 18 93 23 52 25 34 36 9 97 45 10 18 94 37 65 60 49 83 11 97 9 52 34 29 30 48 71 37 6 64 96
91 71 5 92 49 42 40 18 8 90 25 57 59 56 54 79 52 76 12 16 77 41 54 36 56 78 63 19 22 96 5 55 3 3 82 32 95 88 64 33 71 82 24 48 38 57 5 23 28 76 88 57 94 86 62 29 34 83 84 19
73 9 48 1 13 37 5 18 52 8 22 59 63 93 26 97 56 36 14 46 42 4 22 94 97 40 39 29 41 54 64 61 34 1 97 28 76 99 95 33 44 16 54 37 35 13 5 61 52 31 47 31 59 15 85 27 79 10 33 62
26 92 13 56 2 38 31 43 32 28 100 48 63 35 13 76 26 28 88 43 1 83 42 91 58 8 61 84 9 48 54 37 55 68 46 39 22 52 53 95 12 45 8 62 100 55 39 62 55 53 81 91 12 33 7 79 99 7 20 76
34 63 24 42 81 91 69 46 16 51 69 78 100 93 34 81 8 64 15 49 77 98 75 43 69 56 97 5 92 54 2 70 37 26 34 16 89 89 54 17 18 27 6 2 86 2 14 95 16 2 53 71 6 97 16 30 91 4 57 56
20 14 35 58 61 24 89 29 53 42 27 87 42 85 13 47 54 96 98 17 56 92 71 4 26 5 60 84 90 38 14 49 42 51 23 37 66 64 40 10 55 32 99 16 61 13 84 97 65 92 74 28 41 32 39 100 94 69 81 52
52 99 49 7 36 22 56 59 46 80 46 52 3 49 68 45 92 82 15 33 33 21 70 5 72 99 65 96 4 62 7 52 75 44 32 22 96 16 16 52 96 38 48 6 84 65 83 68 56 91 64 97 63 32 77 76 23 60 93 58
19 16 62 10 84 35 87 16 48 3 70 42 55 12 87 97 3 49 62 26 95 12 62 54 91 77 67 54 65 62 94 74 53 14 56 95 20 92 51 82 3 58 62 61 58 53 47 52 97 34 9 65 82 57 59 77 60 1 61 95
28 96 55 26 88 7 19 96 59 37 88 98 9 47 25 90 29 48 67 17 38 32 96 86 31 65 98 19 44 44 89 47 37 21 43 17 42 16 80 9 24 84 59 30 64 85 94 77 44 88 26 75 62 8 43 16 91 54 21 73
52 89 83 40 39 13 10 18 59 48 12 11 98 20 16 72 77 71 25 29 2 43 69 99 90 67 77 50 38 97 65 79 82 8 47 70 60 9 54 51 69 65 5 53 37 93 3 30 69 74 60 38 10 11 75 21 50 71 36 32
6 29 87 78 9 92 24 67 3 69 100 95 67 12 58 23 15 14 60 44 5 3 74 96 68 3 34 37 99 65 29 42 14 96 17 98 81 76 73 75 75 53 8 1 18 77 63 24 15 12 70 47 5 4 40 31 54 2 42 36
4 12 96 7 47 60 65 44 28 34 53 95 24 58 70 41 8 70 93 21 55 12 55 65 68 32 93 60 47 7 32 20 25 60 71 17 50 27 66 23 99 26 83 38 78 61 48 54 26 84 14 40 50 77 27 55 76 89 36 3
89 78 85 10 24 38 100 89 75 85 71 29 6 91 100 68 48 19 93 47 78 70 71 8 7 69 5 89 15 79 59 20 52 30 64 18 15 90 92 38 83 17 61 54 47 41 23 6 51 81 22 89 94 82 57 56 77 3 61 94
44 57 50 52 3 59 96 93 98 53 82 27 20 27 62 46 41 61 22 73 56 84 81 15 73 100 78 27 49 43 66 53 12 87 70 9 8 10 43 24 70 65 88 81 99 2 16 72 17 45 31 60 96 99 8 71 6 98 80 37
80 34 96 97 61 26 22 6 47 51 25 8 67 21 58 35 20 37 48 11 64 25 50 12 50 27 53 80 91 45 11 50 99 43 53 19 31 23 35 56 15 74 40 84 45 66 46 1 45 76 43 6 36 39 14 89 4 89 58 27
92 5 81 88 94 45 39 26 1 26 15 42 20 38 94 39 78 39 63 1 54 49 48 47 35 14 33 97 88 28 20 73 64 18 90 51 13 55 92 47 11 19 8 72 30 50 25 24 45 72 56 93 51 2 43 84 12 99 83 95
21 66 46 53 38 100 56 22 28 33 43 94 7 43 22 71 51 76 21 100 97 30 95 38 78 49 50 86 31 8 87 80 76 20 19 38 98 33 34 69 30 45 71 59 98 56 85 84 78 96 64 34 73 68 28 75 51 16 3 70
90 7 39 34 54 34 70 18 7 35 29 3 47 9 92 31 89 12 56 57 4 50 80 30 81 95 14 27 2 75 3 71 78 10 71 49 66 11 38 55 46 42 88 95 46 93 24 31 93 35 57 99 98 27 55 57 95 56 68 85
48 53 30 97 63 22 48 10 42 43 48 55 93 90 78 83 32 43 46 19 29 9 97 12 5 62 10 5 38 21 81 46 2 66 62 30 47 33 17 16 94 98 99 87 88 73 41 38 19 56 58 8 59 63 56 94 26 7 84 12
62 17 40 53 87 43 11 51 63 20 43 75 59 95 68 23 50 84 8 3 99 51 40 99 85 4 83 77 24 40 79 86 97 26 61 9 40 22 59 71 1 24 19 66 97 37 45 78 52 29 88 67 3 25 14 86 33 88 11 99
64 50 61 46 45 24 80 57 13 14 54 53 29 97 57 53 20 8 50 64 40 21 31 76 93 43 57 65 80 77 32 37 84 17 33 34 18 15 67 87 56 69 91 73 9 77 72 8 22 61 5 39 2 49 51 48 32 30 98 30
88 22 28 9 68 3 47 78 67 51 20 17 92 88 89 8 66 96 71 87 4 77 53 88 33 61 78 70 31 33 32 97 9 22 98 67 67 8 68 16 38 45 91 83 53 68 47 22 17 83 84 48 19 69 81 2 17 45 49 13
91 92 61 32 45 41 19 4 11 19 99 59 30 58 48 47 1 68 68 24 63 19 9 54 5 57 93 14 77 24 60 40 77 13 1 31 75 63 72 83 59 28 34 73 12 64 57 2 79 1 63 25 53 61 75 54 24 4 82 27
21 17 52 6 19 89 16 23 70 88 53 78 88 14 93 37 24 73 91 49 94 32 83 81 10 48 39 64 7 42 27 57 66 39 86 47 71 86 87 56 89 69 56 40 15 69 54 58 68 19 71 11 23 25 82 59 18 2 33 87
40 96 84 39 74 11 33 71 78 72 73 83 46 38 48 99 45 23 64 19 98 37 84 41 81 23 35 53 90 76 100 79 71 38 86 43 24 43 59 95 11 69 35 1 61 70 81 57 6 62 37 68 14 47 67 44 40 35 81 80
73 49 58 28 79 86 70 85 41 55 95 31 49 44 14 66 19 65 37 25 83 78 31 23 87 34 49 43 66 62 2 78 91 34 86 44 58 89 68 97 35 13 67 12 70 17 83 14 17 8 35 5 52 6 53 89 92 84 49 58
48 12 20 66 59 36 96 81 41 46 42 83 78 49 62 41 52 55 17 60 33 100 73 90 32 2 52 51 16 6 12 82 64 75 73 24 73 26 2 8 29 4 31 14 29 97 90 65 2 33 46 44 1 86 55 27 25 96 74 97
93 79 67 66 27 26 22 83 63 21 53 49 45 35 9 93 90 7 63 44 37 15 38 40 12 27 34 52 52 74 31 76 3 28 98 36 70 89 2 98 29 97 70 22 12 72 13 31 46 76 93 50 80 65 2 38 38 16 59 32
5 98 3 33 42 62 37 44 21 6 44 27 14 19 28 87 90 24 8 10 61 81 49 60 2 88 50 4 20 97 41 5 94 19 5 24 9 79 73 80 13 79 5 7 65 41 49 85 38 90 53 61 47 72 78 76 100 90 27 21
89 12 54 73 65 35 61 92 70 37 19 57 78 27 39 53 87 88 88 22 56 27 84 2 46 11 77 95 42 21 29 70 39 80 57 99 85 35 35 78 34 99 77 35 92 52 1 94 96 16 67 1 49 64 71 72 80 74 7 24
50 86 58 47 35 96 60 68 8 50 27 26 75 34 38 71 55 78 27 81 82 43 56 67 65 76 14 92 98 39 27 6 41 63 40 25 56 43 21 90 87 94 10 66 64 90 34 59 16 76 93 57 98 46 1 88 44 32 61 13
69 21 63 74 29 60 63 90 10 64 45 99 19 54 60 24 17 34 41 76 12 49 68 84 1 81 79 58 61 2 18 62 97 34 99 75 88 49 42 31 55 92 83 42 6 20 84 12 20 57 30 16 75 78 68 9 62 99 65 7
53 18 67 20 99 20 46 74 13 25 61 32 64 35 62 13 52 5 57 100 56 91 80 32 54 62 65 38 18 34 64 12 37 99 20 99 74 28 40 29 13 29 56 86 96 41 91 78 85 77 9 44 66 16 40 36 13 33 93 23
37 73 54 2 33 70 70 32 86 87 24 72 15 17 100 67 82 70 75 42 80 13 99 97 80 89 73 47 63 47 35 43 10 2 34 83 7 48 98 39 72 39 7 69 50 11 100 10 59 7 10 97 50 27 70 53 34 95 14 22
15 30 53 27 75 84 58 59 58 84 15 22 61 18 74 66 92 93 22 18 1 47 17 47 35 97 19 60 13 71 43 60 56 38 54 21 61 12 43 22 73 33 45 31 6 20 50 40 67 75 29 55 70 99 18 48 28 75 27 70
28 77 83 62 44 10 89 28 51 87 15 46 38 12 69 76 15 11 41 72 65 46 12 92 50 75 62 46 21 88 74 7 77 72 80 52 47 24 94 45 6 82 74 57 89 68 33 78 34 50 37 50 90 24 72 46 3 38 79 2
84 31 27 44 21 64 86 20 86 86 12 60 41 97 11 51 12 63 62 39 27 52 54 49 19 8 70 36 65 47 100 58 46 8 35 57 40 85 66 2 33 34 57 71 27 79 95 46 82 2 47 28 12 3 51 12 100 11 57 96
73 53 4 51 33 66 42 83 31 66 47 63 88 75 45 64 88 15 26 61 62 44 64 77 17 32 90 7 38 62 99 34 63 58 26 100 13 49 41 4 91 15 10 16 48 31 71 97 18 64 77 65 45 56 60 26 24 11 54 6
81 54 11 37 83 95 37 56 38 71 81 13 60 81 81 65 15 90 3 75 15 81 100 82 99 59 30 80 85 11 83 80 9 21 14 96 14 32 68 38 35 27 44 100 99 93 58 2 6 73 94 20 3 99 61 32 26 15 39 85
24 18 1 33 74 53 89 36 93 49 93 66 17 39 58 98 86 66 45 6 87 48 72 36 25 37 80 86 20 51 16 69 97 70 98 35 79 80 82 6 20 18 37 20 23 65 43 27 1 89 2 59 10 75 87 78 53 26 64 26
54 100 6 57 45 100 15 42 76 1 58 63 7 17 41 95 98 28 20 75 55 4 97 83 56 73 8 25 94 41 66 62 71 42 33 42 7 42 70 31 82 76 36 16 96 75 86 7 54 21 16 30 77 28 56 49 69 28 64 39
96 55 59 40 52 100 29 63 50 43 58 10 89 49 53 47 29 65 86 26 90 10 44 45 56 53 29 91 16 78 73 56 39 95 61 28 34 48 3 51 32 67 100 4 44 44 52 3 94 21 74 21 65 17 16 88 95 86 1 93
73 83 29 35 6 86 62 21 66 50 4 56 98 5 68 13 86 79 80 99 50 77 3 70 50 16 78 63 98 21 21 67 46 52 15 13 36 81 43 39 68 52 97 30 91 3 73 6 99 76 56 43 88 74 22 82 87 23 69 10
1 78 69 86 94 49 96 88 64 13 25 85 38 48 61 67 63 71 37 95 43 17 11 46 53 47 19 7 55 64 28 98 77 32 13 10 92 48 6 40 94 4 81 96 1 81 28 88 95 99 62 9 25 91 51 17 89 89 54 69
86 33 76 17 46 29 54 9 9 22 89 4 43 64 79 66 19 46 19 11 15 78 65 12 49 89 74 99 10 92 15 31 75 84 40 65 96 70 15 22 3 37 44 46 58 75 40 1 88 93 82 68 33 64 55 31 29 77 5 59
13 12 96 29 33 91 41 9 7 49 2 72 1 89 44 26 65 89 87 48 72 5 93 4 40 19 3 89 40 35 73 12 52 94 74 30 8 48 78 14 53 98 80 68 31 24 4 86 95 73 9 18 75 31 9 22 82 57 86 4
18 81 58 47 7 41 85 39 54 23 67 73 53 44 36 28 42 89 91 75 3 69 5 42 14 43 64 81 53 78 41 53 83 23 4 99 15 8 79 87 41 46 20 100 9 81 86 40 51 65 45 66 59 41 42 67 40 82 27 16
7 97 62 74 1 27 97 14 56 74 60 25 51 5 36 43 13 72 76 97 11 51 16 87 35 29 13 25 86 21 25 27 95 42 16 32 5 22 100 100 68 15 8 27 67 68 3 75 81 19 95 34 59 83 45 89 23 35 56 90
92 31 51 79 94 63 53 91 55 67 47 60 38 52 79 69 9 98 6 52 78 90 29 37 36 78 99 3 94 32 40 74 6 45 11 77 60 8 84 9 63 35 38 54 81 63 22 52 51 86 82 75 97 84 44 22 28 78 2 57
65 74 49 77 40 63 51 82 16 9 44 28 66 80 87 35 66 16 84 28 18 58 14 32 82 5 67 99 58 75 46 96 66 92 37 76 61 86 97 39 56 97 76 15 61 22 99 62 3 12 79 14 68 49 18 3 48 82 27 34
60 88 62 2 18 9 80 39 79 40 35 58 36 74 32 74 18 85 55 63 82 23 8 17 89 96 91 81 38 71 100 27 25 55 46 65 45 47 37 17 10 64 5 24 63 17 28 53 45 54 6 26 53 36 30 83 70 22 79 34
93 15 1 55 72 91 14 37 85 20 70 90 91 11 6 83 72 55 84 49 55 17 13 79 22 85 79 70 10 98 60 21 88 44 82 89 46 15 32 37 50 52 19 65 78 91 81 47 56 61 79 53 73 39 97 76 60 67 55 35
64 87 6 80 81 47 65 32 55 93 68 19 22 51 33 24 66 8 45 91 58 13 13 5 30 88 18 92 62 55 1 61 30 69 77 97 100 21 27 59 35 9 94 9 14 68 15 46 18 83 46 62 51 69 55 11 34 68 85 72
10 65 69 84 20 33 71 78 68 4 35 7 5 46 47 65 11 53 25 8 87 54 98 4 76 10 29 3 59 42 19 81 68 43 83 31 5 42 48 11 17 61 46 58 15 36 58 4 78 72 45 66 19 34 95 25 9 2 11 96
38 14 35 89 86 31 43 4 53 15 38 90 45 88 57 88 35 79 100 45 91 35 34 99 6 98 82 23 64 60 92 88 69 90 50 96 22 76 56 1 84 80 63 100 71 61 29 36 90 3 31 81 21 53 71 77 20 33 70 83
28 76 44 78 62 13 2 66 3 84 63 15 20 21 29 72 49 83 73 51 53 87 45 2 55 12 60 51 5 100 13 96 84 86 79 84 75 44 96 36 35 80 70 32 32 90 77 74 34 24 8 58 18 41 83 17 74 88 40 83
40 71 57 40 8 59 11 99 41 42 13 76 76 90 11 8 40 74 65 100 75 38 29 57 67 45 36 61 84 25 7 1 46 17 67 64 1 42 55 82 73 6 74 14 62 2 48 43 82 17 90 71 57 14 10 94 62 41 73 96
27 100 7 66 17 30 11 34 82 94 69 20 43 66 27 87 70 99 87 27 92 64 58 54 78 42 35 40 85 80 13 51 91 54 99 90 2 41 3 58 63 39 79 7 56 55 62 87 66 46 68 85 95 60 19 38 5 52 74 47
86 18 79 25 97 57 91 30 52 63 4 38 92 66 49 100 22 26 53 36 6 47 87 1 97 45 9 43 74 66 60 7 65 75 45 86 80 54 48 62 22 54 39 21 83 13 39 67 49 1 58 97 9 78 17 15 6 15 13 38
74 75 61 78 94 2 57 57 22 50 92 63 88 9 48 92 39 61 24 69 22 60 74 28 27 85 26 58 42 95 32 58 18 90 2 6 63 38 86 24 77 36 65 24 1 29 4 93 79 35 70 94 96 49 42 76 82 21 1 12
98 15 60 82 93 92 69 61 71 40 34 3 70 42 82 92 15 9 56 2 68 56 73 49 44 11 51 97 2 69 28 38 64 53 73 69 94 88 14 91 71 18 5 35 77 73 94 87 11 24 55 57 94 65 14 56 36 10 52 92
38 40 27 6 91 74 31 43 79 81 81 6 75 16 98 64 97 14 62 74 31 37 21 74 46 82 69 52 24 67 42 68 51 51 76 71 37 13 30 26 87 6 9 21 62 9 28 76 91 53 100 95 49 59 43 48 24 59 51 15
28 79 24 99 35 97 38 18 6 4 26 85 72 95 98 68 4 77 3 77 78 87 23 100 20 13 37 38 14 15 22 30 24 46 65 81 26 23 85 59 16 98 3 54 58 29 83 35 12 50 19 14 80 17 100 9 91 56 31 15
42 12 17 71 22 26 64 94 14 37 27 70 28 38 32 77 44 26 76 17 89 80 77 40 2 29 32 61 12 24 89 4 95 21 29 9 57 38 21 58 18 5 77 20 41 34 75 74 88 1 93 69 76 98 45 70 36 46 49 49
79 42 71 33 39 22 68 53 73 73 63 91 57 36 94 94 86 73 39 5 100 96 36 37 61 100 71 9 71 15 12 81 52 49 68 57 9 71 11 7 84 92 43 19 72 38 83 64 75 99 24 70 17 91 70 20 90 94 8 40
97 35 78 43 36 32 75 88 89 48 38 73 7 26 67 91 60 49 12 9 53 94 4 50 31 59 7 15 48 63 58 76 53 47 29 94 12 96 53 98 63 9 90 26 34 74 16 92 69 67 93 39 58 91 40 67 21 69 2 53
83 30 48 79 49 54 82 98 5 25 83 67 9 11 32 65 83 37 71 24 93 80 38 57 56 11 79 53 19 49 65 73 30 63 81 35 94 31 9 42 74 1 76 50 16 31 46 53 93 6 91 15 71 49 17 97 20 30 94 75
49 81 94 87 92 70 33 54 66 47 2 6 53 83 50 94 35 1 27 88 32 83 80 18 13 81 21 36 82 89 28 28 64 53 100 48 79 12 42 88 17 100 69 41 85 46 40 69 71 53 53 16 86 82 76 51 22 52 64 89
41 9 22 35 33 53 88 87 19 95 92 6 94 83 2 35 14 70 92 51 84 81 55 37 6 69 86 21 23 51 69 65 83 75 57 59 16 27 57 32 82 40 56 69 88 26 40 50 81 79 56 71 53 81 55 21 27 45 7 8
54 28 97 80 29 11 95 96 81 89 96 34 56 27 74 13 97 33 27 26 79 91 90 50 23 65 28 87 63 47 44 31 38 63 14 4 53 29 34 93 28 66 79 10 68 94 86 47 24 71 42 68 64 31 4 27 12 24 67 84
63 91 78 31 2 47 71 79 28 90 98 57 37 6 53 8 34 11 38 97 82 77 84 75 82 77 56 74 36 76 14 24 6 63 41 49 55 37 74 6 80 37 14 58 47 37 26 93 36 14 98 48 71 30 33 5 98 12 25 21
43 23 16 30 53 30 96 36 59 13 4 55 92 95 45 28 85 36 10 49 6 58 84 53 6 38 91 48 35 34 27 88 7 57 1 80 29 57 24 39 87 15 85 61 26 21 70 17 38 39 2 81 41 93 79 42 82 49 72 8
58 84 43 70 42 60 23 17 95 68 62 56 18 19 36 15 2 97 14 92 63 61 74 5 16 75 37 86 36 48 18 76 77 72 63 1 82 15 22 6 16 23 47 57 93 33 17 96 89 76 32 73 7 39 40 62 61 8 63 54
5 69 23 89 11 74 71 52 22 100 13 56 11 73 83 49 25 25 83 20 98 46 20 88 49 66 44 1 53 48 66 73 39 1 42 73 20 28 46 12 25 9 94 21 55 86 22 57 30 55 76 35 78 61 21 57 91 18 65 98
83 77 73 93 1 22 74 19 85 92 20 82 98 90 62 70 26 44 12 61 39 84 44 29 98 23 73 28 68 85 94 19 23 94 31 4 66 86 94 62 18 99 42 89 56 22 8 75 46 17 50 30 7 19 36 55 38 33 11 18
72 19 19 16 42 27 67 35 37 89 15 89 95 28 32 53 44 13 68 95 80 1 93 18 21 14 84 34 65 10 78 1 52 7 1 12 68 42 18 55 49 92 3 67 49 1 30 3 21 83 83 49 53 27 17 84 75 24 85 95
12 10 60 89 21 7 26 76 43 30 100 76 7 5 57 41 48 92 2 23 78 9 8 71 10 94 21 47 98 93 43 34 6 53 33 57 35 58 9 3 95 53 70 11 68 67 39 27 32 97 80 38 18 62 75 42 28 56 90 59
44 43 59 37 32 90 61 88 8 97 70 47 49 6 3 43 91 70 70 5 19 17 42 5 99 64 92 25 86 41 70 4 97 70 86 78 33 32 42 95 91 78 43 76 99 72 86 53 24 48 56 52 85 58 12 77 2 81 74 86
38 51 53 51 3 67 73 81 40 61 47 24 11 1 62 20 97 4 77 78 46 1 80 12 11 45 9 80 33 19 74 11 29 52 42 64 40 10 50 11 100 70 42 66 74 3 20 48 94 20 97 23 48 23 18 46 30 89 12 49
77 7 55 16 71 95 75 51 42 75 44 61 76 23 14 89 7 41 48 63 5 1 82 75 72 63 63 38 51 34 4 34 41 19 66 7 21 53 3 7 58 41 99 9 85 50 16 72 58 84 58 26 37 66 4 92 78 76 40 66
84 78 17 78 81 21 13 88 15 42 8 12 39 73 13 11 1 19 59 48 99 24 54 56 41 89 55 72 7 22 49 62 60 10 77 81 83 75 52 58 54 22 20 80 53 74 59 59 7 16 7 55 60 88 17 56 17 28 18 86
3 57 29 18 88 90 48 64 52 24 86 12 23 77 2 81 90 37 33 52 64 90 93 66 79 20 19 67 62 58 94 78 86 47 87 93 52 44 89 73 74 90 95 4 44 37 97 29 96 53 39 34 39 20 93 62 90 51 56 70
36 72 19 6 16 73 47 50 44 54 88 59 85 54 32 25 61 1 67 61 72 85 41 15 22 31 95 71 25 67 12 89 22 18 41 5 13 48 97 80 92 87 60 47 5 17 55 35 62 6 35 96 39 26 33 25 93 59 64 19
68 54 16 83 35 5 93 58 34 91 87 27 92 24 47 83 87 25 73 44 11 33 54 48 48 20 12 11 57 9 23 83 83 90 68 54 20 7 65 73 31 24 1 57 100 19 97 3 25 46 23 89 35 73 87 73 23 99 60 89
25 5 53 78 3 1 8 73 86 93 16 12 19 13 93 69 13 75 70 96 26 81 51 68 37 67 35 50 37 14 48 66 3 31 97 96 28 9 44 23 24 77 79 94 100 84 71 2 24 87 93 24 60 17 95 80 91 96 97 77
27 24 40 4 31 71 41 71 67 36 91 49 53 94 26 75 2 23 49 88 58 96 61 48 92 28 62 70 22 99 71 11 38 73 49 15 92 43 18 76 59 16 42 88 55 94 30 88 80 41 31 92 10 92 18 43 4 25 20 89
89 20 31 22 10 22 68 33 46 6 41 58 13 49 40 92 31 59 37 61 85 54 7 4 71 51 7 91 45 47 80 88 76 80 47 25 43 87 21 89 100 37 36 95 24 66 94 51 85 8 4 42 58 61 44 57 23 66 43 66
40 83 95 3 69 50 56 58 92 15 61 12 92 21 15 38 27 60 11 75 94 63 84 61 50 27 62 27 32 55 6 6 40 73 45 64 18 79 41 52 74 66 79 18 12 44 45 5 59 8 84 52 9 83 54 11 45 35 22 49
98 87 60 69 9 25 82 58 54 10 4 65 38 72 77 4 30 11 90 8 97 58 44 51 42 63 44 67 48 36 69 17 85 70 10 44 73 36 37 81 14 9 73 92 39 40 30 89 79 8 3 33 43 29 54 89 22 78 59 97
51 96 89 51 5 60 33 58 74 1 29 26 14 91 7 11 29 14 90 45 6 71 77 7 2 99 17 73 84 61 22 15 48 50 9 56 46 31 31 46 4 62 35 42 63 3 51 92 60 32 83 68 52 29 47 26 52 21 8 75
52 81 18 18 85 47 85 78 16 86 11 72 16 27 83 8 26 9 98 65 14 70 79 95 86 7 50 15 16 65 95 51 78 26 95 79 75 51 26 53 58 2 36 73 82 4 25 84 34 32 100 86 51 3 30 25 92 41 65 36
71 68 65 89 4 87 49 76 45 81 95 57 25 81 9 79 23 45 3 64 75 56 29 66 62 50 10 69 56 95 97 80 27 29 76 42 25 40 47 81 16 34 68 63 28 73 85 59 82 35 8 9 48 30 1 53 42 62 44 59
22 59 35 26 43 40 41 94 75 44 6 85 37 66 30 13 55 63 65 91 56 30 52 97 81 35 31 37 95 32 55 22 86 95 43 24 21 33 60 9 88 97 40 45 36 10 79 54 64 66 10 69 42 87 99 100 71 37 12 31
66 11 38 85 87 88 87 67 82 97 28 46 75 2 80 62 91 2 85 43 93 34 96 97 79 11 62 86 16 78 91 72 71 5 19 67 89 26 18 70 47 87 95 2 7 6 37 36 48 45 96 61 15 26 79 64 64 48 56 31
5 41 32 9 23 78 15 97 95 80 4 46 12 66 19 89 100 39 63 25 7 61 67 28 99 15 38 70 12 47 73 64 27 70 44 91 37 31 92 86 95 83 63 32 88 19 48 48 35 65 62 37 92 59 15 25 85 69 45 90
54 12 2 13 22 90 95 73 31 88 25 57 77 16 42 26 71 78 15 70 69 47 95 28 3 3 20 34 37 55 22 90 82 3 22 93 90 97 89 10 99 34 30 43 81 11 87 16 18 20 90 75 77 43 91 65 67 59 50 54
51 89 6 47 48 12 13 9 79 44 28 16 88 10 29 2 65 45 5 41 92 31 78 79 6 6 76 5 38 37 91 57 5 18 9 85 91 56 74 93 93 34 84 56 3 36 30 71 81 100 28 55 53 79 86 26 58 52 37 37
81 89 78 37 85 41 13 14 38 4 78 91 90 54 27 46 52 73 83 87 34 55 84 97 84 77 48 99 16 69 77 31 65 11 29 94 37 75 57 65 28 43 84 66 11 27 34 36 79 44 78 45 90 39 90 20 9 34 47 31
45 93 35 74 72 68 77 1 54 22 96 62 41 4 97 8 92 84 2 67 1 38 96 1 45 34 17 8 18 44 23 9 28 85 67 22 46 85 54 73 12 49 45 53 44 51 6 3 46 83 1 59 67 26 10 65 4 17 23 14
96 37 76 78 6 95 72 83 50 10 11 9 80 36 20 20 24 21 75 55 85 19 60 44 71 46 13 21 62 6 33 37 64 84 15 97 11 25 100 52 35 82 14 90 38 56 85 75 23 63 29 38 60 15 36 80 86 32 11 47
