70
4
26 14 17 16 58 22 15 78 12 94 93 79 23 17 70 18 15 18 47 33 38 15 75 8 29 57 13 49 8 71 19 32 27 20 38 79 97 82 87 83 13 12 62 89 91 41 55 27 9 90 29 64 61 5 86 97 75 3 57 50 67 72 22 89 80 94 55 71 92 77
43 53 28 24 76 91 31 32 4 47 84 20 17 46 65 18 39 47 19 99 9 5 23 91 65 93 27 59 47 19 34 67 32 24 21 53 39 8 26 9 94 36 16 86 56 17 6 69 59 1 41 100 88 70 52 29 68 29 58 17 29 85 31 26 75 53 5 32 85 45
74 58 70 99 69 7 84 74 77 10 22 34 99 21 25 89 57 86 67 48 70 92 24 45 95 34 71 88 18 55 45 70 60 16 55 72 74 6 84 45 87 91 65 55 33 68 67 19 21 8 22 41 5 32 27 72 70 52 79 29 63 39 17 98 90 43 10 72 62 93
75 30 67 51 70 13 40 65 70 7 33 6 9 35 63 4 76 55 52 58 29 83 2 45 72 36 8 14 87 77 75 27 14 49 39 66 53 54 51 17 62 5 11 25 55 78 58 39 92 56 37 92 71 35 99 20 92 21 14 87 82 93 39 57 13 99 88 35 21 50
70 58 61 85 24 95 71 69 77 62 63 73 16 49 65 82 62 10 10 59 88 73 27 99 68 4 8 100 97 73 95 94 51 15 87 47 20 4 69 6 39 51 4 91 84 63 16 13 99 13 49 3 46 67 33 84 22 46 26 4 27 8 15 10 92 39 28 37 63 77
37 68 10 94 99 97 13 77 58 57 46 47 63 45 39 89 71 29 32 53 58 84 30 28 86 15 76 33 64 17 13 29 42 43 53 65 70 81 88 74 34 93 42 69 59 64 17 92 95 97 41 75 43 70 27 52 35 89 41 66 17 48 58 56 85 27 90 95 74 72
99 65 70 89 75 99 55 66 63 42 5 47 89 6 99 78 44 62 13 21 52 68 38 25 72 51 16 41 63 67 90 74 69 42 2 35 93 31 84 99 48 39 92 46 13 94 5 54 30 2 41 23 86 10 31 69 99 39 21 62 91 65 92 54 64 97 81 20 22 22
68 70 22 9 79 37 48 54 13 90 30 5 25 72 27 71 29 67 20 100 42 43 51 27 7 28 75 3 91 61 39 16 20 30 8 5 79 31 16 67 69 74 54 100 75 67 3 62 36 25 82 77 2 93 64 88 91 51 13 25 54 10 30 17 50 76 83 78 36 40
65 56 43 44 66 9 19 24 77 94 23 47 36 1 51 16 93 3 3 46 72 48 28 43 41 94 6 67 68 30 73 53 16 38 5 75 89 100 91 97 86 5 15 8 49 87 37 60 86 61 45 66 83 57 48 70 21 20 81 53 70 60 84 9 63 13 1 54 49 57
68 43 21 25 49 91 54 71 44 76 22 19 49 27 55 46 90 50 15 51 26 82 71 82 83 92 10 82 59 38 66 65 31 79 94 42 85 69 47 65 68 97 91 66 3 76 19 19 20 12 81 20 94 48 49 93 58 41 89 26 31 88 51 68 68 96 83 24 80 66
34 24 94 97 31 10 70 13 100 25 88 44 82 46 87 24 19 89 73 98 33 75 70 84 67 45 65 74 100 24 43 73 86 7 32 82 100 79 71 36 3 93 91 47 79 32 19 16 91 69 18 88 56 54 94 58 32 62 51 59 66 53 13 82 25 46 82 77 27 14
5 78 25 78 64 37 6 97 11 26 12 63 63 72 8 70 64 15 48 16 7 71 28 71 97 86 39 86 10 74 99 23 55 35 52 67 76 55 97 34 71 51 84 13 53 46 62 5 19 39 91 40 90 63 12 4 35 46 46 98 71 97 57 44 8 61 68 17 61 36
6 35 89 45 59 48 89 97 73 93 93 88 40 16 12 42 91 9 86 3 52 1 5 81 90 77 27 97 74 80 98 41 6 18 94 92 61 60 50 58 85 42 39 22 60 31 40 66 36 88 84 9 67 11 38 82 93 98 66 93 94 30 23 37 49 31 46 84 74 69
51 56 41 6 75 36 76 84 6 58 39 59 67 91 25 24 69 46 26 38 84 28 15 81 99 46 69 74 91 56 7 30 70 20 75 50 13 95 88 27 60 48 23 9 86 78 86 72 70 32 65 23 52 89 48 20 23 53 71 8 99 15 100 63 10 58 83 54 52 50
24 51 85 59 90 55 27 40 20 87 76 45 74 73 24 92 66 99 79 15 53 88 54 83 34 15 62 46 44 32 15 93 89 83 69 70 9 3 11 43 41 57 19 61 43 17 90 96 96 96 90 66 75 42 3 77 64 42 46 90 85 26 26 12 5 77 60 86 12 66
72 53 41 80 16 8 15 46 8 69 19 45 12 86 4 10 74 54 87 22 23 1 12 22 27 41 50 86 30 78 21 71 41 83 43 12 28 95 68 58 3 75 59 13 87 66 61 85 61 12 71 57 70 44 88 53 94 67 13 43 41 62 56 68 45 14 99 38 67 3
2 7 14 23 71 16 77 80 57 77 46 24 90 73 42 64 96 46 20 84 92 17 67 93 56 95 87 51 62 95 94 14 80 30 30 99 79 82 79 57 63 80 47 85 40 92 36 78 3 21 100 99 62 43 97 53 46 68 31 75 100 22 68 83 67 47 78 88 9 68
24 68 41 57 73 26 1 88 53 94 41 74 82 10 46 78 58 30 3 44 3 10 48 10 42 34 28 23 16 16 18 69 71 61 11 36 29 79 97 72 64 34 39 86 41 95 21 87 39 28 81 65 93 70 28 46 71 65 5 82 47 80 45 73 63 83 79 62 88 76
48 31 10 67 7 60 100 27 94 12 87 64 59 60 68 80 61 13 89 38 23 48 70 8 56 98 80 91 93 50 82 92 89 50 29 48 74 22 22 68 45 7 94 9 30 18 44 14 5 50 27 66 45 32 18 9 42 99 15 25 13 46 45 89 41 74 7 58 35 12
90 49 36 69 3 44 29 26 94 68 44 84 73 7 42 17 44 99 75 60 51 69 8 7 23 54 60 67 9 67 66 2 96 23 26 16 54 13 45 80 73 8 4 93 48 20 99 98 23 24 22 7 16 82 85 85 22 80 97 97 30 18 14 67 64 83 14 40 56 71
86 66 25 29 18 32 88 19 93 87 69 97 87 72 2 64 40 8 27 38 100 56 20 76 20 98 31 93 94 80 13 77 62 98 74 71 40 84 83 31 27 54 8 88 95 59 58 95 57 80 32 80 58 11 29 97 77 92 20 62 88 20 94 81 72 12 61 67 38 68
21 27 1 7 12 60 96 90 22 12 87 47 8 42 83 38 65 38 62 18 26 72 42 21 12 33 80 74 100 98 56 48 47 20 85 56 16 47 46 45 2 24 11 30 23 60 69 57 67 40 52 2 42 80 29 70 57 27 91 87 64 76 79 18 72 71 51 56 33 90
85 82 69 13 83 14 58 31 76 88 61 25 22 73 51 96 47 85 37 13 79 84 61 61 91 88 77 89 52 3 60 91 74 34 97 70 16 9 17 57 65 41 65 14 3 81 53 81 8 97 37 83 27 30 52 14 96 43 76 6 24 17 25 51 77 77 82 78 66 86
66 4 45 62 23 84 97 47 60 34 59 61 56 98 4 25 17 21 39 77 75 60 33 51 27 1 42 11 3 15 66 1 41 42 12 77 41 94 90 18 73 65 86 18 66 87 60 39 4 28 40 97 11 1 79 64 51 17 81 36 93 31 34 81 55 74 65 16 90 32
62 75 85 11 69 53 99 35 66 99 99 6 86 69 69 57 2 13 34 83 9 24 54 81 8 54 97 70 92 59 78 13 89 99 41 41 61 53 49 95 35 7 97 3 84 68 64 24 22 73 99 81 99 16 85 2 5 98 98 46 24 21 2 42 39 92 66 6 17 66
93 30 73 38 53 67 70 12 100 31 59 66 24 51 42 29 25 80 25 7 85 45 86 19 14 18 1 73 4 71 37 35 5 87 7 76 52 68 60 84 93 81 8 62 93 40 72 63 39 65 73 80 47 73 27 22 31 10 2 69 83 100 87 93 13 46 32 84 49 2
49 20 3 51 68 64 9 56 17 72 2 78 90 18 51 91 93 25 89 81 66 97 46 82 58 68 29 54 51 82 69 25 49 64 78 43 16 83 16 9 98 5 72 78 60 99 4 96 31 45 59 96 6 74 100 100 3 74 97 69 69 55 29 88 99 4 32 85 70 58
58 59 86 62 94 75 13 64 47 81 32 51 33 35 49 50 26 40 48 46 100 36 63 39 60 5 47 47 62 57 41 91 41 26 20 15 24 74 53 73 91 62 59 48 64 56 75 1 76 99 3 89 42 2 63 34 69 93 81 89 23 97 25 35 48 5 63 99 31 88
54 63 56 52 16 87 82 35 85 81 53 45 21 49 90 97 39 65 50 16 30 34 27 51 54 85 28 91 10 47 32 68 11 56 40 90 85 8 88 81 73 86 36 64 95 19 62 1 51 5 99 56 14 34 3 45 81 47 7 48 94 58 88 66 88 14 79 21 11 8
8 32 61 48 60 59 52 16 46 63 47 1 95 2 7 26 18 54 31 42 55 42 73 65 50 79 21 48 98 61 82 2 17 63 72 26 74 23 38 37 46 98 19 68 22 86 69 43 41 53 40 57 16 23 87 2 13 53 55 7 49 31 63 46 34 100 18 34 86 31
40 66 20 56 78 99 38 61 35 81 25 82 44 15 82 56 78 41 19 20 32 16 30 34 8 24 16 87 47 15 1 21 71 2 46 50 97 83 19 51 82 1 88 32 84 67 18 18 86 37 70 98 35 46 90 33 28 48 63 73 41 51 3 11 38 77 61 34 78 95
9 72 62 30 41 14 77 94 1 48 80 4 99 87 77 81 41 90 98 87 90 71 75 92 88 7 60 69 51 25 38 11 70 24 19 39 1 84 83 39 72 13 42 9 13 21 98 96 64 25 56 97 87 23 100 16 25 63 38 16 59 55 68 77 85 70 32 98 66 12
52 100 59 81 95 96 80 33 91 31 40 5 16 25 54 87 20 3 83 28 37 93 95 76 18 65 39 18 9 66 6 64 14 79 48 76 70 30 60 30 26 26 1 75 83 44 16 75 78 22 64 83 66 56 21 87 70 89 65 18 71 38 4 55 99 77 52 41 20 44
57 87 73 79 78 15 57 26 27 26 40 21 71 98 6 50 28 28 5 10 29 68 8 55 15 82 46 90 26 8 50 46 85 21 56 38 33 27 92 51 87 38 72 59 23 1 78 87 95 70 62 61 88 92 31 44 27 68 82 83 76 4 47 19 38 31 41 70 60 55
93 1 49 74 63 45 60 40 28 23 16 49 92 69 68 93 15 55 100 100 45 34 37 86 2 92 100 71 8 27 6 2 32 7 42 66 45 27 8 95 74 81 77 35 31 59 74 14 31 92 57 16 1 93 51 96 75 33 90 82 1 76 63 55 53 46 7 99 45 22
35 52 15 65 22 42 41 34 75 65 37 50 17 21 53 30 67 29 69 69 44 21 30 40 95 12 10 73 88 58 35 25 42 6 75 33 44 37 43 87 78 49 96 75 34 97 93 43 55 42 70 25 96 65 30 18 9 91 64 23 57 13 54 52 48 3 39 1 31 43
6 90 36 37 63 83 91 4 91 34 69 27 79 85 55 57 53 47 72 65 25 75 82 2 17 71 85 84 72 41 24 82 65 10 90 23 93 94 8 20 80 16 76 65 3 68 5 26 28 48 97 63 79 39 71 71 69 75 15 34 22 69 39 56 88 93 23 36 42 8
98 77 12 79 95 93 3 42 37 79 85 76 69 40 47 50 49 39 98 29 84 28 6 66 90 87 25 91 6 38 49 7 80 75 25 72 97 66 64 29 46 2 44 47 51 87 15 62 39 80 68 68 31 76 74 93 39 14 14 39 9 72 46 20 73 81 5 82 16 77
21 1 41 65 43 41 95 16 30 5 90 50 82 35 38 4 20 81 63 16 95 26 90 15 55 67 11 84 69 31 64 91 69 14 40 49 69 62 34 11 52 22 10 69 82 21 98 91 58 55 100 17 8 71 93 12 80 33 51 36 40 10 28 26 74 90 81 1 46 79
90 89 15 69 56 58 58 4 6 38 48 5 50 85 5 86 31 20 51 7 86 79 33 40 19 29 59 78 39 89 91 90 4 16 24 91 94 70 40 86 81 11 3 28 88 96 28 10 41 14 76 36 26 39 95 6 22 10 79 14 83 43 76 13 64 35 21 63 82 65
26 54 17 98 7 98 35 18 58 79 16 64 57 77 93 31 17 21 52 54 22 34 56 11 50 12 14 93 10 95 10 59 63 94 82 78 85 46 39 5 44 35 96 76 34 34 21 87 9 8 29 94 14 79 42 20 69 54 96 91 84 99 29 89 48 15 59 74 43 40
51 76 56 66 56 6 14 88 60 91 12 6 93 56 69 86 13 73 73 78 63 64 20 9 27 32 68 51 63 47 19 19 69 78 68 11 28 38 38 69 86 91 61 20 72 88 92 17 73 88 50 34 13 89 81 52 98 12 65 72 66 12 67 78 29 19 28 6 54 65
65 35 24 32 77 39 19 41 64 80 30 72 76 35 40 7 85 78 80 58 94 88 15 96 4 16 36 10 25 64 19 36 82 61 23 30 59 57 41 73 1 90 83 42 49 57 35 94 15 3 90 43 78 40 93 70 68 26 94 25 68 87 1 67 73 94 79 57 99 1
57 22 51 81 33 83 87 13 24 13 70 99 49 77 96 64 1 49 33 55 46 89 95 100 28 86 59 38 96 15 95 31 93 84 89 61 19 53 13 26 79 48 69 93 15 9 53 57 54 58 12 42 73 77 85 70 22 34 78 59 2 63 93 35 97 7 70 14 7 59
98 88 38 85 19 38 30 28 84 76 83 55 63 34 87 85 70 36 60 59 30 86 57 41 5 94 53 17 79 76 37 56 15 57 70 11 35 8 28 88 54 81 29 94 74 10 21 79 31 9 7 70 99 37 63 38 83 57 62 17 89 6 95 19 60 31 79 75 47 46
62 63 100 83 45 62 69 8 81 70 38 71 4 39 79 90 97 41 80 59 8 68 13 13 85 34 13 81 56 52 61 98 79 43 9 89 38 90 59 30 82 66 65 44 19 27 7 7 62 26 59 84 56 62 85 6 38 98 9 62 74 95 67 57 20 39 10 56 68 34
15 87 69 75 13 27 63 18 52 70 19 37 46 12 28 52 8 14 74 7 84 31 91 55 30 86 24 13 88 38 11 98 91 32 63 90 44 39 11 35 21 45 27 80 36 91 62 33 91 94 42 56 9 37 11 29 22 97 92 91 56 21 48 50 84 57 97 99 54 43
88 44 94 95 89 60 12 91 55 57 95 39 21 39 7 91 69 18 15 39 8 83 44 86 16 67 90 33 69 37 68 58 62 79 51 58 6 82 56 19 54 54 93 83 34 95 30 62 39 73 26 93 11 71 62 15 65 27 37 78 43 82 43 35 93 32 17 51 30 46
50 5 62 46 33 96 42 86 5 81 66 72 56 84 13 76 58 56 96 83 55 98 29 87 86 21 60 3 88 66 88 69 94 73 35 59 28 91 15 22 56 100 52 54 10 34 65 63 94 67 38 12 70 60 11 87 67 33 60 33 39 65 52 16 64 36 60 94 74 61
12 42 60 34 47 78 53 71 4 52 72 78 74 52 29 2 32 55 27 73 11 9 91 82 95 10 87 53 40 30 71 85 14 44 67 24 99 35 90 35 36 20 12 21 99 85 2 75 3 83 33 39 78 91 50 91 77 68 29 70 74 73 6 100 21 12 20 78 41 71
57 69 44 75 60 89 55 100 30 3 99 9 37 81 40 85 84 52 73 74 44 83 21 43 91 48 17 32 55 63 17 23 64 69 45 15 50 88 77 92 30 76 73 96 52 59 24 94 64 25 12 45 80 74 10 22 74 51 90 94 90 85 48 20 2 38 38 20 57 99
2 22 96 97 18 99 31 63 66 69 46 93 63 12 11 23 13 80 34 9 82 37 87 88 71 63 90 76 9 46 22 100 91 20 13 79 63 11 24 29 94 9 42 62 98 64 35 64 23 92 27 40 47 77 89 70 74 56 96 3 76 53 99 29 21 58 66 69 40 24
95 5 12 60 17 49 65 56 69 42 24 10 54 3 36 54 96 63 61 14 19 99 99 36 94 97 42 31 51 18 17 78 42 21 51 51 16 73 80 20 62 73 63 44 81 59 88 40 14 26 44 55 54 21 11 88 58 55 84 91 35 16 17 37 73 61 4 31 24 55
90 10 83 76 94 35 37 79 55 37 14 97 47 31 8 54 7 72 100 49 35 76 53 66 72 21 79 1 98 40 27 47 87 55 13 51 66 25 78 1 94 18 76 3 1 64 95 89 7 18 1 42 24 1 24 55 88 78 37 56 68 14 14 73 68 44 98 72 46 75
50 93 17 67 59 31 39 70 53 80 7 7 54 59 30 70 70 46 45 60 29 26 26 95 64 71 86 72 91 65 8 2 68 65 7 49 53 85 16 35 80 80 34 17 44 40 41 22 67 81 28 89 20 88 59 16 26 75 2 43 18 76 21 10 63 37 27 63 12 19
41 58 31 100 26 94 79 51 79 72 27 40 4 3 71 49 19 92 41 61 75 6 82 34 68 58 75 49 52 40 2 65 45 79 51 11 11 48 68 20 23 56 43 54 72 29 67 25 38 18 91 85 21 83 84 98 14 62 97 16 49 21 70 51 39 14 79 11 56 58
65 13 54 57 92 87 53 3 59 36 34 22 28 24 58 13 82 64 24 62 2 17 44 75 32 10 93 17 36 37 81 79 50 17 30 15 57 36 85 78 75 28 42 17 70 5 25 1 16 75 55 75 4 69 67 33 86 87 2 7 64 94 68 46 83 15 67 100 26 77
15 12 100 79 91 19 12 91 76 91 98 49 71 7 16 21 48 87 70 97 36 31 2 23 31 31 53 75 11 71 98 81 79 9 16 86 57 1 83 4 1 24 67 19 10 15 39 58 55 89 29 7 3 81 16 76 79 24 43 49 42 18 58 91 99 82 88 75 22 77
91 87 82 19 70 54 13 81 14 54 20 52 9 86 61 69 5 77 2 27 54 3 76 99 63 33 92 7 79 58 36 30 43 87 27 46 91 82 21 28 59 3 51 7 82 10 34 47 24 28 35 98 64 3 34 4 19 73 88 27 7 26 84 83 31 54 81 78 30 73
100 8 99 43 2 14 45 70 76 72 93 27 37 82 10 21 10 44 88 73 24 7 17 75 99 61 16 85 50 89 64 68 92 96 40 27 12 30 46 51 24 92 83 44 90 72 80 88 47 98 57 61 96 86 39 84 90 63 39 48 72 9 4 7 74 31 63 81 20 55
30 98 11 27 19 54 46 45 48 52 92 40 87 8 61 1 36 32 9 39 12 82 54 64 21 75 31 74 75 71 41 36 75 10 35 80 76 55 82 61 33 42 78 52 52 48 70 97 34 50 45 11 50 59 77 6 44 69 3 66 30 73 29 42 76 22 94 54 42 46
78 27 44 22 63 89 54 36 45 4 8 59 35 2 86 31 64 41 85 26 3 95 68 71 98 50 49 79 28 48 94 3 19 40 48 84 55 14 24 43 84 27 86 82 85 79 85 54 33 41 50 39 47 76 30 6 55 40 48 88 83 67 53 14 86 3 46 30 18 77
46 83 46 90 54 2 42 64 78 84 67 51 1 44 31 88 99 76 84 50 13 98 8 79 32 54 2 64 69 30 78 31 84 14 33 33 53 15 56 12 9 34 45 23 40 14 61 64 31 49 61 35 47 68 28 95 57 76 92 67 90 93 56 10 9 34 57 12 81 73
11 31 61 14 81 7 59 24 30 70 13 60 94 43 30 25 35 95 15 70 59 83 74 27 89 54 43 37 80 91 33 81 24 16 59 59 88 75 4 67 67 48 97 51 46 29 39 94 38 66 67 50 23 13 13 85 27 48 18 83 43 37 33 89 3 94 72 48 21 16
74 41 34 36 50 23 38 6 83 50 75 7 38 77 59 41 48 4 22 54 69 82 38 22 37 37 61 95 26 18 2 83 90 36 15 52 49 15 69 35 55 74 97 20 67 29 33 30 89 8 98 84 27 8 97 92 96 11 8 63 79 76 3 71 3 2 3 73 92 23
56 32 38 11 23 100 76 47 14 18 26 77 44 69 39 44 19 28 3 93 31 31 90 78 3 46 90 76 93 80 93 67 28 79 50 42 43 97 84 94 63 11 50 24 70 52 58 8 90 86 6 86 96 97 20 65 92 60 71 71 32 8 48 62 21 49 12 74 63 96
6 89 83 36 81 3 55 37 28 58 2 43 73 89 35 26 6 26 48 67 15 67 69 78 11 94 42 34 18 98 23 74 73 90 55 20 56 3 60 10 80 12 70 71 24 57 82 74 66 98 35 65 75 57 39 37 82 55 91 37 20 20 86 78 34 16 55 53 42 21
18 11 79 89 44 35 4 25 29 16 30 97 90 3 64 91 22 9 85 41 83 97 10 73 62 6 66 37 53 80 48 33 69 83 23 1 37 60 70 79 35 26 47 47 6 90 6 89 13 80 95 54 37 94 73 5 99 2 85 96 30 53 58 58 95 87 93 79 2 57
3 21 74 55 38 71 2 18 3 55 19 10 88 54 75 82 14 95 41 87 9 74 99 84 6 66 11 8 33 35 23 69 71 85 47 45 68 70 62 3 25 35 4 81 100 12 7 37 22 37 88 17 20 16 1 57 54 6 7 84 77 15 93 5 99 13 10 86 40 31
37 78 76 44 3 76 11 57 57 89 78 41 83 23 2 72 59 60 9 17 59 73 87 6 71 66 34 81 60 24 86 19 47 22 44 95 44 90 2 30 49 32 50 100 57 25 94 39 10 78 45 44 90 43 94 57 36 31 37 45 8 43 97 94 51 45 63 5 2 33
60 59 7 42 74 100 46 29 78 91 23 76 83 96 38 77 63 5 8 45 28 9 58 57 87 7 38 30 66 99 10 90 82 66 16 49 78 76 60 73 49 93 12 86 96 62 60 52 7 49 31 9 43 24 27 2 94 78 93 68 53 17 76 65 34 74 92 85 23 69
46 86 23 96 64 44 69 61 27 21 20 66 15 33 94 28 3 43 43 83 57 57 21 14 7 18 62 44 72 60 11 36 69 51 48 95 46 9 92 9 99 46 36 38 80 67 45 33 73 28 99 78 41 10 70 51 83 97 79 9 47 2 38 93 42 20 8 56 91 5
47 98 83 50 94 75 24 72 7 54 49 53 33 100 52 99 98 42 46 70 31 48 52 91 33 30 19 33 32 41 64 97 57 85 2 56 8 58 83 6 79 85 50 1 97 87 88 81 85 75 50 87 34 88 33 50 74 40 62 51 62 80 76 4 32 72 1 20 77 43
67 58 3 53 55 37 40 100 76 26 2 7 30 24 57 25 81 11 40 35 41 12 54 39 99 93 89 38 17 51 1 3 31 10 52 56 42 88 71 65 45 7 49 88 59 100 95 6 81 46 89 73 10 29 75 64 32 81 93 48 81 68 20 18 2 50 78 52 40 49
4 37 39 33 3 35 91 43 8 42 51 29 39 86 93 82 84 36 49 15 88 69 88 40 14 16 54 35 92 5 100 20 2 92 92 81 14 46 85 4 14 86 46 50 33 15 40 12 39 9 91 63 35 68 68 98 99 29 90 15 99 95 11 1 44 83 8 59 27 39
87 92 98 41 28 10 43 20 49 45 30 53 86 44 46 86 40 64 73 16 24 83 23 23 78 77 43 67 58 81 29 18 63 59 32 81 56 19 30 83 84 11 18 28 39 76 44 85 72 34 24 69 15 23 10 72 59 92 25 91 100 32 81 84 64 64 71 10 24 14
75 84 53 12 51 92 79 49 31 52 1 31 22 38 90 12 69 91 94 38 82 87 53 1 84 84 86 41 55 67 13 42 47 10 74 65 92 6 20 80 24 43 71 95 97 96 99 56 38 98 38 12 61 86 52 15 8 49 70 17 100 58 98 47 67 5 53 88 19 50
20 78 44 14 96 46 38 87 48 85 84 79 48 98 2 42 50 32 59 57 23 79 7 35 50 73 53 74 32 24 46 5 67 68 1 69 72 51 94 9 13 96 84 65 92 27 17 59 80 4 93 13 74 93 54 32 99 43 74 72 2 78 32 66 86 58 2 12 12 68
52 99 96 87 1 99 87 14 87 63 28 22 18 29 95 51 30 27 61 91 44 98 32 61 63 25 12 33 97 25 12 59 60 81 61 30 68 15 59 71 88 77 1 7 13 62 10 46 23 23 41 31 96 11 24 46 46 31 4 47 51 88 57 94 75 15 17 15 23 80
57 77 12 60 71 62 100 20 40 67 86 40 85 23 19 30 23 55 97 57 90 90 82 19 72 45 21 94 79 71 40 38 3 60 78 11 27 54 52 57 60 8 43 33 26 47 19 55 79 8 64 35 39 10 84 63 50 57 89 20 19 58 10 2 95 81 26 76 94 48
32 55 39 91 61 77 78 22 3 4 64 33 14 64 84 27 84 72 55 58 67 52 66 90 94 34 15 95 91 36 90 98 5 69 7 71 36 47 78 98 71 96 73 52 2 94 19 78 30 4 76 60 97 22 65 19 31 71 15 63 70 22 54 21 60 43 63 88 48 96
7 32 3 53 1 1 4 43 79 60 71 66 96 58 53 18 41 87 15 73 52 68 40 79 23 25 81 30 47 15 93 60 51 55 30 89 95 75 100 44 64 34 14 76 44 36 90 38 9 7 88 87 77 31 48 100 97 2 63 73 64 85 4 89 63 10 81 52 12 74
48 78 67 36 56 95 79 75 10 49 3 37 47 2 34 72 77 7 90 11 11 67 45 24 39 16 12 96 56 22 82 15 18 34 54 18 74 100 37 2 84 31 76 32 74 78 89 100 61 67 68 82 12 30 39 41 66 93 82 46 100 6 26 36 91 69 25 86 15 58
71 42 49 43 59 2 63 7 94 30 30 35 95 65 65 25 47 60 32 91 77 47 42 70 77 18 51 32 25 9 7 56 82 95 53 79 53 11 12 67 32 17 88 17 9 44 73 5 40 41 98 9 61 66 30 74 53 82 35 61 73 83 91 55 28 76 5 28 88 96
93 68 96 27 93 14 61 84 16 78 67 41 78 8 99 87 85 21 37 62 93 74 83 88 45 3 89 11 23 6 90 98 83 73 36 30 96 25 91 13 67 5 11 84 69 71 43 62 34 53 39 58 30 99 8 89 13 35 75 49 97 90 91 29 95 18 69 21 6 6
91 9 5 27 31 99 64 23 42 94 26 70 63 64 96 77 12 73 41 44 74 66 16 27 97 29 25 25 28 29 41 23 69 87 86 13 9 69 93 47 50 99 81 74 20 82 86 65 67 31 65 40 49 24 75 32 28 25 41 69 24 65 31 97 64 1 8 72 60 25
60 2 62 80 93 6 25 23 46 50 49 72 82 89 9 65 4 43 22 80 82 32 91 29 69 55 10 22 12 25 13 95 79 71 8 94 16 26 4 91 8 15 87 63 99 47 65 54 19 52 67 10 94 71 76 45 22 57 37 80 58 77 47 50 30 27 36 13 25 13
12 34 40 19 40 12 34 91 97 73 6 27 30 19 60 1 61 24 84 28 6 75 83 58 62 41 87 80 99 71 35 21 20 18 54 52 37 26 92 39 99 84 67 56 6 79 49 3 36 4 48 22 12 79 53 58 3 32 21 77 91 5 87 85 62 50 80 96 8 61
77 33 10 68 36 53 81 7 14 42 49 22 15 7 12 61 26 19 38 90 70 57 46 3 58 16 96 21 55 94 41 6 71 22 98 20 81 12 27 34 6 54 25 45 13 38 60 73 43 21 89 39 8 54 38 67 68 14 89 10 60 62 9 77 75 93 26 48 18 18
64 89 45 69 71 2 74 64 38 33 94 30 10 5 26 60 70 35 52 55 41 88 64 90 7 45 82 90 81 59 12 27 66 35 76 42 63 49 63 40 9 30 46 26 59 45 87 47 82 71 64 22 12 92 84 48 77 100 76 60 79 49 93 72 64 43 82 4 59 67
79 51 95 10 21 87 34 84 11 93 28 21 54 87 64 26 59 18 52 13 70 11 30 45 6 71 42 42 32 24 58 58 96 97 18 99 32 65 64 79 20 81 48 63 19 13 64 16 86 89 13 65 46 50 7 58 99 69 33 10 8 32 51 41 37 15 91 92 68 70
54 75 79 64 31 9 92 82 37 68 54 74 58 94 4 68 98 28 26 42 30 11 1 10 80 47 89 54 4 96 88 27 94 94 28 65 67 66 100 42 74 60 83 33 78 99 16 77 90 15 52 54 50 67 4 96 61 6 51 37 15 87 99 12 1 59 23 90 9 58
8 63 15 4 32 31 72 22 35 98 100 44 15 20 24 85 24 42 77 52 98 52 11 3 32 4 47 21 46 78 50 66 41 22 23 36 77 68 99 41 79 76 95 42 59 25 28 17 21 87 58 12 13 94 84 65 7 74 93 55 38 80 7 100 97 67 87 50 76 84
21 96 47 39 97 32 84 23 3 7 45 6 6 70 82 9 56 45 97 94 84 9 13 93 79 27 1 98 83 53 47 72 33 87 52 60 8 29 65 41 62 47 5 8 30 58 27 85 22 14 83 65 81 17 92 93 14 8 87 91 58 70 69 34 37 17 63 14 15 14
3 92 95 25 100 44 85 58 17 41 93 65 68 28 8 74 94 78 32 27 99 32 81 87 10 47 72 82 34 87 68 70 97 66 80 8 77 18 77 46 10 71 62 20 87 35 39 59 46 24 28 8 93 5 70 28 45 5 37 30 12 99 36 22 82 31 42 70 92 19
61 6 94 41 45 30 69 42 42 64 42 66 76 82 45 88 49 13 70 16 40 76 8 55 23 5 78 14 95 21 32 80 63 4 68 6 69 72 79 50 31 31 12 68 96 1 74 36 49 8 9 16 61 84 42 57 84 98 30 25 4 47 92 83 53 83 56 94 84 41
8 33 25 1 38 85 34 24 4 88 12 81 28 57 9 65 31 87 34 55 17 43 41 99 95 92 9 91 3 15 22 37 7 98 5 43 90 57 87 52 40 93 29 99 5 23 69 49 27 32 37 50 60 92 40 25 90 97 40 65 55 35 68 59 25 78 47 21 27 61
29 99 16 22 86 96 13 33 29 32 47 86 88 16 53 78 16 91 17 6 60 3 74 96 23 30 30 67 33 5 25 18 93 30 56 2 79 99 70 47 42 42 44 24 7 30 29 23 81 32 49 6 43 73 18 34 2 27 3 60 30 57 4 44 44 2 17 10 82 100
3 39 62 73 81 58 33 86 10 21 96 84 5 84 21 22 48 82 37 91 93 69 74 74 99 53 85 43 82 54 13 46 50 3 30 59 39 6 40 78 17 26 63 58 10 58 68 74 90 1 50 38 70 16 39 42 58 77 63 10 56 5 7 84 61 55 83 46 46 28
68 61 90 13 85 56 37 66 68 16 85 26 2 70 7 2 30 7 70 63 96 4 39 54 40 86 92 18 92 72 38 16 54 33 32 80 53 76 16 88 70 32 35 63 28 100 15 51 52 60 55 13 33 29 44 18 76 86 63 81 85 70 52 31 58 49 36 37 80 53
90 21 31 14 68 94 57 27 40 59 83 85 53 74 22 54 2 34 25 24 45 26 82 12 15 68 78 27 39 2 41 87 46 97 57 63 18 87 35 12 55 100 44 48 83 86 23 90 47 93 38 93 43 81 21 22 50 10 86 59 61 90 62 87 88 46 50 70 65 11
57 21 20 17 10 41 81 57 2 40 48 8 84 90 7 17 28 59 4 49 92 28 14 15 85 40 37 80 36 29 10 22 34 50 2 51 11 19 90 20 71 20 29 76 57 4 92 31 63 89 21 34 2 57 9 34 13 50 67 2 46 58 95 10 87 90 72 77 39 23
100 88 42 87 50 97 62 81 68 98 5 4 98 1 18 39 4 63 87 7 10 84 60 61 88 4 7 55 82 19 70 21 98 49 89 79 63 98 60 52 10 35 83 40 40 88 96 41 13 9 23 38 29 94 97 64 59 49 52 28 66 86 54 84 77 78 16 20 40 11
78 38 82 87 90 45 5 5 58 29 99 42 61 57 1 5 35 95 38 53 42 49 91 6 22 36 15 69 53 54 74 92 14 82 92 55 95 37 36 53 24 96 67 67 23 11 78 7 41 21 28 54 29 15 95 17 82 23 98 3 40 10 10 95 49 6 38 8 98 90
2 86 36 21 35 61 33 84 52 65 61 87 25 47 61 60 72 55 43 10 31 100 47 91 55 73 42 15 9 55 72 73 37 10 76 77 82 39 86 100 68 34 86 16 64 37 26 55 34 67 6 70 87 88 10 89 42 4 78 28 18 8 13 65 15 55 39 55 39 79
1 28 99 100 47 86 99 12 29 64 64 57 55 5 27 77 40 17 91 27 45 99 15 49 40 4 36 62 72 76 5 38 14 48 21 54 16 77 59 90 75 45 82 75 6 17 18 1 52 20 88 70 82 77 47 29 35 75 88 48 6 17 29 84 31 85 81 20 14 52
2 50 27 93 71 48 83 39 25 50 39 78 6 43 87 46 59 36 11 69 34 46 9 29 21 13 50 71 89 28 94 23 26 84 19 42 18 100 94 47 80 11 91 41 36 75 26 43 62 72 3 18 85 41 62 44 70 8 17 53 60 52 47 81 97 1 64 62 96 46
34 9 81 16 43 9 17 71 87 21 31 59 88 40 98 70 14 66 39 9 73 1 82 16 14 7 92 92 75 16 61 12 68 46 87 99 12 58 42 33 97 9 78 32 34 92 16 14 97 4 42 32 2 86 64 85 8 41 88 56 14 75 6 6 10 8 33 8 58 72
12 65 54 11 25 5 79 12 57 20 44 36 99 37 77 14 81 87 92 65 80 30 70 24 67 53 55 88 31 51 5 74 68 99 10 57 44 92 68 50 65 84 43 36 67 39 28 70 58 79 67 57 58 74 27 92 10 25 21 39 57 95 14 30 87 1 71 15 6 2
27 26 29 69 73 15 31 100 93 92 24 66 89 100 22 31 4 27 11 1 55 4 84 78 42 25 46 91 95 21 57 58 73 65 86 44 17 54 17 1 69 93 29 24 22 62 77 89 40 9 67 82 35 74 71 24 40 4 52 9 71 9 63 15 57 54 79 95 47 23
7 22 7 15 31 94 88 81 71 61 82 90 42 10 24 75 50 21 18 25 96 85 74 72 94 69 40 46 24 26 6 58 18 35 14 46 46 64 16 59 11 76 40 79 83 15 7 60 80 10 90 50 71 92 41 48 83 27 11 29 33 72 97 52 53 99 72 93 28 26
96 30 58 72 6 29 50 20 64 91 80 64 91 7 36 37 58 68 98 87 34 27 26 1 72 42 21 81 14 35 85 24 86 76 16 97 79 9 43 72 67 63 81 87 46 83 31 89 93 3 97 72 88 27 64 61 55 25 19 52 70 54 30 22 13 29 27 32 59 93
100 53 64 54 26 10 53 88 88 86 48 10 7 5 17 15 32 72 45 51 64 45 93 39 95 49 63 2 76 42 27 60 58 8 71 60 68 46 52 56 90 28 63 20 98 86 73 35 88 46 4 51 90 41 4 7 88 37 19 90 94 16 8 40 2 75 93 3 59 55
64 95 14 90 5 95 59 74 26 23 28 29 1 26 11 44 50 19 37 83 51 46 93 73 83 81 85 19 28 17 90 24 72 51 29 18 37 81 87 41 78 19 80 61 17 13 69 20 69 42 89 84 91 19 49 88 31 94 58 10 26 84 72 60 76 73 58 30 50 20
73 90 22 91 47 39 54 73 2 53 56 19 75 78 6 1 46 73 22 89 95 49 30 87 59 51 8 66 95 9 80 87 67 67 10 71 76 72 7 90 15 75 75 97 20 16 70 71 6 92 77 64 71 45 13 21 46 2 18 31 75 62 68 30 84 88 45 22 10 30
30 76 47 51 91 6 77 15 50 79 70 29 73 98 30 91 59 10 32 5 29 21 86 55 56 19 87 61 43 72 58 5 21 61 90 57 17 23 63 81 99 40 46 32 69 95 63 29 94 99 59 45 9 32 51 65 20 5 19 43 17 95 49 21 66 70 98 64 24 3
60 6 80 25 1 83 65 82 15 78 98 68 65 64 31 54 94 60 52 90 35 80 66 52 17 23 72 19 40 99 82 11 79 53 13 68 57 75 55 51 1 13 65 55 45 5 56 90 26 25 96 64 63 19 6 22 85 4 16 40 62 42 90 95 35 8 6 15 6 72
20 81 67 83 53 55 90 95 1 22 93 12 50 43 86 49 45 9 49 64 57 56 87 72 23 12 85 34 34 6 70 47 40 40 71 99 32 63 90 43 58 28 87 40 97 10 24 50 38 23 37 14 75 97 33 51 13 2 19 47 83 60 27 10 31 95 72 85 88 92
64 100 11 39 15 16 21 33 74 22 32 20 31 51 52 87 72 91 88 47 11 72 23 41 47 47 61 30 12 64 4 77 65 45 13 17 36 34 74 99 9 92 73 14 81 78 20 87 56 18 74 65 58 81 78 57 5 63 67 42 93 49 23 55 16 24 53 12 4 98
74 83 45 5 75 27 92 86 64 34 100 24 13 30 18 88 15 100 4 31 1 63 60 68 74 49 78 73 69 38 80 90 69 60 17 66 76 16 73 99 8 3 85 60 21 39 97 54 17 36 87 64 17 23 33 25 36 84 96 31 24 39 70 91 49 95 58 43 62 99
63 73 89 9 26 44 5 99 22 88 70 76 29 29 57 93 59 87 42 57 69 10 7 27 81 79 97 14 87 1 3 44 47 54 50 77 6 95 83 67 38 47 58 31 4 1 13 98 16 30 38 78 69 35 12 13 96 7 94 55 62 33 4 58 63 76 24 67 48 71
53 59 71 25 51 22 83 20 39 26 57 37 86 64 20 92 39 48 42 54 42 9 1 30 8 57 69 20 44 73 71 55 12 97 15 27 1 5 40 8 97 9 26 29 42 23 39 30 67 52 79 93 12 28 92 3 59 41 84 66 25 20 82 42 100 32 7 100 7 44
100 14 30 61 59 19 66 43 5 34 44 97 99 22 66 14 51 6 54 50 13 77 9 87 25 47 56 29 45 34 52 29 1 49 97 79 69 98 46 67 87 92 68 36 37 38 54 2 42 35 21 61 7 75 75 43 45 49 26 57 42 18 20 31 12 4 54 73 61 68
7 75 4 83 29 61 94 98 15 55 82 23 10 18 33 80 51 37 100 42 50 59 72 88 61 37 4 48 41 9 16 12 46 74 84 82 8 54 79 18 10 22 62 45 40 67 77 53 81 88 11 40 16 3 31 44 40 20 16 50 94 12 92 59 30 16 82 81 68 63
76 92 35 44 63 43 95 26 90 73 70 78 83 52 58 45 8 69 79 16 28 81 70 74 73 89 32 91 91 18 85 15 65 52 58 8 77 36 58 60 81 26 94 41 8 54 93 76 60 96 40 66 92 99 10 93 73 2 48 74 95 61 18 38 41 2 47 1 12 67
1 21 85 72 45 8 22 36 48 100 41 79 22 92 18 53 80 28 5 74 59 92 91 90 10 54 16 25 64 59 3 61 18 50 94 81 4 25 93 48 32 81 37 65 46 33 23 6 68 31 89 54 96 83 58 4 17 30 87 67 36 84 45 54 84 69 4 80 59 11
5 5 64 15 11 78 70 55 40 15 8 72 41 24 97 27 6 55 49 89 31 15 3 18 76 16 33 100 49 34 94 9 85 31 60 60 89 49 25 40 78 37 29 72 3 98 29 46 2 1 59 80 46 10 82 28 51 94 93 47 84 28 88 96 62 74 11 48 8 74
35 60 16 55 64 29 46 72 100 4 85 25 13 79 100 20 79 86 35 21 97 45 45 53 40 96 41 73 59 50 68 91 4 26 72 59 3 49 56 34 28 52 44 57 65 17 94 81 85 25 49 98 93 75 52 64 29 24 70 81 18 87 97 67 31 62 72 27 92 22
80 49 55 5 10 54 35 92 8 70 80 22 73 37 32 93 79 24 90 100 54 91 23 76 100 42 50 37 30 60 37 84 87 27 29 87 8 78 71 62 64 90 84 54 67 61 53 97 58 85 61 15 3 41 56 12 72 42 89 8 56 90 39 22 71 40 66 88 39 12
6 87 93 9 29 65 40 34 77 54 88 46 70 43 69 88 30 64 48 36 32 66 24 34 32 28 64 38 60 83 49 11 24 60 63 81 97 59 65 47 30 22 96 33 17 70 46 59 88 22 4 2 83 91 77 9 50 96 70 13 94 77 68 54 61 87 21 78 18 50
90 74 86 36 98 61 83 9 37 33 4 21 24 43 22 2 15 41 4 15 66 82 74 12 66 34 34 92 59 82 13 46 62 8 1 87 17 86 49 94 63 18 7 39 62 4 23 51 80 92 12 69 77 26 18 55 40 75 32 80 17 40 24 56 89 23 43 90 5 26
26 51 79 85 19 34 92 67 26 83 23 10 35 10 5 12 82 53 59 85 55 79 83 79 20 71 57 12 97 29 33 79 9 68 2 99 56 40 31 79 58 64 80 91 86 97 3 3 77 53 94 29 20 48 71 13 89 71 37 83 61 3 33 88 41 39 38 93 24 98
9 93 75 69 78 74 96 35 63 38 89 79 30 75 84 27 46 75 40 36 72 45 11 91 55 56 57 35 18 38 30 19 16 50 50 56 14 64 60 58 60 54 49 90 7 42 28 95 19 74 27 40 80 44 32 45 82 98 40 56 30 12 60 28 11 100 73 100 71 51
13 3 63 47 9 91 10 82 68 9 85 45 74 28 54 11 61 38 2 44 90 44 39 72 40 40 45 84 34 17 35 72 52 98 45 76 70 36 76 38 65 12 66 42 32 35 5 56 96 18 43 55 27 11 89 95 2 44 90 84 61 43 53 51 71 26 100 49 49 52
32 77 89 43 62 71 52 13 49 74 48 73 10 53 3 68 23 61 60 19 48 18 26 56 96 39 40 37 72 48 69 14 23 91 6 96 74 45 69 41 81 71 65 65 18 31 40 39 89 58 28 41 95 85 81 3 39 24 68 94 19 27 31 67 73 49 55 45 30 52
34 93 25 88 25 58 92 34 26 1 73 65 24 84 21 83 59 23 14 98 28 12 27 24 90 40 16 78 2 8 55 34 41 13 64 15 55 82 23 35 97 93 86 21 88 60 97 64 70 23 42 58 92 99 63 80 21 6 18 91 57 9 52 46 22 57 1 13 92 72
88 71 39 80 8 60 61 16 52 37 46 38 98 59 47 16 20 55 30 67 71 22 50 39 26 77 92 6 27 15 89 62 21 23 61 72 62 99 72 56 95 34 36 68 10 94 78 79 100 24 2 5 89 31 6 52 25 78 5 30 50 97 8 34 8 11 20 41 2 12
65 58 60 41 42 48 13 83 91 21 21 13 62 74 66 5 25 6 64 79 78 84 5 99 21 52 14 64 79 89 3 85 53 98 99 69 77 55 93 20 22 16 71 53 8 74 32 73 48 88 68 16 2 60 33 76 61 55 78 67 69 84 63 17 79 47 63 59 8 94
47 93 63 20 63 36 61 22 40 23 16 39 66 47 65 75 49 51 55 52 16 95 25 6 9 32 92 81 36 37 3 67 97 58 82 85 21 93 68 33 65 86 74 22 35 20 15 55 29 60 44 23 87 36 81 51 10 5 58 41 84 55 62 33 51 34 7 4 52 53
3 57 28 21 75 48 30 18 49 32 73 86 72 97 75 57 75 7 29 46 27 57 75 71 43 67 40 58 81 27 47 16 31 75 90 72 37 9 87 18 67 99 9 69 85 34 80 42 80 99 3 81 10 70 20 98 66 100 26 89 74 75 92 77 99 56 5 96 83 31
58 63 81 60 71 14 44 45 91 67 66 24 99 78 1 66 35 46 61 73 17 5 62 77 21 66 75 25 51 1 45 2 38 76 26 77 18 68 72 29 58 4 17 73 89 26 39 100 14 51 59 52 13 64 27 40 76 47 12 12 85 84 63 30 67 51 49 24 69 1
9 22 6 43 73 1 37 47 41 57 68 51 65 33 92 57 77 26 64 25 10 72 66 43 10 63 94 5 44 21 46 18 49 68 65 79 94 62 93 97 30 57 30 75 18 86 58 82 14 45 83 32 24 37 87 62 58 75 67 42 58 86 38 62 77 96 66 18 6 52
92 35 93 49 92 25 22 9 56 74 10 20 30 42 7 12 21 46 66 96 17 12 54 95 47 85 75 17 65 21 22 83 68 87 22 16 54 98 10 93 46 61 34 11 96 41 48 45 55 100 72 81 91 17 98 47 21 65 19 44 45 69 77 6 87 16 96 9 85 84
83 49 38 19 94 97 63 54 10 14 5 88 15 88 6 36 18 59 83 93 95 98 23 55 100 25 69 52 32 72 89 5 19 38 14 70 40 64 56 76 32 94 34 55 69 83 76 85 75 70 93 39 84 12 2 81 92 92 10 11 28 88 12 43 17 26 12 86 24 53
39 22 67 36 54 14 99 10 39 24 3 67 4 35 87 51 67 8 35 45 49 67 99 78 55 56 94 6 30 31 27 18 93 36 82 76 81 57 84 98 83 32 29 78 99 28 90 52 59 92 78 8 21 94 65 93 100 1 31 48 63 90 97 98 64 37 50 71 4 2
54 59 51 31 59 87 61 51 22 73 92 28 16 31 52 2 39 85 25 11 45 21 75 93 71 98 11 48 6 84 29 45 81 49 8 82 94 17 81 55 53 27 88 62 68 14 84 88 65 1 48 18 9 32 1 90 83 7 99 73 66 53 88 50 60 90 30 72 23 18
65 63 72 82 37 84 86 14 73 85 25 62 8 37 25 96 22 78 79 68 74 58 64 70 8 14 62 50 14 12 23 43 53 39 81 40 8 71 37 95 88 93 51 76 83 62 78 47 88 25 19 21 51 4 22 82 50 78 46 73 88 48 83 31 6 18 24 3 27 21
51 54 83 57 40 6 76 73 64 6 91 37 81 94 70 71 26 43 99 1 22 82 98 46 81 21 97 82 70 59 85 78 50 81 59 44 48 84 9 14 93 45 54 22 37 36 88 58 47 76 13 78 62 69 25 38 32 92 30 37 82 19 9 33 38 55 49 46 59 40
54 54 45 99 41 76 67 29 77 21 48 77 45 89 27 85 62 26 64 11 41 42 74 41 39 76 74 42 2 47 32 93 83 43 76 18 93 81 37 35 68 70 100 35 14 41 3 34 94 30 57 5 90 59 86 50 21 63 33 7 15 34 76 82 71 73 98 55 96 24
53 12 84 88 84 49 6 80 8 67 99 63 76 70 8 37 93 69 69 32 14 30 85 57 9 88 33 19 47 55 24 1 77 82 74 77 11 99 56 66 80 72 14 67 43 7 23 85 1 86 68 62 96 58 70 4 30 73 14 78 29 65 32 96 92 26 16 94 83 3
86 36 83 13 47 4 30 45 66 63 67 59 6 30 78 44 87 2 20 15 9 23 37 34 58 80 84 96 50 20 67 34 59 55 30 39 64 17 86 33 93 35 5 39 96 59 51 58 70 37 80 99 86 100 69 7 83 95 34 8 89 59 16 94 37 71 99 10 95 47
49 73 32 4 34 80 93 23 2 16 32 43 24 49 85 94 36 43 100 68 61 29 87 24 83 9 56 5 80 58 57 98 7 51 30 97 78 79 94 92 15 10 69 76 89 2 80 7 89 74 48 44 49 20 71 71 79 55 77 58 49 21 88 61 84 54 54 33 91 37
18 57 12 69 85 18 98 73 41 85 32 1 88 10 71 3 24 10 19 68 61 40 24 17 82 31 74 87 31 64 27 18 47 83 61 88 28 37 32 88 68 31 71 59 16 72 26 66 23 5 78 87 5 99 62 4 77 94 100 38 47 93 76 87 64 48 82 57 62 95
2 3 30 34 65 34 48 52 98 28 53 7 13 34 41 2 63 79 45 43 44 91 54 40 62 87 37 55 98 74 88 99 1 64 62 2 86 30 76 66 53 18 8 99 98 12 91 24 57 79 83 97 70 83 48 71 70 95 53 75 43 33 32 72 63 72 33 97 66 67
20 51 27 9 9 91 45 86 24 16 51 2 51 9 100 73 21 14 22 18 28 86 63 6 81 38 66 63 56 15 48 78 25 92 51 36 19 71 97 24 83 11 66 82 64 21 66 12 96 70 99 47 74 81 82 54 85 76 19 2 83 63 85 62 41 22 91 40 48 39
1 14 36 59 14 7 64 51 86 98 61 66 83 95 58 88 29 87 95 5 28 7 78 84 40 33 8 12 50 20 15 98 65 83 14 96 74 58 8 36 88 57 4 31 33 1 45 69 65 4 5 10 46 47 19 59 35 37 73 9 31 19 74 7 76 53 33 75 98 80
50 85 23 94 39 15 56 20 83 82 24 10 78 57 62 57 65 2 6 84 51 24 25 23 40 43 92 66 36 10 39 32 99 20 5 95 81 18 98 77 84 6 57 81 7 70 19 69 73 34 9 47 82 40 100 32 80 47 85 46 90 46 27 9 63 34 76 89 26 90
64 98 26 17 15 14 47 68 88 12 8 57 13 21 82 45 1 95 73 86 42 44 98 57 52 88 24 91 26 4 20 86 71 85 83 11 5 76 68 26 70 56 26 3 99 69 58 1 30 35 58 90 63 25 4 89 90 46 33 71 83 17 74 59 13 39 3 42 78 64
29 57 51 67 43 57 30 54 91 36 95 20 79 96 47 72 1 94 37 75 33 92 78 16 13 79 56 15 96 89 100 65 31 76 13 68 29 34 32 19 79 23 62 45 49 97 93 7 58 61 85 47 91 79 56 8 27 68 20 94 30 59 17 6 79 89 64 45 55 51
37 74 19 86 46 5 81 100 95 55 74 56 58 66 43 31 40 4 88 26 10 19 89 70 43 17 50 55 5 50 94 41 19 92 4 49 48 20 23 91 58 5 54 36 23 35 8 84 2 5 7 34 81 85 55 24 57 43 43 8 54 27 81 34 63 51 21 18 70 86
94 9 40 24 92 61 9 82 70 64 11 68 98 98 2 1 96 50 86 95 30 55 95 23 49 26 62 41 66 5 80 55 46 59 72 45 51 63 73 79 51 32 8 42 56 8 34 96 7 56 86 1 27 66 60 89 54 61 29 88 21 15 16 53 17 74 56 69 45 79
6 27 44 88 40 86 77 73 89 49 82 51 23 45 41 41 9 4 64 25 80 6 17 76 81 4 54 39 30 72 8 72 94 25 66 31 74 65 49 31 48 80 17 26 11 2 21 79 50 61 25 82 45 33 16 81 99 12 93 90 44 58 87 19 3 58 54 36 32 53
45 88 61 6 40 42 44 20 22 47 6 24 19 85 68 17 42 86 58 58 7 63 92 96 70 9 44 84 73 23 30 21 18 48 98 64 91 55 29 53 73 10 60 78 52 7 38 17 63 82 19 26 85 31 62 14 68 77 99 60 82 70 66 59 88 37 75 84 85 68
42 67 37 92 89 3 35 69 18 82 55 28 98 45 53 99 21 93 52 42 75 60 60 69 81 98 96 45 43 10 97 24 42 99 45 83 51 93 93 66 9 36 20 100 47 27 34 39 38 45 65 62 8 15 94 30 18 85 99 54 30 78 5 79 52 48 51 52 17 34
72 21 94 47 14 28 55 35 76 23 56 11 61 92 25 71 35 69 7 28 50 95 62 67 28 8 74 88 45 10 50 84 74 44 86 14 15 55 7 35 57 81 66 55 59 30 46 5 73 31 57 49 55 31 89 64 42 54 50 5 44 77 40 54 41 84 26 80 86 88
96 25 78 77 58 87 66 33 19 64 93 18 34 75 72 41 29 89 27 14 36 99 19 64 60 66 59 40 71 16 18 59 29 78 6 40 19 95 1 22 9 53 25 47 66 32 57 95 83 92 68 34 20 51 85 72 76 51 8 87 1 91 15 16 65 77 80 90 19 20
67 55 9 100 91 31 61 15 7 8 38 17 54 82 32 61 49 3 69 27 8 6 73 12 5 88 68 85 47 72 45 14 80 98 83 63 10 54 87 89 93 23 44 29 9 73 3 10 49 81 26 10 1 53 83 88 83 71 74 22 71 54 43 64 89 6 87 77 22 6
34 24 39 22 33 49 20 23 44 62 22 75 37 17 94 97 38 33 26 13 13 72 9 67 74 35 41 15 50 25 8 79 42 38 97 71 3 6 96 23 44 55 83 60 33 28 46 27 38 14 75 61 93 64 73 9 10 23 60 57 84 28 74 89 9 89 63 19 30 25
20 40 83 80 54 53 91 28 10 36 70 42 63 42 49 75 44 40 38 35 46 47 14 89 84 53 99 58 96 67 44 41 35 70 25 67 58 38 45 69 14 66 85 68 86 71 25 59 4 73 59 67 19 11 60 45 15 30 70 76 62 54 17 71 70 82 3 13 37 34
62 99 46 28 15 24 35 6 86 71 82 38 44 71 35 95 54 39 32 48 78 43 53 40 3 22 87 43 19 92 31 15 96 81 53 92 2 16 64 48 16 45 25 36 6 57 56 12 77 71 2 76 5 98 81 18 60 27 63 9 18 57 56 17 55 32 11 100 10 73
40 26 53 27 51 51 9 25 56 77 42 21 32 11 15 14 42 13 82 73 70 93 37 42 61 82 93 84 2 40 70 69 6 6 48 10 12 97 58 86 83 73 38 2 6 79 33 46 50 35 28 44 75 30 18 95 97 25 83 56 23 4 41 43 2 53 18 36 45 2
76 76 80 25 66 15 37 38 86 85 87 34 50 2 13 86 44 38 67 69 56 97 88 4 75 78 6 49 5 17 63 98 79 50 94 94 52 100 92 58 62 47 3 69 88 5 98 99 73 62 46 6 99 57 69 5 27 86 33 4 40 78 30 56 10 41 15 86 32 13
31 81 34 15 92 3 87 39 81 23 64 1 41 52 49 16 19 21 98 88 49 44 81 98 6 93 51 37 25 63 31 20 73 85 83 7 42 11 21 93 15 6 88 81 3 62 36 30 55 54 58 28 37 25 15 60 47 77 10 93 18 96 37 63 80 33 5 58 88 67
4 73 19 18 47 12 29 1 86 81 78 98 79 18 30 5 6 90 77 10 92 60 43 54 66 100 19 78 20 84 37 90 12 3 97 6 6 5 70 66 7 70 25 69 13 50 79 76 84 80 80 64 54 24 36 75 18 93 68 48 66 96 39 17 9 11 97 67 75 76
17 9 99 72 12 25 77 7 82 97 24 18 31 74 54 100 74 74 4 62 38 90 100 83 82 88 58 82 29 65 77 12 10 33 7 3 7 73 73 17 23 89 19 9 99 78 20 57 2 98 2 19 6 22 79 39 64 77 83 50 25 8 12 32 63 98 99 38 67 53
9 65 77 54 92 85 95 54 100 2 65 4 93 41 35 37 19 8 32 10 68 3 43 22 22 95 81 46 91 8 12 78 60 21 31 53 44 40 6 30 97 19 32 43 65 3 16 41 22 24 60 19 37 52 11 84 64 87 47 8 2 71 58 48 65 54 58 25 74 41
97 15 13 21 99 9 35 19 92 27 67 16 66 37 14 88 77 26 70 68 29 64 10 55 44 27 87 98 36 37 79 78 31 5 50 85 77 55 87 62 57 10 37 3 2 89 57 42 58 67 14 3 2 83 65 61 69 21 87 97 48 71 48 7 92 60 85 27 53 11
15 16 86 56 93 75 29 76 20 58 47 90 18 90 5 25 32 84 80 13 14 15 93 91 88 32 76 34 15 66 78 89 23 74 46 12 84 41 1 53 69 57 89 97 63 77 3 73 17 63 26 16 15 91 89 41 21 47 34 95 83 25 3 79 67 3 38 3 96 10
84 24 90 19 5 1 64 97 52 79 40 27 29 23 47 3 34 24 70 66 97 9 34 57 16 25 43 27 86 32 26 12 71 73 4 35 11 83 82 5 67 88 98 13 20 48 62 87 5 24 37 5 87 57 73 65 32 4 78 33 53 24 27 37 87 37 4 81 89 84
43 60 63 65 96 85 53 17 84 46 90 44 38 32 13 64 69 75 11 51 7 54 67 81 73 43 54 68 70 94 79 10 11 100 60 82 18 93 46 47 9 80 70 26 25 22 45 25 4 76 34 17 90 80 12 23 86 61 80 23 20 55 32 69 38 66 66 35 53 7
45 3 100 52 42 56 16 100 40 70 31 17 86 82 69 21 6 17 52 70 100 51 13 14 72 93 7 25 25 39 4 47 1 27 49 100 26 18 18 48 25 57 46 75 54 64 48 5 2 93 96 82 80 7 58 50 66 66 81 21 17 44 80 84 39 12 78 40 11 74
86 1 26 17 79 40 13 89 15 69 16 15 70 24 82 47 97 86 73 58 49 75 24 48 55 23 18 7 15 77 53 22 69 39 9 84 12 74 43 20 70 69 48 51 100 32 46 29 43 4 33 11 97 52 17 22 99 44 9 69 16 98 86 25 52 11 49 88 18 83
50 93 15 79 25 69 11 98 87 14 86 92 69 88 99 36 24 9 31 90 23 57 85 20 18 97 82 73 17 90 48 3 25 99 78 3 48 17 74 15 81 46 74 25 11 46 50 27 63 25 63 82 54 59 58 52 71 63 18 11 90 17 32 58 95 97 39 79 71 95
72 98 6 81 77 59 65 98 34 80 83 87 62 11 95 36 24 49 32 21 10 67 20 26 49 100 21 8 22 24 89 25 13 14 92 80 17 19 94 16 67 8 12 10 39 38 53 52 25 77 100 23 89 20 82 20 23 97 70 17 6 8 86 98 86 58 63 28 30 74
100 26 65 83 41 1 55 74 57 59 28 34 91 6 53 57 14 43 51 77 93 87 95 37 83 39 58 42 69 71 29 22 87 19 47 87 24 31 31 85 93 2 92 42 12 42 19 93 11 60 85 14 51 81 9 60 60 23 84 72 32 88 51 11 17 51 86 46 40 14
14 70 44 39 99 53 59 46 100 14 4 39 77 95 38 80 25 50 100 98 94 57 51 6 3 60 25 50 8 85 16 5 96 78 69 6 93 83 24 90 70 62 43 62 87 25 11 19 55 96 79 76 46 35 9 45 25 1 48 86 19 58 38 74 2 83 14 63 16 95
11 14 91 37 97 52 32 79 96 83 54 84 66 93 33 82 56 77 41 93 14 69 86 78 46 68 35 34 29 46 7 26 38 60 23 69 95 61 1 20 59 72 77 6 86 77 92 97 78 87 89 26 57 72 16 27 47 23 49 39 13 54 100 53 44 26 59 16 16 68
34 37 10 83 99 95 87 96 62 33 55 46 68 46 60 19 16 45 30 88 43 89 27 30 49 82 79 98 71 59 71 92 37 35 42 33 15 95 9 16 59 82 21 28 66 31 91 74 77 15 25 30 62 62 92 15 12 41 10 39 15 27 77 50 98 13 82 5 39 12
12 52 32 57 74 99 91 21 41 33 61 22 70 52 59 86 48 77 81 66 72 40 97 9 43 1 95 92 81 33 100 45 49 79 39 26 76 59 51 65 23 65 11 74 42 32 100 66 80 78 34 69 20 49 40 49 8 2 22 85 80 83 47 16 9 95 89 35 18 12
45 51 99 52 89 82 63 83 59 75 62 78 82 98 23 23 7 62 16 76 84 30 60 30 88 38 93 43 67 85 94 83 22 52 88 21 10 54 71 60 44 65 63 33 9 58 7 65 35 71 75 72 20 54 62 79 3 2 66 81 65 33 82 49 15 23 39 40 79 59
75 93 97 74 12 60 2 33 79 68 50 42 26 22 79 76 29 54 62 55 57 24 25 44 14 46 23 60 76 75 48 60 49 100 83 33 89 94 5 21 75 22 80 98 23 90 37 53 89 3 92 41 45 78 72 52 82 79 28 58 67 89 43 82 76 50 17 28 28 58
41 4 7 76 15 13 99 1 75 90 76 37 62 71 5 82 41 20 72 26 31 19 90 64 56 74 38 23 68 46 75 57 13 80 96 58 42 46 79 64 35 66 88 5 45 26 4 26 20 76 35 18 30 80 72 3 76 72 56 33 31 56 27 57 53 2 57 46 89 25
36 4 68 17 39 1 66 34 69 37 24 17 2 16 56 29 99 73 91 80 43 11 83 64 25 5 31 64 13 99 93 58 51 17 73 46 72 86 73 24 9 77 95 90 41 66 20 42 46 78 62 39 37 39 20 61 19 14 83 45 20 25 70 62 94 45 74 26 59 100
31 36 75 47 84 73 87 86 98 34 50 4 99 41 22 90 8 76 19 87 73 3 99 34 63 35 18 5 7 72 91 19 59 11 44 19 60 91 32 29 68 83 46 55 29 6 81 25 48 93 59 84 23 44 29 51 20 6 96 21 17 44 50 47 59 83 97 60 13 58
19 34 66 85 91 79 73 15 27 47 19 9 52 77 62 6 8 37 100 68 17 41 37 94 31 94 31 25 87 1 3 8 58 59 95 61 39 49 100 43 9 26 64 29 77 42 54 74 71 14 54 88 59 77 10 4 38 87 6 37 34 54 39 14 90 97 83 83 55 2
22 24 2 52 72 80 32 64 49 91 76 79 23 69 18 18 58 98 16 93 37 39 15 69 83 61 83 75 7 54 23 74 92 78 56 94 14 52 16 89 10 79 51 40 31 95 70 8 53 74 33 26 78 63 1 18 7 17 88 92 39 60 9 15 36 5 67 11 48 29
80 45 35 96 48 99 9 87 20 43 75 44 90 68 52 53 36 31 3 9 30 3 66 56 66 31 83 83 73 71 11 35 34 75 21 16 30 35 19 48 9 29 57 66 30 3 90 27 68 45 20 48 60 18 48 50 49 94 51 29 66 44 4 64 79 81 20 81 21 3
5 28 90 9 73 7 36 95 55 81 65 49 63 21 23 50 21 40 95 18 22 87 22 86 85 68 52 85 29 37 23 100 30 60 31 58 70 99 53 27 8 16 50 89 13 10 100 37 67 65 2 87 62 14 42 30 14 81 44 3 75 2 32 86 38 76 92 89 78 53
71 85 49 57 90 48 46 44 73 64 83 13 2 70 2 78 18 30 84 68 86 37 35 93 96 57 93 27 52 3 12 24 74 34 77 37 40 47 88 22 25 96 67 33 76 49 69 97 23 19 4 49 93 30 51 90 17 30 24 79 58 37 63 57 69 20 76 33 65 57
63 47 13 31 43 60 77 96 39 95 18 30 57 71 86 88 44 55 9 84 84 71 36 82 64 77 19 82 85 68 86 64 36 11 47 25 89 72 7 84 10 78 81 98 89 85 30 45 66 99 91 78 96 66 86 16 87 19 13 63 93 86 10 29 13 10 69 47 3 1
57 48 53 2 60 57 93 59 11 47 30 79 74 81 4 39 25 41 50 10 45 32 61 90 36 10 50 45 45 88 14 57 34 24 74 66 38 7 16 5 79 33 69 17 19 53 33 88 33 67 58 81 89 27 9 18 18 62 45 73 86 1 84 85 37 25 73 31 42 19
17 73 59 99 31 83 85 87 74 80 35 73 22 20 31 27 5 33 50 96 92 5 51 15 66 5 43 85 58 49 46 50 85 32 14 34 98 14 38 41 96 7 83 83 13 100 31 20 89 33 59 19 36 63 89 78 6 4 38 63 1 62 88 73 51 61 69 30 11 95
67 10 43 18 84 5 93 63 78 85 20 18 4 68 14 2 3 28 81 53 87 8 96 32 68 78 56 89 33 81 84 65 71 35 57 67 47 28 65 32 30 22 20 71 59 57 54 41 16 3 20 83 8 28 54 20 91 81 96 13 65 80 7 23 25 64 18 95 39 53
37 31 4 20 74 14 23 51 60 3 38 57 56 95 11 28 38 90 48 84 32 39 87 10 81 3 61 5 21 74 96 60 5 30 31 84 80 75 69 52 2 15 15 5 13 45 96 9 79 35 91 93 2 8 87 27 81 22 99 50 46 98 91 53 47 44 6 73 73 6
77 8 9 67 52 46 81 70 13 55 3 56 82 9 26 73 46 84 6 33 15 7 33 3 83 24 52 16 100 83 73 71 30 35 88 11 66 8 86 39 86 39 97 78 58 84 83 47 51 9 65 9 69 15 2 61 16 71 23 35 73 71 67 43 82 15 39 6 76 11
80 38 13 70 55 90 73 49 45 26 52 40 97 29 16 89 9 50 69 8 23 21 94 47 69 91 100 63 5 30 13 51 76 14 88 29 67 48 6 87 60 39 36 22 78 49 41 72 75 29 12 79 93 14 17 88 40 42 57 11 78 19 13 71 37 70 26 45 2 72
52 20 14 2 92 84 63 87 92 88 22 15 97 94 99 6 86 43 78 47 100 36 25 30 2 88 35 21 88 21 68 53 47 26 10 17 87 26 37 83 7 18 72 10 64 23 25 48 37 22 58 3 95 7 30 45 62 30 35 83 58 18 46 92 77 51 31 37 85 57
28 88 69 98 58 55 47 78 17 54 28 91 53 29 81 88 54 56 92 17 23 66 61 45 16 3 91 33 34 36 67 26 97 6 11 7 17 14 2 15 23 14 11 85 1 52 97 78 85 37 6 10 63 57 67 5 29 33 97 73 13 77 39 52 52 88 12 34 47 100
76 91 89 17 68 12 9 22 18 29 55 61 49 29 53 69 14 42 24 44 51 24 25 19 86 100 23 48 92 5 46 43 5 82 100 71 6 35 95 80 3 41 57 13 37 10 49 21 88 28 49 63 64 7 47 33 14 30 19 64 92 8 94 19 5 30 84 45 93 15
37 87 44 70 34 75 47 9 22 62 31 93 74 18 100 97 37 21 64 2 87 9 67 72 35 32 35 9 59 86 4 18 27 33 72 99 92 22 56 96 82 81 20 49 51 22 63 8 99 52 22 47 20 74 83 58 72 18 9 93 92 54 46 88 31 51 18 97 27 95
88 8 35 28 33 81 37 89 62 59 95 66 64 79 46 92 25 58 46 69 68 11 60 27 68 100 80 18 9 90 69 56 26 74 22 73 18 26 44 28 85 87 37 42 2 28 12 72 38 87 8 22 29 68 11 48 86 84 31 70 50 66 63 31 56 53 72 95 24 87
93 52 83 6 63 54 66 58 96 79 92 9 68 39 5 81 2 15 91 2 88 28 41 90 62 5 96 42 46 45 73 22 3 98 37 88 8 31 79 76 49 75 53 61 58 23 74 74 93 46 55 50 76 48 38 72 31 77 38 74 97 44 33 65 25 34 9 21 15 42
75 12 97 4 39 34 5 63 6 88 59 40 18 48 90 81 17 45 61 13 18 16 90 20 14 22 3 41 8 29 19 57 94 32 85 81 92 9 89 91 82 37 58 61 39 53 63 50 74 95 98 17 61 28 42 77 20 80 60 24 92 25 31 68 47 13 18 67 15 77
25 17 91 62 40 41 48 23 7 29 59 7 99 31 3 47 57 79 82 80 61 77 38 50 6 59 31 35 92 24 65 25 24 56 85 92 36 24 52 30 22 43 65 13 42 88 4 51 61 14 19 86 59 19 19 94 69 4 81 95 25 13 60 89 91 87 81 100 67 31
78 86 12 61 14 28 16 32 90 80 56 20 89 30 4 24 99 20 84 33 21 1 36 42 99 34 29 67 90 73 74 30 40 84 63 89 49 61 8 40 73 82 80 86 30 18 80 20 6 12 26 14 69 80 72 38 43 10 80 5 54 16 83 12 37 27 31 76 93 65
12 18 18 46 29 68 69 19 28 82 64 12 96 98 24 97 11 31 93 30 35 21 82 4 49 71 39 99 27 54 47 43 39 97 94 65 9 22 50 59 30 15 72 50 87 81 77 88 26 87 30 21 93 95 2 18 10 19 80 94 59 43 20 40 9 44 21 88 69 4
28 33 30 90 76 74 4 82 9 67 64 91 96 58 49 79 75 44 63 3 95 69 24 16 3 69 68 37 2 5 72 32 93 97 15 89 68 69 50 76 66 46 63 53 98 42 55 93 70 85 59 48 37 55 52 100 46 75 87 27 43 65 76 77 29 90 11 35 36 23
23 29 35 67 98 88 14 75 15 58 9 85 24 42 13 68 21 53 63 39 25 35 29 58 51 31 33 66 60 68 27 47 93 77 77 45 13 8 19 57 76 35 61 8 82 23 97 32 68 12 24 74 4 86 58 78 31 29 23 14 50 7 48 58 82 15 78 24 96 30
55 17 19 25 92 15 2 15 63 95 31 5 32 95 44 71 100 54 60 99 17 24 66 90 55 23 51 28 93 77 45 34 53 38 54 4 43 92 24 41 28 77 57 90 69 50 91 46 41 40 68 32 81 1 42 6 41 9 70 4 57 95 38 33 94 72 76 29 75 20
27 43 36 66 85 2 94 2 67 10 60 83 94 27 83 70 20 71 37 54 52 16 64 71 1 40 95 62 76 86 69 2 8 39 11 54 90 91 75 52 69 14 97 32 22 42 24 11 50 35 98 47 59 56 69 21 67 25 21 47 31 41 82 5 40 20 60 36 90 15
86 50 11 63 68 96 41 81 84 51 51 14 14 65 10 79 27 8 88 7 78 69 5 77 31 3 1 43 99 86 95 10 39 15 55 99 60 72 36 35 7 11 48 28 33 76 2 22 55 43 63 53 31 39 45 44 22 46 6 47 66 97 42 3 1 46 88 86 29 76
53 27 100 4 11 78 53 93 93 20 36 23 40 58 43 67 34 55 42 100 49 13 56 99 37 41 56 22 69 67 65 8 56 85 2 9 16 75 81 5 43 42 92 44 76 79 60 72 81 52 4 75 25 3 12 68 99 39 71 24 62 100 1 31 91 90 98 99 5 36
80 2 51 80 11 48 19 83 15 28 89 70 73 23 87 95 29 36 94 63 39 47 80 42 96 3 24 32 11 58 12 44 38 36 61 17 13 9 93 83 18 39 68 15 74 11 27 35 13 4 43 65 65 99 84 19 40 4 86 69 42 71 96 59 99 96 11 52 86 4
25 7 86 56 57 30 58 29 67 28 49 61 17 30 91 93 58 62 77 34 70 50 42 6 4 82 36 74 7 95 18 42 79 79 21 68 7 96 52 39 26 8 51 30 20 66 41 20 4 77 66 18 11 63 9 68 49 16 33 58 64 66 27 80 31 77 74 80 35 58
49 5 29 25 8 37 55 26 81 21 12 55 22 40 28 6 46 64 78 53 62 10 93 93 92 66 20 5 14 51 2 19 33 48 56 62 39 52 43 71 29 92 50 79 90 49 27 22 93 55 87 26 41 32 42 77 64 73 86 26 18 45 52 79 64 10 55 32 91 28
8 43 72 26 75 36 16 90 82 56 63 85 45 85 75 28 20 95 97 50 16 6 76 37 36 94 91 5 70 43 35 5 96 26 30 4 5 71 13 90 26 91 44 93 73 45 75 93 3 38 74 84 54 75 47 72 23 40 91 65 52 99 8 100 83 67 75 86 12 77
34 73 86 49 55 93 32 19 86 97 32 69 47 93 17 22 93 95 25 72 14 68 39 98 27 81 80 48 97 12 77 98 80 16 81 98 9 97 81 51 50 36 50 8 46 2 8 56 48 20 68 91 14 42 31 95 98 48 49 26 23 8 40 79 94 77 76 97 92 70
84 47 70 66 84 42 84 63 85 51 21 57 62 48 47 94 55 25 98 16 32 10 35 70 61 88 100 83 47 51 32 70 8 19 20 41 73 39 94 71 26 74 33 86 34 78 81 93 5 73 72 87 76 14 52 64 15 63 52 89 40 81 62 44 57 15 59 11 13 75
97 58 64 90 82 68 97 11 45 16 69 52 70 61 37 88 94 79 91 53 43 12 54 75 66 94 65 96 32 20 1 28 73 35 77 2 19 31 64 99 86 31 8 88 33 99 70 58 87 39 40 87 49 53 29 59 75 58 80 99 2 73 41 48 100 81 57 32 90 88
31 27 32 57 78 1 25 33 86 8 1 26 20 50 25 48 76 39 65 67 41 83 35 87 42 28 9 95 5 83 75 89 69 75 44 45 46 1 50 85 54 37 100 81 45 84 78 42 86 18 90 14 88 30 37 87 15 77 23 84 60 78 16 91 76 2 70 36 86 68
13 3 90 91 34 21 14 35 2 38 29 59 70 51 41 10 63 85 43 40 81 83 23 24 31 71 58 92 59 99 79 26 96 95 95 83 67 99 55 14 81 74 8 42 62 81 73 93 12 40 77 17 60 38 13 29 20 97 1 34 42 85 96 89 27 72 38 86 82 45
8 65 85 90 27 13 44 52 12 91 88 10 36 39 76 18 50 6 21 89 44 51 51 1 88 40 17 84 16 82 82 100 7 80 11 50 36 59 64 15 77 39 74 8 68 29 15 46 89 47 75 17 1 15 4 62 100 46 45 76 29 47 30 29 57 18 43 59 2 7
2 54 75 35 43 79 92 95 83 51 81 48 59 51 94 67 79 33 44 95 26 22 78 18 24 49 79 21 76 13 36 9 62 8 35 21 73 44 32 53 76 34 65 20 94 88 1 93 61 100 78 80 91 66 46 95 23 20 84 79 100 11 93 87 33 11 82 29 87 89
16 62 85 96 62 18 15 28 89 54 31 49 36 73 20 9 49 12 4 53 68 46 33 46 70 83 95 90 23 12 88 13 53 89 96 66 11 43 44 18 93 34 89 5 37 59 34 43 7 73 94 5 57 57 12 88 50 46 86 11 9 32 12 57 88 64 64 87 95 40
30 34 9 6 70 74 45 63 7 57 89 89 57 88 46 59 41 45 3 28 8 29 43 11 83 88 90 22 40 96 89 57 2 80 8 52 95 9 72 43 1 18 94 8 29 51 62 54 65 75 81 5 91 94 46 33 77 26 64 35 75 22 4 35 70 40 100 56 39 10
90 79 69 95 20 11 85 2 18 12 4 7 48 32 7 45 42 68 11 2 53 63 58 98 14 72 28 49 10 17 30 85 19 11 2 56 32 90 20 13 42 68 19 12 94 22 76 36 88 33 100 75 63 18 75 55 75 3 12 48 76 87 72 22 94 59 100 71 25 20
63 19 99 24 39 17 54 45 26 70 5 29 47 60 78 30 55 56 43 90 15 18 72 48 99 10 43 28 15 70 45 35 36 59 56 52 94 51 19 23 3 16 59 81 2 82 13 9 92 39 34 62 70 52 15 54 72 23 92 70 66 41 28 95 14 67 68 65 94 72
42 87 14 76 59 97 56 31 77 3 89 7 33 77 56 77 28 37 94 60 2 14 46 6 57 96 18 15 43 12 21 50 23 6 89 24 100 36 56 27 78 62 40 72 52 21 28 53 69 48 9 41 89 94 83 67 69 15 84 35 50 1 73 36 44 8 54 77 39 23
21 7 93 37 98 43 63 71 10 46 23 95 9 91 19 77 79 27 56 92 3 51 61 70 32 34 93 11 40 51 95 55 1 48 19 83 90 69 25 25 88 61 23 13 24 29 63 3 59 44 2 94 66 25 89 20 80 39 81 36 51 68 47 28 38 82 97 78 88 31
86 74 39 2 38 99 59 64 76 58 85 95 78 44 17 99 22 9 97 60 10 29 56 38 65 72 58 34 28 43 14 19 95 63 88 86 97 49 78 47 38 56 76 40 86 3 80 12 79 84 23 6 50 26 61 46 80 5 60 95 13 73 6 22 96 60 70 8 32 16
41 50 46 77 32 19 73 26 53 22 61 20 16 96 21 76 2 42 18 45 100 20 19 43 15 29 74 91 96 76 33 29 61 47 65 59 51 95 92 84 72 21 70 90 45 60 13 5 31 12 50 27 84 17 79 45 76 99 67 73 100 55 9 9 57 3 7 39 50 97
42 44 58 40 20 7 64 97 49 60 83 57 65 16 15 10 42 49 19 79 24 68 86 55 86 78 40 66 34 44 78 49 69 23 3 19 20 56 9 90 61 32 69 67 46 44 23 18 17 59 27 84 1 69 58 58 68 27 77 49 17 18 53 78 2 98 1 22 48 82
64 75 2 60 1 85 100 46 40 3 30 15 11 47 41 32 68 26 16 60 65 94 66 63 28 38 21 19 32 31 92 26 29 30 98 84 40 39 14 97 49 22 74 16 32 3 1 19 84 39 43 39 74 17 77 38 66 5 94 25 69 85 34 20 43 69 42 41 52 89
87 66 49 38 17 49 91 91 48 67 9 49 57 25 35 28 21 50 17 86 74 11 29 59 97 83 63 25 90 47 46 88 40 62 74 68 22 91 62 66 81 56 55 19 89 79 92 33 52 25 97 51 38 51 1 94 13 74 85 66 23 18 85 7 81 30 2 16 91 96
40 43 59 58 42 8 74 97 14 54 28 10 51 4 91 22 97 68 17 3 84 68 39 24 64 74 71 67 33 1 79 23 8 8 47 80 90 43 31 41 51 11 96 93 12 62 2 70 73 90 70 66 97 70 98 91 4 33 92 74 56 10 6 58 63 85 94 26 64 63
22 60 67 39 79 100 14 55 18 31 72 80 81 75 27 67 55 50 91 74 10 66 39 64 15 65 18 94 65 25 43 21 50 86 6 81 64 16 25 75 38 78 20 38 12 39 96 55 53 72 36 36 73 72 31 3 36 62 91 90 68 34 69 25 86 34 95 44 9 11
40 33 70 51 63 90 65 54 41 80 9 97 95 3 76 89 70 75 82 72 51 34 37 9 86 76 48 32 38 84 14 54 24 26 14 74 64 78 51 18 56 48 72 23 42 53 85 63 30 54 19 87 39 77 79 29 23 66 90 52 60 5 32 24 87 24 2 82 61 78
69 100 86 10 94 29 15 59 29 94 72 11 22 52 75 100 34 14 18 49 74 51 62 51 92 36 34 39 57 28 21 10 64 65 24 28 64 25 80 92 76 66 62 66 77 89 59 21 1 77 97 86 92 52 51 21 81 98 93 80 38 15 17 29 67 39 93 87 85 17
49 56 41 90 40 54 28 74 65 5 85 72 86 68 74 51 23 26 25 71 8 3 82 59 79 92 63 68 58 20 69 16 60 97 58 54 2 11 8 37 44 8 65 66 35 67 52 22 96 13 48 78 22 1 94 35 20 3 72 46 61 10 98 16 91 98 86 92 31 99
50 48 50 51 24 46 18 27 19 11 90 93 18 58 19 56 74 90 67 61 51 48 54 49 20 47 70 71 94 74 34 86 76 90 30 45 57 56 97 45 54 46 55 55 62 90 19 66 14 84 54 70 5 4 88 5 93 98 21 71 96 38 18 61 27 45 58 28 75 42
32 81 78 46 32 22 7 62 4 10 46 79 54 50 37 50 66 23 17 79 80 92 19 42 21 5 38 2 98 44 93 74 57 69 52 5 49 94 9 48 83 69 74 34 33 70 94 21 78 90 5 95 71 80 43 95 21 80 98 12 37 69 47 42 73 48 80 14 93 27
78 70 19 84 68 23 89 74 88 31 64 50 67 58 55 60 93 42 25 27 81 63 34 24 63 82 56 37 60 58 40 79 72 5 22 100 78 76 61 83 87 73 5 41 64 68 45 93 87 56 42 36 79 52 29 7 37 6 77 92 83 25 45 29 39 65 92 73 57 100
62 98 21 48 65 52 68 74 59 21 10 79 91 69 7 95 32 2 97 83 23 24 40 82 41 79 67 51 23 7 40 40 40 6 71 80 77 1 3 19 40 81 78 92 77 5 17 96 100 50 44 15 74 5 97 77 47 10 13 59 8 38 36 61 92 62 15 86 25 30
99 85 91 53 22 50 14 51 7 29 56 2 44 80 29 51 25 21 13 14 97 26 95 51 46 62 87 90 90 53 79 44 88 82 73 29 29 17 92 6 55 71 40 28 100 94 81 37 65 90 33 77 88 8 24 25 37 94 65 37 7 51 26 59 45 30 73 18 66 77
68 91 39 98 73 21 47 11 75 8 73 41 93 2 44 18 36 99 68 91 50 49 32 7 52 32 32 43 54 43 18 87 69 43 59 86 38 46 11 63 18 38 95 51 19 49 52 35 2 41 2 82 75 71 85 84 60 40 35 11 42 29 45 2 31 22 80 57 69 90
54 31 77 67 97 77 46 47 54 65 70 96 53 21 32 44 85 59 52 10 28 44 61 79 12 53 95 44 75 59 69 35 29 37 22 91 41 58 70 96 12 98 58 68 76 76 34 65 43 33 66 79 78 83 92 71 82 53 59 6 82 45 100 65 36 65 16 77 72 39
9 47 95 65 66 27 33 96 66 32 4 23 11 33 3 33 4 8 29 92 68 98 67 69 13 15 33 71 19 8 5 12 65 8 18 65 34 99 79 95 68 18 17 71 7 85 91 80 38 59 52 82 54 64 29 69 24 21 3 90 88 81 47 35 14 30 45 8 45 94
34 31 97 24 83 59 48 17 97 41 90 69 88 8 19 57 100 99 24 91 66 35 21 54 33 51 47 60 97 93 35 23 59 84 51 82 3 59 61 55 16 52 17 92 31 86 36 62 79 52 64 80 10 12 97 60 2 83 74 29 50 75 4 61 37 43 12 1 62 62
95 75 6 96 31 90 54 5 17 13 71 88 21 91 78 46 14 41 34 51 68 28 17 19 13 97 96 57 65 40 18 37 93 9 99 31 33 64 96 74 55 19 87 43 1 31 83 22 36 59 79 11 90 2 82 4 57 59 83 56 42 43 44 74 69 28 46 13 56 45
58 46 1 38 11 55 36 63 40 72 94 36 65 90 29 73 77 91 25 18 96 57 42 55 79 25 91 61 69 15 22 41 84 88 22 14 43 81 2 31 82 16 88 48 44 87 31 45 13 82 65 71 18 98 46 3 48 22 60 44 52 81 19 41 57 84 41 31 97 67
33 83 75 76 39 1 28 37 100 39 6 75 66 17 46 12 87 37 100 49 18 22 43 81 70 84 31 31 40 17 76 49 29 11 19 23 73 80 29 65 14 54 13 59 72 55 33 30 98 91 23 75 22 18 66 51 67 1 93 73 11 48 74 39 97 82 81 88 46 9
79 35 11 15 4 64 15 47 87 84 11 7 78 71 18 37 69 94 18 33 31 93 52 74 55 48 15 13 64 11 57 32 92 62 59 11 29 80 88 15 40 58 65 12 30 11 23 97 67 44 17 3 88 17 95 24 12 8 62 8 96 8 87 85 83 32 35 83 15 8
29 93 34 82 13 78 43 65 74 49 66 89 89 96 12 39 23 19 88 18 82 37 44 37 59 73 84 12 64 84 35 59 90 44 11 21 74 92 16 71 26 51 37 59 38 62 48 86 18 83 54 25 81 25 75 56 22 76 5 19 92 9 38 59 71 22 51 97 68 96
47 43 34 70 16 3 34 10 69 6 28 96 41 43 6 2 75 100 16 99 80 58 12 38 74 70 89 66 55 14 99 33 25 59 87 2 25 53 80 19 78 83 5 62 11 63 60 87 3 35 68 89 25 36 25 50 5 3 46 3 14 60 94 61 91 7 18 6 29 5
13 38 18 50 22 41 89 21 54 56 79 58 32 9 23 99 67 34 34 64 99 69 47 54 53 17 8 70 10 5 60 6 18 98 37 91 32 98 21 61 58 52 15 58 50 67 84 35 20 69 25 22 26 30 75 83 42 88 44 52 55 38 31 63 18 50 22 73 50 93
42 36 56 24 50 73 51 57 48 71 7 16 9 53 64 89 38 18 69 43 60 97 69 11 71 82 11 70 3 68 81 28 95 70 60 48 71 33 48 74 1 2 17 86 39 5 53 78 69 25 31 88 49 77 57 99 91 20 31 63 90 93 19 57 48 28 32 63 9 20
56 62 94 77 3 30 16 95 25 70 82 55 48 96 8 18 64 32 97 10 3 97 13 64 49 46 9 1 92 30 70 73 80 81 80 51 11 67 44 60 40 15 30 85 7 58 39 66 47 31 53 43 24 41 36 9 84 100 64 70 98 54 19 3 44 57 60 35 60 79
100 12 25 36 28 56 7 19 94 99 94 94 97 51 79 52 77 4 56 17 89 43 73 25 53 41 79 76 2 32 73 80 82 26 82 57 88 77 20 67 43 50 90 47 86 67 35 55 77 19 48 71 81 96 79 16 56 48 2 54 20 1 63 26 33 46 64 93 21 63
46 85 28 68 13 66 15 78 64 5 24 7 30 76 30 88 65 10 83 65 7 15 34 10 4 67 70 67 88 58 49 12 47 41 56 16 78 11 56 32 49 82 7 69 16 27 82 86 68 51 51 10 68 88 5 88 54 90 89 24 48 7 93 59 3 23 15 81 41 81
17 68 87 18 67 9 6 12 62 70 60 13 81 66 74 52 54 26 60 60 81 74 25 79 44 95 75 9 5 97 51 18 72 14 19 37 36 50 35 17 12 51 42 71 100 50 37 23 92 81 22 54 80 44 82 2 96 96 85 74 39 5 1 28 40 83 81 3 88 48
75 2 29 35 50 27 14 57 39 68 44 62 84 82 22 61 9 51 21 20 73 41 17 46 11 38 92 20 69 85 83 41 30 79 41 49 31 8 50 87 56 81 13 57 47 1 98 91 39 37 57 8 71 35 15 51 58 25 80 8 38 76 67 71 40 79 84 49 51 41
30 35 40 17 61 9 26 29 55 21 50 7 37 52 5 61 14 20 35 86 13 12 11 42 54 78 41 80 88 62 53 20 37 31 27 41 46 12 92 55 19 41 49 5 50 57 36 59 24 35 58 54 1 11 37 31 91 91 29 85 6 20 74 18 59 38 89 76 24 50
4 93 73 54 6 77 80 14 69 82 60 25 77 4 67 75 38 43 88 72 27 25 5 75 79 95 12 24 89 43 22 58 49 62 70 49 9 14 51 62 55 31 91 62 78 20 45 29 2 34 4 43 22 47 19 38 69 87 33 7 7 80 20 71 85 80 25 89 71 20
19 94 50 13 85 5 40 45 31 49 75 27 7 4 50 73 48 51 39 44 58 41 77 25 54 66 50 97 77 1 99 10 7 19 44 32 22 88 61 41 89 40 65 82 80 47 48 21 5 44 92 8 82 25 30 4 67 26 57 21 79 55 90 76 77 33 7 68 32 51
31 75 62 43 100 27 27 53 83 65 80 69 22 4 99 59 12 3 8 7 31 23 78 88 19 39 71 10 97 60 9 41 19 87 40 26 59 82 50 20 17 59 9 19 85 7 50 2 97 25 34 7 66 30 29 19 62 82 92 93 30 37 3 16 14 85 42 58 35 94
75 97 5 48 92 99 92 47 93 63 38 65 38 51 89 15 5 98 85 51 22 94 18 2 33 90 59 75 95 49 91 78 51 31 26 39 20 62 14 89 26 34 21 65 70 31 51 4 91 27 25 95 64 6 59 22 17 24 5 36 99 13 71 62 42 70 35 27 67 68
79 17 80 90 37 93 36 72 36 34 87 16 76 7 8 55 67 9 69 65 44 29 19 97 90 72 47 63 14 79 30 41 88 4 29 1 44 59 89 13 54 76 66 8 42 54 30 82 2 21 20 82 88 88 14 34 61 16 27 55 87 67 16 71 8 97 15 92 66 14
72 9 16 31 34 81 72 48 22 79 3 67 37 95 68 18 28 71 40 10 2 85 60 40 73 47 55 73 73 41 25 56 48 99 66 64 100 2 72 35 56 98 77 18 48 28 27 58 63 59 89 76 1 37 92 28 20 80 63 30 58 24 40 56 68 36 9 58 54 5
15 67 45 70 62 37 76 14 26 21 44 64 52 90 80 52 1 86 55 31 51 91 96 27 78 84 74 50 28 29 97 67 91 58 71 39 72 94 94 93 77 58 9 69 17 20 53 17 73 42 8 60 34 6 25 1 54 57 100 43 44 4 22 2 84 55 50 54 17 74
14 2 94 29 15 1 16 35 31 5 35 94 49 17 25 42 16 66 69 64 24 91 28 57 80 63 27 81 6 63 1 94 9 54 75 81 47 88 36 80 46 76 66 94 1 41 60 19 66 9 38 42 79 18 87 24 3 70 59 14 61 34 93 97 39 28 29 93 79 93
