90
4
91 87 56 69 12 91 31 71 85 44 3 2 74 90 5 99 28 33 40 6 38 96 13 97 83 94 14 99 16 89 18 35 29 55 34 89 66 78 51 79 74 96 77 68 25 74 13 12 39 74 84 48 49 56 8 19 100 21 48 11 43 86 69 94 46 36 78 38 61 10 9 24 59 85 60 20 84 56 86 80 80 86 49 40 87 62 35 23 68 59
77 5 52 15 12 31 83 22 69 60 68 1 9 81 81 27 76 46 3 51 31 31 29 5 58 35 79 62 24 34 72 58 21 20 31 31 35 58 36 2 9 58 38 65 17 22 33 27 98 71 26 78 23 100 95 16 60 24 43 44 7 51 87 54 45 43 45 79 55 46 80 61 27 60 94 9 56 49 20 29 81 67 88 45 28 100 58 93 86 43
68 5 91 46 93 80 86 4 75 28 8 67 84 9 73 87 86 89 91 73 83 32 35 11 94 30 57 54 75 11 52 61 85 30 96 55 51 55 52 95 6 96 90 2 86 26 91 61 88 100 21 1 33 8 55 28 42 98 3 94 5 8 41 86 12 17 94 72 34 55 9 40 16 53 2 24 19 39 94 19 65 73 95 56 78 37 62 49 10 38
84 11 72 77 5 37 5 9 63 29 39 74 92 77 82 88 9 27 49 89 68 63 82 84 40 89 50 47 68 38 69 11 60 54 62 7 86 10 80 25 54 32 11 95 87 90 11 55 16 46 60 28 99 69 4 33 91 24 2 7 52 49 39 80 43 46 39 10 79 24 95 76 48 70 85 58 72 35 37 8 46 75 49 41 27 74 43 59 12 25
95 88 76 57 15 51 85 42 40 80 38 3 84 28 99 91 4 43 65 84 73 50 16 14 100 40 39 28 91 47 63 90 94 85 64 4 22 29 11 89 54 86 53 36 9 50 74 4 44 27 40 39 89 36 4 60 80 2 34 82 74 55 30 36 8 98 67 62 42 67 58 85 98 46 76 16 40 52 96 66 93 65 61 55 69 43 13 61 39 83
40 11 61 7 85 24 29 42 81 69 28 7 86 33 50 11 54 75 24 57 13 9 22 35 41 2 85 25 67 66 60 12 12 94 46 57 38 70 60 51 54 89 58 69 64 52 70 21 18 14 74 79 5 80 43 39 2 6 83 57 79 69 85 35 96 16 19 1 36 51 51 70 15 76 87 54 75 84 23 7 25 88 44 31 58 59 13 26 19 12
41 17 72 44 35 36 37 19 96 76 2 65 27 27 49 96 76 40 54 7 2 42 38 9 21 96 60 21 87 50 13 27 88 71 94 8 48 16 96 15 32 32 29 59 67 85 6 87 82 56 27 52 49 5 79 1 95 30 79 74 94 44 75 18 40 90 57 54 98 21 22 63 26 36 66 74 14 7 70 31 64 25 33 50 29 5 73 4 51 68
89 17 40 3 62 100 6 48 21 11 89 72 52 93 40 58 30 20 66 65 63 47 64 37 37 23 20 54 60 39 73 100 92 55 90 65 48 97 38 52 84 45 1 71 1 64 92 96 44 96 19 83 52 82 8 38 61 67 35 91 5 34 28 77 7 60 44 51 38 30 47 2 44 41 39 43 59 46 73 33 91 74 12 62 90 69 44 84 27 79
47 38 60 54 2 96 19 26 94 79 12 33 17 12 2 66 80 36 81 91 62 67 91 79 24 47 53 4 58 87 79 76 64 82 48 8 85 95 15 94 46 91 69 54 61 70 33 13 20 15 37 77 53 61 22 98 69 22 29 46 10 65 93 35 100 27 60 15 34 63 41 57 78 79 18 38 89 47 43 50 73 73 84 25 92 64 51 70 33 23
27 98 18 68 18 3 28 52 69 19 8 90 84 2 66 16 24 16 26 97 31 99 74 70 30 95 37 92 51 20 95 55 51 24 12 9 37 73 76 5 29 67 67 43 3 76 54 78 18 19 86 56 70 99 52 64 21 44 17 39 31 24 69 3 56 46 74 3 85 78 40 25 53 45 69 62 56 80 25 58 99 58 73 97 89 15 84 80 99 99
98 89 87 34 66 1 65 44 80 53 52 27 67 44 22 70 34 67 17 53 53 59 66 10 17 25 33 6 18 87 36 3 16 77 26 48 6 36 62 67 95 40 97 14 73 42 90 17 46 95 79 37 90 34 39 74 68 64 73 17 23 92 39 89 65 73 55 41 50 79 42 81 26 74 3 20 13 5 21 9 12 14 39 86 67 95 48 89 8 57
96 65 87 69 92 17 66 91 61 98 49 28 59 61 6 76 48 91 79 1 76 7 95 58 31 33 85 61 60 37 87 48 89 3 77 13 12 48 75 63 51 97 51 67 50 25 24 10 70 99 83 20 97 18 54 26 73 99 46 7 100 14 37 85 39 43 22 64 70 70 98 20 66 58 72 11 25 33 82 94 1 97 35 11 97 74 69 11 6 52
38 61 94 39 45 55 35 15 28 90 7 36 1 96 47 94 91 73 35 56 16 65 79 90 78 42 61 35 58 62 86 62 7 44 71 83 1 23 66 53 77 53 74 20 1 2 11 83 60 68 70 9 86 14 17 64 94 96 97 2 50 7 99 44 47 64 30 19 90 30 36 29 70 19 74 29 52 39 49 79 59 19 28 53 45 93 95 4 91 100
28 86 27 42 86 13 61 33 46 14 40 18 38 45 93 71 53 64 26 13 2 7 53 23 44 89 29 56 26 67 58 18 93 66 57 10 40 71 26 86 3 82 73 10 18 65 52 32 20 34 69 43 76 70 73 21 11 47 85 64 54 72 78 71 30 15 30 79 84 79 33 93 33 98 15 84 100 51 87 52 78 16 37 43 75 36 24 67 75 92
92 80 36 94 98 56 56 2 22 96 31 87 94 97 42 29 95 66 28 37 63 68 66 76 28 4 50 54 88 61 100 40 76 92 92 99 18 24 70 85 60 37 47 69 24 74 89 82 44 91 82 66 60 24 76 69 65 75 11 98 70 86 3 81 6 66 5 82 45 68 1 55 87 82 59 45 62 94 66 15 19 86 33 18 54 8 65 65 49 38
86 17 87 61 8 56 82 11 4 54 44 26 38 38 78 39 66 55 83 52 34 73 92 58 71 79 100 86 2 8 82 43 92 29 42 58 92 47 68 6 28 4 3 31 82 40 28 90 44 60 24 79 12 83 25 29 81 68 68 55 74 19 99 36 19 68 99 38 82 44 56 93 18 61 70 33 53 78 13 66 4 30 50 50 8 52 84 30 100 85
61 63 74 91 75 39 62 32 38 16 81 37 5 48 67 70 72 87 79 54 84 23 11 66 24 35 87 13 57 54 59 38 54 36 66 54 48 3 21 75 70 84 19 91 99 60 24 78 66 99 42 80 71 98 92 33 39 4 40 36 47 84 91 92 12 68 7 76 35 29 30 55 30 27 33 84 94 69 89 39 89 20 34 34 51 7 6 32 26 65
71 74 22 86 53 41 66 91 83 31 75 25 15 37 66 93 57 44 87 27 54 25 97 45 10 78 55 62 49 87 46 75 19 29 82 31 91 30 93 51 85 67 34 95 70 8 28 5 57 27 73 89 62 92 75 46 79 8 70 70 36 65 31 57 79 68 31 98 91 19 71 46 55 22 58 13 72 37 70 83 47 38 18 94 15 34 15 38 97 62
16 44 54 50 74 39 9 10 55 77 49 91 71 55 6 93 97 22 63 9 24 82 65 77 3 62 67 52 25 35 93 64 51 62 29 38 47 82 77 14 75 74 90 22 33 70 67 98 98 39 19 23 10 1 65 45 15 23 49 82 13 58 84 29 78 98 44 21 63 21 99 21 42 77 49 37 21 89 75 76 27 54 13 57 94 63 74 73 31 37
75 3 32 37 77 33 78 43 81 12 20 68 87 86 60 92 85 98 88 63 8 2 25 67 55 97 26 57 61 92 71 94 96 84 11 54 54 20 43 62 5 58 84 48 82 62 9 75 30 91 76 42 20 46 29 4 72 3 87 16 38 26 69 30 73 11 40 56 91 71 55 64 11 67 81 80 31 6 60 69 63 77 51 22 84 2 17 3 75 28
47 36 52 40 9 92 84 2 55 84 12 33 24 73 82 16 42 76 81 69 27 27 56 59 99 32 45 64 20 2 25 91 35 73 51 48 85 65 72 78 55 11 89 63 67 51 79 92 61 89 29 19 42 29 96 33 93 98 31 9 77 35 29 26 60 80 27 50 52 50 55 11 82 30 50 3 28 77 96 80 8 42 76 23 98 46 14 92 36 16
1 47 20 17 98 3 46 75 4 74 52 25 18 30 47 69 27 69 51 80 25 29 8 34 26 73 29 73 72 31 78 57 47 23 87 78 61 31 2 38 45 5 4 18 31 6 78 70 25 91 38 41 60 70 15 70 98 14 12 25 93 47 97 77 19 87 67 88 70 94 29 20 43 74 48 12 24 68 84 96 7 7 73 64 37 67 42 90 7 6
80 69 59 76 82 86 39 67 4 91 66 24 13 22 42 63 38 15 28 53 73 74 54 67 33 31 5 34 85 77 44 8 16 89 80 75 37 43 37 71 48 65 73 27 65 86 49 28 97 62 35 76 34 70 27 99 88 51 48 82 84 15 65 63 44 21 69 88 2 56 56 68 77 51 15 24 26 35 15 91 8 99 21 26 6 22 86 13 52 78
70 49 96 77 16 36 68 22 89 75 54 69 86 31 54 9 61 60 6 90 66 67 30 96 1 40 55 3 76 52 6 12 36 3 27 48 63 49 99 43 32 51 99 62 16 30 47 44 56 25 14 25 46 20 44 91 93 33 12 20 86 51 28 22 70 79 21 85 17 18 61 53 5 54 62 30 11 77 30 12 32 82 63 75 31 15 37 86 41 14
77 21 77 70 65 27 6 98 47 90 32 50 73 61 77 100 77 66 63 48 10 42 44 35 77 94 48 16 57 22 47 55 78 49 69 33 5 36 6 18 64 84 20 61 22 19 100 16 49 78 10 32 72 99 62 47 73 33 24 1 98 86 76 71 82 80 90 46 52 67 44 61 38 21 77 32 32 43 1 2 100 94 35 22 95 29 69 60 90 85
100 5 69 33 93 97 2 7 32 12 79 51 50 55 73 39 29 85 66 58 96 89 30 28 52 84 9 97 66 85 96 2 36 95 45 18 80 51 37 68 88 29 26 87 60 44 89 14 39 98 24 52 40 76 7 78 25 84 100 30 44 32 24 74 76 30 47 68 91 92 45 51 68 27 30 42 22 21 34 10 67 10 51 48 99 19 54 29 86 29
21 41 98 23 64 32 68 45 42 31 66 78 84 36 45 19 9 3 15 1 76 33 62 50 73 50 43 61 37 54 84 45 59 48 81 91 53 42 36 75 60 41 59 34 92 100 32 78 86 49 69 17 62 91 59 66 55 49 21 2 24 65 17 68 7 42 33 40 19 55 44 40 66 15 8 95 73 10 47 79 73 3 26 74 6 39 85 51 17 40
86 91 87 52 4 25 8 5 84 33 24 6 34 14 64 52 91 1 29 66 6 94 60 11 93 77 21 96 79 97 42 53 20 39 74 76 78 66 34 30 40 8 32 79 97 76 2 57 41 66 64 63 75 37 2 80 27 8 32 24 14 74 86 12 69 12 62 33 62 20 19 89 35 28 68 47 22 79 8 53 53 26 77 40 51 15 59 11 82 82
84 77 77 26 29 15 22 22 49 42 94 84 41 67 62 55 93 41 51 76 30 89 44 55 41 45 78 82 39 84 36 83 61 8 78 69 91 85 18 1 49 46 60 2 83 24 94 76 42 22 63 45 75 27 92 4 19 38 67 11 6 84 2 49 26 56 91 65 77 39 86 93 34 34 2 34 48 47 62 8 49 59 18 1 75 58 32 50 4 96
36 11 46 24 27 71 79 11 90 94 76 43 97 24 33 20 50 60 57 43 81 67 59 71 71 51 82 74 59 21 10 59 2 12 69 90 12 77 96 22 80 45 62 100 94 64 83 43 94 82 23 51 86 39 83 83 46 36 39 2 37 21 89 6 28 79 59 5 18 95 48 41 70 43 66 69 72 42 15 42 86 64 28 32 74 92 8 50 79 67
10 25 54 33 94 66 27 28 11 70 15 56 85 8 4 97 46 94 9 37 50 62 68 69 6 99 27 89 27 20 50 69 46 94 64 58 70 70 5 38 100 49 8 13 51 62 95 70 95 35 33 49 34 12 24 21 45 68 60 15 95 91 70 28 86 28 31 77 9 41 83 80 43 61 28 76 52 69 37 33 78 34 48 18 20 2 61 97 96 80
83 55 28 58 59 53 1 100 72 98 10 63 22 35 88 8 99 92 94 24 56 28 80 92 81 58 47 40 5 25 7 54 65 77 26 75 69 91 19 2 13 5 41 99 22 68 63 60 33 99 42 32 43 57 54 5 84 29 59 80 80 71 22 90 2 17 96 55 9 30 30 100 99 5 50 5 23 49 84 73 72 36 43 86 43 77 44 80 22 28
88 13 65 78 5 89 35 47 87 65 67 85 80 36 46 92 43 58 90 81 76 82 11 15 86 70 50 17 28 3 31 56 90 22 19 75 100 60 16 18 55 29 82 94 38 78 89 81 4 88 94 37 70 44 35 3 2 59 35 77 59 46 73 71 73 58 42 38 51 33 45 89 92 6 2 26 71 18 59 79 40 68 92 22 76 5 39 55 72 24
89 36 91 66 95 80 54 30 18 15 46 53 15 46 17 87 23 19 77 87 58 21 84 74 1 4 56 10 73 47 38 89 9 13 2 3 51 12 98 15 43 4 14 87 50 42 51 19 67 15 11 64 5 31 9 95 61 56 51 31 54 70 77 81 91 62 23 97 69 35 27 100 16 15 65 66 10 49 33 37 4 28 26 35 49 41 80 5 56 63
49 61 14 91 96 55 5 83 16 98 47 25 77 14 92 41 38 75 34 30 11 46 44 39 1 17 95 29 59 80 37 8 19 86 20 79 42 61 60 73 26 90 52 64 50 65 19 73 36 64 78 64 68 36 86 53 29 27 91 47 86 18 62 23 46 84 25 16 59 59 25 71 87 54 42 24 59 74 42 97 60 62 49 94 88 60 28 83 85 100
71 36 94 99 52 99 58 95 24 83 54 31 79 11 88 67 5 71 76 17 33 28 28 53 98 83 18 67 93 53 42 40 5 58 1 28 33 72 91 75 14 72 10 50 69 74 29 37 100 34 88 24 16 71 100 42 2 17 28 28 36 9 30 53 66 69 31 30 90 6 65 73 79 55 87 12 78 21 18 33 29 69 48 2 35 58 73 34 72 64
36 62 75 87 79 2 55 79 12 70 96 89 43 44 21 10 51 80 34 10 59 42 85 30 22 78 46 65 41 76 84 30 84 31 60 35 67 10 42 82 47 44 55 1 74 90 80 3 79 80 80 11 1 1 34 94 30 29 4 44 42 4 32 88 35 89 16 1 79 11 78 64 74 45 67 85 15 16 86 59 39 81 70 93 12 56 37 19 26 75
80 66 40 23 44 66 43 4 4 87 54 26 3 17 81 73 7 8 72 84 93 73 17 8 89 86 85 76 25 47 19 10 20 33 33 32 16 53 30 26 89 76 70 58 81 19 79 91 17 42 6 73 83 5 53 12 77 21 85 27 39 20 29 62 48 100 71 33 12 69 61 56 38 8 36 99 86 92 41 92 15 91 71 16 30 16 1 17 19 52
22 13 38 20 100 72 84 9 94 40 54 100 86 90 63 47 81 85 25 75 87 62 16 11 90 10 28 38 29 28 58 1 81 36 35 72 20 40 11 50 74 63 22 100 30 63 64 94 82 53 90 60 41 27 85 66 56 52 40 89 69 29 77 6 11 57 78 60 52 61 55 23 97 82 15 84 66 94 91 9 35 35 76 76 16 39 90 57 100 24
9 10 100 13 97 100 31 39 43 60 3 79 54 61 96 74 17 50 50 50 54 16 45 96 17 96 83 35 53 80 100 33 90 18 1 94 39 35 6 97 18 95 75 28 95 29 3 53 47 59 9 97 100 34 33 65 20 92 75 11 33 23 47 33 67 53 57 93 56 85 1 39 32 79 86 75 76 90 47 41 86 72 39 91 82 10 80 59 74 19
43 77 9 54 39 40 12 90 19 45 14 49 32 67 71 99 30 82 60 67 81 1 73 43 30 59 35 83 31 14 78 24 61 63 25 81 56 70 33 83 42 40 49 71 65 64 70 95 57 9 72 43 24 46 56 67 54 57 46 47 40 15 30 51 60 91 31 68 83 62 80 67 21 55 43 82 37 42 67 10 92 24 6 50 74 13 47 92 52 85
87 66 38 91 52 3 46 49 77 92 60 75 61 60 62 88 76 2 92 71 2 94 8 25 36 15 30 91 6 97 61 5 64 77 65 29 91 12 91 15 22 16 35 8 59 4 99 47 28 79 10 37 44 64 68 30 90 99 18 7 98 18 6 69 89 12 95 25 100 46 79 50 69 39 29 98 37 34 79 66 86 39 10 70 34 28 86 9 39 9
92 5 21 85 22 68 11 3 79 52 15 59 67 16 49 19 30 37 25 15 16 34 70 17 37 49 44 40 77 73 86 82 30 33 39 98 76 6 2 2 65 91 68 97 76 62 81 81 62 61 22 55 16 75 85 16 21 97 7 88 92 60 10 38 2 17 80 89 80 100 87 53 73 62 5 18 24 18 67 3 49 9 98 2 1 1 41 82 89 83
29 56 9 14 83 41 36 26 21 74 53 81 81 64 29 46 31 64 91 62 75 23 96 45 45 23 66 90 59 15 40 41 87 25 96 9 25 79 89 41 35 54 61 69 35 99 14 19 73 97 7 73 60 69 94 81 61 96 35 81 37 90 22 26 68 65 41 36 7 17 66 71 41 7 69 73 83 8 55 44 83 51 61 10 37 12 76 31 63 48
87 68 14 69 89 88 62 23 78 93 21 76 28 39 30 62 61 93 4 52 74 90 17 2 68 24 29 97 75 42 67 99 5 52 9 42 76 9 95 24 5 24 97 55 21 74 24 26 71 61 26 64 50 31 4 33 84 25 44 3 61 49 43 22 23 17 94 98 19 17 20 8 79 89 35 99 90 25 46 31 72 51 87 11 51 14 85 67 49 18
19 67 3 64 28 65 49 67 58 97 64 32 14 89 48 59 10 55 27 9 98 91 20 74 82 43 54 44 95 34 77 68 83 9 89 31 2 64 58 63 28 17 26 60 12 86 94 3 92 39 57 16 62 63 86 71 15 95 2 55 93 50 42 50 76 88 3 12 81 23 60 25 25 51 13 27 1 13 20 24 2 55 30 47 9 5 53 57 66 66
96 14 20 33 28 61 16 55 22 76 42 32 16 60 32 30 56 74 80 58 89 34 16 88 8 50 18 13 17 38 66 23 62 32 82 29 3 100 26 43 87 92 96 9 41 89 10 76 5 31 96 14 51 63 92 38 3 92 60 70 75 15 89 11 62 25 18 83 54 53 80 36 91 60 16 7 51 37 52 60 1 90 68 26 10 6 65 59 98 19
72 83 6 6 87 38 42 67 67 76 48 75 75 90 8 59 54 23 50 70 6 43 78 67 71 24 48 14 49 77 5 97 68 40 56 74 1 19 2 88 91 21 22 16 24 4 38 64 75 15 63 69 7 21 18 97 13 12 34 30 45 2 37 38 69 89 38 18 40 93 70 12 95 12 39 49 65 75 39 38 72 88 83 74 94 77 43 49 51 14
20 18 95 62 56 53 27 86 91 44 49 87 89 76 48 35 5 72 45 77 41 46 17 83 78 96 85 59 27 68 13 77 22 87 43 13 90 67 23 44 24 94 92 65 16 40 87 5 78 59 2 42 21 88 44 34 70 68 41 13 14 91 38 20 24 51 25 81 13 94 30 74 80 75 9 70 6 13 7 17 29 68 49 23 79 38 33 95 11 26
51 94 41 94 4 58 8 94 96 41 26 35 9 51 71 90 55 44 58 98 31 38 77 4 44 67 26 34 99 76 11 27 70 32 30 14 62 67 69 83 49 99 29 93 95 57 39 84 18 11 15 7 26 33 95 56 59 29 91 17 12 94 72 91 35 35 10 86 97 16 18 16 55 52 71 16 61 67 22 18 99 43 85 76 55 19 40 41 25 50
75 46 69 71 65 72 57 92 9 18 72 84 87 18 67 97 36 19 63 95 26 37 97 87 10 24 92 81 8 74 60 67 50 1 35 20 35 95 7 52 67 2 92 5 52 99 84 92 72 29 31 100 37 51 29 17 93 76 95 81 92 9 96 20 57 6 3 23 51 4 71 17 20 93 37 23 35 46 27 10 47 11 58 42 97 71 55 100 67 10
95 51 94 5 74 90 50 30 5 23 58 91 40 73 47 74 62 82 5 59 27 99 75 18 2 55 93 75 56 12 99 37 86 59 31 77 19 3 70 87 1 87 27 98 95 14 54 7 98 35 46 18 100 37 87 28 34 97 91 13 78 15 24 40 7 50 40 21 96 35 34 42 10 4 42 80 3 43 12 52 79 34 25 1 52 71 37 30 11 90
79 67 69 79 7 50 51 31 87 21 71 46 87 75 57 86 58 85 48 52 74 41 21 91 57 61 74 16 85 56 94 89 35 16 65 85 50 31 93 76 37 71 42 30 28 59 7 89 13 3 23 9 54 10 88 44 45 10 63 36 54 26 31 77 95 20 16 43 32 64 20 77 23 17 85 2 95 23 12 36 62 19 95 67 52 19 29 44 47 81
92 22 72 43 20 61 31 54 76 49 16 42 15 2 32 89 94 57 28 53 16 52 41 88 99 46 97 90 42 1 79 89 100 100 6 93 80 48 95 94 72 53 100 69 27 59 100 10 77 53 74 82 54 20 23 52 90 7 98 83 45 34 96 64 46 90 9 70 15 97 9 17 37 25 85 88 59 76 49 69 55 49 3 96 8 88 1 17 28 89
37 70 58 5 99 49 76 62 48 77 8 71 67 37 35 69 17 33 83 45 95 5 2 17 36 25 40 59 32 60 87 53 13 27 50 6 95 38 9 29 97 45 87 57 14 82 37 80 49 72 64 36 26 79 31 24 68 32 82 19 6 42 19 32 67 82 41 100 42 93 7 10 49 45 98 34 22 98 13 63 86 8 34 32 50 74 5 62 55 3
35 96 34 95 72 3 1 45 81 19 25 52 47 13 80 33 93 58 30 70 31 30 52 73 63 85 21 3 65 23 13 99 2 40 84 94 28 76 8 86 74 65 4 87 35 62 44 49 29 41 6 40 29 67 27 55 5 90 11 16 69 87 95 43 32 12 31 50 91 99 39 68 59 87 31 19 59 61 88 49 55 19 23 21 82 40 28 74 56 27
44 32 69 37 42 30 68 34 72 54 25 21 3 55 3 33 69 70 46 16 27 51 78 46 3 93 75 84 37 96 81 87 74 95 81 33 66 51 91 60 40 88 21 59 89 93 75 18 47 44 74 89 5 8 13 47 23 48 51 72 16 59 28 4 85 7 39 77 58 62 6 88 36 8 80 13 19 2 69 100 60 12 87 15 76 84 30 60 83 9
70 5 64 100 100 35 79 91 77 9 30 20 19 63 53 74 99 96 75 10 14 56 98 61 55 34 33 1 14 76 30 35 94 43 45 28 95 43 84 100 69 42 94 36 49 73 99 66 89 9 39 57 41 17 87 3 58 86 3 50 42 92 98 52 7 21 19 45 3 26 47 45 100 14 1 46 17 41 50 78 19 97 29 16 46 27 81 31 42 62
32 16 55 20 42 86 57 46 39 15 48 66 13 15 98 88 37 1 6 19 18 19 5 10 47 33 77 70 80 12 72 51 5 77 21 27 24 89 20 100 38 53 47 81 44 92 5 87 68 11 10 25 61 94 65 83 7 10 58 44 56 6 6 57 10 33 12 9 53 87 51 99 4 93 4 6 6 23 99 46 87 85 21 35 73 39 78 35 87 100
27 62 12 79 81 76 86 62 35 70 71 17 69 33 60 9 81 83 15 80 68 89 83 65 2 23 61 30 39 31 79 40 22 8 74 92 63 50 18 81 84 4 49 87 38 67 86 45 15 22 80 4 43 28 32 19 41 1 35 22 72 66 93 37 62 25 37 56 1 3 38 31 41 67 11 75 65 59 37 45 66 44 13 46 40 91 80 76 83 48
36 84 42 89 100 50 6 15 33 53 42 2 76 41 76 99 98 60 31 72 59 1 91 80 93 36 72 87 97 15 99 20 99 94 30 89 63 34 50 51 48 79 100 94 81 75 65 28 99 65 29 21 82 52 99 18 67 69 30 78 83 9 63 71 100 55 11 14 97 55 61 37 31 16 20 88 2 25 36 65 73 63 69 58 80 95 1 82 46 1
55 14 16 58 11 74 27 94 70 81 52 18 41 56 74 25 56 15 11 40 87 86 28 1 39 75 14 39 27 20 95 58 38 33 51 4 86 3 58 81 97 16 47 38 67 13 26 6 89 66 74 71 16 4 39 56 3 76 20 6 88 98 54 25 13 19 67 38 12 33 4 21 81 35 95 55 67 72 100 45 97 10 80 99 8 63 84 39 61 39
15 70 48 56 85 19 73 48 74 57 80 61 29 30 87 44 75 32 5 43 60 27 28 87 99 86 34 75 13 63 1 14 91 93 68 52 66 90 46 73 61 22 49 67 24 4 33 51 57 45 95 32 3 46 87 2 6 84 53 61 84 21 47 62 78 68 41 97 20 33 91 26 10 4 90 23 59 32 8 3 22 27 94 45 29 45 91 51 79 95
24 18 84 3 1 39 70 18 84 26 67 77 44 94 26 22 32 2 38 99 86 56 17 39 70 44 72 31 64 84 6 33 58 68 77 45 59 29 96 99 60 15 48 85 50 43 5 34 14 54 19 65 27 70 40 55 7 37 61 75 75 54 100 47 60 20 27 100 34 22 25 64 93 55 99 69 24 15 3 67 55 9 35 64 78 7 65 15 90 89
36 18 9 6 68 17 38 88 55 47 87 76 11 88 42 10 42 86 23 19 83 31 61 39 14 98 89 5 31 19 37 6 18 5 100 83 89 26 20 95 30 36 69 30 6 27 13 32 7 80 22 11 25 7 35 68 2 85 15 79 86 44 31 6 19 11 46 57 83 49 62 55 91 4 95 52 84 88 63 16 86 51 1 25 95 19 99 20 37 14
74 83 35 87 74 92 85 19 38 79 17 97 42 73 92 87 44 19 16 1 39 41 61 32 46 72 60 16 60 49 4 57 97 21 43 19 18 15 32 78 99 43 77 19 54 46 5 61 63 46 54 85 96 14 50 9 58 13 4 83 41 52 98 81 29 36 62 24 1 80 93 53 74 13 93 19 77 32 58 90 73 56 53 3 58 78 38 67 40 94
59 32 12 89 1 79 20 79 56 30 98 36 75 31 26 2 64 41 13 55 71 12 56 35 99 42 76 87 80 44 56 41 72 13 50 72 81 25 4 84 15 68 59 77 3 63 59 75 36 71 76 67 92 78 43 94 27 28 33 59 20 19 49 4 23 50 93 19 67 10 6 18 78 22 34 67 56 9 72 85 71 54 14 6 49 56 27 86 67 10
62 51 12 58 7 64 96 31 46 83 68 64 17 29 49 25 16 74 36 8 78 62 36 27 41 74 58 23 86 88 40 15 74 77 7 3 98 99 36 24 92 38 23 79 17 51 45 79 58 62 31 40 40 37 70 47 51 68 16 77 78 20 85 34 22 1 51 20 47 85 24 41 73 5 3 47 64 16 43 42 68 55 12 83 62 44 11 34 84 6
27 26 61 99 78 42 61 40 95 95 30 62 17 17 24 96 19 60 54 39 18 19 2 53 91 63 23 4 15 26 74 42 49 62 80 90 81 44 91 29 53 80 53 66 59 68 10 91 26 79 6 42 33 56 67 9 73 37 1 47 21 21 82 56 50 40 98 99 55 42 28 6 26 18 42 76 52 9 91 42 13 76 59 4 36 62 16 80 57 20
4 48 78 59 81 32 78 8 81 100 100 92 83 2 69 62 64 38 87 62 17 37 4 85 79 58 16 92 58 24 29 77 1 12 2 48 74 99 88 72 46 13 12 17 47 88 96 5 31 10 20 53 75 52 14 74 14 95 33 71 29 81 99 98 93 94 53 27 69 5 15 8 25 4 12 90 40 37 73 85 71 30 28 93 56 66 6 4 46 9
13 40 20 44 42 29 38 91 9 38 100 84 74 61 6 22 26 42 45 31 72 78 49 11 53 44 51 97 50 68 42 37 71 97 93 81 80 41 34 99 84 85 67 87 66 7 31 33 44 98 17 58 96 66 87 44 95 59 50 69 64 47 48 51 16 30 39 61 54 13 93 75 56 38 16 86 98 81 9 34 39 31 39 37 83 5 23 86 10 36
15 47 69 21 100 50 76 11 4 94 83 28 58 50 26 100 87 63 93 17 100 29 31 16 96 36 17 13 26 55 28 78 2 89 50 16 32 94 84 15 73 10 82 75 62 57 76 70 65 58 9 21 14 57 30 11 20 44 4 92 26 98 66 40 44 25 17 45 64 76 27 73 40 69 68 100 21 34 28 42 51 84 3 28 7 10 60 71 74 58
65 20 26 80 85 72 42 19 44 36 56 96 76 13 61 58 23 88 46 77 100 8 73 82 21 21 98 45 50 74 85 25 56 74 47 88 79 2 39 81 65 82 69 31 79 1 92 30 41 20 74 62 97 6 15 23 49 18 56 1 60 69 59 98 83 33 14 92 29 80 39 16 89 23 40 48 81 56 60 36 83 95 93 17 26 12 20 75 44 37
5 7 41 70 21 85 40 86 10 28 58 69 98 10 14 92 59 98 16 89 22 52 24 15 60 53 21 91 22 62 78 56 100 23 77 66 74 91 76 18 34 26 65 53 41 4 73 70 68 21 67 77 100 61 37 82 75 22 12 31 97 50 54 23 54 44 2 13 87 79 48 9 2 45 2 41 89 64 45 79 3 68 44 39 54 6 97 45 67 13
21 75 35 95 31 78 17 51 98 68 37 100 24 28 56 16 50 66 77 41 41 72 25 45 37 91 80 75 74 19 40 26 2 54 18 30 67 61 92 12 99 81 60 48 82 15 45 55 54 48 100 45 60 65 78 4 69 59 96 6 78 44 66 79 43 77 90 34 91 93 98 50 38 74 53 80 61 4 86 74 99 49 1 85 12 42 78 82 40 45
86 26 80 23 81 63 45 59 86 57 18 39 22 70 13 96 31 61 60 24 86 92 3 100 67 76 22 5 2 12 6 52 93 17 13 52 20 75 37 28 91 70 66 39 18 78 12 83 32 84 32 35 64 2 64 53 20 87 77 38 77 14 39 31 74 58 38 68 24 100 85 47 72 48 45 10 63 93 2 51 78 85 97 96 17 91 42 36 51 18
88 43 100 58 82 77 86 53 64 18 69 86 91 28 22 88 43 34 68 67 14 14 16 85 33 51 42 49 86 46 37 33 56 90 45 49 74 2 25 13 38 27 49 5 56 60 60 89 33 39 84 79 4 49 13 85 37 52 3 55 7 81 75 27 35 25 40 20 12 6 91 93 31 86 58 91 73 1 70 22 57 63 11 9 94 4 32 53 22 52
81 29 86 13 15 23 80 25 82 92 23 11 91 41 5 62 14 67 74 44 72 60 12 97 38 96 82 96 94 92 78 4 100 9 88 86 39 63 1 40 42 46 37 30 28 71 31 22 90 77 2 45 35 73 100 76 66 44 44 41 10 4 32 57 69 78 6 48 93 16 26 13 91 42 53 72 5 27 69 51 13 42 34 94 5 63 91 19 66 51
45 31 93 85 15 17 61 67 34 27 8 33 68 71 95 15 19 49 62 61 92 45 33 47 75 30 8 85 75 65 38 65 8 46 77 75 2 17 2 22 51 19 60 33 67 27 83 88 81 52 94 86 76 90 51 18 61 22 83 45 42 12 20 22 77 67 84 61 62 12 44 37 93 53 43 91 27 74 32 27 86 92 75 90 1 41 76 34 98 55
82 37 72 22 3 51 63 89 90 15 97 5 39 84 52 43 75 53 48 16 11 25 27 88 34 96 5 72 92 10 14 58 76 37 40 40 20 62 29 92 37 67 98 33 94 74 18 4 73 74 27 45 65 54 65 69 23 20 87 65 7 67 55 43 23 84 88 38 4 56 100 6 9 90 72 9 88 73 8 3 99 13 7 96 76 83 69 61 44 44
81 35 29 10 74 28 77 78 78 38 72 92 87 87 69 98 5 86 60 35 97 34 60 63 20 44 47 86 28 60 65 62 58 79 70 46 24 60 26 27 43 99 75 73 74 25 15 72 98 43 45 52 2 85 42 58 62 98 12 71 78 7 9 50 78 42 1 66 35 94 83 35 88 7 76 40 10 27 76 22 53 4 27 71 71 50 66 57 27 98
89 89 23 58 38 47 39 62 37 58 87 5 84 69 41 67 53 97 55 21 10 76 64 81 58 43 36 5 87 93 49 9 56 47 65 67 43 16 30 90 22 1 43 7 92 41 58 12 61 80 43 28 32 64 4 29 85 6 87 2 53 21 27 44 23 46 1 56 53 23 21 16 27 35 14 13 19 92 41 99 7 51 70 19 62 14 90 12 51 81
36 40 62 22 46 8 41 12 13 61 38 81 36 25 52 17 8 10 5 96 62 19 22 70 19 77 43 69 54 67 72 1 2 15 30 14 33 65 63 1 43 35 2 97 18 18 89 64 56 46 40 95 88 7 12 21 4 83 35 69 60 40 48 70 97 15 33 87 52 83 85 23 67 1 36 62 47 82 73 32 84 77 17 73 90 65 10 76 89 62
9 93 29 5 85 17 2 30 48 50 38 53 78 80 13 33 78 89 89 83 86 7 41 84 32 43 62 83 84 8 5 3 15 10 97 27 37 99 99 9 12 96 23 53 23 54 90 81 66 94 42 66 14 55 25 66 13 20 66 2 37 49 12 21 47 58 60 45 82 13 76 4 46 75 41 24 44 99 8 17 51 12 49 35 84 79 83 14 99 28
12 94 18 44 7 87 49 39 14 27 16 78 68 10 34 85 97 79 14 32 13 59 86 8 22 53 30 13 19 44 7 22 14 91 36 46 65 11 9 87 16 97 45 33 36 30 28 9 93 30 32 41 64 7 7 23 76 22 73 10 99 63 90 67 69 66 71 59 58 48 54 37 23 28 7 13 50 26 65 85 25 28 87 84 33 89 57 15 30 1
52 54 69 73 21 63 77 63 64 87 3 79 76 52 68 69 5 21 100 61 71 42 8 59 26 74 84 26 64 24 25 8 58 59 76 54 68 8 34 99 88 33 51 33 67 88 15 98 38 15 50 10 82 65 2 8 67 47 43 27 38 14 22 78 18 85 3 63 77 90 76 2 26 5 33 52 73 53 40 43 100 57 79 24 63 97 88 44 5 46
89 42 82 63 51 36 40 5 85 64 76 22 4 72 4 36 48 78 40 60 31 72 24 54 23 30 33 49 29 64 83 71 17 82 12 82 81 28 91 10 70 85 81 33 49 12 48 73 75 27 9 10 29 100 94 70 15 7 18 83 66 73 52 31 88 32 26 8 2 27 53 40 28 64 33 40 92 68 34 73 37 87 57 70 3 7 68 43 48 13
94 25 82 24 23 78 100 96 59 51 74 26 46 76 29 44 100 60 2 90 91 87 45 38 27 74 5 11 45 94 58 68 31 16 92 22 92 27 46 24 49 15 63 27 35 97 20 96 36 21 38 59 96 76 86 54 35 10 46 73 28 77 96 13 48 54 48 10 53 10 55 88 34 70 64 66 7 74 31 5 19 17 98 61 61 68 25 42 75 29
20 63 57 30 2 67 75 57 86 96 41 16 8 41 73 63 90 43 94 92 16 5 56 8 72 55 76 69 60 53 53 43 9 38 73 91 23 31 63 93 85 69 95 53 33 98 24 57 61 74 24 39 67 77 19 31 52 73 80 20 47 48 14 18 27 24 87 78 18 55 77 70 62 55 57 31 9 38 62 93 80 4 2 31 49 83 81 53 7 2
81 36 35 56 82 6 82 93 72 40 41 36 49 5 61 17 50 30 96 11 67 79 60 53 44 59 66 72 27 8 88 19 10 78 57 82 46 11 63 1 82 29 32 40 11 23 6 48 4 34 69 17 42 29 41 39 24 9 86 22 66 15 56 40 27 17 49 64 6 53 50 4 85 70 70 31 73 91 97 5 21 76 4 62 65 73 99 12 64 72
7 88 17 99 47 54 67 10 55 53 15 36 97 93 31 55 90 12 29 44 65 39 42 47 73 21 93 49 82 43 58 36 75 65 66 5 76 16 31 22 10 14 69 67 55 43 66 70 72 19 61 31 52 97 31 55 32 99 3 96 74 81 20 14 7 83 13 39 88 72 60 44 14 43 3 81 67 87 32 51 32 20 76 8 62 63 44 22 24 26
5 42 94 23 3 6 85 55 82 3 24 94 44 25 56 83 85 15 9 73 54 66 71 3 32 6 49 50 25 19 23 30 85 91 25 61 12 1 77 93 37 1 48 54 49 92 85 9 84 90 39 12 18 70 51 77 4 3 78 24 32 51 99 63 6 70 33 9 96 18 4 41 6 32 80 63 98 26 83 83 96 42 23 71 76 59 27 70 47 87
8 56 32 9 18 41 66 49 44 25 92 24 82 20 25 3 17 10 66 60 75 2 1 13 58 90 52 4 4 82 96 35 83 42 86 96 21 7 97 8 54 47 92 58 10 97 38 65 10 77 62 93 73 29 42 52 82 41 43 93 51 73 12 76 3 65 65 9 62 62 47 21 10 38 37 14 59 82 80 29 98 69 36 72 54 90 18 44 26 86
19 12 6 22 37 84 15 39 97 86 43 52 31 56 97 1 1 66 20 80 56 86 70 50 50 26 27 63 71 31 7 96 47 45 22 1 2 11 35 27 31 66 80 50 85 90 62 19 63 41 90 21 25 29 81 1 42 77 44 88 63 51 26 36 51 41 18 4 14 97 73 62 45 88 50 72 43 32 64 88 14 58 69 41 45 35 22 24 89 12
34 32 57 74 95 74 23 70 31 52 37 32 15 30 50 76 51 77 28 66 3 1 5 42 96 92 23 67 89 1 35 63 74 50 7 20 32 16 53 68 63 90 91 100 1 85 56 32 49 47 62 100 28 77 59 26 43 20 54 63 11 63 49 86 36 20 71 44 84 80 24 5 54 26 30 72 3 26 76 49 9 42 23 72 38 98 80 84 98 96
84 24 23 60 35 67 36 57 22 3 59 22 59 79 64 8 61 67 47 87 100 76 76 41 32 100 39 19 1 11 14 25 57 18 5 10 77 43 34 74 87 82 86 12 16 1 70 66 50 80 8 58 91 2 89 98 83 100 28 93 4 27 59 50 67 62 90 3 97 17 36 29 45 30 59 9 76 24 53 58 26 79 96 90 70 37 41 34 76 2
53 43 67 9 16 11 2 69 11 52 48 58 97 83 54 24 83 66 13 83 76 98 90 28 32 84 92 86 100 68 97 38 15 25 93 17 88 27 24 84 79 34 74 61 41 55 1 38 41 51 8 66 13 99 14 89 82 94 33 62 15 97 43 94 53 91 45 49 77 13 30 58 71 44 94 97 9 79 54 100 69 12 21 3 16 87 2 1 22 79
17 19 7 16 93 81 2 80 71 65 91 72 13 56 88 7 24 54 12 37 33 70 84 63 85 40 66 62 31 21 28 98 12 37 20 78 7 53 44 48 53 2 30 92 41 25 15 52 63 38 82 18 27 97 61 66 82 33 61 67 77 29 23 81 46 34 99 51 19 99 26 31 70 36 71 85 37 52 43 71 35 69 38 44 9 22 76 35 24 72
20 4 22 62 3 48 37 98 30 51 55 1 36 76 78 59 25 36 66 85 59 64 76 75 25 28 74 90 35 32 73 45 21 69 82 88 83 63 40 9 78 89 47 20 76 62 25 68 11 30 48 40 75 55 50 28 74 84 9 82 42 39 52 73 91 21 12 77 17 8 9 53 64 75 71 77 71 97 69 80 29 60 1 27 48 30 61 9 45 45
79 57 46 58 55 95 84 85 14 94 87 71 36 28 43 45 34 44 35 53 2 43 67 31 68 80 61 21 53 88 83 20 33 59 11 46 83 10 70 53 75 2 30 54 57 12 70 61 24 60 23 47 33 5 39 1 90 38 41 66 93 33 87 68 23 56 35 38 12 70 18 50 65 49 62 72 68 89 74 47 99 69 8 27 3 23 82 45 18 69
83 58 75 61 57 73 28 90 32 88 27 76 21 34 55 35 3 4 34 74 2 68 91 35 44 1 23 95 64 100 22 71 88 42 95 86 59 22 10 24 96 26 25 38 12 60 47 7 80 58 29 77 15 38 52 16 40 80 6 61 4 99 2 51 52 10 37 62 37 94 75 31 68 10 39 23 81 67 26 70 90 70 36 13 15 88 50 38 68 18
72 45 31 90 18 62 13 3 54 98 36 77 39 21 2 31 86 98 43 50 47 36 92 68 20 23 39 53 40 51 17 66 47 69 2 51 67 55 96 24 23 11 31 90 23 9 33 49 54 22 53 37 73 10 86 13 75 71 43 45 73 41 92 22 1 44 3 53 46 30 26 57 60 77 94 43 4 19 23 23 18 80 85 49 48 78 86 49 24 35
97 49 81 62 72 39 3 99 5 49 68 83 51 74 71 54 87 8 78 61 55 34 37 77 62 26 22 63 48 58 80 92 14 38 25 43 96 88 88 100 95 77 24 26 51 70 75 35 44 86 66 87 35 7 35 78 70 36 6 24 67 2 56 31 88 97 8 64 1 92 65 79 34 90 76 71 75 54 46 94 43 67 50 73 41 13 68 60 18 16
83 21 24 23 88 67 87 94 22 12 81 28 65 80 98 68 80 13 57 5 32 51 52 90 74 93 34 92 63 70 50 5 36 17 42 66 52 34 37 78 57 99 11 36 57 56 87 35 60 81 6 38 83 64 45 89 24 29 91 15 71 18 20 50 43 86 70 56 24 69 44 85 40 4 79 92 35 19 24 66 40 23 69 2 79 50 53 71 58 80
73 71 4 7 91 32 84 41 25 29 87 58 51 11 96 39 14 61 39 23 54 67 13 10 20 4 72 71 70 30 11 40 34 4 91 22 12 86 59 80 69 5 83 53 47 100 87 60 53 51 56 46 54 33 17 44 55 28 90 42 79 74 74 93 25 62 10 2 53 96 29 86 54 17 47 100 31 56 46 95 42 7 65 86 85 6 42 17 18 86
21 66 49 86 80 50 78 57 23 59 35 70 45 73 83 15 52 28 81 26 52 11 100 39 61 52 74 66 2 50 30 60 71 29 87 85 54 3 100 4 62 19 4 1 16 33 94 80 51 22 72 43 86 1 85 24 92 6 10 82 89 86 24 41 70 75 1 49 50 63 20 18 43 61 85 40 54 37 98 39 54 32 51 80 1 31 80 76 92 74
11 46 18 72 95 6 82 42 11 34 86 94 15 88 62 75 26 14 97 65 6 82 30 44 96 80 10 95 26 40 44 37 43 75 14 31 25 74 43 93 35 90 74 58 98 64 4 86 58 79 18 23 73 81 38 2 50 23 1 42 63 55 67 16 78 64 13 73 27 67 50 89 86 10 31 87 87 66 5 29 56 62 67 24 15 97 87 81 20 94
76 61 94 86 96 30 69 84 49 88 54 6 54 60 90 86 68 81 79 48 16 2 78 33 87 48 84 21 49 55 59 35 81 7 97 5 72 45 60 26 72 66 96 41 4 98 74 15 99 86 52 56 11 8 45 37 86 74 29 27 80 12 81 12 84 2 79 7 57 77 91 85 13 19 10 99 70 96 90 15 93 74 1 41 67 96 99 48 25 27
74 9 57 81 24 88 3 51 7 58 93 71 14 60 47 42 92 5 84 16 62 26 33 67 46 12 72 58 11 75 33 88 94 35 50 23 76 18 35 32 48 69 14 95 26 43 55 99 56 83 87 85 76 64 87 10 2 7 28 67 95 36 88 54 41 100 53 21 14 11 57 57 1 20 45 74 39 4 73 33 96 30 57 32 24 3 6 19 5 73
7 48 23 87 34 72 16 73 11 99 6 39 80 49 46 98 6 72 68 9 91 78 69 83 3 44 44 31 50 48 27 24 24 44 91 34 58 33 94 9 83 1 89 47 84 59 1 32 70 77 1 11 47 55 97 73 38 95 66 11 78 86 45 11 30 36 58 57 62 65 12 29 68 21 94 9 82 59 72 21 48 73 71 63 36 37 28 29 85 81
6 76 89 4 5 12 58 56 27 8 98 91 70 59 100 59 18 55 78 21 37 5 40 7 73 55 23 38 68 19 53 42 38 3 62 16 63 97 49 46 30 12 22 100 1 46 41 86 10 23 38 84 80 1 72 75 100 82 3 41 79 97 69 6 86 26 49 13 89 83 73 95 76 20 11 77 65 30 65 69 29 78 95 77 54 61 31 97 58 22
59 34 61 49 67 88 36 95 70 46 6 62 49 95 73 82 43 42 34 86 17 46 66 42 33 51 4 8 60 81 50 52 41 90 48 35 86 100 23 86 42 87 62 85 97 73 37 89 72 56 46 44 43 50 82 71 39 89 5 13 7 60 78 95 53 86 68 82 31 44 36 46 86 46 64 9 27 69 78 51 24 99 70 96 85 10 68 79 62 12
75 31 41 40 1 8 89 20 57 68 25 84 79 49 18 46 14 14 42 81 72 83 47 52 27 62 28 90 15 40 76 90 67 33 34 75 59 78 77 94 16 2 89 99 48 18 31 61 58 40 23 7 57 51 6 39 27 29 76 3 72 29 64 10 53 18 66 55 66 85 13 38 70 53 33 29 49 5 21 69 44 44 24 11 61 65 96 12 100 40
96 4 71 97 95 4 53 73 95 53 83 45 45 69 37 31 83 8 69 22 40 88 59 59 10 44 22 91 52 29 44 7 97 3 10 29 76 89 97 74 51 26 18 52 74 94 97 54 39 75 47 56 81 34 15 42 37 19 36 4 92 75 64 20 82 32 12 18 60 84 78 92 17 18 22 59 88 9 87 38 81 48 60 74 52 2 30 22 87 30
73 22 18 94 28 21 100 66 78 30 90 79 40 21 69 24 95 16 94 43 10 23 100 13 7 2 96 81 48 56 96 5 24 36 86 53 20 76 35 82 94 53 19 84 65 72 8 24 62 41 23 14 37 44 96 49 48 89 26 4 69 92 89 24 58 60 97 38 100 86 44 56 34 18 48 100 4 46 2 15 13 50 38 64 82 46 35 1 81 45
94 12 6 18 43 51 87 72 25 100 100 5 3 81 30 17 3 100 19 60 76 94 65 16 29 51 5 19 64 72 30 33 45 26 37 99 43 19 97 24 59 79 29 47 51 66 74 24 9 94 8 33 7 78 40 45 67 69 3 85 27 81 3 43 43 61 79 84 87 40 55 65 40 76 49 75 81 88 58 65 21 62 37 19 12 3 67 11 80 17
31 20 36 53 73 97 99 31 62 25 67 79 26 49 22 88 13 16 63 92 1 45 52 40 52 83 72 53 61 62 39 6 13 27 32 69 46 53 87 35 13 48 71 60 34 70 79 12 74 84 87 29 80 58 86 87 73 46 45 12 61 13 85 28 59 78 60 23 71 74 20 37 80 31 71 52 4 35 8 72 35 44 70 47 68 55 28 48 57 49
17 33 86 30 33 57 86 43 26 61 77 40 26 98 66 32 56 95 39 97 92 24 46 97 71 95 57 16 64 82 26 5 84 81 7 61 75 60 61 48 85 27 51 99 53 7 39 25 95 48 40 60 40 44 80 59 16 11 54 81 100 30 19 36 94 95 9 26 48 25 8 9 86 12 97 56 48 27 74 2 82 38 38 78 51 19 2 73 69 44
1 82 92 82 99 27 55 68 33 34 34 30 1 51 81 49 73 20 70 39 46 11 51 89 80 20 52 12 15 47 39 5 88 81 27 34 27 22 90 43 97 75 28 88 91 22 42 87 77 44 63 48 8 78 1 88 95 57 64 46 57 100 21 17 25 67 6 79 10 26 35 2 22 89 59 51 51 85 50 63 39 42 31 52 6 58 11 16 67 38
9 6 86 38 25 93 27 50 75 8 71 52 60 18 12 89 64 84 90 44 15 29 13 21 42 50 17 68 48 9 73 36 38 92 18 82 35 78 79 61 10 38 37 56 71 90 25 37 17 99 15 40 89 38 55 8 58 73 89 50 13 26 89 43 25 91 72 55 17 10 48 93 4 48 88 18 33 47 80 28 72 81 9 15 34 25 81 76 83 9
83 49 71 59 16 92 88 99 64 69 87 93 85 40 7 28 14 52 89 93 32 81 84 21 60 97 36 73 29 27 44 20 21 66 10 52 8 30 44 27 61 38 17 8 60 41 78 87 51 91 95 11 83 53 40 97 15 45 37 35 48 50 67 82 75 70 80 78 71 16 76 35 5 65 3 7 23 96 33 66 59 48 25 89 36 61 4 91 55 79
39 17 23 68 50 12 90 38 15 54 59 36 82 73 38 7 80 2 76 51 16 55 97 39 25 31 19 12 32 69 39 63 19 32 29 1 41 74 69 36 100 52 93 65 63 35 31 37 75 98 56 69 34 23 67 60 31 29 66 90 18 32 8 96 79 96 63 71 84 92 8 27 82 50 94 34 72 58 59 62 23 92 74 56 16 41 11 82 85 78
48 17 83 76 6 10 64 23 68 68 30 9 25 41 19 18 6 12 87 86 81 17 50 95 58 69 46 52 41 93 93 23 56 39 32 54 63 42 34 17 45 59 37 83 12 54 92 84 57 28 92 11 85 71 100 51 44 39 3 56 38 54 12 89 73 19 35 34 17 5 53 12 45 77 60 36 58 96 19 21 29 60 11 58 10 20 60 96 81 86
44 50 56 22 72 60 68 8 67 52 73 1 98 55 1 14 31 65 16 99 27 53 62 56 3 65 95 12 42 27 34 14 25 60 95 64 22 98 42 70 65 9 95 13 97 3 36 98 75 7 89 48 22 99 100 43 96 86 94 59 43 4 46 71 12 29 69 53 88 90 75 39 30 22 57 73 100 10 1 90 15 42 93 9 58 21 76 73 96 76
43 45 32 68 8 23 22 6 54 36 5 85 11 38 38 74 8 24 56 82 32 51 55 28 41 58 54 72 48 17 7 58 31 68 36 82 77 55 27 59 27 27 24 29 35 29 29 21 12 41 88 23 67 31 47 97 46 32 14 1 92 18 61 36 84 33 20 6 79 67 30 72 53 76 91 51 88 41 26 91 16 17 98 69 51 52 76 62 59 34
46 56 25 90 1 47 80 12 74 48 92 15 33 83 49 3 65 26 71 75 59 99 28 65 100 51 74 45 41 70 6 53 94 94 61 93 80 12 94 36 5 57 29 88 36 32 29 72 14 92 93 80 69 8 73 13 11 22 6 1 53 85 62 30 63 78 58 41 88 81 14 89 23 42 42 23 10 37 2 100 50 64 13 52 31 52 78 69 66 57
35 59 72 95 78 68 30 1 57 19 98 53 1 61 88 68 89 74 39 79 86 27 59 90 58 36 7 89 86 88 47 42 81 95 76 47 11 78 28 80 61 79 86 5 13 10 54 25 70 95 3 99 39 44 8 35 59 8 38 47 23 46 88 63 69 95 5 52 69 12 55 68 15 18 12 98 8 79 66 82 28 2 94 86 89 9 63 83 66 87
42 88 95 64 39 49 73 68 95 50 63 74 31 83 20 34 74 97 66 14 27 7 72 82 29 2 35 79 62 91 89 67 67 43 84 39 48 94 44 78 85 32 81 55 43 71 69 15 45 37 30 54 65 4 56 85 52 61 86 56 13 85 2 65 2 52 47 40 63 73 10 57 97 63 73 66 95 2 59 35 95 38 7 85 95 40 86 95 73 52
15 33 37 16 88 54 9 83 98 70 28 2 71 83 17 94 99 59 15 63 66 61 41 33 74 56 67 1 49 46 50 7 87 36 64 69 27 84 33 55 92 33 32 68 58 87 76 39 57 3 60 24 19 12 61 3 71 77 97 43 7 55 20 57 73 16 71 66 68 32 65 64 98 81 60 89 99 25 96 88 5 37 80 72 41 53 98 65 86 72
5 68 34 39 93 17 18 27 82 27 39 11 64 2 22 78 31 86 11 25 30 85 94 86 31 89 97 36 92 87 51 58 9 54 61 81 64 7 78 57 73 31 61 77 82 84 83 93 84 72 53 63 90 78 32 98 43 68 99 31 3 4 28 19 54 17 83 19 50 88 76 9 33 52 90 2 86 68 43 28 29 1 37 62 13 83 8 15 23 45
23 57 93 72 26 13 35 60 41 27 26 14 41 39 91 7 1 83 70 82 94 13 28 5 47 7 100 17 74 5 13 58 74 79 83 34 94 12 88 90 58 56 9 2 18 86 13 62 56 7 1 66 1 49 46 80 76 40 60 17 53 2 53 35 45 71 71 63 78 55 79 85 27 14 50 40 17 33 96 91 60 4 60 59 1 75 68 84 13 20
7 6 35 47 27 43 75 73 97 42 49 84 81 23 13 39 88 27 17 90 39 26 52 47 53 36 16 53 52 83 59 24 69 58 8 71 87 3 89 24 85 79 53 33 42 48 37 17 59 100 74 95 61 85 50 20 86 26 79 79 84 95 60 54 61 33 87 60 16 33 3 10 14 31 44 49 81 46 65 64 77 40 3 43 54 72 61 69 54 77
78 62 65 87 18 18 58 82 49 30 94 27 1 99 69 87 66 83 85 49 5 57 63 43 49 63 80 40 90 7 32 98 63 32 11 57 84 20 18 70 8 89 31 1 93 8 32 100 97 66 50 82 51 34 26 42 63 48 60 27 76 69 15 13 86 32 56 90 38 2 66 34 15 92 73 28 81 93 90 8 45 72 77 11 52 64 55 72 94 37
99 2 2 23 94 97 38 79 42 95 63 95 2 79 35 49 25 9 85 10 77 98 73 36 33 28 58 82 68 42 9 17 89 79 63 89 58 55 44 49 72 71 55 15 16 7 29 31 39 52 64 69 40 85 71 63 10 25 86 68 100 88 91 4 54 21 19 2 1 68 74 58 39 27 85 36 63 95 27 24 43 59 97 33 37 68 57 85 72 35
98 25 1 23 83 42 65 89 84 49 54 82 31 71 80 43 100 81 39 99 8 91 83 3 77 84 81 60 60 94 63 67 8 88 72 69 38 22 82 70 9 26 67 57 27 35 100 77 31 67 17 57 69 56 82 26 63 84 11 89 21 54 98 39 51 29 75 16 16 75 29 16 8 87 14 55 61 30 45 19 83 93 31 66 45 2 34 13 11 61
40 11 70 7 89 53 96 46 93 94 40 17 54 62 49 93 64 33 90 31 55 11 90 81 55 85 16 52 85 38 40 74 4 35 18 38 47 89 51 87 50 95 6 3 67 12 23 78 12 15 31 51 10 97 53 73 61 86 60 77 8 71 40 90 40 73 1 100 79 53 91 41 63 8 62 75 100 50 47 34 69 17 13 72 57 14 42 1 82 63
25 81 73 74 69 68 9 8 50 94 94 37 58 40 48 59 17 11 52 33 48 55 81 93 77 17 71 93 77 53 12 11 42 25 43 57 45 85 87 85 7 92 27 87 11 30 10 47 92 56 5 96 43 78 34 23 4 81 48 84 53 61 33 31 45 49 17 91 15 28 29 45 56 16 26 58 30 26 42 60 12 37 1 37 93 58 69 52 36 62
46 47 88 98 85 97 86 38 38 74 37 93 42 5 49 56 87 65 68 12 62 35 4 72 61 51 16 83 53 76 93 42 95 27 49 83 18 42 18 33 47 58 59 37 10 9 21 11 49 90 52 24 13 61 27 15 45 9 19 58 77 99 48 89 61 45 90 61 34 1 85 74 33 61 7 63 62 5 43 13 49 11 22 79 62 63 28 53 8 63
41 4 85 67 88 47 78 75 49 68 13 13 56 67 40 53 5 98 51 30 49 3 19 56 27 9 68 5 68 18 70 43 79 62 87 25 6 8 96 91 90 66 95 10 25 33 93 30 68 20 34 16 7 19 42 42 89 2 16 87 31 79 84 92 6 39 67 67 39 82 6 27 32 91 51 4 8 82 78 78 16 54 74 23 33 91 45 30 10 34
42 66 86 36 96 80 21 39 48 55 20 48 12 61 86 81 15 87 72 78 98 20 66 98 82 12 34 91 57 55 31 91 49 96 12 47 71 14 23 94 57 79 8 57 7 1 83 78 88 42 75 90 63 14 81 44 23 35 59 58 22 34 17 88 49 98 69 1 5 73 3 71 37 12 52 57 24 33 4 73 93 75 100 15 46 97 90 56 94 48
66 39 94 48 59 42 32 24 3 3 93 3 86 59 79 35 100 67 40 5 90 77 47 30 71 47 45 38 66 47 64 7 63 36 97 99 80 55 48 50 72 92 95 65 97 33 41 5 91 24 82 97 15 23 6 37 97 8 39 92 38 43 71 7 30 100 83 56 47 69 4 14 37 24 46 73 16 64 15 43 4 1 64 85 38 74 54 7 69 90
79 28 78 81 65 100 76 35 42 5 17 80 3 83 26 60 32 83 33 41 94 77 29 2 8 90 20 64 39 6 59 96 28 21 73 71 32 20 45 76 53 31 86 12 44 87 16 48 83 5 12 49 52 25 63 90 91 76 60 47 56 37 25 59 4 13 29 20 15 95 24 15 92 83 52 77 56 65 52 25 15 30 67 6 1 76 95 16 46 97
69 46 46 39 13 99 63 57 15 71 54 75 40 96 56 94 38 45 76 12 70 23 2 62 87 73 46 46 64 14 20 37 29 34 72 16 28 19 19 46 94 59 51 22 66 66 80 84 60 38 48 18 19 12 22 33 79 13 24 87 22 66 87 76 77 81 64 27 59 65 45 11 25 44 58 34 23 51 31 57 87 58 3 62 87 2 33 52 67 92
36 45 31 70 27 63 17 65 51 35 27 22 65 42 51 99 18 20 31 97 20 18 24 4 45 87 5 86 54 62 23 12 75 63 78 71 69 60 66 55 90 77 31 50 22 93 86 81 79 42 73 87 82 62 27 23 4 23 57 92 90 51 30 54 94 22 76 7 2 67 1 38 88 3 72 75 7 89 92 2 82 17 80 42 17 7 32 69 85 16
98 52 23 75 62 57 13 47 69 86 41 84 29 24 51 46 28 48 94 20 93 1 1 72 81 81 76 79 90 62 3 47 22 54 26 52 31 46 49 28 96 5 96 48 88 75 68 18 48 29 33 38 55 33 95 29 70 6 40 87 19 92 47 4 21 95 88 18 68 47 77 52 70 48 24 85 61 94 80 3 77 70 24 81 19 97 29 72 87 80
83 40 54 72 49 31 19 56 14 4 77 18 83 67 1 79 93 53 14 15 61 34 73 44 74 25 89 7 79 10 15 10 76 23 87 87 16 66 4 17 14 52 93 97 62 47 53 91 34 7 30 43 96 59 38 36 75 49 71 15 36 16 45 57 7 70 88 19 2 8 26 42 62 62 31 18 41 30 68 28 56 13 14 67 74 86 2 78 96 7
98 87 56 59 4 25 10 89 28 62 3 44 59 14 31 54 48 11 69 28 20 62 5 50 94 51 56 62 63 88 95 25 90 16 12 87 94 40 59 43 30 14 40 87 59 46 64 35 28 53 1 94 65 9 8 85 50 25 84 12 92 71 3 53 29 82 7 53 62 19 57 8 76 52 55 64 92 14 63 7 34 20 96 38 12 86 99 5 80 92
47 53 69 47 36 82 25 16 24 85 25 27 41 66 50 46 44 35 22 95 84 37 88 95 96 21 73 54 41 100 3 27 81 57 8 18 29 71 68 48 62 32 8 96 31 58 6 87 2 95 76 78 5 51 86 70 20 56 66 76 40 14 62 77 62 10 36 1 81 37 1 63 51 9 31 96 40 55 5 91 83 7 89 29 69 35 81 6 70 63
32 95 33 51 44 52 14 52 78 41 69 96 52 6 53 35 71 45 40 38 12 99 59 37 25 23 31 8 38 68 8 32 18 48 79 25 45 63 56 84 9 13 93 67 95 48 93 90 70 33 36 89 69 48 77 38 16 66 15 47 89 72 86 93 2 33 14 84 98 19 21 39 28 76 48 13 73 37 31 23 42 48 72 68 84 63 48 61 68 11
98 77 12 69 51 67 96 7 24 18 80 26 54 85 76 56 97 28 61 95 56 91 39 5 3 11 99 23 39 96 9 10 50 68 48 42 69 15 51 33 31 96 42 81 36 82 90 96 16 91 45 100 28 26 15 98 24 90 5 13 57 6 36 71 82 92 42 5 39 63 48 28 64 44 7 7 97 43 30 28 89 25 48 83 76 79 52 4 34 87
9 44 17 37 7 11 99 87 92 53 77 35 69 13 30 54 56 44 53 27 21 78 19 84 59 84 80 82 83 91 1 46 72 78 84 23 10 1 68 11 71 86 88 82 52 56 71 29 75 30 32 26 66 4 7 9 78 8 96 96 79 29 67 70 98 34 3 20 93 57 21 81 98 4 68 56 90 79 91 2 100 30 95 35 5 55 6 38 54 97
36 38 34 28 58 29 77 11 55 74 89 95 72 17 100 67 71 53 51 11 67 47 83 24 9 8 27 30 30 32 71 83 14 13 60 21 15 12 96 73 58 91 49 59 94 71 16 93 89 8 72 69 15 8 69 70 47 68 23 12 32 22 24 52 28 34 50 60 4 16 29 33 9 90 47 44 54 98 100 52 86 7 12 64 32 41 41 57 45 21
91 92 15 38 65 14 37 77 89 33 35 64 90 73 76 70 94 33 12 78 83 43 20 94 96 73 73 42 31 73 90 51 17 72 28 50 38 52 78 46 27 97 86 40 45 45 57 14 99 99 40 32 38 81 30 44 76 25 20 97 10 79 83 60 52 39 35 6 96 87 28 25 29 63 80 36 75 77 81 95 9 84 73 59 88 78 66 75 96 18
72 18 46 26 48 34 61 100 6 34 81 26 33 10 58 33 59 35 50 91 11 89 7 82 62 78 25 44 48 59 61 38 44 71 30 56 63 69 94 42 71 69 5 39 24 93 69 46 3 76 76 57 27 58 81 93 46 94 42 93 99 9 41 82 1 98 20 48 51 87 56 96 75 78 3 15 80 95 59 74 22 35 36 97 58 73 11 96 30 25
57 89 19 89 38 64 11 80 53 22 49 70 72 39 25 12 88 97 76 70 100 11 35 13 91 40 43 52 79 88 67 6 74 98 17 84 38 92 85 6 51 46 67 2 70 43 14 34 68 11 37 34 67 60 91 63 70 96 32 26 45 9 18 10 22 74 14 39 84 87 44 98 60 11 62 88 69 56 27 2 100 74 66 36 41 50 37 54 83 51
26 47 97 17 9 24 2 84 80 53 56 87 22 82 100 65 7 81 11 68 41 72 77 88 2 7 75 19 41 80 54 12 56 5 99 41 85 46 15 8 72 73 88 33 70 26 21 85 89 58 88 87 2 67 56 34 34 10 36 96 87 34 54 86 46 96 17 39 90 57 98 42 35 94 70 21 77 39 7 98 26 94 17 21 98 15 72 64 97 58
19 71 25 6 71 82 50 68 14 88 43 8 89 19 7 83 55 75 79 85 75 16 84 81 98 98 21 81 24 46 93 14 60 98 19 40 6 43 39 10 58 4 87 68 78 73 77 55 98 45 12 58 76 73 79 43 4 95 50 17 86 15 98 37 65 48 92 44 7 74 54 25 70 67 87 36 6 14 36 66 95 5 15 69 22 23 97 92 42 77
73 63 65 59 46 9 6 41 14 70 56 15 26 30 97 77 54 92 82 73 39 80 41 50 37 19 22 51 36 32 60 55 83 10 52 90 29 92 74 32 100 33 61 20 11 85 66 88 9 41 92 90 85 81 33 57 52 100 28 80 81 94 32 94 72 52 3 50 90 44 62 76 22 33 65 50 94 89 13 90 40 1 27 30 19 93 28 23 29 91
2 18 46 61 43 61 51 93 68 18 62 59 64 77 67 54 72 74 69 20 97 87 12 12 7 89 55 76 33 59 33 22 30 37 56 47 1 23 18 97 47 29 12 21 21 54 70 34 40 69 59 100 60 59 35 18 69 48 40 41 97 58 44 92 62 88 15 49 76 71 28 35 31 32 28 76 100 48 33 19 66 76 70 66 58 41 77 54 10 48
23 52 93 17 27 32 38 48 19 80 17 5 25 52 68 50 40 59 61 6 44 70 97 81 79 39 37 29 8 62 2 76 20 100 41 80 23 15 81 30 51 59 48 81 40 35 27 68 35 25 17 82 69 86 1 54 84 56 31 49 34 38 32 50 20 2 87 37 82 11 99 9 79 16 88 10 96 10 58 59 53 100 89 61 2 37 25 79 41 42
38 86 88 99 75 40 8 98 12 51 34 96 22 37 77 56 52 46 74 42 22 91 44 39 4 52 71 48 13 84 50 62 71 24 31 59 55 93 37 9 55 79 80 74 52 37 40 51 41 11 24 23 85 15 55 98 80 93 37 93 13 93 94 10 69 40 2 74 23 58 75 31 63 8 35 74 25 86 81 11 6 84 18 22 31 81 6 41 85 76
14 8 56 63 62 37 55 50 59 80 2 99 72 45 19 46 41 86 16 56 5 86 36 32 54 27 46 10 4 4 13 83 28 39 85 40 71 53 68 82 15 56 29 77 57 60 16 4 23 46 73 69 42 12 83 87 75 19 94 42 95 85 27 70 89 31 17 21 67 22 76 44 28 54 58 87 71 91 27 10 87 14 50 41 3 34 65 50 57 45
91 97 30 4 100 9 20 6 70 80 45 60 97 84 59 91 25 1 42 22 100 98 7 12 63 80 92 68 88 59 83 22 77 72 84 86 46 10 40 88 77 77 70 29 36 44 77 25 1 12 15 11 61 98 72 72 87 66 64 59 6 10 33 64 13 89 19 72 94 71 49 9 76 11 86 9 64 4 45 37 33 47 92 26 37 37 80 15 1 77
70 21 100 45 97 86 21 48 30 55 48 59 66 90 10 91 75 42 80 71 9 59 57 88 21 32 35 51 41 44 45 3 92 32 46 41 49 99 40 46 99 59 75 53 87 4 100 62 34 2 24 3 57 58 83 57 94 36 14 11 86 3 80 31 5 15 60 15 38 91 40 65 31 50 36 90 37 100 68 12 63 46 67 78 13 83 56 96 99 56
18 40 82 76 29 12 70 13 76 46 67 64 20 8 41 9 49 64 90 39 42 15 3 77 21 26 64 72 47 14 51 37 32 95 41 27 10 48 15 43 64 76 75 2 34 77 7 15 7 76 23 99 64 83 7 10 55 78 8 5 98 68 86 96 21 71 37 22 15 75 42 53 10 42 85 31 57 96 11 74 7 62 54 97 99 22 1 85 8 88
56 15 1 100 31 88 45 8 93 60 32 54 26 92 40 86 9 61 99 27 58 47 65 27 34 41 52 15 36 93 11 38 32 35 79 18 3 1 58 5 97 78 86 17 3 37 96 56 75 12 33 43 28 19 32 56 50 96 77 94 99 13 57 76 17 99 89 25 32 60 70 11 64 58 2 80 12 23 45 11 60 16 97 25 97 50 61 38 28 68
43 47 22 60 23 99 41 17 51 41 34 43 81 79 62 78 74 18 12 24 51 71 74 17 26 42 45 40 44 30 4 6 88 94 37 73 2 34 3 61 82 16 58 87 6 91 91 64 17 3 95 96 26 51 68 43 77 36 33 71 79 4 90 41 53 76 20 15 48 25 81 84 25 64 24 50 95 62 49 25 42 65 27 10 72 77 58 23 36 3
10 80 76 51 77 1 59 28 95 56 51 18 67 6 100 63 11 28 2 59 19 26 99 36 51 20 58 14 3 41 59 30 86 1 55 37 52 59 42 48 38 32 40 28 86 76 23 67 23 57 94 22 93 53 47 70 7 98 38 33 3 36 85 27 12 19 97 60 40 7 68 94 100 41 82 34 33 17 75 3 79 54 11 13 90 96 85 55 89 63
35 92 18 70 16 94 59 90 50 6 21 100 16 23 10 77 59 50 36 87 71 8 99 19 66 59 53 3 70 24 65 24 27 15 13 71 69 12 23 68 36 18 76 2 39 15 95 29 63 41 7 87 55 2 48 5 89 81 67 83 31 55 82 41 96 96 30 27 32 38 55 78 81 13 59 7 97 2 21 66 58 47 37 1 4 83 36 33 65 41
24 90 69 29 93 100 89 92 42 42 33 85 32 10 54 82 85 80 81 93 53 98 21 74 39 34 80 88 53 52 73 83 81 40 40 5 6 82 39 87 57 15 86 51 21 41 76 64 49 54 1 77 18 73 79 95 70 71 10 96 74 14 13 51 18 7 3 47 44 81 26 82 20 11 6 92 80 16 93 67 30 37 70 79 85 8 30 88 100 52
44 84 32 23 20 97 36 21 62 44 50 12 95 20 79 45 48 82 77 99 8 34 35 85 71 90 18 67 32 36 94 55 46 5 7 70 41 43 8 97 42 14 77 83 82 28 85 46 80 87 63 54 31 39 81 43 97 15 35 70 64 39 10 38 97 86 62 72 86 74 65 22 6 41 69 12 24 61 16 49 82 30 46 8 14 93 47 91 91 55
45 72 66 48 7 16 80 68 95 82 25 43 97 3 25 20 15 79 23 62 93 64 9 75 45 86 86 20 70 82 82 88 35 21 4 33 70 66 10 22 20 88 64 31 47 55 18 33 63 81 75 33 71 92 25 49 53 73 85 3 68 76 71 9 74 74 73 79 98 84 88 3 12 94 87 23 90 84 10 95 74 79 100 22 75 20 7 16 7 84
63 17 82 30 34 18 25 36 32 13 91 35 36 5 10 14 19 3 92 8 37 56 92 42 61 13 43 52 46 67 42 85 22 20 74 20 30 61 55 14 35 22 46 15 9 75 68 83 41 79 77 96 57 47 66 23 64 23 73 97 97 88 56 80 47 42 4 44 38 92 36 50 99 60 35 39 88 4 87 90 15 14 18 48 65 99 60 99 74 63
1 59 91 31 4 94 69 24 36 100 13 84 98 59 44 86 80 58 6 39 49 100 67 13 39 57 88 79 86 41 75 38 82 17 26 65 25 44 95 9 8 85 44 23 35 59 33 58 83 58 49 47 49 91 37 28 6 90 88 22 84 61 56 58 98 56 20 69 55 4 87 29 38 36 44 14 87 8 98 45 24 91 31 50 43 31 34 66 34 43
60 32 82 40 9 13 28 23 41 47 67 24 42 3 34 61 86 26 84 28 9 13 32 41 73 70 76 22 73 74 54 20 65 24 37 81 18 31 5 55 67 100 93 3 50 58 58 13 83 20 23 18 51 6 77 79 31 92 79 10 88 14 50 98 77 3 43 74 7 74 88 69 68 34 69 74 73 41 62 61 85 93 38 1 58 56 84 27 82 78
5 84 4 71 34 2 59 89 84 64 32 87 54 1 32 85 8 28 34 5 53 25 34 29 50 14 2 21 7 4 28 38 19 43 83 89 48 63 23 42 4 24 51 71 22 83 64 88 75 82 60 33 22 99 80 37 28 77 100 59 86 67 4 29 41 39 93 14 2 98 31 90 58 96 92 86 21 35 61 67 58 4 4 57 29 56 88 86 2 76
6 71 1 16 12 35 96 3 33 76 48 74 96 40 60 38 2 61 71 24 68 45 39 72 79 3 67 98 71 5 56 77 32 42 26 24 74 25 45 66 22 49 86 82 21 90 52 79 47 49 37 70 52 1 39 50 54 9 78 50 53 46 23 2 7 94 23 82 14 42 8 95 4 17 6 10 30 3 83 31 80 59 48 83 96 15 9 50 91 83
49 35 63 2 89 42 15 3 46 10 98 83 50 24 30 17 75 79 14 80 40 6 24 23 57 86 7 1 4 43 68 29 99 46 28 48 67 20 28 45 93 66 40 89 49 98 67 79 41 65 60 8 2 13 72 9 87 89 59 47 54 34 19 45 51 67 79 98 96 35 76 98 39 41 12 67 80 42 35 67 35 17 24 30 95 5 67 61 55 95
90 5 50 55 4 7 95 89 1 29 23 13 31 56 29 15 18 61 45 8 75 7 49 43 38 28 83 6 85 19 94 52 10 24 42 3 75 9 85 18 10 71 86 66 40 85 28 84 85 28 54 23 54 25 46 48 59 40 4 57 94 11 75 31 31 58 95 68 16 79 58 58 20 3 48 5 28 76 15 37 70 46 97 68 56 72 85 70 1 10
35 98 28 64 83 74 64 87 63 67 1 10 76 78 54 72 91 72 55 25 59 98 6 9 41 38 24 20 96 65 21 46 83 67 15 4 22 48 45 61 44 27 46 74 13 100 42 15 15 86 50 54 89 89 66 93 77 32 58 79 90 38 89 43 57 13 9 55 79 12 40 19 67 38 95 62 32 62 38 37 65 11 96 75 43 89 92 55 51 11
14 51 24 76 32 36 10 17 17 34 65 96 57 86 7 33 73 29 74 66 4 10 88 96 31 94 41 31 44 95 6 90 90 68 89 13 8 90 78 37 69 44 3 34 63 12 84 83 36 29 50 17 82 12 22 1 79 88 92 43 4 65 73 63 84 9 69 61 87 56 51 6 39 57 68 76 77 77 64 40 85 81 52 40 23 57 12 27 89 73
10 54 29 19 62 83 48 85 93 8 1 87 15 64 24 33 22 1 28 49 17 79 41 4 74 74 17 59 32 34 72 57 48 83 61 58 33 97 35 81 93 65 89 48 46 59 8 2 54 17 66 32 71 61 83 13 90 64 91 55 20 20 21 37 86 59 70 14 37 37 14 73 55 7 66 99 81 10 63 81 2 71 60 90 58 90 19 87 20 51
96 70 69 64 87 82 44 87 64 18 48 47 30 68 37 22 44 92 51 35 83 48 18 49 11 77 48 24 56 42 41 18 49 72 56 76 31 78 11 45 43 14 31 27 57 54 5 29 87 95 74 33 29 56 67 92 71 76 20 47 23 5 98 14 61 79 85 27 90 63 49 90 95 86 60 88 79 11 97 45 52 60 83 90 28 31 3 29 68 70
92 12 19 33 75 59 50 95 61 8 47 26 90 54 5 65 60 65 51 67 60 16 89 76 6 23 75 47 92 10 81 57 89 8 84 31 81 75 50 88 22 52 83 20 14 25 89 39 82 63 7 17 81 49 91 20 17 86 70 15 45 97 50 57 95 9 89 60 13 56 17 100 9 70 82 21 95 86 50 86 95 44 49 58 96 1 72 18 84 3
11 60 78 95 61 65 4 67 95 7 6 40 21 2 83 69 25 67 65 56 72 26 60 64 4 96 94 87 91 46 83 71 1 69 16 50 51 44 20 43 56 3 53 75 23 40 1 15 93 86 30 43 96 10 56 30 16 85 40 60 36 52 57 99 86 100 34 13 35 63 59 30 48 28 23 81 45 19 16 47 30 77 34 87 88 91 29 83 45 26
66 74 84 62 16 5 84 80 7 52 31 55 44 29 48 98 60 51 76 64 2 48 26 18 76 79 35 6 63 55 25 8 43 85 37 53 96 58 72 87 57 35 65 88 85 44 17 1 63 40 100 49 24 43 23 31 62 3 49 13 27 98 37 31 41 88 24 83 5 22 72 33 13 32 41 61 88 64 33 97 22 72 86 75 9 41 45 34 28 97
47 24 64 1 78 60 86 32 38 63 42 70 4 58 45 26 70 57 71 85 98 81 38 64 93 47 27 20 34 80 54 38 58 7 18 89 37 23 61 15 21 46 62 58 52 62 1 71 95 5 31 22 56 95 4 64 14 64 89 54 94 60 48 97 41 79 63 86 7 6 43 92 73 9 91 95 90 84 78 87 21 45 42 57 31 41 24 12 92 74
48 33 50 38 22 85 37 53 24 15 8 63 25 18 19 82 98 9 84 88 77 95 21 88 53 12 89 1 77 7 40 48 35 82 76 70 59 62 68 53 67 67 19 35 68 29 50 15 92 23 3 4 36 44 95 91 36 7 52 30 54 86 11 41 85 62 2 50 59 11 39 75 73 6 47 23 28 14 93 36 47 63 22 70 65 94 61 2 54 74
93 30 91 29 63 29 3 40 28 54 73 74 97 17 84 63 66 36 17 50 83 61 22 62 78 100 84 23 44 90 60 47 18 51 34 55 41 15 24 71 10 96 27 63 75 38 14 81 63 57 95 89 47 30 3 92 71 17 33 27 10 99 40 9 62 88 92 25 97 97 21 21 7 56 8 2 49 87 90 90 91 26 20 27 30 42 55 29 12 67
4 87 28 24 31 9 75 92 50 97 100 81 93 47 74 36 45 41 67 100 75 100 69 86 5 69 69 12 84 3 51 90 10 23 14 29 89 62 81 13 98 18 68 98 48 50 4 34 35 29 58 20 19 10 34 72 15 18 41 15 9 6 61 58 1 88 28 91 8 22 32 60 90 76 23 52 30 91 43 81 47 65 78 19 93 44 34 6 38 55
3 88 40 33 13 99 63 88 68 32 98 19 64 40 35 31 66 87 50 91 40 34 69 16 42 19 82 17 94 27 70 43 12 19 33 93 95 79 41 87 44 60 92 55 10 21 21 7 85 55 2 21 14 13 69 50 97 74 47 89 20 98 92 98 71 82 90 1 31 92 13 63 79 50 98 59 25 90 39 39 21 28 28 6 78 60 27 79 86 34
37 2 30 21 51 85 40 33 73 50 5 33 75 20 52 5 8 60 85 6 26 92 20 88 59 70 22 79 85 77 65 20 87 65 100 48 48 18 28 65 45 33 65 36 22 57 16 73 35 73 54 97 83 62 39 89 19 94 50 61 100 6 28 67 43 18 32 53 100 23 62 76 1 45 49 32 63 38 62 87 66 62 5 21 85 34 56 3 8 2
71 39 56 38 64 25 45 6 92 42 6 21 32 4 88 90 14 59 65 79 39 70 30 15 66 8 32 70 72 45 61 3 23 89 71 64 52 25 38 56 33 59 54 28 80 52 61 79 88 22 34 86 72 68 28 64 36 70 5 81 11 34 82 40 66 89 12 64 99 1 27 21 16 44 35 93 66 82 78 65 52 13 15 89 89 8 93 46 22 47
70 99 95 65 50 42 9 83 28 40 26 65 35 8 84 2 13 88 36 66 45 65 17 78 1 53 21 84 81 39 64 26 25 19 15 46 91 91 87 24 17 71 23 74 3 80 98 37 93 97 24 35 20 20 59 87 2 88 31 35 76 69 14 56 82 24 35 12 76 58 68 3 91 92 18 35 10 86 45 26 86 24 64 26 99 34 100 79 83 10
37 76 5 4 29 46 6 83 85 82 54 38 54 77 65 60 72 32 80 45 27 91 33 19 44 60 48 69 45 36 80 27 63 76 36 100 31 67 17 14 72 25 88 84 63 74 98 47 21 43 53 51 24 47 48 4 59 15 86 15 46 25 86 22 100 17 35 22 51 24 63 36 59 29 29 48 3 54 74 1 4 73 80 31 40 93 8 95 49 51
21 57 25 81 24 53 48 44 26 65 92 58 52 46 56 93 66 35 78 70 95 97 36 49 43 60 71 44 89 31 68 19 35 42 38 19 52 79 73 57 38 100 22 95 70 46 20 71 7 31 23 27 37 19 49 9 43 24 71 79 93 5 24 19 68 32 97 87 32 77 22 40 64 74 64 90 80 21 6 92 50 16 91 41 64 77 63 69 47 57
93 6 72 26 31 79 27 60 63 50 52 56 40 94 13 53 37 48 49 40 82 87 31 76 89 59 74 86 44 63 61 57 58 91 78 55 78 42 48 19 14 15 68 64 11 75 72 87 65 27 8 62 87 51 99 75 87 65 12 58 27 46 16 12 55 84 72 41 40 33 92 30 51 32 52 80 88 32 41 49 17 3 16 36 33 29 10 29 50 83
73 27 14 45 7 38 46 66 86 55 88 80 78 80 93 84 72 58 14 65 96 73 41 75 22 67 90 59 75 86 67 3 94 51 38 59 93 14 52 93 47 5 15 59 38 26 4 31 99 39 19 66 26 95 51 33 87 56 10 31 53 47 37 72 70 70 17 77 78 17 66 84 26 96 37 30 40 24 23 63 64 40 88 78 78 3 18 70 97 7
71 38 72 32 53 25 14 90 43 50 91 19 1 90 70 1 3 77 84 50 88 4 26 64 62 10 91 45 82 47 49 16 38 31 50 27 3 89 48 49 47 24 14 71 28 86 76 44 31 6 12 74 80 12 4 82 92 41 90 18 11 63 4 70 17 67 5 56 46 55 25 80 77 49 8 44 82 44 27 46 65 53 84 39 59 74 80 3 26 57
89 13 85 2 53 10 78 60 28 76 9 40 69 98 56 31 57 37 55 32 3 44 71 79 91 22 51 87 90 29 38 40 92 3 31 56 55 52 35 44 58 98 50 17 28 76 31 82 61 51 84 70 99 61 46 27 67 55 80 79 61 74 26 10 46 80 10 87 37 91 30 43 36 81 21 89 17 96 39 71 98 77 62 7 83 67 19 21 19 18
78 35 32 87 41 67 15 92 74 74 35 33 53 14 91 37 45 40 60 47 64 4 34 69 2 28 93 75 3 4 49 34 56 19 19 13 24 80 85 98 65 25 6 36 72 77 8 76 24 49 54 18 71 87 45 77 63 44 63 66 50 87 70 62 36 40 22 64 66 99 1 85 27 91 7 5 34 73 35 31 28 43 51 6 37 38 37 78 86 45
39 30 1 59 99 20 17 2 59 89 70 28 25 17 15 35 62 87 33 4 7 38 52 7 29 23 87 53 54 50 48 48 42 18 1 90 1 91 53 9 57 85 4 75 7 31 46 86 4 11 64 66 49 93 72 96 79 79 99 33 86 66 7 68 63 92 67 61 65 6 73 2 89 20 75 20 63 15 36 65 43 48 85 12 85 92 66 53 26 72
68 77 68 78 53 93 49 30 59 55 64 71 4 6 30 95 8 12 56 9 86 25 1 17 56 57 95 37 95 48 54 79 86 5 94 45 59 5 14 19 54 21 69 27 63 83 1 42 31 68 24 28 32 42 21 95 80 57 9 34 48 6 76 43 5 77 50 50 56 5 59 68 99 25 68 79 40 40 89 4 85 28 32 61 20 21 42 39 63 3
45 81 49 47 70 97 43 9 9 54 42 15 31 41 16 78 83 84 38 83 79 33 87 97 67 50 96 27 24 57 74 39 71 24 65 56 19 49 21 50 100 41 77 15 29 28 73 14 29 77 90 29 76 4 92 26 81 76 5 66 39 5 35 53 4 3 36 68 36 25 59 2 8 95 11 4 75 66 10 79 70 8 86 66 74 55 59 96 13 65
62 17 79 42 88 37 89 45 39 79 11 82 27 16 12 71 78 33 39 71 67 31 87 17 22 36 2 5 22 75 69 73 47 59 21 28 20 73 76 40 57 63 24 12 8 5 81 61 81 80 27 62 97 100 80 70 6 16 96 32 83 41 73 52 94 95 36 56 33 29 40 5 75 50 9 46 56 2 44 40 66 36 15 84 89 17 6 27 83 53
28 51 40 40 85 75 12 45 51 13 63 10 41 37 30 51 28 40 81 30 60 9 11 20 70 80 75 100 2 35 87 47 10 34 16 21 44 39 29 46 81 93 75 84 22 29 82 99 84 85 26 29 94 43 20 21 28 95 70 5 26 52 26 19 37 56 50 98 82 24 58 43 15 31 9 18 76 10 3 10 94 6 52 53 65 61 47 83 20 72
15 28 54 14 46 67 3 24 86 94 82 93 64 4 20 12 96 75 66 83 33 11 59 88 71 66 62 2 98 100 59 21 22 71 43 82 68 94 22 1 2 65 43 80 3 9 10 82 41 51 87 85 37 57 39 81 41 7 71 57 30 13 46 99 28 89 62 80 54 18 98 13 9 51 12 30 19 40 52 25 66 63 67 39 84 92 63 98 51 13
19 35 72 85 73 36 19 20 92 96 79 88 25 25 80 99 53 66 13 54 35 31 83 67 94 33 25 6 33 39 77 78 93 64 31 47 23 49 21 56 26 50 90 34 50 24 12 4 52 7 6 25 59 1 74 43 1 57 10 51 28 45 41 37 92 86 63 22 2 62 57 61 68 87 19 41 20 14 46 57 11 95 96 67 14 90 28 68 17 9
68 45 19 87 57 59 50 30 77 52 9 16 74 75 65 67 31 80 57 13 52 82 89 82 61 2 37 25 98 64 32 28 12 50 16 32 10 65 93 10 71 92 36 75 92 20 45 75 69 10 62 88 94 84 39 6 90 13 15 55 52 10 82 25 47 94 57 26 38 43 12 3 74 95 47 35 60 94 8 51 1 8 4 36 69 2 49 44 55 27
59 5 99 18 6 65 91 69 8 18 19 78 7 95 43 37 37 69 66 37 30 34 19 37 41 67 98 2 75 29 81 8 28 26 58 54 59 83 30 91 92 68 96 37 80 45 98 36 8 8 99 93 15 60 63 92 46 5 45 87 39 60 53 66 21 73 69 52 4 90 23 62 5 4 68 39 70 69 99 18 19 51 85 61 80 59 12 33 53 15
96 68 26 20 40 79 5 91 70 45 30 23 27 18 67 46 35 78 18 39 88 57 74 52 70 90 2 68 59 38 79 89 64 44 69 7 66 61 10 40 3 66 65 44 72 10 47 82 66 70 79 11 62 70 75 93 69 42 67 98 24 51 73 64 13 32 70 85 3 17 7 26 14 36 89 91 43 92 44 94 84 48 89 21 9 51 41 43 36 28
72 65 98 33 61 94 94 31 99 68 18 19 21 57 7 87 38 87 33 35 33 89 11 19 24 74 18 72 100 73 19 62 44 1 49 56 67 37 96 72 48 26 47 36 95 53 54 61 96 41 8 63 68 79 12 66 44 67 96 52 87 84 31 83 2 95 20 92 43 7 69 83 92 77 2 23 40 93 33 65 75 31 81 14 66 95 73 49 35 43
61 87 93 19 43 18 27 5 63 47 4 58 50 40 93 83 77 33 7 44 22 18 70 89 51 45 38 62 61 76 16 21 68 43 5 43 8 9 10 67 92 98 44 47 42 19 30 54 60 99 39 52 84 48 51 50 31 82 50 66 60 53 1 44 8 80 16 5 86 94 16 43 20 4 26 45 59 82 61 22 35 6 49 45 38 44 40 9 37 90
63 4 4 54 67 63 88 34 22 76 21 69 16 60 72 6 54 29 9 97 50 21 41 36 58 27 79 76 60 4 61 55 61 13 88 51 99 44 72 46 14 46 18 81 86 39 42 1 79 15 19 96 94 18 66 56 58 3 51 33 12 38 100 43 82 90 6 5 53 26 68 25 2 32 40 72 50 18 97 55 47 89 20 20 67 17 52 94 72 70
27 79 57 27 32 92 89 89 76 6 39 25 44 100 77 27 40 15 71 79 4 3 18 77 73 45 14 73 57 84 29 10 70 67 61 19 23 60 83 63 52 18 63 97 75 2 70 16 57 83 4 100 5 44 69 57 22 26 14 96 64 10 87 28 27 85 4 53 92 32 5 81 67 60 70 36 59 10 85 68 66 12 39 98 59 81 38 74 79 19
56 43 92 68 51 19 72 48 87 59 44 63 53 5 23 88 61 62 79 60 9 34 79 84 1 18 46 33 60 38 93 26 70 53 43 5 32 25 4 9 77 88 61 56 32 76 69 27 42 35 30 53 69 66 23 3 32 36 100 25 49 41 68 50 24 18 36 69 25 94 27 28 87 39 58 10 66 10 100 1 53 76 86 41 64 75 91 71 40 22
26 1 21 95 83 57 89 11 43 49 52 80 28 50 76 53 10 52 71 82 7 69 33 58 31 29 80 63 38 99 49 85 65 64 14 48 52 13 18 61 57 62 30 81 4 67 23 84 99 41 11 49 49 40 64 21 67 48 46 83 10 96 95 98 37 39 65 25 46 62 10 54 96 31 50 71 48 17 15 83 22 49 63 90 17 44 89 57 33 37
38 79 28 1 85 7 64 19 73 85 19 93 2 19 89 93 74 72 1 58 8 15 57 56 89 21 61 30 12 50 13 47 67 91 12 11 16 82 94 19 44 96 93 69 66 74 16 81 77 15 79 12 78 80 45 10 98 76 47 14 76 4 52 1 10 17 72 98 42 53 12 50 17 90 63 44 56 3 66 94 14 37 2 21 90 49 66 5 7 58
17 92 66 20 12 58 28 10 76 28 23 38 20 70 70 48 34 74 3 91 1 53 20 48 65 12 43 57 4 67 76 80 52 93 89 33 84 7 2 94 28 39 19 76 34 10 44 45 65 6 71 93 95 19 73 22 15 80 62 24 23 51 35 8 75 3 25 49 78 40 50 68 83 49 83 30 36 37 3 55 84 20 68 30 66 63 64 43 31 84
3 93 48 17 34 42 54 80 31 29 81 63 7 81 96 100 43 46 75 96 95 81 39 67 56 25 40 54 76 42 92 46 14 94 72 17 19 70 96 68 79 87 10 7 38 59 68 28 74 88 36 90 9 11 14 37 96 30 58 58 68 41 97 20 10 22 91 46 81 48 24 100 3 20 17 16 48 50 16 76 31 70 56 19 19 2 69 21 26 38
31 15 28 61 93 58 6 21 3 13 48 2 69 99 78 33 26 7 98 63 37 93 74 18 44 17 27 92 36 50 71 64 13 25 49 19 87 98 56 47 56 16 84 65 96 13 29 73 43 20 29 94 44 65 77 62 49 56 79 98 94 41 48 14 25 75 100 48 13 50 87 9 70 4 88 6 83 93 27 15 81 72 19 67 28 76 53 71 42 17
42 49 44 44 50 86 9 1 48 66 88 52 48 61 58 18 77 85 45 77 95 28 98 48 61 82 72 66 76 56 11 19 100 39 79 36 76 64 58 88 70 20 79 13 77 13 86 21 76 11 40 38 94 83 30 57 90 7 75 18 82 93 91 92 71 60 43 89 98 30 8 59 18 78 20 4 50 62 6 3 30 83 73 82 50 50 37 53 55 96
58 76 28 43 98 85 51 20 49 84 24 4 59 32 26 7 8 48 20 71 2 26 86 94 56 78 42 91 63 77 34 70 78 11 63 44 18 7 44 10 97 44 76 48 51 75 57 12 48 86 14 64 11 86 6 37 12 59 35 84 7 90 7 13 8 35 20 54 80 59 63 42 39 16 91 73 22 37 70 4 17 12 41 79 64 42 74 80 49 15
51 99 94 27 57 91 57 18 35 20 6 20 80 19 87 91 8 56 88 46 2 16 39 7 3 91 48 91 85 69 38 87 99 23 98 37 76 8 36 1 85 11 99 88 89 80 89 27 92 50 65 53 48 36 27 60 6 83 34 85 8 4 64 55 8 8 94 83 33 85 22 42 44 42 1 100 29 43 24 37 24 93 56 93 61 17 52 74 7 73
2 17 57 54 8 40 9 1 45 64 70 25 2 21 99 11 72 28 19 98 97 96 45 35 12 23 14 82 25 74 63 13 85 28 57 13 100 91 51 66 57 3 81 67 68 15 65 1 91 89 84 17 32 36 38 49 56 58 12 13 16 51 52 40 18 44 80 71 58 16 48 5 34 67 66 46 4 27 51 58 63 38 22 12 68 19 33 7 48 47
93 88 57 66 82 14 78 89 92 1 92 94 75 38 55 84 84 6 64 9 86 66 37 50 13 54 21 32 66 77 35 48 9 81 22 27 17 35 6 29 50 2 55 39 96 96 78 6 51 52 49 50 47 62 27 60 77 30 57 65 13 16 35 97 36 30 7 87 92 43 45 78 99 89 60 71 30 95 93 42 54 77 55 97 90 44 30 45 66 39
88 71 49 36 51 79 83 16 30 9 39 86 1 73 19 39 81 69 35 46 97 29 39 76 45 90 52 78 90 58 13 69 60 19 59 23 9 7 32 9 3 24 2 52 77 22 16 40 64 13 45 72 38 81 46 73 9 27 64 53 33 95 36 56 10 48 90 88 70 29 31 62 77 82 10 36 42 60 78 1 15 13 72 21 56 22 50 80 100 50
3 35 6 20 73 13 45 53 40 84 46 43 66 31 43 84 82 93 10 42 52 36 60 57 91 84 81 98 80 73 61 58 59 46 2 90 9 22 99 29 69 44 67 30 1 99 84 18 54 57 55 34 36 73 51 1 95 60 41 27 99 18 86 14 67 57 74 92 70 32 66 88 55 83 88 24 69 35 20 53 12 5 88 13 36 20 4 37 20 15
60 1 48 20 65 47 74 53 89 95 89 3 97 35 97 95 63 23 54 21 36 25 5 43 95 8 14 95 35 98 2 56 66 27 77 27 53 100 6 99 57 82 50 53 31 43 41 34 29 62 85 10 53 48 76 53 21 21 79 92 31 50 31 80 22 90 58 40 97 33 30 26 89 38 25 96 48 6 80 85 79 31 7 34 81 67 82 2 77 65
17 75 3 37 13 2 3 27 2 30 62 44 3 99 91 38 8 35 16 66 18 35 66 35 3 60 48 58 14 38 93 73 26 98 58 76 69 64 32 15 78 39 61 66 72 74 50 39 61 69 61 81 8 24 75 81 2 9 36 15 79 33 18 71 20 48 12 73 76 8 46 74 100 15 99 89 41 81 61 21 59 60 18 26 92 79 90 54 45 70
24 71 95 5 11 32 46 89 57 96 77 81 79 65 61 70 41 28 92 92 59 7 33 44 1 19 43 16 75 40 5 30 86 93 55 88 74 39 1 73 80 5 49 15 80 79 37 52 3 90 51 59 97 21 67 73 7 27 23 77 77 4 29 90 45 80 60 12 89 55 93 68 11 22 93 79 65 58 13 72 33 99 11 52 69 67 38 94 3 32
2 99 87 87 13 16 68 98 5 73 88 49 64 22 74 13 46 63 79 49 73 85 40 44 52 2 65 25 100 44 22 80 78 27 98 96 81 19 3 91 24 11 63 7 83 2 14 84 71 65 54 61 63 19 84 53 78 70 32 25 45 38 66 51 23 66 98 35 43 35 86 8 58 41 82 49 32 83 73 98 66 18 100 40 10 78 71 85 31 56
52 27 71 19 100 52 83 22 90 56 45 56 15 4 32 73 85 16 90 55 32 19 8 62 9 29 85 43 66 45 54 9 60 88 61 83 21 45 99 65 35 64 52 41 86 9 31 23 71 12 73 81 39 13 78 91 73 17 12 38 90 96 93 49 45 40 9 37 18 71 24 20 48 98 39 35 67 24 96 22 32 37 96 43 56 23 7 87 84 37
98 50 8 49 89 85 87 100 67 65 29 69 49 48 10 6 85 69 80 83 69 3 26 24 7 8 80 88 46 73 22 50 98 2 36 50 39 11 21 69 60 42 63 99 67 43 5 45 53 18 62 28 92 67 64 92 25 7 94 40 99 59 97 35 92 35 74 61 55 2 81 65 3 66 91 26 93 61 86 11 13 7 34 2 54 55 11 63 57 71
32 57 94 32 76 90 43 80 24 98 32 60 81 12 25 17 72 3 16 28 68 33 80 26 10 84 7 16 56 1 96 56 16 11 97 44 91 29 30 41 74 87 29 47 74 27 90 54 28 43 51 70 21 85 91 23 58 97 98 42 54 55 51 70 9 95 17 65 51 14 9 77 67 36 33 31 30 10 94 75 69 12 78 11 39 94 4 38 18 95
16 65 62 33 25 76 32 40 38 58 47 87 32 30 75 51 42 75 20 74 100 13 90 68 94 54 46 11 72 12 98 54 21 54 72 67 14 99 96 49 99 56 40 76 87 78 44 76 34 80 69 97 80 61 40 7 34 88 91 89 72 92 62 93 17 2 51 66 35 38 36 58 76 100 46 4 75 52 73 74 88 14 76 44 23 69 10 63 84 29
64 64 78 34 36 53 76 24 100 89 77 41 32 99 19 98 50 45 60 45 72 97 46 19 56 2 35 44 4 44 96 56 16 55 15 18 24 20 24 74 80 30 15 1 71 100 71 47 58 29 28 17 55 20 69 50 42 77 68 5 92 22 43 32 76 37 42 57 72 78 10 46 98 97 85 50 100 64 86 22 24 60 19 45 58 84 50 88 28 88
65 50 39 2 14 14 17 87 52 77 53 96 50 6 12 34 52 14 29 92 72 96 86 33 25 2 22 1 28 33 95 70 50 40 98 7 63 18 19 69 39 20 19 60 39 10 43 24 20 43 35 30 98 21 27 97 31 94 92 62 75 13 60 95 35 24 40 20 17 29 77 100 20 33 94 91 13 11 69 40 41 64 98 37 85 74 100 68 70 69
97 63 64 80 28 28 31 40 12 94 14 32 39 80 19 72 56 16 25 1 5 53 73 100 7 25 79 98 76 99 70 3 41 4 4 55 68 80 41 67 54 30 48 87 53 77 95 38 63 47 8 93 52 15 29 80 3 55 27 71 2 67 85 49 100 47 83 54 76 10 81 71 74 95 57 23 34 8 43 71 35 84 72 34 60 49 96 55 100 71
63 50 74 29 49 40 80 83 28 26 15 12 78 77 23 43 96 38 19 91 52 56 77 12 30 39 7 12 36 32 32 24 29 89 48 32 85 27 31 1 70 11 15 11 60 96 94 63 75 8 36 83 51 68 64 57 69 12 28 44 8 96 45 48 55 63 50 99 82 61 53 3 69 3 45 61 23 7 54 2 97 29 97 63 2 69 64 90 50 79
80 83 85 5 40 8 58 11 99 23 32 44 60 51 76 29 39 72 27 10 42 67 10 71 91 32 81 2 41 69 68 84 41 46 47 63 72 96 62 8 62 4 64 4 97 32 61 78 53 50 62 79 61 88 61 62 18 96 71 8 7 29 26 6 94 35 94 29 34 35 29 7 28 61 34 56 23 6 60 62 27 75 67 42 97 12 32 54 43 27
12 75 57 60 43 11 72 60 37 51 56 7 86 95 97 44 9 48 22 29 3 44 49 21 33 82 93 39 59 60 28 72 9 87 19 7 18 49 50 41 33 33 17 28 63 44 85 73 87 47 3 45 63 100 16 62 94 69 30 57 21 12 57 22 94 58 67 37 57 7 48 16 59 22 49 97 93 63 44 56 69 67 73 25 86 80 97 92 28 55
73 16 31 77 56 96 89 53 81 4 30 75 95 71 26 97 39 100 96 97 7 14 58 42 48 52 24 69 10 96 20 77 28 65 88 75 22 59 83 73 92 19 63 83 2 27 97 25 28 74 10 42 44 67 76 38 26 91 76 68 77 15 99 27 5 84 70 79 40 99 41 86 20 81 50 16 45 65 25 94 12 94 81 66 27 8 75 63 88 38
59 57 5 63 34 90 60 23 41 57 100 1 55 89 40 53 4 89 62 91 17 13 35 38 55 3 42 81 30 35 24 62 74 27 68 39 54 90 21 6 31 69 73 71 64 27 37 88 43 80 49 81 8 44 49 85 77 51 82 9 46 80 5 50 3 41 34 63 77 4 30 100 21 69 71 14 34 15 24 83 18 83 60 4 85 44 2 54 12 87
9 78 79 60 95 7 3 2 84 21 79 19 5 87 100 80 84 95 42 67 16 63 30 29 53 99 36 57 20 80 100 70 43 62 34 87 78 74 90 69 45 75 61 68 46 43 98 67 13 58 64 45 79 52 92 97 67 47 79 72 97 28 42 68 65 39 78 32 71 72 29 15 10 11 87 74 29 60 16 85 11 93 54 100 54 9 35 71 50 71
48 20 15 69 56 12 20 49 96 5 54 97 3 52 21 70 44 69 53 18 78 26 57 62 65 4 83 68 12 69 90 9 35 98 41 30 21 56 81 15 18 48 70 5 94 22 83 34 15 85 68 8 51 30 2 4 79 60 63 21 98 22 38 9 62 65 84 32 49 89 14 21 80 10 13 93 33 8 87 21 75 29 80 11 44 15 40 93 14 49
87 9 7 49 91 92 70 78 97 29 37 10 15 66 34 39 41 94 33 33 20 9 78 4 53 10 6 78 24 51 28 44 47 56 39 25 7 9 82 60 85 6 53 13 61 94 56 2 27 31 22 59 38 61 46 22 34 63 12 24 6 97 2 78 62 8 78 9 79 89 98 76 51 15 51 77 2 48 34 23 70 12 73 73 29 41 69 16 79 63
50 21 94 41 43 85 63 79 74 49 4 85 2 11 48 30 64 49 87 32 12 5 82 7 93 33 89 1 4 37 31 36 24 69 39 86 86 29 47 50 47 33 22 89 6 99 31 45 38 92 73 25 24 54 96 32 1 49 66 23 22 51 96 65 43 79 96 48 82 39 7 40 15 13 54 85 74 86 8 96 69 49 17 76 33 27 100 87 93 72
80 11 100 19 97 48 93 63 8 69 31 93 66 38 79 24 68 63 98 77 83 95 86 51 81 76 17 1 57 32 24 24 84 57 29 67 13 23 22 78 99 75 32 81 43 82 91 55 81 18 20 55 70 42 95 77 23 93 25 25 96 13 54 55 50 91 53 14 65 62 75 7 58 97 25 38 32 79 78 17 17 62 43 78 72 54 13 10 72 22
82 77 65 21 19 24 59 65 71 26 6 94 7 96 59 58 12 58 35 50 70 64 22 37 36 47 97 48 76 15 90 51 17 22 8 87 16 24 78 40 8 13 55 19 58 51 7 11 35 21 71 19 1 59 81 80 30 58 57 98 63 43 91 20 85 38 76 9 79 67 27 20 99 80 28 68 50 30 76 71 35 7 8 100 32 73 23 18 9 3
23 77 3 96 40 90 66 38 62 19 28 46 85 67 40 17 78 75 54 87 83 76 18 17 64 56 4 45 80 30 58 71 69 5 85 51 25 14 62 30 60 96 6 75 37 68 54 43 97 56 72 20 50 88 29 99 3 36 8 51 61 87 62 94 86 84 64 40 25 12 78 81 86 43 59 63 4 74 10 23 71 63 25 69 55 33 52 72 16 87
58 83 63 38 53 18 37 2 5 44 27 41 49 11 98 75 45 60 77 56 94 92 20 41 81 56 73 93 62 62 77 88 60 35 17 88 15 100 71 46 71 2 95 63 95 21 40 59 56 54 43 25 98 63 34 62 13 25 39 41 51 54 24 52 44 46 70 86 19 35 38 4 9 55 30 79 8 19 33 58 81 81 27 1 97 80 87 43 81 44
15 26 48 31 85 37 43 3 95 25 14 66 4 89 67 48 1 58 21 12 19 92 47 29 18 56 53 28 54 55 6 15 68 78 19 75 86 61 65 81 20 40 99 62 51 12 78 29 55 7 65 13 19 33 86 57 66 57 99 30 21 57 51 60 23 43 95 8 35 68 96 59 14 71 70 67 73 13 94 68 75 96 63 81 54 4 89 80 42 67
83 50 16 81 54 90 78 35 64 66 24 40 89 67 42 39 13 28 90 32 95 80 93 54 67 31 13 23 60 77 65 69 88 66 29 80 90 65 24 74 60 55 79 94 25 32 81 44 1 20 84 28 47 57 12 52 29 79 25 24 96 24 69 30 100 29 42 56 95 33 3 82 34 11 96 1 69 60 22 34 56 65 91 54 65 60 37 59 93 18
12 92 58 27 54 7 30 47 55 69 1 45 59 19 84 3 15 77 1 40 17 19 77 7 4 13 61 1 48 65 12 58 66 81 45 13 54 19 6 59 19 93 15 6 87 43 65 45 21 27 5 62 8 36 28 58 47 57 4 52 68 27 14 70 75 54 43 61 35 41 28 50 92 25 77 14 97 43 40 41 85 59 71 98 85 84 35 2 12 64
10 28 86 34 76 5 80 29 40 34 43 29 49 8 17 16 2 57 69 28 47 3 78 73 34 77 52 19 47 56 41 33 9 13 18 37 100 7 10 6 76 74 41 24 18 99 71 40 46 40 80 11 33 95 33 96 45 89 98 6 67 74 82 85 54 68 72 44 40 73 70 36 14 23 67 21 37 59 21 56 75 71 96 21 28 39 95 50 87 42
66 59 30 18 90 95 17 15 67 64 58 60 32 21 76 36 10 63 33 87 95 69 68 46 3 56 18 17 89 16 33 90 70 64 93 37 81 30 5 34 70 27 77 2 46 59 25 92 83 65 71 37 45 2 82 58 90 64 71 73 48 44 92 71 59 26 61 97 77 6 41 32 43 60 55 46 75 35 40 74 15 89 3 31 50 27 30 40 27 50
68 19 76 83 91 42 11 17 96 1 43 82 100 89 100 54 40 63 9 89 96 78 91 93 64 46 59 57 24 62 26 78 13 23 27 10 48 34 61 4 54 51 70 20 21 52 28 96 98 18 79 69 91 28 53 22 33 8 10 29 98 43 72 46 2 6 31 20 19 87 17 64 66 16 87 61 25 42 40 47 91 82 52 37 25 43 55 59 79 7
96 57 22 80 10 1 12 10 13 56 68 19 27 56 51 57 89 95 63 61 22 69 28 23 93 42 100 65 89 43 45 14 75 25 39 1 100 82 49 46 56 76 69 14 39 83 51 43 64 9 54 48 41 54 2 36 65 5 32 32 66 48 33 67 12 92 28 30 60 25 47 67 66 90 4 25 47 86 15 32 33 10 8 96 12 9 19 73 22 6
47 28 80 35 92 41 67 43 40 70 46 16 12 34 11 56 5 11 44 46 35 10 3 94 77 54 24 57 33 85 63 19 34 67 75 20 9 91 22 13 53 16 39 41 42 4 4 20 80 13 83 3 97 70 60 74 81 2 42 68 95 74 10 20 17 28 93 31 44 42 65 16 34 49 63 2 56 78 39 94 88 82 60 92 32 96 6 55 91 86
80 82 30 40 28 49 35 7 85 95 21 57 5 15 60 11 67 12 4 49 67 34 16 67 84 100 69 22 78 70 58 28 71 96 66 58 43 82 53 8 33 80 46 38 67 66 64 100 70 29 44 47 11 3 81 30 27 13 57 49 82 28 11 82 65 78 58 38 64 70 9 10 31 57 26 46 2 90 59 54 76 37 50 88 7 96 10 21 20 36
60 74 17 21 38 70 27 44 60 15 62 58 30 23 85 62 43 10 58 74 9 55 59 92 39 90 73 30 20 66 42 21 58 56 11 58 12 63 58 18 59 19 94 58 58 31 47 21 62 91 32 89 29 9 70 66 70 34 88 70 22 34 85 45 23 79 15 21 86 80 37 78 56 8 39 45 51 23 92 67 76 35 46 92 3 26 44 25 85 89
35 62 40 17 6 67 29 33 7 75 2 9 74 77 95 68 46 25 12 15 46 63 22 100 58 37 57 51 13 51 20 32 56 25 57 78 90 83 29 5 45 34 64 34 71 9 15 38 35 17 62 3 43 11 57 65 26 52 30 80 3 30 37 60 64 60 71 8 58 19 59 99 76 57 47 56 47 75 48 83 2 10 67 39 98 89 62 4 56 36
82 28 43 92 71 44 83 85 71 6 55 96 91 96 22 80 39 66 76 73 8 99 9 98 9 88 64 86 35 79 43 76 44 59 5 46 76 52 15 23 33 41 10 60 25 90 50 79 9 63 95 69 22 46 8 93 12 88 21 8 35 17 30 34 72 83 33 23 67 70 100 2 34 90 54 63 71 41 90 35 82 72 21 97 19 88 11 75 78 69
11 95 95 47 83 91 87 53 36 31 30 85 34 51 38 3 81 85 3 53 12 87 72 57 3 29 94 74 38 32 52 21 87 60 84 65 13 94 25 44 17 59 8 14 14 5 3 44 24 38 15 59 80 31 35 37 79 82 68 53 3 61 64 37 95 76 2 100 66 19 54 53 83 91 81 96 71 36 87 63 63 73 29 77 51 73 49 43 30 15
89 2 23 16 6 7 77 39 56 81 44 23 77 38 18 29 29 100 28 50 8 4 15 94 77 47 7 20 14 85 21 65 86 77 100 56 50 12 90 13 41 97 65 75 38 100 93 83 89 16 31 79 46 64 67 72 64 42 94 40 23 48 78 56 37 58 68 14 53 22 100 48 55 2 25 83 54 18 52 32 21 30 92 61 74 91 71 81 7 61
30 29 82 48 32 42 8 35 82 25 49 49 68 21 61 72 29 36 1 97 100 43 69 28 78 67 53 67 57 58 57 89 84 64 69 100 98 65 28 81 82 88 92 39 79 25 50 32 99 62 1 33 36 29 76 35 74 60 36 71 34 72 13 23 7 46 15 20 84 66 16 16 14 68 68 74 74 4 5 19 96 50 40 41 27 65 11 38 23 88
72 72 86 50 13 96 66 13 77 25 96 93 17 15 57 66 55 70 42 95 51 95 24 52 14 94 79 14 91 41 36 57 29 87 86 54 22 6 48 3 60 47 7 38 3 80 100 45 87 42 85 70 10 64 49 15 23 58 20 91 8 95 31 25 15 1 78 85 79 26 15 74 26 50 82 30 84 59 65 47 45 65 69 61 24 27 53 69 27 48
36 98 56 64 31 16 20 26 75 94 88 56 14 56 54 69 8 91 68 100 24 52 71 66 49 98 97 62 2 9 41 69 65 74 76 66 21 52 15 22 46 2 85 26 52 60 98 92 33 21 44 8 43 48 88 63 57 53 60 76 26 27 2 6 18 59 92 95 9 2 71 76 51 15 36 77 9 19 68 67 30 59 67 82 29 32 31 89 92 65
61 98 18 56 62 18 13 65 58 91 31 100 69 61 13 17 51 76 58 27 17 63 46 60 43 6 51 40 35 45 80 36 37 58 14 58 34 31 80 44 5 75 33 90 28 100 69 87 17 42 6 21 47 19 82 71 26 14 52 81 72 48 63 27 90 75 25 65 55 97 21 29 76 15 35 30 12 43 24 62 1 74 55 92 60 72 33 33 79 67
78 86 96 43 72 22 27 37 16 38 35 19 25 36 6 87 62 87 15 12 58 15 27 18 62 25 32 4 25 45 7 57 7 87 96 5 62 78 91 92 5 66 21 6 13 14 54 19 67 100 78 47 9 17 39 62 12 30 53 8 77 17 21 52 22 13 56 62 36 33 51 83 32 56 74 65 98 12 59 80 96 42 16 82 4 89 13 26 89 97
40 2 100 97 59 94 18 66 52 85 23 73 63 77 90 79 5 62 21 17 43 37 61 54 75 33 86 54 53 52 89 69 55 12 24 89 23 42 9 45 65 87 35 47 100 87 84 1 24 8 4 88 52 3 58 64 17 40 26 49 82 97 87 64 83 73 45 82 13 80 42 88 94 67 75 22 27 51 4 36 6 70 33 49 53 84 68 21 30 81
8 66 58 75 81 23 49 91 94 71 12 3 35 86 64 67 80 29 21 59 11 67 26 12 24 19 49 74 15 15 34 10 69 61 44 100 61 77 58 72 26 36 18 33 61 9 75 61 38 6 25 9 37 14 76 48 59 26 5 72 62 47 100 32 67 57 60 66 38 74 27 63 4 89 9 41 57 23 75 86 50 60 73 51 48 64 33 78 5 38
29 79 76 69 86 67 59 87 98 52 95 76 57 40 89 37 4 40 66 4 42 48 3 37 89 32 11 3 41 99 7 52 4 27 18 62 55 91 41 38 28 16 84 41 67 45 45 11 90 62 23 88 18 98 55 90 10 7 84 8 2 71 43 54 7 32 87 79 38 13 82 36 88 71 8 14 39 59 54 40 95 47 69 80 2 2 92 21 26 22
15 30 98 26 23 13 27 17 47 44 42 15 83 48 71 65 45 23 83 15 90 29 69 13 100 39 63 87 14 39 18 99 82 93 79 53 10 80 8 25 82 98 78 99 93 17 27 90 45 34 67 86 48 51 60 93 17 28 72 100 82 27 72 19 6 61 77 56 4 33 75 53 52 46 26 52 45 32 22 37 11 90 7 57 54 99 99 42 61 17
59 91 50 32 99 9 51 16 17 33 62 50 11 12 49 20 93 98 54 5 10 91 21 58 79 34 90 37 16 99 98 78 95 31 84 64 76 78 75 96 82 22 93 43 25 73 13 96 64 20 80 71 26 78 82 73 72 3 29 63 30 95 91 32 55 36 51 61 14 99 42 11 19 81 60 73 99 86 15 46 87 94 69 57 82 33 55 70 86 19
58 81 86 72 25 9 5 15 36 39 17 100 22 67 80 51 68 54 69 82 42 77 49 72 44 34 71 76 85 55 23 25 50 24 64 72 29 28 42 17 6 95 60 19 30 25 16 80 81 89 30 98 94 81 78 91 26 34 35 4 100 16 71 28 85 71 42 54 62 53 67 52 3 72 9 91 51 93 35 14 5 67 96 100 50 71 42 27 66 15
4 46 72 25 99 31 47 30 53 71 51 71 27 43 77 97 12 17 48 51 41 12 17 54 42 93 4 29 93 99 100 54 49 17 7 66 10 58 70 47 32 39 2 56 53 29 64 41 95 51 83 42 38 51 5 90 21 20 43 58 36 96 26 79 53 6 69 97 93 93 63 53 71 93 94 97 3 9 19 47 31 78 5 51 96 7 70 15 11 29
55 79 20 29 83 81 28 80 28 4 35 6 29 39 80 86 29 9 95 58 31 41 18 25 10 38 12 42 90 1 23 30 70 81 35 47 46 8 62 45 41 75 86 31 56 3 21 86 69 45 81 6 36 91 42 26 79 78 81 53 34 15 97 60 4 84 58 20 56 80 56 89 88 99 32 49 66 12 78 4 84 6 37 100 87 71 76 92 84 43
25 69 49 49 74 71 43 59 69 11 49 4 65 78 11 77 47 47 48 22 73 14 12 4 53 42 9 54 56 40 41 83 72 57 45 90 42 49 67 62 88 54 83 16 30 67 28 68 64 42 53 35 38 29 20 10 32 62 70 76 41 72 25 19 47 55 89 71 81 39 22 57 26 65 77 31 75 65 30 35 51 11 62 68 29 90 100 12 17 91
70 62 45 79 11 94 21 42 19 55 69 82 33 47 6 10 1 41 38 23 66 100 45 76 58 34 68 34 28 38 23 84 54 48 38 61 43 56 60 79 66 11 79 79 13 43 53 1 30 6 81 25 30 17 2 32 76 45 72 71 15 96 29 65 100 17 65 8 51 75 12 28 47 13 42 2 1 99 81 68 70 34 40 43 95 77 17 46 10 95
30 89 76 39 44 82 8 38 79 22 34 20 93 28 45 44 76 61 52 32 13 65 29 26 26 5 66 77 7 39 50 1 79 56 30 15 32 18 89 95 11 90 47 49 23 17 33 83 28 67 100 74 59 50 41 69 52 30 27 5 19 69 81 73 40 34 93 5 5 90 18 12 36 36 90 53 76 74 8 82 26 33 81 24 87 48 94 72 3 56
26 33 95 90 20 54 74 83 89 40 65 9 55 17 8 10 32 86 78 4 71 29 16 14 54 94 14 28 100 68 41 38 8 26 84 56 92 72 88 91 54 92 96 51 22 4 50 89 57 58 23 25 4 28 84 33 83 84 33 28 56 78 83 47 37 12 32 87 42 18 2 5 54 5 40 73 95 37 7 6 100 65 2 49 89 38 86 34 81 93
82 2 75 28 95 25 57 38 74 52 93 96 10 13 80 57 22 43 76 71 85 48 34 33 66 58 47 62 62 3 6 69 22 62 24 70 1 34 73 85 47 28 88 48 5 84 47 33 88 45 2 69 70 83 2 20 39 16 2 45 91 61 13 79 59 42 51 43 69 100 12 64 21 79 30 26 7 9 85 89 71 62 40 33 14 70 75 8 33 69
19 10 84 96 25 14 29 33 87 43 100 40 51 59 50 21 3 60 22 14 99 25 31 54 77 28 29 45 90 46 41 83 56 78 30 66 78 11 89 14 37 62 99 95 21 37 8 25 74 59 17 11 15 96 10 100 8 78 42 7 40 46 65 20 11 29 57 81 72 22 68 64 73 41 52 74 29 37 71 96 39 13 66 53 68 98 14 80 26 74
2 99 27 59 53 42 57 32 50 24 13 24 81 22 81 46 43 56 25 54 79 70 53 31 7 67 88 22 96 91 59 48 3 85 11 69 8 99 11 20 3 30 15 100 43 37 50 22 45 51 43 37 99 71 85 36 98 71 37 64 35 8 49 91 62 74 78 60 81 98 52 93 45 73 1 16 66 26 67 56 65 86 22 49 49 8 29 80 42 44
15 25 39 82 8 88 92 41 97 57 23 7 92 79 33 73 23 70 72 52 97 99 17 28 39 48 74 6 1 51 2 73 84 100 30 93 25 80 11 55 6 46 6 47 54 44 21 94 17 100 51 2 42 100 17 49 53 41 48 77 19 67 61 37 35 57 30 44 82 54 68 18 79 54 10 30 53 28 60 86 3 14 41 14 16 34 26 63 53 34
25 33 73 82 45 67 93 31 72 13 13 40 8 4 14 70 97 9 44 96 59 41 28 98 32 84 58 71 65 43 26 53 67 81 80 25 20 7 72 42 28 81 11 48 36 52 55 41 1 99 6 20 77 98 61 82 82 49 54 4 49 7 51 9 96 65 29 22 97 73 7 20 96 51 73 14 51 18 90 79 8 7 34 8 46 81 56 83 59 62
15 11 79 57 9 72 54 93 92 81 60 75 99 40 61 26 39 47 58 92 93 93 45 9 92 24 38 56 3 79 39 42 25 55 65 41 60 35 76 72 55 86 95 62 35 95 31 30 65 65 14 26 41 18 93 21 35 88 82 14 6 70 68 5 50 79 92 65 66 82 79 7 13 18 57 54 11 27 16 99 31 22 4 39 79 11 61 45 75 77
98 7 19 56 32 26 39 21 2 17 74 88 20 50 27 4 85 65 10 99 31 24 13 7 29 54 87 62 48 59 30 3 57 69 5 63 97 24 39 74 69 11 18 69 45 95 97 51 3 44 45 51 79 73 52 2 57 15 51 97 43 9 77 18 27 69 40 89 29 69 25 5 91 36 94 39 36 49 55 82 89 6 73 32 18 57 94 44 38 58
2 24 5 48 96 87 88 40 30 73 63 67 44 4 26 19 40 84 34 75 43 93 52 10 57 89 58 31 64 73 68 11 53 32 65 38 69 82 84 41 1 88 26 63 31 59 47 10 55 55 12 57 87 85 43 92 86 55 1 67 81 57 15 26 90 90 67 61 9 72 47 3 74 85 65 14 10 29 26 8 18 23 57 93 45 36 29 8 85 81
25 15 10 27 60 48 34 58 19 86 100 92 53 22 57 51 10 23 58 28 49 78 12 86 1 2 90 68 36 7 88 48 52 24 25 39 44 59 42 78 37 13 92 40 50 15 84 43 75 69 28 73 2 2 39 71 95 14 72 6 68 51 50 89 9 90 98 8 92 77 14 91 85 57 88 53 89 28 14 13 62 60 9 44 80 67 90 20 20 76
10 2 30 75 68 81 36 22 31 94 67 49 8 6 37 63 95 6 4 41 13 20 57 23 29 78 54 65 87 53 97 47 10 39 11 95 69 64 96 59 53 64 11 37 70 80 97 40 98 14 47 72 59 53 78 94 67 23 93 93 74 79 1 96 19 82 51 11 93 1 24 98 71 74 92 69 34 33 1 94 53 68 58 16 82 44 13 6 95 63
95 96 68 87 54 100 98 8 78 9 61 10 14 48 75 34 34 24 64 63 73 9 33 19 9 49 70 52 19 75 65 35 90 67 6 27 2 95 68 84 98 62 62 87 75 37 62 54 4 19 6 100 50 52 45 79 80 27 82 89 98 80 15 57 50 42 88 94 6 46 49 84 77 59 47 64 55 69 22 93 42 61 25 61 43 32 22 65 63 29
36 32 6 35 85 50 45 32 96 53 32 99 33 80 61 70 69 75 7 78 88 28 85 65 28 44 69 32 8 82 41 3 37 38 15 98 33 40 100 15 85 13 66 78 88 1 76 80 44 58 36 52 46 77 77 46 9 97 49 78 99 21 4 40 84 49 64 82 5 93 1 38 47 72 50 15 64 77 46 97 63 46 10 56 9 64 82 22 21 44
89 3 65 29 97 73 30 66 29 65 87 50 31 87 87 99 17 64 16 55 1 34 3 11 23 67 21 99 59 33 89 76 95 18 11 46 97 98 13 66 34 15 36 67 77 85 28 27 8 65 18 50 37 27 100 81 82 35 21 14 4 59 11 44 16 90 12 70 92 70 52 7 93 91 3 79 90 8 57 74 23 40 70 86 23 97 48 29 51 80
52 2 26 39 58 20 51 96 25 14 78 14 29 39 92 37 12 22 40 89 43 96 86 41 100 84 16 76 6 56 20 2 42 74 33 77 15 36 8 59 54 54 57 86 9 66 64 30 30 3 19 86 18 48 55 48 63 20 100 40 13 92 4 9 67 22 10 26 8 13 87 35 95 73 20 1 78 38 63 43 91 76 36 40 47 89 57 43 32 54
53 30 65 72 49 21 68 77 7 17 52 14 45 3 1 98 64 11 68 51 86 33 55 66 83 80 33 13 55 46 29 34 43 81 86 76 38 55 92 19 86 68 60 14 2 80 57 76 35 49 59 17 26 93 9 93 13 15 94 67 87 100 45 24 25 7 100 72 62 15 72 54 50 15 31 15 72 65 42 39 42 61 80 91 61 50 59 31 75 18
23 11 96 83 29 27 20 3 95 17 42 19 72 21 10 36 50 65 2 36 6 50 31 92 48 51 46 76 63 52 3 5 26 62 56 24 87 14 72 96 90 25 64 70 5 86 22 76 24 71 43 95 68 33 47 61 85 72 2 79 68 77 46 45 69 73 99 7 69 67 84 93 38 65 42 71 55 85 58 42 11 39 83 29 17 76 99 67 84 8
98 8 7 82 80 44 99 57 63 15 73 57 73 66 75 55 77 97 66 46 42 47 42 62 52 49 28 97 43 51 93 92 59 69 90 90 40 20 100 37 27 30 74 88 39 90 12 24 34 37 33 89 87 46 81 14 61 59 57 1 80 15 9 44 21 28 64 42 15 21 39 46 82 73 97 28 94 12 16 26 39 86 95 99 3 92 30 87 31 78
14 30 64 94 10 76 96 16 27 44 69 82 5 50 33 20 1 34 83 11 32 66 63 52 14 26 88 63 77 90 13 99 6 87 54 73 57 72 57 29 79 9 21 37 44 72 34 23 30 28 13 44 98 63 1 84 34 92 39 82 84 99 5 83 50 50 86 5 77 26 47 93 85 64 50 83 8 90 87 1 78 97 25 52 47 71 59 18 30 93
93 80 56 26 45 68 4 67 15 22 60 12 83 66 5 50 29 95 33 67 70 67 70 4 84 9 29 37 92 48 81 94 18 4 31 77 54 100 42 7 55 56 62 26 39 93 17 41 9 11 8 75 48 4 75 10 54 45 6 37 52 52 73 56 44 64 95 36 91 61 80 68 3 44 97 73 85 26 83 57 98 37 94 25 18 54 8 74 63 20
42 20 86 85 90 66 23 76 6 95 93 86 17 99 71 77 25 87 32 60 9 10 80 63 37 23 89 55 97 60 57 82 94 38 67 62 27 39 100 33 35 38 35 40 79 69 91 35 98 80 64 43 35 78 24 59 76 41 88 40 87 93 2 3 53 81 18 69 20 98 53 88 74 84 53 73 78 47 54 84 4 84 97 71 11 16 47 65 72 73
8 24 52 40 43 34 10 72 82 54 60 70 38 99 20 44 40 36 92 84 57 3 49 28 71 99 37 5 52 64 37 3 71 79 38 47 36 92 6 82 70 79 24 86 76 78 37 50 42 8 65 1 65 16 38 59 45 16 35 47 87 92 20 89 67 9 8 58 74 61 21 84 25 53 67 83 51 65 44 91 83 11 15 5 40 56 32 83 98 21
42 21 79 54 70 67 27 43 22 23 65 37 24 15 79 61 58 87 41 49 22 49 34 16 88 81 74 23 73 21 86 81 40 87 27 93 40 99 70 25 83 25 87 42 99 5 7 99 15 90 78 99 45 8 13 87 22 22 50 10 84 88 47 85 33 44 5 92 92 92 38 42 37 7 56 89 83 73 17 69 1 82 59 99 92 10 24 80 13 6
31 43 25 57 54 31 65 86 30 40 63 36 44 79 33 71 5 36 84 95 11 27 45 9 97 4 25 45 56 49 48 86 24 61 70 67 63 37 48 58 29 13 29 97 94 53 20 3 78 77 21 32 67 53 22 69 85 83 32 97 48 50 31 88 40 30 49 6 31 37 86 35 35 13 48 81 30 56 46 41 43 10 83 60 5 26 15 47 85 4
84 99 80 69 31 38 59 91 44 38 11 76 47 68 78 62 83 31 68 12 56 4 68 26 15 19 94 29 84 61 44 30 1 37 16 30 1 17 5 68 70 81 11 71 94 68 82 35 21 79 14 39 67 1 15 87 66 36 18 43 86 65 50 67 90 53 82 75 25 22 68 98 38 75 62 22 42 82 2 85 26 6 87 82 29 37 69 38 6 74
41 98 73 66 28 42 87 38 79 8 30 75 88 51 40 68 91 74 61 26 43 91 63 27 91 63 55 18 65 10 32 94 43 32 32 17 60 89 67 7 14 53 49 7 2 1 22 69 90 86 69 59 84 93 90 94 38 76 85 67 37 75 40 49 45 47 76 56 55 36 48 99 56 13 80 1 20 100 65 64 84 75 31 8 51 5 38 41 36 83
27 32 20 66 29 16 6 94 42 89 45 76 71 41 47 59 95 37 55 16 15 96 18 33 41 89 47 41 55 88 37 70 67 93 53 78 93 6 52 84 4 41 9 54 66 38 17 43 53 27 68 44 18 86 40 49 72 55 42 40 4 61 24 81 40 11 16 97 70 77 92 68 66 63 91 28 7 81 50 24 22 7 80 68 28 95 9 70 29 83
7 65 10 14 8 4 48 12 97 67 80 23 38 7 98 20 29 68 48 18 81 66 32 53 56 20 99 80 88 64 69 58 4 60 43 96 77 12 44 1 94 93 51 62 81 98 38 33 100 56 40 41 82 65 93 11 45 83 91 58 53 66 22 1 10 8 11 18 92 20 52 13 99 43 98 86 66 19 41 16 61 10 92 57 36 79 93 21 40 5
5 96 58 85 56 68 28 28 63 9 47 95 38 29 18 4 57 86 29 63 71 11 3 69 69 96 81 28 90 12 33 25 17 58 3 14 76 23 82 75 88 92 44 45 50 87 34 86 6 3 42 26 28 80 78 3 74 11 52 52 13 65 78 83 87 79 31 17 31 9 67 55 83 4 11 100 95 10 62 73 30 26 64 91 50 62 50 34 16 60
12 80 93 86 23 71 74 50 53 89 95 75 9 30 94 57 50 75 26 66 94 1 21 86 37 9 40 4 51 85 34 69 68 33 80 80 34 37 21 9 25 22 91 51 16 64 28 96 52 52 83 36 15 66 12 86 57 47 17 80 98 11 78 64 57 37 93 5 64 2 82 67 62 63 62 81 9 42 94 27 80 98 36 93 90 46 54 80 84 74
1 63 3 21 12 19 24 29 74 80 16 90 88 17 79 81 20 12 73 89 93 3 88 83 9 11 1 47 35 16 77 9 97 85 28 73 100 57 32 95 20 62 47 5 58 26 83 99 86 9 41 32 6 100 58 95 60 74 53 12 38 98 6 28 75 68 7 27 58 17 96 80 4 16 8 42 73 20 66 100 14 86 23 75 43 51 37 43 56 67
95 27 95 61 57 24 47 71 18 76 55 13 22 52 68 45 94 60 57 18 82 16 6 33 92 55 43 87 68 78 59 82 8 75 88 23 76 31 2 100 18 91 31 2 99 56 31 77 10 41 14 21 43 44 3 5 65 3 47 72 20 57 24 13 30 80 62 25 4 55 75 33 46 82 35 48 20 17 95 27 94 40 99 70 86 57 71 72 34 57
83 90 25 36 70 98 18 49 4 74 87 5 65 8 31 83 93 83 59 8 62 29 76 51 3 97 6 42 79 8 12 76 56 72 56 100 29 31 89 97 73 36 50 80 47 98 91 53 15 58 91 30 59 44 98 44 71 44 25 42 2 17 54 75 99 92 9 95 63 35 27 51 17 10 15 77 39 16 96 75 51 84 21 35 53 7 86 49 82 40
68 38 42 16 16 88 17 76 3 47 48 84 20 98 73 86 79 25 12 30 20 78 57 26 27 27 15 28 49 23 94 52 56 47 24 33 1 97 31 35 13 28 35 34 50 12 97 54 61 87 64 78 25 8 41 97 54 88 14 46 47 73 7 38 87 45 16 71 77 39 97 20 6 69 48 3 38 77 17 73 11 35 67 48 98 5 33 87 29 52
60 19 11 20 11 41 29 5 34 69 58 2 5 65 52 79 25 11 96 30 43 89 46 91 69 14 25 71 51 8 59 60 37 72 98 3 40 91 65 7 5 67 32 76 81 26 58 73 6 99 46 74 96 4 19 28 4 85 99 46 80 78 87 8 17 21 93 12 98 74 40 67 32 62 57 43 22 23 91 79 86 40 21 19 52 42 49 34 75 73
98 92 3 69 5 40 91 87 55 96 22 63 90 27 54 45 25 96 36 100 68 69 76 53 60 91 12 7 49 23 87 25 20 18 49 20 48 92 38 78 86 18 80 67 40 60 39 97 52 23 46 92 95 38 49 56 9 58 58 43 65 53 97 11 67 52 12 1 99 2 46 53 39 30 64 29 38 38 9 11 72 13 48 97 99 85 46 81 17 40
21 7 41 48 34 42 56 2 37 76 29 82 60 38 9 98 32 61 70 47 99 51 85 23 13 77 72 40 62 61 77 90 79 86 62 48 38 94 13 26 33 35 57 61 59 76 66 91 18 19 8 48 74 60 84 99 19 67 37 72 31 68 62 6 59 96 21 27 16 45 57 82 8 77 97 32 91 16 88 80 83 33 28 31 43 93 72 39 85 70
82 80 32 22 29 88 50 18 23 14 2 41 34 50 34 18 26 65 7 21 87 17 36 64 61 88 19 41 14 34 49 38 80 29 64 6 99 36 67 82 61 72 41 32 13 32 26 67 19 87 95 93 52 84 68 43 16 67 83 59 62 96 49 98 59 38 54 37 45 88 44 6 3 24 49 5 1 75 22 18 25 86 8 52 31 35 33 100 36 48
88 25 28 64 74 84 5 14 51 72 97 36 47 21 28 84 41 15 2 15 53 81 59 86 53 57 87 20 25 50 37 50 32 39 31 82 18 98 33 81 21 87 14 74 42 30 45 64 69 75 70 8 80 94 11 12 51 20 3 51 90 5 25 8 70 37 27 64 58 86 24 53 54 90 38 68 29 62 47 61 29 81 53 1 47 22 88 31 42 7
18 18 2 47 34 44 94 92 88 83 55 47 39 42 45 69 86 47 31 11 61 25 60 58 36 48 59 6 62 51 59 90 37 43 92 70 75 54 81 39 25 11 40 71 95 92 85 6 61 75 29 3 49 64 4 43 4 3 16 75 66 17 39 76 25 82 47 80 36 19 5 16 18 57 23 56 91 60 33 48 56 90 35 63 88 74 13 3 31 31
10 9 78 65 49 55 83 73 66 46 83 89 22 23 63 8 68 58 60 16 62 59 24 8 85 28 25 61 19 7 81 28 13 81 44 64 91 80 36 75 56 46 27 28 62 2 25 44 72 52 34 42 79 74 67 89 22 87 55 71 98 98 89 45 28 21 22 41 14 12 21 92 69 91 78 1 40 2 51 41 6 17 2 36 4 12 76 10 34 35
90 77 88 71 62 30 1 98 1 43 60 90 82 56 37 78 17 34 52 1 73 34 28 88 50 66 72 67 24 50 94 81 54 19 81 37 99 95 16 100 18 65 53 59 26 40 73 25 23 22 66 71 23 67 10 15 6 51 82 78 59 20 54 83 51 67 87 77 95 24 49 40 95 14 63 99 84 82 32 37 56 18 22 89 18 57 96 59 78 5
36 20 32 22 70 71 81 68 1 78 78 100 88 46 1 14 43 98 15 68 40 76 85 61 65 16 73 9 81 89 86 37 86 13 68 100 38 86 62 87 26 29 41 59 71 21 95 2 80 91 45 52 12 16 48 42 71 33 1 90 52 12 75 11 37 77 25 18 96 16 22 3 49 12 9 72 91 74 62 69 49 81 32 70 31 4 96 3 16 64
21 84 45 57 66 58 1 49 92 2 100 3 27 65 7 40 58 86 20 93 99 72 75 84 45 98 34 96 84 41 95 55 29 83 31 38 33 83 73 85 33 50 94 50 85 15 80 89 15 26 59 10 94 41 13 21 58 77 40 70 85 100 20 30 12 69 74 31 67 3 93 76 16 75 66 61 42 19 86 19 51 67 11 73 55 47 4 81 79 80
19 30 98 90 83 46 61 61 3 96 91 37 84 73 19 98 10 73 5 55 87 4 51 67 82 99 86 90 61 98 87 23 43 41 37 28 7 47 21 21 44 93 88 86 44 41 98 13 98 96 97 71 64 20 99 68 50 43 94 57 27 23 73 78 54 54 58 86 63 12 94 84 100 33 20 90 83 63 72 5 45 56 15 60 89 83 93 38 30 34
65 79 62 58 3 90 72 37 15 7 88 49 7 90 25 8 71 96 86 8 1 13 8 100 85 46 81 52 52 74 66 82 18 50 17 20 40 78 32 37 16 75 42 41 81 64 49 77 25 9 28 93 20 65 22 36 98 28 39 64 56 21 72 80 44 52 87 55 90 97 98 40 48 8 89 37 90 98 29 90 25 52 19 5 66 93 69 19 17 86
9 34 29 15 63 64 82 14 54 33 1 29 91 88 23 80 88 98 25 42 17 72 85 2 37 21 92 100 14 77 33 36 60 69 92 24 27 56 27 76 34 96 30 70 27 86 84 37 96 39 25 5 55 8 26 30 44 6 49 37 74 19 55 63 63 9 9 10 39 70 5 50 80 51 49 26 91 67 14 64 39 7 93 100 98 84 26 3 69 3
5 33 78 37 67 82 26 18 92 51 70 38 98 48 2 39 76 22 18 79 11 85 100 66 100 58 94 17 14 24 37 60 32 79 61 39 57 38 4 79 4 24 96 12 86 31 6 40 97 39 98 37 76 85 54 16 90 38 4 82 38 64 14 27 50 32 93 78 73 76 74 66 88 71 42 4 86 58 47 13 85 25 24 90 10 22 34 72 32 78
65 83 76 58 4 16 74 98 98 62 6 29 97 91 83 13 18 84 74 54 90 96 60 10 9 97 100 97 44 61 42 37 58 45 70 96 16 98 92 46 26 29 58 74 40 2 88 19 94 51 10 39 78 39 4 33 66 21 19 93 66 99 69 38 43 19 41 26 80 36 93 14 77 90 52 75 54 26 23 10 42 6 48 97 52 25 94 45 66 36
7 46 64 98 39 46 60 40 6 54 50 6 39 20 82 42 86 13 95 25 28 88 94 33 76 63 64 22 59 9 3 20 87 43 39 16 89 78 27 49 28 66 34 75 69 14 61 17 4 42 80 79 2 40 23 29 89 73 32 61 7 9 93 83 22 100 34 34 59 72 88 74 62 82 99 62 53 14 24 72 83 47 54 58 61 48 83 59 14 43
87 41 91 73 23 79 26 6 88 11 58 75 9 96 99 16 21 48 25 82 7 98 20 33 68 33 87 50 69 29 68 55 29 28 72 97 37 45 7 56 8 64 84 75 17 90 84 83 52 27 13 32 24 24 39 58 17 50 7 84 92 66 9 46 93 46 71 83 87 4 14 52 46 35 39 41 29 3 2 59 85 5 35 72 62 84 58 19 54 32
88 71 36 68 56 68 60 12 4 39 45 50 11 87 44 3 5 96 45 71 70 34 62 32 24 60 89 73 48 91 92 71 47 73 16 10 60 50 14 69 12 81 53 89 54 45 47 46 73 53 41 82 92 91 42 62 95 70 69 8 97 25 45 37 42 66 72 59 94 35 83 93 80 94 10 59 78 72 11 98 83 67 98 68 61 83 41 27 70 53
41 51 56 13 91 57 95 99 63 71 83 58 64 14 85 10 35 80 23 37 81 38 76 27 69 76 2 98 40 88 34 8 82 36 64 89 26 20 12 6 36 91 41 84 91 62 66 16 1 26 7 85 80 42 91 18 12 12 42 69 80 7 95 56 14 26 90 68 31 95 3 52 37 71 72 15 21 13 56 65 52 20 35 48 66 5 100 3 50 42
94 93 44 67 21 31 22 100 41 42 74 100 6 54 54 38 92 56 42 97 12 97 39 97 40 93 82 38 79 21 6 23 17 80 100 28 95 60 54 4 65 54 38 73 63 66 97 67 15 7 45 57 89 46 44 86 8 24 1 40 25 20 84 5 9 67 4 35 69 15 72 8 64 13 67 88 92 86 2 33 49 44 25 7 57 48 87 37 89 42
19 71 69 71 58 57 20 13 82 56 44 29 15 40 60 89 14 6 36 74 60 75 98 18 59 60 87 41 67 32 33 45 54 59 76 73 56 13 21 83 60 2 8 81 56 56 49 12 61 58 61 79 38 57 58 60 19 61 13 51 98 65 2 50 45 34 82 68 55 46 21 36 23 86 77 70 24 81 58 38 14 85 6 68 14 40 31 67 89 12
58 26 79 95 3 28 59 58 96 36 63 36 75 68 13 99 11 24 55 75 95 30 75 66 27 75 47 79 84 76 100 83 89 11 78 13 45 79 8 61 44 62 60 88 96 31 77 80 87 60 46 14 6 57 68 80 22 39 57 40 41 48 12 84 55 51 82 48 73 75 26 42 88 42 41 48 59 42 67 13 43 42 11 26 94 16 28 7 34 24
78 56 30 88 99 38 45 15 49 26 82 94 84 43 18 51 3 6 14 68 73 81 58 36 45 9 89 67 60 52 62 95 12 1 20 99 97 91 88 72 85 96 87 69 99 8 14 43 68 31 8 82 2 78 93 66 49 3 87 41 33 96 40 90 25 46 22 68 18 45 28 35 7 52 75 75 100 82 21 23 88 49 8 66 85 38 63 46 33 76
37 3 23 100 11 98 83 58 25 79 29 27 99 12 96 44 71 100 84 31 95 11 78 92 10 81 40 45 39 28 95 92 55 80 21 33 84 29 54 56 7 82 23 67 84 89 10 33 83 21 31 38 83 46 41 92 80 26 79 51 42 65 18 62 70 46 14 66 47 53 91 90 93 1 68 90 95 28 11 28 63 1 10 38 61 74 86 38 85 29
82 49 4 50 97 25 31 56 5 63 15 33 52 98 14 60 81 83 53 88 52 2 2 72 40 9 1 27 6 97 21 13 4 48 26 82 68 74 32 95 76 88 86 62 70 29 37 56 38 32 29 36 49 88 65 84 54 67 70 82 27 70 64 23 31 96 62 64 71 92 15 81 7 56 47 95 13 33 80 62 80 60 50 98 28 82 17 24 32 33
61 46 68 26 52 79 35 24 34 23 26 13 4 12 7 97 65 39 84 35 22 50 90 56 42 21 7 93 26 53 24 17 10 55 57 19 42 8 95 2 32 24 29 48 33 36 9 84 77 10 63 89 9 41 6 62 23 13 45 3 57 34 63 89 18 7 77 51 50 79 69 97 51 84 97 70 44 56 89 22 15 91 79 3 63 27 11 3 37 53
67 90 40 96 37 46 58 75 100 99 52 16 33 92 43 87 90 33 47 20 57 58 41 23 34 34 67 53 32 69 2 18 19 23 68 65 68 59 72 51 80 23 12 55 76 16 48 84 11 71 22 80 52 77 68 99 68 15 90 23 86 69 27 78 23 20 30 93 70 96 56 79 89 83 83 39 98 45 50 6 30 65 65 81 87 18 97 37 94 30
60 93 85 83 91 10 37 75 43 19 27 54 63 17 74 24 13 42 86 66 81 41 3 58 31 85 97 59 67 17 58 19 65 56 11 85 40 67 26 90 32 100 72 24 62 95 33 42 25 47 39 63 87 2 26 75 38 78 83 3 96 79 27 60 64 48 58 95 22 60 11 38 51 43 94 70 85 76 43 2 44 27 56 47 90 77 2 78 72 95
15 65 75 39 62 16 47 65 60 66 18 14 22 39 96 83 30 81 59 63 43 70 32 72 54 56 27 1 34 56 54 42 70 33 45 19 25 22 26 9 75 45 14 29 48 83 10 82 72 39 52 10 11 97 1 95 73 69 62 70 23 73 73 94 59 57 30 84 18 47 69 51 99 97 17 99 12 23 98 100 86 48 62 18 38 85 72 76 4 62
30 62 80 42 34 60 36 82 27 31 48 70 43 34 77 92 67 84 17 11 73 90 6 60 14 55 17 37 88 51 95 61 46 58 32 19 98 44 87 69 89 16 79 24 40 86 73 58 88 86 90 38 37 2 11 69 7 98 26 29 87 79 59 79 90 70 18 96 9 90 13 99 88 68 77 7 9 19 24 72 77 29 96 2 76 34 33 10 27 5
17 15 25 10 6 79 58 36 74 4 75 12 10 63 56 94 44 65 82 93 33 93 18 16 91 77 33 85 73 38 22 3 93 59 78 37 93 67 36 78 34 84 71 48 62 55 21 51 84 43 13 23 38 79 71 77 78 43 47 28 72 39 3 57 92 98 48 19 1 71 23 94 41 89 71 48 24 31 73 22 47 71 21 87 14 100 3 98 78 62
58 2 94 64 90 3 40 79 53 37 43 16 50 20 87 52 38 10 31 9 60 33 94 71 81 29 87 51 54 48 52 35 45 48 28 9 73 47 80 62 42 27 40 46 51 64 56 21 38 63 31 29 30 5 65 80 55 30 30 65 12 4 28 59 15 12 53 57 21 65 77 69 71 17 63 67 82 77 12 46 88 50 53 19 95 78 80 61 63 55
5 7 69 70 61 81 29 26 1 33 60 39 52 32 14 7 45 67 87 86 23 1 31 70 22 19 3 53 75 21 43 46 49 18 20 100 87 58 69 19 21 45 92 27 63 32 17 74 79 2 35 8 85 88 83 88 26 41 64 93 74 79 65 46 68 27 72 79 90 9 18 78 33 82 43 9 85 55 22 65 32 21 48 49 79 62 5 90 85 22
85 76 87 30 4 20 69 36 90 81 51 26 3 86 56 83 93 2 56 96 45 83 58 66 57 25 55 11 28 39 69 2 41 72 27 89 1 40 39 63 19 40 10 42 89 80 49 51 11 36 76 33 58 33 93 18 74 40 33 5 77 50 83 40 82 61 16 74 84 58 41 54 85 39 46 29 42 90 98 13 47 97 41 7 23 36 93 41 46 84
67 95 86 32 36 64 16 40 20 33 70 42 65 52 36 23 99 87 98 80 8 54 31 71 64 57 93 81 94 55 71 39 95 91 77 18 68 67 85 92 67 61 20 84 79 83 15 87 59 75 21 58 12 96 73 87 55 71 91 81 95 46 81 72 24 82 25 44 5 46 20 54 68 63 90 8 4 64 98 49 44 11 14 18 88 62 80 73 57 24
90 64 40 32 83 34 64 63 28 5 23 26 86 25 3 93 1 35 37 74 26 21 61 37 65 56 48 57 29 54 77 26 26 78 95 80 35 31 14 53 56 23 64 79 27 38 5 76 99 81 47 4 77 71 99 23 82 22 20 42 76 49 10 33 25 30 47 47 97 85 78 5 93 11 28 90 58 68 83 26 6 66 52 87 91 23 60 52 100 2
1 13 18 84 59 89 56 69 32 69 91 1 40 77 34 91 23 8 34 80 52 4 65 63 42 5 20 18 55 39 43 48 35 81 6 47 62 71 44 64 26 96 97 99 82 4 18 5 20 13 52 33 63 3 15 13 84 82 68 37 6 17 72 4 65 56 68 4 50 37 62 75 8 18 6 4 40 91 62 45 96 14 23 2 82 78 81 16 30 31
98 73 13 5 9 45 17 95 33 24 39 15 40 4 17 65 9 44 78 41 4 85 47 49 68 45 85 19 26 85 21 6 59 42 49 23 59 89 60 94 72 23 68 96 69 91 28 48 99 67 24 38 21 2 52 9 20 42 13 9 53 94 79 75 68 27 85 46 22 49 41 97 74 62 40 30 15 80 26 90 63 2 12 84 27 12 48 55 2 15
8 69 46 76 69 10 92 73 13 71 84 86 92 50 9 29 100 51 35 57 46 81 55 32 11 95 72 72 94 24 46 22 34 76 81 55 87 73 17 2 84 51 98 64 10 51 17 32 28 96 72 12 16 91 5 83 21 60 57 25 92 5 93 38 71 45 75 38 24 9 69 47 30 13 68 66 37 51 96 37 51 97 19 56 28 93 83 93 92 5
4 26 2 52 28 83 55 30 83 34 65 9 54 34 5 87 28 4 53 12 20 96 17 82 80 11 37 6 36 79 86 59 4 1 96 59 5 34 86 61 5 29 45 56 79 65 5 54 25 48 42 39 60 2 90 75 89 49 74 82 98 92 72 15 98 51 60 82 92 53 46 13 35 48 41 46 27 99 17 75 51 57 92 53 42 77 44 12 71 68
51 32 82 74 66 99 1 16 16 48 19 46 99 62 46 45 35 89 85 24 7 18 46 22 23 85 25 9 62 21 49 80 96 88 47 87 15 78 98 99 48 24 67 21 99 7 56 16 9 53 67 66 6 42 41 77 32 100 50 27 87 1 93 64 85 14 81 55 3 95 54 37 31 60 22 49 9 90 46 58 98 100 100 5 73 21 27 92 93 38
60 1 36 16 14 61 42 14 55 70 82 57 61 42 76 9 56 79 58 29 83 10 88 66 44 5 48 33 20 58 81 18 18 69 72 52 80 15 79 35 39 94 13 62 34 43 18 100 14 27 98 45 62 1 41 84 64 41 83 4 30 61 69 33 100 39 87 73 8 61 76 70 73 76 80 19 89 73 49 62 74 96 63 22 93 95 45 100 96 64
17 72 56 14 49 37 76 64 90 30 56 77 72 84 5 51 89 90 3 47 13 85 86 14 51 72 78 38 3 88 58 47 100 62 84 24 63 33 44 27 57 54 86 66 81 84 74 43 8 12 46 79 17 97 28 67 52 57 65 31 5 91 94 29 93 35 8 87 88 73 17 40 80 10 72 49 48 55 30 1 64 20 53 27 59 77 79 40 98 56
95 31 29 15 19 11 19 64 7 89 29 90 92 61 23 34 47 73 50 97 90 29 65 37 38 92 28 35 24 33 58 90 32 66 56 69 56 50 55 32 46 48 29 74 82 100 50 14 52 66 62 1 62 77 25 49 30 87 29 95 100 58 91 3 6 91 19 68 97 6 23 21 85 3 46 46 71 15 73 37 64 84 55 42 67 83 22 20 32 11
