60
4
98 30 29 88 67 18 99 85 15 90 54 97 1 20 56 39 93 79 60 28 1 79 44 68 5 53 12 50 73 88 85 46 83 21 98 61 15 26 42 2 7 86 67 81 87 48 21 9 82 58 9 76 65 51 88 63 97 2 60 36
24 12 49 58 79 2 41 45 85 1 83 76 11 7 38 34 64 44 34 63 62 93 65 22 35 98 35 43 38 87 73 21 80 33 94 95 92 15 70 89 13 100 35 79 17 85 48 45 10 64 56 80 43 46 91 76 93 36 39 69
39 25 65 20 93 74 95 79 9 26 58 18 78 92 17 25 64 44 54 37 12 87 68 14 35 59 100 70 2 83 40 62 2 80 12 8 68 84 40 8 1 51 7 37 23 65 84 41 52 21 18 39 24 35 53 49 56 92 37 74
13 41 85 83 54 73 100 14 99 30 86 35 16 59 18 48 39 34 17 94 87 60 98 21 38 21 46 28 35 81 72 19 82 28 53 94 68 20 89 28 73 36 29 2 48 67 42 4 88 55 93 18 40 70 51 28 6 80 26 20
11 46 82 9 40 28 88 19 60 96 58 91 57 14 73 26 46 69 100 99 27 92 29 82 21 79 61 86 100 79 51 19 79 89 74 39 24 17 87 71 92 6 82 95 72 72 9 66 8 30 30 3 83 6 64 91 34 4 29 9
37 49 19 26 67 80 85 87 5 10 26 83 58 66 7 92 75 65 47 35 71 46 12 5 58 69 74 41 12 10 80 54 43 57 19 86 5 20 85 23 65 88 77 5 27 44 68 19 51 32 91 10 30 59 78 85 78 97 85 70
74 40 31 96 91 66 67 99 12 12 91 23 53 81 97 89 57 81 58 57 39 15 25 11 47 21 52 47 81 74 13 87 54 72 97 70 23 59 69 38 84 73 58 88 54 86 41 97 4 90 55 30 28 34 76 90 42 88 43 8
37 98 54 75 59 53 53 59 68 43 63 3 71 85 28 19 27 37 71 74 5 59 34 85 64 6 10 36 41 41 67 33 90 43 8 51 27 47 30 28 82 47 26 90 94 64 99 71 96 88 13 73 50 68 19 22 42 65 54 40
76 36 78 12 61 83 36 12 18 54 53 16 69 96 18 15 10 43 69 7 65 86 65 47 73 21 2 23 32 38 46 11 19 80 92 8 15 32 23 91 90 8 73 91 43 93 54 61 11 86 16 79 26 76 36 69 39 33 10 75
52 63 33 84 82 48 72 97 19 51 85 67 73 68 74 57 94 65 27 10 46 95 60 40 3 64 94 30 44 1 47 89 97 51 43 87 11 37 65 46 27 21 9 89 98 3 71 100 62 2 83 38 19 29 89 31 8 40 60 28
76 62 7 91 75 79 85 80 72 98 23 52 29 80 12 52 98 59 46 79 60 22 23 63 10 65 71 20 10 75 53 11 21 73 24 29 31 93 44 85 19 52 67 93 74 65 72 58 18 91 81 29 80 59 80 55 44 21 63 93
17 8 9 69 60 76 4 54 27 75 14 12 22 65 3 52 28 28 82 97 24 50 29 5 60 80 88 46 11 40 92 17 75 68 84 31 99 89 80 50 80 1 43 63 69 21 36 94 40 76 61 48 90 69 16 36 65 47 25 69
11 40 53 78 60 36 11 43 61 23 83 53 78 65 3 94 45 39 89 16 22 14 51 33 38 54 22 57 27 24 83 49 16 47 74 99 33 33 35 28 6 20 44 64 54 57 31 33 72 74 66 71 79 86 74 15 76 28 37 93
15 80 56 49 40 75 54 55 54 87 73 48 78 68 6 20 72 39 36 56 87 9 27 98 57 12 39 6 56 71 62 53 36 13 80 19 73 70 39 100 33 13 74 15 37 75 88 8 45 80 89 85 44 81 98 91 18 84 16 47
35 52 85 29 43 85 85 58 81 39 92 44 39 6 51 85 83 77 95 64 100 19 51 7 80 35 35 64 55 14 38 12 5 35 51 33 4 72 68 100 14 12 50 11 50 12 99 91 37 41 21 54 98 82 95 53 11 85 46 100
13 5 16 6 30 38 96 78 63 20 69 52 42 55 40 13 54 70 93 52 35 83 1 76 63 82 48 47 5 21 89 47 6 45 78 51 70 43 44 14 73 27 31 94 63 46 78 90 75 27 28 75 50 26 31 78 64 76 95 33
11 98 14 64 41 45 33 100 80 64 38 49 71 18 92 82 22 53 92 81 9 4 90 86 25 87 53 22 32 28 58 11 84 87 72 98 13 79 44 94 79 17 75 5 65 63 92 68 55 80 70 65 42 62 34 57 4 75 48 2
4 4 39 63 8 13 6 78 42 75 97 88 59 36 1 86 87 10 5 82 50 91 11 93 50 74 98 99 54 18 91 65 13 40 44 80 22 54 12 61 68 1 10 23 12 26 29 43 61 66 65 22 39 24 82 82 71 33 23 35
3 54 96 53 23 53 62 66 51 3 81 48 81 50 16 96 28 78 98 80 54 34 53 55 83 16 93 13 65 15 73 49 74 76 27 97 74 78 71 30 93 35 40 80 46 3 29 30 17 60 79 53 73 27 65 35 100 44 80 92
1 4 27 36 98 15 24 28 11 14 37 38 83 6 99 45 48 2 62 33 72 30 86 31 45 95 69 98 72 76 76 83 11 84 25 2 43 76 1 39 52 60 48 8 32 87 63 94 49 44 82 82 19 79 96 87 91 22 81 97
15 68 13 3 69 30 3 39 73 48 32 86 72 22 99 16 66 49 57 83 77 23 59 75 76 91 20 55 53 2 91 77 17 16 32 93 91 41 21 85 87 98 18 41 80 79 87 85 3 63 75 10 45 30 72 50 96 50 72 98
2 41 60 10 3 54 57 26 69 72 33 1 58 66 94 94 64 23 26 27 50 21 8 62 49 48 92 90 36 52 59 58 32 68 13 85 51 49 14 38 86 100 13 98 33 21 91 53 76 49 58 29 95 28 63 77 64 51 67 1
33 10 85 77 77 48 47 75 65 65 36 41 100 68 84 39 44 14 54 71 2 39 82 5 31 30 79 10 50 73 90 27 84 3 66 72 8 61 64 95 73 49 16 9 27 28 57 53 70 73 43 57 17 35 60 11 24 38 26 83
99 94 36 61 71 59 54 5 49 18 70 76 63 94 95 15 9 19 47 48 23 56 71 46 38 84 29 41 23 61 44 54 55 39 46 44 71 49 8 47 24 19 12 71 5 50 11 78 76 62 34 71 16 79 63 86 91 77 44 100
18 83 51 7 51 2 38 86 91 20 69 48 54 29 56 49 82 65 51 59 63 100 10 84 45 68 87 17 8 81 32 75 48 29 91 89 97 64 68 85 59 96 86 74 60 31 47 79 21 87 50 7 21 72 58 45 91 78 13 31
97 44 59 95 13 27 33 37 16 64 50 97 97 20 14 41 30 24 2 46 7 5 72 86 53 20 98 100 26 83 49 7 23 65 22 67 71 23 28 30 56 41 76 46 7 68 24 19 87 92 74 30 7 88 42 68 10 4 22 47
3 54 54 99 4 30 28 33 42 86 89 89 33 89 46 12 96 36 66 35 7 28 19 31 38 16 63 24 33 93 50 70 14 47 90 90 44 16 59 22 61 36 94 76 56 75 69 90 55 46 88 40 34 53 69 35 51 63 15 32
15 33 16 40 45 59 90 29 22 31 5 45 97 85 20 81 83 52 17 42 59 83 1 55 25 94 77 57 34 33 81 42 56 55 92 10 31 1 44 56 34 100 55 85 67 44 5 96 86 92 29 33 40 6 14 3 62 43 53 93
88 28 31 40 46 9 51 36 45 61 9 54 4 65 4 16 20 36 42 86 40 13 73 75 48 36 46 74 63 54 14 39 73 82 12 16 77 47 45 35 82 29 41 28 31 7 43 79 13 42 24 13 66 61 18 72 18 54 34 97
68 19 76 15 48 33 32 82 2 86 90 93 89 94 11 46 31 10 30 94 95 24 82 14 56 87 45 40 9 13 85 13 53 86 79 87 68 55 90 26 94 10 100 92 1 56 2 62 91 58 29 13 55 3 37 4 74 1 86 38
78 11 38 77 85 31 6 30 88 97 16 98 65 93 31 28 59 12 54 73 20 70 45 22 31 54 100 97 69 50 42 68 27 30 78 21 13 3 81 33 78 32 94 81 36 67 54 9 4 81 79 33 93 91 71 6 45 79 21 25
50 59 87 75 14 24 14 4 11 74 50 47 45 4 96 23 16 68 13 72 12 47 92 20 74 84 32 69 28 29 74 96 92 90 68 77 78 48 45 47 3 88 66 89 10 37 92 18 39 64 65 20 24 55 62 59 32 33 28 81
49 96 54 43 74 68 39 68 96 23 7 54 71 8 91 97 46 30 10 81 99 49 72 68 90 36 52 6 8 51 11 52 90 63 61 91 69 20 4 63 68 8 29 68 93 66 1 7 53 34 7 68 50 30 20 84 95 45 46 55
67 10 57 74 91 85 4 77 87 61 19 67 44 13 61 33 2 88 87 27 17 31 23 35 7 88 76 74 54 57 75 9 51 17 95 6 38 46 10 72 88 43 44 5 99 34 4 47 95 60 2 7 48 53 11 72 30 45 43 35
59 96 61 6 15 30 98 77 10 68 39 33 64 97 44 18 80 26 89 77 99 55 99 39 47 90 26 67 61 15 93 48 90 80 28 58 90 66 61 21 54 29 43 35 57 19 48 95 51 96 41 85 100 84 98 92 55 90 18 68
66 1 93 22 54 80 85 3 28 100 52 8 71 16 5 21 87 3 47 83 54 27 79 11 63 81 58 26 50 58 62 14 41 22 91 91 37 99 87 27 37 68 35 58 17 97 26 71 99 4 35 7 12 69 54 79 70 76 87 8
43 34 59 43 97 16 9 32 32 47 20 76 67 65 8 4 69 19 100 5 73 88 94 10 49 71 25 33 44 53 6 70 28 39 51 52 22 53 24 55 54 68 44 72 81 73 87 70 74 16 15 40 25 59 17 31 18 23 8 83
90 2 84 85 89 46 10 16 41 82 14 2 97 57 91 60 71 40 74 4 73 9 26 70 42 69 9 5 51 26 5 91 36 19 11 100 60 6 20 95 11 22 19 1 66 89 64 58 27 39 57 68 30 61 35 87 53 4 50 61
85 34 22 91 21 65 71 66 77 53 8 14 57 90 35 93 13 77 65 12 78 44 7 44 37 87 6 63 33 34 80 54 16 6 1 20 42 73 61 75 15 90 51 60 83 15 84 10 30 17 87 72 7 49 26 51 41 79 64 20
46 79 36 47 48 94 30 56 49 2 95 34 49 84 70 76 74 8 73 83 32 40 34 88 36 97 87 25 52 52 2 40 71 17 91 81 1 64 51 48 89 71 92 9 2 68 74 16 66 74 53 22 52 26 73 48 80 59 66 74
30 39 54 79 15 58 34 65 38 38 16 39 36 72 27 91 84 76 39 3 29 59 73 46 47 21 73 56 53 60 53 98 47 63 1 58 49 53 20 72 37 53 42 72 51 89 66 51 2 82 80 37 80 17 74 31 46 2 55 89
50 36 59 42 22 41 92 50 8 51 1 4 67 91 16 77 3 42 15 43 2 49 19 63 9 60 75 14 50 18 34 32 1 47 10 95 31 30 14 57 5 13 37 46 23 81 42 58 91 89 64 91 57 2 79 33 18 80 23 83
43 4 89 13 82 40 13 45 5 99 76 84 51 72 52 6 22 16 96 73 18 38 6 19 39 58 61 82 99 91 75 66 82 57 95 25 23 58 2 63 85 20 64 53 21 48 6 17 78 95 76 64 43 48 22 41 93 99 62 35
25 77 77 74 30 66 45 35 35 44 8 83 19 76 88 6 23 84 80 26 50 96 64 39 99 45 77 27 95 94 26 25 44 17 95 33 59 35 30 34 39 5 54 92 6 47 66 98 60 29 88 79 37 34 71 38 3 69 3 90
56 63 50 57 51 26 35 45 91 46 28 92 91 10 3 32 53 85 23 65 29 18 31 87 10 14 71 52 63 73 21 31 83 82 88 39 33 74 33 17 91 68 23 70 56 14 17 13 33 85 43 60 35 80 64 41 88 19 54 31
51 16 43 53 82 76 30 93 40 83 100 39 34 43 40 89 58 23 79 51 65 91 63 96 1 51 97 51 77 27 66 67 2 75 17 85 95 36 34 66 78 35 78 56 14 87 47 51 52 26 59 15 5 25 89 77 90 26 38 40
82 67 60 79 71 62 55 25 50 94 75 46 73 35 93 16 52 100 76 44 32 54 90 2 48 64 37 12 8 30 85 97 30 46 3 3 87 78 85 57 44 45 28 56 75 74 10 28 47 44 61 62 74 68 58 30 31 44 11 7
47 9 58 64 60 2 49 26 5 51 11 93 98 56 80 48 56 55 89 15 62 49 14 56 23 89 29 70 41 1 91 20 27 99 57 12 95 7 69 26 12 40 58 80 31 91 4 24 43 26 79 92 59 5 64 55 58 24 78 44
58 27 1 97 47 62 6 53 66 54 40 24 49 28 98 41 32 42 99 33 55 2 88 60 47 92 38 42 48 99 72 8 91 25 23 70 30 80 33 82 49 71 51 69 2 24 26 81 16 88 89 17 46 11 16 89 15 12 95 95
55 9 11 91 66 79 89 88 65 77 84 76 32 8 36 58 38 59 21 19 18 70 89 60 86 29 98 72 85 26 92 42 4 40 19 80 91 87 92 75 73 26 16 19 95 21 66 51 100 38 75 20 62 79 52 95 65 28 66 68
90 56 1 3 54 29 88 37 53 81 7 82 88 9 100 85 82 10 55 47 54 55 89 73 24 66 14 24 71 12 40 87 1 51 53 74 32 77 20 40 23 100 77 9 31 56 80 77 53 73 33 60 98 3 47 85 51 53 9 10
15 14 3 92 30 33 91 7 52 68 25 86 77 44 53 6 32 59 95 61 20 69 88 46 12 98 24 16 65 88 14 9 96 100 74 44 83 14 22 42 33 1 9 19 23 36 74 78 69 7 24 69 87 41 38 99 34 94 69 94
78 18 2 13 50 79 94 17 71 88 90 43 24 87 96 68 6 11 99 58 63 65 26 96 70 94 51 82 14 93 57 10 12 21 53 32 39 96 77 12 100 51 52 75 99 3 37 22 40 70 93 27 55 70 21 72 91 62 3 18
65 64 99 2 14 78 29 18 98 52 80 92 70 21 20 55 24 51 75 28 56 91 26 72 1 4 24 84 31 24 53 81 33 32 55 2 8 41 61 6 77 19 74 66 85 37 55 23 74 80 85 76 17 38 88 39 53 90 85 20
60 36 51 70 7 95 98 9 30 63 45 57 65 77 55 46 36 41 1 98 70 99 23 8 73 23 76 94 6 68 73 29 41 53 57 29 100 26 4 49 11 99 47 45 6 16 33 4 66 46 33 38 30 61 45 94 19 40 48 96
96 75 8 80 24 43 26 94 26 16 9 62 61 90 20 32 29 52 8 61 40 11 75 15 58 81 45 11 95 22 61 71 53 46 14 29 61 60 5 68 34 12 79 7 96 47 39 38 59 14 83 81 11 93 77 53 19 49 74 27
7 97 70 90 29 77 70 21 85 33 37 58 68 50 56 15 55 95 93 37 13 17 87 4 70 34 35 55 69 75 91 5 77 68 67 15 8 52 24 43 88 57 3 52 62 42 96 15 86 89 1 91 87 49 97 75 40 79 47 63
71 36 63 79 57 6 33 97 85 97 8 47 10 57 95 63 80 3 19 12 54 32 56 45 93 49 1 38 56 84 10 20 16 37 73 81 13 27 89 47 37 73 29 31 37 3 13 83 97 12 88 78 65 8 48 48 36 99 42 77
79 99 82 3 31 66 72 18 69 69 19 32 33 47 61 22 60 30 86 33 93 39 46 50 93 21 48 73 100 91 48 26 84 68 52 37 23 30 77 17 58 27 39 39 41 89 52 55 62 35 72 81 27 83 51 50 81 25 77 12
75 57 10 17 25 50 10 88 97 32 81 33 1 60 35 74 32 35 7 93 37 60 17 58 31 87 46 95 86 26 16 95 39 89 8 13 69 90 3 76 53 37 83 84 95 46 90 6 66 28 11 99 7 66 34 37 65 33 60 12
83 54 28 79 83 71 52 33 44 36 16 77 90 33 82 87 40 7 80 44 78 99 75 39 77 38 98 5 59 6 97 22 26 36 90 65 92 12 60 18 82 15 74 48 91 31 50 30 70 8 4 19 21 91 1 44 29 46 78 53
21 28 92 55 91 17 54 5 2 81 65 61 84 77 60 22 18 36 4 84 8 80 69 56 9 32 37 17 84 98 28 76 7 100 48 48 80 27 21 100 7 24 89 24 82 65 37 96 59 69 50 22 21 79 59 92 8 70 22 25
40 3 88 85 66 15 71 38 74 19 64 34 82 40 73 14 65 53 5 15 80 81 99 77 87 11 75 98 50 60 5 80 96 86 3 68 86 81 16 85 33 95 30 64 70 50 56 15 1 49 29 77 53 1 78 29 6 95 82 74
79 6 1 26 96 84 38 26 97 4 65 41 74 90 36 67 32 17 81 99 70 83 9 80 45 5 92 87 62 85 98 48 92 12 2 20 65 60 86 39 2 34 72 85 43 61 15 90 56 88 30 23 14 42 10 41 47 25 83 40
90 80 22 64 56 2 67 22 24 37 24 51 25 42 38 58 99 52 22 52 27 54 93 95 14 21 78 44 52 23 74 31 97 12 98 10 74 46 53 82 98 36 99 55 55 21 56 82 28 52 81 1 40 30 16 14 71 58 37 78
24 81 89 57 72 23 77 77 92 4 30 54 62 11 64 78 24 59 36 20 30 26 23 82 62 28 70 69 57 54 54 3 92 58 15 94 28 83 43 73 57 89 92 28 21 18 40 66 85 83 23 54 17 95 90 15 20 10 94 38
27 1 93 18 34 56 69 22 15 10 45 33 83 82 95 97 27 93 34 43 62 17 65 73 1 30 1 66 87 98 63 21 71 31 52 88 69 46 64 97 29 69 94 53 94 11 93 51 29 22 57 83 39 2 93 66 46 49 75 80
16 29 5 34 66 92 49 36 66 12 34 69 71 8 5 58 56 1 91 31 37 21 45 76 26 81 95 35 83 48 2 51 21 84 63 15 11 85 96 73 68 68 59 64 48 75 70 39 38 40 47 10 92 13 29 74 45 24 48 36
75 99 64 59 74 56 21 94 70 60 57 59 76 13 21 5 3 99 10 10 82 82 91 9 83 34 89 12 97 46 11 21 24 76 45 45 5 84 3 42 82 97 49 70 69 36 65 95 1 77 15 39 53 1 32 19 68 51 51 51
44 5 82 6 38 18 16 44 95 39 54 73 63 77 1 95 8 60 33 18 99 98 37 54 56 44 98 42 19 65 22 24 62 85 30 98 89 74 100 46 45 42 53 57 76 32 83 6 65 28 68 63 43 44 29 67 87 91 31 25
35 94 65 26 21 32 65 61 93 89 59 24 37 17 85 27 29 56 81 49 48 42 44 13 44 66 87 53 70 19 7 23 73 64 11 33 52 49 86 67 6 94 58 52 15 68 89 77 42 52 100 91 18 98 94 77 70 49 88 35
94 96 52 99 98 18 64 83 63 84 30 29 51 2 47 89 91 80 89 36 39 78 9 92 33 39 94 28 7 88 41 95 95 23 7 81 55 27 91 11 17 75 19 23 65 42 78 58 18 71 82 94 10 61 8 99 24 70 62 60
100 12 16 37 84 75 49 3 38 6 66 51 49 3 27 51 15 76 60 81 99 10 21 32 8 94 96 9 2 79 26 11 31 30 15 12 75 90 53 72 20 18 88 33 65 50 30 18 49 48 4 68 17 37 40 76 8 56 85 18
31 56 59 12 78 6 17 53 3 36 30 75 99 35 46 78 25 37 70 60 90 84 64 90 14 1 63 88 80 52 39 37 29 48 60 61 97 77 36 37 1 57 6 96 39 13 96 64 85 18 27 83 27 59 19 12 75 34 1 26
80 10 82 6 14 47 55 60 8 87 74 42 45 58 85 8 93 52 67 71 88 40 48 8 24 63 86 36 95 58 53 76 90 4 1 33 49 99 76 37 97 59 52 9 52 91 37 18 34 44 96 58 95 96 43 44 86 16 73 78
6 16 1 56 73 3 17 91 89 2 10 47 51 91 42 6 9 51 76 50 18 53 6 85 28 95 58 8 84 32 48 93 70 3 22 34 99 58 94 50 67 11 71 36 44 92 79 63 20 12 14 70 14 3 64 61 94 80 98 39
66 74 17 30 91 2 48 43 98 5 4 31 17 99 80 55 71 70 35 24 29 89 4 15 20 57 20 36 29 7 80 81 59 78 45 60 51 60 43 72 61 68 57 47 95 43 64 85 29 59 27 21 31 9 50 36 43 55 32 68
90 40 58 100 83 4 10 74 77 72 44 92 28 59 49 56 26 52 81 100 76 75 33 1 48 19 95 39 94 10 64 91 72 79 60 6 71 100 30 81 4 19 47 75 63 64 85 82 48 92 28 94 50 36 82 95 26 31 56 43
68 7 76 56 23 90 3 75 62 93 38 68 13 78 31 94 16 70 14 23 50 89 79 10 64 40 4 14 47 48 37 48 69 25 40 100 54 97 35 58 83 70 33 6 52 79 1 20 55 82 91 91 7 29 21 28 96 30 100 69
74 97 40 52 12 69 2 82 28 75 74 81 74 59 72 71 1 97 86 9 68 40 32 86 62 63 75 65 6 12 58 74 46 63 37 23 42 56 96 58 72 21 66 11 18 85 90 76 20 50 67 5 75 11 58 100 68 44 35 61
3 12 4 90 33 76 68 86 43 96 16 94 1 26 65 61 92 53 97 32 44 42 55 57 20 78 73 66 31 38 40 91 4 67 5 83 79 97 33 40 64 73 34 18 13 41 71 19 64 72 21 8 19 58 61 42 49 58 97 36
84 87 1 26 35 94 51 41 18 73 94 55 23 30 71 95 91 20 7 10 21 82 9 69 98 26 24 33 22 7 15 44 51 71 35 76 25 74 28 6 72 45 42 90 27 96 34 80 80 6 97 63 59 43 14 16 66 62 67 17
70 52 3 4 54 7 96 92 14 2 20 43 73 74 52 68 74 34 3 95 95 72 27 58 18 15 24 12 27 74 92 52 71 97 20 29 34 24 93 57 58 85 36 77 62 69 7 10 7 98 77 71 48 92 87 12 96 39 75 48
47 44 73 47 22 36 90 1 77 24 62 96 92 1 9 87 76 82 35 73 66 6 93 52 3 42 2 77 2 95 15 21 41 84 20 57 84 49 30 28 17 94 100 24 63 45 39 78 26 49 59 65 19 94 30 76 49 11 47 29
19 27 70 54 48 99 15 35 90 98 8 82 75 34 90 15 6 95 63 84 45 42 8 95 82 26 25 50 67 96 9 52 31 2 19 61 95 4 90 44 75 18 45 33 31 36 52 58 80 80 58 45 77 36 48 13 40 82 38 52
70 41 4 73 91 14 46 25 24 27 55 20 12 93 15 65 85 31 40 39 33 98 47 53 61 28 46 100 46 34 7 68 25 99 82 47 91 54 36 78 26 21 6 61 69 87 97 8 4 36 33 21 78 71 32 33 7 29 74 24
61 59 89 11 72 78 45 65 85 81 31 19 87 38 60 45 16 54 78 25 5 52 55 37 1 11 96 4 36 63 74 77 18 90 50 54 78 60 29 48 83 35 72 23 68 82 10 12 78 17 53 70 85 66 82 69 48 60 83 57
48 38 98 2 58 53 89 19 72 20 86 30 99 2 16 70 15 58 90 21 77 85 81 58 49 94 100 28 26 47 4 44 88 10 33 46 59 82 64 49 8 30 33 35 70 70 88 17 4 76 13 57 9 78 31 37 47 46 98 60
68 77 24 57 45 55 7 5 48 43 72 76 35 80 88 48 87 70 97 25 27 30 99 42 40 95 50 19 14 13 91 91 15 29 56 90 64 49 51 72 42 82 71 82 24 3 65 16 13 63 8 75 32 97 5 63 72 29 84 11
50 54 49 32 3 99 56 55 25 10 94 82 78 90 53 93 99 1 58 48 30 100 30 13 71 79 98 70 54 31 53 17 73 1 28 66 90 97 45 42 32 87 24 69 66 75 30 53 27 57 5 19 86 11 94 100 16 22 87 95
31 63 21 42 58 11 10 44 74 11 93 43 98 31 82 68 2 34 21 10 50 21 45 26 44 24 31 47 79 12 91 82 56 10 74 31 100 24 48 59 91 83 45 14 96 53 57 96 96 87 46 4 27 95 26 24 48 4 56 1
21 24 54 98 21 10 60 94 70 68 54 71 18 67 74 46 91 93 61 55 58 50 59 37 7 70 2 19 54 91 13 23 89 88 9 8 47 42 28 73 41 60 64 73 14 80 71 57 62 81 61 33 76 41 65 99 14 19 29 99
83 53 5 47 76 86 79 98 17 89 61 18 24 28 80 2 8 66 84 7 29 14 60 66 87 89 19 52 50 37 91 84 93 91 3 93 87 66 79 93 86 38 77 4 37 12 8 77 100 67 80 47 95 56 34 93 96 44 31 86
83 59 40 25 2 15 41 65 45 57 86 65 51 23 15 42 94 12 43 22 94 58 24 26 88 94 52 53 88 79 87 1 49 87 16 74 38 25 39 59 78 57 32 95 11 10 95 15 38 80 46 72 1 73 25 76 42 27 77 37
46 25 17 51 7 67 71 79 33 70 33 37 4 61 31 89 100 28 40 89 30 27 83 86 8 17 53 35 22 46 3 96 47 16 100 84 7 45 72 71 55 82 40 55 31 3 74 17 88 40 61 21 16 26 22 70 4 4 66 17
90 21 100 86 22 84 57 44 57 49 96 93 47 28 36 50 46 28 54 46 20 22 43 53 43 5 47 100 92 22 41 92 48 86 6 36 71 89 72 65 87 7 89 73 12 30 47 58 82 39 75 96 28 28 77 20 64 35 97 39
28 40 56 45 69 57 77 81 31 57 87 58 17 49 90 17 12 63 6 2 67 57 23 81 48 93 24 65 89 16 68 10 99 39 86 48 80 11 83 22 50 1 30 58 99 54 71 28 96 40 87 68 9 100 80 34 75 22 65 41
84 34 78 55 10 16 99 56 17 38 91 10 31 23 12 99 51 86 54 1 64 23 22 43 69 71 76 14 46 61 71 97 86 77 53 79 81 92 29 40 46 12 45 63 46 87 23 68 53 85 16 43 17 37 9 14 9 85 27 99
70 35 63 18 84 2 39 32 93 16 79 6 78 15 92 80 21 49 1 68 53 79 95 55 42 80 54 29 34 78 90 35 99 29 2 6 17 62 15 36 49 48 24 28 67 26 7 48 48 43 35 2 88 74 12 44 23 46 74 61
95 34 97 54 35 64 44 66 11 81 86 79 89 56 64 56 52 27 8 88 14 90 60 60 53 53 100 93 96 60 49 3 35 74 68 79 92 27 75 75 58 3 93 56 99 67 25 59 65 52 60 11 77 72 67 17 65 45 60 33
28 78 22 38 48 3 87 47 18 36 41 63 21 62 31 82 75 60 47 26 83 5 28 33 31 46 13 86 52 94 46 3 5 26 77 10 30 4 88 98 49 90 34 71 10 15 33 62 51 15 43 62 42 68 63 46 74 95 48 93
62 58 72 98 63 69 16 45 83 40 19 20 75 96 94 1 75 86 53 47 29 3 26 80 72 67 33 12 39 38 93 91 56 89 1 70 18 93 29 29 10 10 98 81 92 18 71 14 78 6 92 80 53 40 22 70 5 87 6 45
79 96 89 45 10 36 48 47 59 86 6 47 53 2 82 18 37 23 66 92 7 34 38 21 99 61 31 92 65 27 44 11 52 41 68 40 12 12 41 43 75 48 61 74 22 82 93 39 52 5 21 68 29 82 66 88 81 34 29 8
22 21 61 16 75 68 15 49 78 77 37 25 94 96 70 66 19 10 20 67 96 16 57 90 31 48 87 73 4 90 63 33 55 78 14 25 63 99 61 95 24 19 54 93 46 49 34 45 27 33 93 93 59 5 55 27 96 90 54 79
82 50 36 80 45 1 58 77 15 4 11 33 23 10 46 94 86 4 84 10 67 35 13 22 9 92 65 1 27 59 76 91 78 26 73 32 77 72 96 7 32 41 74 62 38 40 57 25 69 40 41 13 20 20 56 91 61 61 76 53
38 21 26 28 76 99 49 13 6 27 91 93 80 33 74 39 2 36 44 90 47 61 44 21 23 100 67 32 27 22 5 25 79 87 28 62 73 57 24 30 95 45 9 85 25 13 58 99 31 26 83 27 29 37 65 39 82 92 30 98
73 21 66 1 5 28 94 62 29 36 97 94 95 75 17 73 37 6 82 8 52 90 97 80 68 43 73 14 70 71 6 77 77 89 75 16 85 5 51 34 9 20 82 54 95 89 27 49 58 40 52 2 38 1 82 5 28 58 3 24
92 35 47 19 4 97 10 16 46 31 92 60 68 54 9 37 22 64 71 9 47 33 35 17 7 38 79 99 46 34 88 18 49 86 94 5 19 19 37 84 88 68 28 49 89 33 35 25 72 24 34 27 86 44 49 52 21 74 13 32
2 20 65 27 7 22 81 63 91 1 30 90 30 44 23 54 50 6 41 100 81 39 24 74 32 73 84 70 20 56 11 57 91 55 9 85 100 71 72 26 57 84 100 77 75 88 28 58 48 42 67 48 51 94 92 23 100 5 67 34
95 13 94 94 29 3 54 96 13 65 28 40 80 58 10 58 34 18 92 19 21 54 5 4 6 97 58 79 21 22 67 71 78 49 89 86 88 4 56 16 53 70 58 14 77 97 72 98 86 38 52 8 54 32 51 69 64 57 40 82
39 25 39 98 14 37 63 95 99 45 78 81 39 48 38 74 83 21 17 38 90 98 85 51 53 99 52 65 95 45 36 40 81 81 53 30 62 58 60 58 83 21 67 30 42 87 58 77 72 23 51 69 16 36 45 8 62 9 20 63
54 97 90 70 57 6 33 23 8 77 88 2 24 95 30 6 99 88 43 40 55 81 16 62 55 100 24 19 53 20 81 71 16 68 73 4 64 75 6 76 52 84 6 8 79 32 88 30 28 14 17 85 49 88 57 27 15 51 49 65
13 69 66 47 97 89 87 8 43 99 52 86 43 82 40 49 94 87 37 7 24 11 51 25 48 93 93 59 40 86 49 81 21 20 75 84 72 64 64 70 79 81 83 5 59 23 55 10 63 67 33 4 97 43 28 71 77 13 95 91
19 45 39 82 94 69 62 34 18 58 54 43 83 93 54 29 51 6 91 90 16 11 85 42 18 50 73 20 74 69 36 1 79 33 2 65 27 33 54 72 96 34 53 62 16 75 12 4 38 14 48 27 5 9 84 65 17 27 4 42
15 87 34 48 15 35 12 96 19 47 95 17 34 18 34 81 59 22 56 68 64 32 93 46 79 50 93 99 6 1 83 81 51 14 72 18 12 37 74 45 72 64 43 21 82 61 83 83 50 92 83 17 28 91 78 11 40 26 99 66
98 88 4 85 98 15 72 91 36 35 70 96 79 93 69 58 38 55 87 37 82 62 89 65 29 69 17 82 55 78 63 55 100 76 31 5 64 60 46 54 92 30 78 65 24 41 82 60 4 34 11 64 31 10 56 32 47 74 94 22
75 18 39 1 90 76 21 38 84 99 69 92 88 88 65 92 100 84 72 32 78 23 60 39 34 63 82 100 58 2 23 61 60 42 69 86 37 86 5 54 65 47 58 99 98 65 7 44 81 37 67 75 6 28 58 53 34 39 56 75
65 4 56 2 23 50 66 95 62 65 23 21 60 42 27 85 53 17 44 56 1 88 3 18 91 56 8 99 48 38 13 90 76 1 90 42 30 85 45 28 22 98 28 68 20 5 62 56 92 50 67 18 77 73 86 7 78 52 80 37
30 73 69 6 14 64 34 29 73 61 95 87 8 45 45 74 32 50 81 1 13 51 74 6 76 64 19 75 41 84 80 18 4 48 13 88 93 98 39 99 97 28 70 15 62 23 99 31 77 18 76 11 66 35 52 37 32 32 52 62
17 49 2 31 20 73 60 59 46 95 12 30 58 98 42 23 5 44 34 66 72 76 54 17 50 40 12 42 67 46 90 41 37 61 44 40 77 5 58 37 82 43 11 45 98 85 36 28 91 84 71 62 65 75 27 24 77 54 44 28
90 74 35 14 42 62 26 89 21 47 1 65 77 77 35 83 76 79 45 30 72 7 69 32 90 69 44 61 74 59 96 19 52 22 96 70 5 96 94 100 96 66 1 39 95 33 23 75 74 5 95 32 10 13 44 12 22 61 38 17
45 42 83 62 84 71 19 99 13 71 31 53 20 27 79 52 14 35 70 18 71 12 12 50 88 39 36 89 58 44 7 11 13 69 84 36 17 3 88 70 53 76 49 51 21 100 22 20 83 6 11 84 34 85 44 15 14 43 56 30
62 97 43 8 60 10 82 39 51 12 41 61 96 82 87 28 5 93 51 88 48 68 72 77 16 83 31 85 37 49 57 8 31 30 28 61 79 99 49 63 38 28 2 94 19 72 53 52 44 84 42 14 30 87 80 85 52 19 90 99
79 96 34 33 84 55 68 23 51 89 36 65 30 61 85 53 59 36 50 65 62 70 54 1 24 49 95 56 46 11 31 41 67 52 70 86 23 3 57 75 22 89 73 90 3 87 51 3 36 86 94 64 61 88 38 8 8 49 23 16
37 8 75 5 37 5 86 5 54 72 91 94 60 72 62 70 56 89 71 3 30 57 36 52 23 92 13 95 17 62 87 14 6 31 86 19 4 42 50 55 32 54 96 79 48 96 83 5 45 47 82 78 32 15 58 1 39 42 60 56
50 77 55 69 96 36 17 68 3 52 29 83 30 10 9 16 82 69 44 40 97 56 52 1 16 40 5 33 25 46 100 86 24 28 76 60 10 42 52 69 15 51 40 71 65 19 54 24 94 42 25 25 41 14 59 19 22 44 60 14
2 29 61 57 1 69 25 26 98 93 59 38 51 11 46 90 54 29 36 29 60 88 26 92 89 86 57 58 20 5 63 94 41 51 81 76 15 71 35 64 98 5 40 31 20 95 15 44 65 21 56 47 92 73 34 63 28 8 63 36
48 1 38 31 42 34 71 61 9 9 9 16 67 71 2 60 45 9 55 93 40 38 84 58 20 82 70 89 76 55 24 58 71 12 48 37 76 39 10 30 74 24 89 91 46 69 3 14 97 94 74 64 49 91 38 44 49 90 38 73
79 32 78 40 68 66 76 61 49 55 76 83 30 74 50 76 25 7 80 31 21 48 20 41 83 23 84 41 62 45 58 96 14 4 46 31 28 65 68 37 8 9 64 52 75 57 44 74 76 23 86 75 85 59 6 51 6 61 55 91
80 46 56 92 84 26 89 52 1 92 28 71 52 94 33 28 40 56 70 92 31 15 69 22 16 87 30 57 41 95 70 7 10 14 92 59 4 3 96 11 8 99 39 55 24 93 65 79 33 63 74 54 19 3 13 31 26 17 65 10
49 91 46 39 4 60 18 49 68 17 26 23 14 95 48 51 37 35 41 31 14 1 52 7 49 4 2 71 59 8 16 20 61 11 70 46 82 33 31 16 83 80 94 48 84 95 65 73 80 22 7 85 7 8 32 51 59 88 30 41
70 8 34 90 50 84 26 39 27 23 89 17 42 86 76 49 85 33 81 67 1 20 47 100 41 93 42 97 38 50 46 8 80 91 14 6 63 86 38 77 93 94 100 49 93 74 89 79 5 45 70 89 81 16 63 62 44 43 64 18
7 27 45 74 2 14 13 87 71 100 86 57 37 80 73 71 93 53 24 45 10 24 55 95 29 60 40 28 46 99 67 52 29 12 66 54 88 63 73 95 92 42 5 36 13 74 47 34 72 59 75 82 38 63 87 42 23 53 36 61
71 35 64 69 70 23 82 8 23 17 93 83 4 53 50 72 29 44 8 45 75 71 92 45 3 14 31 2 35 28 88 24 12 47 11 48 30 68 40 57 9 69 87 73 34 65 81 26 66 62 13 44 14 75 6 33 4 36 40 87
75 6 78 72 52 95 48 5 38 24 75 84 62 27 86 20 92 17 79 60 80 23 38 34 90 18 14 68 14 90 96 13 27 12 15 22 34 68 6 52 59 85 88 82 46 17 82 45 29 100 43 29 67 77 45 91 50 57 61 40
55 91 3 30 32 88 91 76 72 77 61 98 96 9 55 55 90 41 63 82 50 31 33 76 89 31 63 48 91 53 100 21 8 79 8 33 46 39 37 27 56 13 82 16 26 6 70 70 70 51 1 53 82 15 5 40 37 17 25 8
72 62 9 8 12 90 1 76 77 84 22 24 41 98 84 92 35 21 22 11 81 77 99 68 67 16 91 13 88 59 71 19 82 69 42 26 33 96 66 83 61 79 29 28 5 72 62 10 11 59 20 96 48 11 65 34 2 5 37 2
84 61 64 84 35 42 92 50 51 98 19 43 80 60 11 59 38 98 72 64 44 41 39 80 28 57 65 60 80 33 28 98 100 38 59 28 97 63 41 20 41 61 19 10 53 28 25 95 24 15 61 58 18 13 7 73 61 59 31 15
57 74 95 40 100 5 15 89 65 20 45 22 95 44 28 23 64 72 100 12 72 40 43 93 77 96 26 8 58 51 24 67 12 34 70 37 67 41 5 37 29 79 41 42 55 10 28 30 21 93 15 64 73 44 29 20 13 62 71 12
99 18 39 96 62 36 74 24 58 55 93 13 8 39 69 99 97 60 76 81 18 93 85 16 92 7 46 87 38 25 35 15 90 69 18 33 68 34 17 31 23 54 12 20 44 9 88 2 79 23 66 10 19 13 63 46 15 50 23 23
57 55 20 83 53 66 93 46 10 93 100 72 17 9 34 82 30 100 19 88 16 32 87 71 62 57 98 80 2 57 58 37 58 13 65 13 86 63 24 99 53 16 75 45 87 73 11 4 85 88 1 62 18 6 43 63 36 23 83 4
26 14 79 9 2 19 20 47 62 90 77 88 74 15 38 1 91 67 72 78 57 36 45 66 37 60 68 86 100 72 17 36 18 40 16 46 64 22 22 17 81 87 58 19 66 34 81 98 26 72 24 41 87 64 57 50 27 82 39 26
84 50 100 13 14 3 98 39 79 56 27 28 18 62 99 73 73 45 91 34 43 15 48 36 53 100 65 62 76 27 64 43 10 85 61 56 34 59 82 60 3 48 21 88 100 55 74 96 95 78 48 75 37 7 36 83 34 63 67 52
49 8 67 59 37 83 30 81 94 11 99 28 15 38 20 2 60 77 35 76 25 80 28 86 37 94 90 58 37 86 4 89 29 4 95 72 86 89 53 42 44 23 83 15 29 2 5 27 65 64 40 32 5 34 76 17 2 63 96 9
22 66 72 36 100 55 78 4 7 64 51 83 33 4 71 74 15 69 48 26 42 80 55 66 47 76 26 82 13 50 37 36 41 100 94 65 95 4 78 79 61 26 12 19 96 35 79 78 70 12 68 69 9 23 95 80 87 24 22 14
12 75 69 51 60 21 62 62 75 23 31 41 35 89 16 3 4 94 91 77 34 82 2 69 64 68 88 84 46 58 36 4 76 69 35 80 49 62 93 10 90 50 7 49 19 95 47 75 90 47 54 5 55 80 23 20 46 33 80 61
40 57 77 58 98 18 17 15 63 13 96 19 100 15 58 93 25 77 98 9 8 94 15 44 86 100 16 76 100 46 88 20 80 66 43 31 57 33 12 76 85 56 41 38 98 76 89 25 37 32 22 53 70 99 35 94 8 99 17 81
79 10 13 96 13 90 76 77 17 18 61 5 51 71 78 93 55 61 17 13 16 56 31 67 73 23 60 21 16 23 97 6 23 92 38 31 72 53 66 10 13 60 93 95 7 80 1 37 87 11 77 44 73 65 67 99 40 76 80 72
83 27 13 64 55 57 17 24 4 21 50 63 93 15 70 16 15 21 63 28 22 9 66 34 46 83 22 6 53 62 79 58 97 34 6 7 50 61 65 64 72 4 83 49 80 46 30 53 6 47 26 66 85 86 29 68 81 11 86 18
9 6 20 28 73 9 43 32 3 9 10 97 37 24 75 6 65 78 38 78 63 39 71 92 14 76 71 80 53 59 7 54 40 20 46 51 64 12 97 71 84 94 70 98 89 19 100 73 7 58 11 52 55 83 81 41 26 78 1 33
74 75 10 63 13 99 98 48 86 52 79 80 6 21 78 37 17 33 15 89 75 58 62 51 15 74 75 57 32 21 98 89 1 48 8 100 77 89 29 71 99 65 69 50 23 82 77 87 80 50 64 63 47 19 24 60 23 25 97 1
88 62 30 12 59 48 4 22 22 96 90 20 53 94 73 43 59 47 18 81 70 94 61 76 100 52 47 56 24 56 100 64 58 48 74 50 64 57 25 44 68 3 21 43 48 85 55 22 92 83 83 57 24 84 27 33 90 28 45 37
43 95 2 76 89 55 100 94 9 37 56 25 96 27 63 59 36 44 7 13 13 9 71 40 19 45 65 56 12 10 36 28 79 55 85 92 85 19 24 40 23 31 92 33 53 92 55 23 57 7 68 58 38 6 83 46 32 17 73 29
13 77 77 80 21 12 7 12 76 56 31 71 29 37 64 58 6 55 44 35 78 10 51 54 70 49 70 45 93 77 91 16 46 38 11 16 47 11 5 50 45 28 65 46 33 79 85 35 4 40 14 56 13 84 6 91 16 26 73 54
85 9 39 31 99 20 14 28 3 38 43 50 64 45 97 39 78 27 43 54 22 21 11 35 60 93 71 68 60 12 6 86 32 95 11 82 20 74 24 40 29 56 68 10 13 89 37 79 68 97 6 95 23 28 29 55 53 59 93 63
1 30 14 22 81 4 66 97 39 60 15 64 34 69 19 77 47 29 28 23 23 14 15 44 4 85 18 27 59 61 69 70 94 59 84 85 52 99 84 70 91 76 73 54 14 50 40 66 86 58 72 3 19 19 50 33 84 82 73 100
100 11 55 29 13 62 33 64 87 12 21 79 16 35 15 81 81 67 33 62 49 76 41 19 26 20 49 71 36 3 17 20 79 48 29 41 3 67 28 38 61 44 30 76 92 66 80 54 73 72 86 18 55 76 93 65 22 34 28 71
89 88 92 41 32 56 39 30 25 17 86 22 92 74 100 38 99 82 97 61 92 51 3 13 71 65 82 13 50 8 10 26 67 5 56 19 61 63 70 4 100 7 25 14 38 65 11 91 18 3 80 93 44 69 11 88 32 78 63 46
15 58 96 86 65 88 5 40 61 49 55 33 27 24 38 61 32 38 35 11 35 38 53 62 23 36 43 11 11 80 4 8 6 35 67 77 84 18 64 89 100 95 9 64 79 53 61 76 30 38 51 76 53 62 11 48 20 64 44 68
100 80 89 17 67 43 78 64 85 4 59 40 38 52 41 11 46 13 34 21 5 33 9 20 38 13 1 42 18 86 94 44 34 31 18 29 71 80 77 89 43 39 51 17 55 9 22 11 31 66 70 94 42 4 60 97 18 16 39 48
73 21 36 29 6 80 96 80 1 89 58 12 100 21 18 18 53 73 96 89 60 68 43 54 28 99 12 20 27 62 9 37 2 39 94 40 9 98 96 23 75 58 83 48 33 54 57 89 42 73 84 6 2 82 69 27 56 95 63 70
38 53 56 76 88 30 78 4 57 6 74 88 60 6 7 10 4 65 41 25 21 87 39 25 14 53 31 89 1 70 98 5 34 97 57 1 3 12 7 38 86 63 38 71 40 3 100 54 51 5 57 12 87 86 30 70 13 94 66 24
23 28 57 74 27 49 41 80 99 56 73 5 16 15 35 97 89 89 29 28 14 75 96 23 99 20 5 8 3 13 61 66 94 19 66 36 39 64 78 9 14 32 21 78 6 19 15 36 94 27 53 76 99 15 88 56 98 91 59 7
40 31 94 34 30 78 86 16 78 72 64 23 71 84 43 94 53 26 74 36 93 42 68 45 72 8 99 34 86 10 89 16 44 81 95 75 14 56 12 30 7 76 9 68 91 16 75 79 71 85 75 89 93 34 20 58 15 74 41 36
26 84 92 40 52 69 92 9 47 21 77 48 55 71 83 73 73 83 76 69 64 98 38 40 48 21 94 92 96 73 40 46 96 51 14 87 82 74 41 11 49 49 37 15 53 95 55 29 36 95 46 78 35 72 79 97 44 61 85 25
100 67 51 18 44 4 94 60 15 93 87 11 30 90 16 95 63 36 18 73 81 64 24 11 97 14 6 38 83 2 3 91 79 68 85 5 19 4 86 76 45 3 88 25 51 64 60 27 3 13 92 73 43 24 15 2 36 32 39 79
46 99 13 59 18 15 85 72 30 6 86 10 2 65 13 45 81 87 64 36 56 23 21 35 25 51 6 44 93 8 12 97 30 36 95 35 56 7 34 47 65 4 25 2 53 39 15 46 2 64 75 74 48 19 27 88 31 2 97 60
89 93 66 44 68 52 65 100 76 45 49 39 8 42 94 55 57 86 66 44 30 15 82 38 53 27 52 59 30 8 49 30 26 97 63 57 85 7 18 42 92 62 84 15 66 67 84 52 85 46 25 63 92 92 13 52 58 42 24 85
75 17 21 94 93 36 93 93 32 27 97 34 67 93 59 48 16 60 42 67 25 32 4 78 45 33 61 60 63 75 72 24 42 28 85 14 91 80 13 45 94 83 23 7 80 26 67 84 48 83 1 18 52 90 49 65 93 87 9 20
40 78 60 87 85 69 35 65 41 80 87 32 39 90 89 30 41 17 2 69 7 13 97 10 26 36 77 6 95 78 14 17 49 52 36 98 20 55 57 68 76 87 66 69 19 12 36 80 71 70 94 78 4 98 41 53 98 54 63 64
67 60 25 60 61 63 26 5 36 76 64 7 28 51 50 56 24 42 76 98 80 6 28 46 35 89 67 47 79 41 84 42 72 92 17 72 33 55 87 9 27 96 70 84 36 26 78 87 71 68 89 58 93 24 11 91 70 77 45 26
30 88 93 69 94 41 76 96 45 43 93 52 45 83 61 45 61 65 10 99 25 66 61 55 42 49 65 9 68 23 2 40 89 32 91 96 3 35 40 84 89 28 51 98 42 23 70 27 30 91 33 62 1 57 42 61 27 23 58 93
98 3 77 1 58 19 76 40 23 48 80 1 5 81 26 88 28 84 51 22 92 58 72 26 98 28 79 8 57 60 54 42 34 2 7 61 70 50 79 89 69 4 2 27 91 29 6 72 83 17 48 55 36 46 31 31 39 36 44 65
90 20 56 96 63 63 42 39 43 45 46 65 5 79 10 64 67 43 80 1 38 37 51 66 15 90 15 88 94 61 61 84 65 8 12 49 11 54 41 86 37 24 89 22 50 70 60 48 8 36 15 48 85 10 81 77 71 58 85 92
3 31 28 28 52 28 99 96 78 98 43 39 46 44 5 40 14 28 58 34 87 34 86 45 49 91 69 79 52 43 85 76 40 100 84 75 83 20 82 26 4 76 62 58 29 16 61 10 25 18 68 52 96 62 58 59 14 70 5 58
68 20 43 74 3 8 42 67 69 83 63 62 41 11 84 48 94 55 61 84 71 93 51 33 73 33 43 66 7 5 73 87 100 26 71 94 48 11 74 77 27 5 9 68 71 81 23 74 44 53 35 84 36 95 75 25 93 36 35 67
59 77 99 30 13 69 91 58 75 83 82 32 43 63 99 76 40 11 11 24 88 21 95 62 12 31 22 56 93 79 39 69 47 85 74 77 23 3 26 33 14 55 11 48 28 57 70 22 14 37 58 26 9 57 57 77 10 87 9 9
1 59 77 44 51 76 57 73 86 74 93 10 43 71 61 93 27 94 6 68 9 45 72 46 18 69 51 92 13 83 17 3 45 38 2 53 71 98 97 61 75 91 19 15 41 42 69 2 97 75 91 19 85 39 34 23 20 13 29 20
18 68 91 69 77 73 32 1 77 7 28 51 4 1 31 62 96 73 93 14 14 33 74 76 11 31 32 23 39 5 50 32 73 17 70 13 37 71 38 70 88 5 10 34 27 73 83 46 4 12 48 51 20 52 40 66 9 17 97 82
71 72 75 29 48 56 42 35 12 49 1 64 18 6 27 28 45 99 68 12 23 20 83 41 73 61 97 2 38 19 63 59 45 23 26 31 74 12 18 64 75 84 98 12 56 61 18 69 77 14 13 84 52 44 39 68 24 67 39 5
56 43 67 31 46 96 33 35 66 30 68 87 34 80 9 67 61 91 87 36 54 89 31 13 34 74 66 28 40 5 15 44 78 8 71 18 71 61 43 89 54 30 31 79 12 69 22 52 14 51 68 15 92 64 76 40 90 89 63 52
34 34 75 68 45 73 32 18 18 93 21 38 87 42 51 52 58 71 9 5 3 55 40 3 75 42 14 26 61 19 16 26 36 27 74 68 44 88 38 87 48 84 41 36 61 87 26 18 71 93 36 20 62 79 61 51 92 35 2 68
87 41 38 26 5 31 6 54 94 57 70 41 71 90 65 32 73 33 47 26 44 100 12 95 64 39 60 46 27 84 48 95 28 62 23 75 80 42 45 30 29 56 75 44 57 31 44 24 48 25 9 42 99 87 13 93 70 74 83 21
28 2 38 11 16 11 93 91 90 61 100 39 81 91 52 7 63 64 51 23 89 31 60 11 100 59 77 26 61 85 42 3 98 45 73 76 18 100 95 69 33 35 47 4 74 67 65 98 34 62 74 77 15 95 61 85 71 64 22 19
39 8 15 56 6 77 23 46 8 87 5 53 51 7 4 3 90 90 56 76 8 41 70 40 28 12 23 79 34 81 22 46 70 85 93 65 68 91 3 30 27 56 64 55 24 24 90 23 35 54 75 45 9 91 25 43 40 48 71 4
8 35 56 87 66 49 46 81 91 32 25 75 63 64 46 91 50 23 7 71 50 42 68 85 97 61 44 19 63 9 24 97 30 82 61 73 26 94 58 91 20 96 72 56 81 70 86 44 93 2 35 5 55 45 16 87 31 45 79 7
60 98 47 91 37 26 78 4 49 92 55 77 60 75 88 94 15 55 11 12 81 72 87 1 13 44 12 51 97 14 53 13 97 16 59 25 47 58 81 18 30 90 20 60 43 42 59 27 32 10 29 33 36 90 81 93 63 68 87 66
16 90 27 26 87 24 8 12 5 90 28 25 99 31 57 57 78 37 57 92 99 76 83 19 26 96 81 11 52 71 68 56 44 28 46 37 72 69 80 29 70 13 91 67 3 98 68 52 47 75 1 96 34 30 95 88 20 100 66 52
81 26 4 9 90 82 69 65 72 81 35 8 12 29 22 47 83 79 35 9 46 64 86 70 94 89 91 16 54 46 23 91 65 55 49 71 88 71 10 10 33 54 27 61 75 17 21 100 66 37 39 20 88 70 37 47 31 32 63 71
99 53 98 90 48 25 54 22 6 69 100 91 29 40 86 40 14 56 47 60 22 58 76 79 58 44 10 4 5 7 88 6 73 9 11 75 93 76 77 49 46 27 83 7 1 18 78 73 13 30 2 53 81 30 56 42 76 2 24 16
31 1 37 92 92 93 75 15 95 60 7 72 30 84 31 31 16 97 91 86 66 84 12 54 96 94 30 27 45 29 76 95 11 79 17 64 99 86 36 37 54 79 84 98 32 18 89 12 55 12 92 86 2 32 47 97 92 17 90 89
40 27 98 82 97 50 90 78 90 33 74 56 87 54 28 57 5 77 70 67 19 83 22 55 39 100 59 77 27 21 35 72 67 67 94 74 73 41 16 21 45 16 77 81 33 41 67 29 59 40 36 57 13 58 14 60 83 32 2 86
74 95 19 23 43 37 69 74 91 24 33 98 55 3 46 39 94 84 42 89 49 9 58 50 41 43 71 31 77 11 68 85 26 8 70 14 83 3 60 67 87 65 39 3 50 34 45 34 54 31 70 82 20 1 64 18 28 41 15 81
94 65 34 18 13 32 97 31 40 82 54 81 67 12 7 75 28 38 27 8 65 14 48 13 10 86 55 39 44 72 56 46 15 69 9 91 80 64 92 74 72 97 70 16 64 22 4 17 3 21 31 30 29 51 99 41 71 28 55 57
78 31 17 93 96 51 81 24 38 58 88 16 58 17 54 34 36 89 80 93 70 51 1 64 2 20 89 22 65 77 68 37 87 96 2 95 15 32 22 46 9 47 90 40 43 96 89 58 36 54 8 63 25 67 58 51 100 11 75 29
41 10 71 88 99 50 33 39 28 50 37 43 86 29 72 44 42 96 86 14 86 96 86 39 32 55 63 99 78 8 87 99 73 80 61 30 46 57 63 24 52 58 49 7 65 41 35 97 87 35 82 63 21 96 59 67 38 6 42 93
9 15 81 27 38 43 77 62 37 95 25 76 13 61 11 19 30 47 37 44 97 61 9 69 93 90 84 26 74 3 26 71 87 81 12 100 80 87 80 16 100 63 77 51 95 9 39 85 21 37 78 49 14 36 63 3 38 85 4 61
83 13 82 48 94 52 44 83 14 23 65 93 77 28 31 96 95 18 66 37 43 59 83 9 81 90 24 78 60 81 34 85 51 20 38 79 6 73 95 49 43 65 15 32 4 74 9 83 73 97 47 84 55 86 49 77 85 41 50 2
9 70 52 8 46 84 77 68 32 91 60 61 32 68 59 44 25 27 55 75 1 95 70 55 56 100 57 70 11 59 95 72 78 40 45 10 74 89 57 60 68 1 34 63 11 81 48 3 75 14 80 5 86 93 70 16 79 20 51 92
21 18 10 83 36 78 6 56 83 74 41 21 39 90 48 5 87 26 60 83 28 46 33 25 16 54 62 7 88 90 97 56 12 51 81 62 56 26 67 64 35 45 43 35 9 20 39 55 14 49 98 52 49 17 85 47 49 31 3 71
64 87 48 84 57 77 8 16 20 75 65 41 66 1 66 15 38 51 53 47 29 49 80 70 35 56 27 73 50 82 27 79 21 14 75 35 60 38 72 82 71 68 55 58 86 60 35 93 98 63 14 28 56 83 21 52 1 14 35 57
95 86 7 7 52 86 41 39 26 97 30 93 57 93 59 16 70 72 5 20 43 85 8 59 5 52 3 61 29 33 3 52 55 62 93 60 51 98 2 67 30 63 95 27 23 54 6 24 9 64 2 25 93 58 79 65 40 31 14 81
29 47 56 78 33 74 10 90 20 100 31 48 17 88 51 70 29 21 50 57 65 31 4 12 94 100 54 23 7 28 52 59 36 83 100 68 60 83 6 33 96 16 64 7 32 3 41 30 75 51 34 69 48 11 10 12 8 21 69 92
9 51 58 57 32 43 37 25 93 69 34 54 30 56 94 50 76 62 19 85 18 43 4 16 54 95 96 79 8 8 74 91 16 36 94 19 76 95 71 30 26 87 41 77 37 71 48 68 54 51 3 95 12 32 37 53 97 45 34 45
75 68 24 85 48 9 16 7 14 27 76 83 62 59 10 22 53 43 69 87 46 28 17 74 77 4 87 87 50 77 97 25 14 66 32 35 59 70 44 18 90 77 93 82 94 65 39 20 82 74 33 52 46 54 43 80 26 9 58 2
31 80 36 68 59 37 98 79 81 16 72 37 92 29 61 72 41 53 70 94 28 43 23 92 35 19 56 49 79 6 35 43 46 12 10 10 34 72 44 55 52 88 94 38 72 30 53 24 68 6 46 42 64 5 60 70 47 29 15 86
69 25 31 83 47 33 31 55 98 91 37 37 56 61 94 47 20 63 98 46 87 50 85 43 72 25 25 59 45 31 68 77 57 57 45 37 24 19 54 91 94 13 36 3 40 27 54 22 22 5 40 39 100 82 89 46 12 44 22 28
71 52 80 50 76 52 82 33 46 20 98 59 61 51 71 92 61 100 12 19 4 7 63 74 89 68 50 80 51 44 92 23 67 86 14 9 93 66 48 91 23 99 57 25 86 23 25 90 81 20 65 59 92 73 7 74 53 34 16 98
18 81 6 48 33 78 22 70 82 90 27 17 74 36 96 50 71 45 67 93 56 78 34 71 2 92 23 41 79 47 85 36 48 48 97 99 62 4 78 37 15 63 9 35 47 92 72 76 48 33 54 87 99 3 65 85 40 29 59 87
75 71 25 95 42 33 39 12 14 50 61 55 81 23 35 13 78 50 45 60 26 17 51 60 8 100 61 56 5 52 83 19 79 64 94 22 63 50 14 14 99 22 18 12 46 49 58 38 50 6 17 62 76 71 31 49 47 70 13 18
76 12 36 46 77 37 26 98 43 41 49 5 72 31 65 64 96 69 85 8 74 17 25 97 19 100 86 49 44 7 9 76 27 80 80 11 69 29 42 81 24 72 83 9 93 4 75 25 29 79 20 67 39 1 62 24 44 62 4 87
61 83 49 25 81 49 65 28 41 93 48 100 37 10 66 94 96 83 99 96 10 94 17 63 38 53 9 35 26 97 7 48 46 60 7 61 47 42 90 79 5 93 81 78 77 47 24 47 80 14 90 13 57 64 41 98 72 6 91 32
97 73 3 49 79 15 86 72 90 82 44 28 76 56 55 66 3 95 33 6 4 33 85 73 100 49 43 27 54 1 44 52 70 55 92 12 69 47 68 72 43 19 10 8 42 52 48 83 98 59 45 92 1 80 21 9 84 37 12 24
92 63 78 63 86 89 61 16 100 67 76 27 34 15 20 99 23 50 62 36 49 96 57 89 11 15 14 72 39 20 19 31 73 57 74 4 97 75 74 27 13 98 25 88 59 13 85 26 95 41 26 40 13 76 85 89 24 94 43 11
58 100 81 56 65 24 58 79 74 80 23 14 46 86 58 17 41 5 87 53 95 62 41 44 52 35 21 12 25 36 49 98 93 88 13 19 30 92 57 31 2 10 93 10 56 16 34 56 94 33 13 10 74 38 85 57 82 59 67 72
55 19 19 53 66 2 28 89 9 39 64 92 51 1 50 43 94 57 87 35 35 50 91 97 5 23 52 70 80 52 66 28 97 2 92 21 38 88 31 19 21 33 42 51 89 16 48 73 90 92 89 47 97 16 69 33 95 6 46 61
62 100 30 67 75 82 59 47 91 44 28 45 65 77 3 88 27 70 2 78 86 6 28 99 1 62 50 79 14 12 23 45 27 21 91 19 46 14 41 25 64 77 56 40 86 70 14 21 75 43 45 65 48 39 17 32 5 67 92 99
46 17 83 66 40 8 77 76 1 78 92 97 82 5 25 74 55 87 48 21 85 88 93 34 35 88 31 47 91 18 77 91 79 8 49 33 54 66 66 94 19 93 52 22 87 72 53 81 33 90 46 49 78 34 25 44 89 85 97 95
36 38 15 38 7 74 14 62 100 10 65 55 28 76 51 69 97 25 36 27 78 57 79 1 62 81 39 82 66 10 34 39 79 34 34 28 97 99 20 74 75 93 48 30 92 69 67 77 65 36 16 88 22 50 64 36 94 20 45 8
9 100 2 100 76 51 53 95 60 16 63 67 37 35 52 68 81 80 74 45 51 63 35 76 9 61 97 53 38 25 77 50 63 11 22 97 50 2 19 24 78 37 67 16 94 17 43 98 53 23 11 84 28 61 11 88 58 59 19 23
45 93 82 84 63 84 18 1 49 12 79 4 1 52 89 79 2 71 13 84 48 65 34 92 50 38 52 57 87 73 50 13 74 2 82 17 4 29 67 8 4 69 53 30 31 9 95 11 66 89 37 45 60 35 37 86 97 52 17 92
69 51 84 2 34 62 96 28 83 57 1 35 84 73 30 22 71 90 85 12 39 37 32 25 40 89 56 2 85 1 93 1 6 71 5 73 51 16 97 17 84 25 5 1 26 55 38 7 38 40 60 33 47 64 87 70 5 65 5 3
32 76 87 20 95 25 48 21 1 70 20 4 60 18 13 70 27 39 41 24 43 78 63 68 38 63 65 82 3 27 55 86 87 16 92 11 99 55 28 33 100 47 90 2 70 52 87 39 48 3 82 28 49 2 24 78 25 5 86 47
58 24 25 49 4 51 61 1 78 45 79 12 19 55 51 97 55 53 57 45 86 21 24 88 25 14 100 11 33 89 8 29 93 100 81 42 64 59 47 91 79 28 74 25 82 28 31 54 19 60 59 55 34 65 50 63 5 25 88 99
25 12 32 89 30 37 76 45 99 3 64 24 13 18 93 95 39 49 18 12 57 15 52 19 56 18 8 35 32 18 61 18 67 91 72 52 23 8 56 96 17 13 94 96 54 34 89 45 27 42 46 6 46 27 100 41 41 70 46 96
86 22 22 27 24 70 83 63 61 38 32 46 76 55 69 66 36 73 3 91 80 90 71 39 79 27 22 3 3 48 11 48 46 92 10 81 69 89 20 96 33 57 83 14 76 96 92 24 4 77 65 2 33 52 2 17 12 92 38 22
80 28 52 1 63 30 40 13 66 44 95 69 21 24 34 5 77 69 70 38 61 65 75 82 30 80 84 5 45 11 7 51 17 79 58 70 11 45 62 36 1 35 13 64 17 9 65 64 73 91 20 60 5 14 60 67 51 78 56 84
51 53 83 92 50 33 14 86 7 1 14 59 53 95 95 27 21 76 90 31 93 24 63 31 91 99 50 95 68 29 22 12 4 47 74 45 88 25 56 77 51 51 97 31 91 3 98 59 57 30 44 91 52 62 15 96 47 38 73 76
12 60 54 16 9 95 84 72 95 48 53 23 7 9 84 33 98 99 35 33 91 40 43 68 48 70 84 80 37 52 78 81 93 81 50 29 46 38 96 26 100 92 15 21 30 8 68 18 67 59 61 47 50 11 35 79 73 69 41 56
56 75 69 40 63 62 75 66 57 29 97 86 45 9 85 91 58 79 62 28 81 31 99 49 97 57 5 36 91 89 21 49 56 54 27 81 61 91 23 83 85 16 86 41 28 53 16 61 53 44 48 19 68 34 35 96 23 24 15 94
64 36 71 51 94 30 88 47 24 64 65 40 36 79 24 72 17 100 73 30 80 23 65 100 47 71 71 59 13 23 32 31 53 86 52 36 73 42 68 27 67 39 58 98 28 88 15 32 56 56 1 16 17 27 32 15 60 83 44 37
63 52 75 87 9 92 59 8 11 10 88 70 60 77 28 86 59 70 74 89 64 28 9 78 89 22 88 75 15 59 47 81 27 18 46 21 63 78 3 81 73 89 26 83 71 37 74 41 56 54 34 12 42 88 30 38 40 12 12 29
30 18 42 62 34 42 68 89 54 90 6 75 90 80 39 95 55 79 59 33 87 4 36 16 21 27 82 47 64 77 88 91 8 70 26 82 18 5 14 18 63 27 7 99 53 64 17 48 30 61 54 2 70 96 24 18 18 90 16 35
76 25 55 59 74 67 79 29 66 39 79 4 13 81 96 88 98 70 86 81 53 39 16 48 46 95 62 21 31 72 88 98 2 53 75 74 50 6 17 13 66 57 80 49 81 90 21 22 39 87 4 32 45 17 37 99 4 25 28 82
34 95 24 60 95 13 30 69 94 64 36 48 60 8 66 74 87 37 80 52 32 41 63 11 55 14 1 44 31 62 74 61 28 81 41 70 46 84 24 82 9 4 75 22 41 44 90 83 64 93 8 59 68 100 70 68 52 98 89 78
13 80 91 61 90 15 60 98 5 14 25 59 62 57 42 98 34 70 67 3 25 24 82 23 57 13 42 25 37 95 70 66 54 33 22 75 60 79 92 53 89 24 78 42 27 24 82 20 4 23 90 2 67 7 3 36 47 86 75 76
43 19 71 76 49 97 73 24 59 5 99 79 16 85 26 18 33 19 57 6 18 26 37 93 63 77 97 91 29 79 92 35 1 14 87 19 26 21 47 77 62 89 8 52 64 17 39 100 66 66 31 9 52 24 12 6 55 55 65 71
28 85 6 18 25 99 17 24 7 64 11 64 40 27 58 21 10 69 4 35 83 73 22 4 7 100 86 52 24 81 12 59 13 28 19 56 66 88 100 39 79 87 63 86 63 44 62 10 52 66 9 5 96 41 83 86 31 87 69 80
63 72 16 75 80 40 21 88 5 25 83 39 4 30 95 6 54 79 90 51 18 1 22 62 94 24 29 64 13 52 88 40 23 61 36 52 10 1 14 50 72 53 69 99 20 11 64 97 45 40 4 51 73 28 94 30 89 1 65 65
87 53 38 72 7 8 86 96 67 99 44 15 45 49 90 99 89 59 30 83 98 57 31 79 22 47 92 12 24 95 25 59 8 19 82 38 26 18 69 81 2 87 56 18 2 69 26 99 74 99 39 93 30 12 90 31 86 94 60 44
