85
4
91 81 88 5 61 15 28 63 20 41 60 83 99 40 16 27 93 14 65 46 23 72 73 22 89 39 40 27 40 26 53 96 29 24 10 5 47 26 73 61 17 62 1 19 19 93 28 64 25 99 91 87 73 75 90 18 49 24 31 37 86 51 85 27 9 51 21 16 86 87 40 42 71 62 3 12 35 6 51 29 69 89 41 67 19
71 78 18 53 9 12 84 26 16 20 23 82 36 63 6 59 39 62 51 50 64 4 85 36 60 7 7 18 72 9 52 73 81 88 82 11 9 51 58 59 65 36 78 10 65 31 57 51 1 36 98 45 6 85 28 20 55 87 37 42 6 37 84 14 4 20 89 4 24 62 28 14 40 66 79 67 54 2 66 37 74 93 69 12 91
4 31 39 97 45 22 35 26 28 9 43 86 15 28 63 85 30 25 70 37 79 76 100 57 47 84 66 96 52 86 52 86 10 21 87 53 2 99 23 3 31 72 50 87 36 95 74 11 54 51 50 60 80 82 57 33 93 46 78 45 27 31 25 71 13 42 34 17 60 88 29 63 80 23 72 97 42 67 49 19 96 27 71 89 52
6 10 36 11 45 22 29 39 36 53 29 22 11 44 25 44 81 46 6 51 66 47 27 4 34 18 44 27 1 19 87 78 13 3 11 11 84 7 20 76 93 16 69 27 47 48 23 96 81 22 38 2 35 43 98 50 22 19 55 49 92 28 93 37 79 45 53 66 42 80 87 8 94 36 47 50 17 63 14 78 59 14 92 51 94
100 95 82 84 41 20 61 56 83 32 92 36 15 10 64 86 96 100 79 88 74 13 21 98 9 87 66 49 57 66 81 46 29 89 65 25 2 4 19 32 51 85 12 100 88 76 77 82 11 66 60 42 87 82 10 50 37 50 33 45 95 30 99 2 90 11 40 98 71 25 5 81 60 93 8 49 43 25 10 10 17 89 27 22 18
85 18 13 75 70 67 10 51 94 44 24 15 90 72 62 45 49 86 8 23 66 99 25 79 71 42 35 49 80 44 67 39 89 39 100 66 20 100 66 90 86 58 68 51 13 41 43 24 93 100 70 43 82 30 75 31 75 17 39 70 14 28 84 52 83 63 49 86 41 56 2 44 41 9 74 63 96 78 44 61 33 37 73 90 73
78 66 90 70 28 86 4 49 3 79 17 89 76 10 82 75 78 34 32 82 46 62 9 42 4 43 80 98 98 90 63 49 95 32 68 59 63 39 7 67 58 5 87 76 93 59 93 52 13 2 54 38 8 34 92 24 19 77 94 84 20 63 64 88 60 12 37 63 63 10 90 57 37 70 93 12 46 5 59 88 22 55 72 40 30
7 52 27 15 16 68 1 76 100 1 73 95 38 4 62 88 54 77 9 93 16 83 54 4 1 27 9 9 62 58 6 78 52 46 40 93 54 5 56 2 65 41 10 24 68 17 25 91 75 70 26 35 45 29 56 15 30 70 91 66 52 79 20 63 37 12 81 99 32 40 64 14 56 10 87 28 84 44 90 97 70 48 88 31 78
7 42 64 54 92 81 64 45 70 22 3 43 46 64 79 53 31 31 70 65 65 45 50 71 1 92 60 93 67 6 30 31 83 80 30 87 94 65 20 62 51 14 61 86 47 54 25 51 18 89 98 10 34 87 74 66 9 98 94 73 60 68 69 2 59 39 97 92 61 31 53 42 47 7 63 40 9 32 36 15 37 40 51 71 74
1 69 72 45 16 93 96 52 70 13 17 27 63 11 28 23 5 29 78 65 16 32 67 44 36 52 32 40 41 58 89 88 59 50 99 25 80 43 83 60 85 3 40 22 80 39 33 34 62 10 5 22 22 29 64 22 7 99 67 45 68 86 37 41 14 63 41 35 26 29 73 92 36 28 4 95 4 30 83 72 49 37 86 23 18
20 2 42 28 39 90 62 33 93 72 87 22 79 60 63 31 30 81 95 45 92 76 98 87 15 62 83 35 89 55 49 45 75 96 81 61 37 26 94 48 89 59 21 25 8 74 65 87 67 88 20 18 66 43 67 74 91 63 3 60 8 73 72 17 23 57 54 88 76 75 53 45 88 49 15 7 22 13 42 68 20 70 64 64 4
15 53 95 26 35 7 42 59 52 49 56 66 11 75 18 98 33 54 21 52 2 16 16 22 7 33 63 8 64 17 44 30 38 74 62 9 27 92 99 29 64 23 12 36 48 40 37 7 1 51 17 35 68 87 45 98 65 50 94 12 58 98 22 87 26 90 12 16 94 44 71 12 75 57 11 78 57 62 92 45 70 3 79 39 10
4 63 46 2 100 82 16 60 32 20 20 78 76 79 51 25 72 30 32 54 24 65 41 62 93 97 100 52 18 94 7 90 61 4 55 73 90 35 72 23 84 47 31 51 79 92 74 75 90 55 42 6 39 24 65 88 89 18 18 89 59 8 44 75 60 50 38 76 26 59 79 18 12 54 95 32 87 13 28 2 66 4 30 97 88
10 59 13 99 31 20 100 35 7 35 68 37 96 89 11 52 18 75 22 71 97 82 82 25 38 76 89 73 53 56 58 38 46 2 29 70 14 78 60 37 66 73 99 97 64 82 58 66 4 88 98 58 48 5 37 97 98 26 56 71 79 4 29 31 11 65 74 84 41 1 12 73 19 75 66 88 26 94 42 13 49 29 47 41 12
60 20 53 70 21 28 56 54 97 44 77 7 92 96 39 76 10 33 61 95 4 51 96 81 75 78 27 68 32 95 70 39 100 68 3 72 34 98 66 34 30 7 2 83 5 10 49 67 71 73 41 75 17 84 27 81 37 59 81 40 32 59 88 25 90 100 92 57 29 11 64 55 74 53 92 25 37 100 28 42 69 32 35 9 38
89 42 1 98 100 3 44 40 86 18 43 56 12 92 84 73 9 96 25 44 6 8 49 45 60 2 93 31 21 13 76 49 43 24 23 72 45 88 94 75 87 88 5 79 74 23 8 67 15 5 17 7 29 24 35 100 63 58 62 80 17 100 20 45 8 58 55 55 86 95 78 92 87 40 59 47 92 92 56 17 16 79 91 23 11
57 15 45 41 97 53 70 41 77 78 4 34 54 38 75 6 74 87 98 16 6 10 15 20 47 73 59 36 50 29 30 51 46 97 89 48 22 70 78 52 42 63 43 64 96 94 4 99 51 37 77 37 46 98 46 81 47 42 87 47 46 95 58 65 97 95 2 87 59 49 27 58 37 52 42 90 54 55 93 84 45 36 66 81 13
83 45 18 81 68 56 99 73 91 74 35 91 88 40 79 2 24 30 93 31 2 29 45 33 21 20 81 40 29 47 76 16 16 55 93 60 10 48 81 19 64 96 56 35 35 43 81 47 67 99 6 8 89 90 37 55 46 83 87 5 58 100 42 5 33 47 88 85 62 68 10 93 42 34 10 31 66 35 40 60 48 63 68 9 45
75 16 98 65 74 70 85 20 30 17 55 72 36 92 7 19 68 2 67 46 40 87 31 51 21 49 80 33 97 62 41 85 45 30 63 78 61 61 44 80 50 87 79 37 76 25 62 48 86 11 79 58 46 23 44 92 39 87 2 22 98 82 54 37 39 11 11 89 89 98 78 47 81 54 90 65 91 11 94 46 75 36 16 100 18
20 11 89 77 70 58 87 60 85 53 34 46 84 95 69 82 80 88 4 99 91 26 93 37 50 87 22 37 99 85 9 66 52 92 2 58 7 67 33 98 82 36 84 51 56 53 53 42 70 47 86 26 14 94 29 41 19 6 23 32 38 64 23 51 30 13 56 38 7 82 34 18 36 29 72 10 41 75 52 33 18 68 3 26 10
95 30 17 59 61 29 10 38 82 21 65 53 75 70 65 8 30 62 34 84 4 88 3 53 22 73 73 19 88 40 63 45 84 77 95 74 86 35 98 31 55 7 99 89 4 83 73 95 10 36 23 18 56 72 84 99 48 99 84 54 9 38 76 78 55 51 99 62 13 77 53 41 35 44 19 69 26 100 30 32 9 67 72 71 92
86 94 70 77 92 64 91 65 100 93 43 63 15 5 11 4 27 45 73 26 23 19 25 85 33 54 56 85 22 27 98 6 61 80 50 76 64 83 83 93 5 84 79 43 15 83 77 64 62 73 93 56 51 82 70 59 3 61 48 59 54 18 64 36 97 88 31 97 42 20 64 73 19 81 13 84 80 19 56 99 16 21 32 48 86
83 51 45 70 78 8 15 1 56 34 27 97 59 71 49 63 36 39 81 46 52 3 29 91 95 10 55 68 55 76 45 100 75 41 32 32 17 89 89 4 58 18 68 31 29 80 79 96 92 67 21 49 72 43 73 54 87 88 44 100 92 14 69 42 30 37 96 11 21 66 99 12 36 74 10 47 99 76 46 84 20 63 29 92 13
26 21 29 61 49 46 11 26 12 18 1 18 31 33 3 7 97 26 38 14 21 75 88 99 1 89 71 68 55 98 29 3 4 87 5 81 6 80 19 85 7 75 14 2 24 39 4 29 20 28 31 56 20 70 38 94 41 57 3 8 1 50 14 36 30 62 38 41 97 32 22 24 69 39 85 12 47 47 55 4 67 59 44 68 45
1 47 69 9 67 36 31 41 28 81 39 98 62 52 45 17 96 32 67 11 71 1 64 37 27 57 89 85 32 63 59 100 26 68 45 42 85 24 70 35 29 50 20 76 10 87 7 80 26 91 10 5 2 51 47 90 16 2 71 23 2 99 75 4 56 89 20 48 87 99 18 30 36 76 62 57 65 92 27 73 47 100 76 27 27
50 97 25 14 97 10 48 69 67 78 27 68 33 93 6 17 10 75 95 86 81 79 13 72 5 65 33 18 19 72 86 39 13 9 48 76 72 24 67 99 88 9 59 43 4 63 52 12 71 77 28 31 55 78 18 92 66 53 28 70 40 48 55 56 26 72 83 84 6 35 47 11 98 14 57 17 49 7 96 45 38 79 29 70 27
14 58 81 31 89 54 82 30 83 48 55 10 10 5 57 18 17 21 66 87 10 29 12 52 71 38 42 23 95 70 48 44 54 62 64 33 19 25 18 79 71 54 31 39 68 69 85 25 67 56 7 69 88 8 51 58 99 82 33 47 50 78 78 1 94 33 28 34 6 36 52 16 53 92 78 93 32 19 65 22 18 92 92 41 43
29 45 6 59 91 25 23 7 49 11 73 86 54 5 90 54 24 55 10 59 46 94 39 70 48 35 77 66 2 67 32 62 69 100 14 78 22 3 96 62 12 65 4 97 50 96 25 49 9 2 94 41 96 58 97 40 8 37 87 4 82 93 48 9 17 17 39 23 97 17 95 66 74 96 75 3 55 55 56 55 11 92 38 53 50
30 35 47 64 46 62 31 56 79 74 74 4 62 3 15 11 71 99 20 40 11 2 43 40 34 46 95 71 3 90 92 100 63 47 50 76 96 33 18 89 59 11 45 36 1 36 85 45 73 35 36 2 88 69 42 59 100 59 40 19 26 24 40 85 80 49 22 48 63 81 30 98 39 88 8 66 64 78 60 32 1 35 76 2 50
47 94 36 66 85 61 79 47 1 50 28 32 54 100 72 64 84 92 63 24 12 96 34 48 67 39 15 66 67 88 50 29 15 55 47 80 7 97 78 80 35 85 70 10 56 26 20 65 21 95 1 16 74 44 100 33 47 45 83 7 7 91 51 1 90 16 96 50 59 74 54 39 70 98 69 71 72 99 96 19 9 11 17 47 40
87 63 21 68 22 91 66 90 79 3 49 80 44 59 6 53 72 42 87 64 90 44 14 23 29 66 81 73 5 80 63 82 27 18 89 58 48 51 62 86 21 69 85 50 100 56 79 10 2 41 11 64 89 42 72 100 76 96 55 44 81 19 83 64 44 70 42 27 87 13 29 52 13 17 4 96 18 50 62 92 2 85 28 16 25
78 63 32 25 94 81 91 6 25 13 36 81 24 63 96 72 88 90 35 43 77 20 45 23 6 13 60 74 20 37 17 57 79 73 26 100 7 38 28 21 47 39 71 42 55 1 59 19 68 3 26 2 57 3 84 95 92 73 70 79 72 11 75 8 6 18 66 54 88 100 94 13 50 30 77 55 35 27 29 21 32 9 27 3 50
43 17 19 93 27 92 50 5 75 78 8 47 58 10 8 68 19 38 99 73 72 40 58 84 94 82 94 50 79 34 98 94 9 99 66 90 12 98 61 58 40 57 81 20 43 3 4 77 64 1 75 22 83 53 77 79 49 64 99 54 81 69 87 2 8 95 68 11 16 67 11 72 82 39 7 92 71 45 17 98 97 14 3 28 75
3 29 55 70 6 9 95 73 51 95 75 39 42 13 100 90 54 32 82 70 51 34 77 11 35 14 24 24 43 48 97 79 17 45 42 70 13 93 79 52 74 80 17 51 24 95 63 95 16 2 15 70 18 13 20 96 68 91 3 1 44 66 1 15 81 75 5 10 71 24 6 10 46 86 50 90 17 34 15 10 9 79 44 37 68
29 87 32 40 84 88 40 8 30 5 59 18 25 16 15 98 16 3 63 39 69 82 68 72 32 73 79 57 8 17 22 73 65 82 84 94 38 34 20 12 16 23 39 24 14 28 20 16 95 75 75 25 89 40 6 74 71 41 47 89 79 8 41 48 24 89 33 26 87 80 37 8 22 31 9 29 96 4 44 83 71 85 28 8 33
55 53 92 76 100 60 22 82 79 87 38 74 28 93 89 79 9 69 62 58 52 75 5 37 36 29 40 22 51 97 81 35 33 8 2 42 16 72 83 26 49 12 49 11 63 27 75 48 45 23 89 43 76 66 49 24 75 48 68 68 28 77 54 25 26 19 39 82 25 6 59 37 81 47 98 11 84 77 50 24 56 29 37 48 84
27 83 67 3 99 83 87 55 53 63 58 88 82 81 71 43 54 34 55 73 13 62 11 92 74 32 98 70 23 63 96 90 35 72 40 74 86 40 11 83 41 1 64 25 3 69 85 84 95 63 44 53 48 96 62 49 20 24 18 55 3 73 65 41 69 38 56 23 41 18 5 48 34 16 39 25 47 41 16 75 18 5 47 27 60
93 47 6 69 58 87 4 2 24 15 25 47 68 86 17 72 88 2 64 34 6 24 81 11 5 32 67 61 26 1 31 18 75 28 16 90 53 2 41 38 98 3 78 55 72 75 43 5 55 74 86 46 82 20 71 15 16 51 66 32 91 33 74 35 88 82 100 14 87 70 81 2 81 54 76 20 70 16 17 36 14 29 35 48 63
5 75 36 28 29 17 3 81 71 27 59 47 29 73 54 7 18 78 11 29 64 47 46 4 2 90 17 78 4 67 62 50 18 50 57 15 74 100 64 81 57 92 96 6 93 18 80 38 11 98 41 10 53 44 95 20 34 94 7 20 47 29 9 85 11 11 97 14 90 35 42 92 91 11 59 12 10 94 51 93 85 81 68 1 73
14 84 86 66 39 94 95 5 62 31 27 50 93 48 2 16 8 100 49 11 46 58 68 4 10 8 8 18 27 1 21 44 54 62 62 94 2 41 70 17 26 80 16 53 46 63 16 41 58 53 48 81 54 43 59 51 54 43 28 30 37 23 11 16 17 39 42 24 100 27 77 69 3 53 16 32 88 61 13 49 1 33 28 35 84
49 31 9 62 90 15 71 53 100 88 94 17 59 17 100 92 91 99 88 55 32 68 61 77 79 12 95 41 29 35 90 1 36 99 70 98 1 51 93 44 28 50 74 99 21 30 33 13 83 52 25 85 58 61 24 75 92 6 55 32 90 3 55 93 51 35 75 36 8 44 70 59 35 76 38 11 95 97 41 60 66 82 8 51 99
100 92 32 76 58 15 96 34 89 68 35 3 78 32 27 30 13 22 4 63 16 100 67 83 94 96 42 14 25 31 59 97 27 71 1 83 15 51 42 83 89 27 27 10 51 62 40 96 47 41 36 16 2 61 43 33 36 55 37 38 93 77 15 24 73 55 79 92 21 33 58 53 91 41 4 22 21 47 34 7 2 83 10 98 57
3 3 56 47 13 66 29 81 18 67 20 34 70 31 93 91 78 56 23 6 38 9 54 23 81 70 39 77 94 17 58 92 69 64 26 79 60 7 18 47 84 58 60 15 78 94 16 1 93 79 28 97 62 96 3 31 19 42 70 15 11 66 54 80 10 95 53 5 15 28 19 28 34 69 85 32 86 30 50 71 6 22 31 14 10
33 13 17 96 28 82 87 12 100 61 47 44 66 2 40 92 39 16 13 96 74 70 78 28 80 60 94 70 68 94 86 26 64 51 61 80 70 45 5 90 48 19 55 44 12 55 2 93 82 81 100 80 36 59 32 16 74 78 14 12 51 73 69 40 47 42 40 81 36 21 11 9 29 18 4 35 64 60 12 4 5 79 72 20 69
41 95 8 77 73 34 52 31 94 16 37 90 27 94 48 35 7 67 24 91 18 76 38 37 55 24 19 77 56 74 62 79 1 2 37 78 1 18 1 50 84 8 84 92 55 23 20 42 40 26 90 68 72 34 75 72 95 20 27 5 45 16 34 40 43 9 46 89 18 80 59 54 51 38 45 60 63 10 56 58 32 39 13 20 25
51 17 29 75 91 43 49 47 35 55 58 91 65 78 74 26 9 29 80 22 20 43 93 86 28 47 20 62 61 38 54 38 34 23 94 70 6 44 59 99 53 100 34 98 98 13 21 88 18 27 12 88 4 8 8 29 100 12 52 16 53 6 57 96 64 76 31 87 80 19 37 55 84 73 65 86 94 62 74 36 27 66 8 65 69
94 11 43 24 18 2 2 42 56 10 65 6 4 6 40 59 16 45 38 54 14 59 3 28 69 99 85 3 3 86 89 62 64 34 64 76 54 6 71 62 39 21 62 51 80 64 51 19 93 51 92 69 91 14 35 17 3 68 73 65 92 15 57 59 34 57 100 48 18 39 91 20 93 69 5 13 90 17 96 15 2 40 29 51 47
83 92 82 47 43 14 62 95 60 23 61 95 6 39 80 22 22 93 81 31 96 55 90 65 67 20 96 54 78 12 97 28 63 53 68 46 53 29 98 47 3 12 2 11 41 11 26 86 50 98 87 66 51 52 7 30 86 82 92 37 84 82 48 94 29 73 82 92 7 66 100 19 6 53 69 25 33 41 72 37 22 77 51 32 32
1 40 91 67 87 74 98 61 31 69 29 8 59 55 32 12 3 69 81 3 60 62 24 53 42 44 60 20 33 99 84 75 37 73 49 74 88 4 12 76 19 5 12 69 90 56 54 95 6 29 94 52 22 62 89 4 98 96 95 10 88 73 80 72 57 45 69 13 19 48 70 5 69 21 12 55 13 51 18 2 3 44 95 29 49
34 7 39 15 90 74 2 10 55 97 44 11 79 38 16 46 61 36 3 36 79 29 54 2 35 30 35 75 83 100 96 65 47 74 66 4 21 16 68 2 39 42 12 36 13 75 97 37 68 44 52 85 66 67 67 29 83 66 29 69 8 21 8 74 4 94 57 88 9 8 81 92 87 34 85 30 100 80 83 54 37 56 6 97 82
59 32 44 46 20 14 97 89 8 28 8 22 5 95 82 68 84 31 77 21 60 17 8 59 59 75 34 6 68 75 86 88 63 58 85 83 97 86 29 66 22 74 4 56 20 5 45 47 76 49 27 42 85 24 76 93 74 39 40 74 49 74 36 2 63 59 43 29 32 46 85 84 70 27 66 76 15 15 41 82 32 70 67 50 1
89 89 11 48 10 98 63 90 50 96 52 93 70 77 47 19 79 22 37 19 63 23 7 83 3 45 89 95 33 41 39 36 69 93 10 93 43 57 59 25 19 3 93 74 43 3 23 97 51 94 50 42 46 33 51 14 68 8 4 46 29 82 92 28 53 12 89 96 75 86 70 42 56 49 58 47 8 44 57 36 23 22 55 35 30
28 38 39 2 68 91 92 32 87 31 51 33 56 31 70 47 60 77 86 24 34 66 1 37 10 77 7 54 40 31 90 66 83 43 40 13 7 73 98 37 89 81 14 71 76 3 61 55 91 5 59 44 66 99 78 74 9 5 79 76 90 12 98 52 100 86 62 19 44 33 59 98 52 88 73 4 38 66 78 85 47 96 13 44 59
83 40 57 8 99 20 34 18 87 92 90 71 52 51 84 96 95 2 5 6 93 48 86 82 60 94 53 17 32 15 94 25 25 64 43 66 19 36 28 41 22 31 43 31 18 48 96 13 9 96 70 88 79 76 51 65 90 23 60 25 83 38 75 11 18 63 37 65 86 81 83 20 22 32 49 36 98 27 14 99 57 57 16 36 91
28 81 21 99 63 14 19 25 57 95 14 6 42 4 9 91 46 74 49 31 41 4 94 66 12 6 78 49 92 9 18 57 12 17 73 60 82 1 55 96 73 90 26 24 22 61 85 81 24 78 61 13 74 89 15 48 9 76 42 72 10 52 45 85 47 84 31 13 59 43 95 19 78 35 29 26 79 84 97 58 59 49 49 18 47
37 32 30 99 58 12 52 50 83 22 56 2 14 95 44 64 76 94 53 14 81 93 8 38 89 41 88 5 78 52 21 30 48 19 86 22 73 31 85 42 14 80 5 82 71 56 100 32 87 55 69 74 47 45 76 72 67 51 67 56 46 42 1 37 13 39 62 16 41 66 77 33 96 32 75 5 11 90 84 70 7 82 2 30 80
4 34 66 76 52 33 53 25 24 57 78 79 65 32 60 24 48 84 14 16 58 32 21 40 88 45 94 32 53 44 62 35 87 28 70 12 23 61 59 31 7 2 53 60 97 28 85 90 18 72 48 26 95 40 66 80 14 54 22 17 32 44 26 76 93 87 40 65 65 9 32 31 87 28 50 65 9 33 20 57 8 51 74 26 22
36 97 21 17 55 85 33 20 76 98 41 24 48 99 31 100 76 87 90 10 32 62 49 28 32 5 14 96 63 85 77 47 63 29 69 60 76 72 97 76 38 55 60 17 63 97 45 73 95 50 31 14 81 75 5 79 94 26 47 59 8 47 39 12 76 41 87 59 38 78 37 88 97 26 38 100 21 43 7 83 49 2 25 65 27
14 79 95 17 95 99 22 69 60 99 35 15 16 79 33 73 50 97 55 89 41 58 35 39 89 2 25 40 10 12 84 82 86 17 16 87 2 36 6 81 76 54 8 11 80 82 46 92 3 72 61 14 45 78 82 17 15 50 56 77 58 18 48 13 51 4 31 55 63 51 56 74 32 9 63 71 27 92 33 69 98 46 3 11 86
84 62 96 84 4 39 100 71 25 100 32 5 25 84 72 35 6 93 50 64 27 54 88 19 67 4 34 27 9 53 16 6 53 30 64 35 67 11 2 64 97 28 11 42 96 29 15 44 98 44 66 91 84 27 12 95 59 70 67 86 24 74 27 6 42 6 45 15 99 90 51 48 51 25 82 55 9 43 9 12 70 5 40 61 25
97 23 1 99 66 34 41 75 21 44 89 17 73 2 21 62 29 64 1 26 41 48 55 93 41 95 36 86 15 87 59 34 82 13 75 84 100 95 3 81 71 87 46 90 73 97 73 54 71 69 38 56 76 81 67 14 52 16 83 52 43 23 54 21 91 29 28 28 53 43 12 21 60 44 82 91 65 54 54 76 74 45 42 80 82
81 31 68 96 55 81 71 88 80 88 3 68 65 45 44 100 36 51 77 52 87 99 40 45 29 85 34 76 3 39 68 81 70 53 98 62 57 67 50 50 14 13 37 67 18 9 59 69 10 61 7 79 93 55 25 78 59 18 61 85 20 74 36 51 82 51 52 13 59 94 90 27 33 46 69 25 8 26 27 71 93 13 43 1 18
24 87 6 47 94 23 52 8 84 14 60 76 77 36 100 83 2 4 1 88 32 67 89 66 44 17 39 39 33 46 7 74 17 52 62 98 47 43 100 87 86 71 33 77 10 35 43 89 3 100 22 12 82 72 66 9 59 68 3 13 20 50 25 2 39 52 61 26 44 46 97 81 75 45 91 89 32 42 61 69 100 69 4 88 84
84 81 64 94 32 65 82 8 97 65 2 54 60 80 26 43 67 67 70 22 45 47 97 3 73 21 32 60 100 77 95 71 48 93 19 29 64 49 4 83 94 37 30 100 1 9 39 53 91 63 73 83 2 12 14 62 2 65 62 95 80 22 69 21 50 19 41 90 61 99 91 33 50 98 45 37 94 28 25 73 27 6 25 6 9
93 66 11 49 36 20 32 78 96 49 82 86 30 88 78 21 24 4 64 77 63 36 66 2 36 49 12 72 83 49 23 77 15 42 59 63 31 29 55 27 58 84 1 20 11 61 5 57 70 62 68 83 58 52 50 2 45 88 2 88 17 74 46 59 16 85 93 98 58 51 69 7 84 8 81 97 38 32 40 87 60 61 100 29 48
85 63 88 36 65 48 17 2 22 74 75 63 73 59 39 5 15 57 47 36 83 69 58 96 14 95 92 83 46 17 80 39 44 82 3 19 69 56 56 56 83 65 85 57 75 5 58 90 53 67 13 49 67 59 43 28 42 79 83 26 71 96 80 64 58 7 7 54 24 32 80 1 75 46 75 54 39 8 14 19 3 71 15 21 61
51 35 17 97 26 13 36 61 33 76 89 6 82 63 5 87 69 36 91 72 90 18 60 42 92 31 67 26 97 28 18 97 67 44 83 22 13 36 43 2 22 42 51 94 66 28 74 4 3 91 29 3 24 77 70 74 98 63 71 47 72 94 77 42 77 37 100 26 98 10 60 35 74 30 68 14 90 54 28 1 72 82 7 25 19
12 57 35 96 96 45 12 47 32 41 95 52 90 8 32 25 24 38 63 25 59 15 85 43 13 39 37 58 69 64 3 2 50 5 75 68 17 91 10 66 79 86 60 63 42 64 36 45 14 17 81 6 80 14 97 59 98 72 2 39 26 65 96 38 49 26 57 9 23 54 13 14 17 64 86 59 74 14 49 84 11 91 5 35 63
92 38 77 87 1 31 20 100 25 43 23 29 97 71 39 51 93 77 93 82 60 46 9 22 86 57 13 14 14 6 32 71 81 78 92 81 52 43 13 49 64 45 78 78 37 92 7 28 36 37 31 55 100 39 57 59 23 12 11 64 22 22 89 98 65 33 37 29 33 33 48 10 96 55 94 23 78 49 21 15 69 37 87 91 42
92 22 92 90 95 14 31 19 63 49 44 95 3 64 65 85 20 100 61 42 17 42 45 81 79 41 61 49 13 69 46 82 15 85 68 75 81 82 45 82 91 52 16 26 85 17 97 63 76 35 3 58 23 87 1 48 61 35 8 92 52 95 48 37 36 37 88 73 84 14 21 84 65 74 68 43 45 64 44 38 13 1 30 92 34
23 9 53 97 2 39 55 68 100 31 39 78 14 87 57 10 46 1 97 45 53 15 60 40 54 69 69 53 11 91 43 72 17 45 44 42 68 27 14 86 53 96 90 29 43 92 33 59 4 28 45 84 22 55 82 75 62 34 73 97 27 78 79 55 76 20 42 87 40 44 2 62 25 49 83 97 16 51 87 36 5 97 87 71 81
78 5 38 66 42 62 14 65 9 2 59 17 31 93 89 14 36 34 1 82 62 50 6 54 95 46 96 59 30 6 62 47 37 49 24 90 69 63 68 57 73 53 28 60 91 9 87 25 57 21 24 19 76 38 81 57 21 49 38 42 29 35 54 71 16 63 63 36 25 60 7 81 43 58 18 36 5 86 26 73 21 90 88 20 45
54 48 84 9 29 58 75 28 74 67 30 83 14 74 40 46 45 22 1 92 46 100 23 92 90 50 79 31 94 97 91 85 7 62 95 83 86 57 86 96 52 10 6 11 88 95 35 25 22 79 60 80 71 99 61 70 77 75 58 87 46 30 39 16 100 59 83 47 86 98 98 92 8 26 94 47 88 7 32 92 54 16 43 51 30
81 3 87 30 2 71 84 12 81 34 24 87 71 49 51 60 42 54 38 34 32 76 34 89 5 6 1 35 76 96 87 63 70 23 54 88 100 36 12 84 97 3 4 52 44 41 43 56 14 54 89 4 37 86 73 80 30 65 57 17 84 59 68 22 54 89 93 88 72 79 8 40 28 62 63 57 26 38 2 27 37 58 20 79 45
65 84 98 86 45 23 95 74 51 91 54 9 5 35 73 81 19 96 91 22 46 38 64 81 9 31 40 95 68 47 67 89 33 61 3 63 4 98 43 80 51 19 33 96 94 65 85 96 81 11 53 31 46 100 14 79 72 12 49 7 78 1 43 67 80 88 12 85 69 41 68 80 99 64 66 26 58 79 84 14 1 4 33 32 79
79 26 72 94 25 30 19 70 65 75 22 88 97 81 25 88 52 72 23 92 89 16 80 90 67 22 66 6 23 7 78 6 16 79 64 88 22 63 69 94 46 27 50 67 83 49 42 22 14 27 45 28 27 93 94 2 64 5 50 6 20 19 16 36 15 84 20 10 56 55 47 62 24 25 7 75 87 21 26 23 80 71 2 61 62
11 38 46 99 91 48 38 35 44 86 88 65 29 84 96 86 44 34 7 68 65 11 44 26 72 58 37 49 71 27 75 33 71 58 61 64 100 86 1 25 76 79 66 26 32 13 92 49 81 23 21 77 53 22 16 86 33 3 28 63 14 43 26 29 2 86 50 71 64 77 84 93 55 64 25 51 79 32 98 3 8 67 2 60 3
62 81 85 47 51 89 40 34 78 77 76 80 61 72 99 34 58 12 21 28 40 19 59 37 46 96 60 29 86 37 8 85 17 16 40 48 36 43 33 80 14 49 62 92 36 74 40 80 83 61 85 79 5 64 55 22 71 62 97 27 52 94 57 6 41 14 66 97 22 60 75 60 13 47 50 4 74 16 32 99 44 22 51 89 67
46 42 98 66 3 4 42 25 69 77 22 43 95 29 69 42 33 61 50 61 36 12 65 40 64 25 14 37 39 20 44 11 27 89 75 62 61 72 85 76 2 15 27 69 65 67 42 8 46 11 54 83 74 6 27 68 86 66 13 8 25 63 18 11 20 37 27 54 85 42 96 5 72 72 77 31 59 13 97 59 61 52 60 55 41
97 74 70 5 100 21 19 42 39 82 26 5 50 98 87 66 89 55 77 38 56 32 34 2 100 94 70 49 55 75 52 91 99 25 50 73 32 52 32 84 31 46 73 96 5 73 58 12 84 55 88 24 31 8 87 98 73 2 25 73 43 88 10 96 10 18 3 20 36 57 29 92 12 8 1 58 70 31 30 66 4 42 9 43 52
49 95 65 48 20 3 59 75 29 25 86 18 74 4 84 12 72 30 1 20 95 30 90 81 13 44 100 92 17 45 37 41 89 88 92 42 90 31 76 50 20 81 63 84 81 74 85 69 99 90 41 67 96 2 69 50 45 96 29 61 64 87 11 75 20 60 36 29 81 7 86 20 77 1 60 38 56 81 57 78 72 16 34 23 87
42 23 65 38 64 31 42 9 51 78 5 52 98 54 28 59 28 93 17 73 72 44 27 43 3 68 43 68 56 58 66 50 22 95 16 25 48 67 35 97 58 28 99 22 48 10 40 54 3 65 63 76 95 80 63 72 63 15 9 3 63 85 45 16 17 94 21 96 16 70 5 90 66 39 97 85 70 50 32 58 42 78 19 89 21
73 22 6 84 34 66 83 31 25 78 34 97 88 36 29 53 66 47 57 62 15 83 97 64 39 41 34 73 57 14 44 84 60 86 57 53 59 36 35 81 81 2 60 57 42 73 87 25 76 20 98 65 52 1 68 75 46 15 77 17 88 20 97 19 79 75 94 14 47 40 95 35 11 81 71 63 84 99 34 70 11 71 21 23 77
86 95 59 57 47 40 5 87 98 49 59 76 14 68 74 87 68 21 71 52 69 32 35 3 27 14 9 70 5 85 61 19 86 76 27 63 47 16 28 100 97 5 58 78 77 83 59 49 44 41 61 82 86 86 6 11 4 62 56 63 29 22 85 52 47 35 80 51 1 68 90 4 86 52 88 46 69 76 17 95 57 3 19 100 96
53 58 4 12 71 32 89 4 95 34 30 56 38 83 7 64 76 96 41 27 21 14 32 48 68 57 37 99 46 48 60 81 40 5 66 45 48 99 49 55 72 88 29 17 67 57 65 22 76 69 62 75 63 19 39 55 69 22 24 86 64 15 95 61 30 59 85 96 14 27 72 90 14 94 15 28 41 1 81 44 13 79 48 77 36
86 3 56 73 56 12 19 62 7 23 42 45 47 54 6 32 92 62 46 21 78 82 56 69 92 12 88 32 70 84 18 33 78 61 1 16 85 7 8 44 50 81 33 25 91 71 75 71 55 99 14 15 8 13 58 86 6 58 87 16 69 14 92 17 90 53 95 36 74 27 97 65 59 12 71 68 16 29 78 97 61 93 76 36 94
19 93 78 10 93 50 68 20 88 43 73 34 80 29 64 29 41 79 58 77 9 77 93 24 43 61 20 30 62 44 33 35 13 23 26 84 87 91 13 87 47 12 56 98 61 63 74 11 87 46 16 31 13 96 6 29 67 23 13 88 48 7 14 79 91 53 93 30 85 41 3 24 16 92 24 91 8 35 74 76 38 99 37 31 30
57 95 70 37 51 64 73 20 36 77 62 86 18 6 31 76 8 84 11 14 89 4 46 47 15 45 74 63 93 15 44 52 16 4 45 14 59 81 32 86 30 8 32 9 54 51 100 30 78 4 57 53 25 17 41 74 16 87 59 99 14 7 86 43 22 100 18 98 46 30 94 27 80 15 64 43 80 48 98 14 7 18 85 100 10
99 7 84 15 56 27 81 19 6 78 81 38 76 6 57 36 44 11 42 1 59 2 68 57 31 80 73 66 94 12 76 77 5 58 85 89 73 57 13 67 93 25 20 70 27 22 75 54 65 83 92 61 66 12 44 7 83 24 49 22 80 18 37 43 26 8 25 23 40 68 8 87 3 46 12 22 36 74 1 75 2 41 10 41 46
54 26 83 68 31 69 89 85 4 20 12 89 26 63 76 55 37 67 80 21 27 51 51 36 78 71 95 84 20 66 59 43 79 100 1 80 29 93 74 76 13 19 92 37 86 57 22 1 83 65 17 11 2 43 33 40 19 8 16 97 99 8 46 64 22 84 15 30 96 57 84 57 82 8 74 11 75 23 47 99 98 1 93 44 77
66 94 64 2 17 84 45 73 5 16 55 46 43 95 77 24 34 50 99 87 89 46 8 68 11 28 56 21 46 24 77 31 80 99 58 42 26 36 50 91 82 42 49 92 49 21 79 17 70 36 15 11 86 80 40 62 85 60 29 96 90 42 71 23 30 37 36 44 96 25 77 87 83 17 44 25 28 69 97 21 16 42 50 61 39
57 83 35 88 51 70 7 18 91 22 28 61 83 68 10 25 63 45 38 86 77 43 71 17 35 92 55 63 4 91 50 2 89 97 6 80 39 18 58 31 33 90 9 78 53 75 73 21 94 7 83 28 62 39 70 21 51 2 72 29 89 19 22 4 16 64 68 10 61 92 46 36 59 64 67 92 11 51 20 50 30 9 47 82 54
39 97 63 11 71 4 72 32 3 37 67 26 68 92 94 21 97 71 43 17 63 51 70 7 70 60 57 66 47 78 95 60 45 57 85 37 67 70 22 24 52 18 62 63 55 36 48 47 99 62 95 62 73 74 30 50 97 57 11 97 56 56 32 74 5 77 68 67 66 16 76 98 19 13 50 41 96 19 61 68 20 71 80 1 78
55 46 55 15 99 41 62 35 7 44 5 79 33 89 41 98 26 39 19 42 90 46 20 92 22 39 59 12 8 14 8 66 78 51 35 12 40 81 75 86 65 56 58 65 29 25 66 97 8 60 13 42 16 73 71 48 24 51 62 95 41 80 51 38 93 96 70 31 98 47 86 71 17 10 41 18 26 49 4 72 99 84 23 1 13
37 81 18 27 15 25 27 97 79 39 76 11 52 62 36 4 72 73 46 13 75 42 33 82 59 62 87 45 28 47 1 62 98 63 42 12 20 80 21 63 77 72 35 17 90 53 9 98 85 36 96 57 29 41 62 44 92 12 11 89 18 63 97 6 16 47 61 97 21 21 64 98 81 84 14 27 95 38 76 22 65 11 76 34 80
73 26 32 10 44 17 70 74 32 93 99 31 87 40 51 30 89 35 59 8 13 33 95 62 41 16 60 96 32 60 46 86 67 41 86 98 44 20 39 80 45 60 2 49 18 98 46 90 87 76 18 84 14 60 71 12 100 46 10 65 82 34 39 31 44 3 30 29 50 25 33 51 63 90 13 33 6 93 20 99 34 31 99 42 71
38 89 42 67 70 86 33 97 23 43 34 40 39 63 11 16 16 28 45 66 53 99 52 33 63 23 6 71 76 36 88 71 1 40 10 21 51 20 73 75 88 61 81 33 63 86 65 97 56 56 73 16 38 44 23 24 25 75 60 13 50 34 12 62 37 12 94 13 47 91 45 76 69 65 95 22 57 12 63 31 35 48 29 55 84
37 77 46 16 12 65 97 7 65 48 49 45 9 29 20 65 86 36 13 28 23 96 89 7 25 15 75 31 16 50 25 43 24 87 45 10 82 22 26 1 33 91 38 77 52 11 12 14 53 70 76 77 88 79 70 67 57 86 64 85 56 73 96 63 2 21 75 34 39 63 71 86 5 10 79 41 41 13 57 15 16 94 92 69 38
43 25 25 40 33 6 72 9 17 84 31 12 63 50 5 44 35 45 61 87 15 18 99 58 49 30 53 25 78 27 78 96 37 39 49 66 40 14 74 4 96 86 32 67 43 59 34 73 15 10 7 99 33 45 40 96 86 9 35 85 62 97 88 66 19 17 41 15 34 63 19 39 13 2 65 50 94 8 63 64 85 38 60 57 80
32 39 49 79 97 66 98 14 77 45 40 68 85 88 12 53 25 21 14 39 12 23 37 77 75 48 4 87 14 50 20 42 84 41 45 37 26 78 9 97 49 24 44 19 14 36 52 12 22 77 4 13 40 11 12 45 44 48 100 83 68 53 57 97 99 38 74 86 72 16 28 96 7 8 29 75 1 66 95 78 21 37 91 19 90
93 48 81 16 32 34 16 28 67 99 100 71 91 23 100 52 37 34 97 56 96 9 67 87 7 68 83 98 94 84 91 24 83 45 98 31 21 23 98 26 24 67 74 58 49 79 74 16 1 48 82 30 52 35 1 79 60 84 80 39 7 21 52 29 27 41 44 85 60 84 84 18 22 37 18 48 93 93 56 60 5 85 29 59 51
72 16 33 74 30 99 31 80 50 98 89 70 97 75 98 92 73 44 36 58 26 67 78 96 15 98 83 87 46 78 11 33 95 42 79 3 50 95 15 49 33 34 90 76 19 65 28 42 94 71 74 64 95 14 56 13 98 2 3 2 36 89 61 63 57 12 83 46 52 47 10 28 78 26 62 97 62 9 32 66 42 67 91 70 6
20 45 1 40 85 52 45 86 35 75 31 28 80 18 12 82 62 15 19 60 27 10 14 82 4 1 68 25 50 6 17 2 17 33 62 40 60 100 65 32 34 23 24 38 45 52 35 6 93 85 43 72 20 62 1 24 94 24 77 53 39 76 20 1 65 77 31 64 92 100 67 94 70 81 33 96 17 56 16 18 57 45 12 45 7
77 93 70 3 84 66 83 51 73 36 58 56 56 45 75 62 91 42 51 7 60 10 17 68 52 59 52 67 84 55 11 44 81 52 23 15 57 89 88 83 83 88 19 92 98 44 8 97 47 69 76 32 98 38 2 19 16 63 74 79 70 64 68 83 31 45 52 24 54 8 67 30 44 96 74 92 80 94 7 70 72 6 66 94 9
44 50 26 77 71 30 57 84 42 28 50 49 30 86 80 40 31 100 48 12 32 4 86 63 32 84 34 35 65 88 79 75 62 12 50 13 35 4 89 66 37 57 3 68 88 98 95 49 47 66 82 37 52 18 27 95 84 69 79 46 79 36 4 95 76 21 13 62 38 78 62 33 9 70 32 4 2 87 95 2 36 58 41 5 51
1 14 99 29 27 28 79 47 55 21 67 42 46 41 76 78 68 95 29 86 51 45 40 4 58 75 43 96 85 77 39 8 42 19 47 45 29 68 7 63 6 81 5 16 63 74 64 32 66 29 16 95 27 59 32 26 33 72 1 82 63 30 58 33 9 34 27 89 24 35 29 37 44 76 10 76 19 79 14 63 87 46 1 27 19
93 18 58 42 77 66 65 12 58 2 16 62 6 50 76 89 40 58 89 77 70 57 94 47 34 18 14 83 11 24 31 9 43 26 76 90 2 83 13 99 54 45 84 94 73 17 90 82 23 53 91 42 89 47 65 9 7 83 58 94 2 65 86 17 50 78 65 74 89 47 7 6 46 18 29 55 29 94 76 58 34 84 54 91 9
84 67 3 34 23 49 42 51 51 50 67 1 89 85 63 92 39 1 80 37 83 73 32 79 51 87 3 71 73 91 46 87 33 95 92 48 23 88 23 37 63 92 31 7 26 75 91 9 43 94 25 94 49 92 88 78 29 73 6 35 50 96 91 75 31 94 85 54 87 76 26 26 87 61 89 93 49 64 15 88 73 54 77 68 85
84 87 15 43 45 39 74 11 91 83 47 33 36 84 20 27 43 8 20 76 73 6 65 36 78 17 94 99 82 39 75 7 93 65 2 95 91 60 91 22 5 67 38 75 95 4 93 95 97 6 81 72 16 27 54 57 94 59 91 27 38 26 31 94 20 67 82 96 47 29 99 60 43 88 7 27 40 74 29 99 32 39 44 60 29
93 6 67 82 11 22 48 12 49 75 2 37 62 9 7 96 27 20 41 26 50 63 31 83 12 27 84 8 11 8 68 66 62 74 92 13 2 46 82 25 3 96 19 79 18 14 77 25 39 63 86 21 94 94 16 39 64 58 87 37 36 100 53 9 91 75 7 56 74 74 6 24 60 40 27 97 78 94 54 16 29 3 25 15 26
66 4 70 44 61 65 24 27 65 48 8 39 15 18 25 79 75 67 86 16 38 83 74 5 83 75 57 98 53 16 63 48 45 33 34 12 72 15 90 32 40 79 15 96 80 32 68 22 58 6 11 47 46 81 91 40 84 75 76 18 84 23 77 28 68 37 73 30 57 67 16 55 84 43 72 77 55 100 95 66 69 2 55 29 60
75 81 77 26 41 46 70 51 80 2 91 81 100 13 65 64 26 62 4 27 63 99 60 76 56 27 48 26 40 72 19 51 18 67 6 83 20 90 8 45 28 25 86 47 81 39 70 31 30 62 49 83 17 8 61 57 55 43 87 100 36 5 82 83 99 45 42 12 13 30 61 11 91 30 20 63 70 2 4 97 27 86 58 76 44
38 96 99 90 94 85 14 46 39 9 91 80 8 1 84 14 48 60 45 17 67 23 67 33 13 83 85 15 35 40 11 78 92 31 7 95 15 56 66 57 23 23 53 20 79 54 9 68 91 3 69 38 65 4 31 54 26 1 35 5 90 7 17 39 64 20 6 6 38 82 33 98 45 47 50 12 60 70 91 32 10 23 46 17 6
35 4 19 40 19 6 54 49 18 71 50 95 91 96 10 94 29 90 46 99 71 24 33 37 43 60 35 58 56 2 61 52 52 44 24 84 72 70 4 68 79 97 73 43 85 87 48 2 68 19 57 26 98 86 100 77 22 97 58 53 71 2 83 83 33 75 53 82 80 18 62 32 1 7 53 40 77 41 68 43 93 93 90 76 48
94 34 34 54 19 76 21 11 51 82 95 64 22 89 13 72 21 55 63 3 21 35 22 80 87 33 88 85 9 52 76 63 74 6 45 64 81 48 57 23 76 23 46 52 66 60 38 55 41 20 51 88 38 83 77 30 56 29 8 64 62 17 89 93 79 31 36 47 14 51 6 38 78 81 51 32 74 90 79 82 65 44 22 6 14
29 5 49 49 44 34 33 64 19 59 56 11 59 39 7 98 6 89 17 91 37 23 1 52 24 59 44 86 54 60 84 78 16 30 17 7 47 18 62 90 26 88 71 98 57 76 59 47 93 62 100 74 66 60 77 91 20 51 41 74 81 89 95 35 18 63 20 44 9 46 1 34 19 10 8 55 89 98 61 47 69 46 10 62 47
78 92 44 68 50 69 40 84 28 19 10 35 33 83 3 85 90 35 47 47 46 43 59 98 76 71 36 31 21 100 15 6 27 96 37 16 77 87 4 58 98 67 96 79 32 45 51 47 62 51 31 62 92 70 40 100 83 1 72 28 91 54 20 74 28 9 83 34 65 62 19 68 89 50 99 22 61 20 18 38 62 4 72 78 70
49 19 79 9 2 60 97 91 52 93 30 42 11 9 95 74 81 1 17 68 57 19 7 98 86 32 69 15 63 78 68 19 14 59 12 12 35 45 5 81 48 90 24 64 64 64 34 21 17 100 40 36 86 6 73 17 4 29 25 30 58 50 24 49 85 87 31 45 82 53 12 91 52 56 53 41 62 15 6 97 67 73 86 20 12
3 58 19 31 20 36 87 31 14 61 79 45 61 84 56 55 89 19 99 79 65 3 85 37 71 59 88 45 88 49 69 30 59 10 10 18 44 24 93 38 3 41 49 11 22 45 33 8 98 22 45 15 79 10 4 67 1 63 19 23 91 14 85 49 40 56 68 77 19 48 43 68 78 92 15 68 50 84 54 32 11 7 59 98 25
88 6 34 65 89 1 28 26 34 2 22 3 53 19 95 13 99 15 8 4 97 90 50 1 72 59 25 74 94 31 50 28 70 82 55 5 16 98 100 38 8 31 18 29 8 25 6 66 95 13 12 58 55 30 98 27 93 20 71 31 59 85 43 68 64 90 82 36 19 70 27 34 40 36 16 82 1 71 90 1 77 97 35 87 56
76 70 96 99 26 77 60 52 9 44 73 62 72 66 75 27 59 57 25 41 56 78 91 50 96 43 40 83 38 2 37 94 69 26 36 26 47 73 73 8 40 11 16 56 64 72 28 67 69 92 85 9 42 82 100 83 77 75 98 100 25 71 38 11 67 92 71 75 28 44 63 34 98 13 35 3 83 29 51 36 17 98 61 43 97
100 78 15 95 11 59 26 12 7 17 31 75 12 84 35 76 64 95 29 30 97 88 46 16 76 3 54 64 30 19 77 14 57 71 24 19 41 13 90 53 83 18 84 18 35 15 16 18 82 33 7 70 75 68 86 19 23 21 94 38 62 58 2 7 16 93 31 42 93 68 72 82 100 47 68 64 93 54 5 11 75 76 20 19 23
63 81 41 36 54 78 17 17 79 79 89 56 93 56 33 10 36 39 89 51 88 55 93 32 18 89 19 55 66 35 57 75 30 31 2 54 62 53 30 35 74 92 54 84 51 20 57 5 75 63 6 48 66 12 58 93 97 17 17 43 8 73 100 71 98 53 55 24 13 33 99 12 16 30 5 85 13 26 100 78 16 72 68 82 44
64 72 52 24 62 44 72 49 14 45 20 50 61 65 90 52 15 41 82 99 2 71 56 1 84 53 59 78 27 62 3 9 40 88 57 89 80 30 54 15 21 7 43 29 32 60 4 78 40 19 97 36 18 65 89 83 43 95 51 21 37 10 27 53 41 83 40 37 61 18 95 73 77 32 79 91 83 45 81 66 89 66 33 8 10
39 4 53 25 42 39 34 92 13 22 76 81 10 83 60 47 67 89 36 80 15 53 84 100 73 43 28 17 5 30 50 23 70 20 20 69 74 48 50 78 99 74 97 99 71 14 96 34 14 83 95 91 86 59 51 60 44 73 97 99 27 5 24 78 69 78 79 97 92 10 2 34 44 82 38 21 17 88 39 34 93 84 7 58 83
99 83 85 96 24 67 19 45 87 100 68 38 14 64 67 91 35 10 63 37 55 80 37 22 87 15 30 77 3 92 2 88 34 27 8 12 13 34 25 72 92 91 58 5 94 11 58 3 83 67 23 87 69 90 85 10 28 75 53 79 76 16 57 14 35 18 88 65 59 73 42 50 74 82 36 28 46 66 51 39 60 38 18 13 94
15 85 15 59 75 23 14 12 59 85 11 69 40 52 100 35 78 56 65 40 3 48 43 27 22 29 57 78 2 76 5 54 19 83 61 23 91 98 46 98 40 80 21 67 6 62 97 54 86 67 93 91 97 24 96 44 18 62 36 75 62 37 3 14 34 23 55 11 13 84 52 3 53 83 86 29 29 62 21 81 82 17 64 96 33
58 14 33 92 89 56 14 22 21 33 56 68 98 90 34 13 86 12 96 100 35 1 40 53 90 41 2 77 75 22 53 61 67 67 21 33 52 80 47 82 93 77 26 57 33 71 69 34 22 56 70 19 84 71 96 96 82 18 18 88 2 51 52 50 5 9 67 85 77 73 53 63 25 3 31 98 67 35 15 59 19 64 40 63 71
59 5 78 12 26 22 89 88 40 17 41 46 62 11 99 34 16 52 80 82 84 97 31 63 31 71 20 54 35 9 80 87 8 7 89 12 7 60 53 20 65 78 23 59 5 74 32 49 27 3 80 67 55 49 34 6 20 57 75 39 59 94 91 68 94 81 61 27 68 30 37 52 78 53 77 83 68 63 54 71 61 46 15 34 17
4 45 44 28 26 8 79 25 52 29 46 73 66 93 56 49 43 84 68 97 59 62 45 71 11 13 65 64 86 21 32 16 10 33 81 6 85 96 13 36 77 52 30 18 30 32 100 29 57 47 36 7 38 8 98 90 94 52 21 41 63 81 20 84 60 90 50 23 44 34 45 41 10 29 42 28 31 66 47 52 8 34 49 97 23
34 42 15 26 75 1 89 52 34 99 93 13 5 99 81 23 57 8 84 81 15 78 14 48 27 8 2 29 26 6 70 72 14 58 44 48 66 9 99 52 13 39 13 91 12 33 43 71 48 42 12 13 1 57 58 55 100 69 64 85 14 66 90 62 21 2 20 23 12 58 81 30 47 15 81 11 4 8 77 74 40 2 37 36 51
58 52 88 60 16 10 6 36 2 28 38 94 35 44 18 87 54 80 29 77 51 66 31 3 31 39 9 75 23 17 5 18 63 86 48 72 80 56 92 5 91 27 62 75 11 88 39 40 17 15 46 58 91 61 73 67 25 33 27 50 4 54 60 47 12 7 7 10 3 93 75 10 60 11 17 58 45 22 22 32 69 97 4 7 56
68 97 70 63 4 4 51 64 15 65 71 85 18 40 97 9 2 14 37 95 16 29 24 24 2 51 75 46 49 73 24 22 24 53 86 97 67 40 73 4 82 25 90 70 66 27 6 97 41 67 32 69 72 79 22 9 17 25 28 30 39 61 34 26 16 12 60 6 86 71 70 36 15 53 90 94 64 14 39 71 58 81 75 54 95
17 4 55 93 98 32 88 60 69 23 84 93 78 59 35 87 1 32 64 78 94 88 3 19 89 14 94 75 100 35 67 36 80 98 88 17 67 54 35 86 63 15 67 52 16 25 50 61 47 30 25 21 16 6 2 64 57 22 42 30 1 24 91 32 80 41 77 31 37 30 43 28 17 7 80 87 95 96 30 4 54 45 7 18 71
79 77 31 12 74 27 74 93 57 58 9 84 92 97 89 32 28 98 69 51 83 52 4 6 95 49 92 80 56 68 4 43 10 74 100 27 25 19 19 24 27 61 99 24 72 19 60 30 55 8 9 28 22 18 92 24 12 8 64 50 27 34 25 35 83 98 100 59 70 99 43 3 5 7 24 79 88 62 51 8 71 52 13 94 3
71 91 6 2 48 33 32 37 70 83 48 35 53 13 44 2 63 27 50 56 22 62 67 71 34 15 99 52 57 8 65 62 76 52 63 97 31 55 11 14 46 75 67 13 28 22 71 26 87 97 24 91 12 66 4 95 91 33 97 43 59 8 77 52 18 23 58 19 47 16 35 88 31 59 49 65 12 16 6 38 98 37 69 39 32
37 59 93 77 16 12 52 18 86 71 89 91 65 78 8 42 21 98 36 92 65 85 62 44 61 97 7 100 56 32 64 3 61 99 95 18 19 1 9 70 56 73 98 76 13 6 43 47 99 4 79 76 14 12 30 75 38 30 91 42 16 32 32 1 23 66 72 11 33 99 21 31 23 79 1 31 46 1 73 12 19 42 55 32 82
99 73 55 59 96 40 23 33 85 58 100 84 43 20 97 82 67 48 71 82 98 85 22 17 53 76 40 88 46 88 27 17 23 27 8 71 5 79 43 69 96 43 8 97 20 98 11 98 25 71 25 64 53 32 96 18 98 63 50 5 50 32 69 46 100 93 59 18 55 27 6 57 77 51 40 57 21 60 53 20 9 90 21 16 38
47 30 11 87 15 38 66 97 90 42 62 57 49 2 98 48 2 100 84 69 4 44 11 5 46 72 89 5 7 3 10 51 61 85 44 9 41 42 78 68 9 8 82 73 2 27 28 100 32 62 15 97 68 74 94 55 11 6 20 61 11 23 53 16 42 27 76 68 58 52 8 14 26 74 89 30 64 66 99 66 26 30 88 45 26
32 1 4 76 46 76 14 11 74 91 75 43 71 63 20 82 7 46 28 62 42 87 44 59 36 90 61 58 5 9 15 30 10 77 29 29 30 43 17 93 42 87 37 66 90 3 26 12 96 84 35 12 54 31 43 23 74 56 89 41 18 94 65 51 85 36 30 24 63 100 40 70 39 77 56 1 34 45 51 29 43 54 36 15 36
57 98 38 39 62 26 55 42 47 73 7 97 87 15 62 10 1 10 74 95 66 25 25 32 83 9 7 28 66 75 49 91 64 96 8 28 17 44 83 11 28 75 81 92 32 30 35 2 85 12 85 28 67 30 94 92 25 51 28 26 81 84 93 11 30 14 58 37 38 83 70 100 31 49 92 94 56 58 3 92 90 38 65 100 67
61 93 47 60 87 76 78 10 23 44 85 34 1 9 1 54 68 73 9 28 52 83 93 45 35 92 36 78 55 100 13 90 14 11 88 64 77 100 61 83 47 49 87 36 16 54 23 8 75 70 31 32 8 87 8 100 14 84 51 31 73 83 80 39 45 73 82 88 14 100 53 75 51 98 45 95 49 68 5 5 42 91 2 66 93
19 33 59 59 19 51 9 71 85 61 67 65 95 67 53 20 87 20 2 67 20 93 27 69 93 29 12 10 47 38 72 44 3 70 60 6 73 96 19 36 57 46 37 8 88 43 96 84 48 12 27 92 27 56 62 47 82 61 53 13 56 68 88 14 67 99 52 8 79 19 42 22 38 51 87 32 3 54 86 29 86 2 41 83 8
47 71 3 64 11 18 65 36 48 84 66 31 91 9 63 71 78 14 94 57 72 83 81 66 55 20 32 80 48 37 5 67 20 10 33 31 94 11 7 64 26 71 16 25 42 75 60 37 17 42 42 74 51 77 83 35 30 55 96 43 19 24 93 89 6 82 77 17 95 95 55 50 90 11 45 42 42 15 98 2 24 68 10 18 49
49 6 32 2 84 22 55 44 49 22 51 82 31 57 51 39 85 70 35 31 94 8 66 58 37 16 16 52 99 74 23 46 100 46 4 12 25 31 53 47 7 19 26 76 53 65 13 7 34 79 5 3 36 31 25 17 48 13 14 25 98 58 93 13 12 10 52 76 55 90 77 11 5 82 82 8 28 60 62 12 6 93 83 69 56
30 23 29 9 77 78 70 60 39 48 19 86 80 16 42 98 92 39 7 41 43 11 95 1 80 1 67 70 19 96 26 45 46 19 2 90 36 63 5 85 100 88 1 41 21 98 60 92 7 31 28 39 84 35 76 3 81 56 71 96 78 7 50 2 14 52 39 47 85 76 16 14 92 1 69 54 14 16 73 80 50 28 60 25 95
62 5 7 41 19 5 63 97 58 77 48 19 13 1 78 87 33 56 73 78 85 47 78 8 47 68 66 79 23 23 37 93 60 68 97 47 34 62 55 30 75 15 24 66 41 37 77 95 24 39 10 42 10 23 48 84 40 43 73 76 71 16 74 6 71 19 40 33 34 69 16 71 55 75 26 98 25 34 45 57 88 37 5 87 51
21 11 17 69 42 64 69 85 26 91 22 27 15 68 14 87 28 66 9 86 65 17 99 4 34 2 31 21 26 63 40 15 26 72 89 90 17 86 81 28 48 84 75 64 70 88 47 35 78 62 20 35 100 83 11 86 76 91 73 98 41 78 26 21 92 92 92 97 57 31 57 45 74 56 77 88 55 80 10 39 8 34 23 5 100
39 40 54 82 5 50 36 46 34 23 25 37 67 80 54 9 84 6 9 35 53 48 32 96 58 91 72 100 91 9 96 73 79 57 80 70 66 83 23 92 7 93 62 35 16 18 31 45 63 31 23 27 17 61 14 55 47 6 87 21 37 35 87 49 41 50 57 78 19 22 97 64 5 62 17 45 28 41 24 24 74 41 79 57 8
1 3 18 65 58 38 5 4 33 47 38 92 97 53 11 18 29 8 92 69 3 82 7 57 73 12 93 7 46 52 93 20 7 63 60 11 92 24 48 19 80 87 37 51 31 17 20 34 15 42 81 61 86 54 24 10 27 90 94 98 37 74 87 74 23 80 82 26 75 75 60 32 75 2 56 80 33 37 36 37 8 7 16 99 91
100 40 28 96 70 7 91 97 88 73 55 26 81 46 21 81 66 69 18 72 41 33 47 95 85 100 44 30 48 7 63 8 73 7 82 90 59 19 62 27 54 88 3 25 4 47 33 70 90 40 4 60 78 62 90 20 71 81 72 11 26 29 50 67 70 34 13 66 36 26 84 1 30 99 44 85 100 53 8 58 92 98 94 25 68
11 72 83 5 63 59 40 46 48 20 90 67 50 52 8 82 2 86 58 2 98 81 29 11 22 88 43 89 81 22 78 30 91 74 74 65 57 38 68 11 57 50 54 21 74 93 39 81 93 57 50 59 62 62 37 57 75 89 22 57 97 95 50 85 19 44 79 53 18 50 50 25 28 28 64 33 6 41 27 25 19 25 33 98 79
12 51 85 93 42 6 49 1 64 68 40 27 68 94 6 51 54 55 3 91 31 80 61 87 8 38 26 57 61 15 31 86 47 55 45 67 52 79 25 38 74 29 61 74 59 93 60 10 65 80 42 55 50 63 47 88 7 4 46 58 46 23 19 69 59 27 77 47 76 43 40 81 77 63 93 77 65 65 19 14 25 2 17 11 5
91 56 45 11 4 18 95 52 51 87 83 94 77 92 81 47 53 13 35 6 100 44 70 65 45 49 61 39 67 94 82 62 49 84 23 91 16 80 26 18 83 87 44 35 90 96 19 49 73 9 4 28 20 65 64 40 93 64 49 70 40 92 8 30 76 6 41 23 45 85 7 69 93 6 32 33 35 52 100 58 25 17 73 58 83
67 49 31 6 16 11 78 93 28 67 99 88 34 96 35 2 52 23 52 16 4 40 80 36 12 2 64 78 14 100 34 83 49 77 5 93 48 5 29 14 40 45 51 47 95 39 75 74 23 56 92 89 99 1 71 93 84 14 64 86 69 80 33 99 12 84 5 56 83 59 83 93 6 64 39 81 84 34 70 29 56 24 67 98 23
99 22 91 50 32 57 97 95 88 67 29 44 16 67 8 35 33 85 29 91 76 87 34 61 43 1 35 49 79 49 9 95 90 79 98 42 80 78 45 58 92 91 60 3 51 85 86 39 98 96 11 58 76 55 45 34 24 32 7 96 10 13 80 10 25 53 1 90 63 60 60 28 58 26 10 54 56 34 77 69 29 63 85 38 10
18 8 24 76 100 62 87 17 46 99 2 84 43 93 30 13 46 24 83 95 28 16 17 21 29 80 44 13 23 70 54 64 14 16 55 4 22 17 10 21 31 68 21 11 63 50 84 26 42 67 95 99 80 79 76 98 15 99 46 35 11 82 94 61 1 43 64 40 69 20 97 100 62 59 21 4 16 21 30 99 34 94 84 94 93
41 52 19 65 52 24 63 5 65 73 56 17 19 50 89 67 22 71 13 3 10 100 74 52 33 88 37 59 49 23 56 52 64 13 28 63 37 94 13 39 57 12 22 72 68 62 30 12 46 60 98 33 68 1 54 28 74 44 24 51 3 70 96 20 35 72 46 8 64 22 5 70 46 46 38 52 26 39 94 67 49 46 72 66 6
48 70 71 63 72 53 6 63 27 68 12 52 39 2 20 83 6 53 100 80 2 25 16 88 62 95 62 64 55 65 31 59 36 67 67 88 30 99 74 14 97 5 7 88 31 47 78 23 89 65 81 81 82 77 20 74 10 60 86 63 12 44 82 30 84 68 32 61 47 68 7 41 14 55 61 23 70 82 91 53 62 67 67 48 91
59 71 70 25 56 42 48 45 19 2 59 83 61 25 30 40 13 47 33 10 97 81 55 18 92 70 43 79 94 16 53 36 22 48 23 38 9 65 67 81 72 97 2 12 57 60 66 52 48 14 75 72 28 82 67 96 10 4 65 41 45 15 33 44 95 17 49 18 45 78 41 17 46 65 28 72 55 55 41 79 72 54 68 30 17
61 26 22 59 38 51 41 99 22 62 35 47 70 54 79 72 11 35 20 28 10 72 42 65 96 70 36 30 7 5 97 49 64 22 77 92 24 86 63 80 98 78 97 81 4 59 16 63 97 49 23 20 25 39 8 41 21 28 44 98 2 51 2 85 35 56 3 82 85 83 74 32 45 64 16 65 69 66 7 25 81 75 44 51 35
13 19 2 10 39 41 98 33 50 65 17 92 92 85 67 11 13 41 47 53 97 43 49 12 52 51 17 28 69 26 15 38 3 21 38 63 61 84 39 90 13 67 89 37 32 54 80 15 4 16 61 3 76 16 10 8 70 80 28 40 89 9 32 47 58 15 87 65 72 7 9 99 70 19 54 66 9 3 7 41 51 67 25 25 86
3 96 100 84 55 30 84 14 41 14 51 100 95 98 44 18 8 25 65 54 54 22 76 64 94 35 19 42 78 80 52 61 62 59 70 28 67 68 88 89 73 47 94 71 39 86 48 61 47 56 47 32 21 96 14 37 34 33 50 49 58 44 28 4 4 16 27 35 93 70 57 62 37 69 64 57 64 5 28 59 59 64 89 9 14
96 64 91 19 68 7 74 98 92 70 52 20 6 22 9 87 59 97 71 36 15 23 98 51 8 54 8 100 91 23 27 70 20 89 78 26 51 75 64 86 26 66 36 33 52 50 19 90 2 46 54 87 97 58 64 94 100 13 65 59 63 100 37 68 99 74 1 99 8 90 46 55 37 20 15 68 66 37 90 31 40 75 92 55 46
72 51 86 55 2 82 58 95 20 53 35 12 67 44 23 4 51 33 43 60 86 50 32 51 98 40 82 60 83 54 18 33 33 71 52 99 76 70 93 60 52 4 77 47 77 88 76 28 7 12 8 45 44 94 1 12 5 83 59 1 19 2 84 99 79 27 47 1 40 70 73 10 61 64 80 29 17 77 67 43 60 79 61 65 67
74 8 52 88 63 2 50 18 47 49 95 67 16 99 6 67 88 78 93 88 6 42 57 91 23 45 48 62 67 59 47 73 11 98 56 5 65 68 2 7 89 29 33 38 55 84 87 98 14 88 77 52 93 38 52 53 53 63 4 62 3 80 77 66 72 78 88 65 38 9 86 46 61 14 66 51 19 16 71 52 85 51 27 74 79
68 100 4 62 98 33 13 6 82 38 31 89 37 66 59 55 44 64 2 60 11 87 49 19 43 15 96 17 34 93 84 61 31 5 93 30 39 33 12 34 77 46 39 68 58 55 60 8 32 61 9 25 50 62 65 65 86 64 61 8 2 22 8 7 10 73 16 52 82 66 53 56 13 44 41 54 23 41 27 41 4 87 95 97 19
54 56 70 5 56 61 77 28 35 1 89 17 15 94 97 67 89 74 45 30 74 25 97 85 41 39 66 26 43 100 60 4 84 49 22 22 53 63 79 12 29 30 55 69 10 94 82 3 4 26 100 29 84 29 16 59 45 11 53 40 98 85 40 100 3 85 56 42 38 20 14 59 97 82 26 51 28 62 81 7 89 88 19 53 24
87 7 91 67 56 77 4 51 64 42 64 1 8 71 21 3 86 29 32 11 31 2 63 42 74 22 13 12 20 80 92 72 85 69 83 41 1 39 46 11 100 89 15 65 37 60 85 35 80 78 35 42 81 77 73 60 38 62 85 38 44 38 92 85 37 77 86 29 80 28 31 91 75 22 49 91 36 71 72 69 27 40 65 59 53
64 60 88 28 58 88 54 47 44 26 15 23 6 2 91 15 54 51 53 79 60 46 8 62 7 41 50 22 96 93 79 63 99 35 92 37 41 65 38 56 59 29 35 83 69 44 99 66 67 95 40 14 84 79 68 75 94 38 76 20 21 30 75 59 88 37 25 30 17 26 80 1 3 6 42 31 53 64 92 4 82 2 1 27 7
47 48 51 7 76 50 11 74 99 91 22 56 14 35 12 11 38 62 52 27 6 58 5 39 15 22 26 28 45 81 97 61 26 45 36 96 21 65 75 58 93 43 84 68 9 47 56 90 70 37 93 26 58 48 57 66 88 73 85 27 2 4 86 42 48 67 20 74 72 32 54 51 12 27 31 34 78 12 37 51 26 92 24 91 33
27 70 28 79 100 98 81 44 12 42 88 51 17 17 58 30 60 4 36 30 42 74 32 87 84 99 52 4 80 46 57 85 80 2 50 87 78 20 41 3 71 85 27 29 26 65 93 7 55 88 21 54 37 26 55 7 95 78 40 56 36 85 63 90 97 10 29 92 48 78 89 27 56 36 21 31 20 57 43 95 1 92 98 80 92
7 62 51 20 59 73 31 88 89 40 99 48 89 50 88 24 12 54 34 1 76 83 28 96 90 93 86 64 3 38 58 59 46 65 30 58 57 54 5 18 81 89 62 2 67 4 67 3 56 97 25 100 45 95 48 69 65 85 73 99 2 13 51 20 52 94 71 17 71 54 6 52 72 51 94 79 14 43 42 40 64 83 41 64 39
51 68 78 59 3 21 64 24 71 73 76 78 73 17 76 49 36 41 50 87 66 7 23 66 51 19 31 49 94 71 2 97 35 34 74 68 15 32 45 63 61 69 12 90 77 36 76 87 66 45 85 4 10 9 65 21 51 83 62 64 84 50 100 39 14 49 33 35 30 33 12 16 58 8 58 20 13 60 50 57 10 72 32 51 35
36 48 78 32 38 89 77 91 87 38 85 42 100 10 9 22 29 19 42 51 43 48 75 46 87 9 52 1 32 9 90 78 76 39 67 6 12 64 49 56 48 73 85 57 100 72 85 54 73 57 40 41 26 69 1 48 83 12 20 6 43 40 31 81 33 55 70 20 28 17 8 34 37 97 29 20 86 99 36 9 84 50 95 61 6
62 19 49 61 30 75 13 10 30 39 98 92 83 44 46 26 87 82 86 5 67 41 68 27 47 54 18 41 50 92 97 52 69 83 99 11 67 72 25 6 63 59 90 92 13 8 48 3 16 78 78 11 37 55 89 60 56 20 27 83 57 72 7 47 57 53 38 24 9 84 59 18 1 13 74 63 78 47 88 19 92 85 63 13 2
34 76 80 14 41 4 5 24 75 24 78 80 36 82 31 13 28 33 81 46 34 30 4 31 45 90 87 76 58 22 87 79 65 41 25 89 38 3 65 99 9 19 2 50 47 1 74 42 75 58 99 7 49 100 35 23 69 22 52 27 42 64 78 38 86 75 79 34 45 92 86 61 12 39 68 15 32 39 71 1 20 49 20 75 3
61 56 72 78 66 35 86 7 48 21 78 92 71 16 95 61 36 28 60 97 21 41 96 19 35 75 86 5 60 38 68 1 85 21 37 34 65 96 65 83 56 67 13 82 59 18 54 50 56 5 59 46 24 89 31 23 43 55 49 10 70 94 48 29 36 8 28 19 100 96 70 38 46 81 76 77 95 37 37 15 75 92 60 24 37
48 33 78 38 49 60 98 85 83 89 37 90 38 77 28 44 42 22 41 30 74 49 86 47 28 95 67 7 73 5 92 26 18 30 79 31 70 46 92 75 55 78 84 79 14 83 19 81 28 53 23 97 41 96 24 60 4 51 47 55 72 42 91 27 94 26 46 88 3 76 33 8 59 9 37 42 21 49 21 39 4 3 92 91 59
81 34 90 20 35 39 32 69 58 61 32 11 78 48 86 83 86 63 76 16 100 100 57 52 41 87 93 25 60 16 51 23 79 47 73 6 58 30 15 81 63 64 63 74 94 53 16 91 87 94 76 2 58 54 64 39 16 50 63 15 54 61 80 11 38 25 16 12 5 87 92 34 18 97 95 28 51 96 83 26 76 63 17 90 83
2 54 75 27 24 19 21 87 44 83 57 28 10 68 66 90 56 90 65 86 39 43 66 12 26 72 74 31 88 7 53 18 67 88 27 54 20 84 76 49 7 20 83 64 98 42 12 62 4 70 85 40 7 38 49 92 90 55 95 20 48 39 49 76 19 92 56 16 87 58 59 66 30 70 77 68 46 71 63 44 70 79 41 14 60
77 81 53 45 48 78 77 6 28 77 22 90 87 72 71 63 11 19 96 29 88 97 78 9 3 70 30 49 62 89 46 90 85 12 3 33 19 76 78 87 62 6 61 98 73 96 21 1 80 93 77 18 73 3 64 78 2 14 52 67 93 45 49 29 78 86 65 31 68 47 40 65 74 66 42 59 91 79 51 75 44 42 30 8 51
28 70 29 90 100 20 8 92 32 83 64 66 87 36 39 52 66 14 82 85 94 19 25 27 16 45 83 80 42 34 91 24 49 41 6 93 16 88 21 69 11 78 33 81 75 38 72 14 10 67 17 48 30 52 75 38 23 18 85 64 1 1 37 84 10 45 88 87 49 46 27 69 38 76 99 28 52 49 81 57 34 57 7 62 87
4 66 39 76 73 2 7 37 41 62 73 61 50 54 40 72 5 92 13 40 2 34 98 66 79 5 29 52 60 35 78 79 14 20 36 59 1 6 48 83 11 35 66 44 50 46 53 30 50 44 26 20 67 88 25 96 81 40 19 7 49 37 20 94 1 16 55 39 26 88 95 73 19 1 80 86 91 67 54 31 45 44 62 59 9
64 66 4 87 15 73 86 91 78 61 55 43 10 98 94 22 5 15 40 94 66 14 13 33 18 73 36 56 71 57 25 91 13 23 3 19 44 84 53 13 61 10 61 11 67 37 4 5 57 83 70 3 42 36 49 96 80 93 4 64 96 20 74 61 83 71 27 47 68 18 72 39 42 42 31 98 65 59 82 17 98 96 37 13 77
3 89 49 98 17 96 36 98 49 48 64 61 62 20 60 63 65 1 91 74 3 94 2 30 5 24 36 10 54 80 98 44 78 62 78 4 97 12 77 89 3 31 79 33 80 79 80 55 54 5 14 77 66 98 61 36 40 84 69 85 64 64 64 8 65 1 59 79 56 93 97 75 71 76 73 35 21 66 28 94 23 19 38 51 100
32 17 85 26 91 80 59 72 68 42 65 73 30 71 48 21 23 73 67 99 51 6 74 72 81 47 48 6 12 96 96 88 75 17 94 99 90 28 37 16 14 38 92 5 84 35 88 39 57 13 18 69 24 57 100 16 50 35 11 78 6 12 21 47 97 57 62 46 97 82 30 89 25 56 12 5 64 95 10 11 74 57 50 53 61
34 51 81 90 15 55 28 67 65 23 32 84 92 97 30 89 59 4 83 35 10 49 52 39 48 46 60 22 1 77 7 68 21 54 30 52 29 58 39 39 15 39 65 72 79 77 66 68 68 31 52 88 9 54 47 31 45 26 1 6 46 8 81 12 18 69 87 17 24 20 89 37 42 65 3 65 45 36 46 3 6 87 52 41 2
97 94 30 1 34 68 57 46 82 76 29 85 94 72 49 6 27 97 49 71 85 34 24 64 76 5 31 29 82 72 9 7 85 9 81 61 49 78 87 95 52 99 70 2 4 21 62 11 94 27 78 84 26 97 2 39 64 78 42 33 11 49 78 89 63 68 42 49 74 15 58 25 8 25 78 67 61 18 48 49 6 58 63 52 9
47 32 24 26 100 37 89 24 93 55 16 79 72 4 100 41 20 63 90 90 38 11 16 42 34 99 43 46 42 84 89 75 89 78 24 16 63 93 82 16 12 91 23 64 90 49 52 27 99 99 70 92 35 11 21 95 52 24 93 15 8 23 66 35 95 94 9 68 99 41 48 51 92 80 43 29 66 49 55 12 91 35 52 40 20
74 40 100 64 96 87 69 23 60 96 89 33 74 53 71 65 13 57 72 88 54 17 9 63 51 14 52 49 62 44 60 82 85 64 22 73 41 8 79 93 59 90 47 52 99 58 16 75 39 98 26 44 53 29 31 80 21 18 11 94 78 66 10 47 7 97 1 74 11 80 25 9 21 77 23 62 3 14 44 94 54 22 67 43 89
6 16 87 99 33 6 23 52 6 53 78 2 68 91 23 82 59 51 83 66 7 18 60 82 9 59 93 10 83 45 26 10 20 75 59 69 59 23 85 27 99 78 85 86 26 43 84 5 32 20 75 32 80 68 81 76 64 73 58 64 35 55 50 93 93 24 90 40 74 57 8 11 11 41 97 66 13 63 31 84 43 12 67 46 42
69 93 39 6 14 79 63 1 54 43 72 18 87 75 88 88 90 76 42 46 36 13 2 50 48 81 22 94 60 91 46 89 43 53 18 84 72 78 84 33 16 99 47 62 90 21 53 99 40 11 23 88 79 57 18 14 9 66 93 31 6 72 29 67 33 89 88 79 53 95 27 62 100 14 42 5 2 62 63 35 59 21 46 15 53
90 96 61 29 90 20 21 70 49 40 88 85 21 60 33 67 90 15 42 69 7 86 54 42 93 4 22 51 32 62 89 32 26 44 36 79 49 28 41 66 49 9 87 22 30 27 98 62 28 70 94 26 31 31 70 90 70 64 17 86 33 41 95 54 79 54 9 22 34 99 74 34 90 59 28 49 74 42 51 92 6 9 12 90 67
70 14 98 86 69 94 87 95 38 98 29 61 48 90 83 61 84 73 28 44 20 15 82 11 75 42 82 14 65 69 31 17 6 96 49 59 29 100 17 66 54 60 73 65 39 76 82 28 79 66 18 71 19 93 74 43 98 33 68 26 25 29 42 44 46 82 20 69 71 65 6 93 97 27 34 22 95 25 37 20 95 20 41 81 80
7 55 71 66 22 86 66 37 85 64 23 34 45 51 13 31 77 5 79 92 48 70 96 51 27 80 76 73 42 98 73 42 38 74 37 99 96 36 28 60 13 85 80 91 51 86 66 31 76 62 78 99 5 79 83 96 48 10 23 71 3 56 1 24 36 64 95 51 16 12 21 89 71 51 96 70 64 50 79 80 54 26 81 88 67
40 20 56 76 3 55 23 23 3 5 18 65 57 59 11 27 60 3 93 38 44 79 48 36 4 45 35 74 5 8 72 55 68 91 43 49 62 20 96 88 43 3 75 4 56 7 20 96 49 9 88 36 9 85 57 65 7 71 92 62 55 54 27 63 42 99 74 14 88 30 45 29 31 3 55 7 65 71 62 22 7 95 14 27 1
18 27 39 21 30 50 18 53 23 8 41 51 79 76 16 99 46 94 74 75 17 65 95 63 44 29 4 95 96 25 32 1 76 45 30 56 6 40 58 27 48 15 72 16 74 97 64 2 94 66 79 98 99 24 35 83 94 10 5 69 46 59 54 55 85 84 50 99 92 63 88 57 91 99 55 69 65 30 79 38 37 12 56 41 44
40 14 88 56 24 38 66 85 96 2 1 33 66 98 96 40 77 96 29 2 27 61 49 99 38 27 37 46 54 10 22 16 44 62 58 69 69 10 20 14 72 33 69 7 53 15 37 13 3 13 28 50 98 97 16 55 46 52 91 13 96 66 73 90 4 23 86 40 40 2 16 90 86 87 81 78 44 49 29 31 32 22 47 31 3
45 48 61 55 76 7 12 77 11 16 77 44 22 8 74 21 12 83 51 35 6 88 85 44 84 28 7 80 19 88 76 26 2 28 59 96 47 60 53 23 57 76 16 60 44 37 93 74 24 2 47 42 53 98 31 1 14 41 46 37 83 41 29 65 13 4 91 40 96 53 66 96 8 13 55 27 68 98 20 26 68 29 62 85 70
40 36 85 98 82 76 70 63 63 85 28 93 8 74 64 19 44 95 61 74 24 19 18 1 82 47 46 24 25 30 22 75 60 26 85 92 34 44 38 31 82 37 24 49 48 33 22 84 79 47 44 22 74 20 84 66 33 79 46 79 79 71 3 91 45 83 47 11 60 45 18 74 46 88 89 33 31 32 38 75 54 49 41 92 40
8 60 44 11 79 71 23 58 69 3 9 19 15 65 36 70 80 67 3 2 52 90 62 35 43 14 61 25 12 67 54 68 94 34 67 18 19 80 18 58 56 37 28 50 14 52 31 21 25 56 32 98 70 48 96 68 62 42 65 88 98 20 48 21 34 64 33 35 46 74 18 23 58 41 2 14 39 45 23 84 56 87 29 63 80
42 24 86 64 52 36 39 61 82 36 14 89 76 80 59 100 49 87 35 95 4 94 94 30 84 91 18 61 32 52 15 99 11 15 87 93 86 85 88 45 25 79 10 42 20 19 90 77 11 47 43 51 67 62 29 70 9 95 64 100 96 63 28 13 72 5 50 49 40 59 6 79 9 16 5 27 55 33 36 100 12 42 9 10 79
22 63 81 6 70 49 93 21 35 32 4 2 68 4 51 12 78 52 98 78 89 21 24 14 100 66 27 85 41 8 34 13 90 58 55 94 21 36 20 70 19 43 61 5 68 48 20 62 96 56 65 73 33 89 64 71 36 51 74 97 35 51 33 65 64 81 36 12 16 68 38 55 48 8 56 63 11 65 25 45 72 73 33 13 27
45 79 28 68 52 76 80 50 16 64 30 96 14 16 10 77 97 82 39 34 14 62 11 74 86 78 65 26 45 93 95 43 60 42 91 47 63 4 47 15 47 48 26 27 61 22 17 51 13 13 96 23 38 26 37 46 46 91 59 54 43 61 7 96 4 84 71 30 19 66 38 41 5 59 38 42 13 63 2 83 46 14 74 31 3
48 48 68 61 21 7 42 47 94 1 69 65 22 81 26 79 33 64 34 11 99 31 98 47 23 17 82 37 51 29 6 41 42 90 19 100 99 83 28 12 27 16 73 36 19 89 83 82 68 20 97 6 38 10 83 77 48 20 77 25 77 13 48 51 68 46 98 23 99 37 18 96 14 54 30 61 22 36 98 100 79 2 92 26 52
27 84 51 85 57 44 37 35 99 6 93 59 9 19 6 76 47 81 26 75 63 67 43 40 95 82 62 51 2 90 79 60 3 18 62 61 52 81 72 3 92 2 21 15 15 53 82 27 79 15 3 23 92 1 38 18 12 25 66 89 33 86 72 96 15 100 52 92 93 70 14 99 46 43 82 38 77 70 45 17 24 40 57 24 45
61 48 98 6 48 23 49 45 87 82 34 1 9 62 49 12 59 12 7 34 38 94 65 100 56 6 3 1 69 100 56 87 26 38 74 96 27 15 43 28 99 93 37 78 55 53 19 88 70 85 5 37 39 25 46 63 69 15 59 81 61 55 83 56 82 97 72 94 8 5 94 77 12 26 96 95 3 80 44 59 60 46 62 82 70
72 9 64 65 41 95 54 16 62 86 41 22 8 40 55 7 26 61 66 55 62 63 44 18 93 29 45 29 26 43 32 61 51 64 5 39 83 88 67 24 61 69 44 79 72 18 23 13 28 23 60 94 69 23 67 56 52 36 85 15 66 15 68 74 83 86 99 25 48 19 51 18 34 61 42 5 54 100 41 10 45 68 40 45 61
11 62 82 16 92 31 99 86 73 11 16 12 23 35 33 56 97 90 33 77 7 54 78 50 75 47 53 51 93 38 45 87 42 37 97 82 71 7 52 2 70 16 4 61 36 21 33 26 4 65 49 17 33 76 94 22 20 94 6 58 23 43 65 75 85 68 41 72 31 5 73 78 60 75 25 50 79 76 83 76 45 93 67 10 51
89 83 54 45 34 68 59 41 80 73 2 42 20 2 96 71 49 62 28 71 6 48 40 42 89 50 53 74 15 50 26 54 90 32 44 16 61 11 67 23 84 55 95 63 60 45 81 87 64 97 43 53 21 89 53 49 41 40 33 52 23 70 96 61 71 3 43 13 34 91 65 19 67 98 98 33 23 1 51 50 71 94 87 36 87
33 36 53 23 98 83 97 47 67 80 48 32 3 29 12 8 46 59 14 4 33 70 48 5 92 8 19 30 58 43 49 95 34 87 28 37 22 19 56 10 62 89 91 88 35 71 73 69 58 73 75 74 57 50 82 28 13 90 12 60 32 49 68 31 73 32 66 57 92 96 73 100 87 73 97 41 45 32 22 78 29 9 85 85 79
81 28 8 28 89 45 98 42 92 70 70 1 96 60 35 60 35 23 77 62 14 94 72 35 40 27 83 8 59 76 83 43 7 8 50 34 16 40 73 44 64 61 6 28 75 87 20 41 72 99 70 28 92 94 65 87 8 70 24 89 99 71 80 66 4 3 21 72 1 94 29 32 14 46 96 43 73 73 66 67 76 9 27 50 37
73 41 71 23 13 82 81 74 80 40 72 57 3 67 6 17 21 82 5 57 79 7 90 20 91 41 14 69 84 92 36 69 79 26 45 72 76 78 8 54 71 32 91 7 90 39 65 98 47 92 53 6 44 45 36 39 70 77 56 71 69 52 76 57 70 46 52 41 86 83 99 85 29 90 58 12 2 8 94 48 63 92 88 50 16
85 91 59 24 2 98 54 51 18 62 15 39 72 42 24 38 42 48 98 51 88 73 59 13 50 64 61 12 32 32 75 86 67 18 41 27 43 45 17 64 15 9 21 43 58 5 25 51 25 82 77 48 80 71 11 87 30 44 83 24 85 75 32 90 19 8 23 31 9 10 56 90 83 36 39 58 31 70 45 99 27 20 65 81 41
2 96 7 19 48 26 72 50 54 61 27 9 1 53 24 15 66 83 14 69 33 12 60 67 91 97 75 87 14 73 21 89 22 43 21 38 86 71 16 68 57 57 83 51 84 32 13 50 41 36 31 59 38 11 66 50 74 94 77 78 66 19 42 60 91 64 55 96 77 34 92 27 58 75 74 28 59 64 44 15 89 86 6 83 42
18 56 79 99 9 84 12 28 20 20 67 54 28 74 4 42 7 36 60 72 85 26 73 82 93 33 11 94 82 16 82 33 89 88 57 84 83 33 5 18 84 2 75 58 81 83 24 38 43 81 39 5 6 13 11 57 6 48 60 16 80 25 64 8 66 35 70 88 92 35 95 44 3 38 66 26 81 82 85 89 44 40 32 45 93
59 50 55 100 97 12 58 51 92 62 59 12 72 67 53 20 49 48 38 70 55 77 99 34 71 13 44 36 55 83 76 30 95 63 44 75 78 81 97 35 2 69 83 99 4 11 59 3 65 17 22 97 3 88 12 33 74 97 17 27 19 88 4 54 45 90 87 55 62 95 70 50 95 78 75 16 36 50 16 97 76 52 60 74 46
88 27 19 17 98 76 37 97 99 51 55 41 65 56 44 1 80 47 37 97 48 20 85 75 7 54 25 100 3 42 58 32 28 48 38 16 6 93 15 32 37 48 92 21 59 80 82 93 39 25 22 44 64 98 4 80 95 73 46 47 72 79 4 99 50 10 86 68 93 11 19 78 29 14 7 14 68 97 99 31 75 4 30 17 9
72 32 79 97 4 10 92 5 27 61 11 87 81 13 40 80 39 37 65 45 18 94 91 70 80 83 31 4 62 54 81 50 71 57 95 70 16 74 36 73 36 10 23 26 36 52 84 72 32 36 3 20 58 88 97 11 21 92 84 94 49 38 93 73 80 88 77 76 35 28 19 55 80 47 70 90 18 32 34 38 74 59 76 98 77
43 96 63 97 45 51 33 43 3 93 82 75 50 38 4 72 94 26 67 13 54 23 65 51 22 12 82 35 88 59 56 12 26 69 100 82 44 48 71 30 63 65 99 78 10 26 21 9 61 93 9 88 87 19 25 41 94 88 62 7 79 2 24 32 1 24 13 83 97 77 24 25 47 50 28 91 15 58 64 97 29 97 2 96 53
47 26 99 94 13 9 60 36 76 15 75 68 15 36 2 90 36 86 72 18 37 93 61 90 45 66 88 58 98 81 38 91 40 100 94 34 60 26 46 10 89 54 36 43 10 81 25 18 88 21 66 30 85 49 97 15 74 86 47 70 97 66 65 86 67 55 84 9 88 54 6 52 79 63 63 41 35 38 58 30 46 73 14 3 58
84 3 42 92 45 100 55 12 73 91 67 74 24 18 70 4 49 6 100 58 25 29 63 77 18 42 88 1 15 55 72 22 74 55 8 81 59 98 77 20 40 21 73 88 39 23 9 71 81 30 21 95 4 54 30 14 64 6 31 63 58 44 8 59 62 59 27 20 76 17 38 41 37 37 37 31 55 5 13 65 5 47 68 81 1
48 58 24 41 82 39 81 6 1 82 83 90 37 69 73 85 41 62 1 19 63 54 83 21 79 2 68 2 82 100 31 2 22 85 52 98 10 38 67 55 85 78 21 17 21 64 97 58 63 91 9 8 40 82 29 85 53 39 96 65 52 16 41 78 90 96 27 47 73 54 13 22 73 82 96 30 72 71 82 59 61 69 53 90 91
40 54 36 3 83 19 62 73 71 34 35 63 40 29 62 3 24 38 77 52 54 59 5 53 64 95 72 33 66 17 58 15 93 97 77 93 70 3 70 72 66 84 97 36 90 55 41 70 33 48 66 58 72 50 29 60 58 6 51 60 93 34 94 69 61 80 100 34 84 85 7 87 17 57 26 44 60 8 72 35 89 46 47 45 74
31 49 95 14 87 88 37 66 37 87 88 33 39 75 23 8 53 85 32 39 43 23 59 4 100 91 39 92 81 13 22 88 28 91 68 23 84 45 73 75 59 9 21 77 84 79 49 82 100 89 46 30 10 7 7 66 2 56 45 57 80 99 9 20 39 44 88 87 45 33 51 44 4 24 1 73 59 47 53 19 47 58 34 85 69
22 6 51 77 51 81 37 34 100 13 89 58 24 17 1 97 35 67 9 59 31 17 91 71 46 47 66 79 2 50 5 71 44 57 35 20 19 36 82 52 55 77 39 31 4 7 13 65 39 34 15 71 21 75 59 64 85 67 82 60 3 95 18 88 83 38 77 9 38 49 61 61 20 60 88 60 9 28 16 52 28 61 37 83 20
66 37 64 84 87 10 54 9 13 15 33 45 8 26 61 44 84 80 19 24 54 97 50 39 66 91 6 53 48 62 68 13 41 60 32 2 96 39 30 55 10 27 27 53 24 26 95 10 73 28 99 60 49 73 82 55 4 34 10 23 86 81 35 85 46 44 26 71 70 13 93 75 65 2 72 12 47 46 65 99 3 21 21 70 52
13 50 41 96 6 94 76 64 40 75 42 59 45 70 95 33 41 81 30 56 38 55 82 70 13 74 13 40 98 58 12 43 10 87 59 10 16 14 80 67 39 59 44 77 79 65 14 41 41 100 50 90 97 63 82 30 3 31 2 99 81 29 34 10 72 52 40 15 56 32 71 2 98 78 19 76 98 45 77 6 86 39 22 95 74
94 62 90 27 87 44 82 15 75 25 25 40 91 25 33 57 77 2 82 28 87 20 63 12 3 48 56 88 58 3 43 35 32 93 41 45 84 69 39 73 58 62 32 78 58 91 64 22 25 87 27 64 57 91 89 16 71 88 19 25 98 9 8 17 68 9 83 35 60 80 45 13 43 23 94 20 71 58 9 31 44 36 64 34 20
43 85 84 37 15 55 93 3 66 58 16 98 30 78 1 17 95 38 81 9 81 25 16 50 78 8 41 8 81 38 57 26 85 35 29 52 28 11 39 22 17 93 17 69 75 77 100 5 62 93 16 54 3 1 1 23 61 17 77 88 47 34 9 35 93 88 30 87 64 26 26 34 32 11 66 57 65 90 35 92 76 94 40 95 89
46 15 24 41 78 53 32 45 9 91 33 54 13 28 87 5 32 90 44 61 11 8 84 77 88 96 38 10 45 24 67 25 72 31 44 54 18 46 93 11 49 52 74 17 33 35 68 79 75 52 97 71 10 66 67 27 39 22 53 31 3 45 24 81 13 79 4 33 88 6 65 10 42 28 52 36 22 61 33 87 45 80 96 51 58
92 93 100 96 94 25 42 98 55 65 99 28 70 7 9 58 3 40 45 80 45 10 33 84 70 81 86 16 71 77 43 13 98 95 97 21 2 40 71 52 16 98 63 4 27 66 60 55 98 11 56 43 63 21 12 76 86 50 34 16 47 19 65 56 55 92 39 40 14 33 50 72 40 96 23 31 27 41 72 79 98 32 58 51 9
76 30 37 63 27 58 74 73 94 19 30 83 93 12 52 57 98 46 37 19 93 79 13 10 40 71 7 16 26 29 92 55 29 9 15 41 89 96 17 64 74 66 1 63 74 71 12 35 89 34 15 41 25 96 100 84 36 59 81 61 30 25 27 16 44 12 48 92 38 93 56 58 7 19 58 88 44 39 68 5 29 28 4 28 39
69 68 57 55 14 56 70 74 16 82 1 46 37 83 83 60 33 81 8 35 94 90 94 69 43 79 64 31 73 59 16 94 63 98 44 59 31 68 78 35 59 67 13 67 64 89 77 68 23 60 9 91 50 18 95 31 9 85 82 7 43 32 70 34 6 26 36 56 41 49 39 3 93 50 53 28 76 55 84 66 98 95 3 24 15
40 53 19 82 30 49 67 23 91 33 67 41 54 78 63 82 97 63 42 31 75 63 2 41 30 84 43 71 16 83 89 72 96 91 15 94 89 70 69 38 38 18 28 27 56 35 67 64 67 7 6 82 36 69 72 76 51 53 14 59 41 2 1 35 61 33 79 56 86 24 53 7 70 9 16 30 95 37 26 66 5 40 100 50 42
44 84 2 57 39 19 62 71 19 33 64 42 54 93 60 30 58 61 38 22 85 28 58 86 29 100 100 84 45 95 91 35 76 99 46 11 98 27 32 40 93 16 73 19 72 14 75 72 74 80 72 100 13 7 60 75 20 9 22 95 28 1 70 14 52 37 54 36 28 97 89 29 70 61 20 14 63 93 80 58 15 53 98 67 8
70 52 50 47 32 14 6 17 27 46 47 14 46 47 27 38 96 77 41 40 53 69 49 71 77 12 73 63 71 41 58 48 40 40 34 2 66 55 12 59 91 91 51 47 20 89 28 76 19 43 65 45 98 53 31 66 43 2 47 45 73 82 37 36 64 5 64 14 65 23 37 65 70 25 53 97 27 99 72 31 58 41 5 58 99
44 16 66 41 59 10 10 34 53 11 60 42 52 81 47 97 75 80 83 10 51 22 54 87 32 67 6 62 5 56 90 83 52 39 93 80 23 71 46 24 97 51 55 80 21 66 88 33 83 38 36 42 75 30 96 83 97 1 81 70 54 44 79 9 97 39 69 47 85 21 44 42 65 30 16 8 26 40 48 79 28 36 58 3 60
37 12 44 82 84 56 52 23 57 61 12 74 80 74 72 18 16 14 45 77 93 81 33 11 61 51 28 43 3 30 65 5 55 60 74 91 5 9 80 28 29 46 16 39 16 33 24 34 65 29 6 34 31 74 98 73 5 86 73 99 20 43 76 24 100 65 88 7 33 4 31 8 72 71 85 59 1 94 56 55 95 67 65 50 86
22 29 99 93 86 26 78 47 32 2 76 68 91 50 57 70 77 8 75 55 52 45 2 99 16 43 3 49 93 54 64 83 69 84 80 3 76 58 48 65 60 83 68 47 6 23 61 87 82 94 84 51 41 90 93 37 59 52 62 67 70 67 78 83 20 21 30 47 80 32 66 92 96 64 68 76 71 9 49 89 2 19 96 83 72
94 100 89 58 91 14 78 17 12 59 90 64 16 60 17 70 56 62 26 7 66 6 43 84 90 48 28 7 80 11 22 60 61 1 21 73 69 23 83 33 68 39 15 16 58 81 48 73 16 41 39 37 16 99 65 34 76 67 55 78 100 19 33 66 64 80 42 65 82 38 22 93 51 67 80 3 42 98 42 54 41 82 49 26 10
21 58 90 3 17 47 82 94 7 100 82 45 34 94 93 52 13 97 27 45 83 73 94 61 70 98 36 17 70 57 7 90 22 57 28 99 75 54 95 22 58 95 75 48 95 90 53 14 60 89 98 65 20 49 94 16 70 76 52 47 40 34 72 79 92 83 17 46 65 49 87 75 52 18 28 24 83 8 23 17 38 84 26 93 23
41 64 32 36 94 33 50 77 98 6 21 65 22 59 21 78 26 31 76 24 45 40 29 3 21 40 87 67 93 24 92 25 97 78 46 7 12 84 56 38 44 36 57 9 4 88 15 7 85 43 17 44 52 6 38 13 44 33 17 85 85 65 34 9 19 65 13 36 85 60 27 65 91 53 69 86 98 19 28 53 59 65 9 25 72
58 69 25 25 3 48 73 46 33 42 91 3 1 68 60 76 50 48 80 1 56 63 85 17 21 13 40 89 51 58 81 50 51 43 85 12 24 16 29 1 83 49 55 36 37 98 95 81 7 19 43 26 60 72 29 60 86 90 83 67 86 33 39 12 87 10 84 38 89 85 80 26 23 21 17 9 37 60 91 59 100 19 18 41 59
72 27 51 41 91 76 68 45 88 72 51 40 55 72 69 44 49 48 13 79 24 17 12 55 85 45 85 33 59 4 46 60 87 55 63 74 22 85 27 25 82 77 48 54 32 31 37 89 83 66 84 40 21 62 83 34 28 56 40 14 31 54 8 35 64 57 84 39 9 46 76 66 11 22 18 98 31 74 39 11 39 78 37 80 58
78 52 63 88 29 75 53 27 64 70 85 23 28 64 11 32 73 20 70 1 68 63 42 47 55 90 73 48 57 58 50 32 61 48 84 40 22 82 6 72 53 30 79 55 55 3 73 1 74 84 88 47 25 15 29 24 78 69 85 74 50 17 67 28 59 21 64 20 57 4 90 77 93 69 46 80 44 34 43 97 21 80 54 32 19
90 31 87 20 88 39 61 56 39 74 23 76 95 11 4 12 13 2 45 3 19 43 88 42 34 51 84 78 88 57 88 55 85 81 15 72 93 26 11 46 28 25 63 25 40 17 71 76 21 89 1 42 11 15 49 6 33 7 44 75 67 18 47 65 68 90 92 91 30 10 54 15 54 51 51 32 52 69 24 85 53 19 1 69 74
60 59 73 2 5 64 54 94 7 95 54 50 29 46 32 40 34 56 64 6 89 84 41 82 32 26 38 38 16 36 26 37 93 68 49 81 72 59 34 89 1 22 28 69 40 74 84 82 15 53 73 14 80 6 34 58 82 99 18 82 73 36 87 80 85 9 46 2 39 12 37 79 44 89 24 78 38 9 35 56 79 17 74 44 67
96 66 10 73 57 43 73 86 22 47 17 68 47 72 83 13 23 52 55 61 58 27 51 56 2 8 26 92 85 50 17 37 99 43 88 60 74 98 79 28 73 80 74 49 33 46 20 50 54 3 96 84 40 49 72 33 95 2 77 22 20 47 18 98 71 32 97 78 58 24 5 81 53 17 16 52 50 6 86 76 98 18 32 77 41
70 15 22 60 23 51 34 28 49 87 15 87 77 68 53 59 25 39 72 85 19 33 12 70 53 2 26 44 87 31 32 100 47 53 2 29 17 62 82 16 100 48 95 76 54 49 76 54 41 88 28 79 61 74 64 95 79 79 17 53 73 22 98 6 5 10 77 97 84 75 52 51 45 48 12 84 55 75 33 95 73 87 93 56 36
52 82 13 58 71 30 81 54 22 1 54 25 40 8 79 22 89 65 64 68 14 7 58 12 8 65 39 5 97 80 74 43 21 79 83 62 6 14 73 16 69 14 30 92 5 59 8 48 31 61 45 17 74 66 46 99 11 62 77 28 3 98 62 94 15 58 30 2 76 94 10 79 87 23 65 19 20 28 66 26 29 55 73 28 58
39 52 49 61 10 7 38 22 82 58 33 7 99 25 9 32 66 97 46 17 54 45 71 74 97 42 40 20 56 67 96 87 73 56 34 42 96 88 21 82 95 27 34 23 5 30 94 20 46 12 64 100 19 2 59 39 32 59 19 6 81 34 26 89 78 3 87 58 46 62 91 84 11 69 45 32 48 58 23 31 3 9 44 35 79
54 71 49 50 25 30 3 5 30 10 58 72 38 18 53 11 53 100 87 21 99 55 100 55 19 40 29 47 15 27 83 26 10 93 82 75 55 11 71 70 74 69 89 27 75 49 100 80 39 63 2 61 50 25 18 53 1 81 72 19 27 28 34 2 13 3 40 96 51 37 13 67 6 100 51 22 23 47 61 78 8 94 49 7 82
19 12 67 44 50 87 7 78 78 43 92 40 18 20 49 92 99 70 43 65 22 26 30 11 1 9 31 11 15 7 64 61 60 66 92 79 54 47 3 98 9 71 51 67 68 65 96 100 79 11 45 29 80 99 35 80 55 18 65 86 70 71 32 13 34 56 51 22 56 93 60 26 80 33 81 59 54 63 3 9 100 51 89 1 1
77 64 94 2 82 10 38 7 88 53 80 11 44 6 80 39 83 23 58 93 51 31 47 69 85 51 90 81 45 59 44 10 5 56 11 8 59 67 85 85 40 75 43 53 73 57 30 39 38 57 55 80 56 73 44 49 53 31 94 26 89 47 64 82 74 100 80 66 63 76 4 54 41 99 58 100 28 29 58 87 97 65 50 94 89
26 76 42 35 91 88 79 19 95 36 22 72 97 71 44 17 96 89 48 16 30 8 26 59 31 11 14 50 29 24 86 39 12 55 18 15 67 41 20 90 15 29 24 41 24 53 100 69 80 47 1 92 64 67 58 35 34 10 38 5 51 63 92 36 15 99 55 91 16 42 69 91 77 92 100 90 44 33 20 92 86 2 9 71 76
89 36 15 87 26 34 78 50 28 29 19 44 70 45 82 54 90 6 70 54 93 51 14 26 53 74 62 13 15 44 78 65 62 67 39 22 81 2 14 64 90 73 94 92 99 29 82 86 13 22 31 17 6 63 32 32 5 78 84 87 69 68 42 42 97 43 45 78 47 41 44 71 7 25 76 8 19 42 37 7 48 37 38 42 21
29 83 58 75 2 21 77 36 76 59 86 45 55 67 34 91 4 98 26 34 4 77 23 75 51 21 18 99 96 71 54 97 43 68 87 76 27 33 53 70 4 54 100 70 39 17 59 96 32 62 70 95 9 51 76 57 15 11 95 13 50 92 62 90 81 29 36 76 36 35 49 47 14 62 28 51 20 30 66 18 86 15 81 63 33
63 20 94 98 56 91 96 30 77 35 43 52 85 47 100 41 19 65 90 91 99 97 32 84 86 4 44 47 91 80 84 72 38 10 15 58 74 13 35 27 95 78 28 40 10 28 19 45 88 12 80 91 68 5 93 83 33 36 78 5 62 32 50 76 47 61 77 11 89 61 17 34 67 32 49 49 95 50 33 31 14 15 99 23 90
53 11 34 33 4 94 90 2 52 50 1 82 22 66 29 60 80 24 72 72 83 74 11 32 10 99 47 49 1 63 23 44 33 54 92 81 66 86 60 90 86 63 88 65 77 28 48 32 43 11 68 29 38 29 29 1 20 82 36 74 82 30 58 98 97 96 93 97 30 22 22 35 44 40 41 5 4 55 38 99 73 53 58 17 94
43 39 81 18 45 67 59 31 88 36 2 21 39 22 7 65 94 13 71 12 64 4 94 70 79 25 59 47 60 93 48 89 59 55 82 40 81 37 15 2 81 32 20 98 44 98 47 84 51 23 31 27 75 51 83 94 56 83 73 12 11 93 62 91 33 43 34 30 47 61 50 66 21 39 91 29 55 98 26 57 40 12 60 23 46
23 41 25 11 1 45 60 19 73 77 58 41 54 71 90 66 2 80 72 68 12 40 55 77 50 13 20 91 91 78 21 95 82 79 34 15 48 75 59 12 68 46 38 59 70 59 84 69 75 63 68 64 17 13 27 30 84 55 56 17 26 80 25 85 10 29 60 44 3 4 99 59 100 36 16 88 15 37 56 24 98 56 17 86 91
44 100 59 97 48 61 20 65 44 1 61 57 4 84 91 100 33 57 51 76 87 25 17 54 59 40 26 25 57 92 35 54 21 82 73 97 51 66 27 59 73 1 37 48 74 45 30 56 33 55 84 42 10 52 32 33 45 30 37 90 82 43 33 23 50 28 14 44 99 79 71 20 13 1 67 11 73 15 87 97 96 21 76 38 87
83 89 73 23 62 51 67 23 53 70 51 83 30 13 94 33 97 3 37 94 65 86 68 50 73 39 10 27 54 63 64 2 22 34 22 61 58 53 52 73 70 58 53 6 58 30 22 68 51 7 20 35 100 85 49 47 49 75 44 55 40 90 96 89 16 65 60 100 69 7 30 61 67 92 15 16 52 38 41 25 45 61 96 26 59
67 20 25 58 24 47 20 85 32 70 60 28 82 30 83 66 45 13 25 53 66 52 65 15 39 60 20 30 66 54 13 19 34 43 12 1 40 39 38 99 74 40 59 62 28 95 50 41 22 71 66 65 83 27 87 64 18 23 5 73 6 59 67 27 8 97 73 100 93 42 36 45 40 44 16 58 7 97 81 87 91 43 6 96 9
53 86 11 66 23 82 49 5 94 55 56 49 37 61 78 5 72 68 76 81 43 81 27 90 1 92 39 7 89 17 36 95 21 6 83 2 34 15 74 94 86 15 3 52 17 20 99 44 29 85 70 93 16 59 76 80 83 37 5 78 33 55 98 56 50 51 44 32 10 77 62 91 90 66 10 62 31 27 74 93 39 91 49 71 20
39 17 28 73 44 2 44 95 60 100 26 56 23 91 63 26 52 57 30 17 30 14 5 41 52 85 8 70 80 12 67 61 14 24 52 71 44 11 41 20 55 63 50 84 67 19 13 3 55 84 12 65 11 88 58 14 23 17 22 69 80 7 39 5 53 99 72 97 26 23 96 53 72 64 85 17 56 63 35 58 56 69 82 48 22
51 1 73 97 9 2 6 85 1 64 38 8 99 48 27 77 53 86 4 3 40 38 55 9 90 29 28 91 21 82 1 81 99 91 71 61 38 56 18 87 78 4 62 28 65 45 72 23 16 35 44 58 34 89 5 49 28 78 99 80 66 66 63 100 1 19 90 30 54 86 5 18 65 26 63 30 28 51 13 77 22 92 97 80 100
100 87 37 9 29 15 86 83 79 34 42 62 57 83 92 47 92 63 51 19 42 2 70 52 99 3 10 58 39 44 48 39 53 91 93 35 18 47 73 43 75 6 33 68 26 92 56 13 86 43 29 99 31 66 67 88 75 61 93 96 67 43 69 22 7 24 36 94 65 29 38 82 36 82 83 68 56 26 19 80 55 88 13 43 67
8 2 8 71 4 66 63 99 30 19 48 77 63 4 71 51 46 73 66 62 45 98 77 40 2 54 10 100 59 39 49 69 36 13 7 80 17 69 32 74 25 99 75 1 42 28 61 97 6 9 55 2 29 35 67 9 59 88 77 69 25 77 98 87 47 41 80 66 91 8 20 11 62 46 98 51 84 41 69 30 61 18 85 98 18
73 85 79 80 77 48 10 22 81 69 18 34 10 99 74 92 87 59 50 67 82 11 67 62 69 59 85 53 16 40 60 44 94 42 88 2 16 9 12 84 83 66 9 22 70 94 80 4 55 71 73 81 86 81 24 35 58 52 11 14 33 82 57 97 51 36 1 93 16 65 19 91 28 66 2 32 99 22 54 53 54 32 10 79 10
81 42 83 82 45 40 80 63 91 73 51 41 38 98 76 27 23 47 16 99 25 72 91 85 34 29 10 84 89 63 23 49 56 100 1 22 63 18 47 47 60 85 58 52 57 62 22 91 84 18 20 93 52 20 54 5 5 22 37 85 96 25 23 69 86 22 29 13 52 37 49 72 86 100 52 77 71 52 99 24 73 37 20 62 81
2 1 81 62 78 73 72 61 22 62 1 59 99 25 8 96 92 12 36 14 37 67 93 86 32 23 66 70 75 55 20 11 80 5 36 79 80 53 94 40 96 62 52 8 46 21 39 32 41 77 28 73 67 20 67 25 21 68 7 97 27 85 79 82 100 77 63 82 43 1 5 76 2 34 8 44 18 76 23 31 74 44 84 99 57
73 41 59 57 8 42 32 47 99 83 45 83 20 28 28 2 52 84 69 65 46 32 89 59 29 13 17 43 72 63 48 96 41 44 81 10 85 44 40 13 86 29 6 36 87 53 100 63 29 73 90 87 54 11 90 10 10 98 51 79 9 38 77 83 63 69 99 58 82 17 8 68 9 92 87 57 57 31 72 36 76 26 47 11 88
74 3 100 6 42 10 20 18 91 97 1 9 2 88 59 96 32 5 47 18 85 73 10 74 42 4 78 93 2 3 10 53 98 32 17 18 24 16 14 60 77 10 7 53 3 56 64 40 47 30 43 39 11 28 97 22 32 73 10 100 86 49 34 17 3 66 76 47 55 97 99 7 49 95 13 75 7 47 45 5 59 55 19 82 3
24 26 31 38 82 68 87 5 97 52 38 47 15 79 81 79 32 27 48 98 51 79 68 20 27 55 49 63 12 87 29 56 25 26 14 75 77 25 20 96 55 98 100 94 49 7 54 91 59 76 37 89 75 70 31 70 97 94 55 70 96 16 8 10 52 63 100 44 99 54 4 8 19 65 12 68 38 74 30 89 55 100 10 65 24
59 11 96 8 89 21 59 54 50 80 9 61 57 69 64 93 97 77 23 1 37 14 10 38 8 90 96 67 17 23 23 62 49 21 12 16 15 10 32 4 49 81 42 46 55 31 30 11 62 58 93 89 85 12 48 70 33 48 22 91 62 30 57 60 82 32 96 30 31 53 79 21 76 48 44 100 76 68 85 25 85 45 74 21 53
14 95 33 38 85 38 1 8 60 25 35 53 17 73 73 82 26 98 90 87 25 16 6 100 34 100 31 34 32 58 34 72 24 63 5 38 6 53 26 90 37 98 87 20 94 15 27 2 83 96 4 43 56 77 54 84 66 68 61 33 62 20 47 34 90 89 32 87 82 72 70 84 57 82 71 81 76 27 22 53 44 37 71 30 44
68 77 50 94 41 2 38 97 21 51 58 46 20 89 59 45 9 47 22 81 62 28 47 70 51 66 28 50 94 53 85 94 4 90 52 45 75 61 74 91 19 98 67 90 76 78 82 13 38 30 12 51 74 91 65 58 62 52 74 70 13 45 80 33 47 99 59 4 24 92 18 25 28 29 30 87 90 87 44 20 46 67 19 45 32
86 7 76 43 41 11 46 6 100 75 96 22 12 23 9 7 89 10 83 96 17 45 5 71 27 55 34 38 56 10 61 93 83 65 69 87 80 93 100 48 15 70 35 77 27 61 26 4 20 6 94 27 35 48 41 6 10 61 92 93 17 11 41 95 78 66 28 99 29 40 38 94 74 8 85 59 99 40 16 79 19 5 27 45 54
7 65 91 67 92 32 38 56 57 90 74 2 6 55 21 94 77 39 28 26 66 88 50 58 83 77 73 84 75 19 100 50 100 94 96 90 99 67 47 98 8 34 72 1 86 53 99 93 37 54 37 14 26 39 91 79 10 64 50 11 77 19 17 11 55 54 68 37 60 9 15 57 24 98 54 45 5 41 71 74 3 48 35 66 43
44 19 32 33 26 41 26 37 4 89 11 38 80 66 64 83 69 45 78 85 68 62 81 94 36 99 17 68 96 88 41 44 49 47 85 31 65 69 100 50 46 15 6 58 66 93 42 88 5 12 2 65 86 76 74 66 46 84 67 8 83 1 2 37 81 66 91 61 41 100 4 20 41 20 84 99 17 8 81 21 9 81 73 90 21
48 94 23 13 14 95 81 82 34 48 43 98 54 66 75 62 96 58 87 54 41 79 68 16 44 23 16 30 23 61 39 32 41 74 51 94 36 57 29 49 27 33 2 93 96 19 53 11 25 49 55 77 49 32 66 69 98 30 40 14 86 5 32 33 45 5 15 23 59 23 36 16 88 30 15 70 38 57 55 95 65 21 99 97 35
33 85 68 37 82 71 2 86 38 1 40 16 70 28 70 78 66 54 37 51 57 33 6 67 12 15 88 40 28 46 63 100 77 47 92 91 41 10 49 15 62 43 53 98 8 24 88 77 78 45 7 41 10 97 56 20 41 69 5 48 57 15 9 10 60 56 66 34 38 20 14 93 78 79 16 95 43 50 29 50 89 72 8 94 30
22 33 58 58 13 87 94 56 55 53 3 10 74 77 78 24 65 27 71 81 32 62 84 100 3 90 71 90 16 15 99 57 1 100 21 41 96 36 20 57 42 77 76 71 20 58 97 73 5 74 66 13 20 86 92 33 84 11 5 82 83 11 3 86 91 40 89 37 19 88 27 85 53 90 34 70 32 84 34 67 8 59 82 99 76
87 48 89 20 7 22 53 100 94 79 55 52 82 22 76 33 71 50 46 99 39 6 79 86 9 92 34 4 43 69 97 84 97 23 59 13 4 28 7 86 85 44 14 30 88 15 3 72 79 21 23 27 18 53 4 19 10 82 76 32 67 19 13 58 42 65 11 12 83 11 78 68 65 2 17 3 5 9 98 51 72 91 86 7 71
58 20 49 76 23 48 40 100 18 2 18 28 51 67 67 81 50 24 38 40 67 39 59 26 77 92 55 70 45 41 35 24 48 53 8 68 19 62 75 29 42 11 21 94 89 78 73 63 55 60 40 98 43 56 71 39 62 94 63 38 1 22 11 27 49 51 57 63 39 42 64 39 23 8 69 91 31 33 100 87 33 13 43 94 79
51 56 73 54 35 54 12 100 77 21 28 28 100 15 91 56 45 95 5 61 61 28 90 97 55 12 7 11 59 100 93 13 71 70 1 19 30 31 94 15 52 29 95 80 73 68 35 69 34 95 27 1 48 18 16 59 43 5 47 54 44 19 62 90 49 52 55 57 73 74 23 76 94 97 33 62 13 41 27 77 22 85 95 95 33
64 77 26 64 77 89 28 47 91 78 7 1 1 81 93 40 49 27 1 13 70 19 64 88 92 90 95 4 63 66 95 50 26 33 96 89 62 83 63 89 16 71 40 85 2 10 59 89 23 50 35 20 13 40 77 42 60 91 20 77 8 18 51 90 59 84 37 1 25 39 100 36 61 44 58 92 59 36 60 62 5 88 56 12 21
56 39 34 25 65 68 97 49 37 22 27 18 84 65 34 18 82 5 5 85 23 98 59 58 31 4 92 8 3 7 71 48 44 39 31 34 49 100 77 30 76 61 74 31 92 43 78 47 12 78 99 13 44 21 69 2 50 77 74 2 47 98 55 87 98 39 87 61 52 56 19 31 1 3 52 68 82 30 69 84 72 31 22 5 74
95 64 96 74 92 6 84 60 53 78 35 84 54 76 24 93 4 17 82 48 60 58 46 5 58 25 22 31 83 3 13 86 13 69 37 79 35 22 75 100 21 88 76 66 53 32 82 56 31 69 12 9 83 70 52 19 90 5 37 4 5 81 65 94 88 17 43 27 45 64 71 98 36 35 13 12 9 87 43 44 25 48 44 15 19
79 60 65 33 46 64 52 17 56 77 11 43 86 90 37 78 85 98 7 4 1 30 5 99 77 16 60 11 2 91 49 70 78 98 47 30 49 7 7 86 23 14 27 10 22 13 95 41 81 34 38 14 15 55 52 53 59 57 58 30 73 76 91 53 69 92 4 34 94 84 71 1 36 58 73 82 82 8 18 57 50 64 87 1 40
50 35 37 45 79 53 79 93 32 35 25 55 89 37 97 36 23 64 59 49 71 100 58 63 11 79 72 8 38 98 79 10 2 12 32 52 3 79 16 94 45 8 7 32 81 6 27 57 91 96 73 90 72 32 12 22 25 49 47 60 30 87 11 23 30 46 89 10 87 83 78 67 6 55 70 50 52 85 2 49 49 48 91 36 5
75 53 35 40 96 81 19 64 25 63 55 51 73 60 2 5 100 11 30 21 87 91 60 30 98 84 80 72 34 43 79 42 94 26 21 29 8 49 22 21 68 70 30 47 99 80 95 8 17 89 75 24 49 71 64 69 33 75 97 90 60 46 51 9 95 18 70 41 62 39 32 55 19 38 55 54 30 34 23 48 50 57 4 10 7
57 10 26 89 26 9 19 68 89 13 41 24 43 5 88 6 92 4 50 21 36 6 62 34 34 26 28 63 23 23 27 60 37 1 37 7 15 22 20 42 40 27 71 31 69 15 34 13 91 49 6 39 35 32 25 91 5 59 53 34 59 43 25 15 73 74 26 50 11 84 71 12 69 14 60 34 11 59 22 90 47 86 90 3 51
30 7 97 18 23 53 65 87 21 85 83 7 7 81 30 70 81 76 3 96 91 95 51 3 57 27 60 92 58 97 17 94 41 72 75 76 93 91 29 27 8 50 32 62 64 70 45 54 57 55 6 62 65 75 81 85 41 51 13 59 69 77 93 86 9 32 75 50 93 61 65 44 1 58 72 97 19 76 21 72 70 93 41 6 62
5 49 37 9 43 3 99 98 14 50 45 35 10 66 91 22 8 54 35 32 11 93 2 83 16 46 39 92 52 61 9 37 7 75 27 21 92 98 100 61 76 49 97 80 56 97 19 28 91 67 15 89 18 97 17 22 50 64 88 27 70 27 96 95 85 93 12 96 27 47 56 26 87 54 1 2 78 70 86 24 61 97 6 85 100
74 33 40 89 15 22 41 4 94 65 43 89 23 26 17 80 97 52 33 37 10 77 100 35 17 40 33 7 78 57 98 44 37 53 36 52 85 21 11 81 11 54 22 16 55 38 6 86 91 51 49 69 34 30 17 3 74 12 42 99 89 7 13 97 73 71 3 22 49 85 15 74 7 70 48 15 76 97 58 58 3 84 9 44 87
70 42 23 31 42 8 97 61 29 42 73 14 14 75 69 40 37 67 63 41 5 48 48 91 1 37 20 2 94 91 22 84 17 87 33 73 15 70 91 31 52 29 67 30 22 56 93 62 59 40 63 38 71 59 53 1 38 74 89 22 19 61 5 50 87 85 25 59 44 32 88 58 89 7 71 60 50 42 51 77 50 30 39 6 98
26 64 56 70 91 99 76 56 56 51 27 76 41 35 69 45 18 86 57 40 85 36 31 43 67 56 17 24 36 4 70 10 29 97 58 34 34 43 68 5 88 17 72 6 12 39 69 64 25 65 29 73 31 7 64 83 68 97 35 58 4 96 14 9 3 84 40 79 60 42 2 16 35 80 81 79 91 42 24 74 30 11 37 59 3
52 17 55 83 8 82 11 38 17 16 50 30 25 19 13 81 39 53 12 72 5 34 96 72 27 93 60 49 94 62 11 91 89 20 18 96 75 8 87 40 4 56 73 17 39 54 63 22 89 12 82 18 96 79 95 51 57 26 73 68 7 17 17 84 63 30 55 15 62 57 94 60 71 90 68 71 91 26 39 77 63 29 96 70 55
6 4 39 53 61 48 77 15 58 8 35 74 86 60 68 8 96 8 44 51 12 50 96 31 66 20 46 8 15 41 67 56 83 34 34 89 24 12 51 4 72 98 55 7 62 77 97 74 30 53 59 45 49 45 51 5 85 100 7 39 46 38 92 78 34 99 28 12 15 70 74 19 45 18 94 26 15 42 19 86 3 62 83 34 88
9 71 96 78 61 75 59 73 24 10 62 52 52 65 62 12 66 70 41 56 87 18 98 5 5 78 83 47 91 63 56 77 22 28 79 59 46 7 74 33 4 5 27 93 95 93 2 65 39 23 52 76 7 75 68 14 81 58 24 9 21 91 18 63 48 73 35 53 57 88 69 8 42 39 9 13 42 15 72 92 64 38 20 27 52
82 6 3 66 30 91 20 77 44 57 92 75 38 68 56 20 34 53 9 69 91 48 36 78 62 30 28 65 9 47 76 8 61 12 58 12 88 21 25 51 30 59 12 75 59 91 74 57 19 42 87 70 38 58 92 76 28 85 61 87 12 14 2 26 68 12 51 43 36 1 76 83 57 78 67 89 24 20 39 17 40 72 21 27 48
17 86 5 36 81 96 60 86 23 3 86 18 91 1 24 58 7 74 21 23 66 79 62 45 79 9 5 32 83 21 78 32 35 58 66 29 43 9 39 96 28 88 53 38 35 27 12 64 87 62 34 5 25 23 44 87 28 85 37 73 84 72 22 80 59 1 57 35 24 21 74 77 3 92 87 79 72 15 25 75 99 49 17 61 79
67 21 18 49 92 30 20 98 99 22 54 88 3 99 50 78 20 18 90 41 41 99 8 48 5 81 20 51 2 68 8 93 13 56 29 53 94 22 36 23 82 79 12 77 18 17 79 88 63 44 100 93 42 27 97 100 84 65 38 49 100 88 51 19 46 35 14 20 29 92 11 66 7 79 42 43 15 29 93 84 27 17 36 43 53
98 19 89 99 17 64 49 26 20 11 62 14 16 64 81 13 72 25 74 93 53 1 2 33 59 18 71 25 79 7 99 88 97 96 98 7 56 70 4 35 9 81 56 8 28 22 58 4 61 38 86 54 50 7 41 70 51 70 23 44 19 49 87 72 58 5 87 27 75 74 38 13 41 87 40 54 21 79 21 24 7 17 13 2 45
92 26 19 9 66 93 54 54 80 80 15 97 25 75 52 20 86 2 54 59 10 8 37 5 72 57 96 69 9 57 87 79 5 42 77 46 9 15 94 32 36 66 90 42 63 85 87 43 56 91 93 42 77 51 87 13 27 7 70 69 6 30 90 69 88 11 71 85 59 59 64 84 31 25 80 1 15 58 76 8 50 37 91 95 12
35 28 52 37 23 59 88 58 71 9 52 40 22 37 63 34 75 21 96 11 7 5 47 63 92 86 42 19 20 91 92 92 21 39 58 20 38 42 24 97 41 8 48 80 79 14 65 50 25 54 20 18 73 14 66 12 38 99 75 1 62 46 89 32 4 29 48 73 67 91 56 59 8 56 60 8 49 44 67 92 16 36 85 44 67
14 20 40 68 27 71 30 77 78 65 4 91 47 48 8 55 98 16 76 95 10 9 53 61 49 52 77 77 21 73 87 23 83 38 34 42 16 69 86 71 32 65 24 14 45 91 94 96 64 79 34 30 11 34 60 52 57 20 44 57 23 22 80 17 83 15 34 27 55 82 79 96 63 53 78 89 83 17 59 2 48 83 91 62 5
15 19 81 75 61 62 93 62 35 54 71 28 79 60 40 71 77 47 39 30 42 22 20 94 74 80 41 2 27 67 60 9 6 12 18 80 66 76 1 55 64 35 79 93 19 41 96 74 7 4 47 63 100 18 63 71 20 56 26 9 79 3 92 39 95 22 43 94 11 23 38 51 24 34 56 92 55 16 69 19 8 55 17 52 81
94 10 52 76 77 93 39 87 23 84 20 58 1 84 79 30 21 22 9 13 32 10 76 30 59 17 46 91 42 39 68 1 45 80 67 78 100 93 49 50 60 95 68 94 2 69 79 3 34 82 17 26 30 86 55 46 77 30 93 63 81 92 57 8 93 16 12 56 67 84 45 22 23 73 2 92 82 81 17 29 14 50 86 46 22
17 50 73 5 85 29 86 67 9 40 19 48 51 48 91 50 96 46 70 88 95 16 24 39 13 94 5 74 98 23 73 46 9 19 40 75 91 92 50 31 86 46 47 17 8 41 18 30 37 58 68 16 68 46 37 98 45 77 46 87 92 56 29 12 63 49 59 92 41 92 92 78 41 67 5 76 99 100 88 2 63 65 40 71 68
26 52 93 56 28 22 79 75 56 14 97 24 86 82 94 44 40 97 97 63 20 71 46 77 92 94 41 7 20 81 5 39 76 27 96 64 90 20 6 23 66 83 47 76 9 78 75 90 23 67 95 38 21 46 6 48 54 23 58 96 9 6 91 96 93 56 98 83 99 86 7 80 95 29 3 24 98 79 33 5 64 76 96 45 52
66 95 18 72 28 44 61 35 85 82 10 91 45 36 9 47 13 86 27 76 77 38 7 43 75 68 42 65 37 92 86 81 26 65 83 81 40 52 7 91 98 87 11 45 12 43 6 11 47 58 6 62 21 99 33 50 52 13 57 94 74 95 39 81 18 59 72 63 25 39 91 93 93 91 100 32 95 76 20 37 84 4 89 5 42
60 24 36 88 5 45 72 71 47 89 84 72 6 16 41 46 4 36 33 19 13 33 90 69 98 99 48 17 15 39 94 92 89 78 42 19 39 30 74 54 18 98 96 29 58 25 76 95 51 17 50 75 71 75 31 86 65 35 25 12 62 12 93 53 33 97 65 29 18 71 4 100 38 8 60 97 32 8 50 33 60 57 9 18 54
57 69 57 31 82 31 44 69 74 41 50 56 39 3 69 91 98 21 9 10 99 9 70 97 19 90 42 79 3 41 34 8 28 78 41 83 41 77 39 28 61 51 59 47 61 28 22 93 69 4 66 45 16 18 90 27 80 73 17 96 13 49 37 60 83 26 57 75 24 6 97 7 76 4 69 54 66 12 89 78 29 65 45 69 27
38 77 14 67 23 66 98 74 26 89 91 4 61 84 27 37 32 37 7 78 82 34 7 51 100 20 97 39 82 21 63 74 62 11 48 79 7 34 16 99 65 17 65 99 19 55 71 71 95 10 34 21 5 51 3 81 66 54 91 65 61 47 6 26 9 10 98 24 34 29 63 9 15 93 80 25 79 73 94 89 31 75 92 94 28
18 57 21 48 19 55 23 92 89 92 28 50 15 20 6 47 29 58 59 70 81 67 2 30 74 100 99 26 59 84 18 43 33 87 67 7 62 91 90 39 79 9 34 39 12 58 5 39 22 64 88 33 45 3 48 54 33 97 8 93 46 21 80 65 26 26 58 84 44 29 60 9 95 88 74 37 29 24 62 43 88 38 23 16 21
32 29 83 58 60 19 25 56 16 12 56 96 66 26 20 94 31 7 95 84 4 99 81 35 43 29 88 41 45 42 93 73 7 26 46 93 64 72 78 99 89 69 71 5 31 20 42 83 56 94 30 3 95 22 90 16 79 88 6 25 26 63 49 2 94 66 26 98 58 29 72 85 62 41 18 14 7 14 74 63 55 39 15 23 32
87 13 93 47 85 59 71 46 58 46 21 44 3 18 64 91 77 18 34 90 91 77 20 78 69 97 33 78 84 67 33 74 59 27 22 86 90 24 3 93 96 33 15 47 22 60 45 85 33 97 74 5 21 88 99 31 95 36 27 57 40 33 68 4 51 7 59 96 82 97 29 2 51 29 83 50 83 43 50 44 92 59 92 85 77
6 22 47 32 20 58 74 6 61 6 33 94 64 97 74 94 81 99 42 55 55 15 14 37 73 81 21 20 58 2 99 20 9 41 8 31 25 12 15 84 71 71 63 41 79 49 96 55 91 2 5 53 51 89 87 68 92 94 64 26 55 47 22 77 98 93 72 55 78 97 64 93 76 29 33 32 77 77 34 26 78 98 16 11 68
65 35 85 78 20 100 29 95 45 78 63 40 11 39 59 77 86 26 91 75 22 87 54 44 31 53 78 98 79 11 19 45 32 6 66 72 54 96 12 7 6 65 73 13 82 99 5 36 46 43 22 12 9 73 35 52 37 90 35 23 96 49 30 84 12 93 22 15 65 16 55 81 45 91 39 78 32 17 55 81 96 71 28 46 100
27 61 4 41 94 18 35 24 21 23 41 27 98 6 53 92 65 85 22 2 27 3 25 4 65 83 55 55 13 13 26 31 37 5 48 29 74 67 2 54 98 93 72 31 58 35 93 54 97 6 55 94 53 76 34 100 92 26 36 39 27 4 69 75 7 41 19 44 59 30 6 50 92 48 71 49 4 72 69 44 13 36 13 67 64
46 73 35 40 77 78 73 93 75 70 22 23 58 34 47 54 62 43 63 57 9 8 89 60 2 4 92 24 8 97 21 6 29 43 99 35 83 68 43 7 55 63 59 5 92 2 84 38 40 88 80 32 34 29 3 76 85 42 72 92 83 89 96 67 45 6 8 31 17 59 71 53 95 30 85 89 78 23 48 73 23 4 54 17 21
12 75 66 90 98 23 67 83 76 28 7 88 64 53 25 29 95 55 97 87 20 26 67 88 18 53 4 42 24 19 56 6 35 38 32 8 37 86 92 81 27 23 29 65 7 42 24 77 3 98 5 52 57 36 57 82 28 57 38 20 80 94 27 47 7 62 30 28 84 16 57 85 85 72 68 69 81 76 27 28 21 50 98 21 87
27 81 93 62 30 97 96 12 39 58 94 44 60 94 10 14 94 63 87 53 53 27 95 54 99 14 40 56 83 60 57 28 87 58 14 53 39 5 60 54 58 68 43 54 65 42 97 80 43 32 73 5 5 86 66 11 13 63 47 45 21 81 85 88 73 87 88 82 68 29 2 43 40 82 83 64 97 39 12 62 91 50 84 63 14
91 46 95 97 52 18 83 1 50 17 73 69 89 77 88 60 62 45 88 72 60 81 35 97 10 64 17 17 9 91 88 29 68 59 63 6 84 85 24 13 15 74 85 16 72 26 99 100 75 63 50 79 35 11 72 8 61 17 27 77 16 48 62 85 44 3 47 93 28 15 77 69 78 12 11 95 54 31 54 33 3 57 42 57 51
59 85 39 11 24 32 12 11 32 58 75 100 60 97 11 46 61 85 58 48 42 13 96 28 82 80 16 61 63 63 19 77 75 42 45 25 72 77 1 41 44 43 90 44 48 95 80 84 47 16 57 24 69 63 10 48 13 78 9 82 37 61 24 64 30 34 83 48 6 72 21 48 3 19 28 13 75 12 66 56 14 19 62 83 92
33 31 85 66 6 77 45 89 63 52 26 61 60 5 2 82 24 35 48 10 52 37 72 49 40 86 30 91 43 33 6 76 32 9 73 68 33 57 25 89 72 82 12 74 30 17 63 57 47 24 98 60 68 18 17 88 93 6 2 35 14 6 42 27 96 28 64 97 87 48 21 81 64 25 77 14 93 74 97 35 33 4 53 39 24
70 8 48 15 66 4 14 82 4 39 83 54 54 4 18 73 97 6 98 42 21 78 64 52 75 88 74 63 15 9 49 84 33 14 3 62 54 87 49 31 56 91 20 49 7 68 71 96 68 3 30 43 43 32 40 90 65 68 97 65 25 42 2 14 16 5 25 80 51 59 95 33 43 64 61 28 18 12 59 98 65 75 57 18 87
32 32 53 67 12 50 100 91 69 16 67 50 97 61 70 62 88 35 43 16 85 21 47 11 96 92 81 74 29 82 53 62 55 87 22 82 30 63 16 28 3 44 68 9 42 80 96 77 77 51 72 3 55 65 8 9 82 46 73 41 33 23 9 37 72 75 57 17 68 11 75 91 30 11 69 35 20 6 69 89 46 96 31 50 8
6 50 6 36 27 35 12 92 4 4 9 19 15 90 70 57 93 1 3 12 35 10 69 1 51 16 89 40 58 38 86 31 62 33 14 67 63 25 98 62 56 10 29 3 97 48 72 19 73 98 93 18 58 46 95 48 8 69 11 1 94 93 34 44 38 35 70 82 94 28 35 5 70 2 31 33 90 54 62 61 44 20 35 9 69
16 25 23 50 93 41 26 26 53 62 81 3 44 5 66 65 19 28 68 10 13 15 62 5 13 20 55 39 85 87 50 95 29 42 21 17 65 60 93 28 43 90 50 93 49 37 89 83 76 4 69 22 66 30 75 35 6 93 74 28 82 76 2 41 84 92 62 66 58 79 97 58 74 58 87 7 67 76 46 74 24 70 32 35 2
43 30 35 18 14 69 52 44 39 8 19 60 55 17 97 40 45 6 76 53 20 9 39 16 91 25 59 17 37 87 93 53 74 60 82 37 4 51 17 79 97 37 65 83 22 85 3 65 3 65 2 31 40 10 44 97 25 17 35 87 73 20 47 30 36 41 88 43 26 74 35 64 2 92 36 25 18 12 11 6 26 58 50 13 42
27 18 98 68 96 12 45 22 83 40 33 10 57 7 42 12 23 33 70 78 15 85 68 26 51 54 32 48 67 68 76 47 63 67 92 4 62 57 80 65 22 60 95 61 69 12 95 27 89 98 3 71 69 73 74 42 100 46 66 24 27 85 43 26 42 8 14 62 9 69 71 73 96 72 5 60 53 95 18 72 47 48 33 26 28
79 55 24 61 66 82 59 42 10 30 43 88 4 8 50 30 94 28 51 81 69 67 95 23 21 64 13 95 3 8 10 15 56 35 86 7 27 37 25 21 4 85 98 66 1 11 97 57 72 69 10 61 47 48 90 6 79 40 74 96 72 60 18 63 72 69 21 1 87 2 14 52 8 81 63 64 19 100 46 5 18 46 53 38 62
9 19 97 8 80 60 38 23 56 2 61 100 100 9 35 3 9 39 61 58 99 88 25 81 76 48 19 100 15 96 63 5 47 70 74 99 52 14 46 69 11 67 33 83 25 51 26 6 4 97 4 50 29 39 82 30 82 8 15 42 79 71 4 82 20 45 11 6 57 72 55 85 21 37 85 61 24 72 59 86 73 52 69 2 7
87 25 91 59 35 65 30 16 47 89 41 46 57 6 84 96 17 37 22 62 52 96 17 58 14 5 76 95 73 36 29 1 33 63 57 85 32 41 100 2 23 37 62 23 47 6 29 70 100 4 79 71 45 18 75 21 40 30 46 21 52 20 19 5 32 67 14 53 33 51 94 21 91 86 34 3 68 43 73 19 67 4 23 63 56
