75
4
35 85 30 69 72 76 71 60 56 3 77 32 100 71 44 47 56 8 37 75 30 87 69 96 94 7 61 40 78 39 60 41 82 84 45 18 79 96 92 23 96 37 100 43 30 46 27 33 62 94 97 34 69 69 5 9 75 19 57 53 54 24 58 74 71 13 97 59 26 65 4 87 22 56 59
86 9 95 43 46 37 19 81 52 35 33 100 64 57 44 21 42 95 4 27 19 36 57 2 48 2 96 82 69 49 55 18 7 62 15 75 73 34 100 72 95 99 51 81 64 17 79 43 76 22 27 5 80 50 59 96 90 41 64 81 30 72 52 64 67 27 26 40 44 80 91 67 20 93 35
97 26 62 62 64 59 17 39 97 40 23 79 85 81 49 12 68 51 87 74 30 39 99 88 99 10 69 92 54 42 32 14 1 93 57 30 9 33 81 20 55 93 81 54 14 99 42 71 36 15 19 98 83 42 84 67 21 55 89 60 17 26 85 4 13 89 65 10 100 8 77 63 51 49 49
78 12 69 75 24 6 1 11 7 17 10 81 99 21 58 96 44 7 53 70 76 43 86 7 49 82 85 97 74 72 62 81 20 58 76 57 49 3 48 36 84 17 30 83 8 29 80 34 24 12 38 20 44 16 74 27 59 89 7 3 52 40 4 58 1 40 76 70 67 41 69 63 4 3 43
25 66 11 78 85 23 55 99 24 41 83 58 54 92 57 11 85 65 23 75 26 42 55 79 52 100 23 90 92 36 91 61 64 19 43 61 4 55 93 38 75 99 17 77 89 62 48 69 30 26 57 13 58 58 42 51 36 84 30 11 51 45 88 74 31 7 46 23 63 63 36 50 96 63 38
20 72 14 9 56 76 48 93 29 7 32 22 57 17 37 30 9 84 99 76 45 25 47 31 46 46 3 53 75 77 80 30 58 39 66 77 40 98 11 81 62 18 22 57 100 15 8 24 64 14 8 68 100 52 82 14 15 98 23 78 100 8 52 23 7 3 81 25 32 88 61 79 16 69 14
93 38 45 37 13 92 66 52 27 18 51 83 88 87 64 47 42 74 8 6 56 15 31 84 95 97 18 91 62 82 10 17 61 28 1 98 43 51 77 49 20 66 62 97 62 94 12 50 65 17 94 13 6 76 15 72 18 7 38 39 8 4 58 60 41 86 8 37 77 87 12 14 3 12 5
99 33 17 66 86 92 5 97 13 22 11 38 71 59 6 50 68 34 66 97 35 26 77 5 41 38 88 84 47 51 75 38 92 64 76 86 77 50 17 85 39 95 17 33 20 57 51 55 80 5 27 100 46 16 96 8 41 89 3 64 43 68 72 5 54 65 85 79 55 86 31 60 13 93 40
50 67 21 66 71 26 3 51 18 25 79 18 13 54 15 18 48 96 56 9 32 19 61 30 59 91 37 52 86 4 100 32 31 66 57 61 88 34 51 1 71 67 80 68 47 21 1 30 37 84 89 3 8 76 49 63 65 18 79 48 91 5 66 56 22 10 2 53 74 51 10 28 95 20 91
50 83 58 26 98 27 71 59 93 2 39 28 28 50 88 99 29 88 13 74 69 7 28 10 87 85 77 35 18 21 15 48 41 88 1 48 69 2 30 78 47 56 81 99 58 93 100 90 34 4 78 83 20 48 21 99 59 28 45 92 9 22 81 41 46 71 58 1 97 25 89 51 46 52 94
82 23 76 1 42 87 62 67 23 86 69 97 41 64 52 100 17 57 22 3 3 31 2 25 49 69 88 36 71 87 25 34 60 90 67 58 14 69 41 62 92 30 100 75 13 4 94 27 83 42 10 62 25 33 81 20 29 95 2 81 86 88 63 72 98 67 99 40 61 93 52 49 30 87 64
45 68 47 98 85 83 81 20 35 50 54 43 36 45 75 98 12 82 87 97 78 87 51 86 55 99 14 14 78 87 75 72 79 41 12 40 34 65 96 78 15 96 3 4 45 72 62 40 24 43 81 34 12 95 66 92 69 8 97 93 94 36 31 16 64 64 77 19 1 49 17 86 90 86 23
32 82 99 92 73 16 87 68 31 22 37 83 84 1 30 60 22 17 36 35 88 47 42 84 68 38 8 7 46 88 75 8 38 47 69 67 97 49 95 8 18 74 7 27 52 46 59 97 56 67 57 79 22 93 34 41 22 12 19 44 51 53 26 69 71 98 54 12 89 95 61 18 78 11 54
92 23 64 29 27 69 41 71 6 76 31 35 8 79 85 21 50 82 31 38 40 19 21 91 19 9 10 26 78 88 81 77 80 38 55 60 38 92 13 86 84 7 42 94 40 93 77 57 75 70 95 87 80 80 17 29 83 96 24 14 8 48 46 30 85 82 13 7 92 97 93 13 16 53 13
54 76 62 33 5 81 10 59 14 11 41 1 9 99 32 11 40 80 17 22 34 19 11 71 61 15 24 15 11 66 60 29 79 39 59 78 40 94 98 94 26 26 88 94 6 89 95 98 1 48 4 22 70 29 57 77 17 58 94 70 34 20 87 84 40 100 14 96 7 10 84 54 19 3 1
91 100 48 23 12 97 48 87 11 21 44 28 74 64 76 13 12 26 37 79 92 22 75 80 43 35 39 87 89 50 72 98 69 42 76 17 36 20 10 83 99 48 56 59 35 55 1 42 27 84 55 55 15 37 34 92 69 17 33 11 15 81 84 39 18 82 40 68 59 90 75 66 63 32 45
26 92 92 54 6 97 37 24 26 77 32 34 94 87 35 63 69 98 95 13 44 76 41 96 56 76 13 20 14 58 1 31 12 25 42 21 48 72 30 50 62 84 44 94 47 73 56 96 14 69 29 21 42 69 44 55 74 50 69 31 44 6 63 4 71 87 70 14 63 56 10 86 14 56 74
79 15 15 70 35 35 28 23 60 93 94 59 43 59 85 23 84 78 75 93 45 54 51 40 24 6 77 1 17 82 29 59 77 39 17 16 9 79 9 71 43 68 49 45 39 95 94 35 99 19 73 18 77 46 62 28 4 65 3 30 59 50 9 9 56 5 88 67 86 89 40 23 93 1 79
82 44 23 41 68 75 49 55 22 45 55 49 53 99 72 18 49 88 35 51 99 54 99 88 91 81 68 45 10 95 65 58 46 46 27 56 68 75 83 86 8 36 35 88 26 76 38 45 94 89 53 78 47 35 14 15 57 56 16 69 1 51 71 72 13 7 35 32 96 54 42 88 89 56 43
49 91 80 14 50 19 17 47 55 75 42 67 36 27 70 74 89 74 43 39 33 75 23 23 40 37 58 62 60 14 31 76 33 89 55 60 12 94 23 6 17 48 68 74 42 22 21 17 96 85 85 67 70 90 24 96 96 35 56 89 9 80 18 21 98 36 52 29 53 94 29 39 53 32 17
61 87 39 37 73 48 98 13 75 67 99 11 85 52 48 77 21 91 6 85 23 71 35 56 46 25 90 35 75 54 4 73 42 50 18 90 49 83 34 32 22 95 9 88 51 38 54 57 21 2 57 92 64 98 76 36 74 20 71 83 46 89 75 19 88 35 40 68 9 43 100 3 24 11 53
1 95 57 17 88 47 47 6 29 1 7 87 99 96 99 75 28 61 11 72 83 84 43 53 65 71 30 10 5 84 34 81 63 44 89 38 62 87 73 26 31 40 51 85 14 7 70 29 78 59 21 42 29 81 3 83 69 17 75 55 98 44 3 52 14 42 84 64 73 16 42 33 14 34 26
11 36 14 78 22 83 62 71 54 92 57 17 21 100 89 70 13 94 58 83 9 65 26 22 96 39 77 37 65 39 33 51 96 23 19 63 35 5 23 21 26 1 58 76 100 42 8 80 16 43 17 81 58 90 51 16 97 71 59 84 58 38 29 23 17 22 11 57 26 37 60 51 5 88 28
58 54 19 65 25 48 55 88 24 69 93 40 44 64 44 80 97 10 82 31 94 32 56 77 99 28 97 35 86 43 72 47 12 81 87 3 4 37 97 2 71 11 68 15 73 36 86 9 62 16 29 67 62 47 38 19 50 65 50 30 15 85 31 98 70 47 96 80 99 19 30 69 84 87 27
26 83 21 39 87 59 86 52 10 4 29 54 73 86 17 49 27 71 59 47 79 66 16 54 19 72 69 12 61 57 85 85 75 3 6 5 93 66 34 77 90 98 83 65 82 28 44 52 97 14 86 12 28 99 57 55 15 35 50 60 2 42 98 11 70 94 46 55 13 61 71 60 95 19 76
35 62 46 34 4 5 23 47 83 89 20 88 15 64 41 60 76 15 26 75 71 94 99 18 99 87 92 40 77 53 34 63 27 4 55 70 61 18 5 21 19 92 79 97 86 62 47 57 11 39 71 43 87 90 34 78 44 66 37 45 60 20 23 22 55 18 94 90 17 27 54 12 88 7 53
65 46 95 17 92 1 14 24 94 29 22 36 18 14 81 30 73 28 20 27 50 61 14 56 7 10 60 43 67 11 53 31 36 49 21 57 99 1 78 97 75 67 96 99 64 72 27 97 71 98 52 4 91 88 40 78 65 64 41 50 98 27 20 80 58 100 47 10 34 81 45 52 43 51 34
14 64 81 60 53 84 30 10 62 9 34 65 38 77 30 48 85 82 44 78 10 16 49 55 85 22 64 59 68 28 10 11 20 14 12 27 100 80 19 66 41 26 57 40 74 95 77 18 61 15 75 40 1 41 71 69 60 98 70 59 39 38 19 58 94 87 41 37 21 44 73 16 11 91 62
99 13 6 83 15 67 21 33 33 100 96 30 89 98 97 3 42 51 60 22 63 72 66 47 1 27 84 63 7 17 67 33 44 51 94 49 44 24 57 36 57 93 14 37 37 95 84 95 39 23 37 56 10 33 89 60 48 74 60 98 40 38 52 90 56 66 22 42 34 96 8 22 6 39 30
78 34 81 30 88 62 53 97 94 44 57 1 22 87 32 56 66 48 75 10 86 67 50 78 73 77 74 65 38 64 2 49 21 46 1 63 50 92 59 28 84 21 20 9 52 6 55 51 67 7 35 52 36 18 95 89 53 76 62 29 31 55 14 9 57 83 20 18 92 26 36 91 60 12 84
42 100 15 47 50 76 90 74 57 75 69 5 23 54 43 85 43 7 77 45 75 89 33 62 62 25 60 50 9 68 97 90 96 48 43 69 22 98 62 46 6 7 5 47 34 56 79 96 8 61 65 74 13 93 18 12 45 42 48 33 20 51 98 22 79 37 1 39 50 7 43 32 76 43 52
73 24 22 43 13 74 47 87 85 48 52 53 67 13 24 22 93 72 38 73 89 80 55 34 31 43 44 4 98 62 92 71 83 29 75 31 63 83 10 84 99 74 37 59 56 80 26 33 42 46 96 30 89 82 58 35 1 92 85 61 100 73 85 84 70 82 61 77 21 42 91 87 58 15 9
23 95 55 3 72 54 53 35 67 33 35 39 94 16 38 70 11 23 1 9 45 89 54 14 96 89 80 18 77 98 4 88 52 16 78 42 24 9 15 23 79 23 54 20 71 3 51 88 64 43 51 84 26 84 45 95 28 77 49 8 29 56 26 90 60 31 76 6 49 96 88 83 67 19 39
95 2 7 31 79 8 45 82 67 19 55 4 68 74 58 14 83 37 13 11 92 70 13 94 63 29 36 39 71 19 21 89 46 44 82 16 88 70 40 43 72 48 89 77 78 2 21 7 37 99 53 67 11 10 45 19 65 77 93 40 73 57 33 86 100 74 33 60 34 55 77 38 38 75 15
8 3 76 30 58 67 100 4 62 28 99 23 76 88 44 49 27 77 68 31 6 78 20 94 45 36 5 68 77 23 42 1 74 47 60 16 80 15 51 54 60 40 53 34 59 83 96 21 3 13 49 45 3 13 28 87 8 23 83 45 37 80 31 72 70 72 73 78 41 34 47 79 12 37 64
70 51 6 11 10 43 53 43 64 25 48 11 55 38 1 63 43 97 94 12 88 36 8 26 62 1 10 12 76 54 51 65 85 82 55 22 39 53 8 7 100 2 73 12 80 23 90 15 46 40 62 94 8 61 28 56 65 59 48 50 67 11 52 72 73 46 46 59 63 32 22 42 88 95 92
20 43 60 46 61 54 98 34 63 59 10 72 43 49 30 85 100 12 92 20 54 82 89 18 94 72 81 75 85 19 59 2 30 20 33 90 91 75 85 22 28 90 60 27 57 28 80 63 22 31 35 4 10 90 7 6 24 36 50 94 6 51 49 91 74 77 4 37 30 46 58 39 18 72 25
44 100 59 10 20 79 97 78 3 41 82 9 91 70 45 92 74 63 11 41 93 95 15 59 85 40 76 21 25 59 24 95 40 60 25 87 18 11 47 33 39 61 68 48 49 100 75 7 15 22 77 90 35 21 69 50 73 58 74 3 22 93 31 66 44 81 96 45 33 60 85 51 91 28 5
15 67 56 44 26 21 28 37 64 57 20 22 72 11 54 91 4 72 14 70 50 21 63 50 83 26 45 39 42 9 91 7 11 95 14 49 71 44 48 13 97 55 52 13 47 13 33 96 73 33 38 68 57 17 59 17 81 66 65 59 15 18 99 33 84 50 65 93 79 39 54 61 44 93 99
90 92 67 57 54 48 53 100 58 66 36 21 40 88 86 77 13 33 61 21 33 25 13 63 2 26 99 88 15 90 11 39 41 84 68 14 93 99 95 45 59 82 79 54 49 94 89 78 32 6 51 4 6 77 59 28 21 12 8 37 72 44 50 11 34 46 67 23 12 3 13 4 54 79 86
5 4 31 99 56 13 39 30 14 78 5 17 98 53 40 70 74 90 46 54 68 43 75 5 73 72 71 28 67 85 88 56 77 1 65 4 37 49 62 3 87 79 87 61 79 95 15 35 94 72 76 36 14 42 96 47 3 70 19 89 10 22 50 83 54 61 58 76 17 72 32 83 99 1 92
3 45 38 92 53 88 88 50 95 34 93 30 27 61 33 74 32 60 57 34 36 45 11 10 33 77 65 97 24 24 40 38 93 11 66 91 22 89 5 15 23 56 17 31 70 6 10 66 27 83 1 89 95 40 66 32 32 58 98 71 98 1 13 21 58 16 17 83 98 48 89 94 30 83 50
100 15 41 60 20 57 69 62 96 98 2 6 93 86 93 21 22 65 97 31 49 6 11 48 28 46 32 91 46 55 37 5 65 55 85 67 13 14 92 63 86 93 8 64 86 94 10 96 3 25 62 73 7 78 28 3 21 22 81 58 45 23 14 89 28 40 59 58 81 88 25 68 33 4 65
61 28 79 5 83 68 88 43 84 30 86 42 77 29 34 44 2 17 52 92 57 57 83 52 73 23 63 62 77 64 38 96 67 40 17 45 57 59 26 19 96 94 53 35 89 73 18 76 96 6 94 43 3 1 38 9 92 98 89 42 47 62 20 100 97 38 64 29 65 51 75 29 78 25 90
55 90 17 68 38 71 93 23 25 29 82 14 66 35 3 92 37 25 36 79 70 12 23 32 13 93 24 23 43 16 16 88 56 47 31 90 55 69 12 31 66 24 42 32 61 4 76 51 13 78 51 68 62 62 83 18 33 35 72 92 86 75 68 9 17 97 92 39 48 88 6 65 37 46 65
91 4 29 37 93 26 91 90 78 15 30 60 13 88 75 51 24 90 28 5 30 12 4 38 56 24 69 39 79 96 83 67 21 46 11 27 48 53 44 88 88 53 27 16 42 74 6 50 88 81 71 25 58 45 96 35 23 92 21 26 87 100 59 57 84 14 66 20 96 35 62 12 85 4 32
30 44 22 31 79 64 70 60 62 31 100 37 72 68 80 2 77 60 34 63 41 8 52 55 2 54 11 91 18 86 51 19 24 86 87 4 68 64 29 38 48 72 25 72 88 35 47 59 72 6 46 34 58 42 61 65 1 19 34 22 71 22 65 73 19 36 28 69 64 4 86 27 54 46 8
1 68 39 72 83 7 73 39 87 60 95 63 16 18 82 79 16 90 17 3 84 26 33 51 34 14 93 34 71 51 32 67 88 74 16 80 26 31 69 67 40 60 32 67 52 63 5 67 55 94 40 27 86 13 100 55 35 31 2 71 78 79 33 73 47 20 45 31 55 51 67 20 11 33 38
33 87 32 16 50 57 53 97 15 16 62 34 92 27 59 95 77 68 9 81 31 4 22 85 20 65 62 73 24 11 96 40 16 87 83 22 87 28 27 88 77 51 56 9 62 86 98 100 85 33 98 7 80 28 47 17 71 75 52 37 9 59 21 73 42 62 25 69 66 99 46 10 54 53 73
29 12 46 2 81 61 45 71 9 13 77 9 99 58 30 13 70 15 96 35 99 15 72 20 24 94 28 31 81 39 44 1 98 57 87 46 49 31 33 4 4 12 38 11 40 66 100 29 62 54 51 61 42 57 66 45 51 50 78 77 42 78 13 25 73 39 58 30 71 41 8 45 77 13 32
84 6 15 38 79 38 36 24 39 41 60 11 93 89 15 75 34 17 91 28 23 35 22 96 95 74 31 52 58 94 26 97 16 31 75 84 18 60 66 63 15 48 3 22 91 10 24 23 64 10 37 95 63 70 58 11 47 20 18 100 1 31 51 35 96 57 99 62 70 62 45 98 35 19 98
6 25 52 63 29 84 25 63 77 87 3 35 90 16 13 79 22 4 93 79 2 34 90 50 18 42 9 98 22 62 72 94 90 60 80 98 78 51 22 54 60 71 85 39 9 81 80 2 5 1 23 85 51 84 33 82 28 73 72 89 52 97 13 75 23 35 1 23 97 76 36 16 12 34 67
19 60 4 87 88 75 79 97 34 65 87 50 31 36 37 72 65 15 33 55 1 85 44 90 2 24 95 17 74 35 17 60 10 89 87 11 10 35 57 19 14 93 46 37 50 72 38 3 8 5 78 39 65 68 22 92 2 76 2 49 6 79 96 33 17 42 56 45 43 77 40 64 89 8 24
91 55 17 86 72 100 30 46 61 29 24 35 27 23 33 74 3 69 23 82 67 38 59 51 41 27 84 29 39 75 29 80 25 11 16 42 26 36 54 48 16 40 64 73 62 91 25 54 43 69 7 91 81 27 43 14 24 39 97 70 12 26 46 69 63 13 69 1 67 49 30 12 3 41 93
95 43 46 52 20 87 89 40 1 46 76 7 51 34 53 12 5 43 21 69 28 48 97 29 23 23 75 96 95 61 19 34 35 72 88 16 82 79 3 72 47 80 90 61 73 80 29 19 51 39 58 57 47 63 31 28 53 51 23 48 99 30 6 80 62 94 93 79 29 40 24 42 25 96 55
31 2 56 24 48 57 10 11 90 21 29 44 73 31 58 45 4 41 79 49 42 27 68 67 81 20 64 83 66 28 72 26 1 37 7 43 33 56 60 13 66 3 5 44 45 59 17 73 71 75 94 6 23 26 8 32 21 70 19 96 47 44 33 44 64 85 53 72 11 93 7 19 60 14 98
39 27 7 58 1 28 36 30 14 63 29 51 33 60 40 92 47 97 12 51 27 74 1 9 10 88 81 25 14 51 24 46 30 87 76 18 85 59 83 54 98 43 30 83 23 65 39 38 4 26 92 100 62 86 41 12 91 27 98 63 50 2 15 31 49 61 56 25 71 19 36 77 9 75 59
83 87 51 13 33 84 13 72 1 8 93 30 35 29 59 8 42 26 1 24 73 45 95 6 51 39 32 84 8 84 42 50 57 72 93 43 75 96 26 97 94 48 2 80 98 58 19 95 16 91 5 83 38 100 6 76 16 68 64 99 93 83 18 20 49 93 15 8 91 68 11 28 48 43 56
74 83 64 6 94 49 60 46 100 6 37 49 84 12 60 60 94 71 37 75 16 3 13 64 54 42 16 68 38 59 76 42 73 42 76 40 54 29 76 84 35 85 81 78 41 7 15 25 44 51 15 26 43 8 3 30 22 17 73 23 78 8 52 43 21 4 25 57 60 40 98 39 30 74 30
32 30 76 100 9 20 95 76 60 89 31 27 41 38 93 91 54 49 39 38 3 55 25 80 36 71 65 17 83 26 48 19 82 35 42 69 65 97 36 65 25 89 66 6 2 81 55 31 33 85 38 39 2 89 45 1 83 67 90 28 50 77 97 25 97 37 17 9 87 62 26 98 88 81 87
76 87 54 21 10 32 58 20 64 41 13 98 38 75 29 20 11 81 66 26 9 10 59 67 19 82 95 75 94 34 24 6 21 21 24 19 86 58 26 100 3 36 99 17 59 79 2 30 59 17 45 89 36 92 15 98 64 57 67 79 10 78 77 56 61 51 37 57 49 26 30 51 81 65 95
40 5 92 1 14 49 27 76 42 82 11 20 82 67 59 18 88 28 47 11 78 40 25 36 52 72 73 65 43 82 65 14 96 39 7 68 73 52 12 69 78 56 91 71 59 19 49 78 63 6 5 96 54 37 94 90 55 9 77 73 54 14 39 31 1 39 44 97 24 75 26 53 57 95 98
44 94 52 98 88 79 13 100 46 79 20 81 67 21 17 31 98 91 63 6 16 90 61 56 51 26 68 57 98 22 66 84 68 41 23 81 67 4 39 19 76 100 51 98 1 39 26 10 64 94 12 66 95 64 22 75 62 23 34 85 61 71 4 48 46 86 37 8 13 82 98 2 53 76 97
100 9 15 60 33 21 66 90 69 69 31 17 62 67 47 62 32 57 10 98 86 42 73 33 32 13 6 55 19 74 45 83 88 74 65 38 65 47 2 33 25 94 83 95 89 59 54 82 22 7 21 5 99 30 34 63 40 29 27 43 40 74 78 31 8 39 42 79 70 37 66 10 91 8 78
25 63 94 25 40 45 100 29 97 56 46 70 87 43 89 2 44 97 53 27 96 60 10 32 93 11 84 46 50 8 29 17 100 25 85 68 32 59 32 81 51 81 82 63 84 59 61 46 91 40 49 71 17 22 59 10 100 74 55 92 92 7 88 85 99 23 58 7 60 2 43 22 84 98 42
100 37 98 89 39 88 77 25 58 23 25 95 17 57 24 37 25 43 86 20 28 98 39 11 49 95 27 84 9 28 33 98 92 36 77 98 4 15 37 22 61 48 88 81 41 16 82 82 5 77 70 44 50 85 3 4 1 22 46 73 31 55 1 57 42 98 67 13 63 39 19 51 37 69 14
15 40 60 43 64 19 19 11 98 75 64 71 72 10 36 78 37 14 63 73 21 57 1 45 72 66 47 70 99 64 73 48 6 11 72 67 100 96 13 67 24 9 34 2 73 38 64 4 7 32 9 23 87 24 54 16 87 67 45 31 2 51 50 40 12 17 17 46 47 28 77 12 99 9 6
7 96 95 76 44 1 15 22 23 100 68 68 27 61 65 14 79 35 47 90 63 64 46 52 75 66 77 75 80 15 27 57 35 74 35 50 50 38 74 42 39 70 19 33 82 9 20 86 51 25 99 91 53 84 50 22 50 92 1 57 57 22 22 12 82 13 43 67 53 25 33 58 23 31 17
47 31 30 75 43 68 65 18 29 86 64 39 62 5 78 32 64 62 9 73 69 57 96 96 22 38 82 14 97 50 48 26 41 62 12 6 65 99 55 91 61 85 74 63 27 16 4 62 39 74 85 28 92 40 42 95 30 44 68 64 71 14 33 8 44 64 91 99 92 6 18 3 56 87 10
37 63 55 54 24 78 50 76 32 57 5 98 12 75 56 43 22 35 68 79 3 44 34 1 77 93 80 45 45 35 54 27 14 6 13 80 40 96 28 55 3 91 4 62 9 45 70 15 41 9 40 5 87 18 31 36 69 88 22 30 25 34 37 15 33 65 65 9 60 99 93 21 67 62 71
4 76 26 66 61 55 56 5 70 47 3 66 81 84 81 50 27 56 75 34 83 48 42 26 82 76 57 20 66 11 90 33 12 64 29 40 48 93 43 86 40 90 92 71 36 24 67 43 21 90 85 91 40 40 85 38 28 5 7 64 84 94 57 15 45 45 22 53 50 65 92 10 66 91 95
16 24 47 40 64 91 51 21 81 76 41 68 94 42 94 10 28 37 42 86 82 30 50 95 89 90 84 45 84 10 71 23 69 1 72 73 20 94 66 61 12 94 24 72 19 51 96 79 34 56 80 26 19 34 27 1 53 7 91 15 76 72 72 43 13 25 82 83 63 58 13 12 64 11 23
61 13 90 49 52 78 16 10 69 73 94 76 88 64 40 95 20 68 2 75 44 40 66 40 29 90 77 16 58 86 57 58 1 99 33 20 19 53 53 42 75 85 97 44 80 83 95 99 87 83 40 46 53 68 28 44 33 4 60 29 93 83 10 20 53 68 57 4 39 74 76 95 36 17 92
64 57 73 58 49 53 23 19 84 28 75 59 66 48 5 8 1 22 72 10 28 11 11 87 67 69 10 42 33 36 38 24 14 70 7 41 99 78 83 25 86 72 42 28 27 73 87 87 91 64 53 93 33 3 66 71 42 38 39 6 89 4 38 51 94 47 86 79 51 96 37 77 46 55 68
87 61 90 65 13 9 32 38 32 36 24 85 47 2 9 40 52 91 22 98 51 11 54 89 90 10 75 65 2 29 78 96 7 70 48 39 79 10 14 65 27 35 18 69 63 34 100 54 5 25 35 85 60 58 72 65 7 59 41 41 24 32 34 30 93 92 81 5 75 55 96 38 75 98 4
55 94 12 45 60 63 17 90 90 66 16 19 77 47 70 41 50 83 22 97 90 97 9 12 28 53 69 58 71 5 29 3 86 93 31 6 10 4 83 71 86 76 35 4 61 66 47 91 18 17 63 53 71 37 41 46 92 10 99 67 24 45 11 28 98 59 36 42 24 90 83 92 55 89 43
20 20 9 25 48 92 84 79 50 12 77 21 28 67 43 99 78 10 55 90 70 20 26 31 5 17 87 66 74 9 13 62 51 45 4 8 61 78 24 5 26 28 69 34 77 82 8 47 53 47 73 42 21 44 87 94 96 41 58 98 63 57 85 91 97 63 61 90 72 94 60 1 28 30 74
56 62 90 20 56 81 26 33 33 86 11 1 2 36 16 72 18 18 2 79 98 96 34 16 84 76 22 1 39 83 93 68 29 70 73 19 57 79 89 42 82 13 26 95 21 65 89 69 19 21 62 96 78 34 75 73 44 6 21 23 39 34 47 61 42 86 62 99 77 59 95 38 69 28 61
50 16 83 64 44 56 52 30 71 52 94 94 92 72 30 96 100 97 52 40 70 89 10 34 17 40 2 52 15 41 87 79 74 79 31 16 95 56 22 15 86 13 94 96 62 65 18 14 79 76 51 57 68 23 18 28 26 43 88 63 81 97 19 41 42 35 96 52 100 42 26 7 86 42 37
46 61 77 82 6 32 92 86 38 16 39 22 68 100 72 95 46 35 39 94 33 49 92 29 82 1 3 2 35 88 25 42 14 68 2 32 70 100 10 49 4 60 37 100 38 43 59 73 98 29 30 86 19 59 55 40 79 74 53 8 37 81 3 73 4 17 71 30 93 5 75 21 52 7 11
48 22 38 32 8 73 100 29 3 62 30 19 6 76 75 56 68 78 5 22 8 34 31 17 41 2 92 53 30 48 5 26 47 9 46 49 97 89 1 15 81 16 99 97 27 2 66 49 92 33 46 77 93 18 82 81 83 1 84 85 32 55 2 7 42 66 27 99 45 81 92 5 12 74 83
8 31 21 34 97 4 9 18 41 15 75 69 9 63 21 52 77 65 73 95 69 73 4 24 19 24 43 75 19 55 58 43 40 22 100 62 58 50 44 38 64 53 37 84 44 53 69 40 97 96 38 46 44 78 97 40 44 85 9 31 23 68 69 36 36 19 64 23 91 97 4 51 89 59 12
54 38 15 94 76 42 90 76 12 16 67 6 19 84 33 4 75 2 9 3 46 83 26 25 63 95 20 8 63 16 70 4 45 9 47 7 55 80 42 38 44 25 60 96 4 3 91 42 21 45 15 35 26 38 45 35 94 90 52 79 91 71 14 41 32 54 28 23 70 72 93 40 36 76 47
55 96 18 4 75 43 96 9 65 90 55 1 67 17 44 100 47 88 4 75 69 12 51 2 5 77 48 11 60 78 3 69 93 78 1 65 87 15 20 88 44 60 71 81 84 28 51 32 17 19 65 79 48 79 64 32 80 100 32 36 28 61 46 6 5 12 8 11 4 18 6 89 13 42 27
35 37 92 62 44 76 43 66 24 59 26 15 70 97 5 62 27 7 94 67 65 28 16 12 56 66 89 50 35 40 32 4 10 78 83 97 63 17 100 31 7 42 47 81 95 61 43 24 64 68 50 38 89 8 22 56 60 71 72 84 65 68 1 14 2 73 45 6 86 58 11 8 2 15 17
46 40 7 13 13 3 22 18 16 93 42 61 93 13 99 8 60 39 81 62 22 73 66 95 73 53 42 47 93 14 17 51 67 85 37 85 80 90 19 19 94 15 78 27 10 50 45 68 55 21 54 98 63 29 10 21 88 88 69 59 47 65 98 79 3 97 15 74 21 18 18 2 84 42 3
6 27 42 24 46 92 22 30 23 47 73 62 45 11 39 58 48 85 89 22 10 52 40 68 7 79 3 63 38 50 83 48 78 99 100 69 22 17 7 13 74 83 20 35 38 51 54 56 36 90 61 31 22 88 100 26 44 75 95 45 92 73 12 81 18 1 23 14 82 2 18 85 31 46 69
70 25 86 94 69 90 62 18 90 34 63 47 32 2 57 24 34 19 28 34 90 99 96 75 51 62 43 69 60 66 88 28 28 82 58 41 80 96 3 39 78 10 68 50 69 31 65 39 1 16 68 10 68 44 76 61 41 89 10 54 76 38 27 1 60 21 2 87 84 15 23 39 82 3 50
37 1 85 30 9 33 62 1 34 63 72 28 24 52 13 29 92 6 72 68 74 20 40 64 84 17 94 70 13 41 41 93 58 31 11 64 26 49 36 16 48 80 16 90 2 40 62 39 30 80 23 36 25 41 89 92 48 11 10 33 32 62 2 82 8 98 21 51 86 37 68 16 65 35 84
7 58 60 44 13 42 51 22 71 77 68 61 39 54 69 86 21 63 70 98 11 30 81 12 94 19 24 81 24 91 98 42 80 13 97 31 11 90 16 82 63 42 99 100 79 46 23 6 68 35 49 77 71 49 73 15 34 3 82 63 50 62 29 66 48 51 42 88 98 38 15 70 81 5 3
40 73 66 13 96 60 10 4 22 75 68 59 30 10 1 100 15 88 30 95 13 73 24 58 18 22 68 43 84 75 22 2 47 76 40 83 95 25 19 29 95 51 73 5 53 59 89 53 58 62 92 64 39 65 89 24 8 79 45 68 89 29 6 25 84 72 59 15 17 75 77 56 43 70 13
18 37 18 57 3 38 47 72 92 62 87 89 77 61 30 55 59 85 69 32 49 85 69 86 21 33 98 97 59 77 66 90 86 51 62 66 71 52 31 21 42 82 31 52 23 94 49 63 91 85 91 86 57 26 29 51 14 17 87 9 32 52 18 80 26 71 34 36 24 80 77 32 81 22 65
19 65 45 47 26 3 53 91 13 60 11 20 80 84 15 59 32 21 96 43 14 90 84 89 5 59 3 29 11 27 29 48 50 4 25 17 71 61 75 74 97 36 54 90 54 20 53 33 9 21 5 18 68 49 20 28 22 62 5 46 18 70 82 32 65 14 53 28 47 4 32 39 2 68 94
87 22 5 86 78 44 37 57 85 90 39 43 98 80 64 30 5 97 85 43 14 24 65 29 16 96 99 28 90 41 54 23 75 27 6 4 96 55 53 83 55 9 22 5 54 42 20 38 98 53 17 47 18 70 7 49 58 44 95 22 2 68 94 89 87 88 11 26 83 95 2 57 15 84 98
42 50 37 49 94 23 16 97 53 51 29 66 73 91 34 74 53 64 6 34 14 60 11 16 92 7 31 91 68 56 99 28 36 27 75 50 46 61 42 54 71 42 14 21 78 73 76 83 24 50 99 90 41 87 49 24 67 4 86 75 81 73 76 59 44 17 92 28 39 33 78 80 36 27 13
2 38 70 53 47 29 42 19 51 20 46 20 63 70 52 58 85 3 26 97 8 61 6 42 97 20 74 16 92 87 86 74 84 78 63 90 48 25 40 19 49 86 69 83 91 59 43 65 93 56 29 95 40 86 56 73 20 24 64 25 74 28 79 1 4 61 94 37 4 9 54 78 63 9 72
50 21 46 71 80 99 66 41 93 94 55 76 46 42 36 13 23 62 92 77 79 98 18 6 34 78 16 32 84 18 45 52 83 57 40 81 51 31 13 22 24 71 75 1 74 62 10 23 98 12 56 85 99 39 76 79 76 49 44 91 71 62 73 47 3 67 78 70 63 29 13 24 74 86 54
5 29 17 81 82 84 31 79 28 82 38 49 98 30 88 42 43 27 59 1 11 34 30 32 31 94 86 47 90 72 30 29 3 70 98 59 29 13 11 31 94 17 21 75 86 8 38 96 24 10 56 47 95 21 66 22 48 51 39 89 26 55 67 99 26 17 2 62 92 16 89 50 52 61 50
23 92 96 40 5 77 54 97 98 92 40 46 26 8 92 32 68 87 57 87 27 93 23 83 76 3 96 86 43 43 66 2 87 56 45 95 29 55 60 59 100 76 15 40 69 36 49 98 48 1 3 85 96 8 68 65 51 17 100 21 77 17 48 75 67 50 51 28 83 47 6 3 80 89 26
51 25 83 98 39 22 71 11 74 49 45 9 18 90 36 65 72 31 21 25 98 48 30 5 30 12 40 57 91 76 56 91 21 57 58 75 74 40 36 91 40 40 38 30 99 51 30 25 63 77 91 84 76 98 21 1 12 36 40 54 60 1 9 91 17 3 18 42 69 21 69 43 72 44 35
81 32 24 55 42 61 27 36 36 87 40 37 97 80 66 52 83 30 76 51 90 62 23 35 12 9 20 10 87 65 68 67 98 71 10 23 97 35 72 37 28 28 52 11 58 63 14 51 26 98 59 39 15 42 80 46 79 76 16 64 25 31 98 100 53 95 33 83 55 52 86 94 83 60 32
25 98 3 17 1 13 62 1 85 60 66 87 62 42 23 13 86 68 30 88 39 71 91 90 13 38 54 11 41 30 29 44 46 11 97 65 8 57 33 10 34 31 45 20 53 79 53 44 21 70 37 15 2 41 44 94 7 72 4 87 80 94 81 89 95 61 38 6 64 8 55 30 86 40 70
28 66 28 66 32 8 49 77 15 8 47 73 84 59 58 48 61 79 48 20 65 21 31 30 46 97 80 77 57 47 93 12 18 65 60 84 100 43 90 27 42 76 58 13 11 48 50 40 63 10 3 91 75 50 25 11 53 17 48 21 78 55 68 90 50 10 8 4 42 90 51 71 50 37 36
47 6 98 69 82 58 79 78 9 67 42 25 86 26 5 32 95 48 91 44 80 58 46 56 25 96 31 92 99 95 51 10 100 91 1 10 24 69 69 53 60 64 46 92 2 13 96 73 54 19 6 15 16 50 77 41 73 20 71 93 16 62 9 52 73 62 51 20 78 15 36 81 87 61 16
48 28 3 52 68 1 51 93 58 45 53 44 37 60 51 30 67 87 63 18 32 83 28 84 45 74 42 27 96 92 58 79 49 34 56 48 23 93 65 16 63 3 73 8 86 1 51 66 8 87 72 72 76 37 17 20 69 82 18 14 18 6 41 94 45 33 96 26 27 45 52 32 83 72 81
86 70 40 7 37 35 53 72 29 13 77 46 13 68 3 51 56 83 26 83 15 19 28 49 67 48 55 12 95 84 38 45 32 98 42 14 29 64 59 28 27 9 6 42 82 85 68 93 48 35 77 20 1 22 24 31 46 23 60 79 43 82 81 23 13 44 3 72 78 43 41 95 95 30 73
61 61 13 22 95 20 50 75 44 34 69 57 40 17 4 58 57 40 7 49 86 32 62 51 2 72 62 68 52 35 93 87 64 72 73 96 39 79 7 79 41 93 47 63 46 50 18 53 21 74 74 49 82 60 30 16 53 22 68 83 91 22 23 49 16 46 58 62 76 29 78 98 27 93 60
16 14 12 46 28 85 42 74 88 75 1 95 71 26 32 11 28 30 13 2 4 75 14 77 60 1 77 34 98 19 16 90 68 93 41 27 60 15 87 40 56 90 13 61 86 33 21 26 6 80 34 29 20 46 26 7 67 8 35 97 48 6 14 75 23 20 83 91 40 44 50 17 78 38 46
68 93 20 66 46 82 40 77 45 91 60 94 58 32 60 29 48 25 51 89 14 16 80 56 20 93 93 69 27 27 46 49 6 34 40 8 68 37 54 19 95 64 85 9 16 75 3 15 58 50 77 7 51 61 5 39 91 96 95 73 16 19 51 77 88 99 60 14 84 7 81 93 61 45 57
38 73 38 4 58 52 84 72 12 33 19 46 2 52 49 100 36 65 65 97 67 43 73 5 39 1 80 13 99 47 90 1 96 84 12 61 43 92 98 2 37 70 46 11 35 71 12 55 23 85 3 45 46 8 69 64 30 51 41 63 65 69 94 1 44 26 15 34 78 26 2 54 15 47 96
68 70 46 58 86 2 35 11 95 96 47 40 70 39 53 72 76 62 78 5 65 93 78 43 81 65 49 69 61 12 59 71 17 95 93 75 16 43 20 97 98 35 95 23 71 70 28 98 52 50 31 49 10 77 96 25 82 25 83 45 9 85 32 86 66 90 87 63 94 34 73 34 97 96 73
18 49 88 11 65 30 65 42 59 96 29 25 76 98 5 15 7 71 78 1 20 8 15 31 13 5 25 61 15 66 36 70 13 39 91 54 65 21 49 90 20 94 98 18 90 70 100 11 95 23 6 8 39 49 58 53 90 87 2 15 50 87 93 69 67 58 66 41 79 65 44 35 91 20 72
2 89 73 31 63 1 86 91 43 67 64 74 3 67 64 70 82 92 91 94 96 44 17 13 18 55 63 93 37 84 87 16 27 24 10 20 87 84 52 24 66 29 68 38 62 8 98 61 79 90 89 7 40 87 15 58 50 11 13 3 74 69 4 51 18 9 46 22 77 78 80 21 43 91 88
2 98 22 78 85 15 22 49 88 44 27 5 85 50 39 27 22 7 58 85 38 66 42 17 64 22 82 87 77 17 63 94 76 29 90 100 49 81 91 3 69 9 67 31 79 62 47 76 60 31 1 29 69 35 7 64 9 18 89 98 27 41 59 82 51 41 76 3 76 56 36 77 3 64 4
35 49 55 71 55 57 65 3 78 5 37 7 99 63 22 4 70 49 4 25 3 27 66 59 32 21 48 79 86 43 86 12 2 76 13 100 68 29 97 29 23 12 33 62 59 93 4 100 66 72 74 80 96 20 35 17 50 73 18 9 21 50 87 42 98 62 65 6 80 99 35 57 71 79 48
1 81 23 30 68 75 56 19 90 71 6 72 48 17 77 86 72 26 4 76 37 97 61 58 77 9 72 35 59 74 48 61 54 32 76 22 73 67 29 44 22 3 66 66 42 48 6 64 22 67 88 29 87 100 18 1 16 37 43 45 25 88 5 49 5 56 6 7 4 29 71 37 5 40 17
39 41 34 49 33 63 73 55 38 75 4 40 69 14 51 43 41 59 68 57 1 10 38 48 6 92 81 39 74 26 34 93 31 84 60 77 41 62 31 80 29 43 76 81 31 5 69 48 1 70 85 63 55 7 54 87 70 23 21 52 65 89 20 10 29 63 90 84 74 67 52 82 19 95 54
24 71 76 6 38 52 62 20 87 68 72 71 53 97 98 35 53 61 70 83 100 4 80 64 40 19 10 23 50 35 17 66 9 25 85 63 46 77 54 63 6 39 75 52 5 5 3 17 95 49 70 9 12 38 77 69 100 34 44 35 10 14 42 10 36 10 35 16 79 38 80 67 6 50 94
43 31 30 50 6 12 32 26 39 88 68 12 41 89 19 9 91 1 48 20 66 50 8 36 75 1 54 71 55 22 94 52 76 57 72 40 67 39 8 83 46 82 54 1 19 37 17 75 22 26 74 87 92 41 4 91 35 89 22 80 6 90 5 51 19 36 61 41 4 49 15 7 83 37 17
86 41 100 35 29 10 34 43 55 97 31 88 12 47 66 67 88 31 88 40 74 32 73 87 14 48 74 39 21 43 83 38 83 89 83 48 40 39 21 19 79 19 8 33 12 33 7 17 64 49 11 69 56 61 99 52 83 31 91 12 32 88 71 19 29 14 8 81 72 46 52 54 4 46 19
73 69 20 98 47 88 70 33 75 16 40 81 66 39 39 35 17 5 48 21 39 30 99 20 65 64 61 71 36 32 99 67 50 4 88 62 23 22 3 54 80 25 28 92 23 91 73 50 97 93 82 25 36 51 70 26 3 13 23 73 12 69 31 54 72 52 76 35 65 61 79 35 45 30 12
8 28 76 66 65 72 40 5 54 17 78 19 46 53 73 42 43 13 96 23 42 68 47 57 50 72 20 57 75 96 85 64 86 50 55 74 23 15 99 53 58 31 2 86 65 8 30 50 11 50 32 44 63 35 88 93 18 80 26 14 60 38 85 76 42 77 39 42 32 2 60 48 1 42 87
51 75 18 35 7 56 94 12 26 60 27 73 15 29 93 18 17 96 86 21 30 28 44 37 43 95 90 23 7 36 64 2 19 25 73 29 6 63 17 68 6 40 65 99 17 82 66 34 80 14 72 94 94 100 1 9 67 93 7 55 5 28 1 9 12 23 4 78 89 78 6 96 68 61 47
83 83 11 20 56 87 84 64 23 18 38 34 33 44 48 5 81 81 42 69 22 14 9 10 78 67 35 21 17 27 39 3 21 80 20 74 93 46 28 40 41 71 73 77 75 19 17 56 93 72 75 59 6 90 67 26 82 57 63 87 38 10 33 71 89 77 65 65 45 67 91 85 93 83 69
55 50 15 47 26 71 85 62 80 87 31 21 70 90 95 37 36 62 74 52 4 67 15 81 29 49 33 13 97 70 18 36 20 37 55 56 76 4 41 57 89 29 88 48 84 64 3 68 22 75 85 18 48 77 77 22 7 3 96 88 67 97 94 61 29 13 46 68 15 74 38 31 70 38 68
68 88 90 99 3 77 18 1 25 83 43 20 76 63 76 60 8 94 22 11 78 93 92 73 42 83 11 69 88 95 52 27 60 19 28 14 55 99 60 2 67 36 35 9 50 71 53 54 88 29 53 32 61 50 92 89 69 46 47 43 2 14 37 7 46 21 59 67 48 79 40 76 100 12 7
98 30 96 54 36 66 45 35 51 98 72 65 100 18 30 9 22 90 32 13 90 39 3 25 48 82 4 9 66 75 50 15 41 94 65 61 80 46 3 41 47 98 82 12 13 88 56 38 30 65 40 63 7 50 79 38 44 59 6 56 57 57 30 85 81 20 89 4 40 45 82 62 2 43 68
42 64 40 15 20 51 74 75 1 35 22 8 23 8 75 22 83 33 83 98 84 30 32 2 32 42 72 36 92 18 72 71 50 31 89 91 20 37 91 43 32 50 11 94 34 46 8 54 83 19 7 96 26 72 22 74 81 48 18 25 66 5 72 99 49 3 10 14 1 81 78 29 24 94 89
14 92 3 74 100 66 65 67 85 23 72 75 4 85 48 10 93 15 59 7 8 36 65 13 19 9 47 74 65 16 97 60 9 6 71 5 15 68 1 61 24 98 55 28 50 51 73 26 42 73 33 30 79 26 87 23 52 2 6 21 38 75 50 47 45 25 43 25 93 49 35 16 4 28 14
40 51 42 1 39 48 34 72 26 1 53 14 73 82 42 11 72 51 14 28 45 21 38 70 19 27 20 93 45 39 73 8 25 23 42 75 22 49 62 19 89 39 83 100 75 92 52 24 44 50 94 41 3 6 38 94 20 76 80 11 30 89 64 95 59 37 59 67 57 98 70 9 43 7 77
82 26 56 73 73 61 37 3 11 44 74 2 55 62 51 1 78 2 13 44 94 16 13 8 30 27 49 58 56 46 88 12 25 49 27 66 6 69 99 38 38 12 22 65 32 59 17 17 22 63 31 45 5 9 93 93 85 44 90 52 7 72 77 59 39 41 39 22 28 19 32 95 51 35 1
53 32 44 10 15 20 11 19 54 72 69 97 68 83 81 81 98 87 91 93 31 95 13 25 8 67 90 61 38 70 87 12 11 15 79 97 7 73 14 11 7 55 5 23 86 20 62 74 58 71 25 58 14 30 4 28 54 76 1 15 60 75 80 22 74 8 61 23 22 74 12 14 73 78 8
35 27 5 56 30 24 87 49 35 22 27 68 4 41 11 26 6 70 25 44 98 63 79 56 22 99 76 69 23 51 56 41 37 42 50 57 85 95 76 7 64 21 18 72 42 12 67 23 80 83 9 56 83 14 58 28 8 71 78 29 92 66 70 99 66 10 8 3 66 83 79 3 73 89 56
13 68 83 74 13 21 94 36 25 99 15 6 75 87 28 27 61 33 89 92 36 87 13 59 42 68 93 59 92 50 13 20 24 9 45 32 2 31 26 74 25 43 65 54 64 72 60 48 46 35 22 69 51 89 1 16 2 38 52 3 85 55 80 67 68 36 63 16 41 64 30 5 75 73 31
69 85 68 53 69 37 11 1 84 76 33 86 47 46 45 100 100 36 96 60 82 96 57 44 83 73 89 6 18 99 7 57 37 38 25 100 18 4 83 89 48 12 52 42 32 47 22 87 29 89 12 78 69 19 49 28 49 15 16 2 28 42 47 63 90 36 30 43 52 83 78 50 90 87 72
67 46 24 59 58 8 75 81 74 100 22 28 84 28 56 19 19 87 81 15 19 97 60 99 14 49 67 10 70 38 20 13 27 59 37 66 83 17 100 84 26 17 76 31 44 14 32 76 77 31 9 65 19 50 51 15 28 77 14 38 38 8 56 75 8 15 22 75 72 24 73 64 53 60 56
23 79 23 94 66 19 51 48 38 35 16 41 43 88 23 71 60 11 26 28 33 73 71 73 73 50 26 63 58 84 27 58 12 13 7 59 46 72 79 91 24 18 86 91 79 77 67 13 100 54 95 95 86 84 32 50 90 68 25 32 93 95 94 43 47 26 50 93 63 32 67 96 12 19 58
69 59 31 14 37 64 72 49 51 43 24 89 41 29 76 52 69 12 93 4 3 90 53 96 24 89 12 19 25 15 93 22 68 62 53 29 22 47 8 31 60 98 46 62 92 27 59 52 2 68 59 96 8 10 25 99 96 30 11 31 26 6 17 64 4 59 31 60 10 99 26 44 58 4 12
49 92 87 8 75 17 64 79 31 95 47 68 69 100 31 54 62 84 47 8 22 72 24 62 69 10 74 40 26 44 27 38 58 74 56 91 44 73 41 19 82 77 71 51 94 12 61 96 83 45 58 81 89 57 86 47 68 74 89 6 57 95 34 96 90 69 74 47 27 20 17 88 55 81 99
14 35 17 53 27 5 88 12 17 17 69 22 48 23 95 6 83 98 84 74 73 79 84 72 37 40 5 48 50 10 32 34 29 52 76 75 13 80 39 89 69 21 3 47 60 12 12 38 78 74 25 4 39 53 38 81 4 94 74 23 15 5 49 47 24 52 18 74 4 67 40 68 47 97 52
57 14 15 64 1 80 95 34 86 46 41 30 77 79 80 28 86 52 86 60 45 48 23 11 63 72 77 14 13 31 85 93 36 73 13 40 3 31 4 23 7 91 71 71 23 90 76 39 81 36 86 5 50 83 58 72 98 75 14 51 6 61 61 62 94 73 66 32 42 34 41 83 65 76 99
70 41 27 69 37 84 36 23 68 39 24 33 51 84 96 68 99 66 73 24 56 66 35 71 84 49 36 99 10 33 91 2 15 74 70 24 69 66 40 28 29 30 2 80 30 87 71 42 90 17 13 99 72 16 55 74 4 67 87 31 49 66 54 77 55 100 84 80 75 9 10 94 10 3 71
83 99 86 15 96 27 19 79 30 81 20 55 95 31 42 10 85 13 89 99 96 44 77 67 41 44 94 53 78 49 100 99 13 49 38 39 70 79 29 36 39 29 62 72 60 76 38 45 38 98 77 86 57 29 64 95 2 72 91 38 26 82 19 7 79 35 65 6 20 54 38 66 30 15 91
7 7 35 98 26 23 30 93 16 81 47 97 88 98 15 11 79 16 6 8 88 87 48 98 100 70 72 32 44 55 48 1 94 93 70 76 68 37 87 11 22 4 13 71 38 8 20 3 19 32 64 54 73 22 44 23 50 27 5 4 63 30 77 6 52 91 19 43 66 50 94 11 54 47 50
13 16 57 34 95 64 39 41 83 12 5 92 56 61 96 56 66 1 81 39 45 66 54 74 69 14 14 41 73 83 52 77 39 38 3 67 86 43 65 5 22 50 84 19 15 55 7 12 12 28 35 90 10 44 21 59 21 56 11 51 40 85 89 96 66 56 49 28 30 38 55 87 40 79 20
70 39 93 40 53 97 23 66 67 44 79 46 42 42 91 31 58 65 88 13 3 24 55 43 27 60 9 72 86 30 4 77 85 48 94 99 91 66 49 66 10 75 17 35 62 20 51 82 76 95 97 42 62 94 11 57 39 85 59 88 13 49 59 15 67 66 14 76 59 39 21 86 43 85 62
97 35 18 82 81 91 62 46 92 46 37 58 13 44 10 43 76 67 51 82 10 21 8 72 9 41 67 6 92 47 22 52 96 42 7 46 31 100 17 13 47 47 61 2 52 31 99 15 23 68 7 76 35 68 78 50 31 24 61 72 49 8 10 21 9 36 68 6 52 27 62 94 11 80 91
43 29 73 1 7 68 87 75 77 35 60 7 32 86 33 11 90 37 47 45 95 6 22 15 65 58 53 39 88 25 74 33 60 100 14 98 49 23 82 76 91 70 86 81 50 70 72 65 22 52 21 49 5 4 72 87 58 44 65 55 51 97 29 81 56 97 80 4 9 27 22 42 58 36 100
25 73 62 80 47 99 62 82 74 26 19 77 20 48 90 6 11 53 17 12 73 12 55 30 60 63 78 82 73 71 100 85 31 80 41 68 89 100 42 37 96 11 54 75 58 38 27 29 83 83 57 59 2 10 78 77 21 26 78 95 20 52 44 36 37 83 99 8 100 87 76 66 22 88 77
100 75 26 8 50 39 69 38 54 75 6 20 19 27 42 49 30 16 15 60 93 69 88 60 12 36 62 85 89 7 85 6 55 85 12 38 2 71 76 79 43 100 50 88 69 53 98 34 47 34 15 8 55 49 6 13 29 71 48 66 73 87 37 20 42 76 30 21 62 69 53 53 53 20 65
75 40 82 89 99 53 42 5 1 13 69 37 4 20 98 73 5 52 39 58 20 75 68 15 48 42 85 74 88 90 76 48 14 73 74 9 16 69 16 47 30 31 54 27 60 92 74 52 96 50 97 43 30 35 79 31 91 71 99 46 93 60 5 51 35 15 76 41 53 66 65 44 78 43 10
88 46 13 44 49 79 11 4 73 28 14 90 98 93 71 84 74 81 84 66 78 63 54 1 36 64 28 84 12 47 30 81 67 16 32 81 44 5 15 53 17 67 8 36 29 24 93 39 49 74 30 86 38 45 85 87 56 76 30 30 88 60 85 48 55 85 92 68 69 57 89 47 31 85 7
64 14 90 41 61 100 30 90 67 40 83 14 96 9 55 26 1 26 93 59 80 59 56 3 7 94 97 17 51 38 65 37 45 43 82 92 94 31 67 29 77 25 92 13 35 96 48 35 97 20 71 97 4 93 19 73 38 31 7 97 94 15 48 65 99 92 4 50 13 78 16 42 73 93 95
6 17 76 65 84 56 7 29 71 11 9 20 29 51 96 49 84 28 99 63 72 15 9 76 68 21 36 71 34 97 71 59 100 95 11 63 99 45 27 71 70 41 35 79 59 61 16 59 74 28 11 34 71 44 52 88 54 53 17 49 75 76 74 28 64 18 28 54 37 35 82 29 36 68 26
39 67 26 22 92 34 80 92 63 64 38 95 12 43 35 95 16 82 40 15 37 72 87 31 2 40 22 42 16 85 56 84 83 58 90 57 52 73 91 29 18 48 34 7 14 21 20 34 9 84 72 93 65 41 23 65 10 25 19 45 14 71 19 91 98 18 76 36 45 35 68 91 32 4 22
42 81 38 86 54 54 53 75 47 24 93 71 23 4 94 4 34 11 90 39 79 92 72 14 2 23 89 70 40 94 49 56 10 97 41 41 72 89 22 37 71 89 6 5 7 18 93 65 9 39 70 73 16 4 94 71 57 74 18 50 83 70 18 51 7 73 40 89 23 63 76 95 67 32 25
47 42 36 86 29 59 13 17 65 95 60 12 25 93 44 39 23 41 97 19 9 51 68 5 46 84 41 12 83 3 6 52 31 69 34 15 68 40 91 27 85 85 73 90 94 32 70 36 90 25 45 73 18 97 4 93 80 63 20 16 33 8 80 82 63 76 76 64 60 55 37 67 10 15 47
27 90 29 1 40 63 67 24 33 44 7 56 54 21 18 18 91 66 75 34 14 45 50 83 5 13 59 84 42 31 3 50 87 32 36 22 20 50 5 45 11 21 91 46 31 72 25 95 32 43 19 74 58 66 59 81 25 28 9 48 28 75 53 73 54 72 55 57 78 14 56 31 28 42 33
93 58 30 61 7 28 94 47 67 36 89 1 76 85 50 17 10 38 4 76 7 79 43 96 43 74 82 3 100 17 87 67 80 56 28 86 36 11 89 76 54 21 57 92 8 6 9 52 27 17 60 82 44 85 20 35 87 34 78 15 88 26 13 98 27 52 29 32 13 97 35 93 2 97 50
4 1 83 15 38 61 58 6 54 73 27 90 29 35 82 19 79 6 34 93 60 52 61 50 13 29 85 23 99 84 40 79 32 4 18 82 52 56 16 30 48 59 61 44 29 30 85 63 88 10 10 30 32 76 24 2 50 29 21 5 13 95 79 31 79 21 12 74 96 92 25 97 49 67 64
38 79 21 3 94 56 92 70 77 87 30 73 32 79 21 5 42 33 51 24 20 33 57 63 70 18 88 4 11 50 74 32 21 23 24 1 32 72 66 24 11 13 3 7 12 77 6 78 33 33 5 78 83 10 6 74 5 45 19 28 66 93 38 85 96 88 86 26 58 77 60 43 28 89 55
21 13 34 47 27 8 81 53 58 20 69 15 3 1 9 95 10 57 93 4 79 71 62 87 72 100 88 59 30 62 67 41 45 16 34 17 84 73 63 49 67 7 72 22 36 94 79 52 80 50 36 50 25 54 60 91 16 27 76 60 95 39 4 38 82 97 88 10 36 3 78 56 29 20 47
74 90 67 14 66 35 74 98 17 92 60 52 33 33 18 19 38 13 70 63 40 24 66 69 21 8 64 39 78 1 58 58 34 50 86 100 20 38 17 100 15 86 97 87 79 67 67 65 50 7 82 27 16 39 1 13 58 90 15 6 76 51 10 19 38 13 62 36 94 32 11 98 36 71 93
9 36 36 83 53 100 1 37 46 18 31 41 34 89 70 64 65 58 67 79 50 93 97 15 7 62 56 43 22 51 64 16 93 59 59 95 83 100 14 100 84 31 53 54 40 6 18 24 47 24 86 24 22 83 92 82 3 16 62 90 53 100 78 79 24 28 93 38 31 4 17 54 77 89 80
32 21 69 59 17 11 84 41 32 78 33 15 6 31 42 95 87 23 45 83 81 29 2 68 70 18 62 86 16 56 44 25 99 75 23 63 90 1 16 10 99 22 31 46 5 51 80 13 59 8 69 43 94 36 59 15 85 77 4 69 74 92 17 60 62 81 14 15 3 31 62 43 9 55 73
10 51 85 37 88 59 56 58 44 44 89 62 95 57 47 74 74 8 88 24 71 45 25 18 25 85 75 75 87 90 13 60 52 74 93 39 98 35 60 67 82 81 87 90 14 25 36 78 68 99 30 85 13 50 50 18 60 79 32 7 34 26 89 40 53 26 31 35 48 47 91 70 84 19 55
25 51 4 78 94 49 80 43 32 18 61 31 31 1 95 61 4 1 55 28 34 57 37 30 66 99 52 8 25 54 66 86 91 57 15 68 12 79 31 21 38 11 21 86 48 72 95 12 75 64 5 84 72 70 28 81 81 81 29 39 29 23 61 29 27 29 39 26 96 83 31 25 39 66 71
22 33 99 48 91 88 16 23 91 82 93 57 13 53 42 36 8 16 79 59 35 28 50 18 27 28 80 88 82 65 61 14 71 9 93 78 4 86 32 65 49 22 78 89 58 14 52 91 95 39 27 95 37 95 51 97 64 25 16 5 21 75 21 77 21 18 81 38 32 7 29 42 35 19 66
33 53 73 47 75 56 23 27 24 67 81 97 35 44 1 51 30 89 51 42 7 40 9 45 72 52 65 73 78 69 20 75 81 49 92 90 99 21 49 12 55 72 45 35 38 1 34 67 73 36 50 25 18 99 92 22 28 1 98 50 72 22 11 22 97 98 73 95 7 56 54 60 21 27 92
89 69 92 95 74 56 49 10 57 82 59 46 91 16 57 15 76 12 35 26 22 58 44 4 55 74 84 65 37 6 71 89 75 57 65 33 51 41 43 30 31 74 15 33 45 41 50 49 28 10 45 54 14 16 63 99 60 75 42 73 44 13 79 76 89 77 25 18 57 89 72 74 74 43 45
5 60 18 98 13 53 83 13 77 52 11 80 97 57 77 47 97 26 58 36 30 20 56 92 85 56 6 51 96 52 46 13 77 10 70 49 70 25 59 69 40 35 64 76 44 96 25 1 40 19 97 5 66 17 43 66 68 35 38 14 39 34 41 92 65 44 65 77 73 20 92 67 61 23 79
54 16 19 5 87 3 54 23 43 3 94 41 74 73 92 13 90 80 37 69 55 12 43 72 23 63 81 83 3 26 72 98 3 36 45 16 95 83 6 86 90 51 75 23 90 92 25 60 100 77 87 3 85 12 79 57 62 70 14 4 22 23 88 74 23 49 60 72 65 43 73 14 85 85 33
11 73 33 64 16 29 87 84 97 29 96 87 56 66 33 73 69 56 95 91 47 75 59 55 52 72 50 83 38 23 7 11 51 69 40 1 50 96 30 30 9 51 42 27 32 58 14 88 79 82 71 96 64 89 37 76 78 23 32 99 1 52 70 43 69 4 81 15 42 16 1 23 53 61 32
65 56 28 51 99 92 69 48 80 68 31 85 78 82 29 98 89 11 14 81 44 89 32 79 76 93 28 25 81 63 10 77 71 16 27 90 86 77 89 11 80 89 37 46 39 48 78 36 27 58 9 54 20 1 48 51 88 76 58 45 1 26 76 96 44 12 50 94 5 4 44 79 54 16 87
41 26 59 40 53 87 7 69 19 20 29 23 17 60 85 14 10 78 68 92 83 15 14 13 77 74 69 48 66 7 5 53 26 51 92 61 85 48 79 16 59 82 38 46 63 28 58 6 95 22 24 99 75 28 40 7 13 92 46 65 13 29 22 4 61 80 67 10 30 97 53 76 93 71 36
8 19 87 11 30 5 80 24 97 63 6 54 87 89 49 10 24 38 27 23 74 1 33 63 56 12 19 55 46 54 95 88 83 5 67 22 41 75 51 19 89 27 90 39 15 4 20 30 70 49 56 99 48 80 45 13 57 85 17 68 25 76 86 87 28 82 87 58 75 69 19 75 83 3 5
88 58 18 71 24 12 60 94 95 55 70 57 49 20 84 69 96 15 66 81 1 1 24 41 5 74 33 92 52 48 36 41 43 69 13 73 53 16 96 10 6 98 12 54 45 45 16 69 39 25 77 9 99 55 3 73 100 40 1 40 12 87 35 23 54 92 63 1 73 50 81 31 64 84 63
19 56 39 98 21 50 17 100 78 13 56 37 40 74 51 61 43 89 85 66 90 9 55 66 35 35 74 52 61 66 65 88 89 40 43 31 16 63 30 65 81 72 48 70 99 29 84 19 20 49 66 23 52 61 47 68 58 41 96 70 62 61 84 58 9 55 65 1 20 51 79 75 91 66 20
32 64 9 87 80 21 59 100 34 73 64 25 11 26 57 39 21 4 43 83 89 100 87 83 82 80 10 81 57 33 30 19 100 90 98 88 16 21 68 96 41 39 34 94 92 25 91 4 64 50 79 98 76 43 97 77 22 19 33 92 23 69 1 83 54 96 5 73 6 73 9 47 75 72 35
79 18 61 47 4 39 89 17 56 36 54 75 78 22 25 37 30 56 30 23 83 90 47 69 34 94 37 93 89 92 26 99 15 64 1 48 39 6 50 97 26 3 71 12 89 2 24 98 61 25 11 59 46 16 3 33 70 79 65 20 6 31 63 97 58 59 53 42 6 26 21 100 14 90 22
94 58 86 56 68 51 46 36 1 46 22 40 37 40 8 28 51 26 77 83 60 21 69 65 7 7 58 25 58 61 13 48 61 5 51 34 25 1 100 67 92 65 55 69 24 82 43 34 10 2 44 95 47 98 13 52 15 29 69 11 72 61 82 90 62 16 79 51 57 62 80 92 96 95 55
53 1 3 74 18 83 1 73 10 44 57 9 80 23 61 4 18 97 73 34 50 31 1 41 79 98 47 3 66 16 22 68 81 79 98 89 32 40 69 31 5 47 53 92 84 73 94 82 18 26 69 24 9 10 72 24 89 78 10 6 91 88 65 94 84 2 8 62 69 84 40 14 5 43 47
83 40 98 7 17 27 34 20 78 3 31 41 81 54 6 81 85 24 24 97 79 56 64 78 51 32 56 40 4 79 30 23 28 62 36 78 34 91 98 12 9 53 49 15 37 99 54 94 83 88 63 100 47 21 35 7 66 34 12 73 8 3 82 2 1 87 11 50 98 56 69 48 41 59 39
92 71 100 9 92 41 98 74 75 32 66 61 88 31 12 67 10 83 84 47 68 4 36 88 4 66 15 50 18 13 28 77 29 19 47 100 77 48 89 22 71 56 37 72 27 93 13 20 49 30 17 84 69 1 87 21 3 75 19 81 54 83 36 32 86 33 20 57 21 5 6 26 7 55 5
70 7 66 39 64 66 70 45 40 59 26 15 65 87 71 9 27 71 21 97 84 76 52 85 65 19 92 63 82 55 74 18 50 93 15 54 69 27 35 65 97 100 12 99 61 4 46 78 83 19 87 16 74 33 53 32 86 13 52 67 72 20 75 33 21 39 35 14 27 6 41 82 29 60 77
82 42 35 65 69 37 32 40 55 84 36 34 95 43 45 91 95 4 13 81 45 30 94 49 98 85 76 88 22 99 33 70 24 90 4 6 98 4 41 76 40 14 63 90 63 14 92 28 36 7 63 24 96 80 87 26 25 80 41 67 23 32 96 100 75 40 24 14 88 58 5 90 59 33 85
28 40 90 35 42 87 94 21 43 22 4 39 54 81 86 24 82 45 66 19 75 52 9 32 19 82 32 75 4 33 60 10 41 75 15 1 72 54 67 50 46 28 75 58 78 88 75 68 9 52 6 10 15 1 41 21 38 36 100 78 17 17 6 47 92 33 45 36 10 67 82 81 84 88 94
34 83 63 20 75 96 75 48 3 52 83 2 51 78 79 7 82 75 16 24 38 47 54 100 60 92 78 70 3 52 33 53 44 9 29 86 86 84 35 98 78 59 27 55 60 76 54 51 31 63 30 51 18 19 80 18 43 66 45 7 67 25 2 30 14 100 80 20 72 46 88 54 8 89 44
30 96 41 49 30 57 79 94 76 11 21 3 49 79 87 69 57 48 55 62 21 44 91 49 99 3 62 16 68 43 59 11 64 54 54 32 96 39 61 10 81 20 73 81 97 39 94 25 50 51 10 15 24 82 52 54 7 99 40 10 35 95 17 48 54 11 35 37 44 79 64 31 33 18 75
39 26 86 49 95 23 49 30 81 94 30 98 47 33 19 33 72 77 42 10 11 3 100 22 90 85 36 66 66 35 38 6 99 65 11 35 17 34 11 79 60 72 14 22 2 32 39 28 7 31 87 22 27 88 14 21 91 65 88 38 62 16 50 76 89 71 57 65 58 86 68 24 14 2 100
68 13 84 95 36 93 22 17 69 90 25 53 59 5 78 8 1 52 75 47 64 2 64 14 82 84 40 13 65 6 39 44 68 78 8 62 11 78 31 6 38 91 60 25 89 49 52 21 56 15 6 84 92 81 25 61 46 89 7 37 24 61 5 33 22 29 27 6 62 90 79 59 15 66 32
30 25 36 89 10 15 72 20 66 74 21 40 27 82 18 72 94 26 47 86 34 46 42 15 82 81 25 19 56 10 48 91 94 67 57 44 39 15 14 93 90 36 44 90 57 69 37 32 97 94 46 30 24 9 100 35 8 81 51 29 72 97 51 39 92 23 26 86 25 93 21 45 30 64 65
45 6 9 36 10 99 38 52 42 35 16 43 87 86 46 53 56 67 52 34 15 61 15 26 15 31 54 57 2 52 25 59 42 42 57 66 5 27 15 61 94 9 26 88 87 96 38 98 12 39 29 15 95 76 75 66 3 40 74 93 85 10 53 20 88 33 28 8 34 71 5 94 58 42 97
32 76 71 56 9 87 80 40 21 5 16 71 26 45 61 23 3 39 68 91 61 46 82 8 49 84 40 78 44 25 63 16 19 22 54 90 28 56 42 6 27 43 72 95 9 54 5 26 65 79 24 99 14 48 87 65 39 83 91 4 79 68 20 18 59 14 99 45 76 79 48 23 12 66 58
55 39 19 41 94 80 40 3 28 34 90 96 77 85 18 64 10 73 35 59 38 79 46 32 14 99 26 59 9 86 31 92 93 51 51 66 34 97 7 60 70 32 59 90 57 76 10 99 19 86 59 31 25 17 57 46 16 31 85 11 42 43 21 3 79 72 6 29 36 52 29 43 17 21 7
46 10 83 87 9 42 14 43 37 60 71 2 51 32 31 61 76 37 94 51 77 66 88 14 44 51 12 62 32 26 59 24 40 73 12 32 51 83 20 15 65 79 98 56 100 57 35 85 94 63 24 80 15 38 39 80 66 8 14 18 4 99 28 2 23 54 88 42 12 43 54 71 82 91 42
8 22 20 12 77 84 42 22 77 73 87 33 86 80 66 5 63 24 45 7 3 62 26 49 81 62 25 88 63 55 69 21 63 100 64 89 8 26 37 50 20 3 81 70 37 33 55 29 83 5 56 23 7 83 93 95 53 71 67 53 47 77 39 77 16 93 76 72 36 21 84 87 73 27 87
13 10 80 25 96 52 20 78 64 69 30 26 22 12 15 1 58 50 99 30 15 36 57 25 73 54 12 25 82 37 93 33 75 6 100 57 60 6 47 70 39 4 82 19 97 4 39 55 41 16 17 56 72 65 99 16 26 7 75 93 27 91 88 81 23 73 96 33 35 66 97 96 37 91 40
74 32 1 1 69 78 23 84 79 14 50 34 37 67 42 4 58 67 9 78 78 47 75 68 19 55 5 3 97 41 43 56 87 96 34 42 16 98 8 32 10 59 3 73 71 44 100 80 84 69 3 61 90 64 65 39 20 29 83 88 60 55 65 70 20 34 97 30 44 19 78 96 63 5 16
53 28 46 86 4 86 24 64 90 16 25 7 52 5 74 97 92 2 25 53 14 1 17 69 2 21 30 73 51 85 83 92 4 79 70 6 80 64 52 81 15 64 13 43 66 8 53 98 78 65 81 27 76 14 13 94 27 51 72 49 55 84 57 35 16 9 85 11 85 78 30 19 5 77 3
27 72 75 63 98 77 96 47 75 4 45 64 50 68 47 46 17 63 22 95 78 22 87 48 11 83 70 67 58 90 63 13 82 48 14 83 67 28 40 55 30 27 50 51 42 10 59 85 46 24 61 18 80 45 59 95 51 21 85 70 52 78 70 40 30 55 91 68 52 93 64 67 27 96 1
51 83 66 93 41 44 41 91 90 40 63 86 63 78 76 73 85 23 31 30 33 63 44 16 37 29 99 39 69 10 44 20 50 81 90 88 99 36 70 6 77 52 33 11 3 60 39 75 24 81 91 47 2 12 13 23 26 78 85 13 23 19 30 99 10 73 63 25 71 87 7 9 12 81 94
32 7 40 13 76 33 16 13 48 78 37 53 95 8 68 35 39 98 6 7 17 48 78 32 72 62 45 9 35 99 50 31 76 87 53 68 60 12 36 2 34 93 21 9 5 8 42 78 85 22 76 79 84 22 28 93 44 80 93 73 79 85 98 64 55 83 68 86 79 94 63 31 40 87 47
74 37 99 46 82 78 55 49 14 70 87 63 73 66 31 100 55 91 78 8 81 50 32 43 49 82 5 1 68 83 85 97 42 73 89 29 53 63 81 19 37 46 95 15 51 90 46 50 22 50 27 98 31 11 71 74 95 46 13 80 63 28 71 79 94 49 48 72 75 66 23 13 38 92 95
68 33 98 64 68 3 84 68 58 20 54 84 95 28 2 72 97 73 79 75 52 32 29 94 45 72 42 94 62 16 51 12 21 61 36 17 5 14 5 4 92 57 51 85 93 35 14 57 5 1 94 35 43 99 54 44 22 65 42 47 94 85 56 58 4 69 79 58 95 65 56 76 3 14 93
61 44 65 91 63 16 50 92 91 49 44 41 99 88 85 59 81 68 17 73 19 41 49 50 2 77 60 35 37 9 41 36 29 86 22 34 43 43 7 98 61 38 79 81 33 33 75 12 14 68 77 23 83 44 25 46 85 78 69 23 76 49 17 79 26 1 2 42 5 85 61 45 92 45 94
44 51 40 83 3 99 44 91 94 91 67 65 55 81 41 75 71 50 57 42 28 94 67 6 61 44 49 58 97 42 20 12 51 88 74 93 96 100 5 78 22 41 17 18 72 47 99 23 73 29 3 78 68 1 50 94 5 14 53 26 37 51 99 98 50 4 37 24 33 82 33 61 83 22 68
66 2 49 20 67 13 97 9 87 70 54 7 22 18 91 72 4 92 35 69 93 36 30 69 6 64 3 99 18 55 55 83 48 19 75 81 54 36 77 98 92 57 72 62 30 69 8 41 95 9 63 9 72 34 83 83 88 40 59 38 86 20 61 35 85 24 57 78 6 36 54 60 30 76 99
21 35 24 80 6 78 36 60 14 96 64 66 60 2 54 85 93 59 66 46 86 30 48 70 53 27 39 98 49 9 2 74 87 61 64 29 53 46 51 9 65 6 7 52 60 89 87 64 91 63 89 50 20 21 17 8 48 43 99 43 74 52 91 24 4 46 98 60 14 28 34 84 51 59 11
30 62 3 8 75 3 39 13 2 16 11 88 17 94 45 56 55 23 12 15 2 10 58 14 8 60 50 44 33 11 52 87 26 40 29 12 85 63 41 17 100 32 81 3 22 66 23 69 49 2 56 91 63 6 82 34 98 63 95 18 78 35 80 73 4 68 74 88 65 38 2 77 16 11 92
24 82 91 88 30 99 59 44 70 45 30 38 18 87 46 18 3 39 22 48 21 62 66 14 91 65 38 20 18 22 12 27 10 31 43 6 48 94 97 94 99 2 14 53 33 15 24 54 84 55 67 61 49 33 23 55 4 60 68 20 25 12 52 30 45 7 67 82 61 80 15 3 69 41 50
90 26 47 5 67 33 72 70 30 25 42 50 91 1 52 61 44 62 16 17 80 34 74 14 54 17 1 26 49 85 46 75 91 88 13 52 30 82 27 22 91 25 35 29 71 76 42 22 100 36 33 85 18 82 63 94 54 37 54 1 68 46 67 61 94 49 11 99 59 69 15 28 23 22 37
35 13 85 96 20 64 27 19 27 7 72 46 37 16 65 7 57 86 50 1 20 90 77 96 5 78 51 87 36 49 82 22 54 8 11 55 37 32 56 56 37 26 34 5 50 13 76 35 95 1 93 91 34 99 42 78 45 5 27 62 35 10 28 77 37 60 53 17 41 22 2 25 94 34 71
85 53 49 84 94 33 58 94 52 91 70 46 75 60 54 29 70 88 57 89 58 54 72 25 36 45 67 78 63 52 75 35 97 53 22 62 16 28 13 32 86 48 24 46 7 21 62 31 58 35 29 99 55 85 80 95 18 25 72 84 9 17 73 35 61 61 73 81 72 53 20 4 81 79 52
22 74 41 95 46 66 10 68 99 98 47 8 53 68 55 60 72 92 54 44 83 36 39 38 71 73 99 84 48 83 54 86 26 54 11 59 57 78 92 5 18 51 4 73 22 65 44 6 7 100 13 3 38 79 42 69 25 3 52 29 31 82 24 27 76 8 40 73 45 68 55 53 54 4 4
74 1 74 9 88 13 4 70 69 83 79 48 74 1 81 89 85 13 30 23 88 54 73 86 60 66 98 45 97 47 83 79 36 63 14 77 43 46 55 23 19 2 48 57 27 29 92 57 15 79 96 25 24 25 55 78 24 27 15 62 6 65 66 48 53 96 76 72 38 72 4 44 69 85 1
16 64 38 16 33 1 16 93 90 90 92 17 64 14 14 54 23 8 80 87 75 73 22 20 43 66 4 88 13 99 84 22 53 6 43 15 91 8 26 33 47 73 8 90 56 27 25 79 2 67 79 62 63 84 42 59 46 39 27 70 9 76 6 60 100 30 66 22 32 52 46 38 17 53 12
46 34 59 45 30 89 5 20 82 44 18 55 34 73 85 93 64 5 32 61 86 61 40 23 60 33 41 45 31 30 80 74 23 25 4 33 24 74 53 13 35 48 55 27 26 3 66 28 97 11 98 2 33 57 72 80 19 70 81 92 93 65 64 99 32 99 15 98 65 23 82 42 17 93 1
94 27 4 39 35 45 36 71 75 67 30 49 25 2 91 5 96 14 74 73 88 17 16 55 3 58 51 94 10 95 95 76 28 12 74 91 20 31 36 95 48 87 30 23 42 29 94 31 66 46 60 84 19 69 29 13 96 79 24 99 39 46 11 75 26 19 3 91 33 71 31 1 45 59 18
7 31 6 23 26 96 40 98 29 34 100 21 81 10 30 91 31 47 77 1 48 84 40 23 19 27 73 89 52 30 29 64 36 43 70 63 31 47 45 83 48 69 22 76 82 82 8 23 24 63 65 23 93 61 76 3 52 97 51 85 86 92 44 65 86 19 39 8 53 75 16 53 58 2 92
57 38 47 44 31 25 4 8 10 95 46 39 76 50 54 58 52 42 100 80 8 98 19 1 42 5 75 78 19 31 58 19 35 55 14 8 66 31 86 89 66 12 46 24 19 92 35 90 61 56 95 82 28 39 48 6 56 36 29 64 63 53 70 79 18 56 67 96 19 39 31 57 100 78 72
44 27 77 38 37 87 5 15 59 44 84 25 85 20 58 5 41 46 24 76 66 9 92 9 46 48 46 53 37 36 90 61 93 80 58 53 77 73 100 57 13 92 18 15 38 84 85 60 50 97 86 35 49 74 77 81 9 28 26 100 2 70 3 58 59 60 49 11 55 19 63 9 54 87 58
30 47 9 12 79 96 30 30 71 73 38 17 39 86 94 93 81 89 62 24 4 76 2 39 47 85 37 97 31 88 85 80 20 25 22 78 4 47 27 83 92 65 91 68 59 75 91 45 60 55 3 83 69 32 57 1 35 26 23 15 70 6 16 73 55 52 40 60 87 24 20 29 92 12 81
97 66 14 46 84 10 36 72 87 17 17 26 55 23 30 3 11 86 81 44 27 6 14 96 16 96 47 26 42 27 81 19 45 9 24 44 69 49 33 100 26 72 94 45 63 49 15 63 52 53 31 31 26 40 49 56 65 86 79 93 30 85 48 37 66 91 1 71 28 31 91 20 96 3 3
71 58 100 17 86 13 60 73 13 50 69 33 9 24 53 7 23 24 76 65 71 6 50 69 34 76 80 46 46 71 61 17 43 5 19 66 44 59 51 74 14 24 78 38 54 39 33 9 69 78 82 16 62 65 100 89 65 44 41 37 22 72 56 25 83 30 27 43 78 41 60 51 74 10 94
39 64 85 73 100 99 58 27 17 62 78 77 36 70 2 23 93 12 1 5 50 22 74 76 67 82 48 37 46 58 69 20 96 81 9 67 65 61 94 77 71 17 2 17 71 52 73 73 62 84 44 36 24 47 83 94 10 36 23 23 4 80 76 25 47 63 1 57 1 4 54 48 100 72 4
59 94 53 60 49 43 32 66 82 9 32 63 75 97 78 55 73 60 15 28 49 79 12 7 79 68 46 39 18 65 34 65 14 87 70 83 73 31 48 67 57 18 60 27 18 98 23 86 99 6 33 4 95 84 4 18 35 27 57 10 69 79 14 20 83 21 1 8 88 31 68 73 30 34 69
75 39 47 44 57 42 64 4 68 85 82 48 38 23 27 84 13 86 28 88 52 43 19 12 9 85 100 58 72 83 82 77 82 23 6 53 87 14 71 93 23 18 50 2 18 43 68 60 81 51 65 12 82 69 70 86 44 3 85 59 97 41 59 54 33 12 74 27 99 59 31 22 28 30 2
64 63 1 42 87 90 64 49 7 17 91 82 16 32 34 31 74 36 21 81 60 92 63 92 9 12 40 31 23 50 25 96 72 9 82 51 69 55 13 96 80 68 17 16 70 2 49 36 26 47 74 4 16 87 54 7 97 37 62 3 16 82 94 13 92 29 24 53 51 83 92 16 56 45 37
71 96 83 90 49 60 74 40 15 30 88 31 13 82 73 26 61 55 92 83 1 41 21 32 41 53 11 88 22 65 13 31 50 50 5 50 15 58 60 28 2 31 52 90 11 60 27 10 65 44 72 15 39 1 75 18 33 99 62 69 18 68 42 66 59 47 12 98 31 48 27 73 48 90 94
44 31 39 14 33 78 94 2 26 65 62 19 59 62 24 58 83 81 44 74 24 8 50 73 4 25 56 69 56 83 90 64 85 11 89 80 11 91 11 73 80 93 63 13 47 82 15 57 45 86 14 15 29 90 36 37 82 95 92 78 13 16 87 86 52 22 50 16 97 18 55 60 28 10 62
71 70 31 27 35 87 37 22 41 71 13 94 71 75 68 42 19 60 79 7 77 3 78 79 83 37 47 38 42 52 100 12 36 96 90 88 5 74 52 76 5 90 99 60 4 59 52 74 45 80 50 12 88 69 19 5 91 87 6 49 32 27 10 60 93 91 70 83 2 1 72 96 84 48 49
68 12 72 54 13 97 67 25 84 34 5 89 2 23 27 88 22 83 79 2 35 45 18 70 82 16 89 82 77 34 48 90 18 36 65 30 70 37 84 48 9 18 87 62 83 56 12 14 73 5 42 1 84 86 50 76 14 75 92 93 2 33 42 51 92 35 5 94 27 52 89 34 70 59 5
85 99 89 40 25 83 7 41 47 88 72 59 48 76 98 32 88 6 56 73 10 20 19 34 47 27 17 40 53 52 68 86 47 99 100 50 44 52 30 52 20 15 47 20 5 4 88 3 9 62 15 31 45 30 98 43 39 86 79 32 36 6 56 36 53 84 99 67 75 89 33 93 83 31 14
32 32 96 93 91 56 49 56 66 93 62 8 1 7 13 28 36 13 33 58 29 96 51 22 58 35 83 72 46 19 56 80 36 58 96 67 23 78 79 30 64 51 48 78 11 4 53 70 36 31 12 86 90 26 93 93 84 31 61 8 15 27 95 23 57 14 76 89 64 34 36 98 7 76 71
79 67 31 90 74 62 35 6 63 59 92 84 100 92 82 80 46 57 58 41 57 49 14 98 84 84 44 10 45 54 63 55 33 22 96 52 65 12 17 90 18 52 38 39 66 69 47 81 91 28 64 24 92 30 17 20 84 36 85 26 64 43 52 62 62 70 25 15 9 77 99 86 91 95 14
23 90 45 45 11 20 15 25 94 24 69 86 63 36 69 12 97 35 69 42 15 96 8 86 74 32 79 98 52 49 6 69 90 48 24 93 43 86 12 63 22 67 36 71 24 57 69 19 3 87 65 92 97 25 18 56 96 3 34 15 62 65 68 42 94 95 61 42 37 63 71 66 24 100 54
3 31 43 42 78 71 32 76 19 64 52 26 49 37 25 23 47 47 4 91 72 28 84 65 40 25 99 14 96 36 46 46 46 31 93 2 4 3 57 19 23 90 4 7 61 69 85 33 24 22 24 56 44 69 3 98 10 34 29 60 16 9 50 15 22 78 39 86 72 47 62 69 92 3 82
10 88 23 39 74 67 65 98 81 2 36 23 87 64 33 100 89 16 76 84 43 51 83 65 60 77 29 73 62 8 52 4 56 82 31 87 100 88 47 3 50 85 14 53 67 55 15 77 84 37 56 99 91 6 4 94 21 31 9 37 29 47 65 48 43 40 41 25 11 74 80 24 4 75 76
5 25 94 91 59 95 42 89 68 13 44 47 6 96 84 71 9 59 48 82 81 98 93 33 15 2 100 88 64 80 92 42 88 25 22 70 50 74 94 28 54 23 63 1 53 47 92 18 52 37 9 2 57 38 44 83 57 13 14 2 8 92 74 27 85 59 19 77 87 89 89 100 64 74 29
42 20 23 67 30 97 13 96 12 50 48 5 1 69 22 93 66 33 57 62 75 1 49 29 10 27 2 21 39 71 45 94 81 54 92 96 83 36 86 77 9 74 96 66 93 16 24 44 62 47 51 34 2 33 47 17 69 15 96 56 56 32 52 68 17 61 60 8 28 96 82 75 19 65 54
31 20 99 2 36 63 17 11 5 67 30 25 90 76 1 52 39 19 5 77 58 86 1 1 12 86 94 53 79 26 96 45 79 95 66 42 42 62 9 81 6 11 44 9 91 9 60 67 6 48 70 57 52 81 85 75 45 92 58 32 22 14 25 25 61 35 15 1 94 61 95 18 69 40 50
43 56 71 80 22 36 49 4 60 28 48 44 74 50 10 85 73 2 20 95 100 15 45 70 55 43 1 97 74 88 78 29 30 65 9 11 17 6 38 5 62 29 7 23 1 10 17 54 42 45 17 30 49 100 78 8 35 6 78 70 58 92 31 99 51 16 55 45 7 81 87 26 95 72 82
6 2 34 77 87 21 74 46 48 50 7 84 65 46 74 35 41 17 1 18 30 68 80 81 44 26 42 29 30 25 97 37 17 56 10 89 83 6 100 41 80 40 58 37 91 65 23 37 61 4 65 20 61 35 26 24 84 53 8 100 48 6 56 96 78 32 90 83 39 33 83 18 9 30 34
29 52 37 57 15 43 45 48 76 67 50 79 52 53 11 29 57 87 36 25 12 68 30 56 31 32 64 29 55 77 70 37 51 46 36 55 21 6 47 78 67 82 88 96 77 82 25 60 72 17 54 44 4 80 80 40 35 70 83 52 87 61 67 91 22 78 49 89 50 96 81 32 86 81 16
30 7 81 17 60 54 75 19 73 70 64 44 14 29 91 52 26 34 56 81 91 34 54 26 78 20 58 26 97 39 68 31 2 32 85 24 69 18 78 90 87 42 93 6 88 93 3 14 69 16 16 29 99 19 23 90 97 28 59 66 90 51 51 17 99 41 85 59 23 57 41 30 95 64 12
24 12 36 11 19 34 27 99 59 78 21 32 12 41 88 83 20 14 92 37 5 41 87 34 88 55 27 16 50 99 63 22 57 24 52 42 52 88 97 27 37 87 75 99 4 45 35 84 59 1 8 24 95 6 81 15 39 13 11 18 33 9 72 85 51 48 18 68 82 49 87 86 62 16 18
99 99 83 21 42 86 68 69 84 13 51 33 16 15 77 14 83 24 61 37 81 27 80 40 50 83 5 51 7 56 36 79 4 17 91 14 8 53 27 14 95 13 76 63 37 73 83 26 48 26 21 61 25 11 67 57 67 10 96 80 45 60 93 85 94 67 40 67 1 62 42 34 56 85 76
43 98 37 95 53 30 63 100 10 83 30 19 94 61 59 77 11 72 46 78 26 89 97 68 34 94 57 33 56 97 68 8 54 40 52 60 43 3 65 35 28 62 92 36 61 61 86 36 31 14 17 86 66 74 88 57 25 6 17 33 24 47 54 47 90 72 60 46 59 100 28 28 36 64 35
99 29 94 18 96 10 44 80 83 90 79 96 42 33 39 24 66 98 10 54 71 7 49 24 5 93 81 70 72 93 66 24 41 7 26 86 93 25 50 18 75 48 68 25 87 84 93 95 79 79 95 5 20 10 8 31 36 35 81 53 7 24 69 98 7 96 59 60 4 26 40 43 40 51 94
65 89 55 10 1 65 88 76 93 25 73 72 17 49 37 39 15 69 98 49 35 3 58 5 21 9 22 29 49 2 89 79 22 55 13 14 43 35 10 64 47 91 54 86 11 100 81 11 11 65 2 73 88 82 60 10 19 50 26 98 77 24 40 25 45 60 59 43 55 55 11 90 56 49 39
20 8 53 60 50 71 4 39 92 22 33 89 38 64 83 19 87 95 51 31 11 56 44 58 97 77 86 67 71 27 35 35 99 49 43 83 50 94 69 44 43 13 12 31 58 14 33 92 88 69 5 82 32 73 36 8 96 8 56 79 96 59 50 14 57 65 64 31 1 94 72 52 47 29 97
78 57 16 14 76 69 54 46 9 70 50 29 53 79 2 71 67 64 65 75 100 18 58 93 32 62 18 100 63 78 63 98 1 48 69 25 58 22 3 10 24 53 71 2 67 2 78 75 86 81 47 84 59 66 51 100 91 64 25 88 98 46 42 98 17 58 52 75 26 40 41 56 53 30 68
90 69 12 65 69 9 82 34 36 29 67 5 64 96 5 86 3 56 28 59 53 94 70 69 92 28 43 78 27 68 59 91 50 71 56 99 46 94 2 50 8 21 94 79 79 59 71 72 81 94 58 28 44 22 3 77 38 35 69 40 47 77 35 91 84 98 13 5 47 72 86 50 64 47 73
76 77 17 80 40 66 99 22 58 41 71 87 4 63 21 45 81 70 41 98 55 19 71 77 65 37 19 58 28 8 1 91 71 83 92 30 8 57 63 82 94 55 3 26 82 24 8 85 18 46 11 56 24 33 16 43 77 96 91 19 25 25 99 16 20 30 16 57 30 75 89 88 95 2 78
25 25 18 1 54 11 62 57 51 15 80 89 97 62 28 82 31 98 60 88 82 60 19 42 95 31 94 98 97 54 91 96 81 86 81 64 70 52 33 22 25 26 92 99 66 83 55 74 22 16 95 5 10 76 81 16 80 2 91 37 54 63 78 91 7 27 84 95 54 81 66 81 26 81 21
24 93 61 36 73 97 37 18 47 71 34 99 37 55 28 13 60 78 19 93 55 48 69 75 45 8 50 81 10 27 32 8 29 78 18 21 76 41 68 73 54 13 56 41 27 30 23 16 8 20 25 89 18 25 27 70 91 83 7 16 93 77 21 25 98 53 33 94 55 31 99 17 1 56 40
76 54 93 76 60 91 49 30 92 53 24 25 25 81 28 44 23 5 40 48 88 43 100 66 71 89 71 85 57 5 18 86 80 47 99 34 54 22 41 13 2 20 8 8 100 25 93 66 3 64 58 84 83 39 85 25 42 88 10 99 52 33 30 55 70 83 25 51 64 87 57 93 83 90 89
65 17 6 6 71 92 12 6 27 34 20 73 73 15 5 82 11 35 18 22 66 42 29 88 67 27 56 97 68 5 38 79 17 85 31 56 9 40 36 55 70 13 25 75 8 100 38 69 28 11 50 31 18 62 57 98 74 48 74 98 51 80 40 54 19 14 2 75 66 85 95 23 42 23 74
42 45 93 87 17 51 32 46 24 22 12 10 8 74 42 60 24 11 48 63 68 1 76 92 3 94 85 74 83 93 39 78 72 15 31 82 63 92 72 9 6 75 46 47 78 85 69 59 94 71 43 29 97 80 20 56 68 5 62 80 17 77 96 49 46 63 35 58 76 60 60 62 41 18 32
20 23 100 19 42 14 54 79 4 69 74 21 51 79 82 100 12 26 64 71 26 27 17 48 26 33 81 82 43 3 22 71 45 39 15 72 14 16 24 90 86 3 34 43 51 20 49 78 8 28 21 88 87 91 96 33 61 4 13 69 76 40 89 90 98 44 66 30 67 83 75 71 51 42 36
12 65 16 40 43 47 21 45 27 63 44 4 26 7 79 24 4 61 32 87 3 69 62 100 89 48 38 83 100 31 87 66 78 9 96 96 6 46 65 29 56 100 45 15 25 48 58 60 23 16 81 26 77 34 29 100 40 67 66 8 79 80 79 15 79 34 36 10 75 8 61 90 85 53 24
77 85 27 14 30 56 32 39 98 47 67 57 6 10 2 54 74 91 100 42 88 23 69 70 23 12 20 25 81 15 91 12 59 89 56 58 61 66 51 60 52 88 44 91 87 56 92 97 79 5 11 54 69 44 50 16 44 100 64 16 23 1 88 97 83 16 98 88 56 53 71 87 13 12 28
3 12 32 70 78 56 24 99 41 86 68 55 44 67 76 54 84 76 82 79 8 34 16 55 98 50 75 82 47 75 75 86 86 62 27 81 11 19 45 85 5 82 76 24 43 91 12 10 67 19 32 61 99 77 90 45 38 12 2 19 70 43 54 45 2 27 99 25 4 67 80 65 75 78 16
58 44 16 78 42 34 34 73 51 3 74 96 64 14 92 45 29 12 63 84 48 22 30 1 72 55 80 59 20 44 99 23 41 85 51 73 98 41 3 46 79 54 33 16 70 9 59 10 60 19 92 85 4 91 15 97 89 49 23 77 63 65 41 76 38 38 100 10 24 7 24 74 36 7 80
77 48 42 32 48 79 79 20 6 38 73 99 73 94 1 5 49 65 33 78 68 18 59 95 3 31 3 79 71 7 84 44 1 91 45 21 95 93 80 96 85 99 77 22 64 50 85 3 48 40 83 42 71 97 67 38 54 14 75 5 15 45 87 55 30 74 47 9 65 96 89 96 55 73 16
79 8 36 67 55 23 9 88 11 22 41 43 72 70 58 38 59 63 18 14 14 10 44 22 27 56 94 84 86 21 11 28 82 45 17 95 42 77 57 7 72 63 53 77 21 8 20 37 23 41 22 15 17 99 56 27 27 85 66 2 30 72 93 64 43 19 46 3 84 27 6 66 49 11 94
27 85 90 74 67 78 55 99 54 29 51 49 86 94 14 87 71 91 93 29 44 97 42 90 45 52 9 63 67 10 71 93 23 50 74 14 44 79 55 18 98 47 51 23 21 12 3 48 49 55 41 92 47 50 93 6 11 76 38 35 98 74 82 20 43 93 83 89 68 2 52 71 40 59 22
67 45 8 55 68 3 41 79 93 51 57 54 85 4 23 99 35 63 87 100 84 23 46 27 66 51 31 79 33 87 95 25 10 36 65 34 1 50 44 80 77 46 25 73 48 59 43 98 68 16 15 10 22 27 47 56 18 63 31 17 16 89 62 32 8 29 3 86 52 39 81 48 68 78 8
95 63 8 2 50 74 63 14 78 17 12 3 91 75 92 97 28 91 75 93 61 56 88 29 70 18 56 28 17 66 67 43 52 9 49 68 63 53 4 44 83 5 64 34 71 55 58 91 9 20 7 24 75 54 25 22 3 35 88 29 93 44 61 33 7 39 97 31 33 57 81 12 73 21 58
44 71 43 14 48 50 83 75 64 87 96 8 73 23 83 27 81 61 16 64 96 91 39 31 100 18 43 43 75 41 33 96 34 74 19 59 10 83 99 93 81 72 81 86 31 60 4 32 74 29 1 25 54 65 16 61 25 48 45 85 46 14 28 7 33 54 93 40 71 73 10 18 28 70 38
79 29 73 32 9 28 82 13 27 70 37 60 49 80 87 72 29 50 62 29 20 72 78 97 84 86 65 11 10 39 87 19 72 75 88 32 84 68 73 76 8 49 58 94 5 33 68 27 100 43 82 50 20 36 53 3 27 96 95 99 12 94 16 90 13 43 95 35 21 12 94 2 94 25 28
20 29 15 19 63 79 5 53 14 42 53 24 78 7 3 75 71 69 88 36 93 62 84 92 95 57 94 36 67 52 34 25 70 70 52 34 56 60 28 19 61 57 65 31 99 1 20 96 47 27 50 58 83 54 23 1 65 12 63 94 23 46 13 27 14 83 43 20 67 8 24 75 72 2 26
56 70 85 66 93 9 32 80 95 58 7 9 89 77 83 82 10 18 29 48 19 41 60 42 41 12 74 43 59 12 63 11 35 83 78 56 92 55 88 47 30 88 21 56 83 2 29 72 91 97 25 92 32 43 82 80 1 62 5 92 40 89 3 73 96 61 12 87 59 35 80 88 34 5 53
38 51 15 87 5 89 33 91 95 30 67 93 37 22 81 28 30 16 8 22 57 91 40 56 81 84 87 85 48 70 100 54 92 53 19 100 65 45 26 49 53 82 63 54 31 99 22 23 20 61 19 16 91 1 39 7 62 88 8 48 54 98 34 28 18 40 3 43 73 23 98 98 59 48 90
38 76 88 48 38 65 65 29 76 62 98 72 30 1 99 60 29 3 8 2 81 35 9 5 98 90 29 89 89 66 7 100 1 14 86 13 36 85 35 69 95 100 14 93 62 72 84 4 24 91 64 42 36 74 99 40 8 87 35 35 65 43 80 9 52 53 43 50 82 26 88 93 68 22 37
42 9 29 10 58 28 68 68 80 100 9 24 76 36 24 72 98 53 41 61 73 82 72 72 61 19 33 42 39 28 45 84 72 16 83 4 79 65 40 99 18 87 64 67 29 11 36 10 77 50 82 14 68 11 95 81 24 13 28 90 44 31 13 91 95 95 16 49 33 27 11 78 65 40 1
8 71 29 63 60 91 18 22 17 3 92 50 76 79 13 85 5 73 55 25 15 77 52 91 31 67 18 44 9 72 87 17 95 40 11 14 81 38 61 12 92 43 86 54 12 9 71 79 52 90 37 72 65 95 32 39 100 71 5 79 88 92 62 91 70 53 49 60 98 8 2 76 73 30 43
11 39 66 69 100 27 67 71 60 63 34 82 57 39 81 71 62 47 81 15 96 3 6 47 2 10 49 79 16 62 86 68 8 53 92 8 68 21 82 50 26 55 64 76 56 97 6 68 94 76 16 73 92 72 55 51 59 73 93 76 82 2 29 78 22 75 56 70 1 43 46 56 35 30 55
28 6 95 99 96 4 82 67 54 78 48 92 95 19 33 62 66 54 76 96 57 20 81 85 23 74 64 59 58 16 71 7 68 100 39 62 80 50 19 61 91 67 45 94 71 10 22 80 84 26 19 88 88 91 89 20 85 85 26 62 34 26 30 5 13 7 17 18 18 19 67 54 48 55 84
94 50 16 34 28 19 100 23 67 79 71 49 13 86 33 42 86 27 67 82 46 70 56 85 82 96 61 72 52 86 28 58 57 2 49 69 9 47 38 7 27 80 24 2 60 41 99 79 40 68 32 46 71 53 2 43 13 80 5 26 22 50 45 100 18 16 92 66 46 80 63 3 84 51 67
10 21 81 32 67 62 16 98 92 59 31 74 62 71 73 95 75 55 76 36 7 3 41 85 19 39 25 63 97 59 99 84 10 12 100 2 35 47 72 92 61 41 33 62 83 76 99 13 82 88 89 73 4 99 21 26 56 30 18 74 48 3 83 55 58 36 30 55 85 19 89 55 9 16 44
75 20 83 10 45 75 86 41 21 46 15 83 68 17 83 68 87 69 24 87 93 92 64 75 2 21 59 10 9 37 48 89 37 52 98 50 86 63 69 95 77 28 3 48 69 17 95 31 58 6 65 32 16 26 64 15 65 60 20 66 100 94 99 78 24 24 29 55 56 49 3 63 32 76 29
43 87 5 15 16 97 88 57 54 88 39 95 80 47 8 45 52 90 77 8 25 85 46 7 74 50 77 48 35 40 93 95 86 82 93 27 84 1 34 71 70 56 55 100 45 24 74 75 82 15 61 93 55 46 46 15 100 22 35 40 60 14 68 52 98 98 77 94 18 35 38 85 91 47 70
48 12 6 4 65 99 12 62 86 28 94 62 60 5 1 57 34 23 31 38 25 25 41 94 80 14 2 9 64 40 93 96 93 17 77 57 97 1 8 27 47 37 14 42 46 99 94 74 87 60 74 92 96 44 84 69 48 65 5 20 41 68 16 18 47 37 58 85 45 30 54 68 74 84 61
80 56 18 73 97 46 81 8 23 90 35 86 17 74 59 48 94 61 14 85 81 81 9 48 25 20 7 6 79 64 7 44 70 39 48 42 7 39 41 56 46 50 25 29 72 21 7 55 6 80 85 80 54 75 58 72 63 65 40 42 84 96 87 34 82 38 3 73 98 5 31 21 6 70 77
66 35 91 8 98 9 21 37 2 79 28 79 60 12 8 73 65 1 65 62 72 89 25 56 3 27 37 100 66 14 10 66 54 99 43 44 90 3 78 45 46 27 28 43 12 41 86 17 28 59 34 76 51 33 98 25 22 57 65 96 37 3 81 97 4 83 29 88 17 2 93 17 3 34 42
54 76 72 98 40 54 24 55 74 99 82 92 9 68 44 38 69 34 69 50 7 37 87 76 7 80 93 78 65 72 48 65 46 17 57 20 100 79 20 56 4 98 29 28 17 27 38 79 7 13 23 98 33 23 39 26 6 56 29 48 44 46 69 87 75 12 39 75 76 23 88 91 87 52 43
60 30 42 28 74 32 4 35 77 34 45 100 59 92 57 15 3 45 10 11 86 60 39 87 43 70 73 10 57 46 38 8 84 85 76 54 73 2 71 83 92 39 62 86 59 91 12 27 2 20 10 75 83 32 88 64 92 10 54 27 80 75 93 55 6 14 16 2 23 37 4 96 49 12 42
52 61 56 69 45 27 82 29 75 50 33 70 89 95 21 90 77 68 48 26 55 18 33 36 37 96 8 6 89 33 8 30 15 88 30 96 23 73 48 18 77 63 97 39 52 90 61 27 60 16 81 44 10 57 30 78 70 48 3 71 17 76 31 24 47 86 22 44 21 50 99 58 17 96 49
68 38 8 100 66 23 32 93 18 74 2 68 30 68 52 51 20 24 17 73 88 2 41 25 1 33 21 35 66 24 53 91 33 10 39 69 2 42 89 73 44 46 54 66 78 21 61 69 23 17 14 40 2 33 33 33 94 81 50 68 53 45 56 78 98 58 98 46 31 86 15 49 73 37 16
17 37 97 33 58 16 62 49 68 83 20 96 77 43 8 58 7 44 19 62 55 96 32 31 80 82 54 48 47 94 53 35 96 20 85 53 70 7 61 27 15 6 1 24 13 7 80 51 31 57 22 31 55 35 98 26 8 84 35 76 22 24 24 96 85 21 68 28 89 34 34 91 2 27 71
52 59 14 35 99 8 68 70 25 92 37 97 90 70 52 61 69 31 77 60 23 67 94 94 58 83 48 64 26 33 64 88 14 29 94 67 7 52 16 58 29 30 93 90 68 59 69 54 69 17 65 17 92 32 6 36 11 79 32 68 38 83 94 48 83 93 5 49 51 13 46 16 71 77 35
43 24 86 91 65 40 99 94 31 23 76 8 62 69 8 64 28 69 78 29 37 35 49 88 17 31 71 44 58 36 56 28 83 52 73 68 95 27 50 52 53 56 2 41 95 21 94 8 53 89 58 57 77 61 89 12 64 12 35 18 95 48 11 2 62 47 31 67 83 19 97 41 4 73 85
70 70 29 38 25 49 32 35 28 69 21 40 85 19 49 66 17 75 55 32 39 90 52 10 24 2 42 96 35 77 34 46 51 78 44 33 70 53 43 28 90 37 58 35 27 96 35 18 35 5 92 47 4 98 85 42 35 89 11 36 41 16 44 39 83 41 95 76 14 48 74 10 98 98 55
20 58 94 51 52 83 97 94 20 8 13 27 3 78 50 93 69 22 4 6 33 71 17 26 57 94 59 4 20 36 91 91 5 15 91 93 11 51 50 90 53 82 40 54 15 93 21 90 9 13 47 49 40 98 71 93 3 74 32 38 53 35 74 93 93 64 38 11 48 5 3 87 57 71 87
13 43 89 59 78 6 4 95 99 86 19 10 4 94 58 24 81 76 21 37 50 10 45 47 43 16 20 82 33 5 4 89 86 5 38 7 50 63 22 49 83 12 86 13 78 44 68 56 32 23 79 60 70 5 85 76 2 52 43 98 23 27 49 55 19 18 56 13 13 70 17 52 70 24 39
57 58 59 21 26 36 65 89 34 67 40 43 69 18 90 12 77 90 61 64 57 42 47 90 66 28 30 19 93 92 10 72 19 91 86 2 48 72 19 33 25 5 35 90 75 5 70 8 68 8 83 77 96 13 44 79 18 70 71 52 22 13 84 61 14 9 62 64 41 49 44 23 59 88 23
41 9 18 62 95 93 55 99 96 67 69 100 42 97 9 44 83 54 53 50 44 74 88 69 98 4 99 43 79 9 64 92 60 48 94 18 28 68 94 10 99 21 39 43 50 57 21 64 2 91 88 100 87 35 73 55 89 57 50 20 79 87 46 37 72 51 38 1 73 40 68 75 84 52 46
85 31 20 22 98 53 49 49 23 50 12 20 25 81 70 6 55 65 89 50 6 31 70 43 39 33 13 70 83 43 17 100 40 26 95 50 46 66 68 10 52 35 96 33 68 67 68 61 39 13 57 22 54 69 45 12 99 40 29 1 78 50 74 61 35 98 16 63 37 30 45 94 74 6 96
