40
4
84 63 50 1 12 15 12 87 14 77 31 91 51 84 97 96 41 65 50 1 75 85 99 41 78 20 27 65 14 93 94 10 20 100 100 16 78 39 28 80
90 39 74 65 8 65 27 87 36 56 32 46 23 100 97 44 36 40 54 71 53 29 86 62 27 23 74 89 11 72 56 33 61 7 2 83 36 81 24 61
35 48 78 57 72 38 91 8 34 70 16 15 73 90 14 41 18 11 22 11 11 75 57 41 97 24 49 32 55 1 6 53 12 14 66 97 32 63 74 25
80 64 59 12 77 85 24 67 42 45 50 28 49 25 46 90 55 9 8 89 34 36 62 100 54 91 19 76 65 55 84 12 8 53 37 47 31 8 16 98
60 60 52 2 39 65 84 87 27 4 36 86 86 30 81 24 68 61 35 43 23 79 88 96 16 79 28 38 17 89 38 91 64 59 50 80 85 32 22 7
95 82 32 88 22 1 77 30 58 46 82 91 96 48 27 74 26 21 71 36 44 45 12 53 88 56 3 16 98 12 35 75 74 70 9 81 52 20 60 48
24 15 7 43 90 74 88 79 94 33 40 60 39 83 22 6 47 20 7 39 5 86 10 50 61 56 30 18 91 28 86 13 95 41 9 60 26 84 99 67
9 12 53 93 64 27 70 91 53 43 47 13 56 17 75 39 18 72 36 70 74 45 68 45 11 1 90 38 49 57 41 18 26 90 36 7 54 64 62 54
9 46 51 44 27 33 20 26 78 82 4 60 99 76 87 65 18 1 78 53 35 24 5 97 99 68 57 71 62 20 29 42 64 61 61 72 93 13 75 61
31 7 100 5 52 21 12 99 31 21 82 84 11 19 51 66 36 33 86 85 89 72 35 74 66 61 53 54 55 14 22 33 79 83 9 71 44 7 93 5
98 67 33 33 32 53 34 67 98 12 71 46 61 62 32 21 46 63 86 74 5 61 33 10 31 99 68 34 77 100 78 51 3 15 99 24 33 69 28 73
29 19 25 6 47 55 75 50 23 5 28 65 35 98 35 89 42 9 62 44 73 22 43 80 1 46 55 77 34 51 53 58 91 6 71 5 60 54 85 8
15 50 81 25 17 17 72 82 64 21 50 6 19 54 77 33 55 56 53 54 42 30 57 10 4 61 4 81 98 55 66 16 10 5 68 15 29 79 65 78
27 23 18 19 66 93 76 79 49 11 58 39 89 83 38 52 48 27 76 19 9 61 95 36 74 29 94 32 21 84 52 18 88 5 84 88 87 59 48 56
13 66 11 23 22 83 85 15 51 6 95 33 75 37 45 4 57 6 99 31 91 54 23 46 75 54 28 77 51 43 11 89 94 46 18 52 99 98 95 80
72 15 42 59 72 78 3 21 60 91 99 89 15 6 79 26 26 41 96 15 23 99 70 95 13 8 45 75 85 52 92 18 87 67 67 30 41 58 98 99
38 7 68 5 68 58 86 77 11 80 55 45 33 60 76 30 60 8 47 75 29 64 1 76 29 45 24 79 93 58 4 17 34 2 94 77 22 4 37 52
41 66 52 8 65 81 56 86 19 58 7 1 92 65 20 58 68 29 49 53 43 40 34 32 27 52 34 55 72 85 82 57 67 14 27 24 28 82 45 21
26 24 91 43 63 46 43 30 100 92 34 8 77 87 79 29 27 20 79 61 55 37 35 44 88 54 8 55 74 75 77 65 10 49 99 2 87 62 58 69
50 99 85 15 47 3 89 12 50 70 58 43 4 28 1 64 16 27 30 35 69 42 63 95 94 45 91 90 43 36 25 4 51 93 11 23 59 18 94 78
6 58 3 72 31 42 57 57 65 59 44 64 78 22 37 48 21 49 24 34 48 62 95 24 59 91 60 79 1 23 9 39 43 26 38 93 31 31 29 60
23 51 63 51 26 41 60 66 52 48 86 7 62 65 56 70 49 78 91 8 10 65 31 16 74 6 11 85 68 77 63 47 99 34 90 39 10 91 86 92
14 48 71 65 65 86 88 70 33 81 70 79 53 74 78 43 72 11 29 59 31 30 3 37 92 75 95 54 48 41 37 45 53 51 13 65 70 47 3 11
40 77 45 71 38 89 14 23 20 8 98 52 55 72 35 25 41 52 48 9 9 20 64 53 1 22 7 63 99 5 16 35 63 94 100 40 57 54 38 19
25 42 66 98 80 73 77 82 100 82 34 35 44 49 23 83 66 56 18 76 62 89 9 38 87 60 39 8 73 39 52 1 55 93 83 82 26 36 70 1
80 70 64 96 84 84 92 76 37 100 72 16 54 31 50 25 30 54 70 84 78 88 96 52 64 32 67 13 87 73 67 49 21 28 16 21 22 2 91 76
82 9 78 54 57 31 72 3 99 17 54 6 48 78 86 82 18 33 60 31 46 12 20 82 11 34 12 93 5 59 61 37 38 61 57 20 97 70 44 94
64 76 51 87 38 32 35 93 71 5 19 80 91 85 47 45 30 65 59 38 2 33 21 67 58 10 69 12 82 88 25 29 76 46 19 56 62 71 63 15
30 73 27 97 22 91 5 34 8 21 54 93 28 88 18 52 4 21 15 2 97 55 93 27 23 91 26 33 7 61 55 27 52 95 75 46 35 58 78 92
59 58 68 70 76 6 70 40 4 77 96 74 2 5 78 21 32 70 42 29 1 81 53 17 64 12 80 44 58 10 29 100 6 62 54 42 5 70 13 58
51 30 31 94 50 3 20 100 15 26 3 61 89 1 46 15 55 36 70 71 56 86 71 91 49 44 28 24 15 54 71 96 94 72 26 54 2 76 38 75
42 96 96 35 44 56 50 72 13 57 77 20 79 80 56 96 8 10 93 73 80 21 82 2 57 84 88 68 83 5 81 74 75 23 27 24 60 87 5 17
67 69 100 24 48 96 54 49 97 42 89 4 17 74 19 79 83 4 66 20 70 82 86 70 76 48 63 69 42 49 80 100 69 47 64 11 17 11 90 66
72 93 21 82 40 46 5 59 28 35 49 4 46 47 87 73 37 57 25 78 9 29 99 95 78 9 59 78 46 79 19 26 46 11 72 45 85 23 3 25
58 14 50 12 45 53 79 2 59 45 52 78 2 27 7 78 11 22 20 59 71 36 46 88 48 79 31 2 38 73 94 63 6 24 50 28 3 58 2 16
1 2 24 48 43 34 21 87 5 45 17 95 47 70 41 42 15 48 4 55 47 35 63 18 77 99 77 59 70 12 5 62 13 21 40 74 47 57 75 90
23 45 5 17 17 39 7 55 70 100 92 14 83 10 41 66 73 8 14 74 56 49 100 29 16 21 92 59 47 23 24 24 35 12 63 42 14 73 72 24
1 91 36 89 89 33 67 69 14 98 78 43 18 84 73 15 74 44 3 70 9 67 23 92 53 5 79 47 43 44 15 39 49 14 10 14 99 28 47 51
7 97 67 40 30 46 11 79 64 17 61 72 55 25 63 92 52 40 67 12 69 75 19 70 5 54 14 71 11 77 36 23 90 82 58 96 33 70 100 63
66 10 15 40 26 22 11 45 35 41 52 69 49 100 50 71 64 21 69 23 53 96 21 83 94 89 100 47 90 87 19 56 25 19 22 73 51 9 84 79
54 12 16 28 61 65 87 61 100 13 86 43 30 91 30 68 8 53 90 30 89 100 8 54 27 51 14 11 44 18 76 99 42 27 1 3 15 27 47 21
11 37 18 35 72 50 13 84 77 40 64 70 98 96 64 83 93 70 24 43 99 70 32 28 76 32 88 90 23 87 75 88 62 48 69 100 2 47 46 92
65 3 59 5 99 85 3 28 92 38 77 39 17 44 75 2 96 71 24 55 92 79 84 96 85 68 76 20 3 91 99 35 7 79 4 35 82 81 17 94
80 58 13 72 73 5 24 49 26 83 48 37 95 44 43 22 51 10 28 89 15 4 86 76 97 48 67 63 71 16 3 22 61 40 56 85 11 82 68 97
99 48 77 52 67 79 33 82 39 35 99 14 40 9 95 43 19 87 67 35 100 43 52 44 96 49 87 62 36 9 72 12 100 91 18 68 68 4 84 73
49 81 76 12 67 33 89 34 3 50 32 55 19 55 24 4 74 99 87 76 89 11 77 57 95 50 32 42 80 50 79 93 24 23 71 14 2 55 10 24
45 91 72 90 91 36 64 27 8 87 48 84 75 93 34 54 34 7 57 41 80 40 15 38 56 11 19 94 41 26 36 43 32 4 94 22 5 95 45 13
7 81 29 51 64 8 38 83 17 19 9 91 35 60 26 78 63 69 66 41 27 61 31 73 11 85 100 48 33 9 90 40 19 67 20 86 26 30 28 98
29 12 75 15 60 52 29 59 58 4 84 44 92 66 18 79 100 23 42 15 68 22 4 44 53 89 18 13 91 31 22 96 19 8 56 43 38 33 72 11
60 73 73 28 94 38 12 48 49 93 100 39 54 36 21 79 38 68 44 88 77 40 38 92 56 91 94 46 4 44 11 48 10 12 83 84 41 56 93 95
34 58 88 85 39 90 46 77 76 31 9 38 33 57 17 96 7 44 70 13 50 25 7 79 42 14 17 7 49 50 93 83 78 41 72 38 14 63 66 22
56 29 37 89 51 30 41 39 48 26 75 56 23 68 80 15 11 98 41 83 27 1 52 5 82 7 38 24 66 92 46 85 94 97 65 11 51 10 60 35
98 38 21 54 22 18 94 91 35 66 74 13 77 88 75 86 2 74 62 29 48 44 80 10 15 74 49 82 42 11 89 22 72 83 97 70 52 77 62 59
16 49 93 99 57 24 8 70 42 13 16 6 99 73 73 87 99 55 85 18 79 72 11 39 13 88 61 76 42 38 40 46 56 63 24 12 93 23 86 44
85 85 33 71 93 41 27 18 16 22 23 68 7 87 46 43 62 51 65 45 1 46 5 98 42 26 83 44 44 34 93 71 84 4 65 89 17 61 5 15
25 18 100 93 100 24 19 64 66 29 51 34 33 38 27 72 95 28 67 20 98 6 72 66 25 89 59 79 56 8 71 62 62 100 69 94 81 52 51 49
64 90 83 71 99 15 71 24 14 62 68 77 9 44 39 24 76 45 35 22 90 61 2 68 42 2 42 72 95 54 56 88 59 72 55 13 85 29 11 76
47 40 3 78 56 78 57 34 13 91 58 46 31 87 27 99 57 16 45 50 24 54 84 21 86 82 70 46 22 66 100 86 83 86 27 31 59 97 48 1
62 30 36 28 54 18 99 99 1 31 25 45 67 7 56 41 87 48 46 52 5 4 38 54 62 75 94 44 29 34 70 78 66 64 17 19 35 40 93 75
88 53 12 12 14 17 24 96 5 32 12 56 93 12 82 98 20 90 98 10 27 95 62 16 87 89 40 31 100 8 37 71 9 26 88 40 71 4 44 64
82 62 99 24 17 54 65 48 90 55 56 71 70 35 52 91 2 90 98 74 36 1 75 22 28 13 30 76 19 9 40 85 2 13 88 81 7 85 90 13
71 63 14 19 67 3 90 78 93 49 85 15 10 69 19 14 77 60 44 91 32 7 83 30 73 89 51 54 25 16 93 59 81 29 68 75 56 3 57 19
7 46 37 85 26 94 43 97 30 19 38 52 24 65 1 16 20 36 27 38 2 79 26 64 30 64 57 63 100 51 37 97 67 45 99 24 78 43 66 91
25 41 9 91 31 43 93 59 42 2 39 72 42 38 1 39 9 35 12 37 53 23 5 39 83 48 94 8 12 39 9 33 6 83 54 66 52 17 94 86
34 73 15 85 82 59 94 65 82 26 87 82 99 58 14 6 38 38 16 42 87 25 57 99 43 5 5 94 67 93 39 87 66 28 88 54 36 5 12 17
40 52 80 73 7 5 17 93 81 39 72 36 39 10 7 38 34 99 80 56 71 62 36 79 22 44 49 58 25 43 76 36 97 62 35 31 47 42 86 2
52 96 62 25 86 5 54 80 30 45 24 33 28 58 89 32 58 14 28 11 78 44 77 93 37 13 41 55 58 61 36 44 58 95 90 13 80 86 11 33
63 51 5 80 38 85 35 73 19 67 19 86 9 52 87 64 71 37 39 36 1 48 54 14 36 56 26 50 63 71 47 57 40 21 57 88 10 60 60 44
13 69 29 34 29 31 34 64 21 28 100 8 10 22 79 27 64 73 100 18 81 91 91 83 5 62 88 5 14 34 72 6 57 90 43 41 57 29 38 64
7 27 42 48 79 41 57 36 97 96 16 48 98 99 25 50 27 40 6 51 35 4 14 65 71 43 39 99 76 59 84 90 96 7 21 32 29 69 79 61
36 49 82 59 38 30 46 5 37 39 57 2 18 21 77 82 15 85 23 2 94 48 95 88 33 64 9 11 39 64 16 64 54 40 98 26 4 87 22 48
29 55 92 51 14 22 6 57 52 67 59 35 75 7 31 40 48 89 29 60 37 73 72 55 49 39 19 97 5 88 77 99 37 46 83 64 28 42 13 87
8 71 81 1 45 33 41 61 36 10 37 50 68 23 74 13 49 40 10 35 77 15 85 46 53 15 48 25 21 13 75 27 51 49 16 28 72 52 42 21
60 71 85 74 79 36 49 36 22 51 23 53 56 10 42 87 63 15 44 75 59 3 66 25 66 52 63 6 44 7 24 33 70 32 47 95 63 11 80 77
41 9 84 64 29 59 6 63 32 84 30 26 74 60 52 27 89 38 16 92 24 77 97 70 80 92 78 17 24 9 40 38 1 4 98 6 80 69 73 67
11 90 95 26 59 33 91 85 67 20 67 83 44 42 25 30 87 79 93 19 66 36 27 19 92 10 8 51 47 2 76 55 95 22 54 86 56 53 79 6
93 56 64 75 56 66 41 93 90 87 38 49 45 57 48 96 43 27 96 91 68 26 26 19 41 88 7 92 4 53 31 40 11 18 14 83 31 89 7 83
60 79 40 60 4 95 40 45 34 60 40 100 52 38 33 98 31 9 19 56 22 96 32 63 98 46 35 4 3 14 98 56 41 60 10 15 57 19 92 58
37 58 79 84 38 38 34 47 64 82 59 56 76 19 82 20 60 11 24 52 91 35 25 2 72 95 79 48 19 50 90 47 61 24 69 65 89 76 18 19
83 87 27 10 74 44 17 17 2 75 59 67 72 95 30 48 59 18 14 24 67 4 2 16 18 94 28 35 88 84 34 84 94 94 86 67 68 73 4 84
73 81 29 94 4 74 22 9 77 9 31 18 19 34 34 30 74 93 2 98 14 31 89 38 54 70 6 48 69 97 63 89 19 77 88 28 1 69 39 68
27 53 97 67 76 66 86 30 46 26 30 84 36 22 86 75 13 83 55 77 100 85 43 62 52 54 45 98 63 10 40 52 83 66 5 50 20 34 58 17
40 45 71 33 47 89 63 50 6 95 77 91 81 77 44 42 1 31 11 60 73 92 95 24 79 56 82 49 23 97 40 56 67 11 71 73 54 5 8 98
32 100 1 64 67 89 52 6 50 62 35 41 47 57 27 47 38 34 69 6 13 3 89 43 62 80 3 76 6 41 49 11 79 54 37 53 99 26 65 84
56 50 95 73 74 66 56 31 26 74 89 16 48 13 25 11 3 16 72 5 7 30 91 56 63 23 77 93 63 6 99 9 31 51 75 54 72 16 81 2
83 47 80 40 35 87 2 38 29 78 69 79 90 82 53 21 64 84 85 16 47 10 91 95 26 99 3 80 31 77 56 81 1 26 2 97 64 88 70 81
86 4 32 82 30 12 78 83 7 62 95 47 73 25 25 63 39 85 22 59 29 84 61 96 10 60 86 34 65 46 49 72 65 21 63 40 60 11 54 26
13 22 14 75 4 74 96 17 69 95 17 79 40 100 6 87 5 26 49 83 83 28 3 11 46 46 68 41 35 86 27 92 19 6 100 9 76 20 1 6
63 42 10 61 55 57 7 56 32 21 27 32 7 50 43 100 65 54 90 77 7 82 62 91 36 95 16 68 84 39 18 68 50 61 37 33 32 82 71 79
27 41 50 60 2 13 4 100 97 91 77 27 20 33 66 87 50 75 66 51 59 95 43 17 15 69 11 87 64 43 87 17 72 86 54 94 21 17 39 2
19 43 55 45 13 42 11 18 16 88 38 62 6 77 61 78 7 36 16 39 98 29 87 40 93 59 60 3 100 61 97 16 85 75 52 92 68 54 28 89
50 11 44 82 29 47 98 21 86 97 91 60 83 91 56 3 36 30 61 46 39 69 100 96 72 32 23 54 87 93 3 3 55 18 15 14 3 21 82 18
5 34 78 94 55 1 84 9 13 74 45 7 88 59 18 97 25 8 21 61 93 86 60 81 17 37 96 71 5 6 61 83 63 50 95 46 90 20 95 50
97 29 1 23 76 55 14 44 94 28 57 12 10 55 61 21 100 5 12 71 77 61 6 76 10 64 37 88 30 25 95 83 53 44 30 67 67 79 76 56
39 21 3 12 66 44 81 8 55 97 29 81 76 31 5 7 17 14 3 32 94 6 98 96 72 88 41 13 26 12 53 19 88 16 48 13 86 89 93 38
92 52 40 84 95 66 67 19 33 46 16 64 20 9 27 28 88 47 86 59 16 23 52 29 100 63 14 67 42 42 98 60 45 64 28 24 47 66 76 22
71 78 98 8 90 32 91 54 76 63 8 28 83 66 7 14 6 31 48 25 40 36 47 23 11 48 33 82 83 16 91 72 68 77 13 68 88 68 95 71
59 41 85 84 86 34 91 56 60 22 11 70 15 15 83 50 42 58 27 64 49 8 91 62 58 54 28 94 41 36 96 38 80 91 19 71 5 80 41 76
17 38 94 23 72 44 1 33 17 90 73 32 10 94 62 84 23 61 96 23 68 31 13 33 67 33 38 82 62 94 59 5 40 16 41 7 64 44 100 95
96 85 18 18 94 82 75 72 52 38 38 99 78 13 48 27 46 47 20 20 56 98 1 47 91 58 9 11 2 36 17 11 43 26 10 75 23 93 98 59
79 91 88 3 67 8 81 22 5 2 4 97 48 87 42 76 13 5 54 27 72 21 60 13 26 67 95 36 88 3 31 98 10 16 64 3 14 97 23 40
63 94 66 100 36 12 11 74 9 16 30 85 10 47 7 17 58 20 40 86 85 36 39 28 77 53 87 99 88 67 50 65 37 17 22 92 24 74 45 7
97 32 88 42 86 17 4 30 83 93 85 64 44 24 21 32 6 79 68 62 94 14 62 9 24 57 49 86 34 45 99 34 64 63 23 55 12 15 10 45
33 55 92 12 80 97 92 34 91 34 28 82 29 49 13 95 14 15 59 35 40 15 5 29 59 86 79 93 53 54 21 68 9 64 80 59 96 23 99 62
35 28 59 17 80 35 23 84 20 63 95 4 19 13 58 41 52 96 94 20 49 23 60 82 2 72 17 88 68 45 8 30 58 46 83 28 82 28 50 70
96 87 64 84 78 52 11 15 9 1 75 2 16 70 47 47 67 11 86 4 15 51 77 64 87 20 81 56 46 62 50 55 58 81 30 62 80 67 65 10
46 49 27 86 56 99 6 49 36 36 22 90 49 37 15 66 36 46 64 12 87 83 49 3 27 71 14 77 11 3 38 67 63 4 84 63 76 88 89 61
98 41 69 76 62 4 99 22 76 3 51 30 43 16 97 7 63 31 18 85 17 95 92 64 95 70 25 55 44 32 33 18 31 100 34 79 94 80 93 1
36 28 77 56 68 2 60 42 10 58 37 45 24 4 21 17 83 89 7 91 91 51 96 97 68 63 75 95 59 18 11 61 92 71 78 61 33 59 58 92
51 75 92 8 50 78 72 74 38 33 26 12 34 65 40 19 38 76 82 16 69 39 79 29 19 6 60 87 27 80 100 53 70 7 87 49 23 60 54 38
55 51 29 9 21 42 29 54 81 11 78 31 6 61 96 16 45 78 16 81 99 94 23 82 28 2 73 56 2 5 70 50 72 53 17 67 87 89 19 56
79 57 19 42 84 78 100 36 4 39 7 80 98 76 46 17 29 98 88 69 36 24 11 7 90 38 72 29 29 53 26 93 53 78 91 46 70 76 46 38
61 15 60 72 17 94 67 40 78 37 23 34 48 92 9 32 65 95 87 62 35 97 31 99 81 74 33 16 13 39 100 6 77 31 24 100 28 55 56 6
30 80 20 46 20 17 79 23 32 62 22 62 72 89 44 64 48 78 48 67 58 14 14 2 66 9 39 40 58 94 89 71 16 14 81 59 74 91 11 41
47 2 57 17 37 8 51 28 100 19 28 9 7 62 11 2 76 47 8 100 29 2 5 87 85 36 28 72 28 60 58 44 70 66 45 53 19 48 70 91
33 31 47 21 1 42 94 6 54 89 49 36 70 9 19 39 20 84 6 82 40 73 79 27 62 74 90 15 72 50 83 18 52 4 82 83 52 78 87 52
19 5 12 12 2 47 12 92 69 63 94 69 15 37 19 55 56 49 74 60 95 29 36 91 49 23 26 93 80 69 16 85 2 36 88 13 58 73 93 91
26 18 60 36 21 95 65 46 42 70 78 58 69 87 71 3 14 93 68 19 25 24 50 89 6 91 48 72 67 36 68 30 94 87 40 64 6 70 92 31
72 46 71 76 8 32 78 2 9 88 48 14 71 83 44 58 27 47 79 38 3 27 100 97 91 69 64 44 34 60 8 74 10 99 36 45 22 55 32 8
4 20 95 54 29 70 42 94 100 72 50 50 8 70 28 1 81 11 71 91 38 98 52 93 48 83 24 42 19 76 10 78 69 78 20 30 53 7 97 53
64 94 34 84 100 42 38 29 35 7 16 64 99 2 85 89 28 91 31 93 61 93 7 35 24 8 66 50 86 4 29 23 57 42 76 67 38 4 17 76
71 13 76 1 47 2 70 88 45 36 39 37 69 99 52 45 71 62 71 66 25 32 37 89 40 36 49 3 97 79 87 29 41 87 20 29 8 52 10 77
28 78 58 25 95 84 11 18 31 90 63 21 43 25 28 8 75 34 18 84 14 5 72 15 9 61 90 38 14 20 70 22 2 25 51 30 11 37 73 25
14 51 82 80 63 46 46 83 94 64 44 86 17 49 79 60 10 91 19 5 74 100 87 13 17 41 100 91 30 59 77 16 14 69 32 30 97 100 92 52
17 39 8 49 93 29 90 39 26 60 42 6 68 35 80 52 24 51 98 21 75 65 14 81 34 11 94 44 34 16 44 30 24 15 13 13 58 8 41 12
35 48 23 68 89 91 38 62 5 35 6 89 81 32 66 39 68 78 21 71 26 8 43 95 13 12 82 59 42 85 61 96 81 28 73 54 48 61 55 81
86 38 45 61 5 91 22 8 24 64 39 28 28 24 97 70 30 56 21 69 10 4 3 48 4 22 25 95 4 6 20 28 68 61 15 11 39 30 20 53
13 45 7 61 28 43 46 65 60 65 87 100 52 39 92 74 63 69 30 66 55 4 11 1 36 30 95 14 82 58 45 1 44 35 41 24 12 12 80 90
70 77 69 81 51 9 54 84 23 46 20 81 9 68 2 94 8 74 80 35 40 47 82 1 85 60 12 78 22 60 51 20 34 96 81 77 51 47 19 53
5 55 79 40 68 75 87 48 25 38 17 15 83 88 99 92 93 43 73 4 81 58 8 79 12 42 51 73 60 61 20 39 66 95 52 21 94 33 35 5
76 43 4 62 24 51 77 83 67 89 22 28 80 30 2 61 36 62 96 37 5 8 100 45 75 17 45 15 62 90 84 78 9 56 6 65 88 10 18 1
85 61 78 44 90 80 76 70 60 92 86 95 95 30 21 95 32 68 17 70 4 25 8 89 54 22 86 30 2 44 75 29 8 90 36 32 47 5 8 82
2 3 51 2 33 98 65 65 92 99 18 96 13 49 31 65 42 86 38 32 45 36 83 9 73 15 86 6 3 14 65 84 24 49 21 77 1 33 51 34
78 22 4 53 57 21 22 89 39 1 91 9 45 87 55 8 65 47 45 98 66 77 82 77 27 88 3 20 43 81 54 61 77 62 90 74 75 9 36 96
15 90 88 10 32 89 16 84 29 70 37 9 31 30 86 51 38 51 12 94 78 92 93 58 13 28 82 56 17 8 30 81 90 51 84 43 29 67 78 4
69 49 33 84 50 53 64 63 47 39 28 70 35 75 93 81 23 51 22 3 85 2 96 68 64 44 24 42 9 40 96 23 22 83 18 44 65 69 42 86
89 88 22 93 52 16 48 56 62 47 17 7 17 67 83 97 74 32 52 27 38 95 33 47 56 63 98 85 20 4 36 1 63 91 8 64 28 54 10 75
6 48 12 50 7 57 91 48 50 4 37 5 75 32 93 63 25 13 74 83 89 76 93 60 71 40 34 99 47 94 43 41 75 4 32 82 98 37 43 79
62 52 39 22 96 11 93 13 37 89 67 67 71 9 21 61 87 12 83 89 53 44 11 65 100 95 75 36 45 36 64 78 98 91 85 5 95 81 35 16
83 49 88 98 11 12 43 47 84 59 57 56 39 91 86 11 86 52 20 14 45 2 39 91 90 91 63 44 46 64 98 17 24 59 5 28 95 20 35 40
61 6 73 74 2 1 89 39 6 59 21 17 2 61 63 57 97 58 14 24 21 71 80 67 37 94 100 12 74 17 45 19 97 43 38 83 26 63 77 1
68 22 28 3 17 40 14 6 26 84 90 98 52 40 48 40 88 75 65 39 14 59 85 13 46 37 12 68 39 87 60 99 65 80 2 66 21 71 63 25
48 8 84 21 34 36 94 12 80 71 60 24 19 8 89 69 36 17 50 91 60 3 93 2 63 80 28 50 85 43 8 41 86 98 64 81 12 73 52 17
25 51 84 45 100 50 52 12 93 2 46 6 76 64 27 41 25 35 2 49 23 96 32 13 13 77 62 54 36 58 55 100 10 64 52 67 41 10 47 97
53 6 15 12 44 65 56 19 83 89 91 70 51 64 53 32 8 75 18 20 38 80 3 16 46 65 96 100 79 77 8 32 95 23 34 76 47 8 39 35
40 21 59 28 4 37 24 74 62 11 63 43 96 76 50 77 42 54 16 65 55 22 65 99 85 8 20 8 56 70 62 10 20 7 98 87 65 94 9 59
4 6 87 33 49 55 61 88 41 38 63 73 39 50 94 22 41 46 70 88 9 47 68 86 80 77 9 92 95 53 82 65 41 30 85 97 26 1 41 86
96 93 5 68 89 63 73 57 32 75 68 59 87 30 30 61 43 54 93 16 31 98 15 68 93 87 11 15 23 97 51 32 26 93 28 66 34 68 9 41
29 49 2 81 22 75 91 39 71 36 79 55 94 30 38 25 55 45 14 52 56 21 100 53 38 30 44 50 59 74 75 94 51 58 87 13 71 55 18 58
45 63 44 84 40 30 96 67 73 24 87 14 87 84 55 96 39 87 44 2 42 79 39 10 32 25 92 10 37 97 29 5 44 82 85 35 50 2 1 61
86 64 29 39 5 9 37 47 42 85 59 1 78 9 8 90 66 12 21 76 32 86 79 6 67 18 82 56 60 53 51 46 48 85 24 25 18 49 72 80
59 71 2 78 60 18 71 84 38 61 85 35 65 48 91 78 32 39 24 47 63 25 46 77 43 7 1 88 39 54 81 77 68 12 79 19 78 26 64 18
92 81 84 93 33 33 100 44 65 32 39 78 23 39 94 69 83 50 37 92 7 72 14 36 77 58 23 17 32 11 72 57 59 4 49 42 87 70 81 42
6 92 38 44 8 76 11 86 97 14 67 23 97 50 11 80 83 21 29 23 29 14 6 16 59 83 36 79 47 71 50 100 74 69 92 70 56 47 58 80
1 7 36 67 10 92 81 15 64 7 86 54 30 26 79 49 78 9 100 49 22 98 98 3 86 66 26 61 56 47 16 96 55 13 94 64 15 88 78 45
77 84 50 8 18 62 53 78 42 2 7 55 60 22 41 70 19 65 26 88 50 51 1 51 3 81 25 66 92 94 93 64 65 64 11 44 62 54 34 35
60 77 92 95 3 22 41 81 92 19 25 55 2 71 70 37 21 57 50 53 96 51 52 1 95 24 44 50 75 1 31 33 6 48 74 79 57 7 7 75
94 73 49 32 51 46 32 78 75 85 17 63 59 78 73 86 4 68 6 65 3 31 94 34 14 100 47 9 32 95 3 80 47 28 38 48 74 65 67 37
20 41 3 46 59 13 4 66 99 65 23 51 20 40 97 46 74 64 95 8 2 22 64 65 28 62 5 59 13 78 77 8 83 78 66 75 79 75 95 83
10 16 64 6 62 70 55 55 31 19 3 66 72 100 26 54 6 62 55 59 85 13 51 92 80 28 31 20 52 44 46 97 31 15 22 69 27 45 28 84
