14
5
16 49 77 90 69 39 29 93 78 52 24 13 15 26
61 36 71 85 23 84 21 37 20 64 35 52 82 79
30 16 70 55 60 15 99 10 63 15 34 43 34 39
98 12 95 68 33 33 73 77 48 96 65 2 74 36
51 88 7 79 97 31 31 97 74 71 89 84 72 94
6 88 32 91 29 35 64 29 53 16 19 23 57 2
66 54 29 56 65 26 19 84 1 9 67 24 56 84
30 54 15 44 22 83 37 90 75 15 35 33 79 17
54 35 86 100 21 91 34 20 69 46 9 15 16 92
39 54 29 55 36 76 42 94 25 92 5 79 63 24
59 79 14 59 95 2 50 94 75 91 73 57 66 51
24 43 14 40 90 75 98 19 43 2 91 6 35 10
54 94 84 6 50 55 17 91 15 56 11 54 6 7
92 88 49 22 22 9 91 4 7 37 72 84 63 41
42 17 49 38 4 1 40 57 14 12 73 72 21 43
33 28 12 59 31 74 12 5 87 22 66 71 76 13
81 92 9 69 69 45 86 96 100 92 51 33 6 77
87 7 89 15 86 6 32 69 46 40 23 11 47 73
11 49 22 23 63 1 61 19 99 27 89 51 35 53
71 98 78 74 44 32 70 37 97 77 24 88 77 8
98 78 98 10 84 43 58 71 23 45 75 30 55 83
93 96 88 47 38 18 63 99 51 86 78 5 21 2
79 22 38 62 30 65 58 75 93 88 23 40 70 83
46 96 25 89 88 29 9 73 41 20 32 92 91 29
17 35 58 53 19 93 8 81 76 11 42 27 30 41
25 43 21 94 16 40 32 84 10 48 76 21 81 19
41 96 85 52 67 71 58 91 21 41 91 76 33 49
4 60 23 53 7 20 55 52 17 23 5 49 9 67
7 56 52 20 93 7 85 82 55 10 46 88 54 42
67 81 72 100 56 7 47 81 8 44 46 47 56 71
24 40 40 24 23 69 25 69 72 99 91 38 75 20
66 97 42 88 2 34 40 52 36 56 98 31 89 34
53 61 39 17 15 63 36 61 46 94 78 23 54 30
86 82 3 90 67 88 25 8 21 74 83 37 28 40
59 8 1 58 55 51 61 53 99 17 4 60 14 43
66 44 57 50 74 22 64 60 67 19 40 64 9 58
48 32 63 82 70 88 92 23 68 30 5 31 97 99
75 50 6 84 64 8 73 82 19 9 80 4 55 13
83 31 71 16 90 8 61 97 89 67 63 100 79 43
12 24 39 9 26 55 86 23 15 97 56 88 23 77
32 16 17 14 39 75 5 48 69 89 51 54 26 37
60 28 45 81 79 59 77 73 3 55 68 24 42 53
49 50 51 4 49 95 17 68 14 15 44 24 91 52
62 65 17 9 73 98 16 29 24 66 54 59 13 40
81 65 56 22 17 36 72 78 91 69 22 8 46 17
68 65 36 90 36 32 47 99 73 55 82 32 6 42
10 64 59 59 3 88 5 37 50 61 7 99 36 79
98 76 89 40 20 1 51 84 11 15 18 100 98 4
99 100 59 98 45 62 85 30 73 85 99 37 91 15
58 44 96 96 20 12 49 1 49 67 49 91 87 52
8 73 95 81 8 59 68 64 45 33 15 16 57 47
97 48 80 78 42 64 65 14 97 96 86 32 59 67
1 11 62 84 6 90 2 66 18 19 70 77 50 83
53 40 6 59 60 34 20 47 91 75 29 42 86 70
16 65 54 40 74 62 83 47 16 22 35 32 15 93
56 30 55 37 79 71 24 58 94 28 87 72 9 47
64 30 27 95 82 16 38 48 79 35 89 18 83 94
19 96 57 18 12 33 6 72 84 43 15 49 6 13
29 88 29 71 69 55 91 28 51 21 56 38 74 6
4 45 60 46 33 36 61 75 5 87 2 19 92 3
8 23 27 21 94 11 79 3 14 52 87 79 62 87
58 73 22 44 88 12 1 22 28 44 80 35 60 18
40 30 15 18 84 81 98 1 61 29 18 93 34 7
42 3 76 84 88 16 48 50 21 18 91 37 99 19
79 58 82 13 86 59 49 38 87 10 85 88 7 25
38 94 78 7 77 28 45 70 62 97 43 95 38 8
13 96 8 88 96 66 64 91 19 22 67 74 19 39
22 20 10 35 90 45 50 93 76 8 22 53 25 96
51 98 56 18 3 1 51 29 72 76 30 45 64 30
68 21 46 2 57 81 62 20 91 12 92 41 20 37
