18
5
35 73 83 97 96 66 98 87 88 5 57 83 14 14 6 90 49 58
45 61 11 59 52 7 68 78 62 84 76 34 5 14 39 24 65 90
44 10 98 35 7 71 20 78 35 63 48 45 78 25 6 89 47 43
4 8 74 75 10 49 25 35 74 60 71 37 4 22 30 51 54 28
87 84 35 25 37 32 100 52 89 33 89 30 89 71 50 26 49 98
27 72 57 24 69 56 16 64 94 78 88 52 36 44 6 37 78 76
85 80 92 65 66 70 57 52 89 61 93 11 43 54 70 12 54 19
85 37 63 47 100 100 21 67 60 78 13 16 16 6 52 64 66 54
19 13 87 96 88 6 42 39 17 69 11 67 65 67 70 28 82 60
42 12 56 72 46 93 10 21 47 95 53 22 4 30 70 65 59 91
58 30 32 19 46 47 27 39 73 31 67 73 14 96 32 14 59 100
73 27 65 94 53 91 18 76 30 57 18 15 86 2 48 97 53 83
97 85 82 31 77 79 20 68 13 95 6 49 22 26 84 50 23 63
9 98 51 69 40 11 29 73 62 31 17 4 69 43 53 95 95 8
54 72 72 21 49 33 64 71 33 20 81 19 20 6 44 37 77 35
61 72 4 39 64 20 52 77 28 95 66 93 70 40 60 2 96 87
13 90 29 11 31 87 16 65 42 34 29 50 11 39 73 91 40 14
5 92 77 55 68 54 31 99 14 64 13 37 1 86 91 78 63 29
10 31 56 81 82 46 57 88 58 73 96 47 70 87 42 78 1 96
99 43 78 37 76 75 40 100 68 99 73 22 52 71 65 98 23 41
32 43 14 10 74 93 100 15 22 97 4 9 42 17 90 72 30 99
88 69 73 77 20 36 64 82 82 2 98 97 75 69 95 54 12 99
11 58 79 80 46 14 15 81 21 98 19 38 87 75 84 29 92 55
91 39 75 42 59 96 22 57 27 40 18 3 73 73 19 91 51 45
55 68 73 4 8 70 98 38 58 20 6 72 70 53 94 15 80 4
81 35 88 52 98 52 3 71 19 6 68 58 93 10 35 77 11 34
76 74 7 28 24 85 88 65 8 89 82 87 61 62 5 91 53 40
71 29 35 21 17 7 3 77 26 93 72 65 51 76 15 85 74 51
52 55 3 28 83 64 74 34 51 82 46 97 32 40 50 3 24 34
64 56 78 57 11 38 1 17 78 20 96 83 37 19 14 64 11 78
94 100 34 31 44 60 91 9 93 26 67 37 21 91 65 3 51 5
82 7 58 79 67 92 49 87 48 4 91 62 72 17 95 59 80 79
48 100 37 91 25 93 85 82 28 46 16 16 19 92 16 98 30 53
73 42 88 57 68 21 45 5 14 23 6 55 78 51 67 95 58 83
36 70 33 17 52 24 26 66 30 10 22 87 21 78 3 50 49 49
10 82 9 73 38 17 94 58 65 17 99 84 12 46 47 26 53 87
92 60 1 70 19 37 98 43 91 98 17 69 96 85 17 25 2 90
13 93 10 7 83 25 52 87 61 84 39 68 53 25 85 16 69 39
74 63 10 87 66 84 17 79 53 99 32 22 41 91 14 64 76 8
90 42 20 25 31 44 17 33 36 3 3 85 89 5 93 13 82 6
77 24 19 57 76 24 96 79 49 98 42 94 28 61 55 47 81 42
28 13 22 25 2 80 52 70 8 59 2 54 47 67 55 69 63 55
45 34 47 46 74 24 7 14 35 27 5 19 96 50 26 87 3 43
1 32 82 66 61 97 10 65 92 10 18 34 8 100 24 80 99 81
13 83 85 56 81 61 23 71 68 82 83 23 71 94 57 8 2 73
23 50 94 18 57 26 83 5 15 18 22 93 46 6 40 33 29 57
51 53 84 20 43 42 53 83 50 24 70 87 78 17 56 14 96 29
29 82 46 61 60 76 81 27 72 14 88 55 38 33 100 83 87 52
35 15 52 75 91 46 99 30 12 14 26 7 59 36 71 39 21 61
98 32 20 100 96 85 86 9 52 59 18 89 1 78 26 10 58 49
52 28 47 57 52 55 64 63 37 61 4 47 57 35 74 25 65 3
27 7 40 85 19 70 99 68 97 46 76 79 50 77 12 61 94 75
97 3 45 68 35 60 13 82 83 25 92 3 31 89 83 29 44 79
63 83 18 37 95 78 69 31 86 56 15 36 88 62 36 57 96 36
13 47 22 92 26 30 11 3 5 75 7 80 96 92 53 52 19 99
62 38 44 22 14 65 22 84 94 18 21 32 70 65 37 71 92 30
12 91 100 63 81 24 53 25 28 87 13 96 64 46 42 82 42 42
64 96 61 48 37 85 18 84 1 72 53 6 92 70 95 95 18 78
45 54 53 42 7 42 48 25 35 55 60 98 3 83 96 31 87 73
84 9 93 93 100 53 17 2 16 62 17 21 8 93 46 38 100 5
14 52 54 64 11 89 35 67 41 75 14 75 36 69 92 23 94 51
4 64 31 13 22 14 1 50 80 55 56 7 71 67 78 63 8 95
5 53 96 23 40 12 63 66 46 2 91 23 1 59 16 78 67 58
32 48 93 21 32 31 7 6 14 31 85 7 18 99 98 79 70 97
91 21 87 16 94 88 6 6 63 1 25 54 30 55 81 8 43 100
56 47 41 85 46 75 49 51 91 73 75 45 32 28 47 73 63 99
41 6 81 22 36 95 16 29 57 63 25 84 90 76 27 3 66 60
41 96 20 36 44 78 92 86 28 5 45 44 40 51 28 90 84 24
74 4 34 16 49 3 89 65 91 43 89 80 67 97 51 50 55 51
17 19 73 70 6 2 1 22 41 90 33 92 80 3 68 5 46 51
25 24 13 60 78 18 30 69 31 46 56 20 95 14 30 40 8 23
35 48 49 97 28 14 51 1 80 13 59 98 37 84 54 4 42 38
41 76 38 81 98 69 92 72 11 51 53 14 55 97 46 36 33 17
39 81 23 31 18 72 48 21 89 88 16 40 67 90 91 46 21 27
76 34 70 100 91 18 43 56 72 15 46 84 86 69 17 43 10 30
6 14 81 46 63 48 84 93 55 100 72 97 2 24 95 71 27 63
22 73 51 14 25 5 71 59 48 11 56 30 71 95 51 74 62 40
83 30 86 8 88 67 51 72 82 75 12 55 73 59 45 99 19 100
80 37 47 46 74 82 9 56 14 3 70 39 41 66 98 53 73 18
49 68 92 30 65 39 24 100 57 45 26 19 44 15 87 62 100 17
20 84 5 17 95 78 35 6 85 44 67 87 78 15 86 25 76 69
88 48 11 65 32 96 25 3 97 46 46 22 92 3 54 78 16 94
52 78 44 78 85 26 42 21 67 43 85 1 21 86 36 56 14 100
96 68 49 28 93 68 43 61 32 8 56 39 21 60 21 6 84 98
12 99 11 24 8 79 45 30 94 66 13 73 28 21 24 95 74 10
27 63 57 34 58 22 9 76 80 21 88 13 47 53 76 56 73 23
72 93 82 64 23 39 88 32 21 14 15 28 24 81 29 61 23 78
68 37 81 9 10 7 91 36 2 76 65 56 93 4 30 79 45 18
19 98 36 75 39 30 50 41 98 4 41 95 33 61 39 63 57 67
90 18 2 25 79 97 99 13 16 14 89 30 8 60 25 38 79 84
