10
5
7 9 12 4 13 17 13 3 5 3
1 7 8 17 3 9 1 14 8 12
13 7 20 9 17 3 5 17 7 16
13 17 15 19 12 12 15 1 14 4
8 11 17 2 14 3 15 2 4 11
8 8 9 9 10 6 11 13 2 7
15 1 3 3 15 3 20 19 1 5
1 7 1 12 20 15 18 5 4 18
3 6 5 6 6 12 14 13 14 13
15 17 18 13 8 12 13 6 14 8
20 14 18 5 6 16 5 18 13 12
10 16 10 19 18 8 8 10 4 3
8 10 18 15 9 14 16 12 9 3
3 17 1 17 4 3 7 15 9 16
6 1 14 5 5 16 1 7 9 15
17 8 6 2 11 3 18 1 10 6
5 3 2 10 18 1 11 2 13 9
10 12 9 18 14 12 5 17 19 5
11 18 16 4 13 3 11 19 11 20
5 14 17 16 5 14 20 18 1 7
19 16 4 6 7 2 6 10 7 13
19 19 9 14 11 7 17 6 6 15
10 12 5 17 18 15 4 2 20 1
17 3 18 8 3 10 3 6 10 7
17 13 5 5 20 2 17 1 2 14
14 5 2 19 16 17 14 7 8 6
8 5 13 1 2 7 12 19 18 8
7 10 20 6 20 11 19 11 10 1
15 19 6 7 4 7 4 18 5 6
13 4 7 17 12 16 15 13 12 2
11 15 3 11 17 19 1 7 1 17
12 1 19 8 18 6 1 15 7 8
7 2 18 11 19 1 3 4 9 15
14 17 5 5 13 13 10 10 17 15
16 11 4 20 16 3 18 10 13 6
10 9 15 11 11 9 12 16 3 3
17 7 7 6 9 4 16 5 19 11
9 20 14 14 13 2 11 16 12 1
6 14 6 17 5 12 8 17 6 11
17 12 15 6 5 13 15 20 17 20
9 15 2 10 12 16 4 17 7 16
11 9 5 3 6 7 19 9 6 13
3 5 8 15 11 15 10 10 19 6
8 6 6 13 13 10 1 7 18 3
4 4 16 7 20 16 20 12 6 11
18 10 18 18 3 9 15 5 6 5
5 5 20 4 17 5 16 14 15 14
13 11 9 17 11 17 8 18 9 19
6 16 14 2 12 1 10 13 8 4
14 18 3 16 19 19 4 14 17 4
