12
5
1 2 20 19 16 4 15 11 15 11 14 12
8 1 18 17 16 4 14 4 5 17 8 17
8 11 19 10 15 8 2 14 12 12 10 1
10 10 10 1 13 16 9 11 4 11 14 6
20 16 9 3 20 13 4 9 2 15 8 14
18 18 14 16 2 20 5 5 9 18 19 4
11 15 9 19 18 12 15 12 19 20 11 9
10 4 13 9 20 13 16 10 20 18 17 7
19 18 9 19 7 18 16 12 13 13 6 14
11 16 4 8 3 15 14 13 8 4 12 8
13 1 14 3 5 1 13 17 14 10 10 11
16 11 11 8 1 11 8 15 19 17 15 9
1 2 9 18 3 10 11 4 8 4 19 15
5 20 5 11 8 5 11 3 16 7 1 10
6 13 8 1 4 19 16 3 1 10 6 14
13 10 7 6 20 2 2 15 5 3 4 16
8 2 14 9 2 4 3 10 10 1 11 2
5 20 13 13 6 11 7 5 6 13 16 12
13 12 2 1 6 16 6 18 20 10 16 20
19 18 9 4 16 4 5 14 18 19 13 9
20 16 16 6 11 5 13 5 14 16 6 9
1 6 5 17 13 9 14 13 9 19 20 20
12 19 11 4 17 2 2 17 5 3 17 13
15 1 14 19 2 17 19 9 8 9 20 12
13 12 3 14 9 17 4 4 16 15 16 4
6 3 18 6 20 11 15 8 9 19 18 1
7 5 2 2 18 11 11 19 8 1 18 1
17 19 5 7 18 5 19 19 15 5 12 15
11 6 15 19 2 8 19 9 15 16 7 17
20 19 12 9 16 19 14 6 13 20 6 11
5 13 18 17 20 14 19 15 12 18 3 5
6 16 7 4 12 12 16 18 3 14 8 15
6 12 5 18 7 2 17 13 2 9 17 17
4 3 3 16 4 1 19 2 11 14 11 2
15 6 1 4 7 13 2 15 5 10 13 13
9 5 3 8 10 8 11 11 15 17 13 13
17 10 6 6 12 1 1 8 2 19 15 13
17 3 16 3 18 11 7 13 2 12 7 20
20 12 5 17 15 6 1 17 5 11 2 18
9 10 7 4 7 9 19 12 12 14 12 4
6 15 16 6 11 9 10 9 17 8 18 8
12 19 10 10 19 12 12 10 3 12 5 13
10 6 9 8 1 7 10 10 16 10 14 2
9 1 16 10 5 8 12 3 6 13 15 12
16 17 16 5 16 2 15 18 12 17 11 5
2 9 17 6 19 6 4 10 5 5 10 7
3 3 1 7 9 11 7 4 3 4 2 5
15 19 9 11 17 5 5 10 12 2 9 13
1 14 15 3 5 1 9 2 17 12 13 17
6 12 7 14 5 7 4 14 11 7 9 13
6 5 17 19 9 10 18 9 9 3 17 3
20 14 15 1 14 16 11 12 14 7 2 12
6 16 20 11 5 18 2 2 18 20 8 11
8 10 11 20 12 9 20 4 4 3 3 14
10 19 2 4 19 1 8 2 19 4 18 17
2 11 17 15 4 7 20 8 8 14 18 3
18 6 1 16 17 9 17 20 14 16 18 13
12 5 10 6 4 7 19 11 9 12 18 18
8 20 1 10 2 11 10 5 10 15 12 8
7 12 6 18 17 11 14 4 6 16 6 17
