20
5
5 12 8 20 5 17 9 20 6 8 2 20 16 18 6 10 19 5 10 7
5 5 3 15 3 11 6 7 4 16 15 20 3 15 3 11 8 5 16 4
13 12 5 11 5 5 20 13 19 4 11 12 6 19 12 1 14 16 18 16
8 8 2 20 15 2 11 10 9 18 8 14 18 9 13 17 18 14 5 13
19 8 14 11 20 10 5 2 2 2 17 15 7 17 1 10 17 8 17 9
9 11 9 16 6 1 19 12 19 17 13 1 13 11 11 13 16 3 6 12
13 13 5 14 20 14 9 12 6 2 10 8 14 2 7 7 20 5 18 9
6 15 2 10 1 18 4 11 20 8 16 19 3 8 2 11 18 20 17 14
2 10 2 10 20 16 15 19 6 17 16 9 7 3 9 14 6 9 7 7
13 10 4 1 2 6 19 14 3 5 15 18 18 17 11 12 3 3 4 4
3 8 19 18 17 1 11 12 1 19 13 10 14 5 6 4 17 12 11 20
18 6 15 7 15 17 16 8 20 7 8 8 1 11 15 12 16 4 10 17
14 1 9 17 2 7 9 6 1 12 18 18 19 10 14 16 18 15 16 5
16 5 10 10 10 16 12 6 20 13 17 8 20 4 15 7 14 19 5 11
6 16 4 19 14 7 14 5 2 15 4 4 13 5 11 5 6 6 16 5
19 12 15 6 20 10 4 17 8 14 1 9 20 8 6 3 17 9 13 5
16 4 7 13 14 19 18 3 19 6 5 7 15 1 5 17 4 10 3 16
10 10 16 10 2 17 13 2 7 8 20 15 20 18 14 19 3 15 10 13
10 7 8 5 14 19 4 19 14 6 4 17 14 2 7 19 15 17 18 5
9 19 11 11 14 8 12 11 2 5 17 2 12 2 9 3 3 2 1 7
17 7 15 7 19 19 1 16 18 5 20 12 12 12 7 13 19 11 19 17
1 19 15 4 12 14 7 18 19 5 17 11 12 6 3 14 12 17 1 4
12 7 6 15 13 5 19 4 19 20 2 16 17 9 12 16 5 12 6 9
15 8 9 7 20 1 11 18 9 18 11 7 18 17 18 17 5 18 12 8
14 13 12 13 18 20 2 17 20 17 7 1 19 10 4 15 13 20 3 7
1 16 13 12 8 2 13 1 19 14 18 10 10 16 18 1 14 4 8 16
17 11 12 7 6 19 12 3 6 1 18 5 14 20 14 13 16 17 16 13
2 10 13 13 13 6 15 3 6 18 11 4 19 6 10 16 19 1 20 20
18 9 19 16 11 6 11 19 4 11 15 4 15 3 16 6 1 2 19 7
10 7 10 10 10 20 6 8 6 3 3 9 3 11 14 13 14 9 14 2
2 3 20 9 14 8 7 11 1 18 19 7 16 10 8 14 7 4 14 6
7 4 20 3 1 14 3 3 14 13 11 3 8 6 12 4 3 13 6 13
10 1 11 16 17 13 18 13 20 18 16 3 1 16 10 8 19 17 15 15
8 20 1 19 14 9 9 14 18 3 18 13 6 15 9 7 2 7 15 19
8 5 13 2 2 4 9 18 20 3 9 6 9 16 19 6 8 13 20 11
5 17 12 3 20 8 15 15 20 2 14 18 12 16 17 3 7 11 7 6
19 5 3 13 9 13 2 4 11 3 2 12 7 18 9 16 6 8 8 4
1 10 15 9 17 7 6 12 15 2 18 12 10 12 5 8 11 15 2 8
19 17 18 4 6 6 3 11 2 4 3 1 11 2 14 11 13 13 6 14
1 3 8 10 17 10 9 9 4 4 17 18 10 14 4 13 4 16 17 18
16 18 15 13 7 5 16 19 15 15 10 14 9 17 13 7 6 11 18 6
8 20 6 8 7 18 4 19 3 13 2 20 13 12 4 2 19 20 7 14
12 18 19 13 16 1 15 8 17 14 11 14 15 9 16 11 12 6 19 13
11 3 13 7 1 2 10 18 9 11 20 5 13 13 1 7 8 5 5 18
3 11 20 8 6 6 2 10 15 15 4 3 20 8 12 8 15 18 10 8
16 17 19 9 20 15 1 3 2 20 11 2 20 2 16 3 14 12 4 9
2 1 11 4 5 11 12 4 10 9 5 15 10 19 19 16 18 2 6 20
18 5 19 12 15 2 6 9 19 6 17 12 8 12 17 19 19 1 11 17
5 20 15 15 13 16 9 11 5 10 12 20 10 1 5 6 8 4 4 18
9 18 8 11 5 12 18 14 9 20 16 1 3 2 14 5 18 15 10 2
12 15 7 20 19 17 3 1 6 5 17 16 1 3 12 13 7 3 15 17
12 10 14 9 13 12 16 1 11 11 4 13 14 12 10 11 12 14 9 16
13 3 17 2 3 17 15 19 2 13 19 20 6 3 5 12 4 14 11 8
5 20 13 14 1 13 4 6 15 15 6 15 6 1 5 5 5 17 19 5
10 8 4 10 7 15 14 13 4 18 3 11 1 8 12 15 12 1 12 19
6 2 18 5 8 4 14 1 4 15 19 7 18 15 15 17 18 6 15 11
16 4 7 12 20 8 1 2 9 18 6 7 20 16 12 10 6 9 20 7
7 11 10 18 7 20 6 18 3 11 8 3 1 15 11 8 8 11 18 3
10 17 17 11 13 7 12 4 20 20 19 9 12 14 10 10 17 19 15 8
6 11 15 19 2 10 17 17 17 8 17 2 1 11 19 19 8 6 11 2
15 9 8 17 10 13 14 7 9 14 8 6 10 4 5 8 2 10 3 9
18 20 6 19 4 13 20 16 13 12 17 5 8 17 18 3 9 5 6 12
7 18 13 15 20 14 10 8 6 2 5 13 6 3 20 6 2 4 15 5
19 8 14 12 13 8 14 8 5 2 6 2 5 11 19 8 18 10 8 4
4 13 12 2 9 10 15 8 13 7 1 11 15 8 8 19 20 7 19 1
5 7 5 12 15 17 20 15 12 15 6 13 5 18 15 12 5 1 1 11
1 9 4 3 17 5 15 14 16 14 4 1 6 2 13 5 13 14 4 6
10 9 15 9 10 4 18 15 6 15 10 7 3 10 15 17 10 8 2 14
4 2 2 6 11 12 9 12 18 3 15 14 8 19 11 17 12 14 20 15
14 7 12 12 16 7 1 3 4 20 5 14 3 6 18 7 7 11 5 15
11 1 11 1 6 10 7 9 7 17 15 15 9 19 16 8 13 1 6 13
6 8 19 7 18 2 2 16 2 4 10 17 4 12 6 17 3 6 8 7
7 5 19 13 15 6 6 16 13 20 5 3 6 11 15 1 13 11 4 6
9 8 11 6 5 8 20 18 18 20 2 20 9 7 2 18 11 5 13 15
13 16 14 12 18 12 9 4 9 1 14 15 3 12 9 14 10 12 13 20
12 7 15 14 19 12 4 18 5 4 5 5 13 19 12 13 20 20 3 6
5 20 8 11 17 5 8 7 8 10 14 14 16 18 1 4 3 7 10 19
6 16 11 19 2 7 13 9 1 16 7 8 12 7 19 1 10 13 13 1
18 3 16 9 19 16 3 4 10 15 14 7 13 4 17 5 20 15 14 3
7 8 3 18 15 14 5 10 9 12 13 13 10 9 4 5 11 20 16 11
11 4 1 1 14 7 7 10 1 2 19 19 11 10 9 10 12 2 15 18
2 8 15 4 15 9 4 13 20 1 15 5 9 14 12 4 9 19 7 16
1 17 2 18 5 15 16 10 9 7 17 16 15 3 10 5 20 2 14 1
5 15 18 15 6 9 18 7 5 3 5 15 17 3 3 15 7 16 4 17
7 8 16 16 11 5 13 3 9 4 10 19 13 15 10 19 20 16 16 12
9 13 9 18 9 8 11 13 16 18 16 20 20 6 15 15 16 15 5 17
2 3 4 11 4 9 1 9 9 8 19 11 6 16 19 11 16 3 18 15
13 3 2 5 9 16 3 18 10 10 2 17 11 20 3 11 10 5 14 19
19 7 6 13 7 20 5 5 18 3 16 6 19 3 19 19 6 1 16 14
12 9 1 5 17 16 12 10 6 9 11 15 6 1 9 9 10 3 15 11
8 19 14 6 13 10 9 4 19 20 17 19 19 13 15 16 11 4 11 12
1 3 6 15 16 20 1 13 3 19 18 20 1 20 10 7 18 9 12 16
7 6 13 15 6 5 20 3 13 17 18 20 4 2 7 18 13 18 4 6
6 5 8 10 17 12 10 16 10 7 20 19 9 17 20 18 17 1 6 15
3 19 16 11 20 9 7 14 2 18 12 20 5 3 17 12 9 9 19 10
20 16 11 20 1 1 20 4 16 12 5 10 14 20 7 13 16 16 12 7
8 18 2 6 13 2 20 10 19 20 10 2 10 17 12 16 14 16 19 15
8 8 9 2 19 9 2 9 8 20 6 14 7 15 12 19 20 5 18 9
2 3 13 15 10 14 15 8 13 12 20 11 15 20 3 16 3 13 6 12
8 13 14 17 12 1 15 17 11 13 18 11 5 3 15 17 7 9 16 7
