10
5
86 39 28 24 52 5 68 31 1 27
82 8 95 68 10 23 54 94 62 85
3 76 72 61 65 84 48 91 100 77
46 11 43 84 36 37 77 62 31 82
74 46 48 68 70 10 35 43 64 59
21 82 11 82 42 25 39 44 75 50
68 49 62 85 85 59 92 84 13 94
85 33 47 25 82 40 9 38 91 94
19 65 40 81 71 63 27 38 17 23
97 31 24 32 82 13 87 82 71 98
20 26 75 67 65 41 70 33 5 49
76 28 32 63 65 62 36 28 12 85
86 64 55 79 31 44 29 26 11 58
9 24 95 32 8 30 40 7 72 95
20 70 78 14 29 13 77 86 54 86
75 23 47 79 79 5 64 5 75 20
57 15 68 59 48 50 28 96 55 52
85 40 55 9 51 43 20 42 52 83
47 32 41 18 24 93 62 50 70 87
18 47 86 82 15 19 95 23 65 16
87 21 52 92 3 20 69 57 81 27
14 66 48 58 23 73 29 42 22 7
2 35 75 73 69 93 84 55 33 6
26 22 61 78 69 3 13 62 34 87
19 64 22 97 63 47 72 86 68 24
54 60 6 77 28 100 81 6 49 30
16 33 38 8 1 23 30 65 28 37
52 27 81 37 62 50 96 96 83 75
46 4 31 43 22 32 94 60 92 85
11 76 73 3 35 88 20 31 87 74
81 46 71 78 78 72 57 12 41 30
39 59 69 39 16 59 3 83 57 87
7 43 56 36 41 16 17 20 65 25
34 79 93 5 13 16 24 90 67 63
72 19 57 74 20 2 90 55 56 86
34 92 2 95 6 90 20 67 4 67
1 46 17 4 99 78 2 40 97 50
42 42 21 92 78 81 77 85 1 70
6 100 43 46 100 47 100 68 15 18
33 48 52 99 86 32 82 61 78 54
14 58 12 53 75 66 58 9 77 73
93 43 55 47 47 19 82 48 35 86
37 66 17 23 68 73 38 24 70 38
4 60 9 12 34 44 92 32 7 70
36 5 96 72 81 98 29 42 98 30
16 29 50 72 1 69 26 71 41 41
95 26 34 99 42 21 48 55 81 70
12 47 19 69 54 14 60 20 11 43
88 17 9 52 88 73 66 42 77 11
94 94 97 30 2 45 56 61 78 32
