14
5
8 16 9 9 1 12 2 2 2 14 1 9 9 16
4 18 1 6 17 18 4 17 9 15 1 19 20 2
19 20 13 14 17 13 14 12 12 3 5 13 2 14
1 11 13 19 9 17 13 16 10 11 4 13 14 19
7 6 9 16 6 20 13 14 17 3 2 5 15 8
12 19 7 19 19 4 2 5 3 15 16 3 13 7
18 6 8 3 14 6 4 8 17 7 4 9 18 11
16 18 2 14 3 18 13 14 3 8 10 2 10 7
20 9 7 8 19 10 15 19 10 13 5 1 6 16
14 2 3 7 19 4 6 6 17 19 14 20 11 20
19 15 17 19 7 1 17 13 11 11 7 1 16 20
6 2 17 8 5 3 9 15 5 3 9 13 20 1
7 4 9 11 10 1 17 19 14 16 6 7 2 1
4 3 14 11 13 19 10 2 3 1 15 5 5 7
7 6 4 5 14 17 3 15 6 3 13 11 7 11
6 4 14 15 5 16 15 19 6 1 19 9 18 16
9 11 7 20 7 4 8 8 19 19 17 6 12 19
11 7 13 1 19 17 3 4 16 4 18 12 6 11
9 20 2 15 16 13 19 4 18 6 14 3 15 11
1 3 20 13 15 18 10 18 1 12 18 5 5 19
11 10 18 18 4 13 16 8 11 18 7 12 10 9
11 11 18 19 5 11 7 16 16 11 15 12 3 1
11 18 18 11 1 7 16 20 10 16 14 6 11 12
1 1 1 12 19 17 5 12 16 13 6 10 7 6
10 12 14 13 12 15 16 7 13 9 18 7 3 10
13 19 16 20 14 13 11 19 1 18 19 11 16 7
6 2 20 6 8 18 3 20 18 5 18 3 12 14
3 6 10 17 16 1 18 9 13 1 18 15 16 5
17 8 14 5 11 5 19 13 19 19 20 18 3 3
15 5 13 13 13 3 10 19 12 15 10 14 17 1
2 12 18 9 16 13 15 10 16 20 14 17 1 3
17 4 14 13 14 13 15 10 20 12 1 4 16 9
12 10 7 11 7 2 16 15 16 4 5 18 9 6
12 11 7 14 10 5 9 17 18 19 9 11 7 1
11 13 14 8 1 12 20 7 3 9 11 4 12 19
12 9 5 19 3 11 9 5 3 17 12 19 8 18
17 10 3 14 10 7 18 6 11 16 6 6 9 4
7 17 4 10 18 4 16 4 9 3 15 6 2 18
9 10 11 4 1 5 13 19 9 3 8 6 7 4
16 19 20 5 2 13 3 11 20 10 3 3 17 17
7 8 12 15 15 17 13 8 3 19 18 14 2 1
4 20 1 7 3 1 15 4 11 19 8 8 4 9
3 7 18 5 5 1 19 7 20 20 15 15 3 4
18 13 19 2 6 20 2 4 1 7 14 14 8 18
5 2 15 20 7 3 2 16 3 13 18 10 14 15
9 2 7 16 1 5 20 11 2 5 17 2 17 5
2 19 14 2 1 3 9 16 16 13 20 3 16 6
10 19 12 5 15 13 9 2 5 18 3 8 5 19
16 16 15 5 4 12 12 13 18 2 3 11 7 11
11 16 4 4 1 3 20 9 18 3 16 9 7 6
4 9 9 2 8 18 6 15 3 14 2 18 6 8
2 10 3 19 6 9 11 8 7 9 11 1 8 17
2 13 16 19 8 10 13 6 1 20 19 10 1 5
10 15 17 1 20 3 17 13 11 10 17 17 8 13
20 13 8 20 15 7 3 12 19 20 12 12 11 10
8 2 17 15 15 9 5 13 3 10 18 4 7 5
3 9 9 20 9 9 10 20 10 10 1 3 11 6
12 7 6 7 10 2 12 14 13 3 19 9 10 9
19 4 10 2 13 19 1 19 16 11 14 13 2 18
6 11 3 18 5 4 7 11 14 1 2 4 3 13
18 11 9 20 8 2 12 17 13 17 2 7 12 9
18 5 17 19 8 3 10 2 1 12 5 20 15 6
9 2 3 10 20 20 20 16 12 8 4 15 15 6
11 17 7 2 1 9 6 9 7 5 13 17 15 4
13 11 11 13 11 19 17 8 11 9 6 16 16 3
5 10 13 15 17 20 11 8 19 8 12 9 3 5
20 18 19 6 13 5 8 9 1 11 14 9 20 12
19 14 7 12 7 16 5 1 12 1 4 16 16 20
16 13 6 6 1 8 9 8 19 17 9 18 5 18
19 7 20 18 15 2 16 10 12 4 11 8 16 5
