14
5
18 1 2 15 20 3 6 9 19 20 20 15 20 10
7 4 6 20 13 15 20 4 16 3 15 16 16 2
6 20 9 9 5 8 3 20 18 4 14 4 15 4
8 14 18 5 12 16 10 15 16 13 12 9 5 19
14 6 1 8 15 14 6 6 16 18 12 16 1 15
10 10 20 11 9 4 5 20 20 7 20 14 2 8
11 7 14 2 4 11 8 18 3 14 5 7 5 6
16 15 9 8 15 17 14 12 20 11 2 11 18 2
20 9 3 8 3 3 19 9 17 7 4 7 13 19
7 19 20 9 4 1 5 1 3 14 1 11 18 9
12 17 9 18 3 11 1 16 3 6 10 15 14 12
11 2 15 9 5 12 13 15 6 3 14 12 10 15
9 12 17 20 10 2 9 12 16 17 7 1 3 20
4 10 15 14 16 10 2 9 7 8 12 2 6 1
18 4 15 8 1 20 9 17 17 20 20 19 7 5
12 13 16 20 7 19 2 16 15 17 10 19 6 20
17 17 13 9 19 9 17 20 20 4 2 11 10 19
15 5 12 17 3 11 6 16 4 1 17 3 13 6
18 10 3 12 2 3 19 15 14 2 6 9 15 10
5 6 8 8 5 18 17 13 4 1 6 9 12 19
14 3 18 16 9 15 15 20 18 3 1 4 18 3
3 5 13 16 14 19 15 13 19 4 6 9 3 12
18 11 15 2 6 19 18 3 7 16 17 5 17 17
20 13 5 16 2 4 1 3 13 17 18 9 8 15
9 9 6 19 16 5 9 6 11 11 6 20 7 5
13 4 18 10 15 12 10 11 1 20 10 1 13 11
3 12 18 7 17 10 19 15 8 9 17 16 12 13
7 17 13 3 2 5 11 3 9 5 5 17 3 3
5 1 6 18 14 11 2 2 16 8 9 2 18 6
9 11 16 12 17 3 11 13 4 14 2 19 10 9
4 11 15 18 3 16 4 1 3 7 12 15 7 13
19 18 11 17 16 13 8 13 12 3 6 5 1 13
9 2 12 10 13 16 9 8 16 1 2 9 1 18
13 15 16 2 3 8 11 18 10 7 1 14 14 20
2 14 2 16 19 15 9 20 14 5 6 12 8 4
8 17 20 8 4 11 13 18 20 9 6 11 1 14
1 12 4 2 2 18 10 12 1 19 18 14 3 9
14 13 19 2 20 6 13 13 2 2 10 7 8 11
4 15 11 11 3 13 16 20 15 9 11 17 10 9
4 1 9 8 12 18 11 14 9 17 12 14 14 15
17 1 2 14 14 8 13 1 10 19 16 14 10 18
5 10 10 19 20 6 13 1 15 13 13 14 18 16
18 17 2 4 13 17 18 5 17 7 15 13 11 3
6 2 16 5 6 14 8 1 3 20 14 12 13 13
3 19 8 11 6 19 9 20 17 4 6 11 20 2
17 6 9 14 20 10 5 10 11 3 9 7 19 7
14 7 8 17 2 12 4 12 9 12 7 15 11 4
6 18 5 8 5 11 2 7 3 11 20 19 17 11
2 14 8 4 11 3 9 9 18 9 8 2 2 9
19 1 6 14 15 18 16 18 11 11 4 8 7 8
19 20 5 14 16 19 16 19 4 6 3 20 2 5
19 6 6 11 8 18 4 17 19 14 7 18 6 10
12 2 10 20 4 13 1 3 15 4 7 12 13 11
8 12 18 4 20 3 11 15 15 15 7 10 15 11
4 4 9 7 1 11 10 1 15 7 13 9 18 1
20 7 17 9 9 20 13 2 16 7 17 11 8 17
6 6 17 8 14 3 5 11 7 9 1 1 8 18
5 1 18 17 14 11 7 3 5 9 7 10 20 11
16 18 4 3 6 6 19 16 6 15 8 10 10 5
4 7 4 13 1 14 3 2 4 17 1 4 12 17
1 2 9 10 10 19 3 11 15 15 17 14 15 13
6 10 4 12 6 8 14 10 11 12 19 15 15 16
9 19 5 16 15 4 18 13 15 16 9 3 20 10
12 19 15 5 2 1 19 7 20 8 9 5 20 4
7 12 14 13 6 19 18 16 18 19 4 9 9 8
18 9 12 12 17 4 18 4 15 13 14 1 10 19
19 12 19 1 4 12 16 3 13 4 9 5 2 8
10 14 14 11 7 1 15 10 13 18 3 16 19 11
17 12 3 10 9 5 6 17 18 1 4 14 9 8
1 20 12 7 20 16 8 3 15 11 14 16 15 3
