14
5
94 76 51 9 9 16 97 74 69 68 73 85 17 7
97 93 12 66 10 32 77 65 77 60 62 61 94 87
81 86 82 61 41 18 39 27 74 64 77 68 46 99
42 7 9 13 10 28 5 29 5 4 87 76 42 73
41 68 98 95 53 23 34 11 7 15 22 31 77 32
23 21 77 62 85 63 2 11 16 88 56 76 71 29
17 73 35 9 10 20 47 23 89 73 57 89 37 90
65 77 46 89 85 38 17 77 57 80 27 13 88 37
16 8 21 52 13 77 2 64 68 23 28 12 52 38
1 43 31 81 42 58 48 26 19 27 45 68 75 48
90 3 28 35 82 88 66 79 67 33 41 26 61 3
18 56 92 89 20 77 92 15 43 34 80 59 67 69
85 3 6 62 59 8 79 27 60 68 10 64 20 11
27 3 17 30 71 28 2 15 17 61 80 52 41 52
25 62 79 94 17 91 42 66 80 91 29 75 20 36
30 17 63 88 39 78 23 22 66 54 13 60 23 73
54 97 46 7 78 87 64 39 60 99 24 97 76 59
2 8 6 80 18 42 86 74 53 36 18 69 79 97
47 54 32 25 65 28 34 86 36 68 43 51 49 4
51 71 44 51 3 32 41 66 73 54 45 94 90 22
24 9 3 69 50 82 75 93 6 14 9 99 36 22
5 92 38 76 8 79 63 41 11 90 20 23 61 29
16 20 62 16 76 67 75 94 26 96 79 91 41 46
73 90 71 72 21 80 63 62 80 5 94 12 38 48
56 53 58 2 26 89 12 17 45 56 95 80 87 15
20 74 85 58 53 66 71 38 74 37 15 19 10 35
39 2 21 17 80 50 78 67 31 73 63 60 54 53
97 81 93 39 74 20 19 56 31 55 73 44 56 14
36 24 29 6 14 40 8 58 60 46 13 59 80 66
54 39 1 38 10 50 66 33 48 83 21 91 76 94
70 46 17 100 99 9 37 22 85 4 12 11 38 100
2 18 83 33 31 43 40 31 87 89 89 1 96 35
64 78 93 46 33 87 3 55 87 28 13 85 97 73
52 15 94 9 18 47 68 20 11 37 52 48 20 74
51 85 5 45 55 17 83 75 72 62 68 30 72 66
15 37 86 66 57 22 45 76 72 45 91 64 71 76
12 77 81 46 88 46 18 85 66 33 9 95 87 78
39 39 31 6 43 61 41 62 44 100 2 68 53 98
16 94 51 20 3 76 81 6 13 26 50 83 95 55
64 20 39 25 93 3 26 82 84 28 11 53 92 5
39 79 86 65 85 79 16 77 85 76 62 53 22 30
71 39 75 45 29 57 96 3 56 61 19 82 10 73
70 97 36 42 95 88 16 62 5 62 60 83 98 83
5 78 73 99 22 11 27 62 22 61 31 25 94 66
94 31 46 40 11 91 16 75 53 51 10 45 65 46
71 100 99 11 9 91 69 14 88 1 71 12 48 35
7 5 88 6 86 8 36 66 34 56 92 21 58 74
37 30 83 67 33 20 4 67 64 93 67 4 74 36
86 13 59 37 6 85 31 23 26 22 58 95 28 60
4 69 24 64 8 91 99 68 17 43 13 6 42 26
58 65 20 14 50 54 90 73 57 100 65 8 87 41
55 11 5 57 50 9 70 66 57 83 56 95 16 44
18 66 67 36 34 19 25 78 64 92 34 26 99 20
79 1 89 46 93 44 75 98 58 84 12 32 54 24
27 91 94 51 66 67 58 68 15 44 46 61 24 72
65 94 84 16 74 40 1 81 56 82 45 89 82 20
91 100 50 60 13 55 62 60 87 15 11 85 43 77
79 12 7 97 28 9 71 29 53 2 32 26 55 76
48 62 96 56 13 6 65 16 98 48 31 2 72 7
66 1 79 84 43 30 52 5 75 10 49 33 13 99
2 82 80 63 8 51 12 78 10 20 74 56 67 97
22 51 38 81 11 76 31 85 38 56 65 69 100 46
80 38 7 51 36 31 24 81 28 57 96 52 35 7
17 29 86 59 80 50 8 79 81 26 73 46 76 71
71 82 95 56 38 13 59 33 75 83 54 57 66 66
43 16 25 30 92 37 98 82 32 7 60 38 16 58
45 36 72 12 12 95 22 52 33 6 69 79 38 80
55 8 10 83 78 39 64 13 58 51 89 5 37 61
38 65 89 60 14 24 47 50 63 90 39 15 1 19
99 6 42 17 85 43 7 27 36 13 29 91 65 11
