20
5
7 14 13 15 4 4 12 17 19 4 1 5 5 4 7 20 14 5 14 3
5 15 1 7 19 15 4 19 6 2 10 10 17 11 19 1 4 11 3 6
7 10 19 18 19 17 4 18 19 16 14 5 20 15 5 14 19 2 5 4
14 20 20 16 16 5 6 13 11 3 9 1 8 17 13 10 7 3 7 7
2 16 4 14 15 15 10 12 6 11 11 19 8 18 12 19 9 10 1 1
6 4 14 5 20 9 10 15 12 13 13 17 4 16 9 3 10 1 10 17
13 1 19 11 1 7 9 20 7 7 13 1 1 3 10 2 11 1 11 4
8 5 6 18 5 7 12 20 1 5 14 6 12 14 12 3 18 18 10 9
16 16 8 6 14 5 3 7 10 12 3 19 6 19 14 12 16 8 10 6
13 12 19 10 2 5 3 19 5 19 1 2 11 17 7 16 17 18 7 2
9 2 6 9 15 7 5 2 5 7 1 9 11 8 18 20 9 12 12 14
20 1 2 20 14 1 8 7 2 10 9 11 14 18 7 7 6 18 2 12
3 13 12 16 11 10 11 16 8 14 7 6 20 4 8 4 20 4 10 3
15 20 1 13 15 5 7 11 14 5 15 17 13 10 17 8 16 2 19 13
8 19 18 6 7 20 12 16 14 1 16 1 20 2 16 8 13 1 4 13
5 8 1 6 15 12 6 17 20 11 9 2 17 10 2 16 9 20 14 19
11 20 15 7 14 2 16 8 14 3 12 15 5 5 5 10 6 13 13 14
17 11 11 17 7 18 18 2 13 12 4 18 14 6 19 5 1 20 6 10
20 3 17 11 18 4 11 3 9 2 9 5 11 12 7 7 15 13 19 20
10 1 7 15 18 15 4 2 2 19 13 11 12 1 8 11 1 10 20 17
20 16 19 7 12 9 3 6 12 5 3 6 4 2 2 12 2 16 17 3
7 4 1 13 13 12 13 11 3 6 6 8 18 19 11 13 8 17 12 5
17 20 10 3 20 9 4 10 14 15 15 15 9 5 19 18 1 10 10 7
17 16 9 12 15 12 9 3 15 6 6 20 17 5 4 16 4 13 17 18
16 16 4 15 8 7 2 4 2 8 9 3 7 9 15 1 13 19 14 3
11 10 11 13 16 17 11 9 11 17 15 11 3 14 12 10 1 8 16 18
12 6 9 10 16 3 17 10 6 17 8 18 3 13 12 1 10 15 2 12
3 5 14 15 2 8 4 7 1 18 11 19 4 13 13 12 16 19 16 13
8 9 8 10 12 9 15 11 8 13 8 17 7 7 13 7 17 19 8 5
18 5 12 7 15 7 4 9 5 16 14 1 15 15 15 5 2 11 17 1
19 10 4 17 8 4 13 18 11 11 13 15 18 15 3 10 2 16 3 7
3 10 11 18 20 12 5 7 16 11 16 8 7 11 1 4 8 14 16 1
8 10 13 19 12 12 16 3 11 1 16 10 9 19 1 14 13 5 7 5
19 9 4 11 18 4 2 20 15 17 14 20 13 2 13 14 6 1 17 6
17 16 4 9 13 4 4 17 7 5 17 14 10 12 15 18 6 3 1 1
3 10 19 10 4 12 1 18 3 3 13 13 11 17 20 12 17 12 19 19
20 8 18 19 4 15 10 1 12 4 7 10 14 12 6 5 6 13 16 10
16 12 13 3 12 3 19 20 1 11 4 11 14 8 4 2 6 17 16 6
11 20 9 10 10 15 2 12 16 4 6 9 19 2 16 19 5 15 20 20
6 8 18 9 14 15 4 13 11 14 6 20 10 17 17 20 19 11 10 9
12 16 5 7 3 4 9 13 20 6 1 16 12 19 12 6 10 14 11 20
5 18 10 3 14 8 4 20 14 16 3 3 10 7 1 8 5 5 5 19
17 12 10 5 18 6 5 9 13 2 18 2 3 7 6 11 17 19 15 15
15 8 4 3 17 19 1 2 14 10 6 17 16 8 5 4 1 1 10 3
12 15 6 3 14 8 11 8 2 16 14 19 6 14 9 10 15 12 7 1
10 1 3 13 6 5 20 18 20 4 17 1 10 6 5 17 9 2 12 4
18 20 15 8 10 1 14 8 4 2 6 13 14 14 1 13 18 2 11 7
10 16 20 14 17 9 17 8 5 2 15 4 20 18 3 12 13 15 7 5
20 15 10 16 9 1 9 2 15 2 20 17 15 5 11 11 4 18 19 14
8 1 19 11 6 6 3 6 19 20 13 12 20 2 4 14 8 19 12 18
19 3 5 9 14 14 9 3 13 13 18 4 3 12 5 2 11 14 13 7
16 5 4 18 7 16 19 8 6 13 9 8 10 4 13 3 20 14 5 13
19 11 20 20 16 18 5 2 16 18 9 7 1 17 12 6 1 1 13 15
13 17 3 7 1 10 19 2 3 6 15 8 9 8 13 19 5 17 11 12
20 15 3 19 15 9 4 16 18 19 6 15 14 20 8 20 2 12 18 3
6 5 17 7 9 1 7 8 11 2 11 14 16 18 11 10 6 3 1 1
16 9 16 8 4 18 13 20 10 17 3 10 15 13 8 18 16 20 9 14
1 4 10 14 1 10 19 19 16 1 16 5 7 18 20 17 2 3 1 10
6 10 13 7 6 11 16 19 7 7 14 17 5 8 2 14 7 14 3 5
18 19 20 14 20 8 16 9 5 8 15 14 12 16 10 19 7 9 9 10
6 9 8 19 7 18 18 9 12 15 1 10 14 13 9 17 14 20 19 5
4 13 16 9 9 10 13 1 3 8 20 6 6 1 17 13 7 4 9 16
14 19 19 14 1 17 16 6 16 1 16 13 2 13 12 3 11 12 17 18
7 1 10 1 6 20 9 1 16 11 18 3 3 15 12 12 3 10 6 3
4 9 10 14 5 18 13 9 11 8 19 9 15 2 4 10 15 7 12 10
8 5 16 16 8 9 13 7 20 3 19 7 11 3 1 12 12 18 11 4
7 18 11 9 2 10 18 9 8 9 19 17 6 13 17 19 6 16 5 6
2 14 6 13 12 16 6 20 7 16 1 10 14 11 12 2 20 2 10 1
18 12 18 18 12 18 14 12 17 8 1 12 13 5 9 10 12 6 11 10
19 12 19 16 4 16 10 15 8 7 6 16 14 13 9 8 15 15 18 1
3 1 6 5 13 10 14 19 7 6 10 5 12 19 1 5 17 4 6 8
11 17 18 19 11 3 17 5 5 3 20 17 1 12 4 15 20 14 12 6
17 1 5 17 19 4 11 6 17 16 13 11 1 4 2 9 10 14 6 4
6 19 3 8 13 15 6 14 14 16 14 1 17 6 4 12 20 19 9 2
14 18 17 17 13 17 13 5 17 6 4 10 4 11 13 7 17 14 8 16
20 12 8 10 18 16 17 10 5 16 4 14 8 16 11 9 4 4 14 12
13 12 18 5 2 18 8 12 15 18 12 5 9 20 14 18 16 10 3 13
2 2 15 13 19 12 1 15 15 19 3 6 5 12 17 9 18 2 3 2
7 11 15 6 7 16 14 5 5 20 7 11 15 13 18 1 17 1 16 9
6 17 9 15 5 9 13 15 8 9 8 12 9 7 10 20 19 6 13 17
5 6 19 15 8 6 17 6 16 9 1 19 1 16 16 7 3 12 1 15
17 5 7 14 9 20 12 8 14 7 1 12 2 2 6 11 8 8 18 3
5 14 2 20 13 6 12 18 19 18 16 10 9 14 4 5 15 3 7 18
6 12 13 14 1 20 11 8 11 14 1 5 11 14 12 7 6 5 4 9
1 16 1 14 10 2 9 16 15 18 12 2 8 18 18 13 9 4 14 10
13 10 3 17 4 4 14 9 5 17 11 14 7 1 5 14 9 15 19 7
18 5 11 10 10 17 4 4 2 17 5 3 4 16 10 8 14 20 8 13
13 15 1 5 2 20 12 3 16 20 16 5 19 4 11 18 20 16 3 14
3 4 11 13 5 10 9 11 11 11 14 20 14 12 15 11 17 12 3 3
6 19 11 17 4 12 9 1 15 11 9 14 14 14 10 10 17 3 9 13
17 17 15 4 20 5 20 6 18 18 13 16 4 18 16 19 5 20 9 13
7 4 18 1 15 12 14 10 19 12 3 14 1 18 14 16 10 8 5 4
18 1 9 13 1 18 12 15 19 20 3 2 14 4 6 19 16 10 15 18
12 6 11 7 6 17 10 13 1 8 12 7 10 16 5 8 11 1 14 9
11 9 14 7 6 13 18 17 5 6 16 18 2 17 15 18 12 3 3 10
14 3 7 5 16 14 7 12 5 16 14 19 2 7 12 1 11 6 5 9
15 15 8 15 4 12 17 2 15 16 5 6 19 1 14 5 15 20 20 13
2 13 9 15 5 15 5 6 11 3 2 7 13 17 11 9 13 1 8 13
15 6 19 3 7 12 20 19 17 2 8 19 19 5 12 12 10 3 20 13
9 10 1 19 13 15 20 2 19 10 16 15 7 5 12 7 18 8 20 5
