18
5
19 6 10 9 10 7 20 16 18 3 7 18 20 16 2 4 1 12
14 20 17 8 12 10 2 10 18 20 14 5 15 3 8 6 20 14
7 10 8 18 19 1 14 9 6 1 6 13 18 2 5 8 7 10
1 11 13 1 1 17 20 16 15 19 11 17 11 4 20 14 18 10
20 10 19 7 14 5 6 11 20 1 1 1 2 15 6 15 11 20
14 4 10 12 8 6 4 17 14 10 12 3 7 19 2 6 1 17
11 15 14 17 20 13 3 15 2 19 1 4 2 12 11 17 5 19
10 17 9 11 3 7 15 2 3 10 14 15 15 16 4 11 11 8
20 9 9 11 12 3 2 8 6 8 19 11 10 15 12 11 6 16
20 13 14 6 5 20 3 2 14 13 2 3 19 5 11 12 7 6
8 20 2 19 5 11 7 11 5 8 5 1 16 9 4 11 20 6
14 19 18 13 16 18 9 12 17 9 10 19 13 17 7 12 18 16
13 11 4 5 19 16 3 12 9 11 4 2 12 6 1 4 3 16
6 4 14 19 15 9 6 15 14 13 18 3 4 11 2 5 10 11
12 6 5 17 8 11 13 7 16 18 13 10 3 10 1 5 19 11
12 17 17 14 18 2 16 9 5 16 15 20 18 2 14 7 8 16
7 8 16 4 10 8 15 6 7 5 5 2 1 2 11 9 15 6
10 14 19 3 1 5 7 13 6 19 5 17 5 9 14 15 19 15
2 15 8 12 9 12 12 4 18 5 4 6 5 13 14 10 11 10
4 10 13 19 10 2 17 6 15 1 16 7 10 19 18 7 13 20
5 2 14 17 17 14 8 13 1 13 17 7 7 11 20 20 16 4
19 3 1 14 14 18 3 15 6 19 4 8 8 18 10 11 12 4
9 6 3 4 19 15 2 4 5 18 7 3 8 16 9 16 5 14
13 11 6 12 16 16 15 16 7 11 10 16 18 20 13 2 19 5
11 6 15 5 19 10 7 4 5 9 20 14 10 7 8 8 7 4
15 1 6 16 5 9 18 19 17 5 9 19 20 16 6 5 20 7
11 4 14 17 17 9 16 6 19 10 20 5 1 8 19 15 1 12
17 16 12 17 18 17 7 18 10 17 1 14 2 12 15 8 20 14
10 10 1 10 18 6 9 4 7 9 11 6 5 6 18 18 1 17
11 6 5 2 18 15 16 9 1 11 5 1 19 7 6 4 16 20
5 19 19 4 1 18 8 18 4 3 19 1 20 20 7 15 19 17
15 12 4 12 10 20 7 5 5 7 13 5 2 13 19 6 2 17
14 6 15 15 5 5 9 16 7 20 9 18 3 12 18 8 15 13
20 3 2 15 2 19 11 6 18 7 15 11 17 19 8 11 6 1
19 7 14 12 9 4 12 19 4 2 5 5 17 6 18 6 4 3
14 5 13 16 1 12 19 20 20 11 11 7 8 20 18 9 6 16
15 10 11 18 5 17 11 15 6 3 5 3 12 12 8 16 3 20
6 16 19 9 18 11 17 3 10 12 9 11 15 10 14 8 15 14
18 1 20 16 9 3 18 6 16 4 18 6 6 6 7 15 18 20
10 7 5 12 3 1 1 12 16 16 15 15 5 6 17 6 15 19
7 15 10 9 20 3 16 8 9 2 13 5 17 9 10 1 4 17
13 12 13 17 4 16 5 15 7 3 2 1 12 2 10 1 14 11
6 5 17 1 15 20 4 2 6 7 9 18 20 17 15 7 8 12
6 4 10 10 9 18 4 1 18 3 9 2 19 15 7 3 11 1
5 1 10 9 17 3 10 11 7 18 16 3 13 12 8 14 1 4
17 3 17 5 6 6 16 14 10 7 15 12 8 6 19 12 13 6
12 1 18 2 2 9 7 13 11 4 10 18 15 3 17 1 3 16
5 9 14 15 19 11 1 7 11 18 9 11 17 10 6 8 4 4
17 16 4 3 3 18 14 7 8 10 15 8 15 9 8 15 20 12
10 14 2 20 5 9 20 8 17 1 19 2 7 9 4 5 4 4
1 17 8 19 1 9 5 19 2 5 15 11 5 15 20 17 11 16
17 6 8 20 14 15 16 10 5 1 7 19 1 6 1 20 6 4
2 18 6 16 10 15 18 3 6 6 18 3 10 8 19 20 17 20
8 20 10 19 20 15 3 9 14 10 14 16 16 17 9 11 5 20
12 5 10 4 12 15 3 5 17 4 18 12 18 11 6 11 4 11
12 1 14 12 16 12 1 16 12 6 6 4 8 11 10 5 13 9
4 2 14 5 8 6 9 9 10 19 2 20 17 9 2 13 2 20
7 20 5 3 9 9 5 17 14 13 8 12 20 13 13 11 19 13
20 15 15 19 10 10 1 16 3 6 15 13 16 6 4 13 10 12
19 13 12 16 7 20 11 16 18 14 20 19 7 2 2 14 4 16
12 2 12 14 11 20 5 17 15 7 18 17 9 15 10 15 3 13
11 15 11 16 7 20 12 7 20 6 7 20 2 19 19 15 9 10
10 17 19 7 8 12 1 10 4 17 17 10 4 17 4 15 9 6
15 13 18 1 4 17 1 4 11 4 6 10 8 12 12 12 1 11
6 11 15 2 7 14 18 11 15 4 12 2 12 14 1 4 8 16
6 4 7 1 16 13 14 1 10 15 9 18 5 1 20 2 19 17
3 15 6 10 3 4 6 15 12 8 13 12 12 15 3 6 10 20
14 4 13 1 8 5 20 14 5 14 9 16 6 17 2 14 2 12
15 8 5 18 6 18 17 6 13 20 1 11 19 1 6 11 2 20
7 8 2 8 8 8 11 13 2 16 20 17 2 19 15 5 9 8
6 17 5 2 11 20 4 14 6 1 15 20 8 11 9 6 14 15
19 11 7 18 11 7 12 17 3 18 17 20 4 10 4 2 12 7
2 7 18 5 8 14 6 9 3 7 8 10 16 8 3 2 4 2
14 6 4 13 12 19 10 20 16 1 20 19 7 7 14 16 6 15
14 1 14 11 19 15 20 16 3 11 12 14 18 8 17 4 14 5
10 15 2 11 9 5 12 1 16 1 19 1 5 13 19 5 9 2
19 20 6 10 8 3 18 11 13 3 11 7 6 20 5 7 12 10
2 1 16 18 3 18 5 5 8 3 3 9 20 2 3 13 2 2
11 12 1 15 13 12 2 10 15 11 12 7 7 7 20 3 2 15
9 11 4 9 3 16 3 10 20 4 9 17 12 13 4 6 20 8
16 19 1 10 14 14 16 14 3 16 19 2 13 4 7 13 8 6
17 18 16 1 18 8 5 2 6 20 3 8 12 15 2 18 5 9
7 8 4 10 12 17 19 19 5 3 2 5 15 7 8 19 7 16
5 3 13 19 5 17 19 18 14 1 4 12 2 1 17 17 19 13
20 4 5 17 9 5 6 4 5 13 9 11 15 9 2 12 16 11
18 6 17 15 14 20 13 5 13 8 9 5 4 16 19 15 7 12
15 8 11 17 18 12 19 8 14 11 7 16 12 15 11 17 17 7
12 12 12 8 3 11 15 11 8 1 19 6 9 1 10 4 16 6
4 8 19 9 2 5 17 3 1 6 1 7 8 20 8 8 11 5
17 18 13 1 19 18 14 3 10 2 12 11 19 19 18 20 4 19
