16
5
64 37 40 54 77 40 98 2 69 29 15 49 44 80 61 29
45 75 40 32 68 9 3 17 6 19 83 50 66 11 51 91
20 34 73 5 42 63 11 79 55 71 8 31 68 86 21 93
73 24 11 48 77 65 95 11 90 18 18 19 62 65 4 9
21 21 28 99 35 34 21 69 6 88 86 34 93 1 81 79
51 47 94 91 98 92 53 22 67 86 66 11 20 74 90 52
73 25 64 10 45 62 65 84 6 82 77 60 37 55 48 12
16 50 35 58 52 18 56 40 82 61 77 22 100 37 8 89
18 37 59 28 63 84 16 41 60 49 16 52 30 85 84 60
16 88 10 4 20 44 26 15 79 56 79 35 67 18 36 7
33 20 50 16 56 4 5 17 59 8 1 49 74 92 45 80
47 37 64 30 77 38 74 76 97 31 88 92 14 98 5 4
79 31 27 4 50 11 98 25 33 50 17 73 79 24 64 95
17 84 77 94 22 92 36 3 16 45 13 37 4 19 68 8
26 18 91 20 78 90 39 18 90 52 91 5 36 63 96 94
61 37 10 33 48 2 47 65 95 25 70 52 27 73 44 17
92 78 71 74 40 76 38 17 99 47 24 8 75 14 81 48
100 79 81 18 49 61 39 64 27 99 49 23 47 75 61 30
13 54 87 17 20 36 7 28 66 23 23 52 91 7 1 58
85 53 70 25 51 19 45 25 9 98 98 48 38 3 52 61
73 3 7 52 87 6 25 3 57 36 97 3 7 62 32 77
100 84 62 14 43 60 90 45 18 46 76 1 34 44 60 28
77 27 62 17 18 11 88 62 96 50 74 66 12 71 21 94
83 55 42 85 2 73 18 21 86 16 32 93 6 36 57 98
12 53 83 50 15 79 99 87 72 33 24 71 97 37 67 23
84 28 23 32 91 52 8 70 63 62 41 71 15 89 47 93
31 29 25 12 24 45 100 42 67 54 12 18 41 91 83 24
50 16 36 92 92 38 44 49 66 86 90 42 39 91 19 41
90 75 78 41 80 9 53 41 88 57 9 17 64 4 99 25
88 62 40 35 72 29 2 59 28 64 47 56 54 86 12 85
89 2 82 90 22 71 38 30 98 68 89 90 97 3 87 20
26 53 41 57 49 51 19 81 47 52 100 31 29 66 91 7
13 39 50 8 62 59 60 27 5 28 92 10 45 22 41 5
28 3 74 69 98 98 56 84 89 86 57 63 74 67 49 55
54 70 47 68 17 57 85 75 11 56 83 60 65 5 88 72
41 58 77 68 81 44 92 11 58 43 98 6 7 54 50 56
56 49 9 34 48 83 75 79 64 91 55 40 95 74 27 22
93 95 8 3 98 3 70 80 45 87 59 49 3 63 47 74
95 84 72 54 69 15 62 44 88 28 48 90 60 49 50 59
47 34 36 28 91 56 34 11 100 50 100 15 47 71 66 25
44 91 88 6 1 42 32 77 72 21 53 88 76 78 96 18
64 81 96 71 63 32 30 34 70 18 53 39 24 67 2 35
69 78 18 24 73 90 61 80 94 22 28 26 57 85 84 76
68 89 96 6 93 37 32 36 56 94 42 28 65 47 66 3
72 13 86 4 34 2 26 93 14 41 61 33 5 76 3 44
73 92 48 19 30 71 67 30 94 71 75 19 35 69 20 9
68 93 68 53 50 68 51 59 37 50 14 26 56 18 74 52
40 88 78 94 18 52 10 8 39 84 20 93 32 24 49 39
83 33 10 22 64 43 89 6 52 91 22 15 58 48 99 46
51 26 22 62 43 67 29 93 51 42 77 12 11 51 73 72
29 15 40 58 51 77 1 37 19 38 58 56 50 25 19 78
86 5 6 36 14 38 6 96 29 48 89 6 92 57 83 67
82 32 91 42 74 47 41 12 71 1 39 53 36 66 43 63
57 83 16 21 63 57 49 50 58 9 2 14 58 54 54 98
25 30 18 66 90 19 74 66 78 45 49 22 76 81 87 64
60 52 51 71 56 56 92 95 73 83 73 7 17 100 40 46
3 22 61 74 58 39 9 43 32 57 93 40 5 11 44 38
59 23 26 84 82 7 80 7 38 98 96 26 91 99 17 48
73 54 94 5 28 81 31 48 90 56 55 20 87 60 74 21
36 3 25 7 19 23 74 12 98 45 84 49 23 37 14 88
4 75 29 59 7 42 98 66 23 2 86 43 53 90 95 40
75 49 68 13 44 99 8 94 10 16 44 70 35 41 10 96
41 22 6 91 53 13 20 28 4 83 1 62 86 24 87 55
49 31 43 62 98 83 65 83 3 2 29 33 17 43 7 87
30 71 91 58 56 75 28 91 16 61 3 42 39 83 11 71
79 91 21 20 36 86 14 80 5 27 3 79 2 96 86 55
57 88 62 5 32 24 65 93 78 42 1 14 42 35 62 6
92 17 65 36 40 9 20 81 93 34 9 43 75 19 97 60
21 63 75 3 34 92 95 84 81 23 96 28 44 17 21 67
72 49 12 12 71 80 66 1 17 62 86 87 29 38 59 72
53 88 24 91 27 90 2 71 81 97 35 3 28 29 13 21
54 48 62 18 94 92 70 32 2 36 15 15 43 17 29 75
89 34 72 67 28 59 82 12 79 7 74 58 70 24 98 45
31 40 68 56 83 54 22 12 79 28 5 52 23 55 85 59
19 93 47 13 17 20 56 21 89 19 2 81 52 10 91 94
59 47 57 68 19 56 77 92 42 86 86 98 38 42 3 29
67 33 91 98 35 87 57 70 78 77 83 18 94 35 57 79
49 70 58 68 30 53 57 60 99 86 86 93 65 53 27 86
92 83 84 19 24 14 41 9 46 48 88 74 82 67 13 83
24 26 58 69 53 11 60 1 79 42 49 14 57 60 47 98
