20
5
15 20 16 15 8 6 11 12 10 2 19 15 7 8 15 14 3 10 4 18
9 8 2 10 9 16 18 13 19 3 4 11 2 12 14 19 1 17 13 20
8 11 18 10 20 14 16 16 5 1 20 19 17 10 14 14 4 5 11 11
6 17 3 6 13 6 2 15 19 16 19 19 13 1 8 18 16 9 5 1
17 11 17 4 8 7 16 15 16 6 17 18 8 12 12 2 1 8 1 19
17 16 12 1 7 17 5 17 2 11 4 16 2 2 2 7 7 11 5 13
14 12 1 3 1 17 9 5 2 19 16 2 8 9 13 9 2 9 3 10
5 7 3 20 7 13 18 12 11 19 11 16 9 18 1 4 12 6 4 18
10 2 15 20 11 17 10 12 14 7 1 13 5 17 15 14 1 7 6 17
6 6 15 1 11 11 15 7 13 9 18 13 18 8 13 3 2 4 17 7
3 6 12 9 6 14 17 13 6 18 19 13 3 3 12 13 2 19 10 8
20 12 5 10 14 5 12 11 11 17 9 16 20 14 8 19 2 16 3 15
11 3 10 20 16 4 3 20 20 20 3 16 2 15 12 1 3 1 2 6
5 19 15 19 1 18 2 2 4 12 6 14 2 7 20 12 8 19 8 10
12 11 17 15 8 10 16 6 14 15 17 6 7 2 15 1 4 17 19 6
16 19 12 16 9 7 11 3 13 20 1 11 15 14 9 11 5 19 14 8
3 19 5 13 5 15 18 13 16 20 20 20 17 15 19 20 2 12 5 16
17 9 6 20 9 17 18 13 6 3 9 4 15 12 4 7 17 3 4 4
3 17 9 10 17 14 8 13 6 15 7 5 9 7 18 12 14 19 16 10
7 16 12 3 16 14 20 1 19 14 15 11 18 7 5 20 6 1 13 19
2 1 8 8 7 18 16 10 16 6 11 6 4 17 10 15 11 20 3 14
7 7 7 10 20 16 9 5 4 9 4 4 18 2 3 16 17 19 4 10
14 4 19 11 18 2 13 11 11 12 13 1 11 19 8 19 16 9 9 20
8 1 14 8 16 15 6 10 5 15 15 6 19 4 9 6 7 5 3 6
2 8 7 5 16 2 2 9 10 3 4 7 8 10 5 17 4 1 11 12
14 17 18 9 10 10 12 8 18 5 14 12 9 17 17 4 17 11 7 17
16 12 9 20 17 15 20 17 3 16 6 15 10 8 1 19 13 16 5 7
2 8 16 12 15 12 11 5 7 3 15 17 15 11 12 4 1 10 19 13
8 12 16 20 10 18 15 14 8 20 8 20 12 20 19 19 9 3 18 14
6 19 13 20 13 12 14 17 6 12 5 10 1 10 18 11 16 7 17 2
6 4 3 3 9 3 6 20 20 19 7 5 7 13 10 13 14 7 14 20
1 1 15 14 11 12 19 2 20 6 13 5 9 3 9 1 4 9 5 9
17 17 13 20 3 8 12 5 7 15 3 8 13 19 12 3 3 1 10 8
19 4 8 14 7 6 16 7 6 13 20 9 18 2 7 12 9 13 17 6
18 17 8 10 15 18 1 3 10 13 1 19 18 18 2 9 16 20 3 19
17 11 15 16 6 11 7 18 2 18 16 17 8 16 10 3 4 6 5 16
7 8 15 3 3 9 9 9 15 11 16 20 13 18 19 13 9 2 20 13
2 13 19 20 1 8 20 7 11 1 10 17 3 15 18 20 15 16 11 9
17 14 20 15 13 11 7 5 16 8 14 3 10 18 8 16 11 16 14 10
19 18 7 17 11 15 10 9 10 2 18 15 3 19 2 19 5 11 14 12
13 14 7 17 9 17 6 8 11 14 2 3 16 5 18 5 1 17 8 9
9 14 20 14 7 15 9 9 20 1 10 13 17 17 2 8 15 4 15 16
3 18 14 12 4 9 12 19 10 1 13 9 17 4 4 10 13 19 8 14
1 11 10 15 6 15 20 7 18 9 5 19 11 19 18 2 20 14 17 4
11 2 8 20 16 2 5 20 17 15 15 1 16 7 1 13 4 18 2 17
2 20 7 5 11 12 19 15 19 12 12 17 1 16 8 16 6 19 14 3
13 5 1 11 15 3 3 17 11 14 6 5 15 5 1 15 15 6 6 17
15 19 9 6 5 12 19 17 11 13 3 9 1 19 10 7 20 13 20 16
12 6 17 6 15 6 13 16 12 17 14 8 14 12 13 11 18 19 9 9
9 5 17 10 10 4 17 1 1 18 5 4 17 7 15 6 2 1 13 7
14 1 12 14 20 10 9 6 4 3 7 17 11 18 5 12 6 14 19 19
11 8 15 4 9 3 9 7 2 11 4 6 4 3 9 6 18 14 18 8
7 8 16 11 18 7 6 9 14 3 20 10 4 15 7 18 14 1 13 12
6 7 5 12 4 9 9 15 16 18 3 15 17 15 3 18 14 12 13 18
14 16 20 17 5 2 11 2 13 11 15 3 11 3 16 9 6 4 6 14
12 3 5 11 16 3 7 8 10 4 6 2 13 15 5 20 12 3 3 13
11 6 18 5 18 11 4 15 1 3 6 15 20 9 18 10 13 17 8 9
15 10 7 10 2 5 4 12 1 9 15 13 2 10 5 12 11 5 15 2
10 7 5 8 19 18 7 2 12 3 12 20 5 7 14 12 11 7 15 10
15 6 13 13 11 13 17 14 13 16 4 4 20 9 8 9 2 16 6 3
12 10 15 11 9 12 3 11 18 11 6 9 14 16 14 13 7 10 20 17
14 7 5 18 19 5 16 17 16 16 8 12 20 15 11 7 14 11 10 7
11 8 19 2 2 14 13 8 12 8 12 16 4 13 3 15 17 6 17 3
11 17 12 7 3 1 15 15 4 11 17 2 6 4 19 1 15 19 11 17
19 20 8 19 10 2 16 7 3 12 15 10 11 4 4 2 7 1 14 4
9 2 19 20 16 12 15 7 3 20 13 15 15 14 4 14 18 3 2 9
17 10 5 5 4 2 8 9 2 16 7 19 11 9 2 11 1 8 16 17
4 14 13 20 12 10 14 2 17 7 18 19 4 10 10 1 8 10 11 6
1 17 9 1 1 8 4 5 12 20 15 4 12 2 12 10 4 19 10 2
11 10 5 2 16 12 6 14 19 3 7 4 18 6 19 5 19 5 6 9
12 10 5 15 8 2 13 11 2 5 13 6 12 14 8 12 6 14 4 4
4 5 10 8 19 5 19 9 15 8 11 8 4 12 5 16 20 18 3 2
20 8 4 18 20 9 3 2 20 12 13 4 9 1 7 12 13 1 18 10
3 11 8 13 20 15 20 13 20 20 12 8 11 20 19 15 20 13 4 5
2 14 9 16 5 8 16 9 10 1 2 14 12 15 19 6 9 19 9 14
6 16 15 20 6 11 17 16 5 1 12 9 12 16 14 16 6 1 11 7
2 1 15 18 8 14 4 7 20 17 14 10 5 2 11 10 4 16 12 12
11 3 14 1 16 12 10 8 17 15 11 12 3 19 16 17 10 5 18 19
9 20 13 16 6 5 15 8 3 19 17 8 17 8 13 17 13 9 12 13
17 16 15 18 15 9 18 7 13 8 12 2 10 15 2 4 13 2 10 1
7 6 17 6 15 8 17 1 3 3 18 3 14 19 5 16 10 1 19 9
15 3 9 10 10 18 20 1 5 11 3 9 9 6 9 14 13 4 6 2
6 12 15 19 5 14 12 19 1 3 15 20 2 17 2 4 18 20 8 12
20 14 7 13 3 19 6 19 14 15 18 18 14 9 5 11 9 6 11 11
16 14 9 6 3 18 17 13 16 13 12 19 13 17 9 11 9 3 12 16
12 9 17 2 20 17 5 6 10 16 11 12 9 19 5 2 11 1 6 16
19 13 7 5 1 20 4 16 10 6 7 20 16 20 10 11 15 3 19 9
18 9 19 15 13 2 5 8 10 12 1 8 1 13 4 12 14 3 11 17
10 7 12 12 11 17 5 10 19 16 16 19 3 4 20 19 19 11 8 4
5 18 8 8 4 12 19 18 11 14 18 1 13 12 4 2 6 15 12 14
6 6 4 13 2 11 8 3 15 1 8 18 7 2 15 2 4 12 7 11
17 19 3 18 15 14 8 6 13 2 20 4 20 13 16 11 13 14 15 6
17 18 4 20 1 8 3 8 7 15 8 20 2 10 1 16 10 7 10 9
19 11 2 2 5 4 2 13 10 12 1 19 6 1 16 3 1 2 6 9
12 12 7 18 1 14 5 7 13 9 4 9 8 1 1 16 15 18 17 7
15 2 17 4 20 3 13 5 16 18 16 8 16 6 20 2 4 19 8 2
19 16 17 5 3 15 17 18 8 4 2 18 7 7 19 17 1 10 1 16
19 12 15 9 6 11 14 9 5 14 14 17 20 12 16 16 10 14 16 14
18 2 18 18 7 18 5 4 6 8 13 1 7 12 5 18 5 19 8 6
7 14 16 7 8 14 12 1 8 17 1 18 14 7 11 11 7 14 12 19
