8
5
34 16 2 93 12 57 10 7
22 89 89 23 87 90 6 91
67 89 4 58 30 85 32 69
9 100 13 13 47 60 45 89
85 37 53 65 59 97 33 5
74 18 62 26 26 11 53 84
74 88 74 87 78 7 27 52
84 78 39 55 6 13 76 22
16 76 72 3 15 97 24 18
99 19 92 81 25 39 46 84
1 81 43 90 22 41 46 40
40 62 1 54 76 61 63 26
87 30 70 68 4 57 54 9
72 35 17 57 19 10 62 29
100 82 42 4 97 39 15 45
18 98 64 3 17 79 78 39
12 88 33 18 13 33 12 78
79 94 66 32 97 40 2 13
50 93 28 78 33 66 26 50
71 39 6 7 12 18 15 21
30 7 50 43 4 24 22 51
4 63 93 58 44 20 93 59
52 27 77 97 88 23 93 16
97 85 12 76 49 43 4 78
53 98 39 33 43 74 68 33
52 50 13 47 96 29 45 8
79 34 58 67 12 76 9 48
67 70 27 54 48 74 33 31
11 98 19 86 93 80 83 27
34 100 8 89 76 67 81 12
43 38 30 92 14 69 93 92
54 10 2 63 75 47 52 59
17 89 59 7 38 63 26 37
12 56 93 34 18 82 30 19
66 20 63 71 16 26 78 15
89 24 92 19 71 92 51 57
46 14 49 81 98 10 13 25
9 13 6 52 52 29 97 45
59 86 90 55 49 74 13 42
66 44 83 10 89 59 75 95
