12
5
8 13 15 19 7 9 4 7 7 1 3 1
2 9 9 16 8 18 20 8 5 1 7 6
17 3 5 18 9 1 15 11 5 10 11 7
9 7 17 17 15 2 5 9 5 6 3 6
6 15 16 7 16 14 3 14 20 1 19 6
14 20 12 10 12 15 14 19 10 3 3 17
9 17 5 6 8 14 17 20 14 17 10 14
4 12 2 15 1 4 20 2 9 19 16 17
12 6 15 13 20 20 3 19 20 3 17 2
2 7 11 10 3 17 5 9 17 4 5 2
2 10 1 20 14 7 15 3 12 7 6 14
9 14 20 6 7 15 14 6 5 19 15 13
3 7 2 7 16 3 3 19 9 10 16 15
12 6 18 4 6 15 13 11 14 8 16 10
18 12 9 15 7 3 14 10 17 3 19 4
6 12 13 12 20 18 5 10 6 9 13 1
6 11 16 10 14 13 7 7 19 10 9 3
19 4 16 3 18 8 12 9 3 14 12 6
15 17 9 19 14 15 12 9 15 18 14 20
19 1 14 5 9 1 7 4 2 1 6 9
9 11 2 5 13 7 15 8 11 7 2 10
10 20 8 7 2 20 4 11 6 18 16 3
6 6 6 7 2 6 9 5 15 6 6 16
4 10 10 13 8 12 12 13 14 17 19 11
17 19 15 12 19 3 17 4 8 8 8 14
3 14 16 4 2 6 9 15 16 20 4 19
4 3 15 17 1 18 6 8 18 3 3 6
14 6 8 19 12 16 19 11 10 13 16 15
3 9 13 13 13 4 14 20 6 5 14 5
4 5 17 16 8 1 8 8 20 5 6 6
1 17 10 15 13 16 1 20 14 19 9 10
16 5 17 17 14 6 6 19 20 17 10 10
20 14 2 19 14 5 19 5 10 4 4 5
14 19 12 16 12 4 20 6 12 12 16 5
20 1 2 8 18 18 6 10 2 14 2 11
8 15 19 13 12 13 6 4 17 6 11 19
9 5 9 20 15 8 6 5 10 11 4 15
9 14 3 20 1 19 2 6 13 3 11 2
13 6 2 14 9 18 16 14 10 9 4 13
16 5 18 10 9 1 15 14 16 2 1 17
16 19 3 11 4 4 19 4 2 7 2 20
13 7 20 6 17 14 9 1 20 11 5 7
3 20 5 8 10 15 14 16 10 12 3 16
19 9 1 9 11 2 5 9 14 14 9 5
8 6 20 18 13 7 1 7 20 6 12 15
10 19 4 20 6 10 3 3 13 3 17 17
9 14 13 4 11 8 20 2 7 15 20 8
10 1 10 6 5 7 9 13 12 12 12 3
11 8 3 20 19 19 2 10 18 10 10 6
2 3 13 11 13 19 9 6 7 1 17 4
20 1 12 1 5 9 6 7 2 18 20 15
19 3 9 13 6 10 12 12 10 20 10 13
20 19 7 20 7 1 13 2 18 13 5 11
11 9 18 19 2 4 12 1 11 18 13 8
7 20 12 12 11 7 10 8 5 17 3 5
14 15 2 3 6 3 16 18 12 7 9 19
4 16 9 20 16 14 10 11 11 9 9 4
3 18 1 9 19 17 13 1 14 9 1 17
18 3 10 14 3 5 14 19 17 12 16 4
18 10 13 16 10 17 8 12 9 7 9 13
