14
5
7 14 14 14 11 4 14 1 7 3 10 5 1 7
2 20 9 8 2 5 12 20 2 20 18 5 10 18
12 2 1 3 19 11 4 9 1 3 6 8 1 2
15 20 6 16 18 11 11 2 3 8 15 1 16 20
14 6 17 3 17 18 20 9 10 10 1 1 19 15
16 5 7 1 9 15 20 18 2 20 14 4 12 3
3 3 1 14 2 1 14 12 9 11 7 9 20 18
8 15 11 2 18 18 19 6 5 8 10 19 12 4
6 12 6 19 18 5 4 6 19 7 17 12 14 18
8 7 10 2 6 1 14 8 4 6 16 6 13 11
12 13 12 17 8 12 8 1 3 16 14 16 14 20
11 4 5 10 13 1 20 4 8 15 16 17 20 10
16 2 5 7 20 17 4 3 8 18 15 13 17 1
8 6 17 20 12 17 6 7 3 14 4 12 9 1
13 11 8 12 11 13 5 18 2 19 10 5 9 7
18 14 2 6 17 9 9 7 13 16 2 13 14 19
16 6 2 13 13 15 1 4 7 1 2 5 12 15
10 7 4 15 11 18 17 17 9 19 4 9 7 10
4 15 18 5 8 5 17 12 19 2 14 4 15 20
3 19 3 4 17 13 14 1 16 13 15 12 1 11
9 11 8 17 17 7 10 14 4 3 8 11 5 5
4 20 16 16 4 15 2 3 16 5 4 13 9 2
3 7 15 10 2 2 7 5 4 5 8 10 4 13
11 16 8 11 1 7 19 3 19 18 20 4 6 4
16 6 5 7 3 14 1 8 20 20 17 2 1 19
14 19 15 9 20 8 4 6 1 5 18 10 18 10
3 4 7 1 6 18 4 7 1 4 14 20 7 15
14 18 9 6 6 13 8 13 15 10 12 3 18 16
17 14 8 5 12 17 14 5 14 11 20 20 5 12
16 8 5 12 15 2 2 19 8 16 15 17 3 14
20 16 7 1 7 14 3 7 13 1 9 9 7 19
13 12 12 8 11 13 1 15 3 4 11 6 13 9
2 8 6 16 14 17 9 19 15 18 8 20 6 16
12 10 20 16 14 4 1 17 15 9 7 19 16 15
12 10 1 6 15 1 14 6 11 5 14 12 2 7
2 20 19 16 2 4 5 3 7 5 1 6 13 11
14 11 7 2 4 2 9 5 11 16 5 10 14 13
10 6 14 9 20 9 17 20 18 18 20 1 3 12
5 17 19 11 6 7 18 9 18 3 20 11 16 18
6 13 15 16 5 20 11 5 2 8 9 1 6 11
20 14 1 13 15 16 4 15 9 2 17 6 11 9
9 16 6 10 9 10 17 16 19 10 8 6 11 6
8 7 12 18 9 10 17 9 2 5 1 16 12 6
4 14 2 1 9 4 20 1 2 16 7 9 18 8
3 1 7 4 19 5 18 11 8 6 17 11 16 4
8 20 15 13 9 19 11 11 5 16 6 12 8 3
3 19 4 13 3 6 5 5 20 16 11 18 20 16
7 1 10 8 8 7 20 20 4 13 7 1 8 20
1 8 5 4 15 10 18 5 5 5 6 8 1 9
1 3 4 6 1 5 20 20 14 17 13 4 17 18
15 5 7 3 16 1 3 8 12 10 9 20 14 14
11 15 12 8 5 9 3 2 9 5 11 4 17 14
17 4 16 14 10 9 19 6 1 14 11 18 13 17
1 7 11 11 2 12 2 16 20 16 10 13 9 5
13 12 3 12 19 18 17 2 7 10 3 18 13 18
8 14 17 15 11 7 12 17 11 17 7 9 18 20
5 19 16 12 13 18 1 6 20 18 12 11 8 18
12 1 13 12 11 8 17 16 6 15 9 10 2 12
19 8 8 2 13 15 13 6 14 2 18 2 7 3
18 17 17 20 18 1 7 1 20 14 17 19 15 10
8 11 2 19 6 5 18 11 5 8 3 11 9 12
5 7 7 17 15 11 16 15 8 3 2 2 12 19
16 10 10 10 20 4 18 20 14 17 13 10 2 7
1 15 5 5 8 8 12 17 4 9 20 18 15 2
1 18 13 9 6 9 19 6 3 10 15 1 12 18
9 10 1 19 13 12 1 9 20 7 2 8 9 13
4 15 10 16 13 18 5 20 10 6 3 19 10 5
10 11 13 2 5 1 3 3 12 20 20 1 1 19
19 20 13 8 18 7 15 7 12 5 10 19 16 2
13 11 18 7 7 19 2 4 14 10 14 10 2 3
