20
5
10 2 19 20 10 17 11 5 6 13 3 5 2 19 14 2 4 16 14 9
11 10 20 19 14 10 18 1 6 9 18 17 15 4 12 9 17 5 11 18
7 13 5 15 2 3 3 8 9 2 15 8 8 7 16 19 6 9 16 16
12 16 14 20 10 19 11 20 8 13 18 18 15 4 3 12 12 5 8 9
15 10 2 11 17 4 3 1 6 13 6 6 8 20 17 3 20 12 15 7
4 20 1 2 12 6 5 8 1 8 2 5 5 7 11 1 18 9 8 2
12 20 3 17 4 18 10 19 3 11 15 12 18 3 18 9 19 20 12 14
15 3 19 5 1 5 3 3 10 16 17 11 12 3 14 10 18 1 2 17
7 13 16 6 8 20 10 17 1 14 17 2 9 2 9 15 20 2 18 12
19 20 16 13 4 1 7 10 17 12 6 18 19 5 17 8 15 3 15 4
16 12 7 10 11 1 12 6 15 14 19 1 19 19 20 19 9 16 6 19
13 18 20 19 13 20 15 9 12 14 20 6 15 19 5 8 2 11 12 6
16 6 2 4 11 8 15 15 11 9 4 1 19 3 7 5 13 12 13 12
6 8 16 17 6 15 12 10 20 4 5 20 5 7 13 6 13 18 5 1
9 14 9 19 14 20 11 17 7 12 3 14 15 3 14 5 4 13 10 17
5 20 19 20 20 17 2 3 15 14 3 3 5 7 7 6 1 8 10 9
1 4 16 15 6 14 16 6 4 1 5 6 12 2 18 18 10 3 1 17
19 1 16 18 8 4 15 4 12 17 16 5 3 13 4 16 18 5 16 14
6 7 16 9 1 14 4 19 17 2 10 9 11 4 10 15 5 13 10 18
9 7 16 3 1 18 6 15 5 19 15 11 6 5 8 3 15 11 13 11
10 11 18 16 18 1 15 10 19 19 11 4 7 20 16 11 14 11 10 9
15 8 12 20 17 14 15 3 12 8 11 13 10 9 13 12 12 8 16 15
15 14 3 12 6 20 14 18 17 14 16 17 5 4 1 9 16 10 6 13
15 10 18 16 5 3 4 14 1 16 2 6 20 13 5 18 10 11 11 7
4 5 9 8 17 12 14 4 11 8 9 18 4 20 5 12 18 15 18 17
1 10 12 10 1 5 6 9 13 8 18 7 3 18 17 8 20 17 16 6
16 6 14 15 7 14 20 16 5 14 20 13 13 11 15 18 5 6 12 9
8 18 15 5 16 14 10 18 7 10 16 6 11 8 11 2 20 8 1 20
12 6 20 15 4 6 19 12 10 18 20 1 13 14 5 4 5 18 3 18
10 9 17 14 13 8 17 4 8 4 19 12 3 14 10 13 5 14 10 2
8 11 11 4 9 1 16 10 1 17 14 17 8 18 3 20 5 8 11 19
20 11 6 1 12 20 5 16 14 1 19 2 18 3 4 2 2 16 3 16
7 12 12 12 9 9 1 8 6 20 11 1 3 20 19 6 9 13 6 16
11 5 12 12 1 19 19 17 2 15 17 6 17 19 12 3 14 19 9 11
6 1 15 8 16 5 4 8 11 7 15 8 6 4 3 16 17 3 8 9
19 13 8 15 7 11 19 20 8 2 8 7 4 4 8 4 18 7 15 11
10 19 5 4 19 17 2 16 14 3 11 3 15 10 9 3 3 12 13 17
2 15 8 20 12 6 19 15 3 10 15 5 18 18 5 11 15 1 13 9
14 4 5 9 7 1 5 7 3 13 20 8 12 5 14 2 2 3 1 8
13 13 11 8 7 1 11 5 2 5 10 14 19 13 17 14 12 11 6 16
2 8 7 17 7 12 13 11 18 11 19 7 11 2 17 11 10 2 10 2
15 18 5 18 10 19 8 3 14 10 12 14 10 9 14 7 9 18 17 4
14 7 2 11 17 7 18 12 10 2 19 4 6 11 5 13 16 11 3 8
16 16 5 17 5 3 15 8 14 5 15 19 8 17 8 12 7 16 3 4
9 6 12 14 11 6 19 4 19 5 14 3 14 7 13 16 18 16 18 14
14 6 17 10 10 15 13 12 11 1 12 2 1 11 4 4 11 19 7 2
15 10 4 16 10 2 13 2 10 17 5 9 11 7 10 3 18 1 13 7
5 14 9 10 9 17 8 1 7 3 16 16 13 19 2 2 1 12 20 16
3 15 19 9 19 16 3 12 3 1 18 2 3 17 5 13 18 16 17 10
11 19 12 7 11 13 12 8 15 2 18 7 11 11 5 6 3 10 2 14
13 4 15 7 6 8 5 15 10 20 1 11 5 6 4 16 16 15 10 18
6 3 15 1 15 19 18 5 11 20 3 8 17 18 5 12 16 4 15 19
19 10 1 4 10 11 10 9 20 13 20 3 19 3 19 16 13 3 7 13
19 20 19 5 14 10 1 19 12 14 4 5 17 20 9 16 1 11 3 18
2 4 20 1 3 16 5 13 4 6 19 9 15 16 6 13 11 8 12 17
11 8 8 20 2 16 10 8 5 3 8 2 2 11 13 13 19 12 9 10
3 1 3 3 8 15 11 9 2 5 20 10 9 19 15 8 14 10 1 11
20 18 14 4 15 15 9 8 15 17 2 9 17 12 8 2 1 4 13 11
4 8 9 9 15 20 3 7 5 7 2 4 8 9 10 7 13 3 11 9
5 18 3 8 18 18 4 6 18 9 7 15 8 14 3 15 16 16 19 19
16 5 18 13 11 4 18 8 13 16 8 20 16 11 7 1 5 20 4 4
10 16 9 5 12 14 12 17 5 12 19 6 16 5 1 14 1 12 4 12
11 10 1 18 4 10 12 13 14 6 13 17 17 2 16 14 6 14 1 4
15 8 15 19 1 8 10 1 18 6 13 16 12 18 4 13 12 20 9 7
6 20 5 3 13 2 4 14 1 19 1 1 16 4 20 1 10 11 7 16
1 20 18 18 19 9 7 13 6 14 18 14 2 3 16 5 5 8 7 11
2 12 14 12 20 18 18 6 3 4 18 10 20 5 14 11 1 15 16 4
11 2 13 3 10 7 9 11 7 18 8 16 9 18 12 20 6 5 19 18
11 2 5 12 18 15 15 12 17 10 10 1 1 9 14 3 19 11 13 4
20 12 6 3 9 13 8 3 2 18 15 20 8 15 4 8 16 19 12 18
3 1 13 15 8 6 17 16 14 2 16 20 12 10 9 6 7 9 7 15
13 20 9 6 8 4 19 8 5 5 8 14 12 15 17 4 14 2 16 16
1 6 7 4 1 18 19 3 6 18 7 12 9 16 17 17 5 2 14 14
4 17 20 18 17 14 10 12 7 6 15 3 2 6 13 18 8 11 19 12
14 8 19 18 13 5 15 2 11 9 18 14 5 11 11 11 6 3 16 3
5 19 12 15 13 19 18 10 6 1 17 1 2 3 6 17 12 15 4 3
7 2 19 7 3 14 18 13 20 1 20 11 6 17 12 17 11 13 9 4
16 4 17 11 14 18 1 2 13 3 9 2 19 4 6 5 16 3 3 1
17 13 12 19 19 13 13 10 18 1 6 14 5 10 1 2 20 17 13 12
17 3 13 6 7 9 14 13 8 10 4 1 12 2 14 17 20 1 17 16
15 16 19 1 9 1 11 4 6 4 1 5 9 8 18 3 18 19 15 15
8 9 14 17 1 16 5 20 4 10 4 9 19 6 11 18 2 7 20 16
9 12 9 16 6 13 5 20 19 2 17 20 12 8 6 19 4 8 5 20
12 5 16 10 19 7 20 3 2 9 18 3 10 10 5 10 19 13 2 19
3 2 20 9 10 11 20 9 10 9 20 14 13 10 4 9 18 17 15 16
20 2 11 20 1 14 8 19 5 2 18 14 13 11 9 10 5 16 7 13
8 10 1 16 11 18 15 13 18 11 19 9 4 6 18 11 8 18 11 2
20 13 15 12 16 6 2 11 3 7 20 8 12 4 4 15 12 10 11 4
1 2 14 20 14 11 8 5 16 15 20 16 3 3 2 6 16 6 10 18
17 4 12 3 1 3 8 17 7 17 14 17 1 16 18 16 12 19 6 6
6 10 5 4 8 10 1 9 3 2 20 13 6 2 20 12 2 4 5 10
20 5 7 4 10 6 12 1 19 12 17 13 4 20 14 4 12 12 3 9
13 12 7 5 19 2 14 9 13 9 19 7 19 17 10 19 10 4 12 9
1 7 11 6 12 15 18 9 18 8 11 14 5 17 1 15 1 18 2 19
7 9 20 14 12 18 18 17 9 5 18 2 14 6 15 7 6 11 14 13
2 16 15 10 3 3 8 11 7 19 16 14 8 20 17 14 20 7 15 18
19 18 12 6 6 1 19 9 14 11 14 7 15 8 11 3 15 5 1 12
7 13 2 2 12 11 13 14 2 3 9 19 2 12 1 13 8 3 15 20
17 5 9 20 18 2 7 6 20 14 14 13 10 19 15 2 15 19 11 14
11 7 6 6 5 8 8 13 12 2 2 9 8 16 16 15 19 19 12 12
