14
5
76 64 65 39 81 3 100 48 1 29 37 36 88 30
49 37 25 21 77 73 25 72 74 38 74 48 27 42
23 79 78 87 32 27 71 44 94 86 73 82 5 36
85 3 61 51 46 100 31 16 58 52 63 88 44 79
57 7 49 27 52 30 60 49 15 4 35 92 85 35
75 24 60 3 26 57 92 10 68 13 17 92 70 21
4 36 46 57 78 21 2 74 31 98 77 67 31 32
88 81 58 36 17 65 37 8 69 33 16 70 73 90
9 66 71 73 22 4 26 37 15 52 81 62 9 92
100 47 53 28 81 43 92 74 99 69 62 12 84 82
25 92 23 81 16 19 19 44 40 59 81 33 36 33
70 84 48 61 57 43 34 43 8 13 17 70 9 50
72 28 11 66 87 9 83 41 93 18 53 93 84 19
84 7 60 64 87 70 89 89 80 66 8 25 97 21
75 85 20 33 39 37 17 67 82 91 48 37 60 66
93 70 9 7 88 66 73 20 56 33 40 29 97 88
77 58 19 43 27 29 85 94 93 100 79 14 44 8
4 98 43 36 74 19 50 94 81 22 41 61 61 63
4 80 46 27 5 27 47 94 81 83 35 98 68 95
57 21 99 57 61 17 27 79 69 83 45 16 2 95
88 48 88 62 12 26 84 50 14 52 9 53 57 86
13 39 88 27 8 95 51 29 99 75 52 80 26 6
87 17 27 30 8 5 52 87 59 59 12 34 53 48
24 81 24 95 57 29 85 47 5 94 93 56 1 23
100 63 58 67 91 4 2 6 41 71 30 96 98 61
21 35 83 46 16 47 25 83 58 12 67 91 73 49
59 55 23 62 82 90 81 13 3 1 31 28 51 62
19 36 45 64 29 17 83 14 13 89 82 9 83 14
34 99 83 80 3 28 5 77 16 68 53 28 39 56
6 13 59 29 70 57 54 90 68 36 39 39 63 15
20 86 67 46 94 50 53 4 86 24 14 89 14 38
46 19 36 50 59 16 34 20 12 2 73 20 48 7
39 42 70 69 37 27 57 84 11 27 25 45 62 7
46 15 91 97 73 36 75 87 77 24 93 36 23 77
19 73 38 85 25 94 41 86 74 92 92 71 24 2
55 37 40 75 55 60 85 44 74 54 81 66 8 33
40 66 37 56 67 43 90 72 47 56 64 54 38 20
90 100 84 3 91 35 23 25 65 45 18 48 92 89
97 38 38 47 69 34 11 96 92 54 8 76 24 11
89 22 51 90 37 45 77 2 2 72 2 100 58 84
41 33 81 15 29 32 49 85 6 41 90 6 58 41
52 69 51 34 35 1 20 25 6 47 84 61 85 60
80 63 37 4 78 80 84 41 2 83 33 82 39 20
12 78 11 20 12 6 23 39 68 77 16 17 90 35
99 28 40 35 100 25 27 51 38 92 42 64 84 16
33 93 97 92 42 36 23 71 13 85 84 80 49 88
15 49 96 66 50 71 26 16 92 67 62 24 42 63
28 71 52 44 36 77 92 71 51 100 14 42 61 35
71 7 29 35 39 55 98 35 23 4 16 76 100 4
32 16 32 28 97 1 60 51 85 80 5 48 87 48
5 71 69 24 91 52 47 85 51 72 81 3 42 49
71 17 18 48 38 24 60 3 54 29 70 66 21 40
19 33 25 96 94 67 5 17 86 90 89 18 51 43
75 77 4 5 78 51 60 11 22 59 21 21 74 89
95 34 40 6 39 39 31 90 24 5 53 92 28 98
4 64 31 30 12 64 49 10 41 25 46 46 29 99
80 99 61 14 48 37 70 60 4 87 91 32 99 24
18 30 71 12 16 71 65 29 81 33 11 37 71 70
30 28 89 19 2 89 76 31 42 100 63 1 94 15
56 19 56 91 8 7 22 97 57 93 85 38 80 62
77 75 39 34 59 89 40 12 94 68 86 26 81 69
87 54 15 71 81 30 92 17 25 27 34 9 11 30
2 18 15 52 42 71 5 69 55 84 46 26 63 68
68 57 44 22 98 6 27 58 79 47 85 36 4 55
67 48 71 82 83 25 28 77 3 90 87 2 56 65
47 30 15 45 64 61 59 63 85 35 45 58 32 50
12 41 1 31 82 64 10 23 10 32 10 46 83 30
19 28 74 9 30 75 94 4 51 1 45 6 98 84
70 2 42 58 54 23 89 98 46 68 79 60 70 27
5 64 43 39 26 38 2 75 8 5 56 18 79 92
