18
5
6 19 3 15 15 17 20 4 20 20 2 12 4 9 2 1 13 9
2 1 19 18 4 2 5 4 14 7 19 2 2 16 17 20 18 9
18 20 12 5 17 11 3 14 7 3 17 12 8 12 1 9 9 15
16 2 6 9 17 11 12 3 3 15 6 14 9 8 20 5 15 12
14 20 16 1 2 18 19 13 14 12 20 18 18 14 20 13 13 10
11 14 1 10 8 20 9 19 2 2 13 3 5 4 14 10 17 7
2 17 5 3 15 18 2 7 10 12 15 3 20 10 3 17 15 6
1 10 13 17 13 2 15 4 9 14 20 10 7 16 14 9 8 8
20 11 9 19 19 13 6 8 11 4 17 7 4 20 5 20 8 20
6 5 2 18 18 8 10 16 13 16 10 16 12 17 18 14 2 14
8 2 7 6 14 14 9 1 3 7 19 7 11 12 17 10 15 16
12 5 7 3 12 16 2 19 5 18 13 7 19 8 15 4 10 12
3 1 16 2 1 2 9 11 1 19 9 7 9 9 13 19 16 1
10 11 3 18 4 7 5 5 15 2 2 14 3 12 2 16 19 2
15 16 14 10 13 10 3 17 4 5 2 12 16 2 7 8 9 5
10 8 9 7 20 18 13 12 20 20 10 11 13 16 17 19 6 6
5 5 16 8 9 18 20 3 7 18 11 13 17 5 1 1 14 20
10 12 4 11 1 1 3 6 9 5 17 10 5 9 16 9 8 3
20 15 6 13 20 9 1 14 4 13 17 1 10 5 4 17 11 14
5 14 15 9 12 7 6 11 14 8 12 10 16 14 19 15 17 1
8 4 3 19 5 5 2 14 16 5 20 19 12 4 18 3 10 19
12 3 2 7 19 10 12 4 1 2 5 7 6 3 12 4 20 2
20 15 3 1 6 5 20 5 19 8 13 3 4 6 15 2 6 17
10 17 20 16 5 7 10 19 18 15 8 18 13 16 6 10 10 5
15 10 17 13 13 19 15 9 8 15 2 8 4 19 4 18 1 10
13 9 12 17 4 2 3 7 13 1 4 11 18 3 10 13 14 17
14 4 8 13 1 5 20 16 14 9 8 20 8 18 17 12 11 4
14 11 11 13 12 19 20 9 5 1 16 1 5 19 2 9 18 1
9 15 14 20 20 2 18 9 16 1 7 19 10 16 5 9 18 15
16 11 13 15 6 11 1 19 20 14 10 8 6 9 5 10 14 13
12 13 13 16 9 15 16 7 2 14 15 6 9 14 20 2 18 6
12 14 17 7 9 14 18 1 7 6 14 13 19 7 7 5 2 20
18 10 18 5 9 2 11 18 20 3 18 4 11 15 3 10 14 8
5 8 12 10 14 19 3 16 3 13 11 12 8 16 20 10 1 1
18 8 5 19 20 1 8 9 17 14 12 20 17 16 12 8 3 8
12 18 8 2 8 19 12 10 4 13 15 2 2 17 5 6 19 7
2 6 9 15 11 12 4 5 18 16 15 20 2 9 13 4 2 13
13 15 8 14 8 20 9 18 14 2 17 16 8 5 3 12 10 17
4 11 13 6 16 11 17 13 11 3 15 16 1 3 19 5 14 9
17 3 8 7 5 18 15 7 19 1 13 17 7 6 4 11 13 17
2 19 14 1 13 4 13 9 9 16 8 4 4 15 11 8 14 1
6 15 19 13 20 10 5 19 14 1 6 15 17 7 6 1 13 10
12 19 1 8 14 15 1 9 5 9 12 1 5 17 15 3 4 17
15 9 4 5 16 4 6 2 16 4 18 4 8 9 13 16 8 1
8 3 12 19 12 2 19 1 15 4 16 20 1 7 9 12 19 19
1 13 19 16 15 10 7 18 1 4 9 20 14 16 11 14 14 19
15 9 7 16 4 13 20 8 19 2 16 15 5 16 20 16 14 9
10 3 18 2 15 4 13 20 4 2 6 16 13 11 10 7 8 18
5 6 3 20 16 10 12 13 12 18 9 13 15 9 7 9 18 6
17 2 13 12 13 7 1 15 9 15 19 2 13 14 17 2 4 13
6 19 11 17 7 10 1 18 7 14 11 8 3 20 18 14 10 11
19 20 5 15 18 10 18 13 10 17 1 18 20 18 1 8 18 10
17 11 10 17 16 6 3 1 9 16 6 2 11 1 10 14 11 9
18 11 11 3 11 19 17 9 5 20 20 1 7 13 8 16 19 6
20 14 17 5 8 12 11 10 4 20 2 2 2 10 16 14 7 6
1 15 15 3 8 1 15 14 12 11 5 20 17 20 7 17 17 6
3 4 6 2 15 15 4 3 18 7 10 20 16 12 15 14 17 3
3 1 11 2 17 3 5 5 7 18 11 20 20 8 19 16 8 4
3 18 12 16 15 14 16 5 5 7 17 10 2 16 5 18 16 4
5 18 3 7 1 12 3 4 15 12 13 11 4 9 3 12 15 17
4 15 18 1 16 19 8 6 3 5 14 7 11 8 11 17 7 9
1 6 1 2 20 4 8 19 16 13 8 17 8 7 14 14 13 17
5 19 3 17 11 2 17 8 17 13 9 7 7 20 13 15 15 1
7 6 4 17 10 12 8 6 1 11 5 13 8 1 15 16 8 19
10 3 6 13 20 12 6 17 15 17 2 20 9 10 20 13 10 3
2 7 17 20 14 12 7 14 20 10 12 10 10 9 19 1 5 12
14 17 8 7 16 19 13 18 16 15 19 12 6 16 3 10 5 19
14 4 11 17 17 7 16 13 5 19 9 12 13 12 5 19 8 15
12 6 3 13 11 20 6 14 16 16 3 5 19 20 11 16 16 10
18 2 15 11 19 5 5 12 2 19 10 8 15 3 10 5 10 9
12 6 3 16 11 8 17 10 11 9 16 1 8 16 18 19 6 7
13 12 16 4 3 12 3 15 5 16 2 14 7 3 7 12 3 3
6 8 15 1 20 16 11 2 7 7 2 20 12 4 3 6 5 9
1 1 11 12 15 14 2 11 17 9 9 15 6 18 18 12 2 5
9 14 12 7 2 15 6 20 2 10 7 9 15 4 11 3 10 15
6 4 7 17 7 4 1 15 12 12 9 20 17 15 7 16 18 18
1 8 17 13 18 8 17 16 17 4 13 1 2 9 3 11 11 11
1 6 8 15 10 3 18 20 16 14 11 4 16 11 7 13 8 3
16 9 16 8 13 7 3 19 13 3 8 3 10 18 10 18 19 3
14 4 8 11 20 5 5 18 2 16 12 1 17 19 13 14 3 9
20 18 8 6 9 20 12 14 9 13 2 9 16 15 16 20 1 17
7 6 7 17 20 3 11 6 18 12 19 4 9 16 17 8 3 10
15 8 7 14 14 5 11 15 7 7 5 18 9 11 20 17 14 3
2 20 17 6 5 4 11 2 13 12 12 19 16 14 13 5 7 12
4 14 20 13 18 11 9 16 17 15 7 7 8 9 17 11 2 16
11 18 2 1 14 4 17 18 19 10 4 14 6 5 4 8 4 11
10 4 10 15 9 5 9 14 13 2 5 20 15 2 14 10 10 17
4 7 4 18 11 1 16 1 17 11 16 19 2 10 17 9 3 8
13 6 12 13 11 18 6 7 2 4 9 18 14 1 8 10 10 16
18 8 19 1 20 15 1 14 11 10 1 14 3 11 11 11 18 16
