12
5
76 87 68 76 58 56 20 49 11 15 82 50
30 29 97 14 92 91 30 80 18 49 48 96
60 34 33 30 33 96 14 30 61 27 36 82
95 65 39 1 76 74 9 95 75 25 35 34
31 76 40 1 69 82 59 54 97 85 53 16
1 33 19 97 41 58 75 29 43 54 10 49
32 45 100 81 33 39 26 28 60 60 39 24
79 42 66 92 7 56 43 6 31 31 83 2
30 61 31 73 18 5 33 25 91 54 66 19
41 59 4 70 77 47 56 11 76 59 56 45
34 99 92 34 99 33 84 60 48 59 33 70
23 27 62 41 26 67 68 35 48 61 39 79
47 1 93 78 9 14 74 58 85 49 49 2
8 21 66 89 8 90 38 16 50 54 35 23
44 26 82 48 94 42 74 45 50 29 12 12
48 99 95 72 28 100 38 98 15 13 48 34
25 43 13 31 96 70 96 57 55 25 25 3
73 93 63 31 86 21 15 11 13 4 95 80
43 37 15 29 4 71 30 69 49 41 15 8
69 35 81 52 64 89 47 2 73 9 81 4
38 12 84 9 26 36 19 91 100 92 48 45
93 7 38 83 41 35 39 61 82 87 57 80
25 30 87 17 29 30 16 12 8 10 30 28
44 51 1 54 16 44 69 48 92 89 96 83
64 58 27 10 54 29 92 13 66 96 17 5
50 21 87 34 86 56 73 18 34 58 37 93
62 52 35 88 37 10 66 76 60 63 49 70
19 76 48 37 83 60 33 34 96 30 24 43
92 83 89 6 52 86 67 58 21 2 34 38
80 8 35 20 79 33 86 33 45 77 67 24
40 82 35 50 22 96 50 41 21 21 8 87
23 33 95 24 100 9 80 38 96 81 63 52
10 31 95 64 10 56 45 63 32 75 55 74
31 40 76 51 6 63 65 75 54 100 89 69
90 12 21 89 4 73 55 68 79 83 67 44
67 89 81 29 22 7 37 71 48 84 66 87
89 19 1 42 34 30 2 19 100 63 99 28
28 8 11 42 56 60 35 1 44 90 65 47
78 45 28 93 52 79 29 32 36 9 9 67
68 56 35 35 65 93 75 10 35 7 32 66
4 94 21 45 57 7 31 47 99 29 77 61
36 93 98 48 95 93 66 39 10 22 86 54
49 6 50 22 80 16 3 69 55 80 60 43
98 75 39 62 27 56 97 29 57 24 13 42
76 56 22 11 79 27 28 86 68 21 18 48
36 70 25 5 21 42 88 2 81 80 26 44
13 84 58 78 14 37 19 55 1 54 86 38
98 22 5 17 45 100 100 92 25 8 94 5
86 46 66 95 66 46 37 8 32 1 18 88
1 94 89 23 49 69 28 18 16 14 58 44
88 64 18 4 95 36 91 87 67 89 17 14
74 89 31 34 3 70 94 9 27 17 79 60
84 54 9 1 6 33 30 47 19 56 4 47
60 64 63 10 81 43 39 36 6 23 24 53
70 69 77 64 62 90 28 48 21 38 88 79
25 41 56 11 81 33 35 90 48 96 74 85
30 15 52 5 33 92 8 14 63 51 25 100
26 59 59 22 5 10 82 13 65 60 96 48
50 93 100 60 28 78 98 67 99 76 81 82
28 54 32 58 2 53 58 94 77 37 96 25
