10
5
14 18 9 16 20 16 1 6 18 10
19 17 1 10 2 16 16 8 5 12
8 2 1 7 19 11 5 6 16 1
9 9 10 18 9 8 14 19 2 8
16 11 6 18 20 3 8 16 15 14
6 11 15 9 19 1 8 17 7 12
11 9 6 10 15 12 11 2 11 17
18 12 18 20 20 4 18 12 11 9
4 6 12 16 13 15 12 15 3 15
18 17 8 11 18 1 7 15 20 19
14 18 13 12 8 10 18 17 9 7
5 6 20 9 15 19 9 15 13 7
5 1 13 5 6 3 5 19 14 13
5 20 4 9 9 8 20 16 3 6
5 14 6 18 2 1 9 5 17 20
17 15 7 8 2 15 14 15 20 15
7 8 4 11 14 10 6 5 16 13
19 8 4 8 7 19 12 7 4 10
18 2 9 15 17 11 19 15 6 20
12 12 16 10 1 10 16 9 15 13
3 7 8 19 3 13 19 12 12 15
9 12 15 8 20 13 14 7 7 19
12 2 11 15 9 9 14 9 3 12
15 12 11 12 18 16 3 1 20 16
19 14 6 14 2 7 20 15 20 13
17 19 3 11 9 1 17 16 18 8
10 4 13 8 8 4 1 19 12 11
1 19 15 11 11 16 8 20 4 13
19 18 5 2 14 17 10 17 2 12
17 20 17 17 10 17 3 1 19 7
15 16 7 2 5 5 8 19 9 7
1 5 17 6 7 13 15 19 13 15
19 9 19 14 18 20 12 17 6 20
6 14 8 7 16 16 16 19 19 15
6 13 7 12 14 5 14 16 20 2
18 17 4 10 19 3 15 18 12 2
13 15 10 15 20 11 12 18 13 14
19 1 6 16 9 10 5 15 3 10
13 3 4 17 4 18 17 5 9 6
20 11 9 11 12 17 2 14 19 13
12 7 20 2 9 19 12 8 18 5
20 16 14 10 20 7 5 20 7 16
5 14 11 10 2 10 20 17 15 3
9 15 4 2 7 18 4 18 14 2
6 9 15 20 19 12 2 19 12 18
16 13 5 14 13 19 15 14 18 8
15 8 1 19 20 5 6 14 6 9
5 15 20 3 19 18 18 18 14 9
15 7 20 19 10 10 13 13 15 10
5 8 4 8 6 11 4 9 15 5
