10
5
21 65 66 94 62 65 89 5 2 62
8 60 46 77 8 70 40 72 74 96
74 69 23 41 88 93 39 44 1 64
37 97 60 51 98 49 23 64 89 82
45 38 53 6 2 25 65 97 37 48
79 31 42 60 74 83 31 67 9 27
17 77 38 70 72 7 89 87 68 78
95 91 40 62 39 60 53 50 3 69
23 31 6 71 35 77 29 18 73 73
53 24 84 21 36 50 46 34 34 14
63 24 40 13 32 82 56 70 62 50
97 72 88 20 28 4 24 66 70 74
89 14 7 68 69 37 67 80 31 45
38 81 10 46 57 72 95 59 22 24
100 90 47 69 37 9 19 94 23 32
38 35 85 8 30 100 5 65 33 10
59 1 49 4 98 16 78 96 61 31
53 41 67 57 82 87 57 86 29 13
51 93 23 60 72 2 77 57 17 69
24 13 10 89 92 93 87 24 4 83
14 1 24 44 25 60 64 74 30 59
47 66 34 79 68 38 25 96 69 60
28 89 42 7 43 2 13 96 5 27
95 33 58 26 10 37 8 90 70 20
93 88 34 90 70 85 49 17 85 69
95 36 37 80 26 52 95 5 21 93
79 83 26 2 66 1 16 50 91 16
31 86 68 51 91 65 20 58 87 96
25 49 86 58 58 97 88 49 13 20
26 83 62 10 76 3 9 82 37 6
44 28 83 69 37 45 63 49 21 33
70 85 7 98 46 73 11 29 100 62
96 6 57 48 21 10 1 11 27 29
76 47 84 58 50 48 98 59 32 47
65 35 93 11 49 31 62 91 99 83
9 87 77 22 47 78 86 40 78 51
85 87 31 59 3 100 25 38 52 58
38 52 88 57 15 54 7 33 79 33
20 71 88 64 65 52 49 48 53 51
25 28 90 46 15 79 73 78 84 42
83 78 93 27 93 61 37 71 61 79
10 67 78 36 15 89 35 70 5 7
42 95 18 80 20 65 55 55 66 30
45 96 63 28 63 81 32 4 9 5
49 81 41 99 5 7 71 16 3 78
85 9 4 76 9 98 39 64 24 72
33 89 49 43 29 33 67 60 68 12
56 42 25 32 26 54 87 44 12 18
38 90 29 84 56 57 75 99 67 33
68 55 3 89 28 67 67 37 4 68
