22
5
2 19 49 66 91 12 34 68 12 97 96 53 81 6 80 3 27 39 70 51 31 54
39 39 37 91 88 78 4 68 54 78 12 32 42 44 32 58 83 25 48 7 75 34
72 65 62 40 28 99 77 48 32 29 94 4 71 23 72 79 47 68 44 9 9 3
39 3 74 95 42 29 35 88 4 5 34 32 34 5 26 68 91 73 91 81 78 99
87 18 57 52 85 13 92 93 92 59 98 71 29 35 31 52 50 32 22 28 94 81
10 98 6 85 72 17 48 91 68 62 15 47 94 75 68 33 58 3 86 45 49 53
14 24 17 15 42 49 91 75 65 23 17 57 80 2 17 28 77 41 33 15 50 10
2 75 91 71 27 45 22 8 84 94 68 94 42 95 55 26 45 34 13 83 46 37
59 79 97 93 77 31 83 51 90 41 32 100 32 3 77 26 43 91 90 50 79 5
45 32 22 25 57 48 79 95 37 75 48 73 68 2 95 76 43 62 47 37 81 67
98 90 91 73 3 96 99 91 95 58 13 92 81 79 36 35 93 40 91 37 83 51
43 44 96 53 81 41 93 72 15 55 6 98 5 66 90 42 88 48 90 68 11 1
50 84 3 45 72 27 43 1 17 68 18 44 42 52 52 55 28 53 84 80 38 23
82 70 42 62 16 58 39 82 13 64 43 25 99 79 51 44 66 46 68 16 97 6
84 6 76 80 60 50 39 70 1 63 80 52 12 35 30 94 69 10 32 84 12 94
75 35 34 61 61 50 43 45 30 45 90 56 83 38 67 100 47 81 7 7 73 54
65 15 6 15 28 11 77 6 42 7 10 48 46 99 28 56 13 70 61 37 100 79
36 4 33 93 79 76 43 87 51 47 95 42 52 98 77 93 23 1 56 45 92 79
94 57 55 59 78 76 2 26 41 5 51 33 22 96 6 21 8 68 67 89 12 2
38 30 39 53 57 51 11 90 8 35 36 48 38 9 50 75 88 12 83 90 10 19
23 46 99 99 21 51 72 82 12 2 31 37 90 12 32 97 32 81 44 54 93 73
18 1 53 55 84 40 36 81 6 53 84 44 69 85 74 45 54 90 69 52 88 2
71 78 16 36 95 43 15 61 38 28 27 48 78 48 65 89 37 70 84 39 54 76
50 31 60 95 33 26 97 30 17 42 20 41 76 36 69 40 96 1 47 75 73 60
99 90 3 7 35 31 97 14 32 7 17 98 41 94 49 26 18 36 58 32 31 71
91 15 70 31 94 36 75 42 38 79 46 64 40 95 9 88 14 75 15 97 84 62
76 100 25 49 15 28 12 55 84 90 93 86 27 97 31 47 47 100 85 58 83 38
78 70 87 74 83 84 1 71 8 78 65 83 43 83 98 94 14 97 83 46 97 22
63 53 87 11 100 42 73 36 33 68 95 28 5 78 87 81 96 40 54 34 27 67
32 14 91 61 59 94 32 1 74 20 98 81 68 59 25 71 33 51 19 33 97 28
98 70 42 61 56 61 9 15 84 49 71 93 35 14 86 29 58 34 69 67 34 83
96 77 4 29 99 97 76 83 20 69 30 47 78 36 31 93 79 46 6 24 52 87
20 99 45 54 82 28 71 45 55 66 89 57 25 75 12 94 69 80 75 64 85 96
72 87 94 71 39 53 79 34 49 63 36 17 10 22 32 22 79 63 86 58 8 2
2 84 95 10 9 87 36 30 20 85 32 33 81 68 46 31 68 72 88 76 33 33
8 98 62 64 7 38 25 87 49 51 60 40 95 10 68 49 21 85 56 4 86 23
48 2 66 59 9 73 3 74 2 72 81 87 63 73 53 80 94 63 22 13 59 79
31 84 73 32 28 25 86 2 97 17 9 26 37 19 56 90 46 78 44 96 80 24
11 65 80 89 87 72 24 27 8 66 70 46 70 19 71 70 78 72 91 32 32 97
75 1 31 91 66 87 38 40 11 34 57 95 74 82 32 73 8 75 80 10 11 57
21 73 61 62 84 44 39 23 32 88 27 64 69 4 11 11 71 1 75 23 62 69
40 89 29 36 25 12 70 43 23 57 40 85 31 89 71 5 19 79 94 79 14 26
45 84 70 66 86 71 51 37 92 94 80 95 49 45 44 55 51 35 37 13 99 92
57 32 7 36 70 14 69 67 91 63 8 25 93 15 63 20 10 64 66 64 35 4
27 81 44 55 28 82 98 46 44 3 25 58 90 22 85 13 10 49 49 47 88 46
93 84 49 90 53 47 48 24 49 97 18 69 4 43 29 85 23 13 34 85 21 96
82 89 1 63 41 3 41 72 51 86 96 25 62 51 86 96 42 72 78 98 44 38
17 27 82 30 6 14 33 55 18 60 38 68 14 20 60 55 77 54 70 39 97 30
36 27 96 18 26 47 66 3 22 28 74 98 76 29 77 6 17 26 21 95 40 62
58 17 50 47 93 26 85 28 28 5 51 62 11 2 71 14 26 54 25 98 49 7
44 47 32 10 94 23 85 62 33 100 53 92 61 65 80 26 59 99 54 94 68 88
22 16 30 33 94 15 46 92 76 54 4 58 22 3 26 88 98 37 16 47 9 21
55 22 57 88 55 44 10 35 100 38 4 34 73 89 25 57 54 57 92 73 11 52
99 3 56 31 94 64 60 38 1 72 36 78 85 17 85 100 32 66 63 86 73 96
11 65 9 46 36 67 30 65 16 31 2 78 13 41 29 98 91 65 26 1 99 23
39 88 70 60 22 82 65 55 4 35 39 58 71 64 1 11 32 51 82 82 21 16
96 14 52 99 2 91 28 30 33 11 86 27 94 63 59 21 60 46 18 54 87 69
85 67 76 18 83 49 43 18 17 12 26 70 91 97 47 44 30 92 100 66 19 37
45 65 70 3 83 33 29 49 26 27 96 19 28 94 89 67 57 40 27 3 47 53
54 64 1 97 5 13 64 5 82 59 23 82 48 27 6 14 33 59 5 30 85 44
26 71 82 78 17 48 78 16 15 34 84 49 23 4 32 89 62 86 64 48 66 53
51 77 63 5 65 84 15 4 23 63 22 46 52 21 36 96 58 25 20 21 1 100
79 82 33 3 85 90 81 48 36 21 79 90 100 82 4 46 41 41 40 67 12 15
44 96 27 42 88 12 73 51 51 17 23 38 26 85 18 16 25 75 34 80 51 62
23 43 93 57 38 28 94 35 75 51 18 31 68 29 72 90 79 100 96 71 98 42
73 89 87 25 90 92 20 46 21 11 40 66 51 66 70 71 94 37 36 96 19 81
96 36 40 8 2 84 14 12 97 49 68 12 57 22 92 34 78 35 78 52 25 25
15 1 13 82 23 80 43 56 33 14 3 60 23 68 1 96 54 41 74 57 52 57
72 72 85 9 67 87 14 99 44 64 9 56 28 40 100 64 27 55 24 73 35 65
44 36 90 15 64 55 75 17 48 46 57 66 98 30 51 4 73 92 39 80 37 23
36 9 91 17 18 59 69 68 14 2 42 44 50 98 69 33 12 2 100 4 40 69
52 87 29 87 56 37 16 70 20 52 45 33 13 6 97 66 13 68 74 56 66 87
17 36 94 46 94 70 72 47 78 12 72 75 47 11 75 55 43 67 3 29 13 47
28 22 42 46 23 93 70 59 96 30 78 85 32 29 43 42 60 1 71 81 15 94
59 58 26 8 58 74 82 42 69 93 60 48 90 81 20 66 55 19 29 36 14 58
70 7 83 74 7 7 5 87 23 47 42 98 24 44 46 100 14 20 7 62 33 35
56 24 6 81 9 72 56 27 97 35 88 82 64 3 80 63 22 82 39 13 35 80
63 100 100 89 100 78 55 31 78 89 98 41 84 19 64 10 52 34 18 30 4 38
75 33 35 18 18 7 13 17 46 18 11 86 73 96 98 99 90 32 83 54 67 10
38 18 39 60 84 94 70 96 51 89 66 31 48 89 51 42 59 30 53 15 8 19
75 78 89 18 63 25 7 92 38 51 15 50 13 13 14 68 67 91 60 6 76 52
82 63 18 5 37 64 45 1 52 51 49 64 55 36 62 54 59 85 76 42 55 26
93 6 33 6 45 67 77 53 55 11 99 75 3 32 58 93 9 31 77 62 8 33
78 35 7 63 61 71 94 15 94 82 64 93 24 18 96 90 85 13 61 58 97 77
30 63 47 31 23 22 74 67 69 35 21 36 39 87 10 83 9 48 52 43 89 61
2 76 70 99 81 63 79 40 46 22 52 87 9 40 91 25 19 12 58 59 53 2
55 48 45 44 95 94 17 31 18 38 57 29 9 90 63 65 48 89 19 73 54 69
85 63 50 41 31 96 52 81 76 77 94 69 6 78 81 91 63 78 45 83 96 54
23 14 36 95 26 54 33 95 18 71 11 27 80 21 43 74 85 19 61 5 63 98
81 64 33 36 71 90 58 57 62 75 26 31 17 83 17 52 74 2 40 3 75 65
44 84 94 82 89 24 55 64 44 8 22 82 25 97 28 51 29 19 3 71 26 50
59 24 74 94 11 19 74 64 6 83 72 62 92 18 20 87 14 26 76 43 83 3
81 42 86 53 14 75 98 48 66 5 66 35 38 53 35 52 9 1 11 82 1 2
2 49 38 20 81 33 99 93 5 31 81 5 1 12 66 45 96 41 98 94 38 79
58 32 94 22 90 43 23 64 70 5 39 100 15 32 71 52 49 8 67 49 25 35
42 56 90 59 87 99 64 52 77 42 53 82 69 100 11 58 23 54 29 21 62 23
87 42 89 40 97 76 62 72 31 8 43 1 2 35 91 95 26 97 76 88 68 86
45 92 71 12 18 35 38 34 57 19 4 64 38 65 13 37 33 23 88 58 18 99
31 14 7 51 60 12 53 2 26 33 47 70 5 22 97 26 67 15 59 78 78 84
67 17 13 29 90 39 67 65 73 45 3 25 14 36 27 87 70 58 48 58 79 19
37 65 67 45 54 29 35 52 30 11 40 36 15 80 44 96 61 77 70 64 73 53
12 32 35 21 37 35 69 35 87 75 33 52 65 84 52 77 44 90 39 94 88 3
38 19 30 67 71 75 64 55 67 51 14 45 65 15 13 66 10 14 98 55 22 48
49 59 94 9 47 8 41 21 17 11 21 59 68 83 16 2 73 71 51 36 22 13
31 13 12 3 54 72 6 83 29 26 93 98 93 34 100 24 34 1 62 61 10 69
68 26 77 78 17 49 75 57 83 58 90 70 71 66 30 30 11 47 37 54 44 6
1 77 82 43 4 42 41 5 78 11 76 56 59 64 8 24 82 81 93 42 43 30
48 65 48 78 46 73 40 2 77 63 62 89 81 84 60 77 11 26 52 47 26 48
2 23 35 46 84 17 78 43 1 56 53 86 94 14 58 91 10 93 66 76 2 60
84 75 80 3 80 45 81 9 96 89 16 97 66 53 7 82 9 91 20 92 1 26
