22
5
76 8 49 30 76 67 13 82 38 3 24 32 28 83 24 42 49 85 40 6 32 40
9 27 38 52 69 87 9 9 13 52 19 48 92 12 98 68 23 91 81 95 75 88
18 72 84 81 41 83 64 68 74 92 32 45 29 12 54 56 65 10 87 48 71 85
41 41 82 78 99 96 48 14 6 24 87 78 21 44 71 73 27 31 45 32 42 23
65 99 33 10 58 40 23 97 27 38 98 73 68 11 69 70 17 89 63 27 19 36
54 14 38 30 20 55 85 30 56 60 52 6 39 94 52 74 59 35 37 50 46 68
54 83 30 76 31 62 64 38 73 70 79 74 47 75 2 67 57 13 10 58 92 58
4 8 73 17 29 2 51 20 64 78 20 100 53 62 9 43 48 35 30 44 30 21
12 30 54 91 96 63 1 86 4 55 97 30 23 92 41 80 65 34 99 60 60 88
41 20 1 76 95 22 82 12 80 23 4 82 60 71 57 47 20 94 38 97 35 99
28 75 37 46 33 7 73 68 12 32 81 57 11 66 41 21 53 51 29 8 70 49
70 10 69 11 92 7 72 90 95 10 2 81 22 34 54 8 20 9 47 83 11 95
47 59 42 53 20 99 62 79 92 48 17 62 17 23 95 88 1 34 33 96 32 3
28 17 71 57 100 39 8 4 46 56 82 66 72 26 98 24 5 85 56 30 69 15
91 31 74 99 81 56 54 7 33 9 61 95 72 63 5 20 19 18 13 87 22 83
60 79 97 75 50 2 18 26 92 86 8 13 77 51 68 17 81 11 86 33 96 100
75 5 20 27 32 55 90 78 35 79 2 18 87 25 10 44 25 44 98 97 74 85
59 36 85 98 90 17 84 65 26 74 54 43 15 74 2 92 19 35 31 37 14 85
97 19 20 47 36 55 62 58 96 26 62 30 21 27 78 52 8 47 83 21 88 69
82 15 23 56 26 71 16 91 9 86 34 48 69 11 10 36 58 92 15 75 98 23
28 52 86 44 65 57 91 16 61 51 43 71 78 13 3 40 88 44 29 62 57 53
24 20 59 47 11 12 37 56 15 69 10 95 83 8 57 25 74 69 19 82 51 42
91 16 75 66 52 43 31 19 87 19 13 95 8 97 2 62 18 92 1 26 78 81
2 59 48 30 36 20 42 3 72 48 34 47 78 73 18 11 22 19 14 74 15 76
3 6 64 56 61 56 5 15 74 7 57 23 90 11 64 70 54 39 43 29 14 5
30 60 45 76 10 64 45 93 69 6 52 83 72 8 96 55 60 11 26 78 65 61
15 3 18 91 57 82 88 86 54 34 83 11 44 77 79 99 25 21 35 37 75 99
86 2 66 86 45 89 91 50 92 95 98 61 11 1 54 68 99 64 46 97 75 19
74 5 5 16 45 91 28 51 16 38 76 89 59 24 49 73 14 90 70 17 19 2
31 42 52 1 30 77 15 78 8 51 60 35 84 97 63 63 79 49 89 78 92 98
96 82 64 70 54 92 11 9 83 6 95 13 35 30 27 12 80 94 6 84 30 18
51 42 75 44 70 22 92 62 16 71 41 33 32 47 10 12 60 81 9 99 31 34
34 77 37 27 83 2 17 20 57 68 41 64 93 67 74 53 11 81 89 46 79 30
53 77 38 99 29 100 19 79 63 44 20 16 59 74 84 94 32 99 3 16 77 85
6 11 22 96 19 89 97 75 69 71 41 54 68 5 34 64 84 6 95 33 66 17
55 63 6 62 96 48 73 42 40 31 47 14 2 40 53 9 4 7 18 51 90 10
30 22 28 93 96 23 35 53 5 24 92 28 69 97 10 21 67 61 21 30 22 74
42 5 62 28 73 52 92 80 42 52 49 84 11 10 68 24 1 28 10 49 5 86
72 82 9 12 33 21 96 95 15 55 51 89 71 6 95 58 46 59 35 60 39 3
19 86 23 46 46 72 30 12 27 82 11 84 79 62 59 41 84 55 55 26 6 14
25 19 99 49 32 10 10 51 23 49 67 29 97 3 13 54 60 6 11 70 84 32
62 74 61 78 6 12 69 1 39 29 4 8 56 5 8 72 90 98 95 38 63 92
56 55 15 84 96 53 48 60 94 15 81 85 84 99 44 52 20 20 60 47 45 64
57 100 3 27 11 88 20 70 24 48 50 21 56 61 40 89 72 78 63 95 21 48
31 95 49 94 84 91 46 88 23 82 73 16 66 71 11 52 39 20 1 25 18 51
53 69 45 14 35 22 10 3 36 95 32 65 66 5 72 9 42 97 7 98 66 74
98 72 92 90 76 59 51 61 91 28 55 95 99 9 11 45 81 66 28 25 97 31
98 30 48 31 81 37 79 8 42 83 53 66 81 83 78 90 97 99 6 70 35 29
57 66 21 89 82 6 82 97 74 14 7 76 30 95 13 38 12 100 66 1 54 50
36 1 25 65 60 51 33 86 19 90 22 2 29 88 93 53 57 93 42 11 14 97
93 85 91 53 83 18 2 76 34 81 64 66 38 83 80 71 20 52 87 81 72 71
24 47 23 10 97 10 31 9 65 22 94 61 87 28 20 30 61 85 16 12 32 43
21 81 6 60 61 21 6 56 70 13 7 51 35 85 25 66 93 24 1 100 59 31
93 18 16 24 10 3 16 24 13 48 59 36 14 36 62 49 50 33 34 12 8 66
60 27 62 21 100 40 29 100 81 7 3 8 35 84 46 68 43 23 57 71 13 90
21 12 7 29 37 85 26 39 18 67 16 31 41 17 39 54 27 15 55 57 77 60
30 25 48 68 58 38 65 96 7 1 80 47 82 55 97 63 19 79 69 60 81 53
25 19 43 44 50 26 14 92 6 58 44 41 83 13 15 30 8 95 19 77 26 70
97 98 54 14 4 29 35 55 68 54 71 51 70 1 35 75 51 65 52 40 87 92
73 18 23 73 54 78 74 41 8 71 72 75 43 47 98 71 69 25 52 93 66 67
7 94 63 63 59 63 68 39 45 56 51 74 47 51 64 7 15 54 9 61 3 16
83 81 47 5 36 32 86 98 7 3 11 15 74 66 57 5 34 31 88 74 81 22
15 79 5 14 21 61 3 21 74 49 44 45 72 30 29 28 10 28 86 80 42 57
98 4 32 79 66 81 34 37 46 75 83 40 92 12 8 34 19 73 96 38 40 5
88 7 96 91 17 12 64 10 13 25 69 82 85 88 78 14 14 57 84 46 93 7
98 52 43 53 17 28 69 65 97 55 83 52 3 21 84 2 32 70 30 23 70 93
27 27 59 49 51 49 67 97 17 39 26 91 22 74 33 100 99 40 42 71 25 18
73 43 90 17 71 95 16 84 55 65 23 62 66 87 15 23 76 57 5 98 48 53
36 16 9 75 17 9 61 36 22 43 20 6 59 55 53 40 99 6 4 32 73 44
33 64 57 60 6 36 26 57 79 78 66 73 95 39 22 95 59 62 62 19 68 25
78 25 66 41 24 92 37 49 65 15 60 14 34 1 46 16 95 56 72 100 7 20
18 5 46 26 20 53 44 65 30 94 43 69 81 49 94 59 10 14 93 82 49 13
60 29 46 24 71 24 96 67 55 83 4 75 71 87 99 60 75 39 83 49 87 84
30 22 72 21 98 100 43 69 79 68 71 6 30 82 41 65 71 78 6 64 36 49
70 51 21 78 23 66 83 95 22 71 93 89 13 53 83 56 92 6 5 12 91 39
65 97 72 64 87 41 41 35 84 7 43 82 1 73 24 59 46 23 10 64 17 12
26 47 33 65 43 16 64 65 44 85 86 38 13 73 95 57 45 29 50 81 63 62
86 73 32 10 78 50 9 50 38 81 63 36 85 44 13 35 57 36 71 23 30 85
32 60 4 44 7 69 76 4 87 89 89 82 10 61 33 37 64 14 87 27 4 89
51 40 75 39 34 49 38 29 66 20 39 40 99 64 32 17 53 100 46 86 66 74
20 18 38 26 38 70 83 42 42 62 44 37 60 50 67 84 18 13 98 51 10 60
81 2 80 52 69 22 97 68 56 62 47 4 92 8 8 56 74 25 5 36 6 11
89 54 3 41 65 96 45 97 96 16 67 18 22 51 20 55 22 27 31 48 49 68
94 68 31 28 73 83 78 92 11 43 81 26 41 91 14 1 49 41 7 58 48 59
31 83 64 22 57 64 72 43 14 79 80 3 97 76 73 94 30 1 88 55 78 72
77 96 52 1 19 9 84 26 63 39 18 87 15 12 42 38 55 7 53 6 8 48
12 14 53 86 9 93 97 23 100 18 22 44 80 61 51 67 68 65 14 85 86 18
49 52 5 60 89 11 41 80 67 50 56 51 69 1 49 88 39 11 84 67 36 96
10 1 64 32 96 64 13 82 68 49 18 54 55 16 34 1 75 97 25 40 92 67
100 52 48 67 92 5 82 3 7 3 80 94 80 75 58 56 87 82 69 44 37 100
49 92 59 79 12 51 11 2 63 98 92 81 57 35 24 51 50 4 16 71 19 46
35 46 81 67 71 51 21 15 13 33 3 75 82 74 27 21 47 38 98 46 61 60
35 53 40 96 70 14 81 42 13 18 85 22 21 19 84 5 46 97 22 9 74 43
79 73 40 54 58 65 6 12 21 85 97 9 33 32 85 32 70 7 6 7 34 62
35 3 15 98 9 85 13 16 68 44 67 70 95 41 16 84 20 92 65 75 64 99
95 31 25 38 16 74 68 26 51 14 86 60 100 20 43 74 23 60 19 19 63 37
92 75 11 72 92 50 36 28 35 95 40 63 63 56 28 37 83 33 96 62 90 18
59 98 51 32 91 12 40 55 11 84 63 85 25 34 61 1 7 61 37 99 48 59
7 68 5 54 7 70 73 3 18 20 70 19 68 74 63 64 13 45 83 38 22 75
21 44 21 11 60 22 42 14 27 73 53 10 85 2 1 45 53 21 90 28 86 54
95 31 2 15 18 38 87 41 81 32 22 4 40 22 93 90 49 63 70 95 78 37
74 2 86 99 94 45 69 89 54 70 67 16 19 61 83 72 94 81 33 35 9 95
13 35 46 10 37 40 43 14 89 34 24 87 12 64 58 79 42 28 13 7 76 71
78 2 42 18 44 75 3 82 31 20 88 45 81 93 18 89 10 41 95 12 62 57
83 80 15 77 91 45 50 50 41 60 5 6 49 87 4 89 49 92 63 44 9 15
35 59 52 77 73 48 60 74 5 96 21 81 46 28 27 44 41 25 90 51 90 32
7 75 5 40 74 65 67 17 6 28 18 93 8 44 66 24 74 36 29 26 57 97
82 25 95 39 75 40 62 55 90 31 67 45 38 94 77 13 41 90 87 83 47 95
19 63 72 3 82 31 62 35 83 64 95 100 79 96 9 86 57 61 17 53 43 31
79 35 16 58 55 21 58 39 30 47 1 21 79 78 56 35 1 43 94 38 89 61
