10
5
87 28 61 55 50 94 25 51 46 24
64 14 44 75 81 89 83 11 6 88
26 24 38 30 56 77 49 15 62 36
35 23 69 2 62 26 41 79 39 3
45 68 55 31 24 76 66 15 41 8
65 58 38 78 82 55 19 77 55 80
41 66 78 87 93 22 88 17 42 90
6 44 79 71 34 29 58 59 94 31
70 35 3 61 17 47 8 45 4 82
28 86 5 70 94 65 1 34 65 91
36 58 51 95 57 28 71 100 4 29
37 97 71 91 91 8 30 5 45 71
11 30 49 92 67 41 10 99 52 61
99 64 31 5 12 16 90 65 31 98
16 94 28 53 83 3 42 99 96 91
98 73 41 58 68 3 67 100 86 59
18 69 10 19 64 76 13 54 41 16
69 23 63 7 24 70 3 89 40 82
33 13 40 85 39 99 60 95 11 65
12 60 57 73 90 76 76 14 96 99
72 39 9 72 64 90 57 19 46 2
41 56 43 34 5 75 37 15 97 11
17 80 39 69 12 33 1 34 19 6
28 37 39 8 23 26 16 33 64 76
9 43 97 99 71 16 45 29 12 22
90 61 33 10 49 6 58 98 52 24
93 82 83 43 16 44 99 62 95 61
71 61 90 79 54 76 95 69 62 81
93 28 37 41 1 77 15 96 81 58
82 14 63 83 91 6 8 77 32 85
39 93 11 27 90 5 19 62 44 9
25 4 24 31 68 43 73 40 25 53
91 34 85 77 100 100 48 43 17 60
14 45 80 10 22 63 3 69 14 58
24 67 16 52 87 96 19 56 57 25
55 92 73 31 43 17 100 21 45 76
79 27 6 89 20 8 61 58 17 82
7 38 22 51 43 2 88 4 21 22
87 83 34 60 64 24 14 72 2 22
61 96 99 95 13 78 91 55 97 28
21 4 42 64 70 66 9 75 41 91
25 4 33 28 74 79 67 11 68 30
47 23 5 57 51 82 64 82 43 70
48 74 3 32 7 6 43 60 45 14
22 68 70 16 96 84 56 98 10 38
68 36 63 22 57 40 47 79 24 55
71 83 70 7 42 97 75 72 26 75
37 68 77 96 29 1 89 50 33 50
22 81 11 42 41 35 28 32 85 49
27 78 75 71 12 16 46 61 17 82
