16
5
11 66 78 79 55 72 58 85 83 74 26 49 91 51 9 15
2 62 57 17 97 67 51 4 81 98 83 29 7 87 68 23
38 98 31 54 28 41 6 8 69 37 1 12 16 39 31 20
19 83 75 33 19 55 67 38 68 68 79 10 21 3 37 90
87 29 1 11 49 27 35 12 13 11 80 38 58 7 28 70
16 66 100 38 35 55 66 5 1 98 55 24 22 60 39 41
43 44 33 20 49 76 91 8 62 12 95 36 2 78 32 76
30 78 75 5 76 98 25 76 88 74 80 65 62 95 18 87
70 60 85 44 24 6 81 98 49 36 99 16 33 46 48 67
2 55 54 86 52 60 24 80 66 54 89 7 42 72 74 31
73 16 100 2 95 27 89 60 50 2 13 12 35 88 43 99
41 85 78 7 35 87 21 78 19 68 14 66 54 20 75 4
8 74 57 62 22 23 28 88 48 2 18 78 44 92 23 65
86 64 36 35 56 71 37 38 38 16 15 53 5 78 80 77
21 68 2 69 68 88 18 73 27 42 74 32 98 23 84 66
67 1 7 27 64 89 59 93 80 30 27 95 55 48 6 96
26 32 100 1 49 56 81 24 62 6 75 64 74 17 20 45
97 22 44 20 91 45 98 12 26 8 85 75 17 31 59 91
81 96 20 29 13 96 88 76 71 71 62 17 33 72 53 24
65 21 7 70 37 64 14 99 27 97 16 43 3 15 70 36
9 62 83 82 95 14 65 63 43 86 9 85 81 45 17 96
60 24 88 97 23 86 45 24 34 45 5 84 17 3 98 78
91 44 18 18 42 71 54 17 4 76 30 46 78 99 75 68
35 58 16 49 59 58 44 89 67 47 70 30 49 61 27 61
44 9 30 98 41 29 96 51 32 95 35 12 69 70 7 19
41 93 74 15 29 55 23 21 45 45 49 98 53 85 57 25
85 69 18 50 91 62 98 78 97 60 70 6 49 69 99 85
54 46 55 12 17 68 62 33 15 84 60 48 20 51 51 59
100 38 58 76 82 55 100 61 89 7 59 40 38 7 81 62
17 97 29 72 55 58 100 65 75 60 59 56 28 21 30 54
62 87 13 59 68 62 60 29 4 79 23 20 25 1 93 33
10 86 6 98 31 91 32 92 50 27 65 64 77 53 26 43
14 18 31 21 94 48 92 15 38 94 23 54 62 27 21 80
7 1 91 80 32 64 83 98 85 36 93 6 13 88 9 12
86 59 27 95 94 62 67 39 59 7 81 29 80 9 27 52
48 55 92 39 35 83 12 82 92 69 44 60 39 66 29 54
90 88 79 83 41 67 92 26 8 49 7 49 37 84 30 16
4 1 92 76 16 76 41 100 25 59 73 100 21 4 97 26
67 3 71 27 34 67 33 89 75 41 87 19 92 79 88 8
61 18 37 52 41 55 46 64 41 82 84 22 25 3 6 25
93 47 7 97 82 73 7 12 25 6 29 41 65 3 67 61
56 6 6 1 55 76 74 92 98 11 32 50 100 47 33 74
53 19 16 44 33 30 88 15 39 12 44 99 10 45 15 77
67 99 95 67 30 13 72 66 2 28 4 79 10 74 72 51
47 48 39 79 76 22 82 64 94 95 87 54 95 74 66 54
6 53 92 90 8 21 45 21 74 32 84 48 77 78 92 66
59 29 16 73 76 17 37 31 56 82 65 54 49 63 64 88
79 92 47 46 81 93 33 86 46 6 10 86 42 32 49 34
69 34 9 94 14 40 71 4 43 49 54 16 66 72 74 3
63 74 89 61 85 20 76 89 16 90 21 38 49 68 95 60
70 39 26 9 48 16 34 98 48 31 12 90 54 24 49 42
54 87 73 89 43 37 25 28 40 6 56 28 88 65 75 71
26 46 54 60 16 9 89 3 59 19 57 19 6 34 87 1
31 30 73 67 72 12 12 7 46 18 1 90 76 85 4 66
42 54 48 74 5 6 22 75 21 78 57 60 89 73 14 66
32 2 10 30 82 91 15 20 14 4 20 27 13 51 6 5
53 91 72 14 49 57 73 97 4 89 75 37 72 61 39 22
83 82 48 91 100 8 48 4 91 76 13 54 33 80 68 76
83 12 70 30 55 27 10 14 84 28 25 15 67 22 100 46
71 81 57 18 94 93 92 57 36 31 60 34 94 95 56 32
27 89 7 79 15 86 21 54 72 33 70 84 58 23 82 76
85 93 6 12 41 98 98 46 31 74 91 9 90 70 60 83
65 56 12 26 50 15 4 72 32 100 56 96 38 29 41 30
87 16 12 30 20 72 68 53 20 94 7 71 42 45 9 11
45 88 41 29 39 57 50 1 42 15 73 71 31 60 92 57
20 49 82 71 58 4 100 80 74 45 34 79 78 81 10 11
43 42 91 59 19 17 82 48 71 34 97 34 56 40 61 83
70 53 12 88 66 58 82 72 24 22 78 87 39 36 92 56
2 77 11 71 85 25 35 49 8 73 63 60 28 84 58 53
27 66 52 60 62 82 95 67 11 87 72 20 90 11 53 49
9 88 65 20 94 88 70 72 17 32 42 62 71 29 61 79
36 89 9 47 19 39 43 81 24 21 82 92 62 69 25 82
38 63 76 83 7 17 82 57 30 56 66 89 55 15 100 8
77 96 82 83 34 73 57 68 36 41 37 81 39 58 29 35
35 12 39 62 77 1 80 42 41 55 71 1 30 52 44 12
99 75 67 57 16 5 72 89 63 1 53 87 37 57 48 21
31 49 62 14 95 79 40 76 31 37 35 12 43 47 86 45
53 46 28 74 74 95 6 86 31 66 53 100 23 89 41 6
71 14 25 50 81 3 68 33 15 84 31 74 13 47 34 15
80 85 39 30 84 53 98 12 33 1 78 52 93 4 9 32
