16
5
5 4 15 10 18 20 14 17 8 5 13 15 4 8 11 5
17 16 14 8 15 18 1 10 7 6 11 20 16 1 2 10
13 4 19 9 12 17 20 11 5 14 5 15 3 12 20 20
15 4 6 16 16 1 5 4 10 8 17 8 10 16 13 7
15 19 20 12 8 5 17 19 15 15 16 1 5 19 10 12
13 9 19 1 19 1 19 8 7 8 7 17 9 10 4 13
2 7 4 19 15 11 2 5 11 12 8 18 20 7 1 18
7 19 3 7 7 17 6 11 1 10 13 15 12 6 8 7
8 10 9 1 9 11 11 11 19 2 5 2 6 17 3 14
9 18 15 6 10 6 3 15 17 4 11 4 1 3 19 10
20 3 5 12 19 1 10 11 7 11 13 15 14 13 6 9
16 18 7 11 17 2 7 9 15 15 13 12 17 16 17 18
13 10 14 16 19 15 5 8 12 10 9 5 6 11 11 2
5 5 10 4 11 12 17 9 10 1 12 17 2 1 8 4
9 14 6 2 19 20 11 11 14 3 13 6 1 9 19 16
13 1 13 15 13 6 11 14 16 9 8 2 3 10 8 10
4 8 4 3 7 2 4 1 20 17 15 6 20 19 18 15
12 16 7 9 4 1 15 11 17 12 15 11 9 9 13 6
11 4 13 15 5 5 13 12 17 18 13 3 1 19 1 8
5 2 20 2 3 14 5 2 11 5 10 9 7 15 9 11
5 3 7 8 7 10 16 5 1 6 13 13 12 19 9 17
10 19 10 6 18 6 14 8 15 15 11 6 12 1 5 6
11 18 11 4 11 17 1 18 11 12 4 9 2 8 12 11
17 8 2 2 19 8 12 20 4 16 4 7 13 4 7 10
11 13 9 15 16 3 11 18 5 16 12 14 1 1 4 6
9 14 9 14 18 7 10 4 17 5 9 15 16 4 12 1
18 17 10 8 3 10 4 4 1 16 2 5 20 6 8 19
10 4 3 10 10 18 17 13 7 6 2 17 11 16 9 17
4 7 16 7 9 11 19 17 18 5 6 12 16 11 2 12
6 11 1 18 12 13 1 2 7 13 7 15 17 8 19 10
18 15 12 6 3 14 11 19 13 10 17 20 2 2 7 10
2 15 18 17 19 11 6 4 2 14 8 1 14 3 2 14
14 7 3 1 11 9 8 4 19 18 6 15 1 17 2 12
15 3 17 10 5 5 2 20 11 12 7 1 6 1 13 10
7 4 3 1 4 8 18 6 12 6 20 13 2 12 11 10
15 18 17 2 2 11 2 2 10 12 9 4 13 4 18 20
11 17 8 10 2 5 2 17 6 17 4 15 12 3 1 16
7 2 14 8 9 3 13 3 11 10 10 2 15 1 13 18
9 17 4 14 12 11 8 17 6 6 18 7 20 7 5 16
16 12 8 15 14 19 19 9 12 2 10 15 8 3 3 17
14 4 7 3 2 10 7 19 13 2 6 12 4 20 3 2
3 14 14 4 12 1 9 9 10 9 12 16 19 18 19 16
15 19 3 17 2 2 11 5 8 1 3 6 19 18 19 9
9 14 6 18 12 18 12 2 11 11 18 18 16 18 7 3
6 8 7 1 15 8 16 7 4 15 3 3 8 11 9 8
11 1 16 10 17 15 14 8 2 7 10 9 14 15 19 10
12 11 4 6 1 2 17 1 3 13 9 15 7 20 4 18
17 11 19 18 14 6 2 7 6 15 13 4 13 1 16 17
7 10 4 17 7 13 6 11 11 16 7 2 14 7 12 10
16 3 19 4 14 20 1 15 13 3 15 7 13 4 16 4
14 19 16 15 20 19 3 2 3 12 16 18 20 3 5 18
6 15 9 3 15 20 11 4 18 16 1 3 16 13 11 11
11 8 18 17 8 14 4 14 19 12 19 6 18 10 7 4
9 17 19 19 7 14 19 9 9 6 8 4 8 5 1 14
11 20 7 12 11 19 5 9 19 15 13 3 9 4 11 3
6 18 14 6 9 15 19 19 4 2 8 6 5 20 11 9
8 13 2 14 9 8 15 4 19 3 18 3 18 6 9 14
16 18 8 10 20 14 16 15 18 14 6 11 17 11 2 16
19 3 8 5 14 5 5 10 3 12 7 3 6 11 15 12
14 9 19 6 18 9 15 18 11 11 11 16 12 3 12 7
18 11 17 18 16 5 1 1 6 14 11 19 11 1 10 11
10 12 3 1 4 14 17 2 20 10 17 3 9 5 15 7
16 11 7 3 3 19 1 13 4 4 5 18 9 10 20 17
7 7 14 19 9 13 14 12 12 19 1 8 16 20 14 8
6 12 11 5 20 1 4 17 18 5 10 1 8 2 18 20
6 1 19 6 19 3 11 13 14 20 11 10 9 16 5 15
10 3 3 9 6 18 12 6 7 9 8 16 12 19 6 12
2 11 20 7 8 13 1 9 17 2 8 10 8 6 2 17
8 9 15 2 16 10 1 18 11 19 14 20 16 19 13 8
20 16 6 8 1 16 17 15 8 1 9 5 4 15 13 2
10 18 2 6 6 4 11 1 19 16 7 17 6 13 13 12
13 11 10 5 8 10 2 14 11 10 20 20 2 12 3 11
6 6 4 7 17 8 15 6 19 14 19 3 18 5 19 18
10 8 19 16 2 16 18 13 7 13 17 2 16 14 20 4
19 18 12 19 12 11 20 19 8 7 7 14 18 9 12 5
6 10 18 16 7 16 6 20 17 8 18 17 19 20 10 8
12 16 15 11 4 6 17 12 18 8 1 19 11 13 20 19
20 10 16 3 16 6 9 8 12 16 14 11 17 1 7 18
9 11 11 1 3 6 2 7 13 10 7 4 13 20 11 16
13 6 8 4 4 3 17 12 1 2 6 5 1 5 13 2
