22
6
5 2 8 15 14 12 5 20 9 17 11 3 17 5 18 4 18 1 17 7 9 4
7 8 1 3 17 1 9 4 11 18 14 16 5 4 14 13 16 4 10 5 12 10
1 8 16 3 7 11 11 12 5 1 7 19 6 1 4 7 13 10 16 9 9 10
3 10 14 10 4 19 10 9 19 14 9 3 6 3 15 17 5 10 10 9 16 16
3 7 3 10 3 4 16 1 10 9 7 20 10 3 10 8 13 11 8 6 13 13
8 3 1 5 13 15 9 1 15 17 20 15 17 9 20 4 18 10 5 13 15 13
2 1 4 20 19 9 8 7 20 18 8 17 20 11 19 1 20 11 14 5 14 3
17 20 2 17 16 17 4 17 9 13 14 5 6 1 19 9 16 5 3 19 9 10
15 12 6 4 10 19 7 19 3 14 15 11 17 20 17 8 6 11 12 19 12 3
7 20 12 11 17 10 12 2 6 5 20 2 15 16 6 7 8 8 16 12 17 18
19 8 10 3 8 12 19 20 5 13 10 11 15 19 5 4 10 13 18 2 6 11
6 1 20 16 16 18 13 7 15 10 12 13 5 3 9 16 9 3 14 18 9 9
4 16 10 16 16 9 20 12 5 8 15 9 7 9 1 15 13 17 4 19 4 12
9 9 6 3 10 11 17 4 9 2 2 11 2 18 5 6 7 6 6 13 15 11
11 4 18 17 17 16 2 13 4 13 4 18 19 8 14 14 18 7 2 8 7 10
8 19 16 14 6 20 9 12 15 15 3 2 18 20 10 8 16 4 8 11 15 14
10 8 1 6 12 9 13 13 19 2 11 11 5 1 6 20 15 3 8 7 12 1
6 7 20 17 4 13 9 7 9 10 6 10 18 15 17 1 17 10 6 10 20 6
11 14 12 9 1 18 14 3 7 13 11 16 4 5 5 15 9 16 4 9 19 5
7 4 19 2 9 20 7 19 3 18 12 18 14 9 3 14 14 4 11 18 4 4
5 17 13 11 11 17 6 6 6 5 9 9 14 17 17 15 12 2 18 6 10 11
14 15 15 9 10 19 7 16 3 7 14 20 19 7 14 17 13 14 15 13 16 2
19 7 14 8 16 13 8 1 17 18 18 7 17 17 9 20 6 18 4 14 5 17
6 6 13 17 7 2 18 12 10 6 13 1 15 6 14 9 6 19 5 2 2 16
11 6 13 18 18 9 19 2 17 9 10 12 2 8 3 3 6 4 16 19 2 12
15 4 13 1 9 7 14 18 16 4 19 17 10 4 15 6 12 3 10 9 1 12
1 14 12 9 4 19 16 1 4 4 7 16 18 8 13 19 16 5 15 19 4 11
16 18 15 13 9 17 11 11 6 13 10 11 4 2 19 2 2 6 17 11 18 19
7 3 8 16 12 10 8 20 10 1 12 14 7 3 11 11 15 2 6 5 14 18
16 15 15 13 15 1 20 3 4 10 10 16 17 2 15 18 14 1 5 4 16 10
13 2 1 16 12 13 11 2 14 20 3 20 12 15 16 11 5 13 3 2 13 20
16 16 15 2 3 15 3 16 10 4 19 10 11 17 19 4 9 15 8 14 16 18
17 19 12 5 10 13 5 9 13 19 7 12 4 11 6 20 7 15 7 13 19 10
9 11 3 20 19 8 10 15 15 12 20 19 15 14 8 14 7 8 1 19 1 11
4 4 12 10 1 20 19 15 13 2 6 10 11 15 5 2 9 20 10 10 20 9
12 3 5 3 5 16 5 14 7 8 2 15 1 15 12 1 18 20 3 8 14 16
18 19 19 12 8 12 13 11 8 20 4 16 12 3 16 5 14 19 8 20 13 3
19 20 10 15 18 18 7 7 13 9 15 6 2 12 12 4 9 20 20 9 20 9
8 13 20 6 18 7 20 20 13 7 7 18 19 6 3 8 5 6 19 11 10 5
16 9 4 18 6 14 5 2 1 19 5 20 12 13 19 11 1 1 10 16 20 4
6 6 8 19 3 5 13 8 19 5 16 2 1 7 13 3 16 3 14 11 13 8
2 14 14 11 17 20 4 9 2 2 6 12 8 13 6 8 10 10 12 9 3 9
2 8 14 15 13 1 1 8 4 18 19 6 14 11 20 2 7 12 12 15 3 12
7 1 11 18 8 13 4 14 15 10 1 3 7 10 20 19 11 16 13 20 18 10
13 17 15 3 12 6 18 6 18 15 1 8 7 18 15 15 8 9 11 8 13 16
15 2 19 2 7 2 18 2 11 9 8 5 7 16 14 8 6 7 9 13 8 1
11 12 10 13 15 13 13 12 17 16 9 15 5 13 16 1 7 12 13 1 20 20
8 10 16 4 11 3 15 7 14 16 6 16 16 16 16 18 16 4 11 8 1 16
1 14 3 12 14 20 9 4 3 1 15 8 8 7 16 12 17 18 19 5 11 14
11 5 16 2 19 17 9 10 10 14 12 10 19 11 19 5 6 1 3 9 3 7
6 16 10 18 3 9 3 5 9 20 5 5 10 20 3 12 3 11 14 9 10 8
18 7 6 6 2 7 8 12 7 11 16 5 5 4 10 11 12 7 11 13 16 9
16 6 15 10 18 19 20 8 18 18 7 12 15 7 13 2 1 13 12 16 14 13
7 3 11 9 5 3 9 7 1 12 11 1 5 18 7 15 16 9 11 3 2 16
17 13 5 7 4 4 8 5 6 15 16 15 8 8 4 8 6 13 10 7 10 10
16 11 6 13 10 5 4 17 7 16 12 2 11 13 3 15 1 7 14 16 17 19
7 15 13 6 10 4 4 1 15 19 1 4 15 20 16 15 9 1 18 5 15 17
9 19 15 4 1 18 17 6 12 19 8 8 15 17 15 12 19 10 9 18 4 14
13 10 6 15 11 19 8 12 11 10 1 13 15 4 20 5 1 17 3 20 12 13
4 7 8 15 6 6 5 6 16 6 17 8 2 10 9 2 4 3 1 17 6 4
4 3 9 19 9 20 2 7 14 7 8 11 1 7 20 11 10 8 8 13 2 12
12 13 11 4 4 7 5 12 15 12 13 19 17 7 15 10 8 16 8 9 5 19
18 18 10 12 17 7 6 4 8 4 15 15 3 16 19 13 9 20 17 19 2 18
2 13 10 17 16 5 10 3 10 18 7 9 15 12 1 2 3 9 13 11 6 20
8 17 20 5 15 7 19 2 3 6 19 18 3 8 14 20 6 3 16 8 18 3
13 1 13 5 4 7 18 10 19 7 16 15 19 15 12 3 9 7 20 10 12 6
7 1 13 12 4 8 11 12 19 20 10 4 19 2 18 14 6 7 14 16 19 13
18 17 4 4 1 8 3 17 15 20 14 3 11 17 13 5 7 15 9 4 6 13
18 16 18 15 15 17 7 15 8 4 3 11 20 5 19 20 1 6 18 6 14 5
20 10 8 15 13 1 7 15 17 2 2 8 9 12 13 16 19 4 6 5 7 4
6 16 9 3 6 14 8 3 1 16 4 13 17 13 7 14 15 9 6 2 9 13
10 4 3 9 18 13 7 6 10 9 20 18 9 9 6 13 19 14 5 4 1 6
14 12 6 3 9 3 15 4 20 17 16 14 17 12 13 4 16 8 2 1 7 10
12 12 2 4 9 16 12 3 12 4 6 4 9 2 9 20 8 8 17 2 3 18
9 19 6 9 6 6 15 9 15 14 2 13 1 19 18 14 2 3 14 14 12 15
10 6 4 15 17 10 16 9 7 5 12 9 11 14 12 8 9 11 13 19 8 13
5 2 8 12 10 4 7 19 12 16 7 2 11 3 8 1 19 2 5 3 14 7
11 5 16 12 20 9 13 18 10 11 10 8 3 14 9 16 17 17 10 13 3 19
14 13 2 10 20 6 18 7 1 6 9 12 11 14 6 19 3 4 10 8 14 20
19 14 5 9 18 6 8 13 1 7 16 20 6 18 4 16 14 20 6 16 20 8
5 19 11 17 4 15 6 12 8 11 20 6 11 19 19 5 8 15 18 12 11 15
2 11 19 9 1 13 15 19 8 19 1 19 4 6 5 13 9 18 6 13 17 9
2 10 13 4 16 1 15 11 8 4 3 10 3 13 15 6 7 18 9 15 11 1
16 14 9 2 19 15 6 3 16 17 14 19 10 14 11 3 15 7 11 16 16 20
14 9 2 6 20 7 11 20 8 13 5 20 1 16 10 14 5 10 16 10 2 2
9 3 4 13 19 12 2 16 4 10 17 18 4 7 4 4 6 8 12 12 1 20
12 15 10 8 4 13 8 4 18 4 4 6 19 15 7 18 7 18 6 3 14 16
19 18 9 8 20 16 20 20 17 3 10 2 4 1 18 18 4 19 17 17 20 11
2 11 11 9 6 17 12 12 8 18 18 15 1 3 12 16 12 11 4 9 12 12
7 13 8 11 20 9 16 1 11 9 12 3 20 16 4 1 4 16 6 15 19 9
14 17 7 19 13 9 16 9 8 2 1 5 7 6 1 9 12 3 5 13 17 9
1 15 17 6 7 1 7 1 17 4 18 8 8 16 10 8 8 8 14 13 6 16
19 18 3 3 12 15 5 9 1 18 3 17 1 3 10 3 9 2 9 16 5 20
15 14 12 13 17 16 4 9 18 14 4 20 6 14 15 7 9 1 5 18 20 10
4 5 8 1 13 10 2 19 9 5 11 17 9 10 2 17 4 9 10 6 11 6
7 8 2 19 18 6 5 1 16 16 15 20 2 16 20 3 6 3 13 3 18 2
2 13 18 10 18 14 14 10 17 7 18 1 20 19 18 2 13 7 8 19 20 6
18 18 20 11 18 20 12 14 2 2 1 19 6 15 9 13 18 8 17 2 17 13
9 9 14 16 20 8 7 18 1 9 5 2 17 9 7 8 8 6 13 19 9 2
15 5 16 5 12 7 10 16 17 16 19 15 15 11 3 2 7 12 14 19 18 8
8 17 16 8 2 4 20 8 11 13 19 13 5 5 2 16 13 12 14 13 5 8
6 13 4 6 20 13 15 10 20 17 4 10 11 6 8 10 8 12 20 4 4 12
15 10 12 4 6 19 20 12 3 9 12 19 19 13 4 1 8 4 20 4 5 8
3 17 4 20 8 14 11 8 4 12 13 4 10 14 10 17 6 4 19 11 18 17
10 10 4 14 1 12 7 14 10 14 6 4 15 5 16 18 8 13 14 6 6 15
19 13 1 13 20 13 18 6 18 7 5 7 3 11 11 10 17 10 5 13 8 18
13 10 1 17 6 10 6 6 19 15 2 4 5 10 3 14 7 6 1 12 18 17
19 1 16 17 20 20 17 13 6 12 12 16 5 19 11 8 17 20 1 16 20 3
11 18 3 14 15 16 5 7 19 1 5 2 19 10 20 14 15 15 6 17 4 19
8 4 8 17 6 13 18 6 7 10 8 18 3 13 3 16 4 17 13 20 14 20
10 11 7 3 8 14 18 8 8 14 20 19 4 6 13 5 2 6 20 15 7 14
5 18 9 17 11 1 19 13 7 2 19 15 17 2 5 14 18 11 9 18 1 2
16 3 13 3 18 6 17 3 6 6 8 20 15 19 17 12 10 15 20 14 11 16
19 1 5 3 19 12 17 18 19 15 14 8 6 4 2 3 14 14 20 7 3 13
3 3 1 4 8 20 12 17 18 4 5 1 14 7 8 5 14 11 11 9 4 8
19 4 8 3 2 17 6 9 11 15 9 11 4 18 13 9 18 19 6 1 8 16
18 8 15 1 9 19 2 6 3 5 7 5 20 3 20 11 11 2 20 4 18 15
17 2 12 2 9 12 7 6 17 4 11 4 16 7 14 7 17 11 10 4 9 15
17 7 2 12 15 7 6 6 3 5 7 20 10 20 5 10 14 1 11 13 5 14
18 1 9 7 4 16 2 2 18 1 13 19 8 14 6 6 5 14 14 13 5 2
4 20 11 7 1 12 6 2 7 2 15 1 19 6 18 16 18 16 12 3 17 6
7 20 9 19 12 19 17 15 18 2 2 15 1 15 3 18 4 7 16 20 6 20
10 13 3 1 16 5 1 4 12 7 18 16 2 5 13 4 9 19 13 3 11 16
18 15 11 10 19 9 7 2 8 2 14 16 10 1 6 1 20 11 10 9 5 18
6 13 11 18 4 19 20 16 8 12 20 13 16 20 4 6 1 10 13 8 19 9
5 2 9 15 5 4 16 15 6 12 18 9 4 6 20 15 4 14 18 16 12 5
7 10 20 6 9 2 17 3 5 5 9 16 12 7 13 18 13 14 15 15 5 8
20 10 2 3 12 7 15 20 2 2 3 20 14 9 3 14 20 2 13 20 9 19
15 8 20 15 9 16 19 1 11 5 19 6 6 5 13 20 3 4 9 17 11 10
8 2 15 3 11 10 10 8 6 10 20 4 14 12 19 5 16 11 3 18 11 11
12 20 2 15 12 11 10 8 8 7 8 10 12 7 2 7 9 2 3 6 5 1
14 2 18 4 5 2 17 2 11 13 7 4 16 11 1 13 13 2 19 18 16 2
