16
6
13 18 16 2 1 20 19 8 2 7 2 20 13 13 6 19
5 18 5 20 16 1 2 17 13 20 3 3 15 14 2 9
2 10 16 17 6 2 1 9 6 19 12 16 3 15 5 12
12 10 6 17 18 19 14 10 12 12 13 16 16 13 15 8
4 7 20 18 16 17 12 1 2 14 12 11 3 8 9 20
9 10 13 20 15 2 16 3 10 11 12 8 9 5 11 15
9 18 10 12 14 14 5 15 20 19 19 20 12 19 3 10
1 1 4 14 3 9 17 20 17 6 18 12 14 6 4 15
7 10 1 8 17 8 5 1 1 3 1 11 9 19 4 20
12 16 17 11 8 17 10 14 11 5 13 17 1 12 19 3
14 5 11 6 11 1 8 8 2 13 8 2 12 6 14 19
19 19 6 19 6 11 14 8 18 13 7 19 15 20 5 13
16 20 11 6 11 20 4 6 11 16 3 16 1 1 6 11
19 20 6 4 13 14 3 12 11 6 12 15 18 5 2 4
9 3 10 16 15 20 4 7 12 17 20 9 20 6 2 6
1 11 11 7 1 15 5 17 14 1 12 12 18 6 8 2
2 8 13 12 1 8 14 10 16 10 17 20 4 9 15 10
14 1 8 9 11 2 8 19 16 12 9 5 16 14 8 19
14 3 2 4 11 5 4 6 11 18 6 16 16 8 15 17
20 19 9 1 19 8 7 13 17 9 2 4 9 2 13 18
4 5 17 4 20 12 19 6 16 2 10 13 17 14 12 18
17 6 10 20 6 19 16 7 8 16 7 17 8 6 8 16
13 2 6 14 12 16 8 7 16 10 13 13 13 14 15 5
17 8 6 14 3 17 18 20 5 8 15 10 19 6 12 8
2 1 9 14 20 14 5 7 10 9 15 1 3 12 20 3
9 18 7 17 14 4 11 2 11 10 5 13 16 14 14 9
3 15 5 8 19 7 18 2 5 10 4 11 6 4 14 3
14 5 17 3 11 18 15 18 12 5 17 3 9 14 12 20
14 19 9 14 15 10 19 10 19 15 20 7 10 19 3 8
8 4 16 2 19 12 7 3 1 11 4 18 8 7 12 9
2 11 11 8 4 11 3 8 16 16 7 10 16 20 2 8
11 15 16 2 8 10 15 11 20 10 13 13 7 15 14 19
18 6 9 5 1 10 7 20 10 13 6 15 14 20 3 17
15 13 20 19 13 13 20 10 10 17 12 12 8 20 5 16
13 13 19 8 13 14 13 13 13 19 1 6 15 8 20 18
1 10 1 1 18 2 3 6 5 10 15 6 20 10 10 5
17 2 8 18 13 18 5 9 16 14 5 1 4 2 18 2
10 7 15 9 5 3 6 4 14 4 6 8 10 3 10 14
17 11 2 6 1 4 8 5 17 12 1 20 9 17 13 8
10 14 5 13 20 17 20 10 9 11 20 15 7 6 20 19
9 3 5 18 16 17 14 4 6 3 2 16 2 9 8 11
13 5 8 16 6 1 6 4 6 1 12 15 11 3 13 6
3 5 11 9 18 4 17 7 17 11 1 12 12 20 11 2
4 12 8 10 8 13 20 12 5 15 17 18 6 7 7 20
2 13 13 17 15 19 6 7 15 9 19 19 13 4 7 11
9 12 1 3 3 19 13 7 10 4 20 2 12 19 11 20
8 2 14 4 10 15 3 20 12 10 17 2 9 3 11 9
8 12 4 19 3 19 11 15 15 4 11 5 2 18 17 4
11 1 10 8 7 18 1 4 13 16 14 16 19 18 4 15
14 5 15 6 10 7 14 16 14 16 14 1 9 7 5 20
20 7 14 10 3 8 8 1 14 14 7 20 12 7 6 4
10 20 8 16 12 16 20 15 14 14 1 19 3 4 12 7
3 6 10 6 16 5 12 17 3 4 5 11 1 12 4 4
20 15 20 14 10 6 14 1 1 11 15 5 20 14 1 8
7 5 16 15 12 2 2 13 18 13 7 19 20 8 4 16
1 11 2 2 5 1 1 4 13 4 7 1 20 5 19 15
13 18 18 7 15 1 8 18 16 2 17 9 13 18 7 1
3 20 2 4 16 17 9 3 9 1 5 14 14 5 18 13
10 12 8 5 7 11 10 14 14 9 5 2 9 9 1 10
15 17 16 2 5 20 5 9 17 1 10 12 6 13 20 16
16 4 6 3 20 4 9 10 9 20 7 9 16 6 7 20
8 11 4 16 5 16 8 7 18 10 5 7 14 1 3 8
14 9 12 6 15 8 14 6 6 3 15 11 8 3 20 13
12 20 9 5 5 14 7 9 16 4 11 8 12 8 20 17
16 8 11 4 3 19 12 10 14 3 9 11 4 8 15 13
6 13 2 15 5 6 11 2 7 11 2 16 9 7 18 12
13 12 3 14 6 8 15 2 13 18 5 16 14 5 13 12
1 1 20 16 19 18 20 4 6 10 5 17 6 5 3 8
7 1 10 15 2 9 7 12 20 6 11 12 11 1 1 15
13 14 7 7 20 4 14 8 17 3 14 14 20 5 10 7
4 1 6 4 2 9 10 1 16 20 3 16 18 1 2 11
2 4 2 12 8 15 9 15 19 7 3 1 5 8 20 17
17 10 7 15 8 19 13 11 19 1 16 15 6 3 5 20
15 14 1 12 9 19 11 14 14 10 10 18 11 12 13 17
15 3 14 19 7 1 12 11 19 9 2 14 11 16 6 13
10 1 11 8 4 1 8 5 20 2 19 10 20 3 4 15
18 19 7 1 18 1 9 2 3 1 8 8 4 15 8 7
16 3 10 16 18 20 19 10 18 16 19 2 14 11 15 10
2 9 12 18 11 17 17 10 1 2 5 11 3 11 16 18
19 15 19 17 12 7 20 12 4 18 19 12 8 17 16 19
17 7 14 2 16 14 12 15 2 12 9 9 17 4 10 10
15 11 2 11 5 8 11 13 15 19 14 5 14 15 10 7
6 15 17 16 4 19 9 17 16 8 3 12 3 10 13 2
13 6 5 18 8 15 17 5 10 2 18 15 14 17 13 19
15 10 20 20 11 5 3 19 16 6 16 10 15 12 10 10
3 4 20 1 14 17 16 18 12 8 20 2 15 12 20 19
4 8 18 3 19 16 4 4 6 18 16 15 9 7 5 6
13 2 17 19 16 17 7 17 15 3 18 11 5 7 16 18
20 1 13 5 20 7 18 15 11 16 4 12 12 9 6 9
17 20 6 7 12 14 16 16 16 6 15 12 17 16 5 8
3 9 12 18 12 16 13 20 13 8 1 15 9 18 12 20
14 11 1 12 3 7 5 1 1 8 8 18 4 7 6 16
9 14 13 12 6 11 2 13 3 10 20 1 16 11 1 20
8 9 7 15 9 19 8 6 11 15 8 15 11 6 1 6
9 3 4 11 2 13 1 16 12 3 12 3 15 5 8 6
20 20 15 10 4 6 19 5 16 10 3 10 5 17 10 2
