18
6
10 10 7 7 5 2 3 4 20 16 17 13 12 13 6 6 18 19
13 7 4 11 9 2 12 6 8 16 17 12 4 3 14 16 2 4
1 20 11 18 10 19 6 16 8 1 7 12 20 1 12 8 20 5
8 20 2 4 1 17 10 17 19 14 8 11 17 3 6 11 8 4
14 9 2 14 10 3 17 14 5 18 6 4 10 16 8 9 5 17
3 16 7 9 19 20 12 10 14 3 17 2 6 4 14 7 2 20
1 17 11 3 10 17 1 3 14 3 20 17 8 9 20 9 1 6
5 9 4 16 1 3 10 11 9 18 11 16 1 1 6 7 1 8
5 12 20 18 19 20 9 14 2 4 1 4 5 5 1 20 5 4
15 4 18 1 5 7 12 9 18 6 13 2 16 16 7 10 5 8
8 17 10 7 3 6 1 5 2 3 13 10 10 15 17 18 8 14
12 16 15 20 10 19 19 5 19 17 12 16 15 15 13 6 6 9
19 17 1 3 3 6 13 6 14 6 13 12 11 12 9 3 15 20
16 13 1 1 3 2 12 20 1 2 12 15 8 11 1 20 16 12
14 15 15 17 12 18 4 3 6 17 11 16 14 6 1 2 18 12
19 19 20 6 11 4 5 13 15 4 1 14 11 20 18 1 14 6
20 14 19 18 3 17 6 7 16 17 17 19 15 18 19 14 5 11
11 18 15 5 12 3 3 17 8 11 14 12 13 18 20 19 19 10
10 6 12 5 10 1 13 13 19 6 8 7 11 14 15 4 9 1
8 12 19 2 9 14 14 16 3 10 20 9 16 15 15 12 9 5
1 16 6 17 18 10 5 5 17 2 5 1 4 8 19 16 14 9
19 10 5 8 17 19 16 1 6 11 8 13 11 13 2 18 14 3
10 3 1 3 14 17 7 5 15 19 3 19 17 20 10 8 7 6
17 11 20 19 4 11 9 20 1 5 15 11 6 20 4 7 18 18
17 16 4 9 18 19 14 6 9 19 1 13 6 2 20 13 9 5
18 6 20 6 14 1 3 9 10 1 5 8 9 2 11 19 8 8
15 11 17 4 20 1 17 9 16 7 11 9 20 19 12 2 18 20
5 17 19 8 4 4 14 8 4 18 15 9 14 17 12 12 9 4
4 18 13 16 9 15 19 12 15 17 5 12 2 5 20 7 18 19
15 17 14 20 9 15 9 3 13 4 7 12 18 13 19 8 1 8
8 17 18 20 15 13 17 1 3 20 1 9 7 13 11 4 20 17
4 13 13 10 1 4 20 2 18 16 14 6 5 8 9 13 6 20
5 6 10 7 6 15 11 17 5 13 4 12 3 18 19 20 20 1
8 9 9 15 16 15 11 2 7 7 4 5 8 6 11 3 10 15
12 11 8 14 5 18 1 4 20 19 9 10 19 9 14 18 5 19
11 7 17 2 8 13 7 3 8 8 12 2 1 1 14 1 1 16
1 4 17 12 8 16 7 9 16 14 14 5 4 18 10 15 10 13
17 16 15 5 19 7 14 10 18 18 5 1 10 6 11 1 14 19
4 3 16 16 4 7 8 17 7 11 6 17 9 4 3 7 20 17
15 6 16 20 4 1 5 19 2 10 2 4 8 8 3 1 11 13
7 13 2 7 15 12 12 10 5 18 10 5 14 7 10 5 10 13
3 5 19 18 11 13 5 17 16 8 14 7 4 19 6 5 13 13
8 9 3 5 5 17 4 4 10 19 19 7 18 9 7 19 1 15
11 15 5 13 7 16 17 1 12 10 4 17 3 15 14 15 6 3
11 2 12 20 10 4 11 17 17 15 17 15 10 12 14 18 8 9
15 10 6 7 14 12 19 15 19 5 7 18 5 9 18 9 4 15
11 3 16 3 15 10 16 17 7 17 8 13 8 14 5 19 7 8
9 9 14 16 10 7 14 9 11 16 5 13 7 17 16 17 4 2
2 19 5 2 10 9 15 1 13 1 6 18 9 15 14 8 12 8
10 1 15 10 17 13 14 6 14 17 8 11 11 1 17 7 13 19
19 1 16 20 2 13 6 9 7 8 4 15 13 17 14 11 4 15
4 18 13 16 13 3 13 6 16 1 5 17 7 5 17 16 12 11
7 17 18 13 12 19 3 15 16 16 8 17 13 13 3 16 18 16
19 10 7 3 11 2 14 3 8 2 14 16 16 7 4 10 19 16
7 3 9 4 16 3 1 6 8 4 7 7 11 16 16 8 11 11
5 8 14 9 12 12 10 16 8 1 7 11 5 2 12 10 14 19
18 17 13 5 14 2 3 6 8 12 18 14 18 2 2 12 11 5
17 7 18 13 1 16 18 8 2 3 4 16 20 19 3 18 19 8
20 17 14 8 11 19 10 3 20 15 9 15 7 13 3 8 7 16
5 12 9 12 6 10 15 6 4 8 3 10 1 2 20 13 9 20
11 17 5 10 16 1 20 17 1 2 10 2 9 16 7 13 2 6
5 1 3 3 16 16 1 4 10 17 10 14 16 14 12 13 13 7
19 9 6 10 13 18 4 5 11 1 8 8 20 5 20 2 9 14
3 11 1 4 7 10 3 2 11 9 2 15 4 7 12 12 16 17
13 9 7 1 16 11 19 13 1 3 4 11 6 3 10 5 20 11
9 20 15 18 6 3 20 14 18 13 14 9 1 15 5 4 19 19
4 15 20 20 10 1 3 7 2 11 17 6 20 5 8 11 9 1
5 2 8 3 12 3 9 8 18 14 13 2 17 6 11 11 18 1
18 6 7 15 6 6 4 15 18 4 13 14 2 9 11 8 15 11
5 12 9 18 3 16 14 11 17 8 18 17 3 11 13 10 18 15
14 13 18 2 2 17 5 13 12 17 18 14 13 6 6 8 12 4
20 5 10 13 13 14 10 17 9 15 2 9 10 5 20 8 7 6
5 2 5 8 18 14 7 2 4 8 2 8 11 16 16 20 9 3
3 12 4 11 8 9 11 5 1 8 4 11 9 20 1 6 7 9
17 16 17 17 7 20 1 18 18 2 16 5 9 9 15 5 6 7
1 2 20 19 19 2 5 12 10 14 2 1 9 3 15 8 6 10
2 3 12 1 11 20 8 19 4 8 20 8 11 2 3 4 9 9
2 5 19 16 2 6 10 7 4 13 11 18 2 3 17 19 12 2
15 9 6 13 2 18 14 16 10 10 19 8 1 3 15 2 8 14
17 2 14 6 1 8 18 9 19 5 8 13 5 14 15 19 17 7
13 5 2 8 1 9 8 4 3 15 5 6 8 16 17 17 6 4
10 7 8 5 4 13 7 6 3 7 1 1 14 17 4 9 5 8
10 11 2 10 6 20 14 19 7 13 11 4 13 17 16 8 6 19
8 12 13 16 8 1 7 20 6 4 15 5 18 19 15 7 13 15
7 16 6 14 20 8 3 6 9 5 20 6 10 20 13 3 19 9
3 1 3 6 1 19 6 13 19 9 9 17 15 12 18 4 20 15
11 14 17 15 20 12 9 18 14 2 15 3 14 18 15 8 18 6
9 7 16 4 20 7 9 9 1 15 16 7 14 11 20 3 14 5
20 18 1 10 16 19 4 13 3 9 19 1 20 12 9 13 19 2
18 12 8 14 3 9 6 5 7 5 6 1 17 8 15 16 15 9
15 11 11 10 8 19 2 6 13 20 6 4 18 4 11 2 1 17
7 4 12 6 6 14 7 10 7 15 6 5 3 16 1 8 10 8
13 10 2 1 18 2 11 12 2 9 6 12 18 9 6 8 6 5
17 5 17 19 13 5 6 2 13 14 2 15 8 17 1 10 11 19
17 14 12 15 14 5 15 5 13 14 15 16 5 18 20 15 15 20
5 14 14 7 4 6 5 1 15 4 16 6 4 20 20 1 7 4
10 2 12 12 11 20 5 14 5 15 12 16 8 11 13 6 17 19
9 17 18 3 10 6 10 2 14 4 14 16 19 3 3 6 1 14
1 19 11 1 13 18 15 3 17 3 18 15 20 5 7 2 11 17
1 19 12 10 14 10 7 9 18 6 1 8 10 3 7 6 20 10
12 5 2 20 20 15 9 12 1 16 7 7 11 17 11 5 12 15
10 14 6 12 11 13 9 8 7 16 17 1 15 5 17 2 14 9
4 9 7 11 4 4 3 15 20 18 15 20 14 8 12 20 16 8
14 2 6 10 18 2 9 20 20 14 12 16 2 4 16 16 9 7
7 20 14 6 13 6 11 17 9 16 12 6 15 9 17 8 11 11
2 8 17 3 6 16 19 8 2 4 6 16 19 7 16 5 2 9
19 7 20 15 14 6 5 2 19 12 11 5 8 20 16 5 20 13
4 2 17 2 14 9 5 4 19 20 3 1 12 14 16 12 3 19
