14
6
9 19 8 14 14 16 9 17 9 15 1 4 13 7
15 16 5 6 20 14 20 20 18 13 3 9 20 19
6 20 14 16 1 12 8 9 2 20 5 15 3 8
10 7 1 16 11 2 15 5 13 3 10 14 20 9
14 1 9 11 19 3 7 12 14 19 18 17 5 5
11 13 19 18 16 15 5 15 5 20 7 1 12 17
4 13 13 4 18 4 9 4 15 2 8 11 11 2
7 6 7 14 18 9 3 2 18 16 15 1 19 1
6 4 12 2 9 11 19 8 17 16 10 6 12 16
9 10 11 6 16 1 10 5 18 1 19 8 3 14
8 4 9 3 5 11 10 17 14 10 18 17 4 4
6 6 7 20 19 13 2 11 17 3 19 17 3 18
15 12 18 7 1 12 8 20 3 20 5 3 17 12
10 16 18 1 15 6 3 10 19 1 16 17 18 3
17 13 13 11 13 2 16 5 18 6 6 16 10 17
12 17 18 16 1 20 3 15 5 5 1 8 7 4
9 4 8 7 14 16 10 18 8 4 17 7 19 20
14 19 11 8 17 4 1 8 20 1 18 20 19 8
6 4 17 20 13 9 14 5 5 15 20 19 3 5
2 8 1 3 4 9 10 7 4 19 11 6 13 8
15 19 3 17 19 10 4 5 3 14 1 20 19 13
11 16 13 18 14 14 13 1 1 1 9 19 10 6
12 20 3 13 15 9 15 16 4 1 19 6 18 18
7 18 9 14 4 6 6 17 19 14 8 16 18 19
12 3 7 13 10 19 4 11 4 19 16 18 10 15
9 16 6 5 19 19 2 19 9 19 18 18 7 2
2 12 9 17 1 7 7 12 14 4 2 4 19 3
2 9 6 20 4 5 6 3 7 9 7 4 9 7
4 16 8 2 9 11 19 7 13 18 4 1 11 5
12 20 12 5 1 8 13 18 19 11 5 12 19 5
2 13 14 4 20 4 8 4 12 16 7 17 17 2
20 1 13 15 9 15 11 5 12 20 7 17 14 1
7 13 2 10 16 1 11 2 14 18 11 6 9 3
13 1 1 5 3 2 10 3 4 19 6 17 10 13
4 18 20 20 1 5 13 13 12 2 7 8 14 6
20 18 6 6 11 4 13 9 2 11 8 17 20 16
15 12 16 6 10 20 14 2 3 12 13 7 18 16
4 15 2 14 13 20 1 13 10 20 8 15 19 2
19 3 19 13 14 9 5 2 11 6 16 9 15 9
15 6 4 10 13 19 5 6 20 2 1 9 15 13
4 3 13 10 12 14 3 9 10 15 13 13 8 14
11 19 2 6 2 18 8 14 5 8 3 10 15 18
4 14 18 14 8 3 9 3 12 20 8 13 19 20
16 17 19 19 1 7 16 5 9 14 1 10 18 16
8 19 17 4 16 2 10 2 3 10 20 20 20 20
18 13 15 5 2 2 8 12 2 9 2 16 8 11
4 12 4 8 20 12 1 8 1 5 18 1 20 20
8 11 6 15 10 3 13 11 14 11 18 17 19 7
7 6 7 9 3 2 2 20 20 20 7 16 6 18
19 6 19 4 5 16 20 15 7 12 2 13 12 9
10 16 19 10 19 8 7 17 8 2 6 14 8 4
3 20 1 3 6 18 1 8 11 8 3 19 16 20
4 19 13 16 8 5 7 16 8 1 12 3 15 13
5 14 15 10 17 1 19 10 18 10 13 5 17 2
19 1 14 9 2 11 2 5 19 14 18 15 2 8
15 20 19 5 11 5 5 10 10 14 20 8 16 8
19 2 13 14 12 8 14 1 10 11 16 19 15 20
8 4 13 19 20 1 6 1 16 17 17 1 16 18
3 6 20 4 2 10 17 14 6 10 14 18 17 8
3 1 1 16 8 6 11 14 19 14 9 18 8 8
17 6 10 11 20 1 16 10 2 5 13 13 16 7
7 9 16 1 19 19 20 2 20 19 13 3 20 4
4 3 14 5 1 14 4 17 16 15 8 17 3 12
4 15 19 20 11 19 3 17 4 15 11 2 7 3
9 1 13 15 5 4 7 10 6 12 9 12 14 11
8 16 13 16 15 8 7 16 7 12 7 16 17 12
18 15 13 12 20 15 11 16 9 14 16 18 6 19
16 19 15 6 20 18 6 9 19 6 18 15 10 17
15 18 13 1 18 13 5 18 13 4 16 17 10 11
1 18 16 4 3 17 19 1 13 1 13 7 12 5
14 18 5 18 7 16 8 16 13 9 9 19 18 1
19 19 1 5 9 3 3 2 17 2 2 10 13 17
8 18 20 12 13 18 7 2 13 20 9 12 11 17
9 19 2 16 6 16 10 8 20 20 16 18 18 2
17 1 12 9 11 16 2 14 19 7 20 13 20 15
20 13 1 17 8 20 11 17 15 14 18 14 5 19
11 7 1 9 10 2 9 10 20 3 3 3 16 15
5 10 15 5 8 11 7 15 1 1 20 12 8 9
13 7 17 16 5 11 17 11 12 18 8 6 11 9
18 11 4 12 6 19 5 17 8 14 11 19 12 18
8 4 11 1 15 17 20 15 12 8 15 14 10 10
8 17 7 10 11 11 15 11 15 6 13 14 5 1
8 8 18 3 15 18 8 13 10 13 15 10 5 13
11 19 17 16 12 3 20 1 13 14 17 4 3 5
