18
6
95 13 79 46 30 33 33 85 23 15 79 90 5 30 13 9 7 45
90 97 2 88 87 6 96 6 35 64 70 64 96 27 80 85 41 33
37 43 58 20 69 27 21 68 79 83 9 99 76 34 53 22 2 60
100 49 13 84 54 20 98 50 66 17 65 48 9 61 93 24 68 75
33 5 89 37 57 16 10 65 65 32 73 2 81 83 48 58 61 59
76 35 58 72 13 45 90 24 56 28 24 79 78 68 13 1 38 3
24 89 42 33 5 52 47 43 23 26 8 11 26 68 67 14 49 23
66 63 6 21 81 63 53 43 93 23 22 16 36 28 69 8 71 23
94 52 9 100 75 73 76 47 50 3 31 46 42 3 47 93 68 30
75 9 26 30 90 42 20 78 100 7 93 76 97 5 14 22 56 74
91 12 95 52 45 32 89 50 48 68 19 81 17 58 18 66 96 79
88 62 87 80 78 60 42 41 27 68 31 31 65 12 9 81 13 48
9 8 67 8 87 83 88 90 46 47 42 40 30 23 9 33 91 21
59 30 52 72 34 64 47 22 68 31 100 28 35 15 61 62 39 89
32 98 45 65 81 14 42 36 71 31 64 70 52 6 66 76 38 64
31 31 88 33 73 98 60 5 50 95 5 64 99 2 39 31 68 9
23 13 99 3 44 16 25 47 72 85 70 16 81 38 95 54 42 7
32 42 31 25 85 32 21 8 62 40 40 52 9 29 1 31 8 75
80 23 43 53 48 60 94 9 97 15 6 38 10 47 51 83 37 98
93 76 7 64 3 90 93 45 82 17 21 36 84 31 3 65 71 87
43 91 6 69 36 42 86 42 35 64 35 44 27 53 73 61 77 52
74 70 2 98 29 55 84 32 96 34 43 52 100 51 49 4 39 74
33 28 70 21 60 82 41 24 86 49 79 89 60 85 14 52 70 18
1 39 5 41 22 71 94 94 10 62 74 81 90 100 96 37 5 50
64 6 15 28 75 61 23 42 93 51 20 68 100 7 36 43 11 90
16 98 77 53 62 16 60 49 39 60 21 43 55 20 9 38 25 93
91 66 51 41 50 28 43 50 34 91 12 52 25 97 72 16 64 12
78 90 90 94 14 93 8 70 39 25 33 26 78 56 100 82 97 58
52 33 99 84 11 3 6 83 51 73 95 2 49 60 10 33 25 61
87 49 22 49 99 32 2 1 17 21 90 90 2 41 85 26 24 94
22 42 16 80 11 53 2 21 86 35 59 10 96 49 30 88 39 16
5 23 57 82 80 51 88 16 64 69 9 41 17 94 97 47 60 57
35 36 81 86 36 8 54 63 14 73 89 6 44 27 44 20 16 26
22 77 53 36 50 77 62 32 25 78 73 67 1 77 54 40 18 90
54 73 68 21 79 63 48 76 91 41 52 44 3 28 39 81 95 42
14 74 1 46 99 6 42 22 25 53 73 53 40 34 93 25 53 45
15 16 21 34 64 42 48 46 100 28 80 91 72 52 35 46 22 87
42 29 61 94 35 5 44 68 83 16 60 6 11 43 50 50 63 75
3 73 96 66 54 1 90 39 88 57 15 32 55 70 39 49 79 43
24 7 60 20 84 76 96 99 10 20 97 94 2 100 77 23 90 15
48 23 100 72 44 89 94 6 7 25 78 34 32 44 41 38 1 99
42 74 61 26 21 75 98 95 89 17 1 3 13 7 21 94 31 56
41 10 70 7 96 71 93 2 32 2 33 100 93 78 19 62 37 94
16 45 47 23 39 90 64 97 69 90 80 35 51 73 86 17 42 10
84 18 38 51 38 68 98 94 51 30 93 63 4 1 18 75 53 89
65 24 91 27 43 88 52 18 88 75 65 4 4 63 90 11 94 7
23 57 38 20 19 12 88 11 18 23 23 49 7 86 98 64 51 21
71 91 48 95 80 8 61 5 42 80 55 90 38 72 73 90 59 9
29 10 85 99 31 2 85 88 51 93 29 41 12 47 7 36 4 52
17 66 89 29 61 14 60 2 79 55 33 45 96 80 36 41 64 71
22 33 94 93 63 89 91 81 12 20 17 100 60 73 89 74 16 88
8 32 15 41 11 80 22 76 61 82 27 66 33 47 23 79 70 55
50 17 28 84 42 23 63 41 85 49 66 16 51 86 30 50 25 97
6 39 37 50 91 44 80 4 48 43 78 51 58 8 75 22 97 4
75 53 44 51 79 37 98 14 23 97 33 53 32 40 62 5 92 71
59 78 27 21 85 20 8 62 18 20 28 2 2 52 33 11 7 78
95 49 52 30 54 12 45 16 96 56 87 26 31 50 77 96 44 21
12 50 48 40 79 11 58 22 60 47 82 28 2 17 71 54 40 2
18 74 82 94 75 33 96 15 14 58 34 82 73 54 94 57 81 6
19 50 71 69 12 78 29 77 46 99 45 75 86 41 48 63 57 34
53 71 71 39 74 35 85 34 35 91 33 26 35 20 34 59 3 38
8 15 21 20 8 45 12 19 38 77 13 54 52 60 65 43 19 99
92 44 24 56 41 24 3 72 3 93 24 64 64 39 41 86 1 30
1 81 64 63 84 99 87 63 87 39 68 13 36 58 93 77 45 80
7 27 36 55 41 69 17 42 35 45 10 52 46 21 65 57 75 18
83 57 60 98 53 36 55 78 97 90 10 65 36 94 71 12 86 70
15 93 78 50 12 18 66 99 64 100 49 72 4 23 63 85 75 67
16 76 58 88 18 30 54 76 44 54 50 44 38 14 23 10 48 57
40 21 55 95 80 63 86 64 64 78 3 17 71 58 99 15 66 80
70 88 85 19 61 66 24 9 13 27 33 30 71 92 15 55 29 96
31 38 91 71 7 15 16 46 48 49 59 19 74 54 18 91 93 99
28 90 7 2 90 6 39 77 91 75 38 77 51 47 91 3 46 18
53 40 17 76 3 87 24 38 90 67 36 65 86 100 34 74 22 54
54 17 14 65 53 55 92 1 73 21 83 17 64 2 83 70 74 47
25 84 56 36 53 37 30 82 35 70 97 20 89 20 76 51 86 79
76 36 96 32 77 38 35 87 26 27 76 75 4 59 11 77 17 77
7 69 66 19 43 30 27 87 65 93 97 56 65 28 17 94 24 97
36 50 91 97 20 5 1 20 21 11 63 43 67 76 56 20 27 13
50 62 14 77 12 46 74 61 71 89 34 1 83 28 88 27 85 81
52 18 46 43 93 77 38 51 66 2 31 31 36 42 18 92 66 94
61 81 38 84 78 47 16 67 39 97 77 42 90 65 71 65 58 18
53 77 2 31 88 57 86 36 78 49 50 17 46 31 30 79 89 77
64 92 61 32 20 38 70 43 28 84 10 44 58 43 93 70 91 88
84 60 86 8 90 26 47 14 21 94 73 25 29 68 33 56 21 84
45 65 50 98 46 21 33 90 76 61 87 52 28 88 46 51 1 54
82 91 45 38 16 47 3 10 34 60 3 14 90 92 50 39 75 86
56 45 92 92 33 19 86 2 76 83 38 5 75 63 37 26 92 79
15 16 80 27 98 47 22 69 29 37 93 87 47 43 29 84 97 21
26 43 44 49 3 6 46 16 14 7 36 87 59 8 79 34 72 87
23 75 78 39 77 49 71 61 57 83 7 28 58 20 74 25 7 6
63 75 24 81 38 85 72 32 36 96 83 28 80 61 37 79 100 28
29 32 32 19 95 14 8 40 29 7 74 22 39 42 40 11 37 46
51 3 90 52 84 3 10 80 34 69 90 24 54 79 16 3 33 91
95 73 81 60 50 31 3 34 36 88 61 82 37 28 41 97 34 75
3 19 97 93 22 56 5 60 16 69 79 79 27 48 57 32 49 74
31 59 21 60 82 45 50 43 28 97 19 76 43 32 39 44 6 95
27 57 36 50 86 80 51 37 88 82 82 71 48 15 29 92 21 10
27 99 79 89 13 63 15 31 39 49 58 75 90 78 100 42 15 25
72 63 8 81 94 21 15 56 34 23 45 60 12 46 70 89 38 56
33 19 70 14 75 92 18 11 50 28 82 13 81 77 51 72 73 48
42 26 16 53 11 13 87 3 86 89 21 47 41 70 41 72 39 87
64 72 11 69 6 12 32 72 72 15 21 98 62 94 68 81 65 71
16 2 63 19 17 68 70 72 93 35 96 24 37 80 89 33 70 99
32 59 3 62 91 14 38 35 52 17 46 61 75 99 94 8 39 2
88 72 58 84 98 77 20 85 75 57 1 84 63 78 62 33 33 56
43 40 55 38 49 9 89 57 77 87 34 27 47 34 18 60 38 77
64 59 28 40 79 98 80 20 52 71 99 60 28 78 37 61 40 65
60 87 94 26 75 90 72 90 65 84 69 31 3 1 61 7 28 65
