12
6
5 20 6 1 15 18 16 16 12 6 16 12
5 12 18 18 15 9 9 12 12 15 5 9
3 5 17 20 2 9 10 16 12 2 15 18
10 15 10 16 1 13 13 19 13 19 3 12
9 14 15 19 6 15 7 14 18 20 15 7
20 1 16 15 13 20 5 9 6 9 1 1
14 1 5 5 3 18 10 1 3 3 12 18
17 4 14 1 10 6 11 18 7 13 2 11
17 2 4 15 1 2 2 9 5 7 18 13
12 4 3 14 8 9 14 8 20 4 2 1
20 14 10 15 6 5 4 9 4 17 4 10
11 17 15 19 17 2 13 14 2 6 1 18
16 8 13 14 13 19 2 4 17 17 4 10
12 8 5 14 16 10 1 10 10 8 11 12
2 3 6 4 7 1 10 12 9 12 12 19
19 13 8 6 7 11 2 3 18 18 5 13
6 6 10 4 13 4 7 9 10 11 11 10
14 17 10 6 18 15 4 19 18 4 8 12
4 7 6 3 13 2 10 15 13 14 5 11
9 2 9 6 6 14 8 7 17 7 8 9
4 9 11 18 1 12 8 12 17 17 5 19
3 19 8 17 7 3 9 19 2 4 4 20
12 20 12 9 15 12 13 6 11 13 11 12
6 9 5 19 9 4 5 2 6 4 2 7
7 9 11 11 11 5 16 3 2 2 5 18
3 1 12 18 13 11 20 2 1 15 17 14
4 3 8 9 9 12 5 18 8 15 9 2
2 12 11 3 13 14 9 13 8 10 7 20
20 14 4 2 2 7 17 1 9 12 19 14
8 8 15 7 2 2 14 12 15 20 9 8
13 7 3 5 4 1 2 15 20 11 7 16
3 19 5 15 15 15 8 19 1 12 7 14
16 12 1 13 16 12 7 11 3 20 4 19
1 13 2 3 4 7 16 12 7 14 16 12
16 2 16 16 1 19 15 4 14 10 6 5
3 19 18 1 12 1 8 3 8 5 12 8
16 14 6 10 8 19 6 8 11 4 5 13
18 5 11 5 2 13 8 4 6 7 19 19
15 1 5 11 8 20 7 8 6 12 19 11
10 3 10 14 15 13 17 17 9 15 2 8
13 11 8 5 14 13 19 5 3 19 5 12
14 8 5 12 15 3 20 12 14 8 12 3
4 19 20 12 17 5 13 5 2 10 19 19
14 7 19 11 11 3 19 18 4 17 19 4
15 5 13 6 6 1 6 16 11 8 5 14
8 10 14 19 10 12 18 3 19 6 16 12
10 15 10 4 4 2 15 9 14 9 20 19
13 18 11 4 1 11 19 9 5 15 6 9
9 16 10 19 6 6 20 10 15 13 17 10
7 7 5 13 13 7 14 18 13 4 14 13
1 18 1 19 3 13 7 7 19 8 6 18
4 7 7 10 17 7 8 15 17 3 4 7
2 3 13 7 11 7 16 8 10 3 9 17
15 10 14 1 2 1 19 11 10 11 4 12
19 13 20 4 9 19 18 9 11 19 4 4
16 3 9 16 6 5 7 11 3 20 14 16
2 3 17 11 8 13 2 6 4 3 19 12
3 14 19 7 8 12 13 11 13 18 11 11
19 3 10 13 17 9 14 10 5 7 19 8
15 20 16 14 20 15 2 6 12 12 13 7
7 8 20 6 18 3 12 20 5 17 8 12
18 19 13 18 7 5 20 2 9 11 12 2
1 20 12 15 17 18 4 20 13 8 14 1
18 11 13 14 3 4 3 18 12 1 9 2
14 3 6 5 13 5 13 17 7 4 3 20
13 15 12 7 20 14 17 4 15 17 8 6
12 2 8 10 11 10 8 1 11 15 10 12
16 16 3 13 8 7 12 18 11 2 8 11
2 12 7 1 4 9 16 2 16 1 16 19
3 9 2 2 7 13 3 1 14 13 6 12
20 6 11 12 6 1 11 13 16 18 4 16
16 4 8 16 3 19 8 17 10 10 17 10
