16
6
57 1 95 45 90 70 47 54 70 74 78 40 4 78 17 53
100 72 11 98 66 73 68 83 15 57 65 55 23 2 15 55
86 27 25 21 14 3 24 64 63 79 60 15 99 76 33 47
13 33 30 66 13 70 45 38 59 75 39 49 63 18 26 79
48 92 70 39 94 50 70 37 54 65 33 69 84 51 92 85
74 65 19 77 12 58 64 9 10 2 91 18 38 10 14 84
31 59 16 67 13 41 42 10 49 10 66 12 49 98 90 74
19 86 74 100 40 57 88 56 42 52 12 52 1 80 72 66
44 19 96 96 6 52 84 12 89 85 16 10 5 71 25 87
63 50 84 90 67 51 72 54 49 10 7 96 54 26 40 66
36 42 53 17 98 5 33 38 61 90 84 69 54 76 21 67
56 3 64 99 68 13 97 20 30 14 2 61 83 58 27 72
36 43 60 96 14 38 26 23 12 37 80 77 63 3 37 28
62 50 81 26 51 39 14 28 63 21 45 96 81 60 78 66
73 26 80 80 79 63 1 79 10 36 47 58 88 14 51 44
99 87 74 67 55 57 76 66 41 99 93 30 99 58 10 41
1 47 67 96 82 1 55 40 7 25 14 33 53 38 53 66
80 81 64 9 78 31 37 46 31 88 88 67 68 30 52 81
71 21 88 74 78 89 30 38 63 96 19 65 3 97 91 91
1 31 42 17 22 85 5 51 57 70 26 44 80 72 8 80
4 16 28 54 17 77 31 32 11 20 81 48 87 88 71 83
30 90 11 56 7 52 74 95 24 12 3 11 29 25 29 64
66 79 58 12 39 28 59 90 26 97 58 68 18 95 23 35
63 4 82 60 38 42 90 56 81 54 23 90 75 80 2 58
66 69 91 70 96 38 81 49 75 12 61 30 74 19 24 86
92 99 58 66 78 89 94 67 100 30 11 53 36 11 52 33
55 60 86 32 58 59 97 27 43 8 6 61 87 58 10 36
10 91 23 77 84 74 69 14 39 75 29 95 17 1 50 87
4 77 88 37 85 87 37 5 80 46 62 63 81 51 85 40
86 73 82 98 95 86 69 94 22 84 36 49 34 96 7 42
2 99 79 52 7 4 73 4 30 31 78 63 87 12 2 47
44 13 53 94 97 67 16 54 78 18 9 10 52 58 73 94
45 18 19 74 59 77 63 90 74 78 45 14 87 78 69 90
89 96 31 85 17 10 98 79 66 2 34 71 65 62 91 37
75 39 46 26 21 11 47 1 70 88 62 7 32 61 91 79
53 87 60 77 18 87 19 87 3 39 100 92 80 19 93 2
70 63 53 73 94 100 84 12 92 68 98 90 44 95 54 59
45 80 14 28 15 21 17 92 38 26 98 88 35 7 96 15
40 3 67 69 46 9 70 10 56 91 42 69 59 22 53 7
88 25 4 48 23 2 75 27 94 82 98 87 19 90 40 80
92 6 92 21 9 45 77 70 33 98 11 14 3 4 94 94
59 86 76 46 33 48 47 1 4 71 16 56 31 20 88 36
8 29 45 33 36 56 25 16 76 42 16 100 59 56 50 26
44 79 37 9 27 80 47 13 16 10 88 42 95 61 68 49
77 97 6 33 59 14 98 93 81 32 81 87 59 22 79 32
20 26 20 49 5 8 88 72 6 80 67 75 56 2 74 70
68 34 44 3 27 83 71 38 98 98 37 97 4 11 52 21
96 85 53 69 13 50 72 43 71 82 20 8 70 38 53 77
14 90 5 66 62 26 78 35 92 94 39 58 49 88 40 48
53 25 73 14 39 38 18 95 83 96 84 72 23 95 75 13
34 20 41 87 87 90 34 60 67 74 65 45 19 6 94 32
76 51 75 29 67 63 11 62 68 48 31 41 4 85 99 26
42 28 57 7 55 60 61 70 68 99 3 89 10 9 18 50
78 11 82 67 48 52 48 61 34 48 13 94 50 46 93 98
58 97 57 21 49 28 99 35 62 89 4 71 97 36 63 88
2 16 8 17 34 21 20 42 81 88 69 32 25 69 77 66
19 28 13 96 47 38 84 28 97 73 62 45 57 60 87 100
11 57 27 35 84 19 88 76 76 99 67 93 83 4 62 29
67 84 19 21 82 46 56 18 2 49 69 6 73 65 47 40
23 16 49 37 99 55 21 17 10 86 98 53 87 8 64 46
53 40 24 21 21 7 61 18 61 6 35 54 19 44 17 33
98 5 29 90 12 20 71 71 60 36 73 75 73 80 36 21
64 68 17 37 23 26 85 38 39 54 78 87 27 59 77 63
74 80 18 62 75 96 33 75 71 20 81 33 68 66 45 57
74 13 20 33 23 52 56 51 75 5 24 89 97 13 41 1
96 76 8 44 38 56 1 87 49 25 78 32 6 95 94 51
10 52 38 83 89 74 41 2 46 63 60 9 37 11 82 30
35 6 100 6 38 81 13 86 79 71 4 54 19 56 97 100
76 31 56 51 76 72 92 62 26 47 62 11 17 30 29 99
81 1 54 94 97 31 23 93 76 79 89 29 80 86 100 31
37 37 13 59 23 59 73 27 61 79 46 89 68 45 2 33
74 60 9 61 37 70 41 53 14 28 82 62 84 47 51 87
93 99 88 87 6 75 41 6 12 17 85 91 20 72 21 32
17 3 64 83 60 81 67 6 89 40 77 59 5 70 18 7
14 10 69 11 37 12 100 31 36 11 29 3 76 16 93 62
79 47 37 30 82 91 20 93 51 15 31 31 28 4 44 51
81 24 86 8 49 41 60 26 100 38 42 87 80 68 94 91
91 91 28 55 28 21 64 42 60 66 5 68 98 7 80 33
79 54 51 6 26 35 42 70 49 92 28 89 78 27 37 92
3 54 28 44 40 31 58 16 87 34 39 31 99 88 32 70
87 65 27 69 80 76 95 43 86 76 75 22 81 49 52 94
72 66 19 61 23 45 78 60 58 77 17 100 48 88 85 26
56 74 7 4 52 51 14 35 84 67 25 17 64 63 55 16
76 35 65 3 4 19 69 10 95 47 84 83 90 70 17 64
98 39 39 55 96 25 90 66 76 67 66 73 92 46 47 71
24 55 44 33 64 82 47 11 40 46 96 29 5 12 44 16
79 79 93 51 2 70 68 56 57 37 70 88 26 74 95 97
63 74 18 50 60 1 15 76 62 20 54 44 96 58 52 39
21 33 16 78 37 3 99 38 65 48 86 75 46 63 36 1
63 5 13 54 15 21 37 3 79 51 6 99 52 59 24 26
79 71 60 31 10 5 79 29 53 86 23 12 77 51 52 73
94 61 42 13 12 4 97 31 48 46 7 96 87 63 47 16
50 53 35 32 79 23 90 47 69 34 86 83 65 32 80 27
48 86 99 41 65 29 85 24 67 75 89 65 9 58 97 8
87 60 50 69 6 49 19 81 26 33 57 93 36 87 4 30
87 24 62 29 6 62 40 22 83 40 35 95 15 42 15 78
