12
6
19 51 59 76 44 65 75 17 33 36 100 38
88 23 74 26 84 20 33 84 72 70 83 86
23 34 14 16 11 9 4 43 33 39 30 38
10 21 46 68 78 98 62 92 26 94 93 73
17 95 49 64 31 87 52 55 32 89 86 90
45 98 85 4 47 15 98 71 64 14 45 1
17 22 95 71 67 76 14 38 64 22 92 19
92 17 48 73 73 74 72 69 44 87 99 72
80 68 93 64 51 60 42 38 94 95 77 84
59 11 58 78 75 38 18 89 39 58 22 1
42 32 26 37 99 73 94 49 40 66 10 33
62 50 65 60 14 66 48 45 32 97 27 3
65 90 99 10 46 94 26 62 51 7 92 43
65 97 30 31 94 55 29 40 54 75 21 65
71 41 75 3 9 4 59 81 42 36 53 75
74 32 40 33 2 59 5 46 82 11 98 47
70 14 39 93 17 83 69 45 81 64 46 10
8 92 83 96 13 74 11 89 67 73 100 69
10 10 13 92 29 47 36 98 83 100 72 12
48 8 57 11 82 49 70 71 82 55 84 2
74 49 94 89 73 41 96 17 93 23 76 89
94 73 31 91 82 70 15 97 29 41 84 69
60 67 41 4 1 66 71 54 42 98 49 4
12 93 72 71 12 63 1 99 67 62 22 83
49 58 64 54 19 100 16 34 69 30 70 45
28 9 84 60 68 86 36 20 41 58 5 3
94 47 20 71 70 12 99 75 16 80 25 65
94 35 77 25 14 100 65 32 96 23 87 85
76 7 54 87 61 67 100 32 44 89 93 65
5 54 38 66 12 51 90 71 89 28 36 71
27 10 64 84 82 77 54 92 87 81 5 81
98 27 50 25 31 48 1 90 36 40 38 24
8 21 83 58 13 66 23 86 25 54 43 54
96 62 11 45 54 85 30 5 59 6 89 44
3 38 34 59 87 49 91 19 34 63 80 48
20 30 93 87 74 11 88 23 55 5 57 19
68 11 99 81 55 1 26 69 90 59 63 23
52 88 83 86 37 86 69 24 9 92 38 78
64 79 89 44 93 44 39 54 34 37 55 80
39 97 63 97 45 97 31 82 70 65 75 25
21 100 74 99 100 61 69 24 69 42 90 77
53 29 97 23 42 80 34 27 76 68 9 9
42 4 98 58 13 20 10 23 80 81 80 38
56 59 34 57 83 95 94 69 6 81 54 93
31 83 76 92 6 70 26 67 63 85 84 38
92 98 9 18 47 72 53 88 47 70 62 75
84 61 89 53 13 46 65 99 96 19 66 41
65 29 92 67 46 60 59 63 97 79 33 95
7 65 10 61 23 11 91 71 95 82 44 21
4 24 89 67 25 98 85 30 52 17 32 20
1 91 52 43 13 84 53 4 90 19 30 70
62 56 40 43 93 74 55 92 36 100 3 5
23 27 65 81 94 44 76 20 1 58 45 2
37 15 29 13 25 41 23 28 93 61 48 2
74 13 30 92 87 28 35 22 57 89 38 27
6 10 53 80 7 35 48 43 43 68 12 65
85 34 18 68 45 8 100 23 69 9 80 77
77 18 100 41 2 76 31 46 41 30 4 61
4 78 87 72 35 22 66 29 93 26 23 4
20 29 63 95 20 16 97 72 72 71 71 13
77 100 64 40 41 39 47 36 26 42 83 40
31 11 28 50 83 50 100 63 9 11 66 43
54 87 34 23 14 19 34 76 30 9 31 93
59 38 22 76 59 40 10 31 6 99 19 56
100 37 62 64 42 17 4 8 94 72 70 40
100 6 38 83 52 81 60 92 69 59 85 94
26 35 30 48 1 53 50 45 25 72 50 100
40 53 33 47 95 36 56 42 44 36 81 45
86 4 48 99 2 54 73 74 64 51 21 60
59 5 26 90 4 64 66 1 20 26 8 56
76 58 54 26 50 62 70 100 45 67 6 22
29 53 56 10 33 99 59 91 77 12 97 46
