6
6
40 82 10 53 36 68
8 37 6 40 40 76
13 26 79 27 43 50
39 93 57 51 88 3
17 32 18 18 48 63
43 46 62 54 47 54
56 14 26 44 12 14
35 13 17 73 38 20
16 82 93 85 7 37
61 79 78 43 14 72
70 58 15 51 66 85
100 97 97 29 34 64
42 53 24 40 33 54
42 80 18 23 68 42
32 77 29 58 51 75
90 57 79 83 54 79
45 78 5 76 5 16
33 8 25 63 12 66
92 16 13 18 62 57
7 25 53 4 91 62
10 6 51 73 9 44
62 93 53 69 34 45
36 96 97 64 59 17
98 5 23 8 56 13
58 46 11 42 50 16
74 24 18 50 25 29
6 58 4 27 31 47
41 75 100 7 57 69
58 26 97 98 58 26
14 83 8 64 92 17
46 22 7 23 90 37
30 6 26 28 83 25
99 39 31 67 100 8
26 54 70 8 92 52
41 20 100 43 26 20
20 16 79 62 82 15
