6
6
7 18 2 10 6 16
5 10 14 3 10 4
20 4 11 19 5 7
3 18 13 1 15 14
11 20 9 11 10 15
4 20 7 14 19 10
3 4 13 15 10 12
7 18 2 14 14 17
3 19 20 10 12 4
17 3 17 18 19 13
15 18 11 17 3 12
20 4 5 9 6 7
16 6 11 12 19 8
7 18 15 6 18 13
9 12 13 7 5 1
1 15 4 13 8 10
13 5 10 3 15 12
2 12 5 15 18 17
16 10 16 17 10 7
19 11 19 15 4 18
11 7 9 16 2 5
4 19 16 14 14 20
19 11 15 17 13 13
1 5 7 12 9 4
8 3 4 10 1 10
1 1 1 19 10 20
10 17 18 13 17 1
6 8 18 11 2 4
13 12 1 13 16 7
20 6 18 7 19 9
3 9 17 15 13 8
4 17 18 3 17 7
9 14 13 4 2 7
9 16 13 19 10 20
1 18 12 11 4 15
20 1 10 14 8 15
