12
6
6 20 9 20 9 6 18 8 2 8 14 12
18 14 11 19 10 9 15 15 16 20 14 4
19 17 9 7 6 6 5 8 16 3 11 1
3 15 11 20 17 15 10 8 20 14 4 4
20 5 16 19 12 9 10 11 9 16 7 13
7 5 13 16 17 9 10 10 8 1 18 2
8 14 16 5 4 14 9 5 17 17 9 14
12 18 2 19 2 12 16 2 16 7 18 7
5 14 12 20 18 19 5 3 16 18 6 19
12 19 8 4 12 2 1 5 18 16 8 18
3 13 12 7 13 19 20 7 4 17 12 4
19 11 2 15 2 2 13 16 4 7 6 15
13 3 9 20 14 9 16 15 19 5 13 5
19 19 12 2 10 13 14 3 2 5 10 20
18 4 9 6 16 12 2 12 6 3 5 1
10 19 9 3 17 19 18 7 7 9 17 15
14 19 1 18 15 2 11 10 10 16 7 5
2 1 3 7 11 17 14 2 3 6 19 11
9 15 5 10 5 15 12 2 8 6 12 7
2 17 12 7 10 2 13 16 15 16 14 19
10 8 5 19 20 6 8 3 2 20 5 18
2 9 13 17 2 10 6 15 4 13 15 5
2 8 1 18 7 1 3 18 4 6 8 19
7 2 2 10 14 8 7 6 15 3 9 3
2 18 4 4 7 4 16 15 12 5 3 11
19 20 17 3 6 17 20 2 3 14 12 7
7 6 2 15 9 15 6 15 17 8 2 10
13 17 5 16 14 10 18 11 9 12 5 8
18 15 20 2 17 20 14 2 6 13 2 18
8 4 13 12 8 18 15 5 12 20 17 16
2 6 7 11 20 4 3 17 12 2 14 2
15 3 9 2 10 3 1 16 11 12 16 8
2 3 20 14 12 13 1 19 13 18 1 15
6 10 5 7 16 12 4 9 16 9 20 1
1 17 9 17 18 18 2 17 5 16 14 5
2 3 10 2 20 10 4 16 14 11 15 10
5 2 3 20 16 8 2 13 15 8 10 9
9 11 15 12 12 1 11 14 8 9 9 14
18 16 10 1 3 19 9 20 6 14 17 3
3 11 14 17 9 15 7 4 17 3 8 17
6 13 3 13 4 3 7 8 13 2 14 11
17 11 15 9 11 10 10 11 1 11 10 3
6 20 1 2 17 2 18 8 2 12 3 15
15 6 19 9 20 20 20 17 19 17 7 18
1 1 3 10 1 7 11 15 15 20 15 20
19 15 12 18 16 9 4 7 14 2 8 4
1 4 8 14 6 5 5 14 8 9 15 4
3 2 13 6 19 20 10 18 3 16 9 3
2 8 15 11 10 19 5 1 7 12 1 16
10 11 19 18 19 13 14 19 1 4 11 8
3 12 3 15 10 14 15 9 11 11 18 3
8 15 13 15 9 8 5 19 3 20 20 13
2 5 16 15 8 1 2 2 13 15 8 6
6 11 13 18 17 17 9 8 19 9 6 11
2 13 4 19 19 4 2 10 5 17 12 2
5 7 14 13 10 15 13 12 2 20 11 6
4 5 10 4 4 5 12 14 19 2 10 3
1 20 15 14 6 10 6 17 17 9 6 8
1 13 2 12 4 14 20 17 7 17 17 13
20 18 19 1 19 8 5 12 8 4 7 9
13 8 11 14 19 18 16 10 11 6 19 4
19 2 18 7 13 3 7 2 17 14 1 17
17 4 10 1 9 11 7 6 1 10 14 18
20 17 6 7 17 8 16 11 9 2 19 12
20 7 2 12 17 8 4 15 14 13 2 15
18 11 14 1 20 19 16 14 15 11 3 20
17 17 19 13 2 9 17 6 16 2 5 14
5 14 11 12 11 3 20 15 2 18 12 18
5 2 6 1 14 9 20 4 19 11 13 2
12 9 20 20 15 13 4 11 5 1 15 12
13 17 9 3 4 4 1 18 20 7 4 12
2 17 8 11 2 9 10 13 12 6 14 20
