18
6
68 52 67 34 76 79 69 23 6 18 91 24 35 37 67 17 27 100
14 52 12 80 72 7 72 61 52 21 58 66 81 64 36 10 1 29
52 11 78 79 50 2 99 45 48 68 96 35 63 6 83 55 20 88
29 32 18 44 25 58 99 55 52 28 99 12 26 88 50 91 8 28
28 50 94 5 44 1 72 5 82 80 53 87 81 43 17 77 99 58
40 19 45 22 20 46 20 36 24 52 82 76 64 39 8 10 93 3
93 70 45 80 81 59 18 68 18 36 43 63 95 19 73 73 17 52
84 34 13 89 68 96 42 2 40 74 76 50 61 1 26 77 29 47
93 100 81 56 5 90 48 97 61 86 27 79 87 70 4 65 71 91
77 63 35 60 2 81 18 99 97 77 49 57 92 95 42 7 78 36
17 68 19 90 66 24 44 99 18 15 76 36 32 61 50 10 45 74
42 8 77 10 51 89 17 68 94 29 72 11 86 56 43 91 18 95
22 85 27 89 89 92 26 61 66 32 30 27 29 37 60 28 74 5
22 51 44 43 69 82 46 15 3 63 16 24 70 22 50 91 67 24
95 68 80 63 67 56 45 89 39 56 95 64 9 96 40 84 69 30
17 29 32 46 4 56 75 93 7 29 9 97 24 39 28 18 47 6
17 94 20 72 35 22 24 81 62 89 88 95 71 56 51 99 71 79
77 40 55 17 54 65 63 91 62 67 72 96 82 36 10 62 90 24
69 48 51 98 57 32 1 32 77 50 51 89 92 31 64 34 80 40
25 51 17 91 77 55 9 39 76 80 22 48 3 40 53 52 17 39
26 5 47 1 30 60 75 41 4 24 6 37 23 99 30 19 93 28
61 67 17 61 29 32 62 25 82 99 27 50 68 71 67 89 5 31
14 63 42 31 78 38 56 25 30 88 17 8 72 70 6 85 48 4
66 22 97 96 42 43 34 85 31 5 65 43 53 21 21 74 61 91
16 19 20 70 75 23 70 34 62 88 32 40 77 21 91 38 50 99
88 50 12 74 74 44 4 31 77 19 36 60 17 82 56 80 74 21
11 76 1 36 63 77 36 47 21 98 57 83 10 29 54 5 49 96
57 26 77 29 28 41 88 23 92 42 14 28 9 55 45 16 65 89
30 88 97 55 83 11 33 43 74 24 30 14 65 58 72 63 92 94
60 64 93 85 15 30 22 71 29 98 75 63 19 96 21 24 68 41
90 11 72 25 20 82 6 49 8 3 99 95 97 16 54 76 30 94
74 1 63 13 90 44 5 33 5 66 2 52 76 7 8 44 12 59
54 30 21 76 98 73 25 95 53 1 38 75 17 60 43 17 76 40
35 86 14 83 46 31 13 94 5 33 34 38 30 96 32 9 94 56
16 26 79 25 65 73 20 58 90 14 51 25 64 63 86 63 79 20
60 94 59 48 78 56 34 60 87 61 63 13 44 29 95 76 49 100
36 73 43 60 65 27 100 65 98 40 39 73 19 64 43 48 89 63
3 9 94 54 78 55 77 11 63 59 35 87 78 89 7 43 78 65
78 53 52 73 49 24 97 49 67 69 1 3 41 12 49 44 84 48
95 28 21 8 66 2 66 31 69 88 48 33 97 10 3 89 45 15
85 78 9 62 74 85 77 26 92 10 48 70 24 29 85 79 13 84
14 76 93 28 100 34 100 40 15 13 67 63 74 27 39 26 63 30
39 86 76 88 39 32 88 19 97 68 54 48 42 12 21 77 32 45
58 43 32 51 20 60 99 99 52 40 12 90 24 78 58 26 91 35
80 80 80 96 71 51 53 54 64 6 84 4 32 67 36 62 22 38
37 89 95 72 30 69 58 72 40 67 62 18 62 8 97 100 10 9
87 100 11 41 52 75 30 38 62 82 36 65 36 72 39 99 33 17
66 99 8 13 34 77 58 9 85 39 6 63 76 40 20 7 2 61
23 41 83 85 40 71 62 7 27 91 56 84 47 65 14 43 25 90
64 97 22 9 1 32 12 31 37 86 19 75 1 70 67 82 74 72
100 97 90 24 69 20 9 79 75 96 90 57 97 15 55 90 19 16
76 74 21 53 6 47 62 21 86 86 30 2 12 84 67 54 79 54
98 10 15 68 35 56 15 45 8 80 30 1 18 57 16 53 55 1
26 68 97 5 88 46 16 30 53 57 59 44 3 75 100 1 59 5
75 72 49 27 3 72 95 82 26 59 86 30 71 38 16 14 39 81
98 62 21 44 36 47 81 13 77 98 92 7 97 25 22 71 34 24
5 97 3 20 45 30 96 75 26 15 97 83 75 78 22 28 88 54
32 59 44 58 86 19 64 42 74 71 39 47 90 43 23 85 15 5
14 73 64 9 33 12 26 96 2 11 40 97 77 2 49 63 98 25
49 6 93 40 18 11 41 87 9 57 3 90 70 22 60 18 69 96
98 23 92 64 22 19 65 87 72 89 51 24 30 97 32 83 53 86
53 24 31 22 1 54 90 70 92 61 48 67 41 24 17 74 26 86
12 25 66 95 27 86 4 35 59 54 9 93 24 81 37 70 88 18
62 38 76 48 89 34 94 2 65 60 72 51 66 95 35 30 72 39
39 78 25 46 99 79 69 57 18 61 70 24 62 62 8 51 1 76
7 92 67 39 97 86 96 85 28 88 6 73 46 57 65 53 11 77
97 62 56 76 20 77 34 41 76 24 76 12 38 33 66 1 44 42
12 15 4 6 17 36 87 57 24 86 9 36 23 55 96 78 45 95
47 69 70 32 42 57 32 86 46 100 35 65 95 81 87 11 5 51
8 72 38 91 64 45 61 75 83 89 41 7 90 72 82 33 26 43
98 83 15 14 23 100 39 6 20 36 49 59 91 85 62 79 63 19
52 70 95 63 53 93 83 15 23 41 64 5 88 5 30 1 67 71
92 70 20 39 91 4 7 14 97 12 79 37 7 49 14 66 71 80
93 80 42 82 15 33 65 94 79 42 62 20 97 28 87 55 41 94
6 34 53 3 53 82 10 47 11 52 12 12 96 58 77 94 80 52
7 43 33 53 12 67 23 85 78 73 11 90 58 53 48 86 49 83
40 5 45 56 66 100 77 74 40 18 51 38 75 27 19 61 44 64
100 67 74 42 65 86 50 33 25 3 77 18 15 10 69 78 25 100
70 99 89 51 1 30 28 100 46 59 98 58 4 97 75 12 12 9
81 48 95 34 13 41 97 26 37 59 73 83 36 80 68 23 42 66
52 35 95 69 93 99 18 17 38 9 2 49 49 38 8 65 2 54
18 92 66 40 32 33 1 43 5 53 87 64 10 38 49 68 68 9
48 98 14 69 76 6 66 30 67 26 31 42 52 50 27 38 77 9
91 10 55 98 10 20 89 46 36 8 42 61 16 22 81 99 13 74
75 90 75 22 91 98 43 90 92 38 62 56 82 11 97 20 97 77
36 55 99 58 51 77 17 49 89 74 3 48 56 80 52 22 69 14
47 40 35 15 76 11 37 48 35 86 89 71 6 1 95 53 66 75
22 66 26 64 51 18 34 60 12 18 86 32 91 20 19 56 95 17
66 51 28 48 1 98 18 37 45 13 39 20 91 95 41 79 23 31
64 12 79 100 26 75 20 87 26 97 75 58 77 95 18 36 79 42
30 56 53 100 99 39 78 11 31 49 45 32 37 54 20 52 1 23
71 36 78 53 3 85 35 30 99 21 92 11 81 99 64 5 18 43
50 34 35 6 67 28 35 61 85 36 23 63 62 36 62 100 65 20
47 9 70 16 67 80 56 80 86 34 79 33 11 15 64 12 65 31
5 1 60 99 69 19 53 50 22 87 89 43 66 39 42 81 21 98
89 2 44 98 16 88 49 61 59 92 10 10 38 78 87 63 63 99
92 59 45 83 31 56 50 65 40 97 41 86 63 88 43 48 2 81
61 54 29 91 60 55 77 17 21 41 17 68 78 87 43 40 89 90
87 70 35 95 14 38 12 4 89 19 83 34 59 83 47 40 19 35
22 38 31 8 95 94 45 25 40 75 18 46 98 35 43 41 66 15
48 29 73 70 15 66 97 24 22 42 75 88 41 12 48 29 51 88
53 48 41 89 85 68 2 75 35 86 80 43 39 15 7 68 22 41
98 62 64 88 30 68 18 12 88 61 54 53 83 38 22 82 12 51
58 36 4 67 10 64 57 22 68 11 41 19 58 29 67 66 69 64
8 88 19 37 54 63 9 39 63 72 73 52 4 15 56 47 96 75
41 82 21 61 18 20 96 89 40 25 31 45 15 35 69 11 43 77
76 73 83 80 2 45 84 39 96 80 81 92 2 29 65 62 15 58
62 64 34 42 71 76 52 36 89 52 9 18 50 45 46 58 68 64
