16
6
87 91 96 78 36 97 24 15 76 47 53 93 69 99 3 12
95 34 72 80 9 63 24 82 78 41 38 41 17 11 17 8
51 95 66 43 56 70 88 3 87 24 48 59 92 8 34 40
11 26 10 74 53 94 40 93 9 13 18 11 6 67 21 84
8 54 73 43 89 53 46 57 1 63 23 7 32 41 17 82
70 83 28 45 74 65 48 42 97 86 52 59 5 12 99 36
30 90 63 54 22 63 23 84 90 20 23 11 53 63 32 32
34 90 8 77 33 77 80 98 52 1 4 36 56 65 51 86
21 11 26 49 46 4 94 86 81 43 46 84 25 70 87 85
8 17 53 51 82 94 67 14 48 58 14 56 6 77 77 53
83 38 26 83 48 50 4 28 78 29 18 52 23 93 74 25
57 37 66 20 40 54 14 89 71 82 53 10 41 40 88 94
57 52 55 43 37 58 18 9 13 95 1 98 80 81 35 54
79 43 53 65 99 6 42 53 36 68 87 22 17 87 2 33
4 41 25 21 69 61 48 92 48 100 51 89 88 58 14 27
8 90 91 41 28 17 77 4 71 79 16 53 75 22 50 20
2 81 58 97 41 67 58 96 38 12 59 85 18 62 64 29
47 29 45 36 59 82 22 65 16 60 6 28 21 98 100 17
48 19 90 99 57 79 75 23 37 86 30 81 93 84 1 15
77 100 17 50 86 18 36 81 86 69 67 52 87 47 65 14
95 11 44 92 21 52 23 31 24 79 49 72 30 61 21 40
4 85 15 43 55 69 4 63 87 76 54 37 92 73 80 14
16 92 70 10 69 67 99 9 63 17 97 12 11 97 48 50
71 55 20 64 19 84 64 16 48 76 36 65 39 24 97 72
15 70 2 41 63 28 48 21 12 66 30 87 89 51 44 89
24 10 52 4 91 45 15 36 52 81 24 51 71 43 69 42
16 50 39 42 90 25 80 2 70 83 60 13 88 51 59 17
81 31 29 65 35 24 60 46 56 55 87 89 75 52 38 79
7 44 79 55 85 32 51 83 47 72 38 11 30 62 50 33
27 98 81 49 92 90 77 17 61 68 70 19 10 67 22 46
15 53 36 70 81 69 5 18 86 60 43 53 5 61 39 49
58 13 80 33 66 85 35 85 17 37 16 81 61 13 9 60
13 71 18 87 24 70 52 11 74 1 35 88 38 79 14 3
62 71 8 58 76 51 30 66 76 18 83 71 13 25 44 83
96 44 84 42 70 59 66 57 75 88 4 58 76 77 27 45
87 90 59 7 25 2 50 62 54 32 28 81 36 8 44 93
89 51 69 17 44 81 3 4 14 22 6 82 77 22 67 100
80 5 62 64 44 94 45 49 50 70 8 69 56 100 75 19
10 95 41 79 37 94 98 11 85 98 92 31 89 45 75 30
78 5 45 35 51 4 20 64 46 57 40 18 41 85 89 95
90 16 48 85 32 89 80 74 39 80 55 27 44 63 90 6
67 66 83 82 2 3 57 6 97 19 83 54 63 59 14 20
1 14 81 24 20 13 82 34 72 39 50 78 65 46 38 37
95 95 97 76 20 43 15 95 39 29 24 10 78 52 64 29
85 19 18 2 68 82 76 30 64 15 66 12 53 94 36 62
68 34 12 59 60 60 63 27 27 28 70 8 61 41 11 75
30 17 67 44 24 47 48 39 44 56 10 94 24 65 47 84
77 26 88 52 56 27 68 93 32 100 2 6 52 41 34 35
73 100 16 43 38 9 76 52 16 48 29 99 31 62 31 8
8 88 31 85 43 80 48 36 80 72 29 80 52 13 21 84
1 3 23 75 45 6 65 47 44 91 78 56 42 29 72 47
50 60 93 68 73 55 97 60 16 31 14 82 6 58 53 3
55 3 95 11 14 19 28 30 73 45 88 29 97 79 28 77
37 28 99 45 27 43 32 100 95 67 35 61 76 46 13 26
13 52 73 50 83 6 100 44 4 17 30 62 75 53 35 33
20 85 43 9 86 42 28 50 14 66 53 17 22 44 17 87
34 71 24 76 74 71 1 41 48 63 17 68 67 33 33 4
90 65 27 66 47 20 35 89 50 77 52 95 95 100 91 80
53 4 14 33 47 57 3 72 2 77 58 7 79 100 37 90
37 100 25 18 79 21 17 65 12 48 64 87 70 60 31 15
42 89 21 38 80 68 80 6 6 42 33 48 22 59 70 26
79 1 74 61 45 58 65 17 43 45 83 83 85 100 54 98
79 49 82 86 35 60 4 54 24 13 60 49 86 79 22 27
46 56 88 20 72 44 3 50 99 66 43 64 93 28 24 33
55 46 1 88 15 92 28 43 4 13 99 55 49 56 84 17
71 2 42 84 65 95 58 4 47 10 34 5 52 91 11 67
42 43 70 5 1 44 84 79 65 4 80 10 39 50 11 32
2 78 7 98 77 94 26 83 1 34 79 11 73 70 55 3
56 89 82 63 71 51 86 2 28 88 15 55 60 59 42 43
19 87 29 37 37 34 24 14 12 44 29 46 89 23 80 10
8 10 83 81 32 68 75 40 57 70 30 19 93 37 1 18
64 51 51 51 10 4 13 34 40 48 18 21 15 87 54 2
87 79 66 43 45 17 93 54 36 34 51 1 90 47 40 32
82 70 59 1 59 52 59 53 41 95 3 63 87 13 96 41
61 47 93 77 69 64 93 4 25 63 92 32 7 31 15 85
2 89 15 78 89 49 61 49 48 69 98 7 84 19 97 75
4 10 77 27 15 83 38 51 41 36 23 14 2 2 18 81
21 42 33 4 69 45 61 61 9 64 92 94 68 35 8 77
25 59 46 9 43 82 71 38 5 45 40 31 36 81 41 63
82 57 17 54 13 35 92 1 60 45 34 86 20 14 71 53
27 8 41 71 85 46 45 10 81 37 77 20 39 9 71 38
4 34 47 19 13 86 14 67 86 31 18 18 4 33 10 13
39 5 86 42 73 90 78 69 20 79 50 22 1 41 90 29
9 53 23 5 34 40 6 45 91 41 9 12 24 13 86 99
85 9 28 31 4 79 31 11 47 83 21 3 22 30 98 85
18 63 85 98 67 75 44 94 70 7 53 42 53 80 69 38
15 95 3 24 43 76 38 53 85 81 16 81 40 56 89 26
44 95 76 4 9 77 33 61 60 20 19 8 30 92 43 85
82 18 1 93 15 92 22 39 75 9 3 46 65 91 88 73
30 58 15 67 27 26 63 97 90 62 69 21 60 92 97 23
94 67 20 38 1 51 41 92 26 48 52 54 1 25 61 42
75 1 75 37 10 99 67 93 33 38 80 100 90 87 33 11
37 88 80 93 76 48 43 74 58 47 24 58 24 30 1 75
27 66 17 38 3 88 67 20 62 100 7 33 68 95 35 88
68 26 98 7 58 8 32 24 22 24 88 98 97 95 38 99
55 1 76 69 35 27 56 13 46 28 91 73 33 4 30 37
