6
6
7 16 33 87 89 42
81 29 24 21 74 3
47 26 99 16 67 89
47 50 8 64 88 64
61 12 91 1 65 77
66 79 41 59 66 42
76 77 67 42 41 36
41 82 22 81 9 41
49 70 41 52 75 87
98 47 3 45 72 91
67 23 42 13 23 41
41 94 95 39 76 80
79 54 58 21 15 28
27 13 99 32 75 19
78 99 93 52 20 26
58 12 28 86 20 92
6 47 52 43 9 51
83 37 7 26 75 22
7 68 69 56 94 71
94 72 63 26 9 22
100 88 69 89 15 26
59 88 63 94 34 80
63 8 77 53 18 18
80 76 60 46 13 71
41 95 12 5 15 12
40 33 63 6 32 53
18 25 98 44 47 88
11 87 23 27 40 4
21 44 34 49 54 41
86 14 35 66 98 79
24 97 34 81 10 62
26 72 24 94 1 70
85 5 60 7 19 97
16 62 38 77 94 97
36 13 3 1 61 5
11 7 44 82 85 45
