10
6
28 79 52 22 84 73 47 7 20 29
47 96 85 8 2 10 30 84 7 48
25 4 12 49 91 94 79 17 3 42
62 51 89 67 13 82 9 12 81 82
4 96 88 34 60 67 17 96 39 51
71 31 80 81 93 12 7 29 46 80
13 60 74 92 100 84 39 70 63 37
34 92 9 81 47 61 81 80 51 39
25 21 4 52 87 30 43 61 23 56
90 88 81 53 37 39 91 31 8 74
81 39 90 72 8 35 93 10 29 80
33 96 22 15 15 77 13 87 48 37
59 42 37 92 90 28 79 76 29 32
95 4 68 76 79 83 91 60 80 56
76 95 8 54 14 91 55 77 82 81
85 7 49 9 9 80 93 14 47 55
59 84 12 2 4 61 93 95 92 28
96 33 13 25 12 42 83 64 84 54
53 10 49 64 7 69 85 37 100 75
24 92 74 82 41 85 13 38 27 96
30 71 52 35 21 94 77 25 61 4
62 95 25 37 66 70 25 30 11 30
13 73 42 16 11 86 52 24 49 13
30 23 95 80 21 97 7 98 51 75
67 4 61 44 79 35 57 91 95 68
91 3 50 39 74 39 54 74 7 93
1 39 26 58 44 98 39 73 24 62
93 77 88 54 60 29 62 27 71 16
79 41 47 84 28 47 18 53 11 51
22 95 20 8 2 79 30 63 10 14
92 10 23 76 18 35 69 21 9 10
8 35 27 67 41 66 37 48 23 12
32 11 94 85 47 21 21 24 20 98
54 70 47 22 12 21 40 11 38 17
69 95 23 9 91 17 100 15 31 69
2 39 19 12 28 77 49 55 88 55
11 38 68 100 26 52 4 33 75 38
36 9 68 22 13 24 69 88 64 95
72 31 69 87 62 65 67 89 19 17
10 36 95 1 57 94 68 54 18 30
35 93 99 20 44 67 4 63 64 54
11 57 44 36 91 61 78 100 38 39
10 17 83 57 45 77 63 33 90 62
27 6 50 21 17 7 29 63 47 37
82 70 76 33 90 67 54 15 40 90
56 66 44 48 73 60 65 7 43 45
81 4 96 14 98 75 64 1 16 61
68 16 69 80 92 26 79 4 11 23
96 48 36 10 13 67 27 61 50 46
45 2 98 23 11 45 57 19 66 38
99 53 90 20 5 86 42 7 42 95
52 57 35 80 74 21 86 3 53 22
83 76 7 54 4 55 13 2 7 72
93 5 16 39 49 58 21 94 47 9
92 79 47 10 69 79 88 67 31 59
5 8 79 96 24 76 83 49 97 37
5 43 77 33 86 32 8 84 76 28
17 56 70 99 36 77 40 24 15 1
5 3 92 22 55 97 77 7 7 62
75 14 51 17 76 78 59 97 17 97
