8
6
88 15 71 25 33 84 23 4
81 11 34 4 3 96 38 86
21 73 74 4 88 23 23 43
40 23 73 13 26 71 45 97
82 34 1 68 57 70 28 21
38 18 44 48 82 79 54 8
86 83 78 29 98 6 2 38
37 88 79 39 19 78 68 76
48 61 41 30 42 54 66 61
30 41 17 22 22 99 33 30
68 42 56 91 95 79 92 69
64 9 20 11 34 69 78 55
25 20 85 26 28 63 23 68
74 8 58 5 11 21 9 98
37 88 83 53 17 62 93 52
63 51 69 31 86 64 42 99
96 17 92 24 71 75 40 94
67 7 82 42 23 16 55 12
88 35 16 14 65 71 33 47
81 12 70 2 44 22 88 1
88 85 48 46 83 38 5 100
42 68 69 7 12 65 73 58
53 68 49 98 86 93 16 28
15 41 57 83 66 68 85 35
75 68 4 64 16 57 9 10
32 39 64 23 76 77 69 44
77 63 29 20 57 67 55 47
55 67 60 30 96 36 33 96
62 54 93 62 95 96 22 71
34 57 66 93 53 8 19 98
96 35 39 69 69 69 98 39
82 1 61 5 58 3 14 47
27 43 1 67 32 87 16 38
87 40 82 66 23 40 1 34
59 59 10 60 56 45 18 35
10 86 57 59 92 52 45 14
72 34 62 77 45 35 72 36
73 25 49 69 100 30 11 41
45 35 73 3 42 82 36 51
55 61 80 10 88 90 97 66
16 73 52 1 73 76 50 94
1 36 99 18 53 81 4 29
99 35 96 96 75 44 22 54
43 36 3 66 71 29 46 69
7 22 15 47 51 29 11 83
35 81 56 55 61 89 86 2
75 13 37 43 11 52 84 23
96 8 98 52 18 83 30 65
