14
6
96 28 46 4 99 98 69 56 81 78 27 19 8 62
20 77 38 54 35 18 30 68 57 19 26 55 46 48
30 16 15 94 37 56 90 61 50 62 56 80 29 31
61 3 15 24 48 39 17 40 22 24 9 84 8 87
29 45 60 60 94 39 73 92 78 88 6 43 97 72
62 36 46 81 29 29 95 41 36 13 29 95 34 19
26 41 12 83 22 82 26 29 48 63 35 65 41 17
82 4 66 5 40 38 44 38 85 66 56 89 42 19
66 51 75 85 85 75 43 8 50 31 90 45 14 25
2 57 52 27 59 45 82 4 70 54 31 37 83 95
51 79 19 43 95 77 64 98 44 70 46 27 82 66
28 89 38 12 64 84 49 84 19 7 36 15 13 85
38 4 30 36 72 14 76 59 12 43 24 59 21 82
49 22 39 35 55 72 5 17 30 90 28 100 22 45
24 60 62 36 85 32 92 21 73 46 53 8 56 87
96 71 62 35 27 9 96 17 20 9 78 19 63 66
81 3 1 73 34 48 52 68 13 79 51 50 74 61
3 72 67 14 22 84 79 17 15 66 61 24 30 49
54 2 13 45 91 20 22 19 13 93 4 38 99 67
88 39 4 48 40 100 41 54 64 17 85 31 25 14
29 86 12 73 7 4 73 70 12 94 9 34 75 88
67 96 24 96 8 89 97 49 75 92 47 19 27 6
66 46 46 36 92 44 96 16 60 30 63 21 62 30
57 9 40 99 43 11 22 88 56 3 16 95 52 32
30 69 39 66 94 78 91 79 41 50 27 93 32 20
85 58 94 24 51 77 91 67 57 34 43 100 69 27
36 42 13 80 88 61 55 73 51 90 9 44 89 18
54 78 84 19 97 26 99 31 9 18 73 43 77 21
62 74 22 16 83 17 27 16 91 50 31 72 36 77
51 41 38 23 51 41 91 18 25 41 58 93 87 34
56 31 23 53 6 21 51 80 54 22 66 80 6 44
13 83 98 52 72 19 80 73 46 98 54 40 30 78
65 16 50 10 49 80 81 30 34 23 52 100 5 9
68 81 89 44 15 16 13 21 32 16 23 41 61 79
11 100 21 84 75 90 58 83 60 94 2 83 75 55
66 12 67 17 23 92 66 91 7 18 20 49 5 35
35 52 97 19 90 70 2 16 88 69 90 75 26 5
85 54 63 52 80 80 18 93 47 33 24 64 94 26
66 11 52 22 19 39 85 74 81 7 19 83 74 57
50 14 20 75 34 95 25 88 63 78 89 52 53 87
46 86 70 66 20 32 91 62 13 42 58 20 39 83
11 71 48 68 63 88 70 58 26 36 13 28 78 45
59 97 24 96 30 3 36 21 72 52 67 16 84 22
18 23 93 100 13 8 41 29 53 11 89 29 98 43
20 44 9 56 86 53 89 62 86 79 84 31 72 37
49 20 27 22 60 98 89 74 100 24 95 87 8 71
35 25 18 63 45 2 66 50 6 48 56 48 83 22
27 67 77 29 61 24 23 26 46 4 85 86 85 87
2 76 11 47 1 2 91 81 21 92 30 54 65 70
13 94 8 94 53 61 49 23 34 96 14 24 33 38
47 94 61 62 29 49 60 85 65 26 46 33 14 77
30 19 89 30 35 36 15 86 12 58 90 79 38 17
67 91 17 38 11 50 8 82 3 31 58 33 29 63
92 90 29 75 85 41 94 42 86 69 23 10 79 65
23 80 73 50 67 6 57 93 16 14 95 32 76 8
47 17 9 56 15 91 89 67 48 80 24 45 80 74
93 28 18 92 85 82 41 15 26 59 64 33 19 65
43 95 92 30 88 78 67 23 35 100 48 47 100 54
3 36 93 49 82 45 82 72 95 39 14 57 18 17
81 72 58 16 20 8 69 96 73 31 3 40 92 66
65 95 57 14 71 9 72 54 11 34 46 65 54 49
84 31 89 90 55 32 11 41 93 39 19 98 59 72
31 20 19 81 71 7 21 81 70 63 66 43 69 76
20 64 55 41 77 80 98 14 46 8 11 13 27 19
22 83 71 34 88 89 65 8 76 94 82 67 9 71
23 36 25 36 43 79 26 86 87 20 93 83 47 68
60 72 73 7 47 39 11 89 29 49 46 92 4 25
16 60 2 42 94 99 65 92 37 37 85 62 41 83
33 56 60 36 72 80 18 12 88 75 57 3 71 45
11 35 97 35 12 55 91 9 22 72 87 75 69 72
58 70 7 1 95 81 31 26 9 96 59 75 73 53
75 92 59 6 17 68 3 61 100 68 89 36 22 59
57 52 41 46 100 90 22 93 24 99 47 8 13 14
91 41 94 53 96 29 27 85 43 99 21 26 58 66
8 87 51 95 62 90 28 32 53 39 96 29 89 88
65 5 54 5 21 5 89 80 30 1 89 89 86 46
21 27 7 3 84 76 68 67 35 70 89 100 2 57
11 32 7 91 5 25 20 72 38 54 62 35 1 36
63 39 15 24 45 2 81 53 6 7 13 42 62 22
100 8 56 92 59 83 98 52 31 98 96 11 88 66
22 11 68 77 60 3 98 31 80 92 30 38 92 50
87 54 75 24 25 38 25 8 64 39 35 69 14 99
1 37 29 41 65 15 58 20 32 59 60 64 22 81
85 84 93 3 61 48 59 100 18 58 63 97 30 16
