12
6
13 19 18 32 44 62 11 82 17 81 90 16
92 67 97 13 71 40 84 19 72 71 78 47
49 100 75 10 21 42 35 88 22 16 58 11
17 51 82 14 15 85 79 49 89 43 9 57
60 36 4 34 34 76 85 25 96 69 67 19
59 1 76 27 76 66 96 4 58 84 60 12
54 39 82 13 71 25 49 35 6 84 70 55
59 52 91 66 62 15 52 95 28 60 91 98
31 86 49 45 7 50 54 20 30 33 63 33
37 76 13 37 88 34 64 5 42 50 38 2
73 33 25 66 64 28 34 50 2 95 40 73
90 47 66 71 68 65 63 58 72 80 95 38
94 91 44 99 13 61 85 7 4 100 33 95
1 60 23 79 45 73 23 98 90 27 62 78
16 80 80 50 27 18 84 51 14 6 50 36
54 26 60 20 68 42 4 13 17 57 48 66
99 85 36 25 3 3 48 48 93 64 16 43
12 38 26 16 85 21 70 41 64 12 53 15
72 82 81 3 17 37 91 85 71 31 32 38
7 34 34 20 54 57 56 36 38 12 70 14
96 4 98 48 70 97 46 100 61 62 69 92
57 64 97 27 30 78 62 26 91 77 31 92
19 62 54 86 83 90 29 31 94 38 26 82
50 85 95 16 11 42 29 66 53 13 14 24
13 63 45 20 72 30 8 100 13 75 39 98
48 57 75 16 79 28 84 87 25 10 98 7
19 88 37 56 85 84 92 21 73 72 64 25
87 85 95 27 9 96 90 57 18 78 9 86
31 16 5 59 14 84 88 59 18 70 22 51
89 47 14 80 13 51 49 15 19 80 57 77
31 33 24 30 26 71 41 50 64 6 92 30
77 35 51 39 68 65 83 14 95 82 16 22
79 56 50 57 64 21 63 95 30 10 97 40
100 23 83 45 32 71 26 44 87 41 43 51
78 72 12 54 52 1 47 45 74 73 41 86
38 66 69 14 61 28 10 48 64 99 92 17
98 53 80 58 33 99 36 14 82 45 38 67
91 7 36 6 40 60 43 64 84 74 28 65
77 39 61 79 26 37 13 81 11 11 59 73
28 32 95 86 3 25 43 100 3 83 79 86
78 91 49 80 87 21 25 29 22 48 32 47
63 99 25 36 14 42 10 94 84 97 43 88
19 80 21 50 36 20 55 65 5 11 32 50
91 15 17 5 36 96 86 88 23 73 25 45
58 39 18 62 5 50 62 37 18 53 83 100
1 39 40 56 95 3 4 66 19 84 99 71
89 7 44 71 59 55 17 37 57 8 15 82
17 94 19 34 29 39 53 7 58 64 7 95
52 58 44 85 37 71 3 90 14 36 58 44
6 23 56 35 80 45 54 43 73 7 89 29
34 55 84 92 54 49 99 4 14 4 26 57
15 44 19 40 17 67 88 7 88 29 5 87
29 35 20 39 92 98 27 32 20 69 85 85
58 71 5 87 55 29 29 8 59 97 86 98
57 30 75 9 48 59 90 63 15 19 94 70
81 11 2 57 15 77 42 74 25 79 32 81
84 15 32 4 15 93 56 61 90 72 63 85
79 14 80 9 19 23 67 46 30 27 65 78
81 63 19 22 40 53 73 27 73 55 91 63
47 88 78 89 54 8 21 31 9 75 12 23
14 8 51 25 67 22 74 84 62 73 95 35
28 32 73 40 20 28 66 23 53 40 28 21
9 2 22 5 31 23 19 40 14 88 6 7
35 93 15 19 47 28 39 74 11 54 21 23
11 42 17 25 55 27 50 9 92 8 56 85
67 54 76 92 76 70 13 26 57 62 69 65
56 25 53 3 74 59 71 95 11 93 16 69
82 39 74 38 32 22 71 44 41 13 54 31
39 56 3 28 35 42 89 77 54 64 14 42
36 42 44 5 12 39 72 21 96 75 29 45
37 68 76 67 85 47 19 57 94 59 44 59
37 94 43 27 87 90 61 57 52 1 37 90
