22
6
12 16 1 18 12 3 9 4 18 5 16 18 4 11 5 10 14 11 17 5 2 5
16 12 3 17 8 17 19 7 3 6 9 13 10 9 9 13 16 1 1 6 6 3
19 16 17 4 2 17 19 6 16 7 12 15 9 6 13 16 2 14 1 16 2 1
19 15 8 13 19 13 5 14 4 16 6 13 20 13 9 5 20 5 13 13 4 2
16 20 11 20 16 10 13 9 12 16 17 8 20 6 12 15 17 15 15 18 13 10
3 7 8 19 16 6 13 1 17 17 12 6 19 12 14 11 19 17 2 14 4 17
17 14 2 5 15 10 20 17 10 5 2 17 19 19 15 14 9 8 15 5 12 12
2 3 17 10 5 1 12 6 17 12 4 19 11 20 10 18 19 4 7 2 13 8
2 16 19 5 10 15 14 2 10 19 2 3 5 16 11 14 4 19 1 7 6 8
6 12 20 14 14 18 19 1 2 12 15 10 3 12 18 2 13 1 4 13 7 3
19 15 6 7 17 6 11 6 11 17 18 19 14 14 3 16 13 11 18 18 5 12
15 2 3 11 1 4 19 2 16 19 9 3 12 9 18 18 10 16 9 3 5 17
14 12 12 5 7 14 7 2 1 20 11 13 13 13 7 2 7 19 10 9 12 8
18 5 2 20 2 4 18 7 5 9 1 15 5 10 1 16 16 19 16 16 20 10
4 3 17 12 4 19 14 12 6 5 10 8 5 19 19 1 1 20 16 13 4 11
20 7 15 4 16 2 9 14 19 12 10 14 8 1 8 16 4 7 17 5 13 12
7 11 2 15 1 13 19 6 8 20 17 18 1 17 11 13 18 10 6 13 17 16
18 9 10 2 10 17 7 20 6 12 6 20 18 19 6 14 18 4 9 15 16 19
5 15 1 18 3 1 18 17 11 2 16 13 2 1 2 5 12 12 4 4 12 13
10 20 6 12 5 8 13 8 12 9 1 14 9 3 4 9 6 9 13 8 19 6
3 15 7 14 3 8 19 2 2 1 18 8 20 14 5 19 9 20 13 5 5 2
18 10 17 4 1 3 12 3 17 7 20 6 14 17 3 6 6 17 17 6 1 6
19 5 6 8 4 11 20 2 15 4 1 20 6 8 13 14 15 8 3 2 13 17
15 15 20 13 16 8 11 15 3 9 18 14 18 12 13 14 19 6 18 18 12 11
7 10 7 2 13 10 10 1 4 17 10 1 18 5 13 14 8 10 3 17 12 9
18 16 14 17 14 20 16 3 20 7 10 9 17 17 10 7 18 6 12 20 15 10
2 10 18 5 20 4 15 3 8 8 16 2 18 12 5 7 12 6 5 11 3 16
11 18 8 16 18 15 11 19 6 6 3 12 18 17 6 12 20 7 4 8 12 20
15 1 10 13 20 11 16 14 13 12 8 15 2 18 18 3 15 2 20 1 1 5
14 16 9 2 13 13 15 2 4 7 20 2 13 6 20 20 1 1 6 16 19 17
19 6 1 7 19 2 6 7 19 19 8 3 4 5 7 13 1 6 5 3 11 12
17 16 14 6 12 3 18 18 15 3 2 19 18 3 18 18 5 7 7 2 17 1
8 8 10 9 5 15 13 12 5 9 7 19 17 15 7 10 11 1 10 20 11 9
19 5 9 1 8 9 19 9 2 16 10 9 20 17 20 15 6 20 15 3 8 12
3 16 2 11 17 14 11 17 12 5 20 4 15 2 12 7 12 12 12 13 9 16
12 19 15 5 13 10 18 6 19 16 11 6 8 3 20 3 14 20 14 15 8 6
17 3 1 7 12 19 13 20 19 4 20 3 19 13 14 5 17 6 11 7 19 3
2 4 10 5 20 2 18 4 16 15 15 8 18 18 18 3 14 11 10 18 16 16
3 10 1 5 1 4 2 12 10 6 17 14 7 9 3 13 6 16 10 1 14 7
19 7 20 12 9 2 17 4 16 13 18 10 5 3 12 9 19 5 16 7 15 12
11 18 12 19 18 9 18 6 12 20 2 5 8 9 4 1 8 19 19 13 17 20
16 5 16 4 4 2 9 12 7 15 5 3 9 6 15 13 3 3 18 10 12 20
4 3 1 6 9 2 1 8 16 13 14 13 6 3 6 8 4 3 19 9 19 6
20 20 9 2 1 4 5 15 2 11 12 5 8 10 20 4 8 2 15 10 12 14
9 15 12 15 11 8 13 8 12 4 8 1 16 1 10 9 7 14 9 1 11 8
12 11 8 8 8 7 9 10 4 17 10 10 1 17 2 2 1 1 14 18 13 12
7 15 2 11 3 9 1 11 8 8 20 14 1 6 14 9 10 5 7 19 10 5
3 15 13 19 9 14 14 11 16 12 15 19 2 4 20 7 5 13 15 2 19 18
9 4 3 16 4 2 17 8 4 20 4 3 17 13 13 15 5 5 1 18 10 1
16 3 13 2 1 16 7 7 16 11 15 20 3 11 11 11 17 8 9 5 4 3
19 12 9 6 12 11 19 16 15 2 19 1 13 4 12 11 15 11 4 16 4 13
10 18 19 20 19 16 14 14 5 20 3 3 7 2 5 20 8 19 4 8 17 11
18 13 19 4 17 17 3 12 15 1 9 5 2 19 14 1 16 11 2 15 2 3
3 19 13 20 8 10 8 20 12 10 17 16 4 4 18 4 10 6 6 17 13 19
3 19 5 16 20 15 6 5 12 8 13 2 6 5 19 5 13 8 3 6 3 14
4 11 10 4 10 12 4 8 1 11 11 14 12 19 20 2 6 18 5 18 12 8
12 11 1 6 12 14 9 6 11 10 10 8 10 8 13 14 9 10 16 1 18 2
20 6 7 19 15 9 8 5 2 4 2 2 18 3 6 19 14 13 13 3 14 13
20 7 7 11 5 5 4 6 15 20 13 20 16 14 4 9 9 4 14 16 17 12
6 13 10 8 18 5 3 17 2 19 4 5 6 19 6 3 9 13 5 18 15 17
3 11 5 14 5 20 10 4 7 20 9 19 9 20 15 19 20 3 7 11 17 3
19 11 9 18 16 18 18 7 18 10 3 18 12 7 9 14 16 20 6 17 8 8
11 18 6 13 20 16 7 5 13 7 1 14 7 4 1 4 6 12 13 6 11 18
11 4 20 6 5 19 3 10 8 3 18 19 2 19 14 8 3 10 7 14 12 1
17 5 7 7 15 8 20 4 20 19 1 16 14 3 2 13 2 17 12 7 10 8
4 12 4 11 20 3 8 19 6 12 3 10 20 18 13 1 9 17 3 8 3 20
16 1 4 9 8 17 3 6 2 7 14 7 6 14 20 9 9 13 12 2 5 10
11 4 13 20 14 14 14 15 11 3 9 8 6 20 17 2 2 20 20 11 11 11
1 19 13 2 12 16 18 3 2 6 5 15 5 19 20 3 7 2 8 12 10 1
1 12 10 2 3 16 6 1 17 13 8 1 8 3 4 3 7 19 2 1 18 5
9 10 9 12 3 20 7 16 1 14 19 17 5 4 14 10 20 16 5 18 15 6
10 3 13 16 1 15 2 3 20 19 15 19 15 12 14 13 1 7 15 19 12 4
12 14 20 15 1 6 9 4 15 15 8 5 15 1 12 9 9 9 8 16 13 6
3 7 2 1 5 10 6 18 14 1 17 9 17 1 12 5 2 2 19 16 4 14
10 18 18 5 9 6 16 18 2 12 16 19 11 18 2 5 16 15 11 17 10 4
3 5 1 15 3 4 1 6 1 14 1 17 8 1 9 11 9 14 13 13 4 10
20 13 1 3 11 7 17 5 10 4 16 5 14 10 7 12 4 12 16 9 3 11
19 20 13 11 16 8 15 15 4 8 1 7 4 8 6 1 2 15 15 10 8 3
1 9 9 18 8 8 7 16 20 12 8 15 17 8 4 13 7 13 10 7 14 10
19 8 9 12 4 2 2 10 2 17 20 17 19 8 5 6 12 9 10 20 17 15
15 14 16 15 12 8 15 11 1 20 16 10 5 16 4 18 7 12 4 20 20 6
16 16 6 14 20 8 1 1 18 11 12 16 2 8 5 10 4 7 6 18 18 19
5 10 10 12 7 10 1 12 10 14 19 14 4 5 7 8 3 2 14 14 3 10
6 6 2 9 11 14 2 9 7 18 14 1 2 1 17 20 3 9 14 15 3 9
19 1 5 5 15 2 3 11 11 6 18 5 1 13 19 20 8 20 5 11 1 17
7 15 20 2 12 17 8 11 3 5 15 10 13 13 3 6 11 6 1 3 10 10
14 18 13 14 18 1 16 20 19 1 3 20 14 11 15 5 13 19 15 3 18 10
6 4 19 12 17 14 14 11 1 6 17 16 5 18 20 17 10 14 17 9 1 7
19 2 8 6 15 17 16 4 10 18 5 16 5 2 13 15 14 5 9 6 11 7
11 17 18 12 17 5 7 13 1 11 7 9 20 20 17 15 6 1 7 18 13 5
12 14 13 14 10 18 4 3 18 14 19 1 10 20 12 15 7 13 20 17 15 20
11 1 15 6 12 17 1 8 11 9 7 5 3 2 8 8 1 14 19 8 14 1
7 19 10 13 8 19 3 14 11 1 16 19 18 16 20 12 5 5 5 5 11 8
9 16 6 11 14 20 4 14 3 8 19 13 16 8 13 16 14 5 18 10 4 15
1 13 16 4 8 11 1 15 10 14 13 13 3 17 5 19 4 10 18 5 3 12
11 12 18 19 17 2 7 3 16 7 10 11 10 17 4 12 4 10 9 15 11 20
11 5 15 1 20 1 17 3 10 8 12 16 2 15 2 5 7 1 18 18 14 16
7 11 15 19 4 9 12 10 1 2 11 17 18 7 5 20 1 2 8 8 11 20
2 15 20 12 1 16 2 9 18 15 4 3 16 2 11 7 2 14 17 5 1 20
11 15 14 19 1 8 16 16 4 5 8 10 5 14 3 15 5 9 5 4 14 20
12 16 13 9 17 2 1 7 1 16 8 12 4 1 20 18 6 19 12 5 11 13
4 13 16 10 16 2 14 16 18 3 7 18 2 1 16 9 4 2 9 15 11 19
18 6 4 9 18 17 10 1 19 17 18 3 18 12 10 15 6 18 6 20 6 15
7 6 2 20 7 9 2 6 4 15 5 16 20 20 20 17 20 1 9 11 18 20
20 2 1 16 15 3 14 18 15 4 19 4 3 19 11 8 15 11 7 3 18 11
12 1 14 6 1 7 4 3 13 10 7 14 20 1 8 17 12 17 15 10 12 12
18 6 15 8 16 9 3 1 4 5 13 13 9 19 7 16 9 3 19 18 11 13
8 18 20 11 10 14 1 5 17 20 14 5 1 12 6 19 4 2 16 11 15 10
12 4 13 19 2 13 19 3 3 14 16 18 10 18 13 16 11 4 12 8 15 16
18 5 19 2 9 3 15 9 15 11 12 7 2 12 19 12 18 10 18 3 7 7
19 13 19 7 17 3 10 17 12 1 14 1 5 14 3 17 17 19 19 10 15 19
5 8 16 20 5 2 3 7 12 2 16 18 20 7 15 3 7 14 19 19 16 3
18 16 20 19 10 12 2 19 20 5 7 1 14 15 9 14 13 8 17 11 2 15
1 14 3 11 18 1 10 18 8 19 7 14 3 3 4 2 9 5 17 17 2 14
17 2 14 4 1 17 10 18 9 15 6 14 1 20 2 5 17 18 3 18 9 14
1 9 1 9 8 1 11 17 15 11 10 4 1 16 1 14 4 12 12 10 8 8
10 4 4 1 1 14 19 18 19 18 1 6 10 7 18 7 3 11 9 14 13 1
4 13 11 15 13 15 14 9 4 3 3 1 16 15 19 16 4 9 9 17 15 20
2 11 11 13 19 16 3 5 5 18 1 3 17 6 5 10 14 7 20 19 17 8
12 20 16 15 3 20 15 20 16 3 11 10 10 1 8 3 14 15 14 1 1 15
2 17 3 6 15 9 13 12 18 8 16 5 14 10 4 5 12 6 13 4 14 3
5 6 19 8 5 6 2 5 5 5 17 10 2 18 18 7 14 19 20 9 17 8
19 19 3 16 9 2 17 6 7 15 10 10 13 18 2 19 7 12 2 10 8 3
10 19 5 2 12 13 5 14 19 18 5 10 11 11 17 10 18 11 6 4 8 12
2 12 7 12 14 6 11 13 20 8 12 13 8 11 10 20 11 6 13 17 20 14
7 5 2 13 10 15 19 15 8 18 6 14 1 4 4 17 11 20 5 16 4 19
2 1 14 20 6 15 13 6 1 1 12 10 14 10 4 11 12 2 19 15 19 11
12 8 17 18 20 10 6 11 10 12 17 6 9 4 14 2 10 6 17 2 1 20
13 12 14 14 4 12 5 6 1 16 11 13 14 14 6 13 5 18 20 9 17 14
14 4 1 8 11 2 9 11 4 6 17 18 3 5 6 11 5 20 14 14 6 18
15 17 20 19 5 15 10 20 5 8 15 1 4 16 13 19 10 7 10 2 20 19
18 2 18 20 3 5 3 6 20 12 12 7 16 10 5 6 8 11 1 13 12 4
