8
6
62 82 90 7 41 94 4 84
90 52 79 13 59 34 58 64
79 72 26 21 48 24 1 12
74 33 2 90 67 85 67 69
56 47 55 84 13 15 12 39
16 28 70 60 17 34 68 61
61 8 25 88 57 84 60 16
90 69 86 7 80 89 62 84
38 55 94 30 74 66 69 38
67 33 24 7 45 11 79 71
2 29 9 87 96 85 4 51
58 30 63 3 25 20 68 37
4 53 33 51 19 58 38 29
1 56 44 36 21 88 44 85
51 10 50 5 95 54 13 56
47 32 77 44 6 56 89 93
5 19 60 88 93 34 13 69
82 21 6 42 48 38 88 86
55 75 75 6 8 90 63 4
9 6 14 27 60 78 52 42
36 99 86 10 64 68 31 98
21 99 55 38 78 42 36 40
70 37 29 84 42 12 28 9
72 60 63 62 35 8 39 31
27 58 15 27 95 37 90 55
43 26 4 59 60 34 43 78
72 5 97 90 83 59 2 73
40 55 94 91 9 50 25 61
1 72 97 94 86 18 55 25
16 60 81 88 71 25 14 12
88 75 30 66 47 31 60 43
73 23 34 40 89 25 8 60
29 3 40 54 6 47 48 6
2 27 59 3 95 61 73 28
21 91 88 20 26 24 24 74
51 51 42 67 83 65 11 37
36 68 95 79 47 89 29 3
47 34 48 5 31 54 38 5
12 65 13 29 37 5 42 60
92 81 27 34 62 15 36 73
99 90 20 11 96 11 35 78
1 81 22 31 28 51 54 15
20 90 43 71 51 85 69 24
1 36 73 83 39 56 48 86
15 72 80 73 33 62 76 39
48 37 53 45 91 84 35 72
53 77 65 60 78 27 29 42
24 34 89 87 25 53 12 5
