12
6
29 72 33 37 49 35 17 30 14 58 51 68
22 92 65 100 81 24 78 84 31 59 14 83
37 95 78 1 10 52 29 71 73 94 21 51
6 18 16 95 39 40 1 88 8 33 60 57
26 68 30 92 14 44 33 84 4 95 92 36
3 83 93 92 16 51 100 53 10 70 51 54
64 86 46 44 79 82 11 90 44 60 87 13
96 21 26 48 2 49 6 29 2 22 19 14
13 83 34 64 14 14 6 70 84 57 46 41
75 45 84 96 83 54 55 94 81 13 17 9
96 72 83 97 69 86 14 28 94 1 64 50
59 19 3 15 89 55 75 100 60 83 67 54
10 27 58 17 5 49 7 39 16 26 3 4
83 83 73 5 74 79 61 43 81 40 94 28
40 30 67 96 45 97 9 8 57 39 23 15
91 100 80 87 67 30 98 54 94 83 71 69
53 34 91 56 94 56 74 28 48 78 81 26
23 89 86 92 72 96 94 82 63 36 55 70
52 44 47 81 74 83 33 54 25 20 58 76
68 60 15 65 72 66 73 56 72 76 70 82
18 35 77 5 28 20 83 84 66 16 66 92
99 60 98 99 89 97 99 81 37 80 23 18
77 46 34 85 1 64 36 53 57 37 25 11
58 94 12 16 62 37 23 96 55 26 99 78
57 79 45 87 93 86 98 32 6 16 59 80
44 46 29 90 26 18 96 51 50 62 14 6
27 22 63 23 81 49 44 5 67 28 7 68
98 52 35 5 37 47 48 58 10 49 6 93
71 30 1 1 55 66 28 50 33 79 85 64
2 53 99 66 42 96 73 7 99 15 72 85
28 44 43 70 46 93 17 12 54 76 74 94
26 65 3 77 48 6 88 52 9 94 3 97
53 50 100 30 14 51 50 41 61 21 5 12
55 75 81 36 39 59 20 52 12 41 45 30
19 12 25 93 56 22 90 34 44 40 38 16
86 29 14 99 56 43 100 56 77 77 26 56
56 45 24 62 72 47 53 92 77 77 12 93
20 78 71 47 66 54 95 75 10 94 68 93
73 83 96 35 55 21 80 27 32 15 80 41
76 23 10 36 77 73 36 87 10 57 98 75
27 41 83 76 17 93 76 41 46 67 86 24
38 86 80 57 95 2 58 35 94 64 40 38
42 11 4 89 82 80 57 63 94 77 61 18
51 38 77 78 21 60 48 42 90 81 73 63
50 54 2 30 10 80 95 9 83 64 84 43
14 86 45 56 20 6 94 12 13 40 21 74
39 56 71 75 20 85 89 5 59 21 57 47
87 6 21 48 49 25 76 80 89 26 84 46
77 98 41 46 28 46 27 46 25 22 80 58
18 11 92 17 68 34 79 72 94 23 22 50
75 53 85 15 50 84 34 8 81 89 39 10
73 58 65 35 17 54 60 37 81 53 42 98
47 29 22 21 50 91 59 53 39 58 54 12
32 14 11 61 62 44 26 5 100 62 99 26
35 27 14 41 8 31 56 34 26 95 94 70
99 21 11 61 40 95 32 99 31 45 63 90
46 75 70 24 35 29 50 92 3 25 36 13
10 6 91 68 50 87 32 92 48 69 59 8
1 61 53 47 98 13 45 82 43 41 21 86
44 57 100 4 94 41 50 10 42 11 70 67
30 65 81 89 20 22 29 76 94 57 10 43
4 9 27 63 25 34 63 17 42 25 22 22
7 33 97 17 99 20 15 74 4 38 14 21
65 5 84 79 79 13 46 8 89 20 42 3
91 9 22 45 14 54 73 21 4 21 65 60
98 18 86 72 53 65 7 14 79 18 13 6
92 37 24 2 23 67 62 65 82 92 59 17
9 80 86 49 9 91 26 30 31 57 93 57
77 53 41 26 85 80 89 3 26 36 6 55
79 70 47 71 6 20 45 87 32 97 3 91
54 79 2 25 52 14 20 76 75 45 42 99
43 82 59 98 54 67 98 33 18 3 76 77
