14
6
11 4 8 3 16 6 9 10 19 13 14 10 4 12
10 13 11 6 3 15 15 15 1 4 18 19 19 5
12 12 1 15 14 14 16 17 10 16 13 20 1 9
1 3 15 10 20 5 7 8 12 4 2 2 8 3
14 14 17 3 7 1 19 5 14 14 3 5 13 17
15 14 10 6 10 17 18 3 5 4 3 11 16 4
16 7 11 10 14 20 19 18 3 3 4 11 9 2
20 18 20 12 8 1 5 11 20 20 3 13 17 2
3 13 14 18 13 1 19 17 14 7 6 18 11 5
2 9 10 2 12 14 18 20 15 14 8 17 17 14
19 4 3 2 7 16 3 6 4 18 18 20 12 12
9 20 17 3 7 6 8 4 13 17 1 12 16 16
18 14 6 16 1 15 7 19 14 11 13 16 4 17
5 6 19 18 20 18 9 1 12 18 13 3 17 16
8 17 13 9 12 17 14 1 6 16 2 4 2 12
5 9 10 2 1 3 11 19 2 4 3 12 8 13
8 14 20 2 18 13 5 6 17 15 7 5 8 19
16 3 19 6 7 1 12 2 5 9 8 1 2 4
8 6 5 16 13 8 12 17 20 3 17 16 7 8
18 8 20 13 20 2 18 10 14 5 17 9 18 14
2 6 6 19 2 3 17 10 5 4 6 1 9 5
16 17 10 6 17 11 17 10 11 5 12 6 4 9
19 1 13 16 15 19 10 17 4 10 4 13 12 1
10 9 7 20 10 1 2 8 10 19 12 5 6 11
5 12 1 19 12 9 16 11 1 2 6 8 20 7
8 7 17 11 18 4 15 12 12 18 12 17 8 11
17 20 4 9 4 8 15 2 12 2 4 6 8 15
2 9 4 14 20 10 10 7 12 8 12 4 4 8
1 2 8 13 17 12 9 12 17 14 13 6 10 11
9 4 6 12 16 20 2 9 3 9 4 13 14 5
14 11 18 17 13 12 7 1 8 15 7 20 5 5
17 11 13 15 5 14 6 10 18 19 5 19 13 10
7 20 20 11 1 1 7 12 13 14 11 8 4 10
8 13 19 5 3 18 5 14 19 15 7 20 15 11
2 8 13 10 9 16 16 11 19 1 17 16 18 6
8 6 7 14 16 8 8 1 8 18 6 14 9 2
13 7 13 6 12 15 19 15 7 15 12 11 5 11
1 8 19 4 4 13 9 17 7 5 3 5 18 19
7 14 5 11 16 8 18 8 8 15 16 3 11 13
9 8 20 5 8 12 5 1 2 11 1 8 8 2
7 18 9 13 15 20 3 6 3 1 3 6 7 1
14 13 8 8 9 19 1 12 11 10 5 6 1 19
2 8 3 16 11 9 6 13 10 18 6 4 18 1
10 20 18 9 1 12 19 7 13 18 9 20 14 7
14 17 2 19 8 1 20 16 9 12 16 3 13 2
8 14 9 11 7 6 5 10 10 7 4 17 19 13
17 17 19 11 7 20 7 20 20 12 5 2 15 3
1 3 18 6 13 2 3 19 6 13 9 9 14 9
4 11 12 17 11 3 3 12 13 20 8 16 18 5
11 7 8 16 1 15 14 10 9 18 19 20 20 5
13 19 19 8 15 12 9 2 16 13 6 14 14 13
11 1 20 14 4 9 9 13 7 14 14 10 19 19
17 5 4 6 6 4 2 12 16 15 4 4 12 8
19 14 14 9 17 17 2 12 11 4 14 8 5 4
15 11 2 13 10 12 10 12 7 3 6 2 12 13
8 5 18 6 6 14 18 15 18 14 4 16 10 1
13 1 5 5 14 13 12 20 7 9 15 5 17 15
6 20 13 15 6 12 13 15 8 20 17 2 6 1
20 16 18 17 17 4 15 20 20 15 1 5 18 17
11 1 14 16 18 1 10 10 8 20 10 4 13 10
2 2 14 5 14 17 9 15 10 11 3 20 10 9
20 6 3 1 11 1 16 7 6 20 4 5 14 11
10 17 16 13 15 19 3 5 7 4 4 16 4 10
15 9 10 19 18 12 8 1 14 10 9 19 17 5
6 5 11 17 1 8 2 2 16 10 9 16 11 15
8 18 16 14 16 9 14 14 19 14 9 9 13 13
20 13 9 3 1 15 4 11 5 3 15 16 1 3
2 2 5 6 1 20 3 19 10 7 19 17 5 3
2 11 16 6 8 16 5 15 9 13 1 18 18 11
19 8 10 7 13 5 4 10 16 10 11 2 11 9
12 10 15 11 1 11 1 18 20 1 2 3 16 19
19 13 6 17 12 7 19 16 20 20 14 7 1 20
14 6 16 20 20 8 3 7 1 13 9 18 16 14
16 6 16 12 10 3 15 4 6 16 17 10 18 3
2 4 5 2 8 11 2 12 20 18 2 10 8 19
2 18 7 8 19 13 1 13 14 17 14 9 4 17
17 10 3 16 19 11 17 16 2 20 5 6 1 15
16 18 7 12 11 15 14 10 4 19 11 10 20 6
8 11 5 5 5 13 4 3 15 8 15 7 15 6
10 1 12 14 8 5 2 4 13 7 15 4 9 14
15 10 7 14 3 3 1 11 3 2 3 16 3 20
1 2 4 18 15 9 5 7 3 15 9 20 14 11
7 12 3 11 3 5 9 6 15 16 13 11 1 7
13 17 16 8 16 4 19 10 19 9 10 14 15 16
