14
6
60 41 29 64 74 3 36 43 90 57 11 42 9 42
58 99 86 53 96 77 8 84 89 77 4 43 64 100
27 92 24 78 89 86 49 88 50 92 99 82 7 42
24 91 68 13 50 80 83 3 28 63 6 33 30 100
34 34 54 2 79 71 95 15 99 35 10 85 76 10
51 16 2 51 83 81 94 32 90 52 5 21 48 53
33 26 71 42 54 86 2 75 20 23 10 48 66 6
94 3 51 90 38 22 19 1 43 15 68 91 21 14
40 86 86 2 10 94 98 13 44 43 38 7 18 25
73 50 93 46 23 29 98 28 76 76 30 27 99 51
75 82 29 27 19 77 93 26 65 48 50 39 47 53
73 63 46 15 96 39 9 95 97 55 38 56 75 97
47 16 79 33 47 68 80 16 41 13 42 70 69 7
59 79 7 68 7 60 99 91 37 70 20 12 43 67
20 95 89 11 20 9 31 78 80 10 2 86 59 56
80 74 52 82 50 92 86 26 25 2 69 78 68 35
17 9 34 81 31 80 74 34 39 52 79 17 25 38
73 62 61 36 9 99 37 94 67 100 11 81 42 92
90 95 61 18 84 61 12 41 88 99 45 94 63 62
13 89 61 57 33 100 2 61 21 54 85 89 28 63
13 49 5 57 46 3 65 23 85 34 76 96 23 68
97 68 88 83 88 6 87 60 80 43 75 1 28 44
57 75 17 66 95 97 38 38 52 44 10 24 70 33
44 76 31 42 63 59 3 75 50 75 100 87 12 99
45 64 39 76 71 85 40 23 85 59 72 53 72 80
87 77 62 9 26 89 80 43 52 45 14 46 26 86
65 14 11 92 19 25 7 77 37 51 87 46 99 14
19 44 96 99 40 68 12 58 86 88 38 70 11 42
49 74 10 62 62 52 12 18 75 35 29 79 99 25
33 92 25 67 97 28 6 80 56 99 53 36 16 69
99 31 25 57 13 42 77 3 76 32 87 12 59 29
78 7 35 65 12 73 14 7 57 42 86 14 51 51
67 64 39 37 14 5 93 72 35 56 66 68 87 2
92 6 62 81 4 98 45 32 94 64 33 85 25 93
18 85 25 7 75 11 83 65 23 90 86 69 34 50
25 27 30 99 79 3 14 16 100 44 45 31 86 7
16 89 15 33 25 21 100 93 9 3 90 67 60 43
15 38 84 34 43 62 68 7 26 69 82 87 23 59
71 46 47 74 96 84 63 64 29 31 22 35 94 98
64 5 83 16 29 78 57 25 15 69 67 19 62 39
71 63 3 98 30 55 51 46 35 33 94 88 86 20
1 80 98 73 86 24 97 49 61 32 11 12 99 96
57 12 63 72 65 94 13 5 71 50 15 7 6 40
94 18 25 94 76 5 6 54 54 100 14 91 97 79
63 5 84 51 11 99 25 65 18 21 77 32 37 77
29 58 50 98 91 58 58 78 91 97 39 52 43 40
6 68 41 90 22 51 39 21 5 18 22 46 36 12
93 78 89 95 32 49 90 52 78 18 69 13 19 34
65 31 53 95 82 14 88 78 62 69 3 82 61 36
66 25 83 87 40 89 10 50 72 11 85 74 62 62
98 28 26 33 33 44 32 38 55 79 9 74 86 27
47 52 93 30 40 86 78 68 33 69 79 51 84 73
64 35 82 17 2 8 79 36 81 17 64 7 89 61
40 48 85 99 60 33 35 11 100 22 72 5 13 32
95 13 100 24 49 61 22 29 17 18 88 40 61 13
25 6 34 62 2 79 37 83 32 57 14 73 89 30
34 41 91 83 6 45 23 38 48 12 73 91 37 93
51 91 55 83 24 80 10 25 76 30 6 96 47 84
94 47 86 48 7 98 45 41 69 27 79 11 61 29
13 87 95 94 15 41 40 11 79 60 43 85 14 83
71 65 27 1 23 86 73 12 47 5 41 96 97 62
30 89 3 77 46 21 22 39 2 74 39 20 51 89
25 89 60 66 14 87 72 2 20 45 81 71 64 54
2 86 99 66 55 68 31 89 35 61 45 92 17 75
68 47 15 58 35 28 75 77 5 76 43 92 11 44
30 93 95 8 42 75 7 67 15 10 84 74 92 40
70 51 70 95 89 24 55 70 12 92 1 10 81 26
27 42 48 98 47 42 25 91 22 23 14 15 4 2
18 69 53 24 32 73 97 28 51 87 25 23 30 1
45 87 4 94 39 28 34 13 74 15 85 100 4 60
68 22 3 57 17 64 73 19 42 45 45 59 78 43
76 66 85 72 24 91 26 52 91 2 45 85 9 27
89 40 95 63 22 58 99 74 40 91 92 87 79 2
73 62 96 58 95 14 65 69 89 4 64 65 49 58
30 52 100 47 13 57 46 98 20 4 30 26 63 27
17 100 29 83 17 16 42 82 95 79 16 5 3 79
22 26 25 34 19 70 45 27 70 39 50 54 73 74
42 54 55 77 46 95 65 7 86 49 30 53 20 97
4 48 38 99 66 21 61 9 13 5 75 36 96 1
81 14 29 17 92 80 29 13 56 81 26 3 14 97
80 68 53 72 43 27 11 71 34 88 38 96 47 12
48 44 12 18 38 10 60 37 47 79 4 70 43 10
38 39 32 81 94 92 53 39 79 44 2 1 12 54
58 82 10 14 83 80 69 59 99 25 27 79 49 33
