22
6
17 18 3 2 13 1 3 13 16 18 19 1 13 2 7 18 1 13 13 18 13 3
9 20 19 5 13 20 9 16 7 12 3 3 1 12 1 2 12 6 19 11 11 20
5 11 1 15 10 12 13 4 12 6 2 4 10 12 4 9 10 20 1 14 17 3
9 3 5 15 4 4 5 20 9 14 4 13 3 13 5 3 7 8 11 10 18 10
15 10 12 4 11 2 19 7 17 10 12 1 19 3 4 15 16 15 14 2 17 7
7 20 2 18 9 14 15 16 13 8 19 17 11 11 20 6 6 13 16 4 10 1
11 14 20 3 17 19 17 16 15 8 15 9 9 20 11 18 12 6 2 2 19 19
20 10 13 7 15 11 20 14 6 17 3 17 13 11 8 8 20 11 19 15 5 5
18 13 1 13 4 16 2 14 6 10 19 7 4 2 19 8 8 9 16 3 9 12
19 19 15 4 4 18 7 2 20 14 20 2 17 7 15 5 17 10 6 5 18 19
4 2 18 5 11 9 9 7 19 20 4 19 17 1 18 6 16 4 2 3 19 17
4 16 12 11 8 10 13 8 15 15 2 8 14 8 17 8 8 19 4 5 16 5
6 12 7 9 15 16 1 6 2 9 5 19 2 15 10 8 20 17 20 18 15 14
3 5 17 9 10 14 13 17 18 16 11 7 19 5 11 20 3 13 14 11 3 10
19 10 6 5 13 8 1 16 4 1 11 13 4 5 17 18 13 5 3 17 17 19
18 6 14 7 7 3 8 1 16 19 2 10 2 4 11 10 3 17 2 3 6 4
2 16 6 18 6 8 8 17 4 15 1 19 2 20 10 16 2 10 4 6 10 5
2 2 9 7 19 12 9 17 1 17 4 19 7 17 8 5 7 13 17 7 7 1
12 4 17 19 12 17 13 7 6 11 7 5 10 10 18 7 12 18 14 15 15 14
15 13 4 10 7 6 20 14 8 3 17 18 11 14 20 19 7 8 3 12 10 10
16 11 16 12 13 17 20 20 9 4 17 6 13 4 11 7 9 9 2 20 17 4
14 6 20 16 14 9 2 15 17 11 4 4 6 13 1 7 20 14 2 4 13 18
10 8 9 17 20 12 4 16 9 12 18 12 12 8 17 12 7 16 18 7 5 14
14 3 8 7 5 12 6 12 13 16 15 1 8 12 2 8 4 16 3 18 12 11
7 3 11 9 16 3 15 10 11 1 7 14 12 16 3 19 9 5 18 20 16 14
14 15 12 2 1 2 8 14 19 8 18 7 1 4 2 20 9 9 19 4 16 18
15 2 14 3 6 3 3 5 12 19 20 13 4 20 16 10 13 13 4 12 19 16
14 19 19 14 9 9 16 20 17 18 20 20 19 18 4 14 3 20 8 2 8 11
6 10 10 9 16 5 14 20 17 4 19 19 18 5 7 10 3 14 1 11 13 10
3 18 19 10 16 17 7 3 8 7 9 9 17 12 7 7 14 8 4 8 13 15
10 1 9 9 14 1 7 2 5 10 1 7 6 3 2 3 4 10 6 16 11 5
11 18 19 13 12 2 11 14 6 6 12 20 6 18 20 14 4 2 20 15 8 1
19 8 20 9 4 17 15 2 8 10 18 1 7 3 5 20 17 11 20 7 8 6
4 15 8 5 13 7 2 16 17 7 17 14 13 20 5 9 4 4 6 17 14 7
16 4 2 15 19 13 18 8 7 17 17 14 17 11 14 13 16 3 15 8 2 16
5 12 15 16 7 13 14 9 12 12 9 5 15 7 4 2 3 9 6 5 6 1
2 17 5 11 19 4 4 16 14 1 10 17 6 6 7 14 4 8 11 13 10 20
10 8 3 8 3 11 3 5 3 14 9 20 11 12 5 8 3 15 5 7 9 3
14 8 11 20 18 5 5 20 16 11 19 18 15 15 13 2 15 18 3 7 14 2
2 5 2 1 9 15 2 3 16 7 17 20 13 1 1 12 14 13 15 7 16 5
5 4 2 13 16 11 11 14 20 11 9 11 11 17 20 7 3 1 5 1 7 7
18 7 10 7 2 15 8 7 5 14 8 11 18 13 14 18 14 15 9 9 5 5
18 2 12 12 4 14 8 1 7 3 14 18 7 12 18 13 11 8 13 19 15 14
6 19 11 4 10 19 6 10 15 3 6 3 3 12 14 2 16 4 12 3 20 15
10 6 2 5 19 13 13 13 10 7 2 18 14 13 20 1 3 1 7 1 11 18
19 11 14 8 1 7 16 18 20 16 6 19 11 15 6 8 18 20 4 11 16 11
18 19 8 5 4 16 14 16 20 17 15 15 19 8 17 10 17 10 4 16 6 4
8 10 2 8 2 2 20 11 5 3 14 6 6 7 17 10 16 12 18 14 18 12
12 6 3 10 16 9 7 13 16 3 2 7 1 12 1 13 5 16 12 11 6 2
17 1 4 8 5 18 7 11 6 10 16 17 9 12 12 13 10 4 1 7 12 10
12 20 3 18 17 17 6 13 17 4 18 6 4 5 13 9 14 9 15 11 19 19
6 3 2 16 18 19 11 14 17 15 18 6 4 2 17 7 20 9 2 4 11 5
18 11 5 17 6 7 18 16 1 13 17 13 5 14 7 18 16 2 5 20 10 7
6 15 9 14 10 16 2 18 1 15 7 3 16 11 17 2 8 2 19 10 16 18
5 12 15 14 12 16 11 20 7 19 16 12 18 10 15 9 14 4 20 13 19 10
12 13 13 20 6 3 18 6 4 11 16 10 13 20 19 3 19 1 1 11 2 3
19 1 1 19 15 19 14 3 5 20 17 20 15 10 4 4 7 10 10 18 19 16
16 11 14 5 7 4 16 7 11 5 9 9 2 17 7 16 17 3 2 11 9 19
19 7 17 7 9 6 12 8 10 4 18 6 8 1 15 18 13 6 15 13 1 2
11 10 12 19 13 1 15 14 7 3 18 9 19 19 10 3 19 8 11 13 2 13
11 17 15 12 9 9 7 19 13 11 13 4 1 5 8 15 9 12 16 9 7 5
11 8 2 5 9 5 19 18 3 16 14 17 8 19 14 3 15 9 6 5 18 6
3 1 5 11 18 14 11 4 9 2 1 15 9 15 1 4 6 15 16 16 6 14
3 14 20 15 10 7 11 3 14 6 4 19 14 8 13 5 3 6 2 3 14 4
10 12 6 17 9 7 15 10 5 1 2 9 10 7 2 19 8 4 2 20 15 19
3 3 6 15 13 6 19 15 19 5 10 17 4 4 7 13 10 14 17 4 6 11
1 1 1 10 13 1 17 16 7 2 17 1 17 4 6 12 11 1 15 6 5 10
6 13 5 3 6 19 18 2 16 20 14 19 17 7 7 3 7 14 12 1 6 10
12 8 2 14 1 6 4 9 14 4 14 10 18 9 14 9 4 12 4 18 17 10
11 8 5 3 1 18 5 9 15 20 1 1 12 1 2 1 13 14 20 6 5 7
19 8 4 7 9 9 2 4 16 14 6 12 8 4 14 13 2 2 3 11 1 5
1 10 7 19 13 12 10 18 20 10 19 11 17 11 9 13 6 13 19 1 11 15
16 4 19 15 2 19 7 4 10 18 16 17 10 17 20 9 4 11 5 13 12 8
1 5 8 8 17 11 10 5 5 2 15 9 8 1 16 12 17 12 11 2 8 6
4 13 3 7 12 17 9 4 17 3 15 8 5 13 1 2 16 13 13 11 8 11
2 2 6 19 19 13 7 16 7 1 6 17 13 5 8 17 18 7 6 16 1 2
8 13 8 3 13 16 4 3 12 10 16 7 18 17 2 4 16 7 19 1 14 9
16 15 15 15 15 10 20 17 20 1 7 17 12 10 6 8 2 2 15 19 7 8
10 3 18 10 18 16 17 17 1 10 1 8 3 3 1 2 5 14 17 13 2 8
6 16 18 9 7 15 20 13 7 20 9 13 3 14 2 15 20 4 20 8 15 11
13 9 4 2 19 3 3 13 4 11 5 19 13 11 14 4 18 16 18 9 5 17
7 18 18 8 19 16 3 2 1 5 10 2 14 2 13 7 13 6 12 18 18 1
3 8 3 15 3 20 12 17 9 7 19 19 13 16 17 16 4 14 11 5 17 2
2 12 12 11 19 3 4 15 12 4 11 5 9 7 12 15 15 12 5 10 2 5
3 11 7 14 4 9 8 10 1 16 15 20 8 7 9 7 16 14 18 9 1 13
9 17 16 5 2 1 17 3 6 10 14 11 18 1 2 12 17 20 1 2 13 12
18 18 8 18 14 19 9 9 12 12 14 4 20 19 18 12 14 6 6 8 10 7
7 18 16 16 3 4 11 20 10 7 10 12 12 10 18 16 1 12 15 3 14 16
15 19 11 6 7 18 16 14 10 6 9 20 20 20 7 13 18 11 17 18 7 17
19 7 10 12 14 18 3 8 8 1 11 17 19 16 3 4 3 10 13 6 8 15
9 17 4 9 13 6 15 9 8 20 16 18 9 13 15 12 18 16 6 18 1 7
5 8 15 7 8 3 11 16 12 5 17 12 17 8 9 17 17 17 10 3 12 16
8 19 20 20 14 14 6 13 5 1 20 18 9 5 18 10 5 16 14 4 16 12
14 16 10 16 8 16 7 2 18 3 19 1 8 20 12 20 20 5 5 2 3 9
19 11 13 9 5 19 17 14 15 13 14 18 9 14 15 20 12 7 14 5 10 20
10 11 15 4 17 4 10 8 16 18 15 2 11 9 15 4 10 20 8 17 10 19
6 5 8 16 8 20 4 12 12 17 14 8 8 1 19 11 14 13 18 3 14 18
2 9 7 6 2 7 9 19 8 20 5 19 19 10 11 6 15 17 16 10 14 18
15 1 12 15 18 8 15 5 2 8 5 1 9 20 20 19 10 13 16 5 2 10
5 7 17 12 14 4 15 18 19 8 17 18 5 6 18 19 9 15 1 18 17 2
10 12 3 6 15 11 1 20 3 17 18 12 1 20 4 17 8 9 6 9 18 8
18 9 16 4 19 5 6 17 17 4 2 8 7 4 16 2 12 14 3 20 5 2
18 12 1 11 7 20 19 2 7 15 3 12 2 8 14 13 10 7 10 10 7 9
10 13 17 5 17 15 5 17 1 1 18 3 12 13 13 14 17 16 20 2 8 18
18 10 10 8 8 18 12 15 13 14 8 19 1 19 15 1 16 17 1 1 15 18
8 18 12 7 20 16 19 15 7 18 2 14 14 10 19 12 13 11 17 14 6 20
8 5 11 12 13 10 10 12 8 1 12 9 16 4 3 12 20 12 6 9 17 12
14 9 17 9 18 2 13 6 9 8 5 18 19 19 6 10 3 13 7 10 5 1
2 15 18 2 17 6 10 12 3 3 14 1 18 12 12 10 10 8 1 8 15 17
7 3 6 1 13 19 5 2 1 11 5 20 20 13 18 10 16 12 17 16 8 18
16 14 18 2 2 16 2 19 2 19 1 18 13 15 4 7 3 10 20 9 4 9
5 19 10 9 20 2 12 11 16 9 4 2 19 3 17 20 5 6 11 14 7 11
20 9 13 13 10 4 2 12 10 5 8 20 12 11 6 20 19 2 19 8 11 20
3 18 1 15 2 14 14 9 11 19 5 7 13 7 5 2 18 18 12 12 14 10
19 6 12 19 13 12 11 14 3 6 17 2 13 14 16 14 15 5 2 14 5 4
6 18 8 8 17 20 17 8 13 7 8 19 10 8 12 12 3 18 13 1 16 12
19 10 6 5 8 8 12 2 4 7 7 7 4 9 17 15 8 12 19 7 6 15
8 2 6 6 13 6 20 6 12 1 19 6 9 18 1 19 19 11 19 6 8 12
17 16 7 7 20 19 15 4 2 16 7 20 12 3 1 10 10 19 14 11 2 4
14 5 3 18 8 14 3 8 18 9 17 4 3 8 12 19 5 13 9 8 8 6
12 5 1 15 11 6 8 16 2 4 3 6 3 15 13 8 10 1 7 13 17 16
19 16 8 6 6 5 1 1 19 12 17 1 15 16 4 8 2 4 4 6 13 10
5 9 15 4 3 5 13 7 16 4 1 6 14 9 3 14 6 12 5 5 18 1
1 7 5 14 10 15 6 3 17 1 9 8 1 3 14 6 5 17 3 16 17 15
15 17 13 15 9 17 15 15 2 19 18 15 3 6 6 18 20 13 13 1 18 8
17 11 10 13 4 6 18 7 16 20 17 18 18 10 2 14 2 8 4 9 18 17
19 18 2 17 13 20 12 14 8 13 9 3 10 4 14 9 7 10 3 16 13 12
1 14 13 11 14 3 18 10 6 9 10 3 8 13 17 7 9 18 16 12 13 18
20 1 19 20 9 17 3 2 16 2 13 13 18 12 14 20 19 19 11 11 16 7
11 6 8 18 15 2 12 2 14 10 10 11 9 10 18 6 18 19 18 14 12 16
12 9 7 8 13 6 12 8 16 11 13 4 15 18 1 7 4 9 19 14 19 1
18 20 1 2 3 6 6 18 20 19 6 9 20 1 20 3 16 16 11 7 10 16
