10
6
6 13 5 3 7 5 3 6 17 8
10 13 5 4 11 20 14 1 12 6
12 13 1 8 7 18 6 9 19 5
11 10 13 11 6 4 3 5 7 14
9 10 15 2 14 8 13 8 3 16
2 6 2 19 8 2 6 12 5 8
19 2 16 18 19 10 6 14 8 12
13 5 4 20 17 14 17 7 2 9
16 15 5 6 9 16 17 20 11 9
4 20 17 4 3 14 4 7 2 13
8 3 10 14 19 1 2 14 4 6
16 12 18 11 12 7 1 10 7 7
3 12 7 17 17 10 19 2 19 17
17 4 3 18 17 11 9 3 19 19
5 18 13 16 17 1 5 13 20 12
13 17 13 17 6 2 8 19 9 12
14 5 3 16 16 9 4 11 4 8
3 20 9 15 13 16 10 20 10 11
12 10 1 7 12 19 16 9 5 1
2 19 17 7 20 2 1 5 5 19
8 3 1 18 2 2 18 12 1 4
17 13 4 19 17 13 6 3 11 18
8 13 16 8 2 6 19 6 14 17
7 5 20 10 11 10 16 2 17 16
5 6 13 4 20 3 2 17 17 19
6 11 16 11 9 6 4 16 7 3
4 3 3 2 20 11 4 1 3 17
10 14 7 3 17 4 5 9 13 4
1 9 3 6 6 16 15 5 12 17
14 18 3 16 10 17 10 2 13 16
19 7 14 1 4 12 8 1 13 8
15 6 12 2 13 10 2 10 10 2
18 12 13 17 6 12 13 20 15 7
16 8 4 16 9 3 16 17 10 11
10 3 10 4 12 9 3 17 19 17
6 15 16 7 7 7 3 10 10 4
2 13 20 18 4 18 7 15 9 16
9 13 9 14 11 16 8 9 5 9
5 13 8 17 17 3 17 12 5 18
2 4 4 4 18 3 5 16 17 1
9 6 19 16 10 15 8 12 7 20
19 3 17 6 10 18 13 15 14 8
16 12 9 9 6 20 10 19 17 5
12 4 12 16 2 5 9 12 7 8
7 17 4 4 10 17 18 5 13 19
2 10 7 14 8 3 2 15 14 20
14 14 7 20 17 8 12 13 7 18
5 17 14 10 6 11 12 17 17 19
3 5 13 6 1 9 12 2 3 19
12 5 9 18 9 14 19 13 18 12
14 20 8 18 5 2 19 9 3 14
10 14 4 12 17 9 17 6 10 12
7 2 20 11 7 12 18 15 14 3
2 18 1 13 20 4 2 18 16 15
6 9 19 10 10 12 7 8 12 2
1 9 6 12 6 20 10 12 14 19
7 19 9 11 18 16 18 20 5 6
13 2 7 13 1 9 16 3 4 8
18 9 13 13 18 7 3 1 14 3
4 10 15 8 7 19 20 1 11 1
