10
6
4 15 12 10 8 13 3 20 14 11
6 9 11 8 18 4 12 7 16 2
11 12 9 6 14 11 15 20 2 7
14 18 8 18 7 19 7 16 20 1
10 9 3 20 18 17 14 7 15 16
8 1 13 3 4 19 15 8 5 20
11 16 11 16 20 12 9 19 20 11
5 17 2 18 12 13 7 11 9 2
11 11 10 16 11 4 14 12 7 12
4 1 8 14 17 14 10 5 5 20
3 18 1 18 5 12 14 16 11 10
3 13 3 14 3 2 5 15 16 18
4 7 15 18 5 16 16 1 6 4
3 7 19 3 3 10 11 2 9 2
18 3 10 17 1 3 14 7 15 6
9 19 3 9 10 17 9 19 10 5
2 7 12 5 19 1 17 20 4 20
5 11 10 11 4 9 8 18 13 5
11 10 3 1 5 9 8 18 3 15
11 12 10 19 13 6 12 13 2 7
15 6 6 20 3 19 20 1 1 9
11 9 6 7 7 9 3 3 13 16
5 7 15 19 9 18 16 4 2 5
7 4 2 14 11 2 5 14 12 15
6 11 4 12 5 1 9 6 1 3
4 3 10 19 20 6 2 2 6 9
14 1 18 3 10 4 12 5 6 12
7 16 6 8 15 18 13 9 6 9
9 14 14 3 17 8 10 11 1 4
7 10 8 16 16 18 4 1 5 8
1 1 8 13 2 2 16 19 17 12
1 16 17 1 3 7 18 20 15 20
16 19 17 10 14 19 18 16 13 20
17 12 1 7 17 9 17 13 3 1
20 15 9 9 8 3 10 12 7 14
6 13 3 11 3 20 1 3 1 3
18 1 15 20 8 2 19 8 15 5
15 8 18 6 6 17 15 9 7 9
17 11 10 10 1 2 19 5 16 9
20 10 10 7 13 6 18 6 18 1
1 8 1 9 15 2 19 16 4 14
10 1 17 1 11 2 6 17 1 13
11 8 10 6 4 19 10 8 5 15
10 3 11 6 18 18 19 7 10 2
3 1 4 13 5 2 2 9 11 4
4 2 17 7 8 8 10 11 8 16
12 4 6 13 14 9 3 1 14 15
2 6 4 10 5 3 15 8 5 14
6 4 18 16 15 2 13 19 5 1
11 2 5 19 20 12 11 18 7 3
20 4 7 1 6 2 17 1 16 2
2 19 17 6 11 4 15 11 1 9
3 6 11 7 6 19 16 12 18 20
2 1 19 17 14 11 18 16 10 4
1 13 6 17 3 9 18 13 2 16
7 11 18 10 10 9 13 7 15 2
6 15 16 1 19 9 3 11 18 9
9 14 18 17 8 15 7 16 2 1
8 12 6 8 15 19 20 3 8 5
7 12 18 20 7 9 15 5 14 20
