6
6
9 3 4 11 7 6
5 1 10 8 5 9
8 12 6 13 20 5
14 17 16 7 11 17
8 11 1 18 13 19
6 15 13 7 4 19
2 14 20 9 18 6
11 16 8 7 1 9
12 17 6 3 17 14
4 18 20 19 8 10
13 13 17 8 6 1
5 17 13 11 19 3
20 3 4 2 8 2
10 19 13 19 12 15
16 6 10 6 15 7
20 10 12 9 20 9
5 13 13 17 12 8
14 10 6 4 12 15
6 2 6 1 8 11
18 8 10 6 10 15
17 3 8 8 9 16
6 13 19 11 1 18
11 9 9 10 19 2
4 6 19 18 2 1
16 19 20 7 5 11
5 12 9 7 20 5
5 20 10 14 14 7
7 2 1 20 14 3
8 20 12 11 4 15
17 19 8 4 10 14
5 5 9 6 12 19
18 1 19 11 6 20
15 6 1 8 12 6
4 15 20 1 4 8
4 6 10 20 10 16
7 10 16 5 14 3
