18
6
10 14 19 9 15 12 1 16 16 12 19 14 16 9 13 9 9 12
4 20 5 4 1 9 3 2 17 6 7 14 17 6 5 17 6 19
3 16 8 10 6 12 3 20 15 8 8 12 3 19 1 16 18 19
11 7 10 3 19 7 18 14 16 16 2 13 12 18 13 15 12 11
19 11 1 9 16 17 19 8 11 3 13 20 4 19 1 17 10 13
11 15 2 15 6 2 5 16 15 16 15 15 2 8 4 16 5 7
13 4 1 12 16 4 16 20 9 1 1 14 13 9 9 7 18 16
1 9 17 17 5 15 2 13 20 16 20 6 13 2 6 17 9 8
7 4 16 13 15 18 10 4 5 11 9 11 4 7 15 11 18 14
8 18 20 4 1 13 15 5 11 13 4 4 5 2 12 16 6 9
11 16 9 6 13 19 18 10 14 5 19 16 19 17 11 17 20 19
6 5 14 12 2 4 17 2 5 5 8 20 17 19 19 5 14 10
19 8 5 1 18 4 13 2 2 9 6 6 14 10 10 18 14 1
17 19 16 9 13 19 19 12 8 13 10 19 9 18 5 1 20 5
5 7 12 9 16 6 17 12 9 15 17 7 9 8 16 15 9 5
8 4 17 4 20 5 20 15 11 16 7 1 7 2 18 9 19 2
13 20 8 19 1 20 17 10 20 17 17 6 8 3 8 7 4 7
6 14 5 8 3 14 4 20 17 12 8 9 17 7 10 10 20 10
15 13 10 7 1 7 8 2 17 13 9 16 15 16 14 5 8 10
14 16 9 20 1 5 7 3 2 10 7 12 18 2 16 20 5 17
10 19 4 10 14 5 8 2 15 13 7 11 8 1 3 14 19 1
14 5 19 12 11 18 13 10 5 17 15 2 2 6 15 8 19 20
13 19 14 18 16 5 15 14 4 19 6 12 12 13 14 17 14 18
5 16 1 8 3 15 2 7 13 17 6 7 19 17 15 17 11 10
16 18 2 14 19 5 16 13 6 15 13 3 11 5 3 4 19 14
16 15 8 2 14 2 13 12 19 4 18 15 16 1 8 12 2 8
4 19 15 18 13 5 18 7 18 2 2 3 20 9 15 2 7 11
11 11 14 5 13 11 10 17 13 5 7 12 5 18 4 20 8 6
6 13 19 12 17 13 20 1 7 20 19 1 17 6 10 19 19 10
2 15 12 13 6 7 6 6 12 16 6 12 5 4 15 10 4 12
12 11 18 4 3 8 17 6 7 18 5 9 3 10 8 17 9 7
4 15 20 11 9 20 16 17 11 3 17 14 10 15 10 3 20 20
17 19 17 16 18 2 1 18 6 1 3 6 17 17 10 6 15 8
2 15 7 16 5 5 13 13 8 6 7 4 6 16 11 16 16 2
17 19 10 18 16 15 15 20 16 1 11 12 20 4 14 5 7 10
10 12 12 9 10 9 17 10 9 4 6 11 3 16 3 16 11 6
7 6 17 18 3 12 1 8 4 10 14 8 5 19 10 11 7 14
17 11 6 8 7 7 14 1 11 11 3 4 7 7 15 5 11 11
8 20 9 17 5 7 1 10 1 18 11 1 20 15 18 16 16 6
7 11 17 14 4 6 2 16 1 14 19 7 5 1 13 15 5 3
12 11 13 17 4 20 4 7 15 13 8 6 1 10 8 13 19 20
15 2 18 11 5 4 18 9 10 20 9 7 13 15 3 6 14 12
3 15 17 17 1 2 6 17 5 7 3 19 14 12 10 5 19 19
16 1 12 8 8 15 18 9 20 6 7 3 20 9 16 9 9 17
5 14 11 11 10 20 19 3 3 3 1 16 5 7 6 19 20 9
5 13 7 12 14 15 3 2 19 8 11 18 12 20 20 6 16 12
9 2 13 19 17 10 13 16 15 4 20 6 16 3 2 9 16 8
6 19 10 13 13 8 10 16 1 8 14 1 8 5 10 8 17 16
17 14 14 11 11 10 11 5 18 13 14 14 11 9 17 8 13 17
8 11 12 5 13 10 13 8 11 19 6 2 8 14 14 8 17 1
16 15 20 10 6 6 9 15 16 11 13 6 13 9 16 11 19 5
17 14 9 2 8 15 18 17 8 14 15 2 6 12 7 3 6 13
10 16 16 20 7 4 10 14 15 16 9 13 20 1 15 17 12 4
15 6 14 3 12 6 10 16 16 2 17 16 15 6 16 7 15 3
16 13 8 11 19 7 2 20 9 5 1 7 15 8 4 3 9 13
11 19 9 2 2 5 9 10 15 4 17 18 19 10 2 3 10 2
18 9 13 7 13 12 16 20 17 17 8 8 14 9 1 10 10 18
2 9 13 4 3 17 19 12 16 8 8 9 17 7 14 17 13 6
7 16 7 15 4 19 18 9 11 13 1 18 2 12 19 20 16 11
8 18 9 14 3 5 20 5 14 4 5 18 8 19 11 17 5 5
3 20 20 1 20 3 2 20 10 2 3 16 15 18 9 9 3 8
2 11 4 1 19 7 10 5 7 8 2 15 6 2 11 8 2 9
12 4 9 17 19 20 9 15 10 6 12 18 14 17 5 6 8 3
15 14 6 7 18 17 3 17 10 11 20 12 16 4 20 1 9 3
1 7 16 11 7 2 1 11 17 14 5 10 14 3 8 13 11 4
1 6 16 4 14 2 9 1 4 11 17 9 15 7 19 8 10 17
14 12 19 13 20 17 11 3 13 12 4 14 11 16 14 4 12 1
12 16 17 16 5 17 4 15 20 10 5 4 16 14 18 19 19 16
11 14 16 10 2 10 9 16 9 17 4 16 2 14 18 16 1 16
18 2 15 8 17 3 16 1 8 4 17 7 3 20 2 20 3 9
18 3 18 13 4 14 13 18 1 17 20 18 19 1 20 14 20 18
11 17 2 19 8 9 16 15 14 10 13 14 6 14 5 20 15 5
17 13 19 1 15 5 7 10 17 16 10 11 3 8 11 20 2 17
17 9 8 19 2 16 2 10 5 19 8 18 2 8 4 11 11 8
5 12 9 5 6 8 14 10 9 16 2 17 4 1 9 2 12 9
12 6 10 20 19 12 5 6 9 20 11 9 1 3 12 12 15 4
1 11 5 17 17 17 7 9 13 17 6 4 20 4 9 16 14 20
11 17 6 3 13 14 19 4 17 19 20 20 2 10 12 4 18 4
11 16 13 19 3 7 14 19 16 11 7 6 12 6 19 14 17 15
10 18 17 5 16 16 10 15 19 8 11 1 9 16 8 9 10 15
5 7 15 11 3 3 7 2 9 6 1 17 2 3 19 19 5 18
9 7 20 18 17 11 9 1 13 10 19 6 7 16 20 3 13 4
8 14 20 7 4 9 2 19 13 17 2 6 8 6 14 19 4 9
13 7 19 3 4 17 17 13 16 16 17 1 14 17 16 17 9 13
11 12 4 15 8 1 10 7 15 17 15 14 3 1 20 15 20 14
11 2 3 20 12 16 16 12 3 9 6 17 17 13 16 10 6 6
8 6 8 5 20 14 8 2 5 4 12 20 9 8 19 19 13 14
17 7 8 11 13 1 13 20 15 1 14 11 11 13 11 11 5 2
3 3 7 14 16 10 13 10 2 11 2 6 4 3 1 18 20 12
19 2 3 3 2 10 14 16 10 5 10 18 3 1 11 4 15 14
12 3 16 12 7 8 2 8 15 20 10 18 18 20 13 3 19 20
18 11 17 6 19 1 17 3 16 14 6 7 5 8 18 8 9 11
15 12 15 8 10 6 14 9 14 11 19 1 8 17 2 18 11 20
11 13 15 13 13 4 13 3 19 15 17 15 9 12 19 18 3 19
4 6 3 3 10 10 1 1 20 2 7 17 4 2 8 2 10 12
3 15 19 12 13 15 19 18 10 13 19 1 3 6 6 11 15 9
10 9 10 5 4 12 9 14 3 18 10 19 12 7 5 15 8 12
15 12 19 18 8 10 13 17 2 11 13 3 1 5 13 12 20 13
2 3 17 10 1 19 14 6 6 15 2 11 20 13 8 19 6 11
3 3 14 20 2 17 12 11 5 14 18 5 14 1 8 14 12 8
11 6 12 14 16 20 18 19 11 10 18 3 16 1 4 12 10 9
9 10 13 11 9 6 13 13 14 16 1 11 10 5 10 17 12 8
1 9 5 19 10 7 7 8 3 20 11 12 14 7 9 19 5 19
12 2 3 8 14 19 8 10 16 18 20 10 6 6 17 7 10 2
7 4 16 3 18 15 19 12 16 14 18 3 3 18 15 18 5 20
7 1 11 13 12 17 20 20 15 4 5 1 14 5 6 19 15 19
7 11 15 13 12 8 12 9 12 17 2 1 19 20 1 14 11 20
7 15 14 8 2 5 20 20 5 2 10 13 13 15 11 13 17 12
