12
6
3 20 1 18 14 2 18 18 20 15 18 3
17 1 7 1 4 19 5 8 1 8 18 18
6 5 16 2 19 7 7 8 10 14 1 7
19 20 14 1 8 10 4 17 11 2 16 20
3 15 7 11 7 2 7 13 10 7 20 17
12 17 13 18 18 17 10 19 1 5 7 19
7 11 13 12 20 15 7 9 19 19 8 6
20 14 19 17 4 12 2 9 4 10 1 19
4 7 18 15 9 19 16 4 5 15 5 16
14 14 20 14 15 6 19 5 6 11 11 13
2 13 16 19 20 16 15 14 4 5 9 18
15 18 9 15 6 11 10 8 10 20 16 11
2 11 9 10 4 9 14 12 8 17 19 1
15 17 1 1 3 10 13 15 2 5 12 7
12 15 14 19 10 12 8 10 16 16 20 16
17 16 4 12 8 16 10 9 18 20 5 3
13 8 10 19 20 2 17 20 11 1 10 11
3 7 15 8 8 11 2 2 15 11 11 16
19 9 8 14 6 12 11 4 6 6 12 8
8 1 13 4 7 12 3 8 16 19 7 7
17 13 11 8 1 11 9 19 18 16 15 4
1 6 2 3 18 6 3 12 3 20 13 5
6 16 12 7 11 12 8 1 15 8 3 18
12 14 16 20 17 20 20 1 15 6 1 18
14 7 15 11 16 9 18 10 13 18 9 12
1 15 18 5 5 19 17 17 1 8 6 19
15 17 6 14 15 1 8 14 9 5 16 10
7 19 16 8 13 6 5 2 8 14 18 17
16 3 6 5 11 19 17 15 3 1 2 5
9 11 14 6 6 10 7 19 20 19 11 4
15 8 20 18 14 18 1 1 3 9 13 20
1 12 10 20 7 16 16 15 14 9 7 14
19 14 3 2 10 9 17 17 2 13 2 6
13 3 1 3 16 9 9 15 9 1 19 5
16 6 7 17 9 11 10 14 19 20 12 10
12 12 7 20 3 15 10 14 2 13 1 8
7 9 1 17 18 11 2 3 9 13 10 9
1 9 16 1 8 13 14 13 5 11 19 11
15 12 15 10 6 12 9 12 9 3 4 8
12 10 12 12 7 9 11 19 15 5 19 4
17 13 3 9 6 13 2 15 18 9 9 10
2 2 8 15 20 2 7 14 11 3 11 19
20 20 17 9 9 20 7 14 3 19 20 9
5 5 5 3 5 16 16 16 2 6 11 19
13 12 18 4 3 4 11 15 18 18 7 9
1 14 10 9 10 15 13 18 18 17 1 6
17 4 16 20 15 7 1 12 12 10 1 20
20 4 13 13 2 4 6 16 19 16 16 10
12 8 9 14 13 5 17 18 16 7 11 17
8 13 15 19 17 1 7 10 1 5 14 13
7 17 9 18 4 17 2 3 8 9 4 10
4 16 7 8 7 19 5 16 19 4 9 7
7 14 6 12 17 9 2 13 19 16 20 14
9 6 16 8 17 14 4 13 16 1 16 10
10 19 15 5 18 16 7 5 20 17 15 8
1 13 11 2 11 5 15 9 8 12 5 14
6 3 13 15 3 14 5 4 12 4 18 3
8 1 6 9 10 8 6 4 16 2 7 14
9 4 4 17 20 17 5 9 15 3 12 13
9 10 17 10 14 5 11 11 5 11 1 8
5 10 15 8 15 6 1 13 18 9 13 13
11 14 16 4 14 1 3 4 6 6 12 1
13 5 15 1 2 9 8 2 18 12 2 6
13 16 1 1 1 10 2 19 14 18 8 2
6 19 4 5 16 6 6 13 9 14 12 11
17 9 20 15 7 4 2 11 12 17 20 18
6 15 3 5 19 6 4 19 2 16 7 8
4 7 1 4 10 14 4 15 7 5 17 3
11 13 5 12 11 20 14 18 5 11 14 5
11 9 13 15 4 20 6 7 1 13 20 14
1 2 6 14 6 2 6 8 15 11 7 8
10 18 2 5 4 1 10 3 1 6 15 5
