16
6
25 16 93 47 74 82 91 59 49 80 43 32 67 48 65 34
25 19 73 36 7 40 62 78 33 67 94 50 25 57 81 89
46 62 48 4 86 37 11 38 41 66 34 34 75 14 13 99
25 94 30 29 91 64 31 98 22 96 96 5 22 89 4 17
3 10 12 68 76 42 8 33 79 63 83 53 34 3 49 47
93 93 32 63 38 32 71 40 47 51 10 97 37 20 78 64
28 40 43 81 66 63 23 69 42 66 59 69 72 94 69 66
91 22 4 11 40 49 44 41 41 55 71 32 43 85 82 74
50 42 29 85 48 41 51 71 29 21 43 75 78 22 1 59
28 54 24 55 15 63 97 35 71 55 36 14 52 60 83 69
79 100 84 1 90 20 31 35 9 35 8 76 82 86 19 75
76 60 7 97 16 50 49 72 59 51 4 7 5 34 78 64
26 3 74 91 16 67 65 95 30 82 2 32 56 57 3 5
90 75 53 8 8 59 87 13 18 25 5 32 37 64 74 29
85 33 91 84 78 98 10 82 51 23 76 39 47 60 57 29
6 84 9 30 5 68 34 24 9 89 60 8 12 57 52 49
14 64 85 23 71 74 57 67 1 64 86 63 74 11 76 34
56 24 82 12 62 58 89 30 13 5 24 5 35 25 93 29
52 61 80 88 87 44 19 65 27 85 47 31 12 37 73 15
18 43 32 43 83 27 26 95 65 94 98 77 38 6 32 90
85 66 94 68 56 69 95 85 90 28 88 68 10 71 68 31
95 83 1 2 37 16 76 91 57 23 81 27 32 31 36 99
97 69 91 44 41 44 56 70 57 93 81 52 13 58 70 52
79 38 50 88 7 78 46 69 83 3 36 7 85 59 77 16
13 86 31 90 45 57 41 32 32 58 89 63 83 97 81 24
21 7 17 29 79 9 19 36 79 51 2 33 47 65 14 56
69 75 29 1 5 35 78 22 81 53 69 38 55 34 9 19
32 12 60 64 63 79 81 91 54 5 87 13 11 46 1 14
36 51 55 42 89 82 43 100 82 97 66 12 47 62 97 97
50 43 81 24 12 3 60 41 28 46 91 4 53 40 72 2
9 6 67 95 12 6 2 47 45 30 90 89 4 82 57 64
66 56 58 100 59 61 9 2 43 63 44 61 23 60 56 5
83 35 58 90 67 68 88 96 15 73 99 81 79 30 30 54
53 77 79 28 92 93 33 29 35 44 29 89 6 40 67 25
34 19 57 55 43 99 3 91 44 79 29 85 50 7 42 18
80 32 70 43 28 20 7 94 20 50 41 25 100 51 41 87
65 99 95 25 65 61 41 97 5 83 72 36 29 44 28 92
11 76 72 14 3 37 73 6 59 5 8 61 69 60 34 86
94 4 89 55 90 20 35 30 98 77 19 5 26 86 25 85
55 16 35 26 25 78 45 33 25 70 46 97 83 42 66 8
2 47 95 77 78 42 76 18 9 58 59 82 20 59 100 70
8 58 31 48 80 77 2 85 38 15 58 60 1 95 52 10
22 13 45 2 7 96 21 4 91 31 68 7 30 81 20 14
11 50 1 48 9 50 7 90 65 30 90 5 34 15 85 62
61 77 42 2 58 52 18 64 24 98 65 45 89 48 74 93
79 44 36 22 90 72 67 11 54 2 69 32 97 68 94 81
50 57 68 90 90 8 55 58 21 45 63 98 3 34 98 85
32 69 72 71 33 46 28 6 9 69 8 68 30 64 74 41
20 48 45 13 33 42 90 45 71 84 45 96 88 2 88 3
71 16 71 75 61 62 56 87 34 87 69 82 51 6 100 69
39 30 51 2 39 86 65 100 78 32 56 47 88 19 60 20
95 10 37 93 26 8 78 97 24 97 21 29 10 40 22 25
34 1 75 41 23 98 2 43 50 78 33 6 23 68 65 91
80 60 73 43 53 15 14 42 86 21 6 71 45 83 42 1
96 44 47 72 94 22 83 95 42 53 36 43 14 17 69 3
62 97 48 63 10 93 95 17 47 89 73 21 50 5 27 63
17 7 2 98 33 24 67 78 73 69 68 11 4 40 92 68
39 72 2 98 77 21 98 85 70 97 49 70 94 67 56 37
39 90 77 36 32 23 72 61 53 25 57 38 74 18 1 83
33 22 90 23 91 82 33 18 90 80 38 86 4 85 91 76
95 39 21 95 87 42 77 61 5 60 7 42 92 18 5 99
76 89 91 76 62 90 44 25 7 85 66 38 14 54 27 35
94 64 56 45 21 57 97 4 34 90 43 76 98 61 64 8
90 79 92 99 40 66 75 90 24 52 33 75 19 64 48 47
37 2 29 26 59 41 41 21 54 2 70 97 64 57 92 53
69 42 25 46 50 82 54 33 75 21 99 27 80 86 15 44
28 93 94 94 77 96 67 59 80 48 54 53 54 38 51 8
36 73 37 69 19 74 32 7 59 8 55 86 88 43 4 43
31 46 9 2 61 22 1 33 98 42 14 10 55 10 26 19
18 5 14 36 32 43 99 36 24 98 62 59 81 32 84 38
4 38 16 2 75 75 94 97 3 44 46 1 18 16 92 32
80 47 36 61 76 84 41 97 28 34 88 74 56 62 87 99
70 94 88 49 12 84 29 85 40 84 18 40 91 5 19 97
50 51 91 22 87 56 52 95 30 31 46 31 80 14 28 75
93 77 19 79 76 61 67 62 11 63 74 60 52 80 29 95
51 52 10 34 2 47 17 50 6 33 90 60 93 73 17 98
60 32 47 58 77 6 80 75 28 66 85 60 31 51 9 80
26 35 98 33 4 65 98 45 17 8 2 59 38 36 67 85
44 57 61 98 59 42 92 48 72 69 19 59 40 24 97 70
64 77 45 15 4 62 8 35 7 49 74 57 81 2 31 37
11 65 1 47 93 58 23 70 14 22 100 21 86 69 85 29
79 75 43 59 40 13 56 53 15 65 38 12 34 57 56 75
8 43 8 66 92 50 53 11 46 24 27 83 62 40 45 73
45 31 69 12 54 19 49 68 96 25 24 92 60 89 52 64
72 58 24 85 10 21 33 81 70 85 10 2 26 73 57 74
56 78 65 76 73 55 98 29 2 34 48 84 43 95 40 71
100 46 35 2 33 72 89 83 30 83 58 99 44 5 12 53
93 90 58 86 89 57 8 93 45 99 58 12 37 28 45 92
17 8 55 24 36 39 16 38 83 4 1 49 96 78 10 89
37 80 80 89 73 57 91 54 75 26 49 63 95 30 96 31
2 42 98 96 38 18 58 18 80 13 6 66 27 26 13 93
7 76 85 86 44 42 73 92 9 20 1 77 43 82 8 32
57 94 26 13 25 49 72 31 74 84 15 53 57 50 11 50
35 57 14 40 58 35 29 76 70 47 92 69 84 60 64 9
57 16 59 87 34 22 77 21 50 68 71 89 58 78 87 63
69 49 85 54 38 89 53 85 59 73 94 36 95 41 58 4
