8
6
15 8 11 1 9 11 2 14
4 12 3 20 19 7 19 5
13 9 10 14 3 5 5 19
6 14 5 16 14 3 10 15
9 15 15 6 8 17 8 5
4 12 12 12 5 14 17 6
15 6 14 4 6 15 11 17
5 7 16 17 6 11 6 12
18 17 7 8 2 11 7 7
6 10 7 20 18 18 2 9
3 1 10 16 16 1 10 18
4 20 3 17 13 12 11 10
10 11 10 7 17 17 14 17
5 2 19 4 17 20 3 4
19 20 9 12 17 16 19 11
10 19 13 7 20 15 2 3
14 17 5 9 4 7 11 7
12 13 20 13 10 10 17 1
15 12 6 7 15 18 1 4
11 7 16 2 15 2 16 14
16 8 14 5 4 13 7 14
17 4 18 4 18 8 17 17
9 6 3 6 17 5 9 4
7 3 11 11 5 9 2 3
19 20 8 18 13 16 20 20
5 3 15 18 2 14 2 5
4 12 6 11 13 9 16 15
5 9 2 16 19 3 14 17
8 4 1 6 20 11 4 4
20 1 17 8 11 18 9 4
15 2 2 18 2 13 18 20
2 18 9 7 8 1 17 2
4 10 3 2 16 5 16 1
6 7 20 16 15 2 10 3
1 15 4 2 7 11 11 17
11 9 9 11 11 4 13 1
4 6 20 13 11 8 18 10
9 5 15 12 14 16 7 19
10 18 8 7 8 5 18 1
16 9 17 12 10 8 19 17
15 10 13 18 12 19 8 13
11 15 11 12 14 3 20 11
15 3 13 5 1 11 10 8
17 10 14 2 1 2 3 2
13 6 14 11 6 6 20 4
15 14 20 5 14 11 5 10
11 17 19 1 1 8 11 11
3 17 13 17 6 17 19 16
