vars = 100 ; constr = 1 
 # informations of B&B algorithm : 
total_times_used = 1180.99 
total_nodes = 79525 
pruned_nodes = 40546 
GAP = 0.0 
relaxation_time = 1033.25 
test_dominance_time = 0.05 
update_incumbent_time = 2.57 
tree_size = 209.65 
nb_nodes_EPB = 6064 
nb_nodes_VB = 73460 
root_relax = true 
TO = false 
rootLBS = 55 
LBSexhaustive = true 
 位_strategy = 0 
 位_min = 0 
 位_max = 0 
位_acc = 0.0 
total_time_cplex = 952.8268504142761 
total_time_fusion = 0.0 
heur = false 
heur_time = 0.0 
mixed = false 
mixed2 = false 



 # ----------- info about cuts : 
ite_total = 40277 
cuts_applied = 5743 
sp_cuts = 3246 
mp_cuts = 2497 
cuts_total = 5743 
times_calling_dicho = 1033.25 
times_calling_separators = 2.74 
times_oper_cutPool = 0.21 
times_total_for_cuts = 895.98 
times_add_retrieve_cuts = 0.52 



size_Y_N = 172
Y_N = [[35583.0, 42396.0], [35861.0, 42347.0], [35863.0, 42336.0], [36127.0, 42321.0], [36239.0, 42251.0], [36374.0, 42242.0], [36503.0, 42236.0], [36505.0, 42225.0], [36670.0, 42189.0], [36783.0, 42176.0], [36918.0, 42167.0], [37214.0, 42114.0], [37258.0, 42043.0], [37279.0, 41961.0], [37487.0, 41898.0], [37491.0, 41892.0], [37501.0, 41867.0], [37507.0, 41832.0], [37719.0, 41817.0], [37745.0, 41727.0], [37806.0, 41711.0], [37816.0, 41686.0], [37820.0, 41680.0], [37894.0, 41674.0], [37898.0, 41668.0], [38041.0, 41613.0], [38042.0, 41577.0], [38084.0, 41558.0], [38100.0, 41534.0], [38119.0, 41532.0], [38185.0, 41522.0], [38304.0, 41512.0], [38348.0, 41441.0], [38439.0, 41434.0], [38558.0, 41424.0], [38602.0, 41353.0], [38611.0, 41308.0], [38633.0, 41264.0], [38754.0, 41253.0], [38758.0, 41247.0], [38768.0, 41222.0], [38810.0, 41221.0], [38845.0, 41177.0], [38889.0, 41106.0], [38984.0, 41072.0], [38988.0, 41066.0], [39030.0, 41047.0], [39074.0, 41001.0], [39238.0, 40984.0], [39242.0, 40978.0], [39282.0, 40913.0], [39286.0, 40907.0], [39386.0, 40887.0], [39389.0, 40820.0], [39430.0, 40816.0], [39504.0, 40781.0], [39525.0, 40737.0], [39529.0, 40731.0], [39548.0, 40710.0], [39569.0, 40666.0], [39573.0, 40660.0], [39734.0, 40640.0], [39778.0, 40569.0], [39793.0, 40565.0], [39844.0, 40550.0], [39888.0, 40479.0], [39904.0, 40419.0], [39908.0, 40413.0], [39937.0, 40353.0], [39973.0, 40321.0], [40051.0, 40309.0], [40069.0, 40304.0], [40140.0, 40263.0], [40161.0, 40219.0], [40207.0, 40193.0], [40225.0, 40145.0], [40229.0, 40139.0], [40366.0, 40128.0], [40370.0, 40122.0], [40427.0, 40016.0], [40509.0, 39972.0], [40653.0, 39881.0], [40657.0, 39875.0], [40672.0, 39769.0], [40679.0, 39722.0], [40683.0, 39716.0], [40703.0, 39637.0], [40817.0, 39611.0], [40821.0, 39605.0], [40847.0, 39546.0], [40869.0, 39504.0], [40924.0, 39451.0], [40928.0, 39445.0], [40965.0, 39340.0], [40973.0, 39310.0], [41044.0, 39297.0], [41053.0, 39237.0], [41081.0, 39228.0], [41088.0, 39181.0], [41092.0, 39175.0], [41224.0, 39147.0], [41239.0, 39041.0], [41250.0, 38988.0], [41278.0, 38963.0], [41296.0, 38924.0], [41366.0, 38876.0], [41414.0, 38818.0], [41433.0, 38706.0], [41462.0, 38696.0], [41470.0, 38666.0], [41541.0, 38653.0], [41556.0, 38547.0], [41560.0, 38541.0], [41567.0, 38494.0], [41630.0, 38441.0], [41664.0, 38331.0], [41674.0, 38325.0], [41678.0, 38319.0], [41686.0, 38289.0], [41757.0, 38276.0], [41794.0, 38171.0], [41830.0, 38024.0], [41850.0, 38019.0], [41901.0, 38011.0], [41921.0, 38006.0], [41936.0, 37900.0], [41946.0, 37797.0], [41950.0, 37791.0], [41994.0, 37754.0], [42040.0, 37690.0], [42044.0, 37684.0], [42059.0, 37578.0], [42076.0, 37539.0], [42147.0, 37526.0], [42162.0, 37420.0], [42173.0, 37367.0], [42205.0, 37314.0], [42210.0, 37225.0], [42266.0, 37210.0], [42270.0, 37204.0], [42287.0, 37099.0], [42292.0, 37051.0], [42296.0, 37045.0], [42328.0, 36992.0], [42345.0, 36953.0], [42416.0, 36940.0], [42431.0, 36834.0], [42441.0, 36760.0], [42456.0, 36654.0], [42535.0, 36624.0], [42539.0, 36618.0], [42554.0, 36512.0], [42560.0, 36444.0], [42564.0, 36438.0], [42581.0, 36333.0], [42679.0, 36188.0], [42685.0, 36123.0], [42700.0, 36017.0], [42704.0, 36011.0], [42761.0, 35828.0], [42787.0, 35669.0], [42798.0, 35357.0], [42833.0, 35277.0], [42836.0, 35204.0], [42927.0, 35198.0], [42942.0, 35092.0], [42955.0, 34759.0], [42970.0, 34653.0], [42971.0, 34571.0], [42974.0, 34318.0], [43078.0, 34279.0], [43097.0, 33367.0]]
