vars = 1600 ; constr = 80 
 # informations of B&B algorithm : 
total_times_used = 3602.46 
total_nodes = 13528 
pruned_nodes = 6681 
GAP = 0.0 
relaxation_time = 3488.08 
test_dominance_time = 0.01 
update_incumbent_time = 2.96 
tree_size = 105.212 
nb_nodes_EPB = 1087 
nb_nodes_VB = 12440 
root_relax = true 
TO = true 
rootLBS = 63 
LBSexhaustive = true 
 位_strategy = 0 
 位_min = 0 
 位_max = 0 
位_acc = 0.0 
total_time_cplex = 0.0 
total_time_fusion = 0.0 


size_Y_N = 101
Y_N = [[53.0, 421.0], [54.0, 402.0], [55.0, 366.0], [56.0, 343.0], [57.0, 328.0], [59.0, 300.0], [60.0, 289.0], [61.0, 282.0], [62.0, 276.0], [63.0, 274.0], [64.0, 262.0], [65.0, 257.0], [66.0, 256.0], [67.0, 254.0], [68.0, 244.0], [69.0, 238.0], [70.0, 236.0], [71.0, 228.0], [73.0, 223.0], [74.0, 217.0], [76.0, 208.0], [77.0, 207.0], [78.0, 203.0], [80.0, 199.0], [81.0, 196.0], [82.0, 195.0], [83.0, 194.0], [84.0, 188.0], [86.0, 186.0], [88.0, 177.0], [90.0, 172.0], [91.0, 169.0], [92.0, 167.0], [93.0, 166.0], [94.0, 164.0], [95.0, 160.0], [96.0, 158.0], [98.0, 157.0], [100.0, 148.0], [102.0, 146.0], [103.0, 145.0], [107.0, 136.0], [109.0, 133.0], [111.0, 131.0], [112.0, 130.0], [114.0, 128.0], [118.0, 125.0], [119.0, 124.0], [121.0, 122.0], [123.0, 121.0], [125.0, 119.0], [126.0, 118.0], [128.0, 116.0], [130.0, 115.0], [132.0, 114.0], [133.0, 113.0], [134.0, 112.0], [135.0, 111.0], [138.0, 109.0], [140.0, 108.0], [141.0, 107.0], [143.0, 105.0], [145.0, 104.0], [146.0, 102.0], [149.0, 100.0], [156.0, 98.0], [157.0, 95.0], [165.0, 94.0], [167.0, 92.0], [170.0, 91.0], [172.0, 90.0], [174.0, 89.0], [177.0, 86.0], [182.0, 84.0], [190.0, 82.0], [191.0, 81.0], [195.0, 80.0], [197.0, 79.0], [204.0, 77.0], [210.0, 75.0], [221.0, 74.0], [222.0, 73.0], [227.0, 72.0], [230.0, 71.0], [238.0, 70.0], [242.0, 69.0], [247.0, 68.0], [251.0, 67.0], [256.0, 66.0], [260.0, 65.0], [264.0, 64.0], [266.0, 63.0], [275.0, 62.0], [281.0, 61.0], [284.0, 60.0], [299.0, 59.0], [302.0, 58.0], [315.0, 57.0], [329.0, 56.0], [345.0, 55.0], [362.0, 54.0]]
