vars = 2500 ; constr = 100 
 # informations of B&B algorithm : 
total_times_used = 3603.32 
total_nodes = 9848 
pruned_nodes = 4822 
GAP = 0.0 
relaxation_time = 3470.71 
test_dominance_time = 0.0 
update_incumbent_time = 3.71 
tree_size = 91.739 
nb_nodes_EPB = 713 
nb_nodes_VB = 9134 
root_relax = true 
TO = true 
rootLBS = 65 
LBSexhaustive = true 
 位_strategy = 0 
 位_min = 0 
 位_max = 0 
位_acc = 0.0 
total_time_cplex = 0.0 
total_time_fusion = 0.0 
heur = false 
heur_time = 0.0 


size_Y_N = 88
Y_N = [[56.0, 474.0], [57.0, 446.0], [59.0, 408.0], [62.0, 364.0], [64.0, 340.0], [66.0, 321.0], [70.0, 291.0], [72.0, 282.0], [78.0, 281.0], [79.0, 253.0], [81.0, 245.0], [87.0, 242.0], [89.0, 218.0], [96.0, 216.0], [97.0, 215.0], [98.0, 212.0], [99.0, 193.0], [102.0, 186.0], [110.0, 179.0], [112.0, 176.0], [114.0, 173.0], [115.0, 170.0], [117.0, 156.0], [124.0, 154.0], [127.0, 146.0], [132.0, 142.0], [135.0, 140.0], [137.0, 138.0], [139.0, 133.0], [146.0, 128.0], [149.0, 126.0], [151.0, 125.0], [152.0, 124.0], [154.0, 123.0], [157.0, 121.0], [159.0, 120.0], [160.0, 119.0], [164.0, 117.0], [165.0, 116.0], [167.0, 115.0], [169.0, 114.0], [170.0, 113.0], [172.0, 112.0], [173.0, 111.0], [175.0, 110.0], [176.0, 109.0], [179.0, 108.0], [180.0, 107.0], [181.0, 106.0], [183.0, 105.0], [186.0, 104.0], [190.0, 102.0], [192.0, 101.0], [195.0, 99.0], [197.0, 98.0], [201.0, 97.0], [204.0, 95.0], [206.0, 94.0], [210.0, 93.0], [215.0, 91.0], [217.0, 90.0], [221.0, 89.0], [226.0, 87.0], [228.0, 86.0], [234.0, 84.0], [241.0, 83.0], [242.0, 82.0], [245.0, 81.0], [249.0, 80.0], [251.0, 79.0], [259.0, 77.0], [265.0, 76.0], [272.0, 75.0], [274.0, 74.0], [281.0, 73.0], [288.0, 72.0], [290.0, 71.0], [298.0, 70.0], [307.0, 69.0], [309.0, 68.0], [330.0, 67.0], [338.0, 66.0], [357.0, 65.0], [364.0, 64.0], [374.0, 63.0], [391.0, 62.0], [412.0, 61.0], [445.0, 60.0]]
