vars = 2025 ; constr = 90 
 # informations of B&B algorithm : 
total_times_used = 3604.94 
total_nodes = 10437 
pruned_nodes = 5153 
GAP = 0.0 
relaxation_time = 3500.69 
test_dominance_time = 0.01 
update_incumbent_time = 4.41 
tree_size = 138.795 
nb_nodes_EPB = 850 
nb_nodes_VB = 9586 
root_relax = true 
TO = true 
rootLBS = 60 
LBSexhaustive = true 
 位_strategy = 0 
 位_min = 0 
 位_max = 0 
位_acc = 0.0 
total_time_cplex = 0.0 
total_time_fusion = 0.0 


size_Y_N = 82
Y_N = [[61.0, 390.0], [62.0, 329.0], [63.0, 297.0], [66.0, 273.0], [68.0, 258.0], [70.0, 247.0], [72.0, 245.0], [73.0, 231.0], [75.0, 224.0], [77.0, 220.0], [79.0, 213.0], [81.0, 208.0], [83.0, 203.0], [85.0, 196.0], [88.0, 191.0], [89.0, 188.0], [91.0, 181.0], [94.0, 175.0], [97.0, 174.0], [98.0, 169.0], [99.0, 167.0], [101.0, 165.0], [102.0, 163.0], [103.0, 161.0], [104.0, 156.0], [107.0, 154.0], [108.0, 153.0], [109.0, 147.0], [112.0, 146.0], [113.0, 145.0], [114.0, 140.0], [116.0, 139.0], [118.0, 138.0], [120.0, 135.0], [122.0, 130.0], [124.0, 129.0], [127.0, 126.0], [130.0, 125.0], [131.0, 120.0], [138.0, 115.0], [140.0, 112.0], [144.0, 110.0], [146.0, 108.0], [148.0, 106.0], [153.0, 104.0], [156.0, 100.0], [159.0, 98.0], [162.0, 97.0], [166.0, 95.0], [167.0, 94.0], [170.0, 93.0], [173.0, 91.0], [175.0, 90.0], [181.0, 87.0], [188.0, 86.0], [195.0, 83.0], [198.0, 82.0], [201.0, 81.0], [205.0, 80.0], [211.0, 79.0], [215.0, 77.0], [219.0, 75.0], [225.0, 74.0], [232.0, 73.0], [235.0, 72.0], [239.0, 71.0], [245.0, 70.0], [252.0, 69.0], [259.0, 68.0], [267.0, 67.0], [274.0, 66.0], [287.0, 65.0], [299.0, 64.0], [303.0, 63.0], [318.0, 62.0], [330.0, 61.0], [333.0, 60.0], [353.0, 59.0], [364.0, 58.0], [385.0, 57.0], [412.0, 56.0], [433.0, 55.0]]
