vars = 2025 ; constr = 90 
 # informations of B&B algorithm : 
total_times_used = 3604.75 
total_nodes = 2607 
pruned_nodes = 1252 
GAP = 0.0 
relaxation_time = 3588.49 
test_dominance_time = 0.04 
update_incumbent_time = 14.94 
tree_size = 275.403 
nb_nodes_EPB = 0 
nb_nodes_VB = 2606 
root_relax = true 
TO = true 
rootLBS = 65 
LBSexhaustive = true 
 位_strategy = 0 
 位_min = 0 
 位_max = 0 
位_acc = 0.0 
total_time_cplex = 0.0 
total_time_fusion = 0.0 


size_Y_N = 79
Y_N = [[66.0, 353.0], [67.0, 338.0], [68.0, 328.0], [70.0, 310.0], [71.0, 308.0], [72.0, 294.0], [74.0, 283.0], [75.0, 275.0], [76.0, 270.0], [78.0, 259.0], [79.0, 254.0], [81.0, 251.0], [82.0, 246.0], [83.0, 236.0], [85.0, 235.0], [86.0, 228.0], [87.0, 221.0], [88.0, 217.0], [89.0, 214.0], [92.0, 212.0], [93.0, 203.0], [94.0, 201.0], [96.0, 195.0], [100.0, 191.0], [101.0, 188.0], [102.0, 180.0], [106.0, 172.0], [109.0, 171.0], [111.0, 166.0], [112.0, 161.0], [113.0, 159.0], [117.0, 158.0], [118.0, 153.0], [119.0, 150.0], [120.0, 149.0], [121.0, 144.0], [125.0, 143.0], [127.0, 139.0], [128.0, 134.0], [132.0, 133.0], [134.0, 131.0], [136.0, 129.0], [139.0, 121.0], [144.0, 120.0], [147.0, 116.0], [148.0, 114.0], [152.0, 112.0], [156.0, 109.0], [157.0, 108.0], [160.0, 106.0], [164.0, 104.0], [165.0, 103.0], [168.0, 101.0], [172.0, 99.0], [176.0, 98.0], [177.0, 96.0], [181.0, 94.0], [185.0, 93.0], [187.0, 92.0], [194.0, 89.0], [196.0, 88.0], [205.0, 84.0], [208.0, 83.0], [224.0, 79.0], [229.0, 78.0], [236.0, 77.0], [241.0, 74.0], [244.0, 72.0], [257.0, 70.0], [263.0, 69.0], [269.0, 67.0], [291.0, 65.0], [310.0, 64.0], [316.0, 63.0], [332.0, 62.0], [358.0, 61.0], [381.0, 60.0], [394.0, 59.0], [421.0, 58.0]]
