vars = 2025 ; constr = 90 
 # informations of B&B algorithm : 
total_times_used = 3604.36 
total_nodes = 2501 
pruned_nodes = 1201 
GAP = 0.0 
relaxation_time = 3588.5 
test_dominance_time = 0.04 
update_incumbent_time = 14.51 
tree_size = 286.952 
nb_nodes_EPB = 0 
nb_nodes_VB = 2500 
root_relax = true 
TO = true 
rootLBS = 65 
LBSexhaustive = true 
 位_strategy = 0 
 位_min = 0 
 位_max = 0 
位_acc = 0.0 
total_time_cplex = 0.0 
total_time_fusion = 0.0 


size_Y_N = 80
Y_N = [[62.0, 438.0], [63.0, 418.0], [64.0, 404.0], [65.0, 387.0], [66.0, 373.0], [67.0, 353.0], [68.0, 344.0], [69.0, 333.0], [70.0, 321.0], [71.0, 304.0], [72.0, 295.0], [74.0, 280.0], [75.0, 271.0], [76.0, 265.0], [77.0, 256.0], [79.0, 248.0], [80.0, 239.0], [83.0, 224.0], [86.0, 222.0], [88.0, 219.0], [89.0, 208.0], [92.0, 206.0], [93.0, 198.0], [96.0, 195.0], [98.0, 192.0], [100.0, 185.0], [102.0, 184.0], [103.0, 178.0], [104.0, 176.0], [105.0, 170.0], [106.0, 168.0], [109.0, 166.0], [110.0, 162.0], [112.0, 161.0], [113.0, 159.0], [115.0, 155.0], [120.0, 154.0], [121.0, 149.0], [122.0, 147.0], [126.0, 141.0], [129.0, 139.0], [131.0, 137.0], [136.0, 129.0], [142.0, 126.0], [143.0, 124.0], [146.0, 119.0], [151.0, 116.0], [155.0, 114.0], [161.0, 110.0], [164.0, 106.0], [173.0, 103.0], [179.0, 99.0], [190.0, 94.0], [194.0, 93.0], [199.0, 90.0], [208.0, 89.0], [215.0, 88.0], [223.0, 85.0], [225.0, 81.0], [234.0, 80.0], [241.0, 79.0], [242.0, 77.0], [247.0, 76.0], [258.0, 75.0], [260.0, 74.0], [262.0, 73.0], [269.0, 72.0], [280.0, 71.0], [282.0, 70.0], [290.0, 69.0], [297.0, 68.0], [313.0, 67.0], [314.0, 66.0], [324.0, 65.0], [335.0, 64.0], [355.0, 63.0], [372.0, 62.0], [387.0, 61.0], [424.0, 60.0], [431.0, 59.0]]
