vars = 2500 ; constr = 100 
 # informations of B&B algorithm : 
total_times_used = 3604.61 
total_nodes = 1995 
pruned_nodes = 947 
GAP = 0.0 
relaxation_time = 3586.22 
test_dominance_time = 0.03 
update_incumbent_time = 17.2 
tree_size = 275.936 
nb_nodes_EPB = 0 
nb_nodes_VB = 1994 
root_relax = true 
TO = true 
rootLBS = 75 
LBSexhaustive = true 
 位_strategy = 0 
 位_min = 0 
 位_max = 0 
位_acc = 0.0 
total_time_cplex = 0.0 
total_time_fusion = 0.0 


size_Y_N = 95
Y_N = [[58.0, 536.0], [59.0, 479.0], [60.0, 449.0], [61.0, 448.0], [63.0, 411.0], [64.0, 410.0], [66.0, 396.0], [67.0, 366.0], [68.0, 365.0], [69.0, 358.0], [70.0, 347.0], [71.0, 330.0], [72.0, 327.0], [73.0, 314.0], [74.0, 310.0], [75.0, 308.0], [76.0, 305.0], [77.0, 286.0], [78.0, 282.0], [80.0, 274.0], [81.0, 267.0], [82.0, 264.0], [83.0, 254.0], [84.0, 249.0], [85.0, 244.0], [88.0, 236.0], [89.0, 232.0], [92.0, 221.0], [95.0, 211.0], [96.0, 205.0], [98.0, 198.0], [101.0, 194.0], [103.0, 185.0], [105.0, 180.0], [109.0, 173.0], [112.0, 171.0], [113.0, 167.0], [116.0, 165.0], [119.0, 163.0], [120.0, 159.0], [125.0, 158.0], [126.0, 153.0], [129.0, 145.0], [135.0, 141.0], [137.0, 139.0], [138.0, 136.0], [144.0, 132.0], [147.0, 129.0], [148.0, 128.0], [155.0, 123.0], [156.0, 122.0], [161.0, 121.0], [162.0, 118.0], [164.0, 116.0], [168.0, 114.0], [173.0, 111.0], [175.0, 109.0], [180.0, 106.0], [182.0, 105.0], [188.0, 103.0], [191.0, 101.0], [195.0, 100.0], [198.0, 98.0], [204.0, 97.0], [207.0, 95.0], [209.0, 94.0], [216.0, 93.0], [222.0, 91.0], [223.0, 90.0], [231.0, 89.0], [238.0, 86.0], [247.0, 85.0], [251.0, 84.0], [255.0, 82.0], [261.0, 81.0], [268.0, 80.0], [281.0, 78.0], [287.0, 77.0], [300.0, 76.0], [302.0, 75.0], [312.0, 74.0], [321.0, 73.0], [327.0, 72.0], [337.0, 71.0], [344.0, 70.0], [356.0, 68.0], [368.0, 67.0], [382.0, 66.0], [388.0, 65.0], [402.0, 64.0], [419.0, 63.0], [436.0, 62.0], [453.0, 61.0], [484.0, 60.0], [537.0, 59.0]]
