vars = 1600 ; constr = 80 
 # informations of B&B algorithm : 
total_times_used = 3603.38 
total_nodes = 3271 
pruned_nodes = 1556 
GAP = 0.0 
relaxation_time = 3585.3 
test_dominance_time = 0.04 
update_incumbent_time = 16.59 
tree_size = 285.469 
nb_nodes_EPB = 0 
nb_nodes_VB = 3270 
root_relax = true 
TO = true 
rootLBS = 64 
LBSexhaustive = true 
 位_strategy = 0 
 位_min = 0 
 位_max = 0 
位_acc = 0.0 
total_time_cplex = 0.0 
total_time_fusion = 0.0 


size_Y_N = 79
Y_N = [[49.0, 388.0], [50.0, 369.0], [51.0, 361.0], [52.0, 342.0], [53.0, 331.0], [55.0, 322.0], [56.0, 302.0], [58.0, 299.0], [60.0, 298.0], [61.0, 284.0], [62.0, 260.0], [64.0, 257.0], [65.0, 250.0], [66.0, 245.0], [68.0, 244.0], [69.0, 231.0], [70.0, 229.0], [71.0, 227.0], [72.0, 220.0], [73.0, 218.0], [74.0, 217.0], [75.0, 212.0], [76.0, 207.0], [77.0, 203.0], [78.0, 199.0], [79.0, 198.0], [80.0, 195.0], [81.0, 192.0], [82.0, 189.0], [83.0, 187.0], [84.0, 183.0], [85.0, 181.0], [86.0, 176.0], [87.0, 172.0], [88.0, 171.0], [89.0, 170.0], [90.0, 165.0], [91.0, 161.0], [93.0, 157.0], [95.0, 153.0], [96.0, 149.0], [100.0, 144.0], [103.0, 142.0], [104.0, 135.0], [106.0, 134.0], [107.0, 130.0], [110.0, 127.0], [112.0, 126.0], [113.0, 122.0], [115.0, 121.0], [116.0, 120.0], [119.0, 115.0], [122.0, 114.0], [123.0, 111.0], [130.0, 106.0], [138.0, 101.0], [142.0, 99.0], [149.0, 94.0], [153.0, 92.0], [166.0, 91.0], [167.0, 90.0], [168.0, 85.0], [170.0, 84.0], [183.0, 78.0], [191.0, 75.0], [201.0, 74.0], [208.0, 71.0], [218.0, 70.0], [239.0, 69.0], [241.0, 64.0], [251.0, 63.0], [265.0, 61.0], [275.0, 60.0], [296.0, 58.0], [307.0, 57.0], [322.0, 56.0], [343.0, 54.0], [357.0, 53.0], [394.0, 52.0]]
