vars = 1225 ; constr = 70 
 # informations of B&B algorithm : 
total_times_used = 3603.16 
total_nodes = 3823 
pruned_nodes = 1807 
GAP = 0.0 
relaxation_time = 3587.66 
test_dominance_time = 0.04 
update_incumbent_time = 13.94 
tree_size = 228.328 
nb_nodes_EPB = 0 
nb_nodes_VB = 3822 
root_relax = true 
TO = true 
rootLBS = 59 
LBSexhaustive = true 
 位_strategy = 0 
 位_min = 0 
 位_max = 0 
位_acc = 0.0 
total_time_cplex = 0.0 
total_time_fusion = 0.0 


size_Y_N = 74
Y_N = [[51.0, 321.0], [52.0, 310.0], [53.0, 295.0], [54.0, 284.0], [55.0, 281.0], [56.0, 276.0], [57.0, 265.0], [58.0, 254.0], [59.0, 251.0], [60.0, 243.0], [61.0, 240.0], [62.0, 239.0], [63.0, 235.0], [64.0, 222.0], [65.0, 218.0], [67.0, 209.0], [69.0, 207.0], [70.0, 204.0], [71.0, 194.0], [72.0, 191.0], [75.0, 189.0], [78.0, 188.0], [80.0, 172.0], [81.0, 169.0], [83.0, 165.0], [90.0, 153.0], [92.0, 149.0], [95.0, 144.0], [100.0, 136.0], [101.0, 133.0], [105.0, 129.0], [106.0, 125.0], [110.0, 123.0], [112.0, 116.0], [119.0, 115.0], [121.0, 111.0], [122.0, 105.0], [124.0, 103.0], [131.0, 100.0], [133.0, 96.0], [137.0, 93.0], [143.0, 92.0], [147.0, 87.0], [153.0, 86.0], [159.0, 83.0], [160.0, 81.0], [166.0, 79.0], [172.0, 78.0], [173.0, 77.0], [181.0, 76.0], [186.0, 74.0], [190.0, 73.0], [195.0, 72.0], [202.0, 69.0], [204.0, 68.0], [211.0, 67.0], [213.0, 66.0], [215.0, 65.0], [222.0, 64.0], [227.0, 63.0], [234.0, 62.0], [251.0, 61.0], [258.0, 59.0], [260.0, 58.0], [267.0, 57.0], [290.0, 55.0], [310.0, 54.0], [315.0, 52.0], [322.0, 51.0], [338.0, 50.0], [345.0, 49.0], [370.0, 48.0], [379.0, 47.0], [386.0, 46.0]]
