vars = 250 ; constr = 5 
 # informations of B&B algorithm : 
total_times_used = 300.54 
total_nodes = 5331 
pruned_nodes = 752 
GAP = 0.0 
relaxation_time = 291.25 
test_dominance_time = 0.27 
update_incumbent_time = 0.04 
tree_size = 25.954 
nb_nodes_EPB = 2638 
nb_nodes_VB = 2692 
root_relax = true 
TO = true 

size_Y_N = 116
Y_N = [[93227.0, 117410.0], [93244.0, 117401.0], [93284.0, 117370.0], [93369.0, 117349.0], [93528.0, 117323.0], [93826.0, 117199.0], [94630.0, 117135.0], [94646.0, 117072.0], [94818.0, 117060.0], [94860.0, 116987.0], [94890.0, 116889.0], [95308.0, 116885.0], [95353.0, 116761.0], [95430.0, 116719.0], [95814.0, 116698.0], [96015.0, 116625.0], [96327.0, 116413.0], [96451.0, 116281.0], [96616.0, 116267.0], [96783.0, 116112.0], [97037.0, 115980.0], [97092.0, 115899.0], [97126.0, 115798.0], [97442.0, 115708.0], [97443.0, 115579.0], [98071.0, 115459.0], [98145.0, 115312.0], [98160.0, 115113.0], [98348.0, 115067.0], [98758.0, 114842.0], [98844.0, 114641.0], [99130.0, 114474.0], [99246.0, 114441.0], [99251.0, 114052.0], [99457.0, 114013.0], [99583.0, 113923.0], [100039.0, 113685.0], [100176.0, 113552.0], [100237.0, 113328.0], [100529.0, 113134.0], [100675.0, 112918.0], [100934.0, 112753.0], [101153.0, 112238.0], [101281.0, 112183.0], [101294.0, 112181.0], [101331.0, 111964.0], [101398.0, 111886.0], [101434.0, 111735.0], [101548.0, 111584.0], [101718.0, 111188.0], [101873.0, 111011.0], [102137.0, 110759.0], [102293.0, 109754.0], [102325.0, 109579.0], [102338.0, 109497.0], [102594.0, 109302.0], [102753.0, 109195.0], [102997.0, 108772.0], [103005.0, 108450.0], [103337.0, 107774.0], [103629.0, 107533.0], [103695.0, 106571.0], [103751.0, 106534.0], [103762.0, 106478.0], [103776.0, 106448.0], [104031.0, 105988.0], [104043.0, 105934.0], [104114.0, 105914.0], [104149.0, 105206.0], [104243.0, 105002.0], [104303.0, 105001.0], [104442.0, 104836.0], [104470.0, 104082.0], [104474.0, 103635.0], [104695.0, 103447.0], [104834.0, 103205.0], [104895.0, 102919.0], [104901.0, 101088.0], [104966.0, 100995.0], [105331.0, 100884.0], [105345.0, 100763.0], [105523.0, 99913.0], [105627.0, 99891.0], [105760.0, 98971.0], [105891.0, 98576.0], [105976.0, 98244.0], [106021.0, 98096.0], [106081.0, 97641.0], [106126.0, 97375.0], [106137.0, 96552.0], [106260.0, 95462.0], [106442.0, 95451.0], [106633.0, 95165.0], [106670.0, 94555.0], [106699.0, 92539.0], [106754.0, 92535.0], [107106.0, 92103.0], [107293.0, 91194.0], [107398.0, 90016.0], [107584.0, 88941.0], [107693.0, 87319.0], [107715.0, 86462.0], [107856.0, 86220.0], [107871.0, 85921.0], [107894.0, 85723.0], [108023.0, 85619.0], [108208.0, 81485.0], [108260.0, 79492.0], [108277.0, 79242.0], [108298.0, 79170.0], [108578.0, 78854.0], [108586.0, 75986.0], [108898.0, 74807.0], [109034.0, 69643.0], [109074.0, 69256.0], [109315.0, 67855.0]]

size_X_E = 116
