vars = 250 ; constr = 10 
 # informations of B&B algorithm : 
total_times_used = 304.7 
total_nodes = 3458 
pruned_nodes = 260 
GAP = 0.0 
relaxation_time = 301.8 
test_dominance_time = 0.02 
update_incumbent_time = 0.04 
tree_size = 19.339 
nb_nodes_EPB = 2209 
nb_nodes_VB = 1248 
root_relax = true 
TO = true 

size_Y_N = 81
Y_N = [[45733.0, 54284.0], [46152.0, 54191.0], [46588.0, 54140.0], [46637.0, 53951.0], [46653.0, 53623.0], [46893.0, 53420.0], [47144.0, 53390.0], [47300.0, 53333.0], [47363.0, 53307.0], [47462.0, 53169.0], [47726.0, 53143.0], [48075.0, 53140.0], [48116.0, 53090.0], [48368.0, 53050.0], [48761.0, 52858.0], [48792.0, 52623.0], [49277.0, 52582.0], [49358.0, 52559.0], [49399.0, 52449.0], [49558.0, 52393.0], [50034.0, 52330.0], [50056.0, 52179.0], [50130.0, 52069.0], [50323.0, 52023.0], [50409.0, 51945.0], [50415.0, 51832.0], [50728.0, 51787.0], [51010.0, 51511.0], [51057.0, 51485.0], [51092.0, 51166.0], [51162.0, 51165.0], [51398.0, 51042.0], [51473.0, 51028.0], [51588.0, 51003.0], [51821.0, 50820.0], [51929.0, 50658.0], [52057.0, 50400.0], [52190.0, 50273.0], [52306.0, 50259.0], [52648.0, 50121.0], [52729.0, 49838.0], [52908.0, 49808.0], [53468.0, 49745.0], [53669.0, 49401.0], [53798.0, 49246.0], [53955.0, 49116.0], [54030.0, 48868.0], [54059.0, 48838.0], [54103.0, 48120.0], [54243.0, 48013.0], [54343.0, 47664.0], [54419.0, 47321.0], [54428.0, 47163.0], [54683.0, 46571.0], [54910.0, 46096.0], [55050.0, 45946.0], [55245.0, 45659.0], [55254.0, 45398.0], [55297.0, 45262.0], [55382.0, 45234.0], [55454.0, 45216.0], [55533.0, 45059.0], [55665.0, 44291.0], [55933.0, 44214.0], [56164.0, 43658.0], [56370.0, 43572.0], [56494.0, 42550.0], [56625.0, 42033.0], [56754.0, 41630.0], [56806.0, 41570.0], [56867.0, 41565.0], [57018.0, 41352.0], [57356.0, 40392.0], [57614.0, 39193.0], [57641.0, 36865.0], [57961.0, 36848.0], [57964.0, 36745.0], [58031.0, 36714.0], [58354.0, 36387.0], [58473.0, 36197.0], [58476.0, 35920.0]]

size_X_E = 81
