vars = 100 ; constr = 10 
 # informations of B&B algorithm : 
total_times_used = 300.09 
total_nodes = 7840 
pruned_nodes = 1303 
GAP = 0.0 
relaxation_time = 296.32 
test_dominance_time = 0.01 
update_incumbent_time = 0.03 
tree_size = 22.08 
nb_nodes_EPB = 2851 
nb_nodes_VB = 4988 
root_relax = true 
TO = true 

size_Y_N = 48
Y_N = [[52806.0, 52576.0], [53329.0, 52557.0], [53366.0, 52556.0], [53879.0, 52505.0], [53993.0, 52416.0], [54370.0, 52323.0], [54423.0, 52169.0], [54432.0, 52162.0], [54531.0, 52151.0], [54915.0, 52072.0], [55089.0, 52045.0], [55229.0, 51975.0], [55286.0, 51948.0], [55392.0, 51888.0], [55422.0, 51846.0], [55685.0, 51817.0], [55742.0, 51723.0], [56113.0, 51617.0], [56142.0, 51554.0], [56245.0, 51537.0], [56647.0, 51471.0], [56829.0, 51278.0], [56880.0, 51162.0], [57033.0, 50948.0], [57100.0, 50927.0], [57179.0, 50868.0], [57449.0, 50847.0], [57538.0, 50705.0], [57583.0, 50690.0], [57603.0, 50483.0], [57619.0, 50361.0], [57680.0, 50263.0], [57698.0, 50209.0], [57711.0, 50204.0], [57816.0, 50192.0], [58030.0, 49954.0], [58091.0, 49889.0], [58160.0, 49435.0], [58191.0, 48768.0], [58318.0, 48682.0], [58335.0, 47852.0], [58596.0, 47048.0], [58650.0, 47021.0], [58728.0, 46624.0], [58755.0, 46533.0], [58789.0, 46279.0], [58843.0, 46270.0], [58922.0, 46203.0]]

size_X_E = 48
