vars = 100 ; constr = 5 
 # informations of B&B algorithm : 
total_times_used = 300.08 
total_nodes = 12176 
pruned_nodes = 3857 
GAP = 0.0 
relaxation_time = 293.34 
test_dominance_time = 0.1 
update_incumbent_time = 0.04 
tree_size = 29.876 
nb_nodes_EPB = 4019 
nb_nodes_VB = 8156 
root_relax = true 
TO = true 

size_Y_N = 56
Y_N = [[54419.0, 37259.0], [54795.0, 37220.0], [54951.0, 37162.0], [55083.0, 37082.0], [55130.0, 37019.0], [55261.0, 36995.0], [55318.0, 36977.0], [55328.0, 36962.0], [55499.0, 36943.0], [55593.0, 36925.0], [55658.0, 36894.0], [55941.0, 36872.0], [56020.0, 36781.0], [56178.0, 36666.0], [56203.0, 36513.0], [56215.0, 36494.0], [56456.0, 36480.0], [56481.0, 36426.0], [56531.0, 36408.0], [56627.0, 36391.0], [56692.0, 36219.0], [56746.0, 36188.0], [56868.0, 36127.0], [56877.0, 36116.0], [56909.0, 36097.0], [57125.0, 35873.0], [57133.0, 35867.0], [57322.0, 35660.0], [57340.0, 35563.0], [57382.0, 35556.0], [57426.0, 35404.0], [57450.0, 35315.0], [57507.0, 35134.0], [57608.0, 35055.0], [57660.0, 35022.0], [57730.0, 34788.0], [57829.0, 34780.0], [57834.0, 34663.0], [58052.0, 34507.0], [58063.0, 34359.0], [58115.0, 34207.0], [58269.0, 34186.0], [58275.0, 34022.0], [58322.0, 33849.0], [58332.0, 33768.0], [58419.0, 33561.0], [58423.0, 33400.0], [58561.0, 32295.0], [58569.0, 32239.0], [58668.0, 31615.0], [58679.0, 30324.0], [58701.0, 29701.0], [58712.0, 29642.0], [58836.0, 29480.0], [58937.0, 29020.0], [58959.0, 27687.0]]

size_X_E = 56
