vars = 100 ; constr = 30 
 # informations of B&B algorithm : 
total_times_used = 300.07 
total_nodes = 4529 
pruned_nodes = 240 
GAP = 0.0 
relaxation_time = 298.45 
test_dominance_time = 0.0 
update_incumbent_time = 0.06 
tree_size = 14.912 
nb_nodes_EPB = 1878 
nb_nodes_VB = 2650 
root_relax = true 
TO = true 

size_Y_N = 49
Y_N = [[34562.0, 35375.0], [34656.0, 35288.0], [34699.0, 35262.0], [34711.0, 35233.0], [34743.0, 35207.0], [35143.0, 35168.0], [35458.0, 35025.0], [35712.0, 34732.0], [35997.0, 34591.0], [36343.0, 34221.0], [36494.0, 34205.0], [36705.0, 34000.0], [37213.0, 33986.0], [37543.0, 33819.0], [37737.0, 33699.0], [38195.0, 33597.0], [38289.0, 33574.0], [38305.0, 33447.0], [38455.0, 33426.0], [38613.0, 33335.0], [38677.0, 33261.0], [38745.0, 33251.0], [38883.0, 33183.0], [38901.0, 33138.0], [39221.0, 33104.0], [39238.0, 32678.0], [39350.0, 32603.0], [39353.0, 32500.0], [39363.0, 32437.0], [39369.0, 32345.0], [39426.0, 32326.0], [39482.0, 32267.0], [39636.0, 32153.0], [39878.0, 31690.0], [39940.0, 30670.0], [39981.0, 28662.0], [40037.0, 28479.0], [40430.0, 28452.0], [40442.0, 28237.0], [40560.0, 28196.0], [40697.0, 28068.0], [40744.0, 28019.0], [40756.0, 27994.0], [40799.0, 27944.0], [40906.0, 27918.0], [40986.0, 27660.0], [40996.0, 27354.0], [41098.0, 26702.0], [41217.0, 26384.0]]

size_X_E = 49
