vars = 500 ; constr = 10 
 # informations of B&B algorithm : 
total_times_used = 300.36 
total_nodes = 1832 
pruned_nodes = 88 
GAP = 0.0 
relaxation_time = 298.25 
test_dominance_time = 0.01 
update_incumbent_time = 0.05 
tree_size = 17.935 
nb_nodes_EPB = 1333 
nb_nodes_VB = 498 
root_relax = true 
TO = true 

size_Y_N = 107
Y_N = [[90021.0, 104434.0], [90068.0, 104337.0], [90117.0, 103614.0], [91476.0, 103477.0], [91491.0, 103390.0], [92526.0, 103313.0], [92857.0, 103308.0], [93412.0, 102989.0], [94011.0, 102894.0], [94081.0, 102666.0], [94087.0, 102324.0], [94125.0, 102270.0], [95093.0, 102055.0], [96418.0, 101776.0], [96611.0, 101719.0], [96716.0, 101413.0], [97142.0, 101255.0], [97149.0, 101110.0], [97327.0, 100836.0], [97824.0, 100701.0], [98123.0, 100660.0], [98283.0, 100637.0], [98476.0, 100515.0], [98715.0, 100449.0], [98776.0, 100442.0], [98803.0, 100329.0], [99252.0, 100085.0], [99257.0, 99994.0], [99411.0, 99947.0], [99415.0, 99846.0], [99588.0, 99721.0], [99871.0, 99709.0], [100040.0, 99538.0], [100112.0, 99527.0], [100151.0, 99181.0], [100463.0, 98814.0], [100628.0, 98787.0], [100874.0, 98529.0], [101147.0, 98490.0], [101272.0, 98462.0], [101997.0, 98354.0], [102239.0, 97811.0], [102253.0, 97520.0], [102669.0, 97508.0], [102842.0, 97408.0], [102914.0, 97232.0], [102973.0, 96603.0], [103232.0, 96419.0], [103364.0, 96417.0], [103722.0, 96386.0], [103814.0, 96255.0], [104212.0, 95589.0], [104588.0, 95407.0], [104921.0, 95395.0], [105196.0, 95145.0], [105434.0, 95033.0], [105649.0, 94822.0], [106071.0, 94375.0], [106193.0, 93427.0], [106287.0, 93344.0], [106518.0, 93143.0], [106846.0, 93044.0], [107480.0, 92982.0], [107706.0, 92679.0], [107741.0, 92473.0], [108013.0, 92350.0], [108021.0, 92165.0], [108107.0, 92042.0], [108229.0, 91898.0], [108307.0, 91593.0], [108452.0, 91064.0], [108554.0, 90581.0], [108871.0, 89296.0], [109160.0, 89218.0], [109286.0, 87556.0], [109554.0, 87184.0], [109722.0, 86416.0], [110124.0, 86376.0], [110245.0, 85905.0], [110424.0, 85654.0], [110502.0, 85404.0], [110888.0, 85339.0], [110965.0, 83999.0], [111300.0, 83133.0], [111483.0, 81594.0], [111594.0, 81192.0], [111778.0, 80967.0], [112087.0, 80508.0], [112487.0, 80173.0], [112539.0, 78107.0], [112710.0, 77991.0], [112944.0, 77922.0], [113249.0, 76311.0], [113352.0, 75241.0], [113462.0, 74923.0], [113741.0, 74799.0], [113885.0, 72375.0], [114149.0, 72037.0], [114568.0, 71321.0], [114688.0, 69893.0], [114950.0, 68067.0], [115205.0, 66794.0], [115504.0, 64934.0], [115905.0, 62112.0], [116107.0, 61015.0], [116143.0, 60737.0], [116197.0, 60142.0]]

size_X_E = 107
