vars = 250 ; constr = 10 
 # informations of B&B algorithm : 
total_times_used = 300.18 
total_nodes = 3305 
pruned_nodes = 149 
GAP = 0.0 
relaxation_time = 297.97 
test_dominance_time = 0.01 
update_incumbent_time = 0.03 
tree_size = 18.531 
nb_nodes_EPB = 2884 
nb_nodes_VB = 420 
root_relax = true 
TO = true 

size_Y_N = 77
Y_N = [[44604.0, 53290.0], [44881.0, 53261.0], [44968.0, 53206.0], [45421.0, 53200.0], [45652.0, 52982.0], [46025.0, 52787.0], [46302.0, 52728.0], [46556.0, 52608.0], [46697.0, 52587.0], [47310.0, 52533.0], [47447.0, 52463.0], [47537.0, 52294.0], [47638.0, 52284.0], [48044.0, 52276.0], [48139.0, 52060.0], [48197.0, 51932.0], [48305.0, 51896.0], [48558.0, 51885.0], [48677.0, 51855.0], [48767.0, 51675.0], [48991.0, 51560.0], [49346.0, 51558.0], [49348.0, 51528.0], [49572.0, 51341.0], [49634.0, 51223.0], [49923.0, 51200.0], [50080.0, 50962.0], [50274.0, 50709.0], [50418.0, 50668.0], [50458.0, 50663.0], [50676.0, 50504.0], [50714.0, 50474.0], [51031.0, 50380.0], [51101.0, 50312.0], [51590.0, 50233.0], [51616.0, 49641.0], [52000.0, 49635.0], [52043.0, 49367.0], [52137.0, 49239.0], [52381.0, 49047.0], [52528.0, 49040.0], [52725.0, 48809.0], [52933.0, 48738.0], [53025.0, 48649.0], [53275.0, 48640.0], [53313.0, 48245.0], [53612.0, 48161.0], [53677.0, 47848.0], [54065.0, 47725.0], [54276.0, 47592.0], [54693.0, 47257.0], [54817.0, 46996.0], [54823.0, 46782.0], [54826.0, 46658.0], [54930.0, 46497.0], [54984.0, 46409.0], [55255.0, 46233.0], [55326.0, 46182.0], [55329.0, 45815.0], [55556.0, 45389.0], [55825.0, 44403.0], [56166.0, 44004.0], [56355.0, 43595.0], [56530.0, 41896.0], [56873.0, 41824.0], [57032.0, 40530.0], [57123.0, 40501.0], [57200.0, 40289.0], [57611.0, 39652.0], [57893.0, 38578.0], [58012.0, 37579.0], [58348.0, 36183.0], [58436.0, 34432.0], [58653.0, 34424.0], [58826.0, 33716.0], [58877.0, 33295.0], [59193.0, 33203.0]]

size_X_E = 77
