vars = 500 ; constr = 5 
 # informations of B&B algorithm : 
total_times_used = 302.71 
total_nodes = 2866 
pruned_nodes = 261 
GAP = 0.0 
relaxation_time = 292.94 
test_dominance_time = 0.04 
update_incumbent_time = 0.07 
tree_size = 26.204 
nb_nodes_EPB = 1923 
nb_nodes_VB = 942 
root_relax = true 
TO = true 

size_Y_N = 176
Y_N = [[89623.0, 154241.0], [90591.0, 154239.0], [91027.0, 154054.0], [91289.0, 153869.0], [91549.0, 153868.0], [91621.0, 153669.0], [92758.0, 153604.0], [92915.0, 153562.0], [93327.0, 153518.0], [93452.0, 153354.0], [93629.0, 153276.0], [94087.0, 153013.0], [94114.0, 152974.0], [94705.0, 152933.0], [94924.0, 152826.0], [95170.0, 152757.0], [95326.0, 152325.0], [95359.0, 152197.0], [95549.0, 152003.0], [95727.0, 151994.0], [96137.0, 151924.0], [96317.0, 151641.0], [96408.0, 151546.0], [96496.0, 151273.0], [96717.0, 151062.0], [97211.0, 150923.0], [97246.0, 150638.0], [97260.0, 150603.0], [97436.0, 150602.0], [97649.0, 150105.0], [97697.0, 150005.0], [97855.0, 149995.0], [98183.0, 149451.0], [98405.0, 149218.0], [98582.0, 148759.0], [98672.0, 148726.0], [98727.0, 148653.0], [98812.0, 148091.0], [98816.0, 148048.0], [99206.0, 147803.0], [99427.0, 147313.0], [99438.0, 147215.0], [99928.0, 146897.0], [99936.0, 146070.0], [100518.0, 145620.0], [100747.0, 145570.0], [100973.0, 145051.0], [101205.0, 144932.0], [101316.0, 144732.0], [101418.0, 144637.0], [101593.0, 144134.0], [101960.0, 143714.0], [102026.0, 143476.0], [102477.0, 143134.0], [102537.0, 142335.0], [102632.0, 142191.0], [102723.0, 141908.0], [103257.0, 141837.0], [103444.0, 141204.0], [103807.0, 140847.0], [103936.0, 139234.0], [104191.0, 139153.0], [104456.0, 138362.0], [104507.0, 138327.0], [104579.0, 137941.0], [104595.0, 137733.0], [104895.0, 137722.0], [104900.0, 137235.0], [104969.0, 137209.0], [105272.0, 137131.0], [105374.0, 136695.0], [105430.0, 136311.0], [105503.0, 135874.0], [105515.0, 135852.0], [105545.0, 135743.0], [105751.0, 135567.0], [105836.0, 135528.0], [106012.0, 135171.0], [106040.0, 134821.0], [106187.0, 134612.0], [106552.0, 133229.0], [106588.0, 133119.0], [106688.0, 133095.0], [106759.0, 133030.0], [106767.0, 133010.0], [106912.0, 132931.0], [106931.0, 132610.0], [106988.0, 132469.0], [107353.0, 131960.0], [107354.0, 131329.0], [107513.0, 131300.0], [107592.0, 131045.0], [107596.0, 130692.0], [107767.0, 130372.0], [107771.0, 130248.0], [107951.0, 130154.0], [107991.0, 130139.0], [107993.0, 130032.0], [108225.0, 129746.0], [108286.0, 129521.0], [108384.0, 129077.0], [108604.0, 128810.0], [108707.0, 128766.0], [108942.0, 128203.0], [108985.0, 127798.0], [109027.0, 127553.0], [109208.0, 127313.0], [109531.0, 126651.0], [109549.0, 126436.0], [109663.0, 125958.0], [109766.0, 125943.0], [109917.0, 125258.0], [109969.0, 124228.0], [110062.0, 123508.0], [110224.0, 123210.0], [110245.0, 122919.0], [110794.0, 122092.0], [110884.0, 120851.0], [110944.0, 120158.0], [111040.0, 119601.0], [111369.0, 119413.0], [111562.0, 119405.0], [111661.0, 118688.0], [111898.0, 118310.0], [111935.0, 117925.0], [112033.0, 117233.0], [112140.0, 116170.0], [112436.0, 116094.0], [112489.0, 115219.0], [112984.0, 114970.0], [113264.0, 112665.0], [113301.0, 112312.0], [113333.0, 111530.0], [113637.0, 111387.0], [113733.0, 111248.0], [113812.0, 110860.0], [114054.0, 110301.0], [114105.0, 109519.0], [114347.0, 108972.0], [114354.0, 108003.0], [114482.0, 107885.0], [114685.0, 107635.0], [114710.0, 106746.0], [114889.0, 106158.0], [115172.0, 106100.0], [115441.0, 105007.0], [115624.0, 103290.0], [115730.0, 102687.0], [115953.0, 101831.0], [115987.0, 100767.0], [116000.0, 100278.0], [116040.0, 100145.0], [116301.0, 99996.0], [116633.0, 99112.0], [116818.0, 97307.0], [117063.0, 96685.0], [117090.0, 95969.0], [117157.0, 94587.0], [117291.0, 94430.0], [117497.0, 92711.0], [117777.0, 90543.0], [118122.0, 88242.0], [118262.0, 86386.0], [118346.0, 86022.0], [118458.0, 84631.0], [118552.0, 82707.0], [118749.0, 82583.0], [119098.0, 81878.0], [119345.0, 77902.0], [119364.0, 70103.0], [119433.0, 69882.0], [119590.0, 69555.0], [119662.0, 69522.0], [119787.0, 68595.0], [119845.0, 67578.0], [119997.0, 67050.0]]

size_X_E = 176
