vars = 250 ; constr = 10 
 # informations of B&B algorithm : 
total_times_used = 300.15 
total_nodes = 3300 
pruned_nodes = 244 
GAP = 0.0 
relaxation_time = 296.84 
test_dominance_time = 0.01 
update_incumbent_time = 0.04 
tree_size = 17.91 
nb_nodes_EPB = 1743 
nb_nodes_VB = 1556 
root_relax = true 
TO = true 

size_Y_N = 62
Y_N = [[44253.0, 54313.0], [45574.0, 54295.0], [45633.0, 54279.0], [45760.0, 54131.0], [45924.0, 54091.0], [46041.0, 53966.0], [46469.0, 53647.0], [46979.0, 53631.0], [47448.0, 53445.0], [48015.0, 53432.0], [48179.0, 53259.0], [48740.0, 53159.0], [48971.0, 53124.0], [48979.0, 52864.0], [49164.0, 52788.0], [50332.0, 52688.0], [50511.0, 52314.0], [51047.0, 52109.0], [51059.0, 51910.0], [51275.0, 51774.0], [51680.0, 51666.0], [52041.0, 51448.0], [52270.0, 51110.0], [52644.0, 51071.0], [53253.0, 50783.0], [53392.0, 49962.0], [53531.0, 49919.0], [53704.0, 49808.0], [54491.0, 49789.0], [54749.0, 49678.0], [54899.0, 49562.0], [55177.0, 49332.0], [55272.0, 49191.0], [55532.0, 48767.0], [55536.0, 48247.0], [55990.0, 47805.0], [56033.0, 47018.0], [56040.0, 46714.0], [56058.0, 46648.0], [56164.0, 46625.0], [56331.0, 46559.0], [56333.0, 46377.0], [56526.0, 46318.0], [56558.0, 46214.0], [56721.0, 46150.0], [56781.0, 45934.0], [56856.0, 45805.0], [57536.0, 45546.0], [57687.0, 44245.0], [57863.0, 44158.0], [58141.0, 43464.0], [58336.0, 43268.0], [58460.0, 43153.0], [58626.0, 41441.0], [58675.0, 41229.0], [58934.0, 41188.0], [59142.0, 41167.0], [59448.0, 40760.0], [59615.0, 39166.0], [59935.0, 38865.0], [60120.0, 36694.0], [60672.0, 36660.0]]

size_X_E = 62
