vars = 250 ; constr = 5 
 # informations of B&B algorithm : 
total_times_used = 300.05 
total_nodes = 5886 
pruned_nodes = 1105 
GAP = 0.0 
relaxation_time = 292.82 
test_dominance_time = 0.12 
update_incumbent_time = 0.03 
tree_size = 27.799 
nb_nodes_EPB = 2783 
nb_nodes_VB = 3102 
root_relax = true 
TO = true 

size_Y_N = 88
Y_N = [[136971.0, 121875.0], [137277.0, 121817.0], [137596.0, 121806.0], [137845.0, 121747.0], [138258.0, 121640.0], [138753.0, 121615.0], [138774.0, 121473.0], [139216.0, 121420.0], [139303.0, 121338.0], [139578.0, 121274.0], [139604.0, 121126.0], [139624.0, 121109.0], [139907.0, 121025.0], [140173.0, 120951.0], [140253.0, 120847.0], [140652.0, 120846.0], [140747.0, 120768.0], [140950.0, 120609.0], [141018.0, 120595.0], [141114.0, 120580.0], [141129.0, 120486.0], [141479.0, 120421.0], [141556.0, 120314.0], [141609.0, 120260.0], [141809.0, 120189.0], [141813.0, 120065.0], [141816.0, 120007.0], [142019.0, 119981.0], [142252.0, 119973.0], [142445.0, 119823.0], [142504.0, 119686.0], [142613.0, 119564.0], [142711.0, 119481.0], [142920.0, 119440.0], [142959.0, 119407.0], [142961.0, 119283.0], [143143.0, 119137.0], [143254.0, 119106.0], [143318.0, 119035.0], [143466.0, 118983.0], [143716.0, 118779.0], [143764.0, 118396.0], [143876.0, 118337.0], [144063.0, 118335.0], [144191.0, 117891.0], [144359.0, 117872.0], [144466.0, 117735.0], [144590.0, 117628.0], [144674.0, 117477.0], [144684.0, 117476.0], [144706.0, 117428.0], [144728.0, 117412.0], [144742.0, 117289.0], [145044.0, 117036.0], [145089.0, 116986.0], [145149.0, 116878.0], [145305.0, 116698.0], [145451.0, 116519.0], [145550.0, 116302.0], [145577.0, 116026.0], [145641.0, 115947.0], [145842.0, 115650.0], [146116.0, 115633.0], [146157.0, 115173.0], [146348.0, 115065.0], [146391.0, 114959.0], [146416.0, 114886.0], [146461.0, 114839.0], [146510.0, 114629.0], [146598.0, 114574.0], [146701.0, 114295.0], [146717.0, 114154.0], [146729.0, 114039.0], [146769.0, 113293.0], [146879.0, 113060.0], [146982.0, 113036.0], [147137.0, 112376.0], [147399.0, 111324.0], [147522.0, 108585.0], [147639.0, 108267.0], [147838.0, 107955.0], [148102.0, 102913.0], [148190.0, 100735.0], [148197.0, 99466.0], [148223.0, 99351.0], [148342.0, 99063.0], [148347.0, 98996.0], [148473.0, 98849.0]]

size_X_E = 88
