vars = 100 ; constr = 10 
 # informations of B&B algorithm : 
total_times_used = 300.09 
total_nodes = 7954 
pruned_nodes = 1372 
GAP = 0.0 
relaxation_time = 296.06 
test_dominance_time = 0.01 
update_incumbent_time = 0.02 
tree_size = 21.529 
nb_nodes_EPB = 2691 
nb_nodes_VB = 5262 
root_relax = true 
TO = true 

size_Y_N = 43
Y_N = [[55293.0, 46459.0], [55739.0, 46435.0], [55963.0, 46386.0], [56032.0, 46279.0], [56168.0, 46238.0], [56181.0, 46055.0], [56391.0, 46006.0], [56480.0, 45951.0], [56496.0, 45937.0], [56529.0, 45889.0], [56548.0, 45865.0], [57003.0, 45855.0], [57043.0, 45808.0], [57098.0, 45561.0], [57236.0, 45544.0], [57351.0, 45516.0], [57526.0, 45480.0], [57680.0, 45430.0], [57714.0, 45325.0], [57861.0, 45315.0], [57882.0, 45186.0], [58128.0, 45182.0], [58130.0, 45181.0], [58221.0, 45130.0], [58434.0, 45103.0], [58565.0, 44934.0], [58613.0, 44917.0], [58672.0, 44857.0], [58717.0, 44655.0], [58895.0, 44630.0], [58954.0, 44577.0], [59213.0, 44492.0], [59316.0, 44299.0], [59420.0, 44160.0], [59504.0, 43078.0], [59575.0, 42978.0], [59777.0, 42726.0], [59892.0, 42471.0], [60026.0, 41824.0], [60167.0, 41654.0], [60302.0, 41546.0], [60501.0, 41025.0], [60629.0, 40537.0]]

size_X_E = 43
