vars = 500 ; constr = 5 
 # informations of B&B algorithm : 
total_times_used = 301.19 
total_nodes = 2897 
pruned_nodes = 298 
GAP = 0.0 
relaxation_time = 292.81 
test_dominance_time = 0.06 
update_incumbent_time = 0.09 
tree_size = 25.465 
nb_nodes_EPB = 1936 
nb_nodes_VB = 960 
root_relax = true 
TO = true 

size_Y_N = 201
Y_N = [[186578.0, 197119.0], [187289.0, 197110.0], [187359.0, 197070.0], [187544.0, 196900.0], [188511.0, 196786.0], [188935.0, 196653.0], [188980.0, 196563.0], [189729.0, 196536.0], [189962.0, 196504.0], [189973.0, 196420.0], [190158.0, 196406.0], [190682.0, 196305.0], [190741.0, 196233.0], [190761.0, 196197.0], [190825.0, 196193.0], [191636.0, 196191.0], [191651.0, 195932.0], [192629.0, 195611.0], [193011.0, 195580.0], [193104.0, 195455.0], [193470.0, 195433.0], [193524.0, 195423.0], [193695.0, 195378.0], [193986.0, 195102.0], [194003.0, 194980.0], [194095.0, 194855.0], [194495.0, 194843.0], [194640.0, 194773.0], [194781.0, 194732.0], [194791.0, 194620.0], [194918.0, 194576.0], [195144.0, 194430.0], [195483.0, 194339.0], [195770.0, 194074.0], [195828.0, 194037.0], [195854.0, 194036.0], [196085.0, 194011.0], [196215.0, 193964.0], [196272.0, 193696.0], [196415.0, 193582.0], [196484.0, 193541.0], [196608.0, 193507.0], [196716.0, 193477.0], [197083.0, 193424.0], [197288.0, 193299.0], [197356.0, 193284.0], [197863.0, 192776.0], [198056.0, 192765.0], [198151.0, 192596.0], [198508.0, 192574.0], [198721.0, 192473.0], [199046.0, 192263.0], [199281.0, 191895.0], [199315.0, 191857.0], [199646.0, 191645.0], [199691.0, 191492.0], [199973.0, 191419.0], [200009.0, 191212.0], [200182.0, 191066.0], [200401.0, 191046.0], [200636.0, 190839.0], [200670.0, 190570.0], [200903.0, 190561.0], [201335.0, 190244.0], [201366.0, 189956.0], [201540.0, 189765.0], [201671.0, 189730.0], [201889.0, 189690.0], [202006.0, 189647.0], [202109.0, 189628.0], [202295.0, 189201.0], [202409.0, 188481.0], [202673.0, 188451.0], [202916.0, 188324.0], [203143.0, 188219.0], [203264.0, 188162.0], [203269.0, 188077.0], [203464.0, 187912.0], [203469.0, 187889.0], [203797.0, 187540.0], [204156.0, 187283.0], [204215.0, 186819.0], [204225.0, 186764.0], [204307.0, 186535.0], [204492.0, 186379.0], [204533.0, 186094.0], [204604.0, 186088.0], [204781.0, 185982.0], [204932.0, 185794.0], [205200.0, 185598.0], [205276.0, 185508.0], [205278.0, 185365.0], [205338.0, 185320.0], [205400.0, 185190.0], [205424.0, 185082.0], [205869.0, 184770.0], [205896.0, 184339.0], [206159.0, 184326.0], [206355.0, 184129.0], [206418.0, 183958.0], [206661.0, 183226.0], [206889.0, 183092.0], [206935.0, 182533.0], [206994.0, 182532.0], [207081.0, 182509.0], [207246.0, 182323.0], [207365.0, 182316.0], [207457.0, 182240.0], [207629.0, 181910.0], [207775.0, 181847.0], [207834.0, 181747.0], [207929.0, 180643.0], [208321.0, 180564.0], [208385.0, 180329.0], [208481.0, 180024.0], [208499.0, 179763.0], [208639.0, 179736.0], [208649.0, 179663.0], [208939.0, 179544.0], [209009.0, 179487.0], [209165.0, 179465.0], [209316.0, 179159.0], [209358.0, 178873.0], [209423.0, 178550.0], [209481.0, 178544.0], [209640.0, 177273.0], [209879.0, 176880.0], [209898.0, 176404.0], [210129.0, 176280.0], [210566.0, 175922.0], [210695.0, 175390.0], [210738.0, 174469.0], [210931.0, 174345.0], [210941.0, 174098.0], [211046.0, 173896.0], [211078.0, 173687.0], [211227.0, 173202.0], [211449.0, 172963.0], [211590.0, 172422.0], [211604.0, 172167.0], [211949.0, 171884.0], [212086.0, 171681.0], [212248.0, 171546.0], [212469.0, 170190.0], [212527.0, 169954.0], [212566.0, 169908.0], [212605.0, 168982.0], [212681.0, 168907.0], [213064.0, 168107.0], [213247.0, 167730.0], [213324.0, 166950.0], [213448.0, 166719.0], [213566.0, 165269.0], [213902.0, 164207.0], [214070.0, 164044.0], [214186.0, 163396.0], [214296.0, 162811.0], [214352.0, 162354.0], [214384.0, 161856.0], [214645.0, 161820.0], [214654.0, 160478.0], [214789.0, 160249.0], [214837.0, 159936.0], [214917.0, 159388.0], [215013.0, 159126.0], [215127.0, 158561.0], [215247.0, 158429.0], [215260.0, 158379.0], [215303.0, 158105.0], [215461.0, 156992.0], [215599.0, 156549.0], [215635.0, 154639.0], [215729.0, 153417.0], [215861.0, 153110.0], [215954.0, 153084.0], [216128.0, 152109.0], [216175.0, 150897.0], [216225.0, 150853.0], [216481.0, 150827.0], [216666.0, 150141.0], [216792.0, 147126.0], [217028.0, 147120.0], [217200.0, 143767.0], [217320.0, 143355.0], [217469.0, 142842.0], [217485.0, 141469.0], [217519.0, 141043.0], [217673.0, 141039.0], [217760.0, 138853.0], [217813.0, 137708.0], [217930.0, 135753.0], [217953.0, 135492.0], [218166.0, 132216.0], [218220.0, 131895.0], [218251.0, 130460.0], [218472.0, 129104.0], [218606.0, 129085.0], [218654.0, 127735.0], [218720.0, 127671.0], [218804.0, 127355.0], [218811.0, 127310.0]]

size_X_E = 201
