vars = 500 ; constr = 5 
 # informations of B&B algorithm : 
total_times_used = 300.27 
total_nodes = 2994 
pruned_nodes = 326 
GAP = 0.0 
relaxation_time = 292.67 
test_dominance_time = 0.09 
update_incumbent_time = 0.08 
tree_size = 27.539 
nb_nodes_EPB = 2273 
nb_nodes_VB = 720 
root_relax = true 
TO = true 

size_Y_N = 186
Y_N = [[182235.0, 193419.0], [182360.0, 193388.0], [182622.0, 193349.0], [183298.0, 193303.0], [183700.0, 193156.0], [184424.0, 193131.0], [184437.0, 193079.0], [184971.0, 193073.0], [185220.0, 193061.0], [185514.0, 192981.0], [185522.0, 192934.0], [186689.0, 192931.0], [188563.0, 192680.0], [189081.0, 192307.0], [189314.0, 192305.0], [189537.0, 192077.0], [189731.0, 192057.0], [189905.0, 192024.0], [190735.0, 191859.0], [190844.0, 191840.0], [191157.0, 191616.0], [191965.0, 191420.0], [192289.0, 191216.0], [192329.0, 191191.0], [192643.0, 191064.0], [192650.0, 190978.0], [193177.0, 190815.0], [193225.0, 190649.0], [193458.0, 190567.0], [193919.0, 190295.0], [194240.0, 190270.0], [194309.0, 189975.0], [194349.0, 189796.0], [194660.0, 189735.0], [194943.0, 189509.0], [194998.0, 189506.0], [195527.0, 189350.0], [195554.0, 189231.0], [195566.0, 188992.0], [195666.0, 188870.0], [195699.0, 188788.0], [196117.0, 188615.0], [196138.0, 188589.0], [196145.0, 188443.0], [196882.0, 188386.0], [196883.0, 188127.0], [196900.0, 187872.0], [197414.0, 187755.0], [197648.0, 187585.0], [198016.0, 187411.0], [198045.0, 187219.0], [198459.0, 186716.0], [198460.0, 186705.0], [198685.0, 186692.0], [198730.0, 186454.0], [198853.0, 186104.0], [199037.0, 185942.0], [199502.0, 185940.0], [199572.0, 185796.0], [199697.0, 185694.0], [199861.0, 185142.0], [199955.0, 184936.0], [199957.0, 184935.0], [200055.0, 184886.0], [200300.0, 184479.0], [200457.0, 184332.0], [200813.0, 184196.0], [201025.0, 183839.0], [201283.0, 183798.0], [201390.0, 183384.0], [201557.0, 183170.0], [201593.0, 183141.0], [201794.0, 183045.0], [202001.0, 182945.0], [202063.0, 182484.0], [202369.0, 182207.0], [202510.0, 181757.0], [202744.0, 181624.0], [203063.0, 181419.0], [203284.0, 181180.0], [203498.0, 180192.0], [203653.0, 180191.0], [203675.0, 179981.0], [203762.0, 179938.0], [203985.0, 179592.0], [204118.0, 179485.0], [204173.0, 179439.0], [204390.0, 178777.0], [204493.0, 178570.0], [204629.0, 178559.0], [204727.0, 178475.0], [204796.0, 178399.0], [205066.0, 178393.0], [205072.0, 178080.0], [205100.0, 177542.0], [205238.0, 177196.0], [205586.0, 177161.0], [205708.0, 176397.0], [205980.0, 176272.0], [206107.0, 176143.0], [206182.0, 175888.0], [206391.0, 175774.0], [206435.0, 175523.0], [206523.0, 175366.0], [206746.0, 175261.0], [206769.0, 174836.0], [206843.0, 174824.0], [207019.0, 174478.0], [207061.0, 174197.0], [207076.0, 173976.0], [207263.0, 173272.0], [207864.0, 172398.0], [208058.0, 170561.0], [208068.0, 170339.0], [208400.0, 169964.0], [208414.0, 169772.0], [208479.0, 169645.0], [208621.0, 169563.0], [208755.0, 169455.0], [208902.0, 169289.0], [209047.0, 168503.0], [209357.0, 167941.0], [209418.0, 167375.0], [209519.0, 167357.0], [209671.0, 167205.0], [209776.0, 166098.0], [209814.0, 165891.0], [209940.0, 165776.0], [210059.0, 165649.0], [210105.0, 165127.0], [210202.0, 165016.0], [210275.0, 164629.0], [210294.0, 164143.0], [210423.0, 163978.0], [210724.0, 163250.0], [210759.0, 162786.0], [211030.0, 161944.0], [211045.0, 161466.0], [211136.0, 160897.0], [211260.0, 160827.0], [211388.0, 160761.0], [211431.0, 160423.0], [211598.0, 159950.0], [211766.0, 158989.0], [212110.0, 158121.0], [212166.0, 157838.0], [212254.0, 157270.0], [212332.0, 155729.0], [212442.0, 155710.0], [212492.0, 155698.0], [212870.0, 154964.0], [212922.0, 154759.0], [212968.0, 154123.0], [213117.0, 153567.0], [213156.0, 152264.0], [213425.0, 151675.0], [213515.0, 150573.0], [213596.0, 150139.0], [213673.0, 149845.0], [213839.0, 149366.0], [213870.0, 148279.0], [214051.0, 146935.0], [214236.0, 146756.0], [214278.0, 146376.0], [214335.0, 146143.0], [214384.0, 145731.0], [214559.0, 145434.0], [214688.0, 142376.0], [214920.0, 141886.0], [215095.0, 139163.0], [215159.0, 137812.0], [215324.0, 137610.0], [215366.0, 136752.0], [215418.0, 136187.0], [215720.0, 135733.0], [215733.0, 134186.0], [216154.0, 131385.0], [216254.0, 125379.0], [216416.0, 124823.0], [216458.0, 124187.0], [216572.0, 120678.0], [216581.0, 120541.0], [216619.0, 120252.0], [216701.0, 120148.0], [216711.0, 119649.0], [216712.0, 119306.0]]

size_X_E = 186
