vars = 250 ; constr = 10 
 # informations of B&B algorithm : 
total_times_used = 300.18 
total_nodes = 3403 
pruned_nodes = 261 
GAP = 0.0 
relaxation_time = 296.57 
test_dominance_time = 0.03 
update_incumbent_time = 0.03 
tree_size = 18.566 
nb_nodes_EPB = 1882 
nb_nodes_VB = 1520 
root_relax = true 
TO = true 

size_Y_N = 73
Y_N = [[139954.0, 113690.0], [140560.0, 113637.0], [140924.0, 113539.0], [141029.0, 113380.0], [141686.0, 113299.0], [142235.0, 113168.0], [142453.0, 112941.0], [142492.0, 112847.0], [142714.0, 112786.0], [142845.0, 112747.0], [143175.0, 112685.0], [143629.0, 112593.0], [143756.0, 112453.0], [143809.0, 112296.0], [143876.0, 112271.0], [143939.0, 112227.0], [144026.0, 112197.0], [144237.0, 112097.0], [144452.0, 112083.0], [144644.0, 112002.0], [144660.0, 111852.0], [144711.0, 111673.0], [144806.0, 111512.0], [145373.0, 111481.0], [145437.0, 111450.0], [145439.0, 111144.0], [145813.0, 111035.0], [145850.0, 110827.0], [146054.0, 110741.0], [146741.0, 110718.0], [146771.0, 110286.0], [147178.0, 110092.0], [147204.0, 109285.0], [147455.0, 109271.0], [147697.0, 109230.0], [147699.0, 109119.0], [147851.0, 108987.0], [147920.0, 108851.0], [148032.0, 108813.0], [148153.0, 108793.0], [148242.0, 108764.0], [148552.0, 108683.0], [148665.0, 108619.0], [149088.0, 108354.0], [149455.0, 107739.0], [149468.0, 107685.0], [149475.0, 107153.0], [149641.0, 107131.0], [149914.0, 106964.0], [149987.0, 106756.0], [149997.0, 106072.0], [150197.0, 106067.0], [150452.0, 105613.0], [150676.0, 105003.0], [150802.0, 104455.0], [150918.0, 104156.0], [151034.0, 103955.0], [151199.0, 103489.0], [151286.0, 103400.0], [151388.0, 102718.0], [151516.0, 102643.0], [151638.0, 102628.0], [151721.0, 102254.0], [151798.0, 101180.0], [151921.0, 100500.0], [152125.0, 99611.0], [152336.0, 98288.0], [152421.0, 97017.0], [152439.0, 96779.0], [152545.0, 96713.0], [152762.0, 96530.0], [152777.0, 96125.0], [153086.0, 96088.0]]

size_X_E = 73
