vars = 250 ; constr = 5 
 # informations of B&B algorithm : 
total_times_used = 300.12 
total_nodes = 5802 
pruned_nodes = 1129 
GAP = 0.0 
relaxation_time = 292.06 
test_dominance_time = 0.18 
update_incumbent_time = 0.03 
tree_size = 27.678 
nb_nodes_EPB = 2623 
nb_nodes_VB = 3178 
root_relax = true 
TO = true 

size_Y_N = 89
Y_N = [[137867.0, 111206.0], [138591.0, 111183.0], [138623.0, 111011.0], [139363.0, 110885.0], [139685.0, 110706.0], [139883.0, 110703.0], [140021.0, 110667.0], [140142.0, 110604.0], [140176.0, 110596.0], [140509.0, 110559.0], [140628.0, 110512.0], [140813.0, 110399.0], [140888.0, 110398.0], [141024.0, 110385.0], [141295.0, 110317.0], [141505.0, 110199.0], [141513.0, 110122.0], [141670.0, 110109.0], [141749.0, 110066.0], [141758.0, 110065.0], [141779.0, 109957.0], [142233.0, 109931.0], [142340.0, 109885.0], [142371.0, 109773.0], [142457.0, 109743.0], [142638.0, 109665.0], [142911.0, 109636.0], [142930.0, 109540.0], [143227.0, 109537.0], [143285.0, 109459.0], [143311.0, 109305.0], [143486.0, 109115.0], [143790.0, 109106.0], [144212.0, 108948.0], [144309.0, 108717.0], [144474.0, 108697.0], [144710.0, 108459.0], [144717.0, 108294.0], [144888.0, 108238.0], [145054.0, 108172.0], [145072.0, 108092.0], [145318.0, 108038.0], [145339.0, 107778.0], [145376.0, 107643.0], [145663.0, 107636.0], [145674.0, 107524.0], [145805.0, 107355.0], [145869.0, 107203.0], [145923.0, 107173.0], [145937.0, 107138.0], [145972.0, 107076.0], [146052.0, 106970.0], [146128.0, 106787.0], [146166.0, 106762.0], [146224.0, 106722.0], [146325.0, 106705.0], [146450.0, 106646.0], [146497.0, 106613.0], [146769.0, 106600.0], [146780.0, 106254.0], [146940.0, 106228.0], [146956.0, 106226.0], [147122.0, 106183.0], [147250.0, 105842.0], [147287.0, 105796.0], [147390.0, 105685.0], [147559.0, 105515.0], [147673.0, 105100.0], [147772.0, 104487.0], [147828.0, 103797.0], [148173.0, 103697.0], [148243.0, 103684.0], [148366.0, 102890.0], [148551.0, 102461.0], [148564.0, 101315.0], [148608.0, 101313.0], [148633.0, 101104.0], [148658.0, 100991.0], [148831.0, 100963.0], [149112.0, 100383.0], [149130.0, 99389.0], [149146.0, 96618.0], [149175.0, 95619.0], [149194.0, 95407.0], [149204.0, 95258.0], [149384.0, 94088.0], [149478.0, 93552.0], [149529.0, 93099.0], [149698.0, 92159.0]]

size_X_E = 89
