vars = 250 ; constr = 5 
 # informations of B&B algorithm : 
total_times_used = 300.1 
total_nodes = 5303 
pruned_nodes = 665 
GAP = 0.0 
relaxation_time = 292.04 
test_dominance_time = 0.15 
update_incumbent_time = 0.04 
tree_size = 27.297 
nb_nodes_EPB = 2892 
nb_nodes_VB = 2410 
root_relax = true 
TO = true 

size_Y_N = 116
Y_N = [[92557.0, 108335.0], [93284.0, 108307.0], [93304.0, 108163.0], [93407.0, 108146.0], [94089.0, 107971.0], [94523.0, 107918.0], [94775.0, 107854.0], [95108.0, 107763.0], [95331.0, 107719.0], [95476.0, 107658.0], [95548.0, 107610.0], [95606.0, 107605.0], [95618.0, 107501.0], [96350.0, 107493.0], [96742.0, 107331.0], [97143.0, 107216.0], [97157.0, 107162.0], [97201.0, 107079.0], [97277.0, 107061.0], [97441.0, 106999.0], [97480.0, 106882.0], [97531.0, 106840.0], [97828.0, 106695.0], [98005.0, 106584.0], [98106.0, 106500.0], [98390.0, 106405.0], [98609.0, 106386.0], [98729.0, 106045.0], [98902.0, 105958.0], [98915.0, 105875.0], [99143.0, 105804.0], [99265.0, 105555.0], [99361.0, 105345.0], [99376.0, 105308.0], [99454.0, 105132.0], [99611.0, 105013.0], [99901.0, 104972.0], [99921.0, 104913.0], [99988.0, 104812.0], [100437.0, 104756.0], [100629.0, 104213.0], [100760.0, 104112.0], [100850.0, 103852.0], [101023.0, 103607.0], [101181.0, 103414.0], [101197.0, 103402.0], [101220.0, 103356.0], [101294.0, 103145.0], [101364.0, 103140.0], [101508.0, 103134.0], [101665.0, 102802.0], [101869.0, 102693.0], [101876.0, 102328.0], [101946.0, 102256.0], [101977.0, 102248.0], [102009.0, 102247.0], [102125.0, 102112.0], [102802.0, 101972.0], [102897.0, 101270.0], [102951.0, 100770.0], [103477.0, 100569.0], [103565.0, 99830.0], [103580.0, 99820.0], [103839.0, 99732.0], [104052.0, 99560.0], [104176.0, 99037.0], [104427.0, 98818.0], [104475.0, 97977.0], [104573.0, 97527.0], [104592.0, 97358.0], [104689.0, 97226.0], [104900.0, 96692.0], [105063.0, 96328.0], [105164.0, 95914.0], [105350.0, 95690.0], [105406.0, 94965.0], [105585.0, 94871.0], [105665.0, 94146.0], [105681.0, 93541.0], [105770.0, 93440.0], [105935.0, 93243.0], [105947.0, 92811.0], [106016.0, 92152.0], [106141.0, 92012.0], [106220.0, 91791.0], [106245.0, 91757.0], [106346.0, 91216.0], [106423.0, 90685.0], [106503.0, 90543.0], [106504.0, 90067.0], [106661.0, 89944.0], [106760.0, 88829.0], [106839.0, 88645.0], [106878.0, 88309.0], [106880.0, 87713.0], [107023.0, 87612.0], [107109.0, 87363.0], [107117.0, 87010.0], [107138.0, 86823.0], [107282.0, 85028.0], [107416.0, 84935.0], [107504.0, 84558.0], [107564.0, 84319.0], [107695.0, 83199.0], [107848.0, 81384.0], [108021.0, 81322.0], [108116.0, 80516.0], [108118.0, 80099.0], [108234.0, 76606.0], [108235.0, 76304.0], [108296.0, 75922.0], [108483.0, 75760.0], [108490.0, 74601.0], [108605.0, 74527.0], [108872.0, 74318.0], [108873.0, 73367.0]]

size_X_E = 116
