vars = 250 ; constr = 5 
 # informations of B&B algorithm : 
total_times_used = 305.17 
total_nodes = 5381 
pruned_nodes = 934 
GAP = 0.0 
relaxation_time = 295.83 
test_dominance_time = 0.39 
update_incumbent_time = 0.06 
tree_size = 27.086 
nb_nodes_EPB = 3268 
nb_nodes_VB = 2112 
root_relax = true 
TO = true 

size_Y_N = 134
Y_N = [[41826.0, 76263.0], [42004.0, 75972.0], [42012.0, 75883.0], [42231.0, 75733.0], [42531.0, 75569.0], [43356.0, 75437.0], [43514.0, 75291.0], [43691.0, 75156.0], [44007.0, 74967.0], [44293.0, 74674.0], [44449.0, 74476.0], [44574.0, 74353.0], [44993.0, 74229.0], [45270.0, 74028.0], [45308.0, 73800.0], [45548.0, 73735.0], [45559.0, 73602.0], [45682.0, 73507.0], [45737.0, 73417.0], [45974.0, 73381.0], [46191.0, 72886.0], [46535.0, 72852.0], [46601.0, 72623.0], [46944.0, 72494.0], [46993.0, 72209.0], [47082.0, 72021.0], [47099.0, 71960.0], [47121.0, 71940.0], [47360.0, 71832.0], [47468.0, 71812.0], [47715.0, 71191.0], [47739.0, 70878.0], [47810.0, 70797.0], [47909.0, 70701.0], [48055.0, 70697.0], [48297.0, 70200.0], [48588.0, 70020.0], [48745.0, 69788.0], [48809.0, 69521.0], [48833.0, 69486.0], [48931.0, 69282.0], [49059.0, 69063.0], [49140.0, 69006.0], [49234.0, 68871.0], [49386.0, 68740.0], [49387.0, 68636.0], [49389.0, 68187.0], [49555.0, 68077.0], [49741.0, 67703.0], [49806.0, 67555.0], [49835.0, 67444.0], [50032.0, 67162.0], [50182.0, 67137.0], [50267.0, 67004.0], [50321.0, 66661.0], [50328.0, 66657.0], [50579.0, 66551.0], [50662.0, 66111.0], [50775.0, 65585.0], [50981.0, 65530.0], [51073.0, 65145.0], [51268.0, 64575.0], [51279.0, 64490.0], [51351.0, 64477.0], [51439.0, 64236.0], [51621.0, 64057.0], [51806.0, 63448.0], [51841.0, 63261.0], [51918.0, 63244.0], [52029.0, 62981.0], [52064.0, 62792.0], [52254.0, 62036.0], [52325.0, 61781.0], [52660.0, 61072.0], [52731.0, 61059.0], [52896.0, 60569.0], [53357.0, 60424.0], [53380.0, 59744.0], [53573.0, 58747.0], [53614.0, 58734.0], [53721.0, 58288.0], [53788.0, 58185.0], [53901.0, 57644.0], [53950.0, 57450.0], [54159.0, 57250.0], [54168.0, 56983.0], [54174.0, 56642.0], [54315.0, 56232.0], [54316.0, 56090.0], [54380.0, 56049.0], [54480.0, 55989.0], [54561.0, 55616.0], [54600.0, 54222.0], [54670.0, 54203.0], [54787.0, 54167.0], [54922.0, 53944.0], [55005.0, 53732.0], [55186.0, 52684.0], [55204.0, 52614.0], [55400.0, 51901.0], [55471.0, 51527.0], [55521.0, 51448.0], [55709.0, 50527.0], [56024.0, 49928.0], [56030.0, 48856.0], [56137.0, 48680.0], [56175.0, 48473.0], [56473.0, 47919.0], [56480.0, 47408.0], [56525.0, 47027.0], [56633.0, 46941.0], [56769.0, 46696.0], [56840.0, 46501.0], [56997.0, 44661.0], [57127.0, 44314.0], [57179.0, 44270.0], [57291.0, 43875.0], [57430.0, 43322.0], [57611.0, 42047.0], [57709.0, 41442.0], [57884.0, 40892.0], [58015.0, 40660.0], [58096.0, 38856.0], [58137.0, 38595.0], [58269.0, 38401.0], [58438.0, 37119.0], [58478.0, 36430.0], [58664.0, 35972.0], [58786.0, 34505.0], [58907.0, 29371.0], [59106.0, 29313.0], [59124.0, 27232.0], [59140.0, 27121.0], [59196.0, 25958.0]]

size_X_E = 134
