vars = 500 ; constr = 5 
 # informations of B&B algorithm : 
total_times_used = 300.14 
total_nodes = 2879 
pruned_nodes = 315 
GAP = 0.0 
relaxation_time = 292.45 
test_dominance_time = 0.17 
update_incumbent_time = 0.06 
tree_size = 25.142 
nb_nodes_EPB = 1832 
nb_nodes_VB = 1046 
root_relax = true 
TO = true 

size_Y_N = 152
Y_N = [[91380.0, 134720.0], [91467.0, 134660.0], [91513.0, 134452.0], [92359.0, 134451.0], [94256.0, 134165.0], [95452.0, 133912.0], [95460.0, 133673.0], [95946.0, 133647.0], [96054.0, 133486.0], [96083.0, 133457.0], [96099.0, 133430.0], [96414.0, 133069.0], [96541.0, 132961.0], [96978.0, 132872.0], [97317.0, 132862.0], [97874.0, 132601.0], [98255.0, 131954.0], [98337.0, 131826.0], [98488.0, 131677.0], [98749.0, 131479.0], [99091.0, 131401.0], [99936.0, 131302.0], [100009.0, 130814.0], [100378.0, 130803.0], [100484.0, 130674.0], [100703.0, 130432.0], [100850.0, 130110.0], [100896.0, 130045.0], [101156.0, 130022.0], [101177.0, 129512.0], [101305.0, 129507.0], [101326.0, 129406.0], [101495.0, 129313.0], [101878.0, 129107.0], [101963.0, 128629.0], [102002.0, 128525.0], [102015.0, 128504.0], [102243.0, 128498.0], [102970.0, 128358.0], [103214.0, 127626.0], [103536.0, 127473.0], [103905.0, 127023.0], [103983.0, 126619.0], [104250.0, 126595.0], [104266.0, 126451.0], [104526.0, 126013.0], [104666.0, 125903.0], [104729.0, 125833.0], [104825.0, 125494.0], [104841.0, 125329.0], [105074.0, 125223.0], [105130.0, 125105.0], [105191.0, 125005.0], [105200.0, 124900.0], [105338.0, 124670.0], [105563.0, 124521.0], [105666.0, 124441.0], [105699.0, 124237.0], [105794.0, 124041.0], [105958.0, 123850.0], [106141.0, 123713.0], [106393.0, 123354.0], [106445.0, 123023.0], [106494.0, 122583.0], [106676.0, 122478.0], [106716.0, 122311.0], [107192.0, 122277.0], [107438.0, 121748.0], [107446.0, 121337.0], [107464.0, 121256.0], [107646.0, 121228.0], [107650.0, 120876.0], [108053.0, 120516.0], [108286.0, 120265.0], [108366.0, 119699.0], [108689.0, 119581.0], [108704.0, 119233.0], [108804.0, 119145.0], [108931.0, 118418.0], [109289.0, 118175.0], [109400.0, 118089.0], [109512.0, 117445.0], [109515.0, 117180.0], [109758.0, 117158.0], [109845.0, 117068.0], [110065.0, 116439.0], [110533.0, 116057.0], [110575.0, 115581.0], [110710.0, 114852.0], [111200.0, 114650.0], [111225.0, 114090.0], [111254.0, 113937.0], [111368.0, 113849.0], [111523.0, 113772.0], [111674.0, 113184.0], [111749.0, 112854.0], [111976.0, 111784.0], [112120.0, 110885.0], [112184.0, 110835.0], [112392.0, 110492.0], [112816.0, 110287.0], [112881.0, 109427.0], [113047.0, 109079.0], [113285.0, 109005.0], [113660.0, 107433.0], [113699.0, 107169.0], [113951.0, 106831.0], [114038.0, 106418.0], [114241.0, 106397.0], [114249.0, 105128.0], [114316.0, 104770.0], [114457.0, 104687.0], [114577.0, 104643.0], [114581.0, 104435.0], [114925.0, 103720.0], [115009.0, 102717.0], [115055.0, 102359.0], [115344.0, 102352.0], [115662.0, 101607.0], [115713.0, 100582.0], [115848.0, 100426.0], [115901.0, 100195.0], [116058.0, 99149.0], [116187.0, 98295.0], [116449.0, 97304.0], [116812.0, 96709.0], [116838.0, 96591.0], [117050.0, 95183.0], [117107.0, 94744.0], [117168.0, 94519.0], [117308.0, 94490.0], [117484.0, 93494.0], [117507.0, 92764.0], [117748.0, 92688.0], [117782.0, 90399.0], [117985.0, 89971.0], [118070.0, 89957.0], [118430.0, 89331.0], [118552.0, 88436.0], [118752.0, 87292.0], [118859.0, 86475.0], [118982.0, 85580.0], [118993.0, 84991.0], [119166.0, 83961.0], [119375.0, 81385.0], [119512.0, 79912.0], [119599.0, 74556.0], [119932.0, 74278.0], [120066.0, 72305.0], [120173.0, 69635.0], [120210.0, 69554.0], [120505.0, 69392.0]]

size_X_E = 152
