vars = 500 ; constr = 5 
 # informations of B&B algorithm : 
total_times_used = 300.26 
total_nodes = 2941 
pruned_nodes = 371 
GAP = 0.0 
relaxation_time = 293.93 
test_dominance_time = 0.11 
update_incumbent_time = 0.06 
tree_size = 26.545 
nb_nodes_EPB = 2138 
nb_nodes_VB = 802 
root_relax = true 
TO = true 

size_Y_N = 158
Y_N = [[93970.0, 131410.0], [93973.0, 131382.0], [94429.0, 131260.0], [94535.0, 131176.0], [94633.0, 131144.0], [94930.0, 130932.0], [94943.0, 130900.0], [96739.0, 130882.0], [97566.0, 130549.0], [97582.0, 130489.0], [98023.0, 130474.0], [98128.0, 130242.0], [98560.0, 130224.0], [99085.0, 129884.0], [99538.0, 129866.0], [99820.0, 129786.0], [100481.0, 129691.0], [100492.0, 129685.0], [100534.0, 129647.0], [100715.0, 129313.0], [100749.0, 129288.0], [101116.0, 129119.0], [101286.0, 128965.0], [101321.0, 128895.0], [101423.0, 128885.0], [101573.0, 128801.0], [102094.0, 128687.0], [102368.0, 128187.0], [102372.0, 127982.0], [102376.0, 127770.0], [103343.0, 127508.0], [103394.0, 127441.0], [103451.0, 127344.0], [103465.0, 127341.0], [103563.0, 127123.0], [103569.0, 127067.0], [103780.0, 127053.0], [103814.0, 126937.0], [103834.0, 126891.0], [104298.0, 126760.0], [104378.0, 126709.0], [104393.0, 126244.0], [104682.0, 126212.0], [104795.0, 126119.0], [105054.0, 125845.0], [105060.0, 125498.0], [105566.0, 125466.0], [105572.0, 125306.0], [106074.0, 125226.0], [106224.0, 125047.0], [106261.0, 124602.0], [106399.0, 124439.0], [106755.0, 124356.0], [106767.0, 124030.0], [106781.0, 123728.0], [106924.0, 123659.0], [107043.0, 123608.0], [107221.0, 123377.0], [107239.0, 123234.0], [107246.0, 123181.0], [107359.0, 123161.0], [107702.0, 122975.0], [107847.0, 122931.0], [107889.0, 122703.0], [108515.0, 122251.0], [108583.0, 120885.0], [108637.0, 120831.0], [108638.0, 120693.0], [108852.0, 120632.0], [108950.0, 120446.0], [108970.0, 120412.0], [109180.0, 120389.0], [109182.0, 120228.0], [109310.0, 119827.0], [109532.0, 119720.0], [110088.0, 119625.0], [110264.0, 119173.0], [110316.0, 118989.0], [110585.0, 118983.0], [110655.0, 118724.0], [110774.0, 118399.0], [110798.0, 118154.0], [110832.0, 117519.0], [110986.0, 117324.0], [111204.0, 117319.0], [111386.0, 116435.0], [111410.0, 116322.0], [111646.0, 116128.0], [111663.0, 115239.0], [111987.0, 115053.0], [112017.0, 114950.0], [112059.0, 114835.0], [112135.0, 114430.0], [112475.0, 114032.0], [112487.0, 113234.0], [112704.0, 113160.0], [112845.0, 112586.0], [113128.0, 112113.0], [113171.0, 111807.0], [113188.0, 111636.0], [113377.0, 111498.0], [113443.0, 111404.0], [113664.0, 110719.0], [113678.0, 110064.0], [114230.0, 109631.0], [114340.0, 108998.0], [114569.0, 108173.0], [114579.0, 108015.0], [114932.0, 108002.0], [115074.0, 107869.0], [115122.0, 107242.0], [115196.0, 106649.0], [115216.0, 105579.0], [115475.0, 105527.0], [115497.0, 105400.0], [115678.0, 104972.0], [115847.0, 104821.0], [115917.0, 104137.0], [116139.0, 104007.0], [116207.0, 103950.0], [116496.0, 103432.0], [116523.0, 101822.0], [116569.0, 101445.0], [116766.0, 101384.0], [116823.0, 100370.0], [117023.0, 100355.0], [117056.0, 99548.0], [117118.0, 99472.0], [117174.0, 98891.0], [117277.0, 98766.0], [117442.0, 98663.0], [117743.0, 98516.0], [117807.0, 96277.0], [117990.0, 95741.0], [118060.0, 95439.0], [118309.0, 95090.0], [118539.0, 94635.0], [118649.0, 93367.0], [118872.0, 92715.0], [118886.0, 92640.0], [119007.0, 90749.0], [119139.0, 89110.0], [119209.0, 88984.0], [119357.0, 88577.0], [119498.0, 86992.0], [119659.0, 86250.0], [119818.0, 85474.0], [120022.0, 81408.0], [120094.0, 80754.0], [120123.0, 80634.0], [120183.0, 80588.0], [120389.0, 80065.0], [120394.0, 79132.0], [120401.0, 79083.0], [120407.0, 78942.0], [120433.0, 78324.0], [120473.0, 78030.0], [120526.0, 77864.0]]

size_X_E = 158
