vars = 500 ; constr = 5 
 # informations of B&B algorithm : 
total_times_used = 311.04 
total_nodes = 2945 
pruned_nodes = 282 
GAP = 0.0 
relaxation_time = 302.1 
test_dominance_time = 0.05 
update_incumbent_time = 0.08 
tree_size = 26.359 
nb_nodes_EPB = 1726 
nb_nodes_VB = 1218 
root_relax = true 
TO = true 

size_Y_N = 187
Y_N = [[91772.0, 140380.0], [91944.0, 140046.0], [92054.0, 140016.0], [92612.0, 139982.0], [93783.0, 139871.0], [93862.0, 139751.0], [94179.0, 139609.0], [94492.0, 139569.0], [94876.0, 139465.0], [95016.0, 139453.0], [95073.0, 139160.0], [95389.0, 139137.0], [95876.0, 139122.0], [96131.0, 138901.0], [96192.0, 138860.0], [96322.0, 138718.0], [96578.0, 138664.0], [96684.0, 138365.0], [97053.0, 138336.0], [97271.0, 138272.0], [97291.0, 138092.0], [97592.0, 138037.0], [97691.0, 137833.0], [98386.0, 137607.0], [98497.0, 137388.0], [98605.0, 137048.0], [98645.0, 137028.0], [98765.0, 137003.0], [98959.0, 136981.0], [98988.0, 136912.0], [99006.0, 136839.0], [99275.0, 136762.0], [99476.0, 136641.0], [99871.0, 136598.0], [100072.0, 136276.0], [100444.0, 135866.0], [100502.0, 135810.0], [100671.0, 135605.0], [100757.0, 135067.0], [100884.0, 134906.0], [100964.0, 134870.0], [100973.0, 134857.0], [101091.0, 134757.0], [101123.0, 134731.0], [101439.0, 134486.0], [101540.0, 134438.0], [101575.0, 134098.0], [101641.0, 134097.0], [101680.0, 133927.0], [101755.0, 133865.0], [101850.0, 133479.0], [102348.0, 133238.0], [102350.0, 133188.0], [102371.0, 133154.0], [102377.0, 132576.0], [102579.0, 132356.0], [102960.0, 132164.0], [103278.0, 132006.0], [103608.0, 131893.0], [103942.0, 131181.0], [104040.0, 130887.0], [104086.0, 130632.0], [104159.0, 129740.0], [104463.0, 129707.0], [104717.0, 129637.0], [104780.0, 129301.0], [105059.0, 128621.0], [105179.0, 128529.0], [105186.0, 128441.0], [105439.0, 128280.0], [105484.0, 128008.0], [105524.0, 127944.0], [105726.0, 127600.0], [105792.0, 127478.0], [105909.0, 126665.0], [106098.0, 126624.0], [106130.0, 126503.0], [106509.0, 126472.0], [107155.0, 124871.0], [107409.0, 124292.0], [107655.0, 124083.0], [107860.0, 123898.0], [107872.0, 122560.0], [108009.0, 122349.0], [108195.0, 122192.0], [108231.0, 121724.0], [108436.0, 121565.0], [108525.0, 121478.0], [108905.0, 120605.0], [109243.0, 120463.0], [109269.0, 120310.0], [109408.0, 120041.0], [109409.0, 119903.0], [109467.0, 119524.0], [109561.0, 119072.0], [109685.0, 118959.0], [109794.0, 118885.0], [109797.0, 118197.0], [109982.0, 117510.0], [110199.0, 117372.0], [110272.0, 117292.0], [110312.0, 117207.0], [110545.0, 116447.0], [110558.0, 116430.0], [110832.0, 116381.0], [111115.0, 116071.0], [111341.0, 115744.0], [111365.0, 115478.0], [111410.0, 115438.0], [111422.0, 114997.0], [111515.0, 114827.0], [111522.0, 114608.0], [111680.0, 114459.0], [111772.0, 114268.0], [111915.0, 113990.0], [111941.0, 113870.0], [112081.0, 113801.0], [112087.0, 113391.0], [112133.0, 113168.0], [112256.0, 112749.0], [112348.0, 111564.0], [112562.0, 110373.0], [112681.0, 110014.0], [112692.0, 110003.0], [112975.0, 109991.0], [112983.0, 109734.0], [113488.0, 108842.0], [113532.0, 107660.0], [114078.0, 107314.0], [114229.0, 105245.0], [114328.0, 105134.0], [114487.0, 104977.0], [114712.0, 104582.0], [114829.0, 104045.0], [115075.0, 103930.0], [115139.0, 102590.0], [115304.0, 102048.0], [115358.0, 101619.0], [115430.0, 100553.0], [115675.0, 100460.0], [115851.0, 100215.0], [116067.0, 99439.0], [116110.0, 99047.0], [116166.0, 99007.0], [116333.0, 98864.0], [116362.0, 97861.0], [116473.0, 96586.0], [116550.0, 95594.0], [116619.0, 95412.0], [116887.0, 94774.0], [117014.0, 94494.0], [117244.0, 94297.0], [117330.0, 93859.0], [117545.0, 92786.0], [117684.0, 92137.0], [117865.0, 90893.0], [117917.0, 90609.0], [117976.0, 88798.0], [118138.0, 88560.0], [118307.0, 88424.0], [118327.0, 88190.0], [118496.0, 88072.0], [118554.0, 87743.0], [118621.0, 87203.0], [118802.0, 85426.0], [119011.0, 85157.0], [119109.0, 83572.0], [119263.0, 82807.0], [119279.0, 82566.0], [119404.0, 80954.0], [119450.0, 80515.0], [119607.0, 80473.0], [119718.0, 79860.0], [119876.0, 79642.0], [119921.0, 78206.0], [119966.0, 77900.0], [120165.0, 76305.0], [120240.0, 73155.0], [120360.0, 71079.0], [120403.0, 70814.0], [120408.0, 70618.0], [120728.0, 70539.0], [120948.0, 65227.0], [121124.0, 62560.0], [121171.0, 61455.0], [121340.0, 61129.0], [121349.0, 59828.0]]

size_X_E = 187
