vars = 100 ; constr = 10 
 # informations of B&B algorithm : 
total_times_used = 300.1 
total_nodes = 7548 
pruned_nodes = 1206 
GAP = 0.0 
relaxation_time = 296.65 
test_dominance_time = 0.03 
update_incumbent_time = 0.03 
tree_size = 21.691 
nb_nodes_EPB = 3035 
nb_nodes_VB = 4512 
root_relax = true 
TO = true 

size_Y_N = 45
Y_N = [[16626.0, 19504.0], [16677.0, 19455.0], [16807.0, 19454.0], [16854.0, 19399.0], [17123.0, 19392.0], [17632.0, 19379.0], [17967.0, 19372.0], [18352.0, 19268.0], [18359.0, 19082.0], [18418.0, 19034.0], [18543.0, 19000.0], [18821.0, 18943.0], [18998.0, 18742.0], [19115.0, 18568.0], [19397.0, 18492.0], [19761.0, 18467.0], [19984.0, 18096.0], [20057.0, 17954.0], [20107.0, 17938.0], [20306.0, 17903.0], [20411.0, 17788.0], [20597.0, 17785.0], [20661.0, 17715.0], [20694.0, 17508.0], [20743.0, 17458.0], [20877.0, 17326.0], [20902.0, 17201.0], [20958.0, 17052.0], [20976.0, 17047.0], [21061.0, 17022.0], [21172.0, 16998.0], [21205.0, 16694.0], [21285.0, 16502.0], [21500.0, 15674.0], [21532.0, 15139.0], [21597.0, 15131.0], [21785.0, 15032.0], [21945.0, 14014.0], [22022.0, 13858.0], [22101.0, 13856.0], [22159.0, 13727.0], [22274.0, 13613.0], [22460.0, 13577.0], [22464.0, 13549.0], [22542.0, 13428.0]]

size_X_E = 45
