vars = 100 ; constr = 30 
 # informations of B&B algorithm : 
total_times_used = 300.19 
total_nodes = 4273 
pruned_nodes = 127 
GAP = 0.0 
relaxation_time = 298.63 
test_dominance_time = 0.0 
update_incumbent_time = 0.04 
tree_size = 13.978 
nb_nodes_EPB = 2006 
nb_nodes_VB = 2266 
root_relax = true 
TO = true 

size_Y_N = 61
Y_N = [[31765.0, 33579.0], [32255.0, 33491.0], [32405.0, 33399.0], [32657.0, 33391.0], [32724.0, 33351.0], [32731.0, 33326.0], [32861.0, 33274.0], [33069.0, 33178.0], [33275.0, 33132.0], [33722.0, 32933.0], [34165.0, 32776.0], [34497.0, 32643.0], [35246.0, 32619.0], [35584.0, 32168.0], [35620.0, 32082.0], [35680.0, 32067.0], [36029.0, 32043.0], [36540.0, 31914.0], [37312.0, 31866.0], [37473.0, 31495.0], [37502.0, 31488.0], [37585.0, 31427.0], [37617.0, 31426.0], [37671.0, 31411.0], [38018.0, 31263.0], [38033.0, 31123.0], [38104.0, 31102.0], [38198.0, 31072.0], [38287.0, 30986.0], [38469.0, 30910.0], [38574.0, 30895.0], [38645.0, 30812.0], [38880.0, 30747.0], [38996.0, 30496.0], [39008.0, 30310.0], [39169.0, 30191.0], [39277.0, 30137.0], [39308.0, 29810.0], [39313.0, 29654.0], [39360.0, 29560.0], [39538.0, 28900.0], [39732.0, 28162.0], [39855.0, 27909.0], [39949.0, 27853.0], [40354.0, 27096.0], [40598.0, 26950.0], [40628.0, 26940.0], [40709.0, 26934.0], [40970.0, 26919.0], [41076.0, 26649.0], [41111.0, 26605.0], [41137.0, 26442.0], [41148.0, 26429.0], [41153.0, 26363.0], [41220.0, 26328.0], [41316.0, 26305.0], [41320.0, 26275.0], [41362.0, 25981.0], [41460.0, 25942.0], [41538.0, 25722.0], [41700.0, 25573.0]]

size_X_E = 61
