vars = 250 ; constr = 10 
 # informations of B&B algorithm : 
total_times_used = 300.09 
total_nodes = 3924 
pruned_nodes = 852 
GAP = 0.0 
relaxation_time = 296.47 
test_dominance_time = 0.06 
update_incumbent_time = 0.04 
tree_size = 19.353 
nb_nodes_EPB = 2905 
nb_nodes_VB = 1018 
root_relax = true 
TO = true 

size_Y_N = 75
Y_N = [[141880.0, 104858.0], [142095.0, 104760.0], [142394.0, 104674.0], [142675.0, 104643.0], [142739.0, 104359.0], [143621.0, 104327.0], [143640.0, 104209.0], [143653.0, 104166.0], [143827.0, 104164.0], [144131.0, 104158.0], [144207.0, 104152.0], [145408.0, 104142.0], [145410.0, 103762.0], [145947.0, 103407.0], [146293.0, 103395.0], [146751.0, 103198.0], [146774.0, 103103.0], [146781.0, 103056.0], [147027.0, 103037.0], [147028.0, 102996.0], [147080.0, 102921.0], [147093.0, 102911.0], [147342.0, 102824.0], [147345.0, 102797.0], [147443.0, 102755.0], [147490.0, 102593.0], [147602.0, 102541.0], [147790.0, 102515.0], [147846.0, 102386.0], [147858.0, 102376.0], [147998.0, 102375.0], [148254.0, 102374.0], [148299.0, 102261.0], [148481.0, 102133.0], [148529.0, 102022.0], [148550.0, 101855.0], [148696.0, 101790.0], [148908.0, 101727.0], [149174.0, 101412.0], [149260.0, 101387.0], [149750.0, 101030.0], [149846.0, 100862.0], [150152.0, 100784.0], [150167.0, 100751.0], [150363.0, 100350.0], [150452.0, 100169.0], [150540.0, 99877.0], [150686.0, 99655.0], [150755.0, 99436.0], [150772.0, 99128.0], [150941.0, 98959.0], [151038.0, 98547.0], [151138.0, 97877.0], [151288.0, 97786.0], [151383.0, 97088.0], [151483.0, 97057.0], [151573.0, 96978.0], [151658.0, 96926.0], [151765.0, 95759.0], [151826.0, 95659.0], [151894.0, 95514.0], [152058.0, 95430.0], [152217.0, 93974.0], [152368.0, 93713.0], [152530.0, 93132.0], [152536.0, 92252.0], [152654.0, 91189.0], [152728.0, 90696.0], [152854.0, 90291.0], [153058.0, 89384.0], [153192.0, 88811.0], [153344.0, 88597.0], [153346.0, 88104.0], [153381.0, 87991.0], [153488.0, 86502.0]]

size_X_E = 75
