vars = 100 ; constr = 30 
 # informations of B&B algorithm : 
total_times_used = 301.64 
total_nodes = 4500 
pruned_nodes = 140 
GAP = 0.0 
relaxation_time = 300.2 
test_dominance_time = 0.0 
update_incumbent_time = 0.07 
tree_size = 14.962 
nb_nodes_EPB = 1775 
nb_nodes_VB = 2724 
root_relax = true 
TO = true 

size_Y_N = 42
Y_N = [[33607.0, 31715.0], [33915.0, 31700.0], [34008.0, 31677.0], [34284.0, 31603.0], [34414.0, 31542.0], [34799.0, 31483.0], [35356.0, 31275.0], [35540.0, 31249.0], [35720.0, 31164.0], [35932.0, 31108.0], [36165.0, 30846.0], [36393.0, 30826.0], [36992.0, 30781.0], [37470.0, 30714.0], [37690.0, 30684.0], [37884.0, 30664.0], [37999.0, 30607.0], [38105.0, 30601.0], [38462.0, 30472.0], [38498.0, 30469.0], [38871.0, 30413.0], [38882.0, 30128.0], [38888.0, 29993.0], [38935.0, 29973.0], [38944.0, 29930.0], [38945.0, 29923.0], [39086.0, 29909.0], [39380.0, 29799.0], [39588.0, 29790.0], [39660.0, 29669.0], [39688.0, 29562.0], [39760.0, 29395.0], [39838.0, 29075.0], [40222.0, 28990.0], [40364.0, 28423.0], [40759.0, 27135.0], [40788.0, 26593.0], [40903.0, 26518.0], [41337.0, 26435.0], [41386.0, 25988.0], [41408.0, 25921.0], [41438.0, 25598.0]]

size_X_E = 42
