vars = 100 ; constr = 5 
 # informations of B&B algorithm : 
total_times_used = 3600.05 
total_nodes = 166264 
pruned_nodes = 68371 
GAP = 0.0 
relaxation_time = 3478.36 
test_dominance_time = 2.72 
update_incumbent_time = 0.52 
tree_size = 431.07 
nb_nodes_EPB = 41527 
nb_nodes_VB = 124736 
root_relax = true 
TO = true 

size_Y_N = 71
Y_N = [[55470.0, 44621.0], [55666.0, 44604.0], [55691.0, 44585.0], [55784.0, 44544.0], [55919.0, 44536.0], [56057.0, 44525.0], [56125.0, 44436.0], [56662.0, 44432.0], [56665.0, 44360.0], [56712.0, 44326.0], [56850.0, 44317.0], [56996.0, 44268.0], [57113.0, 44256.0], [57122.0, 44215.0], [57166.0, 44207.0], [57320.0, 44202.0], [57354.0, 44168.0], [57445.0, 44141.0], [57561.0, 44088.0], [57563.0, 44079.0], [57716.0, 44049.0], [57719.0, 43993.0], [57976.0, 43976.0], [58006.0, 43849.0], [58092.0, 43823.0], [58163.0, 43790.0], [58187.0, 43576.0], [58288.0, 43570.0], [58333.0, 43526.0], [58360.0, 43508.0], [58438.0, 43475.0], [58443.0, 43444.0], [58550.0, 43417.0], [58658.0, 43368.0], [58686.0, 43190.0], [58717.0, 43138.0], [58726.0, 43024.0], [58738.0, 43011.0], [58801.0, 42976.0], [58902.0, 42920.0], [59009.0, 42830.0], [59028.0, 42759.0], [59088.0, 42575.0], [59142.0, 42220.0], [59161.0, 42094.0], [59180.0, 41886.0], [59210.0, 41857.0], [59224.0, 41812.0], [59233.0, 41496.0], [59293.0, 41428.0], [59311.0, 41408.0], [59331.0, 41308.0], [59361.0, 41238.0], [59380.0, 40916.0], [59386.0, 40805.0], [59394.0, 40728.0], [59395.0, 40533.0], [59458.0, 40496.0], [59490.0, 40419.0], [59502.0, 40316.0], [59533.0, 40220.0], [59566.0, 40104.0], [59569.0, 39870.0], [59589.0, 39868.0], [59598.0, 39834.0], [59613.0, 39642.0], [59682.0, 39616.0], [59684.0, 39498.0], [59685.0, 39026.0], [59711.0, 39004.0], [59727.0, 38941.0]]

size_X_E = 71
