vars = 500 ; constr = 5 
 # informations of B&B algorithm : 
total_times_used = 301.53 
total_nodes = 2792 
pruned_nodes = 293 
GAP = 0.0 
relaxation_time = 294.14 
test_dominance_time = 0.28 
update_incumbent_time = 0.06 
tree_size = 25.228 
nb_nodes_EPB = 1909 
nb_nodes_VB = 882 
root_relax = true 
TO = true 

size_Y_N = 152
Y_N = [[91736.0, 126803.0], [91996.0, 126771.0], [92224.0, 126744.0], [92382.0, 126718.0], [92633.0, 126702.0], [92698.0, 126658.0], [92827.0, 126581.0], [92848.0, 126566.0], [92983.0, 126453.0], [94625.0, 126436.0], [94908.0, 126406.0], [96639.0, 126196.0], [96800.0, 126075.0], [97245.0, 125942.0], [97924.0, 125838.0], [98227.0, 125690.0], [98854.0, 125555.0], [99656.0, 125307.0], [99697.0, 124939.0], [100038.0, 124916.0], [100222.0, 124751.0], [100342.0, 124637.0], [100344.0, 124624.0], [101363.0, 124617.0], [101904.0, 123689.0], [101908.0, 123671.0], [102179.0, 123615.0], [102509.0, 123564.0], [102514.0, 123029.0], [102553.0, 122973.0], [102997.0, 122818.0], [103316.0, 122319.0], [103455.0, 122275.0], [104119.0, 122100.0], [104245.0, 121168.0], [104357.0, 121108.0], [104718.0, 121069.0], [104728.0, 120928.0], [104764.0, 120808.0], [105094.0, 120167.0], [105194.0, 119910.0], [105326.0, 119807.0], [105452.0, 119614.0], [105480.0, 119557.0], [105481.0, 119462.0], [105482.0, 119159.0], [105735.0, 119067.0], [105746.0, 118802.0], [105900.0, 118781.0], [106048.0, 118773.0], [106166.0, 118741.0], [106241.0, 118493.0], [106303.0, 118433.0], [106391.0, 118240.0], [106540.0, 117907.0], [106542.0, 117788.0], [106572.0, 117532.0], [106837.0, 117463.0], [107082.0, 117379.0], [107190.0, 117373.0], [107206.0, 117302.0], [107225.0, 117151.0], [107241.0, 116948.0], [107391.0, 116921.0], [107477.0, 116845.0], [107633.0, 116513.0], [107684.0, 116435.0], [107787.0, 116350.0], [107936.0, 116261.0], [108034.0, 115736.0], [108148.0, 115703.0], [108158.0, 115115.0], [108231.0, 114993.0], [108600.0, 114961.0], [108642.0, 114871.0], [108914.0, 114381.0], [109338.0, 114196.0], [109554.0, 113378.0], [109789.0, 112895.0], [110112.0, 112211.0], [110368.0, 111950.0], [110421.0, 111503.0], [110450.0, 111012.0], [110538.0, 110951.0], [110564.0, 110872.0], [110593.0, 110754.0], [110827.0, 110682.0], [111163.0, 110448.0], [111222.0, 110400.0], [111550.0, 109910.0], [111615.0, 109289.0], [111640.0, 108966.0], [111794.0, 108718.0], [111954.0, 108551.0], [112150.0, 108248.0], [112512.0, 107974.0], [112560.0, 107661.0], [112625.0, 105942.0], [112922.0, 105728.0], [113535.0, 105000.0], [113578.0, 103873.0], [113677.0, 103595.0], [113799.0, 103440.0], [113938.0, 103025.0], [113941.0, 102939.0], [113997.0, 102837.0], [114046.0, 102262.0], [114275.0, 102024.0], [114353.0, 101993.0], [114383.0, 101671.0], [114611.0, 101065.0], [114809.0, 100286.0], [114961.0, 100079.0], [115066.0, 99581.0], [115095.0, 99471.0], [115106.0, 99415.0], [115287.0, 98643.0], [115325.0, 97849.0], [115644.0, 97761.0], [115727.0, 96879.0], [115964.0, 96558.0], [116023.0, 95392.0], [116191.0, 95328.0], [116346.0, 95207.0], [116387.0, 95182.0], [116418.0, 94920.0], [116459.0, 92809.0], [116595.0, 92699.0], [116809.0, 92683.0], [117081.0, 92466.0], [117163.0, 90985.0], [117306.0, 90713.0], [117350.0, 90313.0], [117455.0, 89558.0], [117716.0, 89348.0], [117902.0, 88542.0], [118109.0, 86933.0], [118290.0, 86127.0], [118308.0, 84776.0], [118685.0, 84682.0], [119023.0, 81037.0], [119104.0, 80874.0], [119243.0, 78705.0], [119503.0, 77534.0], [119772.0, 75771.0], [119975.0, 70371.0], [120451.0, 69046.0], [120549.0, 63073.0], [120550.0, 62609.0], [120559.0, 62089.0], [120755.0, 61973.0], [120958.0, 61463.0]]

size_X_E = 152
