vars = 250 ; constr = 5 
 # informations of B&B algorithm : 
total_times_used = 300.94 
total_nodes = 5190 
pruned_nodes = 523 
GAP = 0.0 
relaxation_time = 293.57 
test_dominance_time = 0.06 
update_incumbent_time = 0.03 
tree_size = 26.09 
nb_nodes_EPB = 2219 
nb_nodes_VB = 2970 
root_relax = true 
TO = true 

size_Y_N = 104
Y_N = [[95912.0, 109213.0], [96138.0, 109165.0], [96296.0, 109047.0], [96375.0, 109044.0], [97129.0, 109033.0], [97253.0, 108867.0], [97540.0, 108826.0], [97551.0, 108780.0], [98039.0, 108709.0], [98147.0, 108683.0], [98821.0, 108588.0], [98914.0, 108540.0], [99403.0, 108317.0], [99543.0, 108117.0], [99613.0, 108055.0], [99952.0, 107855.0], [100181.0, 107682.0], [100336.0, 107654.0], [100510.0, 107526.0], [100984.0, 107355.0], [101004.0, 107172.0], [101033.0, 107001.0], [101194.0, 106965.0], [101401.0, 106935.0], [101552.0, 106731.0], [101772.0, 106375.0], [101835.0, 106230.0], [101848.0, 106192.0], [101899.0, 105999.0], [102303.0, 105892.0], [102317.0, 105229.0], [102391.0, 105093.0], [102611.0, 104961.0], [102715.0, 104892.0], [102783.0, 104588.0], [102839.0, 104378.0], [102952.0, 104375.0], [103004.0, 104128.0], [103205.0, 103612.0], [103432.0, 103569.0], [103470.0, 103167.0], [103607.0, 103157.0], [103712.0, 102932.0], [103872.0, 102516.0], [103928.0, 102487.0], [103932.0, 101563.0], [103940.0, 101496.0], [104213.0, 101482.0], [104343.0, 101292.0], [104461.0, 101128.0], [104577.0, 101027.0], [104609.0, 100627.0], [104669.0, 100539.0], [104753.0, 100476.0], [104812.0, 100253.0], [104858.0, 100101.0], [104901.0, 99864.0], [104922.0, 99467.0], [104956.0, 99076.0], [104995.0, 98797.0], [105020.0, 98360.0], [105092.0, 98344.0], [105156.0, 98314.0], [105164.0, 98275.0], [105435.0, 98051.0], [105459.0, 96974.0], [105525.0, 96967.0], [105549.0, 96847.0], [105627.0, 96720.0], [105640.0, 96623.0], [105786.0, 96572.0], [105790.0, 96373.0], [105823.0, 95371.0], [105957.0, 95280.0], [105961.0, 95152.0], [106023.0, 94754.0], [106154.0, 94701.0], [106293.0, 94536.0], [106424.0, 93235.0], [106549.0, 93019.0], [106660.0, 92193.0], [106667.0, 91801.0], [106820.0, 91786.0], [106947.0, 90795.0], [107020.0, 90353.0], [107065.0, 89316.0], [107189.0, 88873.0], [107293.0, 88824.0], [107341.0, 88549.0], [107395.0, 87826.0], [107440.0, 87825.0], [107492.0, 87813.0], [107566.0, 87657.0], [107613.0, 86828.0], [107829.0, 85494.0], [107901.0, 84918.0], [108072.0, 84370.0], [108235.0, 81617.0], [108324.0, 81036.0], [108435.0, 80992.0], [108643.0, 77200.0], [108764.0, 75943.0], [108792.0, 75121.0], [109063.0, 73303.0]]

size_X_E = 104
