vars = 250 ; constr = 5 
 # informations of B&B algorithm : 
total_times_used = 300.15 
total_nodes = 5879 
pruned_nodes = 1136 
GAP = 0.0 
relaxation_time = 291.86 
test_dominance_time = 0.18 
update_incumbent_time = 0.03 
tree_size = 27.585 
nb_nodes_EPB = 2742 
nb_nodes_VB = 3136 
root_relax = true 
TO = true 

size_Y_N = 101
Y_N = [[138035.0, 118476.0], [138054.0, 118463.0], [138201.0, 118413.0], [138294.0, 118308.0], [139077.0, 118225.0], [139172.0, 118199.0], [139226.0, 118177.0], [139565.0, 118164.0], [139774.0, 118114.0], [139785.0, 118098.0], [139931.0, 118042.0], [140061.0, 117992.0], [140247.0, 117966.0], [140304.0, 117927.0], [140407.0, 117917.0], [140801.0, 117889.0], [140811.0, 117849.0], [141059.0, 117768.0], [141119.0, 117730.0], [141297.0, 117655.0], [141379.0, 117637.0], [141441.0, 117620.0], [141468.0, 117571.0], [141599.0, 117517.0], [141940.0, 117505.0], [142134.0, 117469.0], [142263.0, 117264.0], [142441.0, 117177.0], [142948.0, 116992.0], [143148.0, 116938.0], [143183.0, 116594.0], [143222.0, 116558.0], [143464.0, 116495.0], [143549.0, 116479.0], [143625.0, 116477.0], [143668.0, 116412.0], [143808.0, 116103.0], [143842.0, 115978.0], [143917.0, 115969.0], [143935.0, 115962.0], [143950.0, 115917.0], [143977.0, 115916.0], [144292.0, 115891.0], [144350.0, 115687.0], [144380.0, 115577.0], [144667.0, 115564.0], [144762.0, 115336.0], [144893.0, 115199.0], [144921.0, 114966.0], [144995.0, 114883.0], [145192.0, 114835.0], [145379.0, 114641.0], [145492.0, 114391.0], [145566.0, 114196.0], [145590.0, 114082.0], [145732.0, 113981.0], [145790.0, 113944.0], [145955.0, 113914.0], [146231.0, 113863.0], [146341.0, 113198.0], [146357.0, 113043.0], [146450.0, 112914.0], [146505.0, 112849.0], [146643.0, 112822.0], [146740.0, 112609.0], [146982.0, 112568.0], [147220.0, 112448.0], [147305.0, 112199.0], [147455.0, 111965.0], [147501.0, 111877.0], [147698.0, 111538.0], [147745.0, 110830.0], [147769.0, 109701.0], [147917.0, 109646.0], [148029.0, 109389.0], [148039.0, 109134.0], [148118.0, 108651.0], [148146.0, 108248.0], [148279.0, 108188.0], [148295.0, 107915.0], [148378.0, 107552.0], [148476.0, 107481.0], [148479.0, 107381.0], [148678.0, 107026.0], [148859.0, 105800.0], [148891.0, 105060.0], [149067.0, 104824.0], [149111.0, 104422.0], [149175.0, 104218.0], [149191.0, 104134.0], [149263.0, 103650.0], [149462.0, 102703.0], [149493.0, 101352.0], [149590.0, 99278.0], [149622.0, 98375.0], [149747.0, 97344.0], [149765.0, 96603.0], [149817.0, 96006.0], [149958.0, 95704.0], [150230.0, 95335.0], [150235.0, 93580.0]]

size_X_E = 101
