vars = 250 ; constr = 10 
 # informations of B&B algorithm : 
total_times_used = 303.78 
total_nodes = 3430 
pruned_nodes = 314 
GAP = 0.0 
relaxation_time = 299.86 
test_dominance_time = 0.0 
update_incumbent_time = 0.03 
tree_size = 17.766 
nb_nodes_EPB = 1683 
nb_nodes_VB = 1746 
root_relax = true 
TO = true 

size_Y_N = 86
Y_N = [[44320.0, 56702.0], [44743.0, 56479.0], [45517.0, 56289.0], [46024.0, 55939.0], [46066.0, 55800.0], [46537.0, 55747.0], [46593.0, 55472.0], [46993.0, 55401.0], [47015.0, 55359.0], [47166.0, 55226.0], [47402.0, 55130.0], [47476.0, 55037.0], [47602.0, 55002.0], [47609.0, 54941.0], [48146.0, 54682.0], [48158.0, 54539.0], [48568.0, 54497.0], [48861.0, 54322.0], [48921.0, 54245.0], [49023.0, 54187.0], [49067.0, 54166.0], [49078.0, 54086.0], [49107.0, 53988.0], [49447.0, 53986.0], [49486.0, 53719.0], [49639.0, 53716.0], [49688.0, 53595.0], [49817.0, 53296.0], [50211.0, 53228.0], [50355.0, 52975.0], [50517.0, 52945.0], [50619.0, 52683.0], [50795.0, 52678.0], [50816.0, 52338.0], [51224.0, 52183.0], [51515.0, 51921.0], [51695.0, 51849.0], [51830.0, 51727.0], [51935.0, 51036.0], [51994.0, 51033.0], [52023.0, 50994.0], [52306.0, 50810.0], [52335.0, 50775.0], [52381.0, 50744.0], [52399.0, 50626.0], [52441.0, 50558.0], [52653.0, 50408.0], [52729.0, 50398.0], [52850.0, 50395.0], [52859.0, 50350.0], [52902.0, 50346.0], [52937.0, 50142.0], [53079.0, 50119.0], [53600.0, 50068.0], [53638.0, 50040.0], [53925.0, 49767.0], [54030.0, 49610.0], [54121.0, 49493.0], [54157.0, 49384.0], [54246.0, 49209.0], [54276.0, 49161.0], [54405.0, 48942.0], [54552.0, 48509.0], [54741.0, 48105.0], [54767.0, 48080.0], [54772.0, 48070.0], [54805.0, 47433.0], [54949.0, 47174.0], [55180.0, 46865.0], [55507.0, 45035.0], [55645.0, 44949.0], [55767.0, 44700.0], [55931.0, 43522.0], [55952.0, 43500.0], [56275.0, 43226.0], [56330.0, 42643.0], [56453.0, 42553.0], [56477.0, 42439.0], [56658.0, 40106.0], [56900.0, 40029.0], [57049.0, 36799.0], [57325.0, 36482.0], [57376.0, 36275.0], [57804.0, 35746.0], [57878.0, 35572.0], [57934.0, 34395.0]]

size_X_E = 86
