vars = 100 ; constr = 10 
 # informations of B&B algorithm : 
total_times_used = 300.08 
total_nodes = 7274 
pruned_nodes = 648 
GAP = 0.0 
relaxation_time = 296.92 
test_dominance_time = 0.01 
update_incumbent_time = 0.04 
tree_size = 22.467 
nb_nodes_EPB = 3099 
nb_nodes_VB = 4174 
root_relax = true 
TO = true 

size_Y_N = 48
Y_N = [[35222.0, 37547.0], [36001.0, 37527.0], [36377.0, 37412.0], [36747.0, 37099.0], [37007.0, 36709.0], [37105.0, 36631.0], [37141.0, 36605.0], [37481.0, 36508.0], [37752.0, 36357.0], [37828.0, 36141.0], [37864.0, 36117.0], [37961.0, 36101.0], [38269.0, 36012.0], [38549.0, 35591.0], [38777.0, 35502.0], [39043.0, 35193.0], [39311.0, 35139.0], [39367.0, 34961.0], [39521.0, 34700.0], [39663.0, 34686.0], [39731.0, 34612.0], [39766.0, 34590.0], [39794.0, 34533.0], [39850.0, 34185.0], [39857.0, 34098.0], [40040.0, 34097.0], [40070.0, 33974.0], [40165.0, 33916.0], [40176.0, 33877.0], [40233.0, 33819.0], [40304.0, 33665.0], [40471.0, 33461.0], [40515.0, 33153.0], [40721.0, 33013.0], [40779.0, 32801.0], [40819.0, 31871.0], [40909.0, 31818.0], [40928.0, 30345.0], [41133.0, 30269.0], [41231.0, 30035.0], [41328.0, 29661.0], [41548.0, 28899.0], [41706.0, 28211.0], [41812.0, 27950.0], [41967.0, 27552.0], [42125.0, 27146.0], [42141.0, 26386.0], [42237.0, 26147.0]]

size_X_E = 48
