vars = 500 ; constr = 10 
 # informations of B&B algorithm : 
total_times_used = 300.26 
total_nodes = 1873 
pruned_nodes = 116 
GAP = 0.0 
relaxation_time = 297.13 
test_dominance_time = 0.01 
update_incumbent_time = 0.08 
tree_size = 17.767 
nb_nodes_EPB = 1434 
nb_nodes_VB = 438 
root_relax = true 
TO = true 

size_Y_N = 188
Y_N = [[181688.0, 187256.0], [181961.0, 187223.0], [182026.0, 187174.0], [182180.0, 187130.0], [182446.0, 187099.0], [182494.0, 187064.0], [183034.0, 187035.0], [184826.0, 186485.0], [185026.0, 186377.0], [185294.0, 186328.0], [185799.0, 186320.0], [185814.0, 186297.0], [186196.0, 186271.0], [186702.0, 185879.0], [186877.0, 185811.0], [187584.0, 185774.0], [187608.0, 185643.0], [187636.0, 185523.0], [187982.0, 185477.0], [188001.0, 185378.0], [188322.0, 185363.0], [188881.0, 185355.0], [188926.0, 185140.0], [189551.0, 185091.0], [190057.0, 184934.0], [190181.0, 184813.0], [190389.0, 184772.0], [190544.0, 184709.0], [190780.0, 184119.0], [191170.0, 183984.0], [191266.0, 183879.0], [191268.0, 183696.0], [191931.0, 183481.0], [191993.0, 183441.0], [191997.0, 183372.0], [192070.0, 183371.0], [192090.0, 183363.0], [192315.0, 183331.0], [192671.0, 183323.0], [192701.0, 183186.0], [193262.0, 183096.0], [193290.0, 182925.0], [193369.0, 182676.0], [193559.0, 182664.0], [193583.0, 182659.0], [193822.0, 182599.0], [193846.0, 182516.0], [194400.0, 182294.0], [194433.0, 182198.0], [194485.0, 182089.0], [194836.0, 182064.0], [194866.0, 181804.0], [195067.0, 181654.0], [195226.0, 181537.0], [195242.0, 181506.0], [195273.0, 181464.0], [195558.0, 181389.0], [195616.0, 181312.0], [195900.0, 181113.0], [195916.0, 181014.0], [196074.0, 181009.0], [196252.0, 180681.0], [196599.0, 180344.0], [196680.0, 180246.0], [196682.0, 180222.0], [196818.0, 180177.0], [197168.0, 180097.0], [197169.0, 179331.0], [197515.0, 179308.0], [197614.0, 179245.0], [197840.0, 179182.0], [197927.0, 179168.0], [198195.0, 179066.0], [198324.0, 178954.0], [198629.0, 178503.0], [198638.0, 178451.0], [198756.0, 178324.0], [199009.0, 178089.0], [199187.0, 178027.0], [199274.0, 177837.0], [199431.0, 177802.0], [199454.0, 177626.0], [199656.0, 177486.0], [199720.0, 177421.0], [199737.0, 177412.0], [199754.0, 177358.0], [199904.0, 177198.0], [199928.0, 177126.0], [200053.0, 176924.0], [200194.0, 176896.0], [200576.0, 176558.0], [201128.0, 175761.0], [201173.0, 175656.0], [201331.0, 175306.0], [201367.0, 175189.0], [201647.0, 175183.0], [201918.0, 174949.0], [201980.0, 174930.0], [202273.0, 174704.0], [202591.0, 173556.0], [202703.0, 173451.0], [202913.0, 173366.0], [203202.0, 173151.0], [203240.0, 172494.0], [203484.0, 172370.0], [203608.0, 172353.0], [203691.0, 172313.0], [203823.0, 172047.0], [203890.0, 172027.0], [204002.0, 171806.0], [204208.0, 171491.0], [204323.0, 171398.0], [204400.0, 171247.0], [204530.0, 170802.0], [204840.0, 169858.0], [204981.0, 169701.0], [205247.0, 169692.0], [205470.0, 169637.0], [205890.0, 169519.0], [205996.0, 169175.0], [206130.0, 169164.0], [206475.0, 169096.0], [206505.0, 168846.0], [206660.0, 168740.0], [206729.0, 168566.0], [206778.0, 167837.0], [206911.0, 167781.0], [207000.0, 167754.0], [207106.0, 167370.0], [207186.0, 166631.0], [207238.0, 165818.0], [207411.0, 164946.0], [207662.0, 164132.0], [207757.0, 163974.0], [208496.0, 163892.0], [208735.0, 162646.0], [208982.0, 162040.0], [209183.0, 161535.0], [209266.0, 160893.0], [209563.0, 160416.0], [209759.0, 159375.0], [209867.0, 159202.0], [210165.0, 157959.0], [210262.0, 157516.0], [210400.0, 157292.0], [210725.0, 156829.0], [210774.0, 156562.0], [211035.0, 156100.0], [211252.0, 155305.0], [211337.0, 153660.0], [211502.0, 153266.0], [211711.0, 152474.0], [211733.0, 151377.0], [211834.0, 150827.0], [212148.0, 150643.0], [212295.0, 148968.0], [212579.0, 148812.0], [212765.0, 147696.0], [212937.0, 147350.0], [212939.0, 146203.0], [213121.0, 146129.0], [213182.0, 145839.0], [213454.0, 143790.0], [213644.0, 143641.0], [213860.0, 142072.0], [213981.0, 141875.0], [214106.0, 141591.0], [214311.0, 141187.0], [214507.0, 140725.0], [214588.0, 140650.0], [214723.0, 138897.0], [214933.0, 138580.0], [215033.0, 138375.0], [215421.0, 134451.0], [215590.0, 133789.0], [215705.0, 132658.0], [215802.0, 132124.0], [215954.0, 130614.0], [216222.0, 129072.0], [216343.0, 127263.0], [216483.0, 127024.0], [216675.0, 126000.0], [216824.0, 121145.0], [217090.0, 119955.0], [217186.0, 119929.0], [217385.0, 119551.0], [217414.0, 119354.0], [217565.0, 119329.0]]

size_X_E = 188
