vars = 100 ; constr = 30 
 # informations of B&B algorithm : 
total_times_used = 302.9 
total_nodes = 4409 
pruned_nodes = 131 
GAP = 0.0 
relaxation_time = 301.26 
test_dominance_time = 0.0 
update_incumbent_time = 0.04 
tree_size = 14.515 
nb_nodes_EPB = 1914 
nb_nodes_VB = 2494 
root_relax = true 
TO = true 

size_Y_N = 49
Y_N = [[32770.0, 32692.0], [33010.0, 32604.0], [33100.0, 32533.0], [33619.0, 32495.0], [33733.0, 32203.0], [33878.0, 32149.0], [34187.0, 31921.0], [34414.0, 31657.0], [34588.0, 31540.0], [35313.0, 31538.0], [35392.0, 31496.0], [35410.0, 31285.0], [35931.0, 31250.0], [36486.0, 31041.0], [36633.0, 30921.0], [36713.0, 30779.0], [36802.0, 30649.0], [37465.0, 30520.0], [37635.0, 30478.0], [37712.0, 30430.0], [38211.0, 30359.0], [38323.0, 30208.0], [38437.0, 30144.0], [38597.0, 30035.0], [38689.0, 29821.0], [38756.0, 29738.0], [38895.0, 29653.0], [38906.0, 29356.0], [39014.0, 29313.0], [39162.0, 29297.0], [39165.0, 29240.0], [39269.0, 29061.0], [39363.0, 28841.0], [39521.0, 28670.0], [39801.0, 27195.0], [39866.0, 27102.0], [39927.0, 27001.0], [40045.0, 26581.0], [40212.0, 26473.0], [40311.0, 26244.0], [40324.0, 26241.0], [40447.0, 26064.0], [40518.0, 25896.0], [40554.0, 25894.0], [40697.0, 25871.0], [40715.0, 25604.0], [40834.0, 25231.0], [40862.0, 25085.0], [40966.0, 24805.0]]

size_X_E = 49
