vars = 500 ; constr = 10 
 # informations of B&B algorithm : 
total_times_used = 317.87 
total_nodes = 1999 
pruned_nodes = 161 
GAP = 0.0 
relaxation_time = 314.26 
test_dominance_time = 0.04 
update_incumbent_time = 0.07 
tree_size = 18.558 
nb_nodes_EPB = 1524 
nb_nodes_VB = 474 
root_relax = true 
TO = true 

size_Y_N = 152
Y_N = [[180129.0, 193919.0], [180164.0, 193907.0], [180190.0, 193801.0], [180256.0, 193773.0], [180301.0, 193674.0], [180610.0, 193643.0], [182513.0, 193233.0], [183247.0, 193159.0], [183837.0, 193119.0], [184008.0, 193075.0], [184691.0, 193029.0], [184867.0, 192990.0], [185084.0, 192958.0], [185176.0, 192689.0], [185533.0, 192590.0], [185800.0, 192467.0], [185910.0, 192434.0], [186264.0, 192423.0], [186325.0, 192386.0], [186343.0, 192087.0], [186854.0, 192072.0], [187014.0, 192051.0], [187182.0, 191997.0], [187388.0, 191973.0], [187593.0, 191888.0], [187605.0, 191765.0], [187784.0, 191693.0], [188197.0, 191573.0], [188845.0, 191457.0], [188960.0, 191242.0], [188992.0, 191184.0], [189513.0, 191119.0], [189523.0, 191044.0], [189732.0, 191010.0], [190283.0, 190974.0], [190422.0, 190616.0], [190681.0, 190592.0], [191169.0, 190195.0], [191426.0, 190010.0], [191441.0, 189978.0], [191617.0, 189920.0], [192161.0, 189496.0], [192270.0, 189330.0], [192505.0, 189270.0], [192923.0, 189029.0], [192937.0, 188856.0], [193265.0, 188629.0], [193373.0, 188625.0], [193375.0, 188469.0], [194347.0, 188468.0], [194541.0, 187711.0], [194891.0, 187566.0], [195485.0, 187536.0], [195771.0, 187004.0], [195950.0, 186497.0], [196303.0, 186460.0], [196522.0, 186411.0], [196550.0, 186354.0], [196579.0, 186019.0], [196971.0, 185907.0], [197497.0, 185636.0], [197847.0, 184638.0], [198434.0, 184513.0], [198718.0, 184486.0], [199120.0, 183933.0], [199224.0, 183858.0], [199326.0, 183857.0], [199474.0, 183650.0], [199656.0, 183588.0], [199816.0, 183141.0], [199929.0, 182966.0], [199932.0, 182721.0], [199935.0, 182627.0], [200395.0, 182469.0], [200672.0, 182270.0], [200734.0, 181961.0], [200920.0, 181932.0], [201067.0, 181875.0], [201075.0, 181820.0], [201413.0, 181428.0], [201647.0, 181273.0], [201856.0, 180966.0], [201863.0, 180891.0], [201957.0, 180620.0], [202128.0, 180431.0], [202393.0, 180257.0], [202401.0, 180192.0], [202500.0, 179855.0], [202533.0, 179660.0], [202760.0, 179656.0], [203196.0, 179600.0], [203241.0, 179392.0], [203482.0, 179333.0], [203489.0, 179244.0], [203527.0, 179238.0], [203650.0, 179227.0], [203707.0, 179214.0], [203758.0, 178880.0], [203964.0, 178863.0], [204083.0, 178349.0], [204427.0, 177953.0], [204433.0, 176695.0], [204528.0, 176493.0], [205001.0, 176252.0], [205495.0, 174120.0], [205634.0, 173850.0], [206033.0, 173589.0], [206235.0, 173547.0], [206469.0, 173215.0], [206553.0, 172233.0], [206802.0, 171869.0], [206980.0, 171739.0], [207133.0, 171214.0], [207263.0, 170813.0], [207411.0, 170144.0], [207589.0, 170122.0], [207870.0, 169986.0], [208240.0, 169661.0], [208374.0, 168015.0], [208703.0, 167801.0], [208709.0, 166967.0], [209295.0, 166934.0], [209784.0, 165500.0], [210028.0, 164156.0], [210416.0, 162783.0], [210557.0, 161926.0], [210643.0, 161776.0], [210862.0, 160776.0], [211112.0, 160702.0], [211130.0, 160075.0], [211360.0, 159220.0], [211555.0, 159024.0], [211667.0, 157877.0], [211789.0, 157462.0], [212001.0, 156623.0], [212206.0, 155950.0], [212420.0, 154909.0], [212517.0, 153627.0], [212698.0, 151821.0], [212969.0, 151451.0], [213198.0, 150348.0], [213272.0, 150261.0], [213498.0, 146383.0], [213810.0, 145891.0], [213855.0, 144253.0], [214229.0, 140406.0], [214411.0, 140145.0], [214491.0, 139730.0], [214641.0, 139694.0], [214707.0, 139525.0], [214718.0, 138563.0], [214753.0, 138517.0]]

size_X_E = 152
