vars = 100 ; constr = 5 
 # informations of B&B algorithm : 
total_times_used = 3600.03 
total_nodes = 173119 
pruned_nodes = 75571 
GAP = 0.0 
relaxation_time = 3494.13 
test_dominance_time = 1.59 
update_incumbent_time = 0.42 
tree_size = 415.026 
nb_nodes_EPB = 27366 
nb_nodes_VB = 145752 
root_relax = true 
TO = true 

size_Y_N = 53
Y_N = [[57137.0, 46103.0], [58080.0, 46063.0], [58094.0, 45994.0], [58129.0, 45982.0], [58217.0, 45943.0], [58571.0, 45921.0], [58752.0, 45913.0], [58787.0, 45800.0], [58889.0, 45775.0], [58984.0, 45767.0], [59115.0, 45749.0], [59124.0, 45693.0], [59312.0, 45678.0], [59313.0, 45614.0], [59346.0, 45607.0], [59410.0, 45589.0], [59440.0, 45468.0], [59605.0, 45462.0], [59643.0, 45216.0], [59660.0, 45157.0], [59702.0, 45118.0], [59833.0, 45084.0], [59854.0, 45075.0], [59951.0, 44940.0], [59996.0, 44878.0], [59999.0, 44798.0], [60081.0, 44796.0], [60083.0, 44718.0], [60101.0, 44677.0], [60177.0, 44667.0], [60180.0, 44458.0], [60293.0, 44446.0], [60328.0, 44289.0], [60331.0, 43976.0], [60359.0, 43882.0], [60572.0, 43810.0], [60589.0, 43404.0], [60624.0, 43338.0], [60692.0, 43042.0], [60694.0, 42933.0], [60776.0, 42895.0], [60827.0, 42447.0], [60829.0, 42389.0], [60842.0, 41778.0], [60870.0, 41641.0], [60909.0, 41225.0], [60939.0, 40925.0], [60953.0, 40775.0], [60968.0, 40680.0], [60980.0, 40341.0], [61025.0, 40299.0], [61026.0, 39084.0], [61029.0, 38985.0]]

size_X_E = 53
