vars = 500 ; constr = 5 
 # informations of B&B algorithm : 
total_times_used = 300.8 
total_nodes = 2867 
pruned_nodes = 177 
GAP = 0.0 
relaxation_time = 294.11 
test_dominance_time = 0.07 
update_incumbent_time = 0.1 
tree_size = 26.474 
nb_nodes_EPB = 2508 
nb_nodes_VB = 358 
root_relax = true 
TO = true 

size_Y_N = 216
Y_N = [[183461.0, 179057.0], [184778.0, 178949.0], [184930.0, 178845.0], [185137.0, 178774.0], [186167.0, 178723.0], [186197.0, 178684.0], [186385.0, 178617.0], [187012.0, 178590.0], [187216.0, 178560.0], [187633.0, 178545.0], [188227.0, 178433.0], [188577.0, 178360.0], [188944.0, 178233.0], [188995.0, 178192.0], [189404.0, 178138.0], [189463.0, 178016.0], [190169.0, 177929.0], [190212.0, 177866.0], [190465.0, 177775.0], [190633.0, 177738.0], [190719.0, 177718.0], [190942.0, 177515.0], [191004.0, 177513.0], [191128.0, 177469.0], [191368.0, 177461.0], [191519.0, 177460.0], [191522.0, 177458.0], [191817.0, 177271.0], [191931.0, 177259.0], [192202.0, 177203.0], [192468.0, 177172.0], [192538.0, 177150.0], [192547.0, 177144.0], [192787.0, 177135.0], [192922.0, 176965.0], [192978.0, 176861.0], [193363.0, 176814.0], [193516.0, 176773.0], [193611.0, 176597.0], [193666.0, 176455.0], [194539.0, 176452.0], [194736.0, 176295.0], [194945.0, 176198.0], [195025.0, 176024.0], [195294.0, 175986.0], [195314.0, 175908.0], [195597.0, 175766.0], [195612.0, 175685.0], [195780.0, 175550.0], [195913.0, 175548.0], [196556.0, 175443.0], [196564.0, 175177.0], [196595.0, 175079.0], [197057.0, 174998.0], [197157.0, 174929.0], [197164.0, 174717.0], [197453.0, 174579.0], [197648.0, 174498.0], [197763.0, 174448.0], [197774.0, 174403.0], [197905.0, 174328.0], [197998.0, 174251.0], [198185.0, 174217.0], [198200.0, 174132.0], [198421.0, 174066.0], [198503.0, 174011.0], [198726.0, 173826.0], [198735.0, 173588.0], [199068.0, 173525.0], [199183.0, 173436.0], [199191.0, 173368.0], [199581.0, 173295.0], [199649.0, 173025.0], [199810.0, 172872.0], [199828.0, 172817.0], [199902.0, 172679.0], [200112.0, 172652.0], [200135.0, 172425.0], [200475.0, 172404.0], [200533.0, 172260.0], [200780.0, 172257.0], [200821.0, 172234.0], [201044.0, 172134.0], [201250.0, 171940.0], [201400.0, 171936.0], [201413.0, 171570.0], [201585.0, 171522.0], [201637.0, 171521.0], [201709.0, 171410.0], [202012.0, 171306.0], [202228.0, 171212.0], [202496.0, 170835.0], [202724.0, 170629.0], [202845.0, 170429.0], [202962.0, 170318.0], [202974.0, 170285.0], [203051.0, 170281.0], [203246.0, 170002.0], [203312.0, 169917.0], [203416.0, 169832.0], [203693.0, 169615.0], [204346.0, 169277.0], [204407.0, 169147.0], [204432.0, 168925.0], [204542.0, 168327.0], [204584.0, 168222.0], [204649.0, 168055.0], [204850.0, 168019.0], [204877.0, 167965.0], [205400.0, 167758.0], [205549.0, 167712.0], [205730.0, 167295.0], [205836.0, 167042.0], [205838.0, 166885.0], [205949.0, 166876.0], [206065.0, 166678.0], [206386.0, 166638.0], [206390.0, 166271.0], [206416.0, 165740.0], [206450.0, 165660.0], [206739.0, 165620.0], [206911.0, 165333.0], [207067.0, 165325.0], [207211.0, 164995.0], [207510.0, 164976.0], [207629.0, 164220.0], [207640.0, 163911.0], [207820.0, 163631.0], [208067.0, 163476.0], [208181.0, 163133.0], [208277.0, 163057.0], [208305.0, 162716.0], [208639.0, 162714.0], [208769.0, 162441.0], [209062.0, 162312.0], [209100.0, 161843.0], [209102.0, 161554.0], [209458.0, 161389.0], [209699.0, 161137.0], [209907.0, 160980.0], [209947.0, 160774.0], [209950.0, 160451.0], [210095.0, 160337.0], [210110.0, 160197.0], [210243.0, 160105.0], [210400.0, 158956.0], [210694.0, 158031.0], [210742.0, 157826.0], [210840.0, 157668.0], [211177.0, 157435.0], [211411.0, 156809.0], [211499.0, 156118.0], [211672.0, 155949.0], [211936.0, 155569.0], [211971.0, 154869.0], [212192.0, 154742.0], [212508.0, 153296.0], [212821.0, 152998.0], [212915.0, 152706.0], [212927.0, 152425.0], [213110.0, 151070.0], [213226.0, 151038.0], [213269.0, 150794.0], [213354.0, 150581.0], [213481.0, 149987.0], [213550.0, 149487.0], [213619.0, 149183.0], [213727.0, 149106.0], [213899.0, 148844.0], [213949.0, 148130.0], [213963.0, 147973.0], [214015.0, 147805.0], [214125.0, 147676.0], [214408.0, 146292.0], [214432.0, 146165.0], [214602.0, 145941.0], [215033.0, 145498.0], [215176.0, 143665.0], [215544.0, 143421.0], [215696.0, 141145.0], [215722.0, 141053.0], [215910.0, 140784.0], [216131.0, 140202.0], [216173.0, 139408.0], [216315.0, 138549.0], [216441.0, 136866.0], [216691.0, 136672.0], [216909.0, 136406.0], [216921.0, 136387.0], [217082.0, 134621.0], [217094.0, 134481.0], [217221.0, 133651.0], [217341.0, 133634.0], [217427.0, 132223.0], [217625.0, 132208.0], [217680.0, 132090.0], [217801.0, 130618.0], [217924.0, 129166.0], [218051.0, 127544.0], [218105.0, 125935.0], [218343.0, 124292.0], [218493.0, 123760.0], [218672.0, 123573.0], [218733.0, 123213.0], [219027.0, 121218.0], [219200.0, 120089.0], [219271.0, 118945.0], [219438.0, 112759.0], [219457.0, 112125.0], [219514.0, 112091.0], [219709.0, 112010.0], [219780.0, 108466.0], [219916.0, 108451.0], [219921.0, 107371.0], [220278.0, 106836.0], [220328.0, 104154.0]]

size_X_E = 216
