vars = 45 ; constr = 48 
 # informations of B&B algorithm : 
total_times_used = 1.29 
total_nodes = 599 
pruned_nodes = 292 
GAP = 0.0 
relaxation_time = 1.1 
test_dominance_time = 0.0 
update_incumbent_time = 0.03 
tree_size = 1.214 
nb_nodes_EPB = 6 
nb_nodes_VB = 592 
root_relax = true 

size_Y_N = 5
Y_N = [[373.0, 1046.0], [419.0, 962.0], [431.0, 922.0], [458.0, 678.0], [518.0, 430.0]]

size_X_E = 5
X_E = [[0.0, 0.0, -0.0, -0.0, 0.0, 0.0, -0.0, -0.0, 0.0, -0.0, -0.0, 0.0, 0.0, -0.0, -0.0, -0.0, -0.0, -0.0, 0.0, 0.0, 0.0, 0.0, 0.0, 0.0, 0.0, 0.0, 0.0, 0.0, 0.0, 0.0, 0.0, 0.0, 1.0, 1.0, 1.0, 1.0, 1.0, 1.0, 1.0, 1.0, -0.0, -0.0, -0.0, -0.0, 1.0], [1.0, 1.0, -0.0, -0.0, 1.0, 1.0, -0.0, -0.0, 0.0, 0.0, 0.0, 0.0, 0.0, 0.0, -0.0, -0.0, 0.0, 0.0, 0.0, 0.0, 0.0, 0.0, 0.0, 0.0, 0.0, 0.0, 0.0, 0.0, 0.0, 0.0, 0.0, 0.0, 0.0, 0.0, 1.0, 1.0, 0.0, 0.0, 1.0, 1.0, 1.0, -0.0, -0.0, -0.0, 1.0], [1.0, 1.0, 1.0, -0.0, 1.0, 1.0, -0.0, -0.0, 0.0, 0.0, 0.0, 0.0, 0.0, 0.0, 0.0, 0.0, 0.0, 0.0, 0.0, 0.0, 0.0, 0.0, 0.0, 0.0, 0.0, 0.0, 0.0, 0.0, 0.0, 0.0, 0.0, 0.0, 0.0, 0.0, 0.0, 1.0, 0.0, 0.0, 1.0, 1.0, 1.0, 0.0, -0.0, -0.0, 1.0], [0.0, 0.0, 0.0, 0.0, 0.0, 0.0, 0.0, 0.0, 0.0, -0.0, 0.0, 0.0, 0.0, 0.0, 0.0, 0.0, 1.0, 1.0, 1.0, 1.0, 1.0, 1.0, 1.0, 1.0, 0.0, 0.0, 0.0, 0.0, 0.0, 0.0, 0.0, 0.0, 0.0, 0.0, 0.0, 0.0, 0.0, 0.0, 0.0, 0.0, -0.0, -0.0, 1.0, -0.0, -0.0], [1.0, 1.0, 1.0, 1.0, 1.0, 1.0, 1.0, 1.0, 0.0, 0.0, 0.0, 0.0, 0.0, 0.0, 0.0, 0.0, 0.0, 0.0, 0.0, 0.0, 0.0, 0.0, 0.0, 0.0, 0.0, 0.0, 0.0, 0.0, 0.0, 0.0, 0.0, 0.0, 0.0, 0.0, 0.0, 0.0, 0.0, 0.0, 0.0, 0.0, 1.0, 0.0, 0.0, 0.0, 0.0]]
