vars = 56 ; constr = 56 
 # informations of B&B algorithm : 
total_times_used = 40.81 
total_nodes = 16125 
pruned_nodes = 8063 
GAP = 0.0 
relaxation_time = 33.28 
test_dominance_time = 0.23 
update_incumbent_time = 2.64 
tree_size = 49.169 
nb_nodes_EPB = 0 
nb_nodes_VB = 16124 
root_relax = false 
TO = false 
rootLBS = 13 
LBSexhaustive = true 
 位_strategy = 0 
 位_min = 0 
 位_max = 0 
位_acc = 0.0 
total_time_cplex = 0.0 
total_time_fusion = 0.0 
heur = false 
heur_time = 0.0 
mixed = false 
mixed2 = false 


size_Y_N = 109
Y_N = [[637.0, 6429.0], [644.0, 6340.0], [654.0, 6269.0], [663.0, 6245.0], [665.0, 6213.0], [673.0, 6174.0], [684.0, 6118.0], [701.0, 6103.0], [712.0, 6043.0], [722.0, 5935.0], [748.0, 5933.0], [774.0, 5910.0], [785.0, 5854.0], [811.0, 5740.0], [863.0, 5715.0], [874.0, 5659.0], [1029.0, 5619.0], [1053.0, 5616.0], [1092.0, 5599.0], [1095.0, 5518.0], [1214.0, 5465.0], [1225.0, 5409.0], [1233.0, 5370.0], [1244.0, 5314.0], [1261.0, 5299.0], [1272.0, 5239.0], [1289.0, 5224.0], [1291.0, 5144.0], [1308.0, 5129.0], [1343.0, 5119.0], [1354.0, 5063.0], [1371.0, 4936.0], [1423.0, 4911.0], [1434.0, 4855.0], [1491.0, 4835.0], [1589.0, 4815.0], [1646.0, 4795.0], [1655.0, 4714.0], [1712.0, 4694.0], [1810.0, 4674.0], [1814.0, 4632.0], [1856.0, 4630.0], [1873.0, 4615.0], [1875.0, 4535.0], [1892.0, 4520.0], [1925.0, 4423.0], [1942.0, 4408.0], [1963.0, 4396.0], [1987.0, 4321.0], [2000.0, 4297.0], [2005.0, 4215.0], [2057.0, 4190.0], [2068.0, 4134.0], [2125.0, 4114.0], [2145.0, 4110.0], [2200.0, 4072.0], [2226.0, 4035.0], [2289.0, 3993.0], [2319.0, 3975.0], [2346.0, 3973.0], [2386.0, 3891.0], [2518.0, 3829.0], [2552.0, 3807.0], [2569.0, 3792.0], [2571.0, 3712.0], [2584.0, 3688.0], [2621.0, 3600.0], [2638.0, 3585.0], [2653.0, 3481.0], [2716.0, 3400.0], [2735.0, 3375.0], [2798.0, 3294.0], [2930.0, 3232.0], [3175.0, 3180.0], [3236.0, 3169.0], [3244.0, 2973.0], [3307.0, 2892.0], [3369.0, 2810.0], [3417.0, 2790.0], [3474.0, 2769.0], [3537.0, 2688.0], [3627.0, 2658.0], [3669.0, 2626.0], [3671.0, 2624.0], [3690.0, 2599.0], [3753.0, 2518.0], [3885.0, 2456.0], [3926.0, 2388.0], [3960.0, 2302.0], [4046.0, 2286.0], [4136.0, 2256.0], [4156.0, 2184.0], [4198.0, 2174.0], [4200.0, 2114.0], [4286.0, 2061.0], [4324.0, 2034.0], [4372.0, 2014.0], [4418.0, 1999.0], [4502.0, 1928.0], [4634.0, 1866.0], [4665.0, 1782.0], [4755.0, 1752.0], [4789.0, 1666.0], [4881.0, 1612.0], [4905.0, 1557.0], [4915.0, 1526.0], [4939.0, 1471.0], [5121.0, 1424.0], [5155.0, 1338.0]]
