vars = 500 ; constr = 1 
 # informations of B&B algorithm : 
total_times_used = 300.06 
total_nodes = 9673 
pruned_nodes = 0 
GAP = 0.0 
relaxation_time = 289.79 
test_dominance_time = 0.0 
update_incumbent_time = 2.5 
tree_size = 110.986 
nb_nodes_EPB = 0 
nb_nodes_VB = 9672 
root_relax = true 
TO = true 

size_Y_N = 105
Y_N = [[87659.0, 616733.0], [89796.0, 616356.0], [89923.0, 616140.0], [90339.0, 615952.0], [90593.0, 613392.0], [90720.0, 612861.0], [90882.0, 612771.0], [91552.0, 611943.0], [91679.0, 611089.0], [91806.0, 609450.0], [91933.0, 609413.0], [92095.0, 609233.0], [92222.0, 608528.0], [92476.0, 607159.0], [93146.0, 606396.0], [93273.0, 603432.0], [93435.0, 602729.0], [93689.0, 602354.0], [93816.0, 601296.0], [94359.0, 599521.0], [95029.0, 598786.0], [144876.0, 483670.0], [147429.0, 480654.0], [147972.0, 479567.0], [148099.0, 479173.0], [148515.0, 477860.0], [148642.0, 476126.0], [148769.0, 476055.0], [149185.0, 475832.0], [149728.0, 474659.0], [149855.0, 472673.0], [149982.0, 472525.0], [150109.0, 472215.0], [150236.0, 470959.0], [150398.0, 470296.0], [150525.0, 469509.0], [150779.0, 469311.0], [150906.0, 467243.0], [151068.0, 467114.0], [151195.0, 466944.0], [151449.0, 465615.0], [151865.0, 463932.0], [151992.0, 462504.0], [152281.0, 461557.0], [152408.0, 461399.0], [152535.0, 460329.0], [152662.0, 460055.0], [153078.0, 458317.0], [153459.0, 456923.0], [153875.0, 455106.0], [154291.0, 453083.0], [154545.0, 451474.0], [154961.0, 449445.0], [155215.0, 447412.0], [155342.0, 446330.0], [155631.0, 445972.0], [155758.0, 445819.0], [156012.0, 443937.0], [156174.0, 443915.0], [156428.0, 442199.0], [156555.0, 440415.0], [156844.0, 440270.0], [157098.0, 438429.0], [157387.0, 436676.0], [157514.0, 436566.0], [157768.0, 434233.0], [158057.0, 430549.0], [158727.0, 427785.0], [158981.0, 425439.0], [159524.0, 422133.0], [159651.0, 421138.0], [159778.0, 420316.0], [160067.0, 416480.0], [160737.0, 413846.0], [161534.0, 409034.0], [161950.0, 408896.0], [162204.0, 405849.0], [162331.0, 403622.0], [162458.0, 402690.0], [162620.0, 402073.0], [162874.0, 401292.0], [163163.0, 399501.0], [163417.0, 396260.0], [163671.0, 395079.0], [164087.0, 394235.0], [164503.0, 389968.0], [165173.0, 386738.0], [165554.0, 384875.0], [165716.0, 381827.0], [165843.0, 380522.0], [165970.0, 380517.0], [166386.0, 379055.0], [166767.0, 376780.0], [167437.0, 371337.0], [176182.0, 215492.0], [179659.0, 214360.0], [179948.0, 214091.0], [180202.0, 211817.0], [180491.0, 210575.0], [180745.0, 210219.0], [180872.0, 207740.0], [180999.0, 206295.0], [181161.0, 205171.0], [181415.0, 204635.0], [181831.0, 200197.0]]

size_X_E = 105
