vars = 500 ; constr = 1 
 # informations of B&B algorithm : 
total_times_used = 300.08 
total_nodes = 10633 
pruned_nodes = 21 
GAP = 0.0 
relaxation_time = 296.93 
test_dominance_time = 0.0 
update_incumbent_time = 1.04 
tree_size = 120.435 
nb_nodes_EPB = 0 
nb_nodes_VB = 10632 
root_relax = true 
TO = true 

size_Y_N = 47
Y_N = [[54056.0, 253366.0], [54278.0, 252039.0], [54500.0, 249829.0], [54517.0, 249443.0], [54534.0, 248661.0], [54722.0, 247672.0], [54739.0, 247279.0], [54756.0, 247134.0], [54944.0, 246796.0], [54961.0, 246402.0], [55183.0, 244693.0], [55200.0, 242310.0], [55217.0, 242260.0], [55405.0, 239970.0], [55422.0, 239781.0], [55627.0, 237325.0], [58837.0, 233709.0], [59076.0, 231717.0], [59247.0, 228462.0], [59264.0, 227609.0], [59281.0, 226694.0], [59469.0, 223158.0], [59708.0, 223021.0], [59725.0, 222028.0], [59947.0, 221577.0], [59981.0, 217588.0], [60391.0, 215714.0], [60613.0, 209648.0], [61074.0, 208608.0], [61296.0, 204631.0], [61501.0, 203573.0], [61552.0, 202545.0], [61740.0, 201344.0], [61774.0, 200607.0], [61791.0, 198913.0], [61962.0, 197391.0], [61979.0, 196044.0], [62184.0, 191726.0], [62201.0, 189443.0], [62406.0, 186081.0], [62423.0, 182727.0], [62645.0, 175680.0], [62867.0, 173153.0], [62884.0, 170898.0], [63089.0, 165628.0], [63106.0, 165390.0], [63140.0, 160919.0]]

size_X_E = 47
