vars = 500 ; constr = 1 
 # informations of B&B algorithm : 
total_times_used = 300.07 
total_nodes = 9069 
pruned_nodes = 0 
GAP = 0.0 
relaxation_time = 291.7 
test_dominance_time = 0.0 
update_incumbent_time = 2.17 
tree_size = 104.057 
nb_nodes_EPB = 0 
nb_nodes_VB = 9068 
root_relax = true 
TO = true 

size_Y_N = 96
Y_N = [[33129.0, 165584.0], [33430.0, 165344.0], [33869.0, 165201.0], [33915.0, 164608.0], [34170.0, 164524.0], [34308.0, 164435.0], [34517.0, 164062.0], [34701.0, 163790.0], [34772.0, 163433.0], [34864.0, 162913.0], [34956.0, 162607.0], [35002.0, 162572.0], [35211.0, 162486.0], [35257.0, 162397.0], [35558.0, 161745.0], [55617.0, 133174.0], [55663.0, 132818.0], [56010.0, 132565.0], [56311.0, 132305.0], [56357.0, 131193.0], [56658.0, 130938.0], [56959.0, 130849.0], [57005.0, 130354.0], [57306.0, 129518.0], [57352.0, 129517.0], [57653.0, 129087.0], [57699.0, 128859.0], [58000.0, 127905.0], [58046.0, 127871.0], [58092.0, 127867.0], [58347.0, 127326.0], [58393.0, 127311.0], [58694.0, 126036.0], [58740.0, 126022.0], [59087.0, 125523.0], [59388.0, 124313.0], [59434.0, 124219.0], [59735.0, 123660.0], [60036.0, 123147.0], [60128.0, 122483.0], [60429.0, 121868.0], [60730.0, 121231.0], [60822.0, 120594.0], [61123.0, 119935.0], [61424.0, 119332.0], [61562.0, 118678.0], [61608.0, 118614.0], [61771.0, 118038.0], [61863.0, 117949.0], [62118.0, 117388.0], [62164.0, 116732.0], [62256.0, 116639.0], [62302.0, 116636.0], [62511.0, 116115.0], [62557.0, 116056.0], [62812.0, 115458.0], [62858.0, 114792.0], [62904.0, 114782.0], [63113.0, 114156.0], [63159.0, 113658.0], [63297.0, 112807.0], [63343.0, 112789.0], [63506.0, 112175.0], [63552.0, 110827.0], [63899.0, 110742.0], [64037.0, 110217.0], [64154.0, 109714.0], [64292.0, 109574.0], [64501.0, 108797.0], [64547.0, 108319.0], [64639.0, 108300.0], [64848.0, 107693.0], [64894.0, 107103.0], [65032.0, 107027.0], [65195.0, 105538.0], [65241.0, 105405.0], [65425.0, 104918.0], [65542.0, 104914.0], [65726.0, 104311.0], [65889.0, 103055.0], [65935.0, 101930.0], [66027.0, 101919.0], [66190.0, 100806.0], [66930.0, 81143.0], [67277.0, 80978.0], [67578.0, 80697.0], [67762.0, 80644.0], [68017.0, 80208.0], [68155.0, 79619.0], [68272.0, 79550.0], [68364.0, 78962.0], [68757.0, 78751.0], [68803.0, 77870.0], [68849.0, 77743.0], [68966.0, 77416.0], [69012.0, 76834.0]]

size_X_E = 96
