vars = 500 ; constr = 1 
 # informations of B&B algorithm : 
total_times_used = 300.03 
total_nodes = 9005 
pruned_nodes = 0 
GAP = 0.0 
relaxation_time = 292.81 
test_dominance_time = 0.0 
update_incumbent_time = 1.86 
tree_size = 103.322 
nb_nodes_EPB = 0 
nb_nodes_VB = 9004 
root_relax = true 
TO = true 

size_Y_N = 88
Y_N = [[45618.0, 237339.0], [46110.0, 236942.0], [46176.0, 236397.0], [46536.0, 236282.0], [47028.0, 236253.0], [47454.0, 235878.0], [47520.0, 235068.0], [47766.0, 234969.0], [48192.0, 234386.0], [48372.0, 233422.0], [48504.0, 233302.0], [49176.0, 232734.0], [49290.0, 232658.0], [49422.0, 231251.0], [72486.0, 208111.0], [73404.0, 207767.0], [74076.0, 206769.0], [74142.0, 206647.0], [74322.0, 206629.0], [75240.0, 206200.0], [75732.0, 205405.0], [76158.0, 204453.0], [76470.0, 203853.0], [76896.0, 203749.0], [77322.0, 202776.0], [77748.0, 200973.0], [78060.0, 200612.0], [78240.0, 198918.0], [78486.0, 198683.0], [78666.0, 198662.0], [78912.0, 198503.0], [79158.0, 197419.0], [79584.0, 196046.0], [79830.0, 194905.0], [80502.0, 194397.0], [80748.0, 192876.0], [80814.0, 192789.0], [81060.0, 192437.0], [81666.0, 192300.0], [82338.0, 190060.0], [82404.0, 188838.0], [82584.0, 188349.0], [82650.0, 188209.0], [83256.0, 187361.0], [83502.0, 185187.0], [83994.0, 185170.0], [84420.0, 184560.0], [84732.0, 183293.0], [85092.0, 182494.0], [85158.0, 182423.0], [85584.0, 181608.0], [85830.0, 179692.0], [86010.0, 179471.0], [86256.0, 179305.0], [86748.0, 178357.0], [87174.0, 177345.0], [87486.0, 176925.0], [87846.0, 176343.0], [87912.0, 176292.0], [88092.0, 175035.0], [88158.0, 174937.0], [88338.0, 173884.0], [88404.0, 173337.0], [88764.0, 172912.0], [89010.0, 172164.0], [89256.0, 166998.0], [89748.0, 166512.0], [89928.0, 165371.0], [90600.0, 164932.0], [91338.0, 161285.0], [91764.0, 160223.0], [92436.0, 157051.0], [92682.0, 152883.0], [92928.0, 152530.0], [93174.0, 151434.0], [93420.0, 150582.0], [93666.0, 149894.0], [94092.0, 148676.0], [94764.0, 147778.0], [95010.0, 126835.0], [95436.0, 126683.0], [95682.0, 124749.0], [95928.0, 124538.0], [96108.0, 124162.0], [96846.0, 124058.0], [97338.0, 123293.0], [97518.0, 121622.0], [97584.0, 118882.0]]

size_X_E = 88
