vars = 500 ; constr = 1 
 # informations of B&B algorithm : 
total_times_used = 300.04 
total_nodes = 9745 
pruned_nodes = 0 
GAP = 0.0 
relaxation_time = 294.94 
test_dominance_time = 0.0 
update_incumbent_time = 1.57 
tree_size = 111.812 
nb_nodes_EPB = 0 
nb_nodes_VB = 9744 
root_relax = true 
TO = true 

size_Y_N = 69
Y_N = [[100860.0, 381119.0], [101165.0, 380636.0], [101388.0, 380455.0], [102404.0, 380222.0], [102465.0, 379840.0], [102770.0, 379134.0], [102831.0, 379014.0], [102892.0, 378127.0], [102953.0, 377313.0], [103258.0, 376873.0], [103319.0, 374810.0], [129535.0, 311123.0], [129779.0, 308468.0], [130795.0, 307938.0], [130978.0, 306122.0], [131222.0, 305324.0], [131283.0, 304976.0], [131466.0, 303824.0], [131588.0, 302522.0], [131649.0, 302395.0], [131771.0, 301377.0], [132116.0, 301174.0], [132177.0, 300659.0], [132360.0, 299785.0], [132421.0, 299701.0], [132482.0, 298081.0], [132543.0, 298074.0], [132665.0, 297888.0], [132909.0, 296794.0], [133092.0, 295478.0], [133437.0, 294182.0], [133498.0, 292675.0], [133559.0, 292646.0], [133620.0, 292480.0], [133742.0, 291307.0], [133864.0, 290060.0], [133925.0, 289817.0], [133986.0, 289081.0], [134047.0, 288358.0], [134352.0, 287297.0], [134636.0, 285788.0], [134697.0, 285638.0], [134819.0, 284408.0], [134880.0, 284117.0], [134941.0, 282790.0], [135124.0, 281479.0], [135246.0, 281131.0], [135307.0, 279574.0], [135368.0, 278821.0], [135490.0, 278089.0], [136079.0, 275370.0], [136140.0, 274797.0], [136262.0, 273994.0], [136323.0, 273652.0], [136384.0, 272417.0], [136445.0, 272075.0], [136506.0, 271002.0], [136628.0, 270986.0], [136689.0, 269356.0], [136750.0, 267893.0], [136811.0, 267647.0], [136933.0, 266224.0], [141119.0, 194438.0], [141180.0, 193926.0], [141424.0, 191958.0], [141668.0, 191758.0], [141729.0, 191023.0], [141851.0, 190416.0], [141912.0, 185131.0]]

size_X_E = 69
