vars = 200 ; constr = 1 
 # informations of B&B algorithm : 
total_times_used = 300.04 
total_nodes = 18731 
pruned_nodes = 0 
GAP = 0.0 
relaxation_time = 289.49 
test_dominance_time = 0.0 
update_incumbent_time = 2.72 
tree_size = 113.74 
nb_nodes_EPB = 0 
nb_nodes_VB = 18730 
root_relax = true 
TO = true 

size_Y_N = 81
Y_N = [[9522.0, 75926.0], [9702.0, 75724.0], [9714.0, 75709.0], [9774.0, 75598.0], [9822.0, 75464.0], [9960.0, 75413.0], [10062.0, 75267.0], [10068.0, 75225.0], [10200.0, 75049.0], [10218.0, 75014.0], [10314.0, 74961.0], [10362.0, 74395.0], [10608.0, 74391.0], [10662.0, 74009.0], [10806.0, 73833.0], [10908.0, 73653.0], [11046.0, 73369.0], [11148.0, 73186.0], [11154.0, 72941.0], [11202.0, 72872.0], [11250.0, 72694.0], [11346.0, 72555.0], [11448.0, 72537.0], [11496.0, 71880.0], [11646.0, 71849.0], [11742.0, 71766.0], [11940.0, 71137.0], [12042.0, 70659.0], [12090.0, 70536.0], [12240.0, 70345.0], [12582.0, 69247.0], [18702.0, 56653.0], [19092.0, 56549.0], [19242.0, 56254.0], [19290.0, 56068.0], [19488.0, 55768.0], [19638.0, 55756.0], [19734.0, 55225.0], [19782.0, 54910.0], [19836.0, 54800.0], [19932.0, 54721.0], [20034.0, 54679.0], [20178.0, 54181.0], [20280.0, 53635.0], [20328.0, 53624.0], [20478.0, 53069.0], [20526.0, 52532.0], [20574.0, 52504.0], [20622.0, 51916.0], [20670.0, 51878.0], [20724.0, 51828.0], [20868.0, 51415.0], [20970.0, 50842.0], [21018.0, 50806.0], [21066.0, 50290.0], [21168.0, 50229.0], [21264.0, 49720.0], [21312.0, 49143.0], [21414.0, 49133.0], [21558.0, 48573.0], [21660.0, 48022.0], [21708.0, 47416.0], [21756.0, 47406.0], [21906.0, 46825.0], [22056.0, 45606.0], [22104.0, 45126.0], [22152.0, 45054.0], [22200.0, 44721.0], [22350.0, 44419.0], [22446.0, 43916.0], [22548.0, 43318.0], [22794.0, 31800.0], [22842.0, 31628.0], [23388.0, 31429.0], [23436.0, 31042.0], [23532.0, 30860.0], [23634.0, 30233.0], [23682.0, 30218.0], [23730.0, 29815.0], [23832.0, 29766.0], [23880.0, 28590.0]]

size_X_E = 81
