vars = 500 ; constr = 1 
 # informations of B&B algorithm : 
total_times_used = 300.06 
total_nodes = 10157 
pruned_nodes = 0 
GAP = 0.0 
relaxation_time = 296.47 
test_dominance_time = 0.0 
update_incumbent_time = 1.26 
tree_size = 116.538 
nb_nodes_EPB = 0 
nb_nodes_VB = 10156 
root_relax = true 
TO = true 

size_Y_N = 46
Y_N = [[225510.0, 437207.0], [225645.0, 437124.0], [225651.0, 437122.0], [225792.0, 437085.0], [225888.0, 436696.0], [226068.0, 436624.0], [226074.0, 436263.0], [226119.0, 436223.0], [226170.0, 436150.0], [226446.0, 436084.0], [235443.0, 412099.0], [235680.0, 410071.0], [235725.0, 409186.0], [235776.0, 409170.0], [235917.0, 408603.0], [235962.0, 407809.0], [236058.0, 407637.0], [236154.0, 405494.0], [236250.0, 405145.0], [236385.0, 403238.0], [236526.0, 402369.0], [236667.0, 401446.0], [236718.0, 399552.0], [236763.0, 399131.0], [236904.0, 398861.0], [236910.0, 397024.0], [237045.0, 395903.0], [237186.0, 394610.0], [237327.0, 393215.0], [237333.0, 387992.0], [237468.0, 387858.0], [237519.0, 387035.0], [237705.0, 382202.0], [237846.0, 381835.0], [237987.0, 376968.0], [243876.0, 268802.0], [243882.0, 264141.0], [243927.0, 264097.0], [244023.0, 263216.0], [244068.0, 259012.0], [244209.0, 256769.0], [244299.0, 250382.0], [244395.0, 248678.0], [244440.0, 248659.0], [244446.0, 236830.0], [244536.0, 236775.0]]

size_X_E = 46
