vars = 500 ; constr = 1 
 # informations of B&B algorithm : 
total_times_used = 300.09 
total_nodes = 10073 
pruned_nodes = 0 
GAP = 0.0 
relaxation_time = 294.97 
test_dominance_time = 0.0 
update_incumbent_time = 1.44 
tree_size = 115.575 
nb_nodes_EPB = 0 
nb_nodes_VB = 10072 
root_relax = true 
TO = true 

size_Y_N = 73
Y_N = [[36885.0, 237929.0], [37197.0, 237826.0], [37284.0, 237726.0], [37857.0, 237666.0], [38256.0, 237150.0], [38742.0, 237100.0], [38829.0, 236378.0], [39228.0, 236185.0], [39315.0, 234927.0], [39402.0, 234160.0], [39801.0, 232144.0], [40287.0, 229415.0], [40374.0, 229152.0], [40773.0, 228742.0], [50181.0, 212036.0], [50667.0, 211505.0], [50754.0, 210606.0], [51552.0, 209721.0], [51639.0, 207372.0], [51726.0, 206725.0], [51900.0, 206057.0], [51951.0, 204853.0], [52212.0, 204513.0], [52299.0, 202658.0], [52386.0, 201651.0], [52698.0, 201384.0], [52785.0, 201260.0], [53184.0, 201184.0], [53358.0, 198240.0], [53757.0, 197956.0], [54156.0, 195069.0], [54555.0, 191478.0], [54816.0, 191438.0], [55041.0, 189078.0], [55389.0, 186628.0], [55527.0, 184702.0], [56274.0, 184038.0], [56412.0, 182583.0], [56847.0, 181556.0], [57333.0, 180563.0], [57471.0, 179476.0], [57645.0, 178346.0], [57732.0, 178243.0], [57819.0, 176997.0], [57957.0, 175007.0], [58044.0, 175004.0], [58131.0, 172960.0], [58305.0, 172540.0], [58392.0, 172289.0], [58878.0, 169145.0], [59103.0, 165762.0], [59277.0, 165269.0], [59364.0, 163962.0], [59589.0, 161942.0], [59850.0, 160690.0], [59901.0, 160065.0], [60075.0, 157502.0], [60249.0, 157494.0], [60336.0, 155973.0], [60648.0, 153747.0], [60822.0, 151682.0], [60873.0, 150522.0], [60960.0, 150288.0], [61047.0, 149455.0], [61134.0, 149266.0], [61221.0, 148868.0], [61395.0, 148375.0], [61446.0, 143702.0], [61881.0, 125363.0], [62280.0, 122315.0], [62505.0, 119077.0], [62592.0, 114856.0], [62853.0, 111594.0]]

size_X_E = 73
