vars = 200 ; constr = 1 
 # informations of B&B algorithm : 
total_times_used = 300.02 
total_nodes = 19495 
pruned_nodes = 0 
GAP = 0.0 
relaxation_time = 293.58 
test_dominance_time = 0.0 
update_incumbent_time = 1.88 
tree_size = 118.379 
nb_nodes_EPB = 0 
nb_nodes_VB = 19494 
root_relax = true 
TO = true 

size_Y_N = 56
Y_N = [[86889.0, 183723.0], [87024.0, 183617.0], [87069.0, 183552.0], [87165.0, 183536.0], [87216.0, 183395.0], [87306.0, 183195.0], [87351.0, 183006.0], [87363.0, 181775.0], [87447.0, 181759.0], [87684.0, 181084.0], [87774.0, 178207.0], [89901.0, 175595.0], [90132.0, 175518.0], [90177.0, 175136.0], [90318.0, 175025.0], [90459.0, 174381.0], [90561.0, 174219.0], [90600.0, 173568.0], [90657.0, 172855.0], [90696.0, 172113.0], [90792.0, 171518.0], [90837.0, 171492.0], [90978.0, 170126.0], [91119.0, 169026.0], [91125.0, 167895.0], [91170.0, 167775.0], [91260.0, 166232.0], [91266.0, 165969.0], [91401.0, 164748.0], [91407.0, 164611.0], [91497.0, 163461.0], [91542.0, 163092.0], [91548.0, 161871.0], [91644.0, 160515.0], [91734.0, 159092.0], [91779.0, 159038.0], [91875.0, 158143.0], [91920.0, 157110.0], [91926.0, 156712.0], [91971.0, 156547.0], [92067.0, 155096.0], [92202.0, 153173.0], [92253.0, 151977.0], [92343.0, 151200.0], [92349.0, 150289.0], [92439.0, 148832.0], [92490.0, 146379.0], [93240.0, 128863.0], [93381.0, 126596.0], [93387.0, 125071.0], [93522.0, 124080.0], [93528.0, 124010.0], [93573.0, 123955.0], [93669.0, 123766.0], [93855.0, 122891.0], [94041.0, 120251.0]]

size_X_E = 56
