vars = 500 ; constr = 1 
 # informations of B&B algorithm : 
total_times_used = 300.05 
total_nodes = 9995 
pruned_nodes = 0 
GAP = 0.0 
relaxation_time = 296.33 
test_dominance_time = 0.0 
update_incumbent_time = 1.22 
tree_size = 114.673 
nb_nodes_EPB = 0 
nb_nodes_VB = 9994 
root_relax = true 
TO = true 

size_Y_N = 53
Y_N = [[63804.0, 339782.0], [63975.0, 339672.0], [64049.0, 336711.0], [64072.0, 336683.0], [64146.0, 336621.0], [64317.0, 335836.0], [64340.0, 333235.0], [64391.0, 332987.0], [64414.0, 332740.0], [64511.0, 331404.0], [64659.0, 330244.0], [64682.0, 327630.0], [64756.0, 327136.0], [64927.0, 326187.0], [64950.0, 324669.0], [65098.0, 324077.0], [65195.0, 321522.0], [65366.0, 319910.0], [65412.0, 314895.0], [65486.0, 312393.0], [65805.0, 310420.0], [69437.0, 285353.0], [69705.0, 284167.0], [69728.0, 282217.0], [69802.0, 282164.0], [69899.0, 281653.0], [69973.0, 281532.0], [69996.0, 279373.0], [70144.0, 278494.0], [70167.0, 274707.0], [70241.0, 274435.0], [70338.0, 269739.0], [70412.0, 267989.0], [70435.0, 267689.0], [70509.0, 264538.0], [70532.0, 262745.0], [70680.0, 262462.0], [70703.0, 258158.0], [70777.0, 258026.0], [70800.0, 254588.0], [70874.0, 254445.0], [70948.0, 254112.0], [70971.0, 250720.0], [71045.0, 249765.0], [71119.0, 248699.0], [71216.0, 245122.0], [71313.0, 242809.0], [71387.0, 241475.0], [71410.0, 237698.0], [71484.0, 233967.0], [71581.0, 180333.0], [72191.0, 179635.0], [72362.0, 168964.0]]

size_X_E = 53
