vars = 500 ; constr = 1 
 # informations of B&B algorithm : 
total_times_used = 300.04 
total_nodes = 10407 
pruned_nodes = 0 
GAP = 0.0 
relaxation_time = 288.05 
test_dominance_time = 0.0 
update_incumbent_time = 2.78 
tree_size = 119.399 
nb_nodes_EPB = 0 
nb_nodes_VB = 10406 
root_relax = true 
TO = true 

size_Y_N = 111
Y_N = [[11004.0, 63614.0], [11196.0, 63588.0], [11238.0, 63549.0], [11256.0, 63474.0], [11274.0, 63438.0], [11328.0, 63433.0], [11352.0, 63416.0], [11370.0, 63390.0], [11388.0, 63377.0], [11466.0, 63360.0], [11520.0, 63260.0], [11580.0, 63259.0], [11616.0, 63236.0], [11634.0, 63201.0], [11658.0, 63151.0], [11712.0, 63065.0], [11790.0, 63013.0], [11850.0, 62929.0], [11904.0, 62702.0], [11940.0, 62613.0], [12000.0, 62549.0], [12018.0, 62492.0], [12096.0, 62211.0], [22236.0, 50603.0], [22290.0, 50487.0], [22386.0, 50455.0], [22596.0, 50332.0], [22638.0, 50331.0], [22656.0, 50296.0], [22674.0, 50289.0], [22692.0, 50268.0], [22884.0, 50159.0], [22944.0, 49947.0], [22980.0, 49942.0], [22998.0, 49920.0], [23058.0, 49745.0], [23094.0, 49727.0], [23112.0, 49713.0], [23250.0, 49529.0], [23346.0, 49317.0], [23382.0, 49091.0], [23478.0, 48892.0], [23514.0, 48859.0], [23574.0, 48637.0], [23610.0, 48627.0], [23652.0, 48497.0], [23706.0, 48443.0], [23802.0, 48254.0], [23862.0, 47972.0], [23880.0, 47967.0], [23898.0, 47846.0], [23958.0, 47804.0], [23994.0, 47791.0], [24090.0, 47616.0], [24126.0, 47359.0], [24186.0, 47357.0], [24282.0, 47187.0], [24300.0, 46946.0], [24360.0, 46942.0], [24396.0, 46734.0], [24474.0, 46693.0], [24570.0, 46530.0], [24666.0, 46306.0], [24738.0, 46045.0], [24816.0, 45867.0], [24876.0, 45639.0], [24894.0, 45631.0], [24912.0, 45468.0], [24990.0, 45417.0], [25008.0, 45366.0], [25026.0, 45337.0], [25086.0, 45149.0], [25104.0, 45135.0], [25122.0, 45004.0], [25182.0, 44913.0], [25218.0, 44737.0], [25278.0, 44731.0], [25314.0, 44523.0], [25332.0, 44506.0], [25410.0, 44464.0], [25506.0, 44306.0], [25578.0, 44064.0], [25584.0, 44046.0], [25638.0, 43835.0], [25794.0, 43615.0], [25890.0, 43370.0], [25926.0, 43163.0], [25944.0, 43139.0], [26022.0, 42886.0], [26040.0, 42879.0], [26058.0, 42716.0], [26154.0, 42689.0], [26250.0, 42471.0], [26292.0, 42234.0], [26310.0, 42186.0], [26328.0, 41975.0], [26346.0, 41950.0], [28296.0, 28646.0], [28434.0, 28488.0], [28740.0, 28332.0], [28776.0, 28083.0], [28794.0, 28054.0], [28836.0, 28032.0], [29004.0, 27905.0], [29046.0, 27799.0], [29100.0, 27688.0], [29178.0, 27428.0], [29214.0, 27385.0], [29256.0, 27097.0], [29274.0, 26637.0], [29352.0, 26589.0]]

size_X_E = 111
