vars = 500 ; constr = 1 
 # informations of B&B algorithm : 
total_times_used = 300.05 
total_nodes = 8909 
pruned_nodes = 0 
GAP = 0.0 
relaxation_time = 294.73 
test_dominance_time = 0.0 
update_incumbent_time = 1.65 
tree_size = 102.221 
nb_nodes_EPB = 0 
nb_nodes_VB = 8908 
root_relax = true 
TO = true 

size_Y_N = 73
Y_N = [[32597.0, 196530.0], [33813.0, 196494.0], [33963.0, 196451.0], [34046.0, 196340.0], [34796.0, 196154.0], [34879.0, 196005.0], [35029.0, 195972.0], [36012.0, 195480.0], [36478.0, 193283.0], [80171.0, 172688.0], [82070.0, 171397.0], [82370.0, 170387.0], [83286.0, 170261.0], [84119.0, 169115.0], [84502.0, 168578.0], [85568.0, 167627.0], [85868.0, 167605.0], [86251.0, 167599.0], [87467.0, 166941.0], [88300.0, 166376.0], [88683.0, 166316.0], [89666.0, 165682.0], [90199.0, 164933.0], [90582.0, 164910.0], [91265.0, 164193.0], [91948.0, 163409.0], [92331.0, 162755.0], [92631.0, 162674.0], [93014.0, 161876.0], [93164.0, 161872.0], [93997.0, 161286.0], [94230.0, 160452.0], [94380.0, 160413.0], [94530.0, 159970.0], [95063.0, 159747.0], [95446.0, 159726.0], [95596.0, 158914.0], [96129.0, 158901.0], [96662.0, 158336.0], [96812.0, 158099.0], [97495.0, 157375.0], [97878.0, 156696.0], [98028.0, 156678.0], [98178.0, 156570.0], [98561.0, 155970.0], [98861.0, 155940.0], [99394.0, 155238.0], [100310.0, 154478.0], [100993.0, 153715.0], [101676.0, 152910.0], [102359.0, 152139.0], [103042.0, 151280.0], [103425.0, 150593.0], [103575.0, 150245.0], [104108.0, 149799.0], [104258.0, 149564.0], [104408.0, 149267.0], [104641.0, 148984.0], [104941.0, 148950.0], [105857.0, 148205.0], [106540.0, 147405.0], [107073.0, 146407.0], [107223.0, 146302.0], [107756.0, 145488.0], [107906.0, 145231.0], [108589.0, 144776.0], [108972.0, 144081.0], [109122.0, 143224.0], [110488.0, 142473.0], [111171.0, 141665.0], [111554.0, 140108.0], [120816.0, 124632.0], [121432.0, 123963.0]]

size_X_E = 73
