vars = 500 ; constr = 1 
 # informations of B&B algorithm : 
total_times_used = 300.05 
total_nodes = 9141 
pruned_nodes = 0 
GAP = 0.0 
relaxation_time = 289.73 
test_dominance_time = 0.0 
update_incumbent_time = 2.74 
tree_size = 103.284 
nb_nodes_EPB = 0 
nb_nodes_VB = 9140 
root_relax = true 
TO = true 

size_Y_N = 99
Y_N = [[73116.0, 253330.0], [73850.0, 253310.0], [73892.0, 253250.0], [74022.0, 253010.0], [74064.0, 252896.0], [74538.0, 252840.0], [74840.0, 252737.0], [74970.0, 252450.0], [75314.0, 252254.0], [75444.0, 252249.0], [76090.0, 251121.0], [98838.0, 236721.0], [101380.0, 236199.0], [102026.0, 235341.0], [102802.0, 233999.0], [103146.0, 233840.0], [103448.0, 233469.0], [103922.0, 232432.0], [104266.0, 232135.0], [104870.0, 231340.0], [106464.0, 231013.0], [106938.0, 229483.0], [107756.0, 229018.0], [108532.0, 228177.0], [109350.0, 227841.0], [109480.0, 227782.0], [110298.0, 227130.0], [111246.0, 225868.0], [111548.0, 225506.0], [112668.0, 224455.0], [112840.0, 223800.0], [113314.0, 223581.0], [113788.0, 223165.0], [114434.0, 222247.0], [114908.0, 221734.0], [115210.0, 221102.0], [115554.0, 220943.0], [116028.0, 220363.0], [116502.0, 219398.0], [117278.0, 218879.0], [117752.0, 218167.0], [118398.0, 217127.0], [118742.0, 216636.0], [119216.0, 216017.0], [119346.0, 215550.0], [119690.0, 215248.0], [119820.0, 215224.0], [119992.0, 214441.0], [120164.0, 214131.0], [120810.0, 213964.0], [120940.0, 213161.0], [121112.0, 212896.0], [121414.0, 212808.0], [121586.0, 212378.0], [121758.0, 211789.0], [121888.0, 211778.0], [122060.0, 211675.0], [122232.0, 211558.0], [122534.0, 211067.0], [122706.0, 211034.0], [123180.0, 210444.0], [123654.0, 209593.0], [123696.0, 208927.0], [124300.0, 208845.0], [124602.0, 208025.0], [124644.0, 207955.0], [124774.0, 207448.0], [125076.0, 207403.0], [125118.0, 207395.0], [125248.0, 206785.0], [125550.0, 206586.0], [125592.0, 206523.0], [125722.0, 206002.0], [126196.0, 205855.0], [126670.0, 205075.0], [126842.0, 204195.0], [127144.0, 203615.0], [127316.0, 203408.0], [127358.0, 203353.0], [127618.0, 202877.0], [127832.0, 202605.0], [127962.0, 202485.0], [128092.0, 201925.0], [128436.0, 201778.0], [128738.0, 200857.0], [128780.0, 200674.0], [128910.0, 200619.0], [128952.0, 200370.0], [129212.0, 200218.0], [129254.0, 200098.0], [129384.0, 199651.0], [129426.0, 199564.0], [129686.0, 199431.0], [129858.0, 198832.0], [130160.0, 198686.0], [130332.0, 198036.0], [130504.0, 197969.0], [130546.0, 197406.0], [130806.0, 197308.0]]

size_X_E = 99
