vars = 200 ; constr = 1 
 # informations of B&B algorithm : 
total_times_used = 300.03 
total_nodes = 18997 
pruned_nodes = 12 
GAP = 0.0 
relaxation_time = 295.2 
test_dominance_time = 0.0 
update_incumbent_time = 1.41 
tree_size = 115.375 
nb_nodes_EPB = 0 
nb_nodes_VB = 18996 
root_relax = true 
TO = true 

size_Y_N = 43
Y_N = [[58150.0, 146064.0], [58221.0, 145922.0], [58912.0, 145857.0], [59532.0, 145122.0], [59786.0, 144009.0], [60223.0, 142737.0], [60477.0, 138334.0], [64877.0, 137684.0], [66005.0, 137519.0], [66442.0, 136508.0], [66696.0, 135460.0], [67133.0, 134230.0], [67204.0, 134065.0], [67641.0, 133228.0], [68078.0, 132202.0], [68515.0, 131268.0], [68586.0, 129362.0], [68769.0, 129064.0], [69206.0, 128501.0], [69277.0, 127864.0], [69714.0, 127452.0], [70151.0, 126352.0], [70405.0, 125230.0], [70588.0, 125204.0], [70842.0, 123837.0], [71350.0, 122787.0], [71533.0, 120907.0], [71787.0, 118513.0], [71970.0, 118067.0], [72478.0, 115071.0], [72661.0, 114892.0], [72874.0, 113948.0], [72986.0, 112374.0], [73057.0, 111659.0], [73169.0, 111477.0], [73352.0, 110910.0], [73423.0, 108169.0], [73494.0, 107341.0], [73606.0, 107337.0], [73860.0, 105633.0], [74043.0, 101876.0], [74114.0, 101518.0], [74297.0, 99905.0]]

size_X_E = 43
