vars = 200 ; constr = 1 
 # informations of B&B algorithm : 
total_times_used = 300.02 
total_nodes = 19427 
pruned_nodes = 16 
GAP = 0.0 
relaxation_time = 295.29 
test_dominance_time = 0.0 
update_incumbent_time = 1.52 
tree_size = 112.865 
nb_nodes_EPB = 0 
nb_nodes_VB = 19426 
root_relax = true 
TO = true 

size_Y_N = 43
Y_N = [[25924.0, 157393.0], [29047.0, 156751.0], [29375.0, 156750.0], [29540.0, 156549.0], [31677.0, 155216.0], [31840.0, 154659.0], [32991.0, 154607.0], [33156.0, 154312.0], [33649.0, 152982.0], [50743.0, 150572.0], [54852.0, 150404.0], [57975.0, 149211.0], [60933.0, 147951.0], [62084.0, 146355.0], [62577.0, 146293.0], [63070.0, 146273.0], [63563.0, 145188.0], [65207.0, 144999.0], [67179.0, 144565.0], [69316.0, 143573.0], [69809.0, 143170.0], [70302.0, 142640.0], [73425.0, 142246.0], [76383.0, 140652.0], [79013.0, 139162.0], [80492.0, 137543.0], [81643.0, 137367.0], [83615.0, 135911.0], [84108.0, 135649.0], [84766.0, 134306.0], [85259.0, 133842.0], [85752.0, 133501.0], [87231.0, 132579.0], [88875.0, 132356.0], [89368.0, 132036.0], [91833.0, 130915.0], [93477.0, 129333.0], [94133.0, 129207.0], [94463.0, 129078.0], [96270.0, 127731.0], [96600.0, 127697.0], [97093.0, 127659.0], [97914.0, 126090.0]]

size_X_E = 43
