vars = 200 ; constr = 1 
 # informations of B&B algorithm : 
total_times_used = 300.05 
total_nodes = 18735 
pruned_nodes = 0 
GAP = 0.0 
relaxation_time = 292.99 
test_dominance_time = 0.0 
update_incumbent_time = 1.98 
tree_size = 113.764 
nb_nodes_EPB = 0 
nb_nodes_VB = 18734 
root_relax = true 
TO = true 

size_Y_N = 64
Y_N = [[39937.0, 154100.0], [39998.0, 153784.0], [40364.0, 153124.0], [40526.0, 152880.0], [40608.0, 152683.0], [40831.0, 152173.0], [40953.0, 151930.0], [41014.0, 151539.0], [41319.0, 150627.0], [41441.0, 150019.0], [41502.0, 149917.0], [41563.0, 148359.0], [41969.0, 147946.0], [42030.0, 147680.0], [42091.0, 147585.0], [42152.0, 145881.0], [42274.0, 145625.0], [42335.0, 145367.0], [42640.0, 144433.0], [42823.0, 144250.0], [50322.0, 127017.0], [50444.0, 125695.0], [50850.0, 124862.0], [50972.0, 124813.0], [51033.0, 124578.0], [51094.0, 124289.0], [51277.0, 123660.0], [51338.0, 123385.0], [51399.0, 122074.0], [51460.0, 122072.0], [51521.0, 122060.0], [51582.0, 121781.0], [51704.0, 120926.0], [51765.0, 120884.0], [51826.0, 120602.0], [52171.0, 119485.0], [52232.0, 119443.0], [52293.0, 118180.0], [52354.0, 118162.0], [52415.0, 118028.0], [52537.0, 116649.0], [52598.0, 116029.0], [52781.0, 115219.0], [52842.0, 113900.0], [52903.0, 113780.0], [52964.0, 113302.0], [53086.0, 111972.0], [53147.0, 111790.0], [53492.0, 110972.0], [53675.0, 109600.0], [53797.0, 106078.0], [53858.0, 104567.0], [54041.0, 87784.0], [54163.0, 86632.0], [54752.0, 86261.0], [55057.0, 84899.0], [55118.0, 83625.0], [55179.0, 83555.0], [55423.0, 82483.0], [55484.0, 81875.0], [55545.0, 80674.0], [55606.0, 79746.0], [55667.0, 78553.0], [55728.0, 77538.0]]

size_X_E = 64
