vars = 625 ; constr = 50 
 # informations of B&B algorithm : 
total_times_used = 3601.72 
total_nodes = 11547 
pruned_nodes = 5596 
GAP = 0.0 
relaxation_time = 3577.67 
test_dominance_time = 0.13 
update_incumbent_time = 19.43 
tree_size = 310.479 
nb_nodes_EPB = 0 
nb_nodes_VB = 11546 
root_relax = true 
TO = true 
rootLBS = 40 
LBSexhaustive = true 
 位_strategy = 0 
 位_min = 0 
 位_max = 0 
位_acc = 0.0 
total_time_cplex = 0.0 
total_time_fusion = 0.0 
heur = false 
heur_time = 0.0 


size_Y_N = 71
Y_N = [[46.0, 266.0], [47.0, 252.0], [48.0, 240.0], [49.0, 234.0], [50.0, 229.0], [51.0, 222.0], [52.0, 216.0], [54.0, 212.0], [55.0, 206.0], [56.0, 199.0], [57.0, 193.0], [59.0, 186.0], [60.0, 181.0], [61.0, 180.0], [62.0, 178.0], [63.0, 171.0], [64.0, 165.0], [66.0, 161.0], [67.0, 157.0], [69.0, 152.0], [70.0, 146.0], [73.0, 144.0], [75.0, 142.0], [76.0, 133.0], [79.0, 130.0], [82.0, 125.0], [83.0, 123.0], [85.0, 118.0], [87.0, 116.0], [88.0, 112.0], [89.0, 110.0], [92.0, 108.0], [93.0, 107.0], [95.0, 106.0], [96.0, 100.0], [99.0, 98.0], [100.0, 97.0], [103.0, 96.0], [105.0, 93.0], [108.0, 89.0], [113.0, 87.0], [116.0, 85.0], [121.0, 83.0], [122.0, 80.0], [127.0, 77.0], [130.0, 76.0], [132.0, 75.0], [134.0, 74.0], [135.0, 73.0], [140.0, 72.0], [141.0, 68.0], [147.0, 67.0], [149.0, 66.0], [152.0, 64.0], [156.0, 63.0], [160.0, 62.0], [165.0, 61.0], [171.0, 60.0], [175.0, 59.0], [176.0, 57.0], [181.0, 56.0], [186.0, 55.0], [191.0, 54.0], [198.0, 53.0], [205.0, 52.0], [210.0, 51.0], [218.0, 50.0], [228.0, 49.0], [233.0, 48.0], [253.0, 46.0], [276.0, 45.0]]
