vars = 50 ; constr = 4 
 # informations of B&B algorithm : 
total_times_used = 1651.31 
total_nodes = 112309 
pruned_nodes = 56042 
GAP = 0.0 
relaxation_time = 1584.94 
test_dominance_time = 19.5 
update_incumbent_time = 9.55 
tree_size = 416.158 
nb_nodes_EPB = 0 
nb_nodes_VB = 112308 
root_relax = true 
TO = false 

size_Y_N = 62
Y_N = [[18931.5, 26031.0], [19218.25, 26004.0], [19249.75, 25887.0], [19265.25, 25873.0], [19286.75, 25865.0], [19384.25, 25862.0], [19498.5, 25837.0], [19523.0, 25791.0], [19611.75, 25790.0], [19631.25, 25750.0], [20339.25, 25743.5], [20535.0, 25501.5], [20633.75, 25480.5], [20645.0, 25409.5], [20801.5, 25336.5], [20880.75, 25223.5], [21253.5, 25116.5], [21329.0, 24938.5], [21366.25, 24879.5], [21401.25, 24821.5], [21418.25, 24812.5], [21500.0, 24800.5], [21530.75, 24614.0], [21557.0, 24605.0], [21612.75, 24513.0], [21629.25, 24488.0], [21633.0, 24483.0], [21724.75, 24461.0], [21749.25, 24433.0], [21792.75, 24419.0], [21842.0, 24320.0], [21879.25, 24261.0], [21971.25, 24145.0], [21995.75, 24117.0], [22007.0, 24046.0], [22074.0, 23823.0], [22104.5, 23632.25], [22173.75, 23579.0], [22206.0, 23164.75], [22275.75, 23117.75], [22293.5, 22972.5], [22305.75, 22957.5], [22358.0, 22956.5], [22378.25, 22821.5], [22393.5, 22818.5], [22423.0, 22816.5], [22440.0, 22807.5], [22469.25, 22761.5], [22486.25, 22752.5], [22561.75, 22471.5], [22631.0, 22418.25], [22689.0, 22260.5], [22749.0, 22138.75], [22751.75, 22064.5], [22794.0, 21816.5], [22811.75, 21554.5], [22832.25, 21229.5], [22864.75, 20920.0], [22902.25, 20887.25], [22943.5, 20217.25], [22943.75, 20078.75], [23065.5, 19566.5]]

size_X_E = 62
