vars = 100 ; constr = 20 
 # informations of B&B algorithm : 
total_times_used = 3603.02 
total_nodes = 82859 
pruned_nodes = 28921 
GAP = 0.0 
relaxation_time = 3520.4 
test_dominance_time = 2.41 
update_incumbent_time = 1.17 
tree_size = 282.608 
nb_nodes_EPB = 54808 
nb_nodes_VB = 28050 
root_relax = true 
TO = true 


 # ----------- info about cuts : 
ite_total = 56080 
cuts_applied = 51 
sp_cuts = 51 
mp_cuts = 0 
cuts_total = 51 
times_calling_dicho = 3520.4 
times_calling_separators = 32.01 
times_oper_cutPool = 0.12 
times_total_for_cuts = 3311.05 
times_add_retrieve_cuts = 0.05 



size_Y_N = 89
Y_N = [[-1073.0, 18439.0], [-1029.0, 18310.0], [-794.0, 18214.0], [-774.0, 18180.0], [-302.0, 18059.0], [-249.0, 17980.0], [-213.0, 17925.0], [70.0, 17859.0], [107.0, 17829.0], [180.0, 17779.0], [654.0, 17736.0], [724.0, 17647.0], [782.0, 17575.0], [942.0, 17514.0], [985.0, 17428.0], [1150.0, 17412.0], [1287.0, 17221.0], [1417.0, 17115.0], [1454.0, 17067.0], [1456.0, 17054.0], [1629.0, 17049.0], [1638.0, 16970.0], [1697.0, 16921.0], [1711.0, 16916.0], [1753.0, 16881.0], [1946.0, 16792.0], [1967.0, 16682.0], [2316.0, 16672.0], [2390.0, 16614.0], [2494.0, 16250.0], [2518.0, 16214.0], [2547.0, 16190.0], [2581.0, 16136.0], [2594.0, 16110.0], [2643.0, 16108.0], [2683.0, 16080.0], [2688.0, 16076.0], [2765.0, 16064.0], [2861.0, 15930.0], [2876.0, 15921.0], [3015.0, 15905.0], [3156.0, 15751.0], [3161.0, 15624.0], [3170.0, 15610.0], [3240.0, 15599.0], [3295.0, 15559.0], [3348.0, 15532.0], [3504.0, 15504.0], [3613.0, 15398.0], [3636.0, 15336.0], [3675.0, 15181.0], [4034.0, 15123.0], [4234.0, 14665.0], [4302.0, 14613.0], [4385.0, 14585.0], [4436.0, 14177.0], [4639.0, 14154.0], [4698.0, 14107.0], [4868.0, 14037.0], [4880.0, 13898.0], [4891.0, 13868.0], [4958.0, 13811.0], [5183.0, 13777.0], [5355.0, 13517.0], [5571.0, 13478.0], [5572.0, 13316.0], [5583.0, 13261.0], [5665.0, 12982.0], [5803.0, 12923.0], [5891.0, 12907.0], [5901.0, 12663.0], [5996.0, 12261.0], [6052.0, 12207.0], [6212.0, 12089.0], [6290.0, 11723.0], [6365.0, 11376.0], [6475.0, 11175.0], [6623.0, 10855.0], [6649.0, 10529.0], [6787.0, 10438.0], [6794.0, 9943.0], [6872.0, 8569.0], [6911.0, 8559.0], [6982.0, 8222.0], [7105.0, 8202.0], [7135.0, 7957.0], [7179.0, 7863.0], [7858.0, 7861.0], [8075.0, 5423.0]]

size_X_E = 89
