vars = 500 ; constr = 20 
 # informations of B&B algorithm : 
total_times_used = 3602.92 
total_nodes = 16302 
pruned_nodes = 2666 
GAP = 0.0 
relaxation_time = 3469.69 
test_dominance_time = 8.77 
update_incumbent_time = 1.94 
tree_size = 145.895 
nb_nodes_EPB = 12397 
nb_nodes_VB = 3904 
root_relax = true 
TO = true 


 # ----------- info about cuts : 
ite_total = 13935 
cuts_applied = 3 
sp_cuts = 3 
mp_cuts = 0 
cuts_total = 3 
times_calling_dicho = 3469.69 
times_calling_separators = 35.28 
times_oper_cutPool = 0.11 
times_total_for_cuts = 3419.74 
times_add_retrieve_cuts = 0.02 



size_Y_N = 273
Y_N = [[-10167.0, 113147.0], [-9612.0, 112986.0], [-9455.0, 112973.0], [-8857.0, 112930.0], [-8829.0, 112911.0], [-8418.0, 112862.0], [-8050.0, 112719.0], [-7799.0, 112665.0], [-7769.0, 112493.0], [-7536.0, 112406.0], [-7404.0, 112278.0], [-4255.0, 112220.0], [-3906.0, 112059.0], [-2619.0, 111747.0], [-1846.0, 111622.0], [-1755.0, 111275.0], [-1100.0, 111229.0], [-149.0, 111068.0], [59.0, 111023.0], [303.0, 111016.0], [502.0, 111004.0], [524.0, 110988.0], [975.0, 110855.0], [1203.0, 110734.0], [1272.0, 110691.0], [2004.0, 110498.0], [2062.0, 110411.0], [2362.0, 110327.0], [3213.0, 110197.0], [3218.0, 110072.0], [3699.0, 110014.0], [3758.0, 109899.0], [3833.0, 109812.0], [4347.0, 109802.0], [4557.0, 109788.0], [4977.0, 109713.0], [4995.0, 109695.0], [5139.0, 109596.0], [5438.0, 109465.0], [5451.0, 109275.0], [5517.0, 109132.0], [5687.0, 109114.0], [6575.0, 109029.0], [6695.0, 109022.0], [6858.0, 108908.0], [6872.0, 108903.0], [7301.0, 108808.0], [7313.0, 108765.0], [7612.0, 108672.0], [7614.0, 108611.0], [8273.0, 108599.0], [8578.0, 108257.0], [8690.0, 108089.0], [9591.0, 107964.0], [9895.0, 107898.0], [10119.0, 107756.0], [10347.0, 107686.0], [10420.0, 107367.0], [10730.0, 107338.0], [10782.0, 107172.0], [11452.0, 107106.0], [11640.0, 106874.0], [11649.0, 106850.0], [11992.0, 106814.0], [12334.0, 106548.0], [12457.0, 106478.0], [12465.0, 106476.0], [12478.0, 106474.0], [12724.0, 106443.0], [13180.0, 106310.0], [13220.0, 106234.0], [13296.0, 106191.0], [13683.0, 106055.0], [13694.0, 106006.0], [13787.0, 105919.0], [13914.0, 105874.0], [14241.0, 105829.0], [14321.0, 105665.0], [14351.0, 105632.0], [14783.0, 105593.0], [14892.0, 105330.0], [15052.0, 105263.0], [15169.0, 105163.0], [15352.0, 105025.0], [15400.0, 104906.0], [15493.0, 104863.0], [15794.0, 104781.0], [16133.0, 104755.0], [16312.0, 104671.0], [16454.0, 104515.0], [16549.0, 104333.0], [16662.0, 104272.0], [16999.0, 104183.0], [17339.0, 104105.0], [17344.0, 103977.0], [17771.0, 103851.0], [17865.0, 103759.0], [17876.0, 103699.0], [18048.0, 103492.0], [18360.0, 103450.0], [18501.0, 103196.0], [18530.0, 103193.0], [18928.0, 103053.0], [19069.0, 102955.0], [19150.0, 102778.0], [19467.0, 102703.0], [19758.0, 102618.0], [19972.0, 102503.0], [20289.0, 102267.0], [20537.0, 102072.0], [20769.0, 101883.0], [20880.0, 101875.0], [20960.0, 101736.0], [21064.0, 101718.0], [21275.0, 101642.0], [21420.0, 101540.0], [21478.0, 101488.0], [21555.0, 101347.0], [21631.0, 101285.0], [21646.0, 101267.0], [22058.0, 101125.0], [22091.0, 101079.0], [22209.0, 100825.0], [22294.0, 100771.0], [22320.0, 100752.0], [22489.0, 100631.0], [22646.0, 100629.0], [22682.0, 100577.0], [23079.0, 100429.0], [23298.0, 100229.0], [23495.0, 100059.0], [23577.0, 100049.0], [23876.0, 99996.0], [24002.0, 99682.0], [24219.0, 99632.0], [24220.0, 99343.0], [24581.0, 99203.0], [24893.0, 99159.0], [25018.0, 98978.0], [25163.0, 98935.0], [25448.0, 98695.0], [25527.0, 98499.0], [25662.0, 98325.0], [25758.0, 98296.0], [25812.0, 98157.0], [26018.0, 98078.0], [26019.0, 97988.0], [26099.0, 97984.0], [26257.0, 97983.0], [26497.0, 97794.0], [26537.0, 97633.0], [26617.0, 97619.0], [26661.0, 97546.0], [26930.0, 97467.0], [26954.0, 97343.0], [27096.0, 97303.0], [27107.0, 97164.0], [27289.0, 97145.0], [27390.0, 96995.0], [27525.0, 96863.0], [27593.0, 96808.0], [28006.0, 96682.0], [28064.0, 96602.0], [28256.0, 96419.0], [28296.0, 96411.0], [28445.0, 96304.0], [28619.0, 96206.0], [28829.0, 96201.0], [29024.0, 96018.0], [29092.0, 95720.0], [29134.0, 95699.0], [29227.0, 95654.0], [29803.0, 95528.0], [29970.0, 95064.0], [29977.0, 94955.0], [30191.0, 94939.0], [30199.0, 94876.0], [30308.0, 94709.0], [30349.0, 94590.0], [30441.0, 94534.0], [30768.0, 94518.0], [31053.0, 94045.0], [31063.0, 94044.0], [31464.0, 93832.0], [31614.0, 93672.0], [31990.0, 93455.0], [32102.0, 93269.0], [32138.0, 92866.0], [32155.0, 92807.0], [32435.0, 92714.0], [32508.0, 92677.0], [32731.0, 92657.0], [32809.0, 92552.0], [33018.0, 92519.0], [33087.0, 92261.0], [33169.0, 92236.0], [33207.0, 92008.0], [33299.0, 91916.0], [33551.0, 91735.0], [33627.0, 91683.0], [33857.0, 91533.0], [34000.0, 91357.0], [34079.0, 91328.0], [34093.0, 91282.0], [34637.0, 91131.0], [34887.0, 90949.0], [35439.0, 90566.0], [35654.0, 90511.0], [36253.0, 90284.0], [36448.0, 89918.0], [36482.0, 89843.0], [36491.0, 89765.0], [36499.0, 89735.0], [36600.0, 89605.0], [36705.0, 89543.0], [36781.0, 89507.0], [36890.0, 89479.0], [36930.0, 89398.0], [37138.0, 89343.0], [37436.0, 89075.0], [37657.0, 88941.0], [37667.0, 88686.0], [37726.0, 88672.0], [37750.0, 88629.0], [37995.0, 88510.0], [38088.0, 88218.0], [38304.0, 87941.0], [38521.0, 87791.0], [38529.0, 87458.0], [38537.0, 87199.0], [38714.0, 86556.0], [38967.0, 86238.0], [39383.0, 86077.0], [39471.0, 85692.0], [39780.0, 85238.0], [39918.0, 85092.0], [40223.0, 84005.0], [40309.0, 83808.0], [40417.0, 83794.0], [40746.0, 83766.0], [40997.0, 83625.0], [41117.0, 83397.0], [41394.0, 82412.0], [41916.0, 82025.0], [42159.0, 81916.0], [42221.0, 81316.0], [42330.0, 81215.0], [42520.0, 81083.0], [42592.0, 80570.0], [42863.0, 80474.0], [42909.0, 80398.0], [43007.0, 79769.0], [43646.0, 77417.0], [44238.0, 76750.0], [44782.0, 76610.0], [45425.0, 76295.0], [46013.0, 70798.0], [46426.0, 70655.0], [47455.0, 70650.0], [47838.0, 58809.0], [48990.0, 58439.0], [49174.0, 57887.0], [49334.0, 57846.0], [49646.0, 56813.0], [50129.0, 56778.0], [50131.0, 56289.0], [50435.0, 56129.0], [50503.0, 55104.0], [50867.0, 54680.0], [51047.0, 54471.0], [51058.0, 53281.0], [51176.0, 52495.0], [51935.0, 52052.0]]

size_X_E = 273
