vars = 50 ; constr = 4 
 # informations of B&B algorithm : 
total_times_used = 1586.03 
total_nodes = 135830 
pruned_nodes = 69326 
GAP = 0.0 
relaxation_time = 1498.15 
test_dominance_time = 0.72 
update_incumbent_time = 0.26 
tree_size = 259.783 
nb_nodes_EPB = 7391 
nb_nodes_VB = 128438 
root_relax = true 
TO = false 

size_Y_N = 59
Y_N = [[6658.0, 18317.0], [6776.0, 18212.75], [6822.75, 18123.0], [6825.5, 18111.25], [6870.25, 18109.5], [6894.0, 18032.75], [6973.0, 18009.75], [7012.0, 17988.75], [7035.25, 17886.75], [7064.75, 17875.25], [7130.0, 17808.75], [7177.0, 17766.0], [7197.75, 17665.5], [7240.5, 17609.5], [7249.0, 17588.25], [7295.0, 17586.0], [7734.0, 17530.0], [7755.75, 17428.0], [8311.0, 17387.5], [8364.75, 17231.75], [8385.75, 17166.5], [8405.75, 16964.5], [8465.5, 16957.0], [8523.75, 16946.0], [8586.5, 16935.0], [8615.75, 16843.75], [8802.25, 16724.75], [8903.25, 16628.75], [8909.0, 16508.75], [8977.0, 16473.0], [8991.0, 16367.0], [8996.0, 16189.25], [9087.5, 16061.75], [9088.25, 16006.25], [9188.5, 15965.75], [9329.25, 15830.0], [9501.25, 15750.0], [9575.0, 15594.25], [9619.5, 15252.0], [9670.0, 15133.75], [9686.25, 15127.5], [9931.75, 15102.75], [9944.5, 14594.25], [10074.75, 14501.5], [10087.25, 14396.75], [10126.25, 14375.75], [10198.75, 14240.75], [10214.5, 13997.75], [10294.0, 13860.0], [10326.5, 13672.0], [10376.75, 13579.25], [10466.5, 13404.0], [10535.25, 13116.75], [10595.5, 12772.0], [10917.25, 12647.25], [11139.75, 11868.25], [11206.25, 10471.75], [11307.75, 9995.75], [11369.75, 8261.5]]

size_X_E = 59
