vars = 50 ; constr = 10 
 # informations of B&B algorithm : 
total_times_used = 3602.33 
total_nodes = 150395 
pruned_nodes = 50777 
GAP = 0.0 
relaxation_time = 3527.38 
test_dominance_time = 0.37 
update_incumbent_time = 0.21 
tree_size = 359.294 
nb_nodes_EPB = 27022 
nb_nodes_VB = 123372 
root_relax = true 
TO = true 

size_Y_N = 50
Y_N = [[14407.7, 21714.6], [14550.2, 21683.6], [15319.5, 21663.7], [15447.2, 21633.7], [15495.0, 21551.7], [15597.9, 21528.7], [15633.8, 21480.7], [15720.7, 21471.7], [15829.0, 21429.7], [15973.8, 21401.7], [16069.2, 21238.7], [16269.5, 21216.7], [16417.6, 21182.8], [16521.9, 21010.7], [16574.4, 20945.7], [16663.9, 20852.7], [16716.6, 20804.0], [16747.1, 20580.7], [16748.7, 20399.7], [16809.8, 20370.9], [16859.9, 20331.7], [16913.7, 20301.9], [16934.3, 20299.9], [16946.4, 20156.9], [16998.0, 20129.9], [17022.4, 20096.1], [17031.3, 20063.9], [17063.3, 20033.3], [17068.3, 20002.9], [17150.6, 19984.9], [17168.3, 19902.9], [17208.4, 19886.9], [17371.4, 19774.8], [17390.1, 19626.3], [17436.1, 19434.9], [17556.0, 19390.1], [17606.1, 19290.1], [17630.2, 18911.9], [17657.0, 18861.1], [17711.8, 18771.8], [17805.5, 18741.3], [17815.5, 18578.8], [17862.5, 18542.5], [17864.3, 18449.9], [17888.0, 18393.3], [17982.3, 18391.1], [18032.4, 18080.8], [18054.4, 17972.3], [18369.8, 17303.8], [18508.1, 15999.9]]

size_X_E = 50
