vars = 500 ; constr = 1 
 # informations of B&B algorithm : 
total_times_used = 300.08 
total_nodes = 6663 
pruned_nodes = 0 
GAP = 0.0 
relaxation_time = 285.44 
test_dominance_time = 0.0 
update_incumbent_time = 3.23 
tree_size = 99.653 
nb_nodes_EPB = 0 
nb_nodes_VB = 6662 
root_relax = true 
TO = true 


 # ----------- info about cuts : 
ite_total = 6664 
cuts_applied = 6724 
sp_cuts = 6724 
mp_cuts = 0 
cuts_total = 6724 
times_calling_dicho = 285.44 
times_calling_separators = 1.81 
times_oper_cutPool = 1.4 
times_total_for_cuts = 292.51 
times_add_retrieve_cuts = 0.73 



size_Y_N = 117
Y_N = [[92463.0, 355929.0], [94047.0, 355927.0], [94253.0, 355752.0], [95354.0, 355317.0], [96249.0, 354584.0], [96732.0, 354579.0], [97627.0, 353437.0], [98110.0, 350760.0], [147754.0, 322131.0], [149132.0, 321373.0], [149750.0, 321335.0], [150027.0, 320181.0], [150645.0, 319781.0], [150922.0, 319174.0], [151817.0, 319070.0], [152023.0, 317705.0], [152918.0, 317569.0], [154019.0, 317124.0], [154090.0, 315696.0], [154708.0, 315615.0], [155809.0, 315188.0], [156292.0, 313888.0], [157464.0, 312890.0], [157670.0, 312546.0], [158359.0, 311753.0], [158771.0, 311590.0], [158977.0, 310618.0], [159183.0, 310565.0], [159254.0, 310231.0], [159460.0, 310164.0], [159666.0, 310005.0], [159872.0, 309455.0], [160149.0, 309391.0], [160561.0, 309017.0], [161044.0, 308323.0], [161456.0, 307408.0], [161939.0, 307309.0], [162145.0, 306770.0], [162351.0, 306343.0], [162834.0, 306315.0], [163452.0, 305410.0], [164141.0, 305363.0], [164418.0, 304091.0], [165519.0, 303167.0], [165931.0, 303070.0], [166826.0, 301713.0], [167721.0, 300754.0], [167792.0, 299462.0], [167998.0, 299024.0], [168204.0, 298524.0], [169099.0, 298250.0], [169788.0, 297467.0], [170271.0, 296466.0], [170683.0, 296260.0], [170889.0, 295716.0], [171166.0, 295158.0], [171578.0, 295099.0], [171784.0, 295058.0], [172061.0, 295047.0], [172473.0, 293897.0], [172956.0, 293818.0], [173368.0, 292707.0], [173574.0, 292532.0], [173851.0, 292334.0], [174746.0, 291423.0], [175364.0, 290293.0], [175641.0, 290190.0], [176053.0, 288973.0], [176536.0, 288496.0], [176742.0, 287838.0], [177431.0, 287790.0], [178326.0, 286628.0], [178532.0, 285497.0], [179015.0, 285411.0], [179221.0, 285163.0], [179633.0, 284267.0], [179704.0, 284099.0], [179910.0, 284028.0], [180599.0, 282888.0], [181217.0, 281899.0], [181288.0, 280813.0], [181906.0, 280652.0], [182112.0, 280492.0], [182595.0, 279483.0], [182801.0, 279176.0], [183007.0, 278309.0], [183284.0, 278250.0], [183490.0, 278098.0], [183696.0, 277055.0], [183973.0, 276847.0], [184179.0, 276583.0], [184591.0, 275891.0], [184868.0, 275890.0], [185486.0, 274620.0], [186381.0, 273465.0], [186452.0, 272240.0], [186864.0, 272224.0], [187070.0, 272123.0], [187553.0, 271152.0], [187759.0, 270645.0], [187965.0, 269673.0], [188036.0, 268714.0], [188448.0, 268605.0], [188931.0, 268431.0], [189137.0, 267573.0], [189755.0, 267202.0], [190650.0, 266015.0], [190927.0, 264005.0], [191545.0, 263541.0], [192028.0, 263381.0], [193612.0, 259509.0], [193818.0, 256450.0], [194578.0, 255516.0], [195196.0, 254671.0], [195473.0, 253240.0], [195885.0, 252339.0], [196162.0, 248014.0]]

size_X_E = 117
