vars = 1225 ; constr = 70 
 # informations of B&B algorithm : 
total_times_used = 3602.94 
total_nodes = 17379 
pruned_nodes = 8447 
GAP = 0.0 
relaxation_time = 3558.86 
test_dominance_time = 0.36 
update_incumbent_time = 17.68 
tree_size = 1088.399 
nb_nodes_EPB = 0 
nb_nodes_VB = 17378 
root_relax = false 
TO = true 
rootLBS = 29 
LBSexhaustive = true 
 位_strategy = 0 
 位_min = 0 
 位_max = 0 
位_acc = 0.0 
total_time_cplex = 0.0 
total_time_fusion = 0.0 
heur = false 
heur_time = 0.0 
mixed = false 
mixed2 = false 


size_Y_N = 100
Y_N = [[51.0, 404.0], [52.0, 353.0], [53.0, 336.0], [54.0, 320.0], [55.0, 301.0], [56.0, 290.0], [58.0, 289.0], [59.0, 263.0], [60.0, 260.0], [62.0, 247.0], [63.0, 241.0], [64.0, 236.0], [66.0, 228.0], [67.0, 224.0], [68.0, 218.0], [70.0, 213.0], [71.0, 209.0], [72.0, 206.0], [74.0, 196.0], [75.0, 193.0], [76.0, 186.0], [78.0, 181.0], [79.0, 179.0], [80.0, 178.0], [82.0, 175.0], [84.0, 174.0], [85.0, 163.0], [86.0, 161.0], [87.0, 159.0], [88.0, 155.0], [89.0, 153.0], [91.0, 150.0], [92.0, 148.0], [93.0, 147.0], [95.0, 141.0], [96.0, 140.0], [97.0, 137.0], [101.0, 133.0], [103.0, 129.0], [104.0, 127.0], [107.0, 125.0], [108.0, 124.0], [111.0, 119.0], [113.0, 117.0], [114.0, 115.0], [117.0, 113.0], [118.0, 112.0], [119.0, 111.0], [120.0, 110.0], [121.0, 107.0], [125.0, 103.0], [126.0, 102.0], [128.0, 100.0], [130.0, 99.0], [131.0, 98.0], [132.0, 97.0], [134.0, 95.0], [136.0, 94.0], [137.0, 93.0], [138.0, 92.0], [139.0, 91.0], [145.0, 88.0], [148.0, 87.0], [149.0, 85.0], [154.0, 84.0], [156.0, 82.0], [159.0, 81.0], [161.0, 80.0], [163.0, 79.0], [166.0, 78.0], [168.0, 77.0], [170.0, 76.0], [174.0, 75.0], [176.0, 74.0], [177.0, 73.0], [182.0, 72.0], [183.0, 71.0], [188.0, 70.0], [193.0, 68.0], [199.0, 67.0], [200.0, 66.0], [203.0, 65.0], [208.0, 64.0], [215.0, 63.0], [216.0, 62.0], [218.0, 61.0], [224.0, 60.0], [231.0, 59.0], [234.0, 57.0], [246.0, 56.0], [247.0, 55.0], [255.0, 54.0], [262.0, 53.0], [274.0, 52.0], [286.0, 51.0], [304.0, 50.0], [316.0, 49.0], [351.0, 47.0], [378.0, 46.0], [392.0, 45.0]]
