vars = 2500 ; constr = 100 
 # informations of B&B algorithm : 
total_times_used = 3605.46 
total_nodes = 6349 
pruned_nodes = 3049 
GAP = 0.0 
relaxation_time = 3579.66 
test_dominance_time = 0.12 
update_incumbent_time = 6.01 
tree_size = 825.736 
nb_nodes_EPB = 0 
nb_nodes_VB = 6348 
root_relax = false 
TO = true 
rootLBS = 32 
LBSexhaustive = true 
 位_strategy = 0 
 位_min = 0 
 位_max = 0 
位_acc = 0.0 
total_time_cplex = 0.0 
total_time_fusion = 0.0 
heur = false 
heur_time = 0.0 
mixed = false 
mixed2 = false 


size_Y_N = 96
Y_N = [[56.0, 474.0], [57.0, 446.0], [58.0, 443.0], [59.0, 408.0], [61.0, 396.0], [62.0, 364.0], [64.0, 340.0], [66.0, 321.0], [69.0, 317.0], [70.0, 291.0], [72.0, 282.0], [74.0, 277.0], [76.0, 276.0], [78.0, 266.0], [79.0, 253.0], [81.0, 245.0], [85.0, 237.0], [87.0, 233.0], [89.0, 218.0], [93.0, 211.0], [95.0, 206.0], [96.0, 203.0], [99.0, 193.0], [101.0, 189.0], [102.0, 186.0], [106.0, 179.0], [107.0, 176.0], [109.0, 174.0], [110.0, 171.0], [113.0, 169.0], [114.0, 168.0], [115.0, 167.0], [116.0, 159.0], [117.0, 156.0], [124.0, 154.0], [127.0, 146.0], [131.0, 143.0], [132.0, 142.0], [134.0, 141.0], [137.0, 138.0], [139.0, 133.0], [145.0, 132.0], [146.0, 128.0], [149.0, 126.0], [151.0, 125.0], [152.0, 124.0], [154.0, 123.0], [157.0, 121.0], [160.0, 119.0], [163.0, 118.0], [166.0, 117.0], [169.0, 114.0], [170.0, 113.0], [172.0, 112.0], [175.0, 110.0], [176.0, 109.0], [180.0, 108.0], [181.0, 106.0], [183.0, 105.0], [189.0, 103.0], [190.0, 102.0], [193.0, 101.0], [195.0, 99.0], [197.0, 98.0], [202.0, 97.0], [204.0, 95.0], [206.0, 94.0], [212.0, 93.0], [215.0, 92.0], [217.0, 90.0], [223.0, 88.0], [226.0, 87.0], [228.0, 86.0], [233.0, 85.0], [234.0, 84.0], [241.0, 83.0], [245.0, 81.0], [251.0, 79.0], [259.0, 77.0], [267.0, 76.0], [272.0, 75.0], [274.0, 74.0], [281.0, 73.0], [288.0, 72.0], [290.0, 71.0], [298.0, 70.0], [307.0, 69.0], [309.0, 68.0], [324.0, 67.0], [336.0, 66.0], [349.0, 65.0], [364.0, 64.0], [374.0, 63.0], [391.0, 62.0], [412.0, 61.0], [445.0, 60.0]]
