vars = 20 ; constr = 2 
 # informations of B&B algorithm : 
total_times_used = 0.86 
total_nodes = 109 
pruned_nodes = 55 
GAP = 0.0 
relaxation_time = 0.74 
test_dominance_time = 0.0 
update_incumbent_time = 0.0 
tree_size = 0.263 
nb_nodes_EPB = 0 
nb_nodes_VB = 108 
root_relax = true 
TO = false 
rootLBS = 7 
LBSexhaustive = true


 # ----------- info about cuts : 
ite_total = 104 
cuts_applied = 6 
sp_cuts = 6 
mp_cuts = 0 
cuts_total = 6 
times_calling_dicho = 0.74 
times_calling_separators = 0.0 
times_oper_cutPool = 0.1 
times_total_for_cuts = 0.85 
times_add_retrieve_cuts = 0.0 



size_Y_N = 7
Y_N = [[307280.0, 256039.0], [308487.0, 250156.0], [309752.0, 246987.0], [334001.0, 242828.0], [335266.0, 239659.0], [335488.0, 236458.0], [349822.0, 167522.0]]

size_X_E = 7
X_E = [[-0.0, 1.0, 0.0, 1.0, -0.0, 1.0, -0.0, 1.0, 0.0, 1.0, -0.0, -0.0, 1.0, 1.0, 1.0, 1.0, 1.0, 1.0, 1.0, 1.0], [0.0, 1.0, 0.0, 1.0, 1.0, 1.0, 0.0, 0.0, 0.0, 1.0, 0.0, 0.0, 0.0, 1.0, 1.0, 1.0, 1.0, 1.0, 1.0, 1.0], [0.0, 1.0, 0.0, 1.0, 1.0, 1.0, 0.0, 1.0, 0.0, 1.0, 0.0, 0.0, 0.0, 1.0, 1.0, 1.0, 1.0, 0.0, 1.0, 1.0], [1.0, 1.0, 0.0, 1.0, 0.0, 1.0, 0.0, 0.0, 0.0, 1.0, 0.0, 0.0, 0.0, 1.0, 1.0, 1.0, 1.0, 1.0, 1.0, 0.0], [1.0, 1.0, 0.0, 1.0, 0.0, 1.0, 0.0, 1.0, 0.0, 1.0, 0.0, 0.0, 0.0, 1.0, 1.0, 1.0, 1.0, -0.0, 1.0, 0.0], [1.0, 1.0, 0.0, 1.0, 1.0, -0.0, 0.0, -0.0, -0.0, 1.0, 0.0, 0.0, -0.0, 1.0, 1.0, 1.0, 1.0, 1.0, 1.0, -0.0], [1.0, 1.0, 0.0, 1.0, 0.0, 1.0, 0.0, 1.0, 1.0, 0.0, 0.0, 0.0, 0.0, 1.0, 1.0, 1.0, 1.0, 1.0, 1.0, 1.0]]
