vars = 500 ; constr = 10 
 # informations of B&B algorithm : 
total_times_used = 304.12 
total_nodes = 1783 
pruned_nodes = 87 
GAP = 0.0 
relaxation_time = 295.49 
test_dominance_time = 0.02 
update_incumbent_time = 0.06 
tree_size = 17.829 
nb_nodes_EPB = 1246 
nb_nodes_VB = 536 
root_relax = true 
TO = true 


 # ----------- info about cuts : 
ite_total = 1702 
cuts_applied = 2 
sp_cuts = 2 
mp_cuts = 0 
cuts_total = 2 
times_calling_dicho = 295.49 
times_calling_separators = 5.09 
times_oper_cutPool = 0.0 
times_total_for_cuts = 300.11 
times_add_retrieve_cuts = 0.0 



size_Y_N = 149
Y_N = [[178790.0, 175214.0], [179108.0, 175212.0], [179111.0, 175138.0], [179440.0, 175131.0], [179764.0, 175107.0], [179950.0, 175052.0], [183827.0, 174588.0], [185203.0, 174296.0], [185755.0, 174210.0], [186292.0, 173915.0], [186569.0, 173761.0], [186662.0, 173711.0], [186731.0, 173662.0], [187079.0, 173605.0], [187331.0, 173486.0], [188339.0, 173379.0], [188356.0, 173191.0], [188483.0, 173148.0], [188531.0, 173142.0], [188692.0, 173100.0], [188729.0, 172981.0], [188732.0, 172944.0], [188827.0, 172901.0], [189177.0, 172814.0], [189381.0, 172480.0], [189503.0, 172452.0], [189661.0, 172403.0], [189700.0, 172371.0], [189961.0, 172340.0], [189970.0, 172324.0], [190253.0, 172239.0], [190989.0, 172233.0], [191212.0, 172053.0], [191274.0, 171987.0], [191514.0, 171731.0], [191540.0, 171649.0], [191789.0, 170853.0], [192572.0, 170811.0], [192728.0, 170558.0], [192764.0, 170275.0], [192921.0, 170104.0], [193486.0, 169997.0], [193605.0, 169996.0], [193683.0, 169459.0], [193693.0, 169410.0], [194231.0, 169383.0], [194978.0, 169258.0], [195043.0, 168399.0], [195081.0, 168364.0], [195732.0, 168351.0], [195737.0, 168093.0], [195919.0, 168011.0], [196047.0, 167873.0], [196316.0, 167842.0], [196329.0, 167576.0], [196573.0, 167355.0], [196583.0, 167354.0], [196666.0, 167351.0], [196863.0, 167306.0], [196954.0, 166825.0], [197096.0, 166785.0], [197556.0, 166065.0], [197964.0, 165575.0], [198161.0, 165543.0], [198424.0, 165357.0], [198840.0, 164861.0], [198999.0, 164641.0], [199171.0, 164477.0], [199298.0, 164360.0], [199361.0, 164114.0], [199618.0, 164045.0], [199628.0, 163939.0], [199756.0, 163898.0], [199868.0, 163774.0], [200043.0, 163713.0], [200144.0, 163225.0], [200321.0, 162894.0], [200557.0, 162683.0], [200945.0, 162601.0], [201025.0, 161844.0], [201494.0, 161835.0], [201598.0, 161831.0], [201753.0, 161558.0], [202063.0, 161544.0], [202087.0, 161359.0], [202176.0, 161294.0], [202537.0, 160907.0], [202679.0, 160103.0], [202848.0, 158740.0], [203149.0, 158504.0], [203504.0, 158449.0], [203633.0, 156992.0], [203821.0, 156865.0], [203903.0, 156576.0], [203989.0, 156453.0], [204032.0, 156314.0], [204324.0, 156159.0], [205094.0, 154976.0], [205177.0, 154456.0], [205256.0, 154388.0], [205281.0, 154282.0], [205316.0, 154208.0], [205626.0, 153471.0], [205638.0, 153397.0], [205714.0, 153356.0], [205766.0, 153100.0], [205807.0, 153097.0], [206279.0, 152234.0], [206392.0, 152230.0], [206575.0, 151845.0], [206580.0, 151546.0], [207006.0, 149998.0], [207287.0, 149826.0], [207515.0, 149045.0], [207833.0, 148899.0], [207987.0, 147692.0], [208259.0, 147544.0], [208383.0, 147519.0], [208472.0, 146768.0], [208670.0, 145777.0], [209084.0, 145708.0], [209291.0, 144590.0], [209384.0, 144162.0], [209451.0, 143793.0], [209706.0, 143726.0], [210055.0, 142263.0], [210293.0, 141755.0], [210462.0, 141279.0], [210516.0, 140431.0], [210861.0, 139948.0], [210864.0, 139184.0], [210919.0, 138977.0], [211203.0, 137710.0], [211221.0, 137426.0], [211670.0, 137171.0], [211996.0, 135401.0], [212143.0, 134671.0], [212152.0, 132638.0], [212426.0, 132215.0], [212529.0, 132165.0], [212874.0, 129170.0], [212922.0, 128867.0], [213327.0, 126371.0], [213738.0, 121923.0], [213743.0, 121561.0], [213820.0, 121023.0], [213914.0, 120786.0], [214022.0, 120482.0], [214082.0, 119978.0]]

size_X_E = 149
