vars = 250 ; constr = 5 
 # informations of B&B algorithm : 
total_times_used = 300.07 
total_nodes = 5852 
pruned_nodes = 1150 
GAP = 0.0 
relaxation_time = 288.58 
test_dominance_time = 0.21 
update_incumbent_time = 0.04 
tree_size = 28.47 
nb_nodes_EPB = 3199 
nb_nodes_VB = 2652 
root_relax = true 
TO = true 


 # ----------- info about cuts : 
ite_total = 4861 
cuts_applied = 0 
sp_cuts = 0 
mp_cuts = 0 
cuts_total = 0 
times_calling_dicho = 288.58 
times_calling_separators = 3.71 
times_oper_cutPool = 0.0 
times_total_for_cuts = 284.15 
times_add_retrieve_cuts = 0.0 



size_Y_N = 103
Y_N = [[140804.0, 130162.0], [140807.0, 130147.0], [141152.0, 130052.0], [141154.0, 130030.0], [141424.0, 130017.0], [141574.0, 129909.0], [141742.0, 129907.0], [142153.0, 129877.0], [142207.0, 129695.0], [142264.0, 129671.0], [142317.0, 129627.0], [142371.0, 129583.0], [142765.0, 129574.0], [142959.0, 129494.0], [143053.0, 129428.0], [143119.0, 129393.0], [143567.0, 129391.0], [143808.0, 129294.0], [143983.0, 129023.0], [144120.0, 128825.0], [144133.0, 128803.0], [144334.0, 128741.0], [144365.0, 128738.0], [144752.0, 128662.0], [144816.0, 128614.0], [144954.0, 128438.0], [145014.0, 128285.0], [145070.0, 128122.0], [145268.0, 128093.0], [145363.0, 127902.0], [145478.0, 127897.0], [145506.0, 127822.0], [145849.0, 127660.0], [145856.0, 127618.0], [145916.0, 127608.0], [146004.0, 127501.0], [146157.0, 127393.0], [146239.0, 127326.0], [146392.0, 127324.0], [146441.0, 127168.0], [146487.0, 126880.0], [146559.0, 126857.0], [146778.0, 126849.0], [146846.0, 126408.0], [146996.0, 126385.0], [147041.0, 126348.0], [147100.0, 126258.0], [147177.0, 126091.0], [147190.0, 126045.0], [147203.0, 125905.0], [147434.0, 125761.0], [147656.0, 125482.0], [147850.0, 125341.0], [147859.0, 124667.0], [147903.0, 124548.0], [148032.0, 124438.0], [148157.0, 124408.0], [148204.0, 124308.0], [148206.0, 124207.0], [148351.0, 124200.0], [148400.0, 124061.0], [148450.0, 123830.0], [148583.0, 123764.0], [148812.0, 123763.0], [148822.0, 123420.0], [149005.0, 122758.0], [149135.0, 122721.0], [149378.0, 122620.0], [149383.0, 122357.0], [149534.0, 122337.0], [149619.0, 122238.0], [149665.0, 121873.0], [149793.0, 121106.0], [149837.0, 120929.0], [149845.0, 120392.0], [149848.0, 119680.0], [149998.0, 119282.0], [150011.0, 119117.0], [150040.0, 118624.0], [150223.0, 118223.0], [150315.0, 118155.0], [150323.0, 117956.0], [150367.0, 117766.0], [150421.0, 117193.0], [150482.0, 116433.0], [150496.0, 116295.0], [150524.0, 116273.0], [150627.0, 116250.0], [150849.0, 115874.0], [150877.0, 115624.0], [150881.0, 113884.0], [151043.0, 112503.0], [151197.0, 111906.0], [151232.0, 110813.0], [151299.0, 110291.0], [151496.0, 110070.0], [151576.0, 105865.0], [151683.0, 105636.0], [151759.0, 105004.0], [151891.0, 102426.0], [151946.0, 101594.0], [151980.0, 100856.0], [152020.0, 100476.0]]

size_X_E = 103
