vars = 250 ; constr = 10 
 # informations of B&B algorithm : 
total_times_used = 300.1 
total_nodes = 3341 
pruned_nodes = 190 
GAP = 0.0 
relaxation_time = 292.6 
test_dominance_time = 0.0 
update_incumbent_time = 0.05 
tree_size = 18.47 
nb_nodes_EPB = 2224 
nb_nodes_VB = 1116 
root_relax = true 
TO = true 


 # ----------- info about cuts : 
ite_total = 3157 
cuts_applied = 0 
sp_cuts = 0 
mp_cuts = 0 
cuts_total = 0 
times_calling_dicho = 292.6 
times_calling_separators = 4.22 
times_oper_cutPool = 0.0 
times_total_for_cuts = 295.86 
times_add_retrieve_cuts = 0.0 



size_Y_N = 103
Y_N = [[88883.0, 102956.0], [89657.0, 102941.0], [89778.0, 102779.0], [89801.0, 102692.0], [89848.0, 102677.0], [90033.0, 102617.0], [90124.0, 102538.0], [90406.0, 102431.0], [90425.0, 102342.0], [90537.0, 102268.0], [90826.0, 102235.0], [91104.0, 102223.0], [91108.0, 102121.0], [91812.0, 102046.0], [92035.0, 101904.0], [92214.0, 101865.0], [92447.0, 101774.0], [92569.0, 101759.0], [92673.0, 101726.0], [92940.0, 101685.0], [92978.0, 101652.0], [92981.0, 101351.0], [93181.0, 101342.0], [93464.0, 101329.0], [93625.0, 101325.0], [93629.0, 101256.0], [93861.0, 101096.0], [93956.0, 100972.0], [94092.0, 100798.0], [94280.0, 100720.0], [94402.0, 100662.0], [94942.0, 100590.0], [95158.0, 100462.0], [95271.0, 100119.0], [95463.0, 100077.0], [95464.0, 99697.0], [95466.0, 99623.0], [95865.0, 99578.0], [96113.0, 99506.0], [96264.0, 99257.0], [96318.0, 99244.0], [96417.0, 99205.0], [96642.0, 99136.0], [96645.0, 98787.0], [96856.0, 98688.0], [96903.0, 98581.0], [97328.0, 98538.0], [97421.0, 98356.0], [97589.0, 98274.0], [97702.0, 98151.0], [97740.0, 97866.0], [98083.0, 97848.0], [98181.0, 97785.0], [98257.0, 97761.0], [98371.0, 97430.0], [98445.0, 97281.0], [98449.0, 97239.0], [98576.0, 96944.0], [99088.0, 96820.0], [99341.0, 96282.0], [99579.0, 96230.0], [99827.0, 95853.0], [99932.0, 95611.0], [99971.0, 95146.0], [100134.0, 95048.0], [100233.0, 94811.0], [100276.0, 94515.0], [100282.0, 94491.0], [100641.0, 94479.0], [100650.0, 93635.0], [100687.0, 93619.0], [100722.0, 93123.0], [100887.0, 93026.0], [100972.0, 92491.0], [101089.0, 92424.0], [101196.0, 92268.0], [101392.0, 91871.0], [101595.0, 91566.0], [101599.0, 91516.0], [101839.0, 91153.0], [102052.0, 90573.0], [102445.0, 89800.0], [102554.0, 88911.0], [102642.0, 88473.0], [102713.0, 88090.0], [102755.0, 87000.0], [102928.0, 86949.0], [103024.0, 86260.0], [103500.0, 86200.0], [103666.0, 85280.0], [104058.0, 84538.0], [104201.0, 82650.0], [104208.0, 82632.0], [104540.0, 81766.0], [104735.0, 79646.0], [104820.0, 78897.0], [105178.0, 78395.0], [105405.0, 75354.0], [105422.0, 75137.0], [105542.0, 75064.0], [105721.0, 74805.0], [105796.0, 74151.0], [105976.0, 73751.0]]

size_X_E = 103
