vars = 250 ; constr = 5 
 # informations of B&B algorithm : 
total_times_used = 3600.07 
total_nodes = 61604 
pruned_nodes = 15338 
GAP = 0.0 
relaxation_time = 3447.2 
test_dominance_time = 9.3 
update_incumbent_time = 0.19 
tree_size = 258.136 
nb_nodes_EPB = 19047 
nb_nodes_VB = 42556 
root_relax = true 
TO = true 


 # ----------- info about cuts : 
ite_total = 51196 
cuts_applied = 7 
sp_cuts = 7 
mp_cuts = 0 
cuts_total = 7 
times_calling_dicho = 3447.2 
times_calling_separators = 27.49 
times_oper_cutPool = 0.0 
times_total_for_cuts = 3375.93 
times_add_retrieve_cuts = 0.04 



size_Y_N = 114
Y_N = [[47000.0, 71141.0], [47180.0, 71017.0], [47222.0, 70953.0], [47225.0, 70824.0], [48628.0, 70783.0], [48768.0, 70712.0], [48784.0, 70615.0], [48821.0, 70535.0], [49093.0, 70511.0], [49201.0, 70497.0], [49473.0, 70440.0], [49547.0, 70438.0], [49574.0, 70395.0], [49791.0, 70288.0], [49962.0, 70197.0], [49978.0, 70184.0], [50075.0, 70075.0], [50105.0, 69979.0], [50302.0, 69915.0], [51272.0, 69885.0], [51413.0, 69633.0], [51622.0, 69201.0], [51801.0, 68997.0], [51896.0, 68943.0], [52323.0, 68940.0], [52367.0, 68608.0], [52464.0, 68256.0], [52722.0, 68175.0], [52879.0, 68087.0], [52950.0, 68001.0], [52962.0, 67962.0], [52983.0, 67834.0], [53380.0, 67735.0], [53454.0, 67496.0], [53726.0, 67346.0], [53762.0, 66964.0], [53806.0, 66743.0], [53847.0, 66594.0], [53912.0, 66419.0], [54026.0, 66284.0], [54459.0, 66199.0], [54601.0, 65878.0], [54639.0, 65347.0], [54812.0, 65267.0], [55271.0, 65074.0], [55686.0, 63987.0], [55871.0, 63576.0], [55874.0, 63212.0], [55953.0, 63166.0], [56001.0, 62900.0], [56154.0, 62888.0], [56233.0, 62471.0], [56324.0, 62266.0], [56393.0, 62005.0], [56521.0, 61929.0], [56601.0, 61852.0], [56610.0, 61658.0], [56730.0, 61565.0], [56819.0, 61542.0], [57044.0, 61283.0], [57045.0, 60698.0], [57093.0, 60647.0], [57151.0, 60546.0], [57305.0, 60309.0], [57317.0, 60216.0], [57330.0, 60140.0], [57405.0, 59940.0], [57444.0, 59358.0], [57457.0, 58880.0], [57568.0, 58795.0], [57737.0, 58785.0], [57768.0, 58658.0], [57820.0, 58522.0], [58061.0, 58422.0], [58122.0, 57666.0], [58309.0, 57461.0], [58441.0, 57188.0], [58505.0, 56640.0], [58582.0, 56124.0], [58649.0, 56122.0], [58812.0, 55946.0], [58844.0, 54983.0], [58915.0, 54875.0], [58933.0, 54864.0], [58976.0, 54788.0], [58997.0, 54347.0], [59000.0, 54256.0], [59164.0, 54119.0], [59212.0, 53808.0], [59389.0, 53724.0], [59400.0, 52728.0], [59569.0, 52481.0], [59580.0, 52027.0], [59619.0, 51763.0], [59754.0, 51744.0], [59781.0, 51126.0], [59898.0, 50947.0], [59976.0, 50874.0], [59978.0, 50341.0], [59982.0, 49573.0], [60091.0, 49261.0], [60275.0, 48851.0], [60455.0, 48742.0], [60496.0, 46733.0], [60667.0, 46619.0], [60711.0, 46053.0], [60785.0, 45950.0], [60791.0, 44823.0], [60940.0, 44104.0], [60969.0, 42441.0], [60992.0, 42284.0], [61049.0, 42282.0], [61212.0, 42205.0], [61343.0, 41189.0]]

size_X_E = 114
