vars = 250 ; constr = 10 
 # informations of B&B algorithm : 
total_times_used = 303.37 
total_nodes = 3641 
pruned_nodes = 418 
GAP = 0.0 
relaxation_time = 295.49 
test_dominance_time = 0.0 
update_incumbent_time = 0.04 
tree_size = 19.244 
nb_nodes_EPB = 2746 
nb_nodes_VB = 894 
root_relax = true 
TO = true 


 # ----------- info about cuts : 
ite_total = 3232 
cuts_applied = 0 
sp_cuts = 0 
mp_cuts = 0 
cuts_total = 0 
times_calling_dicho = 295.49 
times_calling_separators = 4.88 
times_oper_cutPool = 0.0 
times_total_for_cuts = 295.4 
times_add_retrieve_cuts = 0.0 



size_Y_N = 80
Y_N = [[136128.0, 107415.0], [136303.0, 107274.0], [136312.0, 107211.0], [136487.0, 107156.0], [136762.0, 107134.0], [136764.0, 107053.0], [137400.0, 106986.0], [138301.0, 106971.0], [138493.0, 106953.0], [138614.0, 106821.0], [139003.0, 106810.0], [139209.0, 106747.0], [139278.0, 106740.0], [139675.0, 106665.0], [140562.0, 106556.0], [140660.0, 106538.0], [140665.0, 106371.0], [140938.0, 106244.0], [141219.0, 106206.0], [141291.0, 106200.0], [141333.0, 106063.0], [141457.0, 106035.0], [141533.0, 105954.0], [141571.0, 105930.0], [141720.0, 105894.0], [141951.0, 105877.0], [142018.0, 105807.0], [142176.0, 105689.0], [142260.0, 105685.0], [142512.0, 105667.0], [142744.0, 105549.0], [142990.0, 105470.0], [143092.0, 105260.0], [143197.0, 105226.0], [143201.0, 105187.0], [143311.0, 105177.0], [143476.0, 105052.0], [143666.0, 105017.0], [143899.0, 104820.0], [143985.0, 104724.0], [144125.0, 104613.0], [144469.0, 104429.0], [144478.0, 104234.0], [144506.0, 104204.0], [144515.0, 104183.0], [144802.0, 104060.0], [145058.0, 103962.0], [145212.0, 103909.0], [145434.0, 103652.0], [145507.0, 103609.0], [145694.0, 103588.0], [145718.0, 103504.0], [145883.0, 103415.0], [145925.0, 103267.0], [145963.0, 103194.0], [146179.0, 103180.0], [146204.0, 102942.0], [146261.0, 102897.0], [146311.0, 102849.0], [146329.0, 102419.0], [146417.0, 102312.0], [146607.0, 102111.0], [146718.0, 101711.0], [146977.0, 101602.0], [147224.0, 101231.0], [147382.0, 100546.0], [147444.0, 100391.0], [147607.0, 100154.0], [147702.0, 99570.0], [147958.0, 99562.0], [147998.0, 99507.0], [148065.0, 99287.0], [148218.0, 97986.0], [148443.0, 97428.0], [148506.0, 96958.0], [148715.0, 96210.0], [148872.0, 94234.0], [149207.0, 94001.0], [149406.0, 92355.0], [149564.0, 91644.0]]

size_X_E = 80
