vars = 250 ; constr = 10 
 # informations of B&B algorithm : 
total_times_used = 300.18 
total_nodes = 3446 
pruned_nodes = 247 
GAP = 0.0 
relaxation_time = 291.82 
test_dominance_time = 0.02 
update_incumbent_time = 0.03 
tree_size = 18.635 
nb_nodes_EPB = 1719 
nb_nodes_VB = 1726 
root_relax = true 
TO = true 


 # ----------- info about cuts : 
ite_total = 3212 
cuts_applied = 6 
sp_cuts = 6 
mp_cuts = 0 
cuts_total = 6 
times_calling_dicho = 291.82 
times_calling_separators = 4.71 
times_oper_cutPool = 0.0 
times_total_for_cuts = 294.49 
times_add_retrieve_cuts = 0.0 



size_Y_N = 89
Y_N = [[139127.0, 113188.0], [139379.0, 113153.0], [139433.0, 113074.0], [139536.0, 113028.0], [139836.0, 113016.0], [139861.0, 112973.0], [140105.0, 112861.0], [140262.0, 112820.0], [140526.0, 112801.0], [140528.0, 112735.0], [140707.0, 112712.0], [141388.0, 112690.0], [141716.0, 112466.0], [141808.0, 112289.0], [141971.0, 112280.0], [142317.0, 112254.0], [142530.0, 112244.0], [142614.0, 112109.0], [142817.0, 112103.0], [142838.0, 111991.0], [142936.0, 111881.0], [143184.0, 111867.0], [143304.0, 111827.0], [143503.0, 111802.0], [143625.0, 111663.0], [143695.0, 111648.0], [143857.0, 111593.0], [143922.0, 111523.0], [144109.0, 111369.0], [144155.0, 111175.0], [144233.0, 111167.0], [144475.0, 111095.0], [144607.0, 110760.0], [144759.0, 110739.0], [144821.0, 110731.0], [144854.0, 110716.0], [144995.0, 110709.0], [145047.0, 110702.0], [145230.0, 110407.0], [145335.0, 110325.0], [145349.0, 110170.0], [145418.0, 110154.0], [145442.0, 110127.0], [145513.0, 110070.0], [145987.0, 110017.0], [146196.0, 109663.0], [146343.0, 109621.0], [146471.0, 109236.0], [146611.0, 109221.0], [146820.0, 109042.0], [146985.0, 109015.0], [147099.0, 108486.0], [147178.0, 108380.0], [147445.0, 108220.0], [147495.0, 108201.0], [147917.0, 108009.0], [148000.0, 107657.0], [148047.0, 107527.0], [148228.0, 107477.0], [148258.0, 107013.0], [148329.0, 106930.0], [148444.0, 106837.0], [148452.0, 106409.0], [148624.0, 106402.0], [148668.0, 105958.0], [148775.0, 105782.0], [148932.0, 105231.0], [148943.0, 105078.0], [149226.0, 105001.0], [149293.0, 104592.0], [149345.0, 104178.0], [149463.0, 103914.0], [149643.0, 103516.0], [149694.0, 103231.0], [149791.0, 102776.0], [149819.0, 102278.0], [149965.0, 101650.0], [150110.0, 100477.0], [150131.0, 100313.0], [150165.0, 100245.0], [150425.0, 100176.0], [150540.0, 99460.0], [150735.0, 99414.0], [150841.0, 98330.0], [151003.0, 98163.0], [151095.0, 96960.0], [151267.0, 94224.0], [151605.0, 94006.0], [151646.0, 91989.0]]

size_X_E = 89
