vars = 500 ; constr = 5 
 # informations of B&B algorithm : 
total_times_used = 300.2 
total_nodes = 2765 
pruned_nodes = 262 
GAP = 0.0 
relaxation_time = 290.05 
test_dominance_time = 0.11 
update_incumbent_time = 0.04 
tree_size = 25.561 
nb_nodes_EPB = 1762 
nb_nodes_VB = 1002 
root_relax = true 
TO = true 


 # ----------- info about cuts : 
ite_total = 2531 
cuts_applied = 6 
sp_cuts = 6 
mp_cuts = 0 
cuts_total = 6 
times_calling_dicho = 290.05 
times_calling_separators = 2.83 
times_oper_cutPool = 0.0 
times_total_for_cuts = 289.94 
times_add_retrieve_cuts = 0.0 



size_Y_N = 158
Y_N = [[94430.0, 123829.0], [95801.0, 123650.0], [96050.0, 123411.0], [97439.0, 123391.0], [97670.0, 123238.0], [98188.0, 123223.0], [98341.0, 123069.0], [98360.0, 123046.0], [99332.0, 122907.0], [99728.0, 122878.0], [100071.0, 122674.0], [100730.0, 122399.0], [100948.0, 122237.0], [101846.0, 122039.0], [102097.0, 121766.0], [102099.0, 121416.0], [102126.0, 121327.0], [102242.0, 121205.0], [102266.0, 121160.0], [102449.0, 121126.0], [102574.0, 121116.0], [103041.0, 121090.0], [103301.0, 120996.0], [103354.0, 120780.0], [103673.0, 120696.0], [103856.0, 120585.0], [103937.0, 120576.0], [103948.0, 120413.0], [104322.0, 120047.0], [104373.0, 119913.0], [104475.0, 119859.0], [104623.0, 119851.0], [104947.0, 119572.0], [104995.0, 119391.0], [105249.0, 119189.0], [105448.0, 119119.0], [105491.0, 118911.0], [105722.0, 118858.0], [106036.0, 118329.0], [106159.0, 118219.0], [106318.0, 117846.0], [106482.0, 117571.0], [106866.0, 117556.0], [107166.0, 117137.0], [107511.0, 116808.0], [107739.0, 116512.0], [107863.0, 115996.0], [108110.0, 115931.0], [108232.0, 115102.0], [108394.0, 115039.0], [108450.0, 114872.0], [108771.0, 114692.0], [108811.0, 114391.0], [108949.0, 114043.0], [109079.0, 113973.0], [109111.0, 113940.0], [109412.0, 113465.0], [109423.0, 113366.0], [109440.0, 113166.0], [109523.0, 113011.0], [109524.0, 112777.0], [109654.0, 112711.0], [109863.0, 112349.0], [109894.0, 112199.0], [110108.0, 112103.0], [110211.0, 112100.0], [110352.0, 111987.0], [110426.0, 111896.0], [110469.0, 111876.0], [110563.0, 111254.0], [110708.0, 111170.0], [110722.0, 110990.0], [110975.0, 110799.0], [111015.0, 110794.0], [111534.0, 110376.0], [111755.0, 109745.0], [111862.0, 109437.0], [111910.0, 109158.0], [111972.0, 108060.0], [112006.0, 107568.0], [112069.0, 107539.0], [112283.0, 107532.0], [112294.0, 107176.0], [112420.0, 106815.0], [112575.0, 106800.0], [112777.0, 106404.0], [112808.0, 106024.0], [112827.0, 105641.0], [113055.0, 105550.0], [113163.0, 105448.0], [113204.0, 105081.0], [113428.0, 104864.0], [113596.0, 104438.0], [113643.0, 104234.0], [113657.0, 103818.0], [113759.0, 103484.0], [113837.0, 103433.0], [114004.0, 102988.0], [114284.0, 102220.0], [114288.0, 101400.0], [114557.0, 101301.0], [114562.0, 101177.0], [114603.0, 101030.0], [114767.0, 100832.0], [114783.0, 100773.0], [115074.0, 100170.0], [115092.0, 100138.0], [115101.0, 99450.0], [115378.0, 99296.0], [115429.0, 98970.0], [115435.0, 98458.0], [115608.0, 98177.0], [115668.0, 98125.0], [115709.0, 98055.0], [115835.0, 97862.0], [116078.0, 96761.0], [116232.0, 96398.0], [116523.0, 95219.0], [116525.0, 94951.0], [116541.0, 94906.0], [117002.0, 94412.0], [117075.0, 92485.0], [117531.0, 92201.0], [117591.0, 91994.0], [117655.0, 91558.0], [117812.0, 90068.0], [118055.0, 87760.0], [118069.0, 87608.0], [118214.0, 87584.0], [118238.0, 87354.0], [118304.0, 87228.0], [118352.0, 87208.0], [118448.0, 87151.0], [118499.0, 87007.0], [118568.0, 86900.0], [118603.0, 86180.0], [118695.0, 85913.0], [118877.0, 85657.0], [119048.0, 85388.0], [119483.0, 83393.0], [119608.0, 82758.0], [119645.0, 81192.0], [119843.0, 80834.0], [119864.0, 80342.0], [119885.0, 79582.0], [119922.0, 79416.0], [120020.0, 79206.0], [120163.0, 79178.0], [120466.0, 76345.0], [120617.0, 75618.0], [120752.0, 73259.0], [120790.0, 73238.0], [120995.0, 71740.0], [121116.0, 70478.0], [121213.0, 70342.0], [121425.0, 67574.0], [121623.0, 67382.0], [121785.0, 66912.0]]

size_X_E = 158
