vars = 500 ; constr = 5 
 # informations of B&B algorithm : 
total_times_used = 300.16 
total_nodes = 3058 
pruned_nodes = 465 
GAP = 0.0 
relaxation_time = 288.01 
test_dominance_time = 0.17 
update_incumbent_time = 0.06 
tree_size = 27.528 
nb_nodes_EPB = 1811 
nb_nodes_VB = 1246 
root_relax = true 
TO = true 


 # ----------- info about cuts : 
ite_total = 2628 
cuts_applied = 6 
sp_cuts = 6 
mp_cuts = 0 
cuts_total = 6 
times_calling_dicho = 288.01 
times_calling_separators = 4.27 
times_oper_cutPool = 0.0 
times_total_for_cuts = 286.28 
times_add_retrieve_cuts = 0.0 



size_Y_N = 147
Y_N = [[275617.0, 240447.0], [275708.0, 240376.0], [275963.0, 240360.0], [276179.0, 240357.0], [276480.0, 240125.0], [277396.0, 240059.0], [277495.0, 240056.0], [277616.0, 240026.0], [278233.0, 239971.0], [278241.0, 239939.0], [278651.0, 239929.0], [278893.0, 239893.0], [279333.0, 239892.0], [280150.0, 239799.0], [280285.0, 239691.0], [280502.0, 239660.0], [280708.0, 239566.0], [281020.0, 239362.0], [281313.0, 239335.0], [281388.0, 239220.0], [281745.0, 239217.0], [281935.0, 239120.0], [282628.0, 239109.0], [283059.0, 238804.0], [283105.0, 238734.0], [283237.0, 238714.0], [283282.0, 238587.0], [283290.0, 238506.0], [283358.0, 238404.0], [283509.0, 238313.0], [283772.0, 238301.0], [284021.0, 238291.0], [284039.0, 238274.0], [284228.0, 238211.0], [284320.0, 238142.0], [284616.0, 238058.0], [285010.0, 237759.0], [285261.0, 237599.0], [285268.0, 237559.0], [285491.0, 237534.0], [285656.0, 237143.0], [285919.0, 237130.0], [286083.0, 237079.0], [286142.0, 237007.0], [286260.0, 236887.0], [286459.0, 236633.0], [286628.0, 236446.0], [286923.0, 236395.0], [286982.0, 236367.0], [287083.0, 236337.0], [287204.0, 236308.0], [287607.0, 235837.0], [287656.0, 235715.0], [287657.0, 235697.0], [288056.0, 235456.0], [288151.0, 235200.0], [288282.0, 235179.0], [288360.0, 235089.0], [288508.0, 234890.0], [288698.0, 234662.0], [288849.0, 234630.0], [288859.0, 234562.0], [289214.0, 234507.0], [289346.0, 234468.0], [289563.0, 234177.0], [289689.0, 233864.0], [289945.0, 233626.0], [290163.0, 233426.0], [290259.0, 233184.0], [290338.0, 233041.0], [290438.0, 232750.0], [290629.0, 232646.0], [290799.0, 232628.0], [290821.0, 232554.0], [291144.0, 232398.0], [291252.0, 231681.0], [291504.0, 231085.0], [291727.0, 231054.0], [291903.0, 230859.0], [292013.0, 230727.0], [292100.0, 230642.0], [292164.0, 230318.0], [292209.0, 230170.0], [292245.0, 229784.0], [292310.0, 229539.0], [292475.0, 229511.0], [292520.0, 229474.0], [292620.0, 229396.0], [292766.0, 229284.0], [293148.0, 228749.0], [293173.0, 228097.0], [293179.0, 228065.0], [293290.0, 228053.0], [293396.0, 227941.0], [293435.0, 227921.0], [293478.0, 227884.0], [293571.0, 227768.0], [293675.0, 227575.0], [293876.0, 227522.0], [294059.0, 227338.0], [294122.0, 227200.0], [294363.0, 226531.0], [294578.0, 226396.0], [294921.0, 224624.0], [295068.0, 224168.0], [295278.0, 221974.0], [295444.0, 221406.0], [295588.0, 220967.0], [295643.0, 220904.0], [295725.0, 220381.0], [295832.0, 220365.0], [295900.0, 219933.0], [296018.0, 219575.0], [296152.0, 219428.0], [296157.0, 219293.0], [296280.0, 218768.0], [296390.0, 218563.0], [296534.0, 217950.0], [296763.0, 216196.0], [296840.0, 215217.0], [297141.0, 214708.0], [297262.0, 214484.0], [297289.0, 212772.0], [297597.0, 210861.0], [297739.0, 210194.0], [297753.0, 209660.0], [297894.0, 208731.0], [297901.0, 207990.0], [298069.0, 207499.0], [298101.0, 206675.0], [298168.0, 204761.0], [298336.0, 204484.0], [298426.0, 204054.0], [298695.0, 200968.0], [298786.0, 199930.0], [298868.0, 198305.0], [298894.0, 192341.0], [299013.0, 191637.0], [299031.0, 190523.0], [299067.0, 187143.0], [299151.0, 187058.0], [299262.0, 184879.0], [299289.0, 183418.0], [299410.0, 183309.0], [299517.0, 182615.0], [299530.0, 181661.0], [299574.0, 180713.0]]

size_X_E = 147
