vars = 500 ; constr = 10 
 # informations of B&B algorithm : 
total_times_used = 310.31 
total_nodes = 1851 
pruned_nodes = 105 
GAP = 0.0 
relaxation_time = 302.04 
test_dominance_time = 0.01 
update_incumbent_time = 0.06 
tree_size = 18.811 
nb_nodes_EPB = 1512 
nb_nodes_VB = 338 
root_relax = true 
TO = true 


 # ----------- info about cuts : 
ite_total = 1749 
cuts_applied = 7 
sp_cuts = 7 
mp_cuts = 0 
cuts_total = 7 
times_calling_dicho = 302.04 
times_calling_separators = 5.37 
times_oper_cutPool = 0.01 
times_total_for_cuts = 306.27 
times_add_retrieve_cuts = 0.0 



size_Y_N = 164
Y_N = [[187074.0, 188887.0], [187381.0, 188737.0], [187809.0, 188683.0], [187886.0, 188655.0], [188369.0, 188422.0], [188893.0, 188286.0], [189306.0, 188230.0], [189663.0, 188184.0], [190013.0, 188154.0], [190044.0, 188134.0], [190204.0, 187965.0], [190274.0, 187921.0], [190879.0, 187893.0], [191146.0, 187891.0], [191160.0, 187874.0], [191347.0, 187807.0], [191512.0, 187792.0], [191699.0, 187749.0], [191971.0, 187738.0], [192097.0, 187725.0], [192197.0, 187673.0], [192354.0, 187573.0], [192534.0, 187549.0], [193723.0, 187362.0], [193937.0, 187100.0], [194206.0, 187089.0], [194564.0, 186959.0], [194645.0, 186864.0], [194782.0, 186747.0], [195044.0, 186259.0], [195507.0, 186140.0], [195522.0, 186011.0], [196396.0, 185974.0], [196760.0, 185650.0], [196892.0, 185457.0], [197198.0, 185456.0], [197379.0, 185292.0], [197465.0, 185071.0], [197485.0, 184746.0], [197566.0, 184736.0], [197805.0, 184706.0], [198132.0, 184647.0], [198211.0, 184624.0], [198496.0, 184377.0], [198765.0, 184220.0], [198975.0, 184215.0], [199000.0, 184067.0], [199052.0, 184031.0], [199402.0, 184014.0], [199854.0, 183872.0], [200088.0, 183137.0], [200122.0, 183124.0], [200248.0, 182982.0], [200416.0, 182920.0], [200632.0, 182472.0], [200642.0, 182457.0], [200712.0, 182203.0], [200721.0, 182093.0], [200726.0, 181959.0], [200732.0, 181865.0], [200976.0, 181811.0], [201269.0, 181728.0], [201776.0, 181713.0], [201812.0, 181636.0], [202259.0, 180979.0], [202466.0, 180978.0], [202552.0, 180900.0], [202822.0, 180703.0], [202855.0, 180509.0], [203074.0, 180399.0], [203260.0, 180335.0], [203307.0, 180227.0], [203659.0, 179490.0], [203693.0, 179422.0], [203775.0, 179335.0], [203801.0, 179309.0], [203992.0, 179252.0], [204300.0, 179144.0], [204472.0, 179043.0], [204685.0, 178309.0], [205008.0, 177971.0], [205568.0, 177537.0], [205729.0, 177335.0], [205853.0, 177252.0], [206086.0, 177064.0], [206183.0, 176536.0], [206667.0, 175733.0], [206764.0, 175534.0], [207010.0, 175507.0], [207263.0, 175265.0], [207330.0, 174764.0], [207496.0, 174760.0], [207627.0, 174658.0], [207769.0, 174429.0], [208009.0, 174274.0], [208080.0, 174059.0], [208263.0, 173977.0], [208477.0, 173132.0], [208555.0, 172629.0], [208671.0, 172580.0], [208732.0, 172552.0], [208944.0, 172419.0], [209242.0, 172353.0], [209660.0, 172284.0], [209685.0, 172098.0], [209748.0, 171961.0], [209834.0, 171906.0], [209861.0, 171841.0], [209913.0, 171645.0], [209929.0, 171335.0], [210258.0, 171314.0], [210456.0, 170555.0], [210539.0, 170511.0], [210737.0, 170329.0], [210747.0, 169686.0], [211205.0, 168409.0], [211476.0, 166576.0], [212001.0, 166478.0], [212278.0, 165901.0], [212411.0, 165386.0], [212596.0, 165293.0], [212852.0, 165068.0], [212932.0, 164050.0], [213248.0, 163739.0], [213386.0, 163525.0], [213523.0, 163333.0], [213859.0, 162891.0], [213931.0, 162216.0], [214220.0, 162172.0], [214514.0, 160457.0], [214787.0, 159647.0], [214925.0, 158864.0], [215046.0, 158380.0], [215355.0, 158155.0], [215620.0, 158113.0], [215838.0, 155523.0], [215861.0, 155305.0], [216042.0, 154781.0], [216250.0, 154667.0], [216474.0, 153861.0], [216670.0, 152861.0], [216930.0, 151907.0], [217117.0, 151229.0], [217125.0, 151182.0], [217274.0, 149648.0], [217300.0, 149611.0], [217318.0, 149333.0], [217478.0, 148261.0], [217712.0, 147538.0], [217888.0, 147498.0], [217955.0, 147370.0], [218230.0, 147054.0], [218426.0, 144338.0], [218742.0, 143757.0], [218802.0, 142042.0], [219060.0, 141837.0], [219253.0, 139606.0], [219524.0, 139466.0], [219680.0, 129639.0], [219864.0, 129274.0], [220098.0, 129112.0], [220314.0, 129080.0], [220473.0, 127851.0], [220704.0, 127706.0]]

size_X_E = 164
