vars = 500 ; constr = 10 
 # informations of B&B algorithm : 
total_times_used = 309.53 
total_nodes = 1828 
pruned_nodes = 67 
GAP = 0.0 
relaxation_time = 301.75 
test_dominance_time = 0.01 
update_incumbent_time = 0.05 
tree_size = 18.746 
nb_nodes_EPB = 1465 
nb_nodes_VB = 362 
root_relax = true 
TO = true 


 # ----------- info about cuts : 
ite_total = 1763 
cuts_applied = 1 
sp_cuts = 1 
mp_cuts = 0 
cuts_total = 1 
times_calling_dicho = 301.75 
times_calling_separators = 5.1 
times_oper_cutPool = 0.0 
times_total_for_cuts = 306.26 
times_add_retrieve_cuts = 0.0 



size_Y_N = 148
Y_N = [[185030.0, 184265.0], [185207.0, 184070.0], [185676.0, 183969.0], [185854.0, 183813.0], [186168.0, 183683.0], [189064.0, 183480.0], [189282.0, 183324.0], [189921.0, 183256.0], [190300.0, 183127.0], [190362.0, 183024.0], [190689.0, 182829.0], [191025.0, 182729.0], [191311.0, 182676.0], [191824.0, 182609.0], [192437.0, 182473.0], [192754.0, 182198.0], [192893.0, 182197.0], [193169.0, 182174.0], [193495.0, 181861.0], [194001.0, 181420.0], [194299.0, 181419.0], [194485.0, 181196.0], [194768.0, 181120.0], [195058.0, 180901.0], [195085.0, 180860.0], [195307.0, 180635.0], [195833.0, 180529.0], [196022.0, 180481.0], [196185.0, 180409.0], [196508.0, 180355.0], [196711.0, 179648.0], [197388.0, 179386.0], [197738.0, 179196.0], [197916.0, 178945.0], [197937.0, 178936.0], [197946.0, 178851.0], [197960.0, 178745.0], [198307.0, 178657.0], [198571.0, 178513.0], [198750.0, 178488.0], [199462.0, 178044.0], [199465.0, 177913.0], [199491.0, 177912.0], [199711.0, 177789.0], [200039.0, 177690.0], [200593.0, 177054.0], [200788.0, 176911.0], [200831.0, 176813.0], [200875.0, 176691.0], [201082.0, 176617.0], [201168.0, 176612.0], [201201.0, 176513.0], [201213.0, 176456.0], [201623.0, 176164.0], [201835.0, 175777.0], [201989.0, 175681.0], [202260.0, 175643.0], [202294.0, 175541.0], [202451.0, 174917.0], [202907.0, 174782.0], [202913.0, 174596.0], [202927.0, 174560.0], [202930.0, 174522.0], [203039.0, 174445.0], [203382.0, 174346.0], [203472.0, 174204.0], [203828.0, 174167.0], [203990.0, 173482.0], [204095.0, 173468.0], [204118.0, 173379.0], [204284.0, 173059.0], [204693.0, 172586.0], [204697.0, 172484.0], [205211.0, 172431.0], [205253.0, 171915.0], [205275.0, 171792.0], [205283.0, 171735.0], [205355.0, 171671.0], [205786.0, 171655.0], [206225.0, 171428.0], [206655.0, 170346.0], [206712.0, 169951.0], [206940.0, 169880.0], [206985.0, 169529.0], [207201.0, 169476.0], [207277.0, 169342.0], [207288.0, 169317.0], [207398.0, 169181.0], [207567.0, 169109.0], [207688.0, 169028.0], [207790.0, 168920.0], [207926.0, 168917.0], [207965.0, 168881.0], [208096.0, 168684.0], [208105.0, 168449.0], [208217.0, 168395.0], [208267.0, 168360.0], [208271.0, 168242.0], [208409.0, 168003.0], [208620.0, 167884.0], [208671.0, 167472.0], [208792.0, 167026.0], [208822.0, 166795.0], [209234.0, 165462.0], [209590.0, 165326.0], [209605.0, 165033.0], [209659.0, 164990.0], [209788.0, 164763.0], [209926.0, 164017.0], [210307.0, 163856.0], [210572.0, 163062.0], [210718.0, 162735.0], [210852.0, 162699.0], [211116.0, 162454.0], [211377.0, 161944.0], [211582.0, 160672.0], [211832.0, 159755.0], [212119.0, 159702.0], [212466.0, 159077.0], [212577.0, 158434.0], [212771.0, 157713.0], [212844.0, 157518.0], [212989.0, 156829.0], [213107.0, 155808.0], [213472.0, 155523.0], [213713.0, 155151.0], [214064.0, 153883.0], [214267.0, 152778.0], [214367.0, 152540.0], [214400.0, 151557.0], [214762.0, 150751.0], [214906.0, 150156.0], [215052.0, 148928.0], [215294.0, 148907.0], [215452.0, 148139.0], [215549.0, 147045.0], [215695.0, 146483.0], [216127.0, 143926.0], [216148.0, 143579.0], [216279.0, 143312.0], [216500.0, 141107.0], [216838.0, 135821.0], [217148.0, 135202.0], [217433.0, 134544.0], [217448.0, 133800.0], [217469.0, 133777.0], [217601.0, 133324.0], [217676.0, 133247.0]]

size_X_E = 148
