vars = 500 ; constr = 10 
 # informations of B&B algorithm : 
total_times_used = 313.77 
total_nodes = 1883 
pruned_nodes = 116 
GAP = 0.0 
relaxation_time = 306.76 
test_dominance_time = 0.0 
update_incumbent_time = 0.04 
tree_size = 17.37 
nb_nodes_EPB = 1490 
nb_nodes_VB = 392 
root_relax = true 
TO = true 


 # ----------- info about cuts : 
ite_total = 1770 
cuts_applied = 0 
sp_cuts = 0 
mp_cuts = 0 
cuts_total = 0 
times_calling_dicho = 306.76 
times_calling_separators = 4.19 
times_oper_cutPool = 0.0 
times_total_for_cuts = 309.99 
times_add_retrieve_cuts = 0.0 



size_Y_N = 137
Y_N = [[89121.0, 105131.0], [89352.0, 105093.0], [89428.0, 104992.0], [89492.0, 104900.0], [89814.0, 104768.0], [89841.0, 104689.0], [89966.0, 104622.0], [90380.0, 104581.0], [92292.0, 104298.0], [92750.0, 104201.0], [93168.0, 103972.0], [93316.0, 103944.0], [93423.0, 103897.0], [93481.0, 103854.0], [93715.0, 103848.0], [93875.0, 103837.0], [95107.0, 103703.0], [95316.0, 103305.0], [95698.0, 103251.0], [95771.0, 103140.0], [96801.0, 102621.0], [97033.0, 102435.0], [97111.0, 102429.0], [97258.0, 102418.0], [97529.0, 102064.0], [97645.0, 101971.0], [97660.0, 101913.0], [97709.0, 101886.0], [97875.0, 101841.0], [98041.0, 101760.0], [98320.0, 101637.0], [98746.0, 101396.0], [98965.0, 101308.0], [99318.0, 101233.0], [99768.0, 101216.0], [100058.0, 100991.0], [100104.0, 100425.0], [100180.0, 100271.0], [100723.0, 100176.0], [100989.0, 100063.0], [101286.0, 99798.0], [101524.0, 99536.0], [101889.0, 99379.0], [102137.0, 99365.0], [102229.0, 98849.0], [102621.0, 98796.0], [102701.0, 98512.0], [102877.0, 98378.0], [103271.0, 98291.0], [103432.0, 97822.0], [103736.0, 97750.0], [103906.0, 97603.0], [104458.0, 97576.0], [104812.0, 97107.0], [105040.0, 96805.0], [105176.0, 96722.0], [105181.0, 96429.0], [105442.0, 96134.0], [105569.0, 96019.0], [105660.0, 95748.0], [105726.0, 95589.0], [105960.0, 95521.0], [105989.0, 95516.0], [106017.0, 95394.0], [106194.0, 95363.0], [106217.0, 95237.0], [106366.0, 95150.0], [106457.0, 95115.0], [106781.0, 94618.0], [106986.0, 94474.0], [106993.0, 94449.0], [107167.0, 94181.0], [107229.0, 94036.0], [107342.0, 93660.0], [107532.0, 93617.0], [107660.0, 93559.0], [107917.0, 93339.0], [107946.0, 93163.0], [108036.0, 93015.0], [108050.0, 92979.0], [108141.0, 92970.0], [108575.0, 92908.0], [108650.0, 92859.0], [108853.0, 92775.0], [109024.0, 92356.0], [109142.0, 92302.0], [109304.0, 92200.0], [109581.0, 92156.0], [109841.0, 91631.0], [109997.0, 91473.0], [110421.0, 89915.0], [110545.0, 88426.0], [110557.0, 88387.0], [110636.0, 88361.0], [110859.0, 88042.0], [110987.0, 87664.0], [111090.0, 87499.0], [111355.0, 87490.0], [111736.0, 87365.0], [111875.0, 86804.0], [112103.0, 86559.0], [112370.0, 85644.0], [112694.0, 84884.0], [113205.0, 84575.0], [113382.0, 83996.0], [113472.0, 82698.0], [113677.0, 82532.0], [113930.0, 81893.0], [114129.0, 81786.0], [114142.0, 81434.0], [114198.0, 81016.0], [114448.0, 80400.0], [114652.0, 80091.0], [115000.0, 79222.0], [115157.0, 78856.0], [115333.0, 78017.0], [115548.0, 77399.0], [115693.0, 76251.0], [115901.0, 75530.0], [116170.0, 75493.0], [116349.0, 73346.0], [116529.0, 73220.0], [116746.0, 72421.0], [116826.0, 72252.0], [116916.0, 71783.0], [117302.0, 70342.0], [117334.0, 70305.0], [117433.0, 69017.0], [117822.0, 61896.0], [118257.0, 61538.0], [118386.0, 60839.0], [118538.0, 60400.0], [118618.0, 60232.0], [118689.0, 60082.0], [118791.0, 59583.0], [118826.0, 59331.0], [118828.0, 59180.0]]

size_X_E = 137
