vars = 500 ; constr = 10 
 # informations of B&B algorithm : 
total_times_used = 307.15 
total_nodes = 1826 
pruned_nodes = 146 
GAP = 0.0 
relaxation_time = 299.74 
test_dominance_time = 0.0 
update_incumbent_time = 0.03 
tree_size = 16.052 
nb_nodes_EPB = 1297 
nb_nodes_VB = 528 
root_relax = true 
TO = true 


 # ----------- info about cuts : 
ite_total = 1681 
cuts_applied = 0 
sp_cuts = 0 
mp_cuts = 0 
cuts_total = 0 
times_calling_dicho = 299.74 
times_calling_separators = 3.79 
times_oper_cutPool = 0.0 
times_total_for_cuts = 302.25 
times_add_retrieve_cuts = 0.0 



size_Y_N = 125
Y_N = [[90740.0, 112630.0], [91145.0, 112577.0], [91251.0, 112389.0], [91384.0, 112342.0], [91476.0, 112134.0], [91792.0, 112083.0], [91930.0, 112041.0], [93932.0, 111950.0], [94337.0, 111688.0], [94462.0, 111607.0], [94559.0, 111550.0], [94582.0, 111422.0], [95706.0, 111389.0], [96232.0, 111334.0], [96472.0, 111306.0], [97279.0, 110905.0], [97282.0, 110857.0], [97783.0, 110768.0], [98162.0, 110599.0], [98340.0, 110498.0], [98561.0, 110378.0], [99139.0, 110269.0], [99431.0, 109847.0], [99583.0, 109803.0], [99897.0, 109751.0], [100255.0, 108840.0], [100682.0, 108781.0], [101398.0, 108739.0], [101851.0, 108706.0], [101897.0, 108417.0], [102165.0, 108307.0], [102386.0, 108191.0], [102443.0, 108041.0], [102840.0, 107571.0], [103163.0, 107454.0], [103193.0, 107432.0], [103207.0, 107303.0], [103259.0, 107130.0], [103293.0, 107102.0], [103478.0, 107017.0], [103578.0, 106971.0], [103796.0, 106766.0], [103904.0, 106652.0], [104080.0, 106549.0], [104087.0, 106416.0], [104203.0, 106328.0], [104336.0, 106249.0], [104494.0, 106201.0], [104735.0, 106095.0], [105011.0, 105890.0], [105141.0, 105877.0], [105203.0, 105676.0], [105444.0, 105595.0], [105570.0, 105540.0], [105895.0, 105305.0], [106746.0, 104704.0], [107011.0, 103106.0], [107106.0, 103057.0], [107109.0, 102963.0], [107329.0, 102954.0], [107341.0, 102872.0], [107400.0, 102719.0], [107806.0, 102610.0], [107951.0, 102419.0], [108167.0, 102153.0], [108274.0, 101374.0], [108662.0, 101372.0], [108665.0, 101322.0], [108936.0, 101041.0], [109076.0, 100893.0], [109078.0, 100654.0], [109467.0, 100573.0], [109579.0, 100241.0], [109910.0, 100153.0], [109987.0, 100131.0], [110029.0, 100045.0], [110032.0, 100022.0], [110131.0, 99983.0], [110463.0, 99912.0], [110632.0, 99553.0], [110688.0, 99528.0], [110761.0, 99269.0], [110928.0, 98820.0], [111165.0, 98721.0], [111241.0, 98624.0], [111367.0, 98269.0], [111821.0, 96538.0], [112328.0, 96053.0], [112363.0, 95035.0], [112513.0, 94316.0], [112650.0, 94133.0], [112933.0, 93572.0], [112955.0, 93483.0], [113104.0, 93049.0], [113141.0, 91816.0], [113486.0, 91572.0], [113594.0, 91491.0], [113894.0, 91087.0], [114063.0, 90929.0], [114064.0, 90703.0], [114216.0, 90357.0], [114399.0, 90195.0], [114443.0, 89321.0], [114729.0, 88903.0], [114999.0, 88682.0], [115276.0, 88266.0], [115554.0, 87695.0], [115668.0, 86207.0], [116079.0, 86013.0], [116168.0, 84880.0], [116309.0, 84502.0], [116549.0, 83005.0], [116607.0, 82475.0], [116870.0, 81469.0], [117085.0, 81299.0], [117249.0, 81155.0], [117538.0, 78306.0], [117698.0, 78238.0], [117897.0, 76420.0], [117992.0, 76006.0], [118254.0, 70919.0], [118497.0, 70857.0], [118617.0, 70470.0], [118806.0, 70273.0], [118974.0, 70097.0]]

size_X_E = 125
