vars = 250 ; constr = 5 
 # informations of B&B algorithm : 
total_times_used = 300.05 
total_nodes = 5680 
pruned_nodes = 1099 
GAP = 0.0 
relaxation_time = 289.01 
test_dominance_time = 0.1 
update_incumbent_time = 0.03 
tree_size = 26.056 
nb_nodes_EPB = 2309 
nb_nodes_VB = 3370 
root_relax = true 
TO = true 


 # ----------- info about cuts : 
ite_total = 4712 
cuts_applied = 0 
sp_cuts = 0 
mp_cuts = 0 
cuts_total = 0 
times_calling_dicho = 289.01 
times_calling_separators = 3.43 
times_oper_cutPool = 0.0 
times_total_for_cuts = 284.39 
times_add_retrieve_cuts = 0.0 



size_Y_N = 79
Y_N = [[140224.0, 109287.0], [140438.0, 109270.0], [140674.0, 109191.0], [140917.0, 109179.0], [141446.0, 109059.0], [141482.0, 109003.0], [141757.0, 109000.0], [141968.0, 108932.0], [142063.0, 108913.0], [142078.0, 108881.0], [142260.0, 108867.0], [142319.0, 108866.0], [142340.0, 108837.0], [142561.0, 108748.0], [142624.0, 108710.0], [142995.0, 108576.0], [143230.0, 108544.0], [143281.0, 108478.0], [143290.0, 108387.0], [143334.0, 108371.0], [143740.0, 108294.0], [143743.0, 108186.0], [143764.0, 108105.0], [143794.0, 108078.0], [143845.0, 107955.0], [143943.0, 107898.0], [144456.0, 107893.0], [144499.0, 107514.0], [144577.0, 107423.0], [144628.0, 107371.0], [144770.0, 107326.0], [144788.0, 107165.0], [145094.0, 107151.0], [145114.0, 107134.0], [145135.0, 107063.0], [145205.0, 106860.0], [145536.0, 106846.0], [145544.0, 106052.0], [145695.0, 105995.0], [145716.0, 105950.0], [145758.0, 105949.0], [145854.0, 105832.0], [145870.0, 105507.0], [145974.0, 105495.0], [146077.0, 105469.0], [146330.0, 105308.0], [146411.0, 104819.0], [146461.0, 104639.0], [146564.0, 104544.0], [146616.0, 104517.0], [146708.0, 104272.0], [146736.0, 104234.0], [146831.0, 103859.0], [147240.0, 103761.0], [147396.0, 103695.0], [147462.0, 103471.0], [147501.0, 102937.0], [147536.0, 102707.0], [147600.0, 102660.0], [147807.0, 101330.0], [147811.0, 100641.0], [147819.0, 100564.0], [147978.0, 100322.0], [148052.0, 99419.0], [148177.0, 98125.0], [148237.0, 96778.0], [148325.0, 96220.0], [148390.0, 95993.0], [148397.0, 95421.0], [148489.0, 95250.0], [148536.0, 94841.0], [148611.0, 94662.0], [148628.0, 92264.0], [148641.0, 90406.0], [148823.0, 90142.0], [148988.0, 87267.0], [149059.0, 87153.0], [149209.0, 87001.0], [149250.0, 86216.0]]

size_X_E = 79
