vars = 250 ; constr = 10 
 # informations of B&B algorithm : 
total_times_used = 307.62 
total_nodes = 3394 
pruned_nodes = 212 
GAP = 0.0 
relaxation_time = 298.92 
test_dominance_time = 0.01 
update_incumbent_time = 0.04 
tree_size = 19.038 
nb_nodes_EPB = 1869 
nb_nodes_VB = 1524 
root_relax = true 
TO = true 


 # ----------- info about cuts : 
ite_total = 3192 
cuts_applied = 2 
sp_cuts = 2 
mp_cuts = 0 
cuts_total = 2 
times_calling_dicho = 298.92 
times_calling_separators = 3.61 
times_oper_cutPool = 0.12 
times_total_for_cuts = 300.91 
times_add_retrieve_cuts = 0.0 



size_Y_N = 85
Y_N = [[44544.0, 53917.0], [44680.0, 53820.0], [45562.0, 53798.0], [45612.0, 53396.0], [45768.0, 53271.0], [46174.0, 53242.0], [46383.0, 53222.0], [46685.0, 53164.0], [46957.0, 53050.0], [47145.0, 53024.0], [47498.0, 52851.0], [47967.0, 52722.0], [48166.0, 52645.0], [48611.0, 52580.0], [48867.0, 52538.0], [49073.0, 52315.0], [49576.0, 52179.0], [49786.0, 52014.0], [49962.0, 51866.0], [50198.0, 51342.0], [50352.0, 51249.0], [50625.0, 51237.0], [50855.0, 51096.0], [51094.0, 50930.0], [51138.0, 50861.0], [51178.0, 50857.0], [51219.0, 50655.0], [51395.0, 50532.0], [51451.0, 50370.0], [51657.0, 50237.0], [51760.0, 50159.0], [52135.0, 50087.0], [52447.0, 49854.0], [52860.0, 49843.0], [53025.0, 49419.0], [53224.0, 49300.0], [53262.0, 49270.0], [53451.0, 49199.0], [53543.0, 49065.0], [53726.0, 48940.0], [53817.0, 48923.0], [53924.0, 48844.0], [54042.0, 48614.0], [54105.0, 48611.0], [54131.0, 48595.0], [54148.0, 48407.0], [54185.0, 48394.0], [54202.0, 48248.0], [54251.0, 48241.0], [54299.0, 48049.0], [54323.0, 47857.0], [54390.0, 47777.0], [54413.0, 47306.0], [54493.0, 46855.0], [55036.0, 46840.0], [55053.0, 45911.0], [55091.0, 45875.0], [55107.0, 45828.0], [55382.0, 45712.0], [55689.0, 45455.0], [55882.0, 44640.0], [55998.0, 44310.0], [56058.0, 43904.0], [56439.0, 43605.0], [56527.0, 43427.0], [56543.0, 43293.0], [56715.0, 42741.0], [56902.0, 42612.0], [57062.0, 42139.0], [57122.0, 42041.0], [57226.0, 41549.0], [57533.0, 41143.0], [57589.0, 39721.0], [57731.0, 39691.0], [57868.0, 39383.0], [58042.0, 37858.0], [58085.0, 37744.0], [58130.0, 37741.0], [58231.0, 37725.0], [58440.0, 37170.0], [58480.0, 37130.0], [58618.0, 36969.0], [58715.0, 36730.0], [58844.0, 36398.0], [58885.0, 36363.0]]

size_X_E = 85
