vars = 500 ; constr = 5 
 # informations of B&B algorithm : 
total_times_used = 300.21 
total_nodes = 2892 
pruned_nodes = 363 
GAP = 0.0 
relaxation_time = 288.39 
test_dominance_time = 0.2 
update_incumbent_time = 0.09 
tree_size = 26.828 
nb_nodes_EPB = 2083 
nb_nodes_VB = 808 
root_relax = true 
TO = true 


 # ----------- info about cuts : 
ite_total = 2558 
cuts_applied = 2 
sp_cuts = 2 
mp_cuts = 0 
cuts_total = 2 
times_calling_dicho = 288.39 
times_calling_separators = 3.71 
times_oper_cutPool = 0.0 
times_total_for_cuts = 288.23 
times_add_retrieve_cuts = 0.0 



size_Y_N = 177
Y_N = [[188316.0, 174851.0], [189029.0, 174827.0], [189104.0, 174718.0], [189145.0, 174716.0], [189328.0, 174709.0], [191742.0, 174524.0], [192372.0, 174521.0], [192522.0, 174505.0], [192595.0, 174387.0], [192975.0, 174383.0], [192977.0, 174305.0], [193625.0, 174246.0], [193800.0, 174226.0], [193840.0, 174174.0], [194674.0, 174157.0], [194812.0, 174118.0], [194901.0, 174110.0], [195209.0, 174066.0], [195291.0, 173905.0], [195507.0, 173887.0], [195632.0, 173874.0], [196099.0, 173815.0], [196294.0, 173803.0], [196494.0, 173693.0], [196690.0, 173690.0], [197424.0, 173519.0], [197609.0, 173387.0], [198075.0, 173070.0], [198203.0, 172841.0], [198262.0, 172799.0], [198300.0, 172756.0], [198523.0, 172649.0], [198535.0, 172648.0], [198559.0, 172583.0], [198653.0, 172568.0], [198659.0, 172526.0], [198693.0, 172497.0], [199056.0, 172444.0], [199068.0, 172163.0], [199531.0, 172082.0], [199761.0, 172069.0], [199779.0, 171967.0], [199867.0, 171891.0], [200103.0, 171847.0], [200266.0, 171776.0], [200311.0, 171549.0], [200395.0, 171520.0], [200503.0, 171502.0], [200517.0, 171261.0], [200574.0, 171163.0], [200948.0, 171091.0], [201782.0, 170447.0], [201868.0, 170300.0], [202474.0, 170151.0], [202480.0, 169993.0], [202511.0, 169662.0], [202901.0, 169284.0], [203241.0, 169206.0], [203422.0, 169180.0], [203781.0, 168342.0], [203786.0, 167805.0], [203810.0, 167568.0], [203958.0, 167377.0], [204084.0, 167341.0], [204121.0, 167327.0], [204271.0, 167241.0], [204608.0, 167218.0], [204666.0, 167217.0], [204819.0, 166422.0], [205135.0, 166391.0], [205159.0, 166252.0], [205165.0, 166124.0], [205219.0, 166086.0], [205222.0, 166060.0], [205271.0, 165831.0], [205635.0, 165811.0], [205710.0, 165636.0], [205728.0, 165604.0], [205729.0, 165511.0], [205730.0, 165498.0], [205800.0, 165257.0], [206148.0, 164894.0], [206514.0, 164733.0], [206623.0, 164453.0], [206629.0, 164110.0], [207112.0, 164002.0], [207134.0, 163229.0], [207284.0, 162910.0], [207325.0, 162725.0], [207445.0, 162335.0], [207521.0, 162328.0], [207719.0, 162220.0], [207807.0, 162212.0], [207903.0, 162179.0], [208112.0, 162091.0], [208191.0, 162037.0], [208195.0, 160955.0], [208369.0, 160886.0], [208596.0, 160827.0], [208987.0, 160759.0], [208994.0, 159514.0], [209085.0, 159418.0], [209335.0, 159230.0], [209483.0, 159211.0], [209521.0, 158960.0], [209635.0, 158184.0], [209680.0, 158156.0], [209840.0, 158151.0], [210029.0, 158145.0], [210125.0, 157901.0], [210354.0, 157868.0], [210415.0, 157677.0], [210539.0, 157270.0], [210677.0, 157174.0], [210686.0, 157106.0], [210776.0, 156188.0], [210872.0, 156141.0], [210897.0, 155882.0], [211028.0, 155567.0], [211139.0, 154776.0], [211141.0, 154711.0], [211309.0, 153773.0], [211500.0, 153713.0], [211652.0, 153120.0], [211679.0, 152839.0], [212060.0, 152382.0], [212242.0, 151760.0], [212346.0, 150452.0], [212503.0, 150362.0], [212821.0, 149942.0], [212996.0, 149795.0], [213096.0, 148056.0], [213231.0, 147952.0], [213425.0, 147610.0], [213649.0, 146482.0], [213698.0, 146343.0], [213814.0, 144924.0], [214374.0, 144865.0], [214613.0, 141976.0], [214790.0, 141291.0], [214824.0, 140333.0], [214933.0, 140193.0], [214950.0, 138863.0], [215114.0, 138616.0], [215462.0, 138509.0], [215528.0, 138337.0], [215797.0, 136294.0], [215997.0, 135626.0], [216076.0, 133827.0], [216188.0, 133442.0], [216409.0, 132397.0], [216502.0, 132353.0], [216643.0, 130947.0], [216867.0, 130299.0], [216868.0, 129239.0], [216954.0, 128215.0], [217050.0, 126691.0], [217150.0, 125732.0], [217346.0, 125558.0], [217414.0, 124827.0], [217447.0, 124753.0], [217487.0, 124644.0], [217552.0, 124536.0], [217807.0, 124297.0], [217932.0, 123826.0], [218210.0, 118555.0], [218339.0, 116848.0], [218455.0, 116653.0], [218605.0, 116634.0], [218991.0, 113248.0], [219067.0, 106969.0], [219204.0, 104116.0], [219387.0, 102411.0], [219433.0, 100109.0], [219463.0, 99818.0], [219494.0, 98916.0], [219542.0, 98243.0]]

size_X_E = 177
