vars = 250 ; constr = 30 
 # informations of B&B algorithm : 
total_times_used = 300.21 
total_nodes = 1961 
pruned_nodes = 43 
GAP = 0.0 
relaxation_time = 291.29 
test_dominance_time = 0.0 
update_incumbent_time = 0.04 
tree_size = 11.276 
nb_nodes_EPB = 1144 
nb_nodes_VB = 816 
root_relax = true 
TO = true 


 # ----------- info about cuts : 
ite_total = 1919 
cuts_applied = 0 
sp_cuts = 0 
mp_cuts = 0 
cuts_total = 0 
times_calling_dicho = 291.29 
times_calling_separators = 7.51 
times_oper_cutPool = 0.0 
times_total_for_cuts = 297.91 
times_add_retrieve_cuts = 0.0 



size_Y_N = 81
Y_N = [[40252.0, 51968.0], [40699.0, 51893.0], [40787.0, 51875.0], [41101.0, 51690.0], [41127.0, 51595.0], [41171.0, 51537.0], [41211.0, 51506.0], [41348.0, 51406.0], [41491.0, 51272.0], [41495.0, 51067.0], [41706.0, 51050.0], [41711.0, 50858.0], [41861.0, 50725.0], [41997.0, 50697.0], [41998.0, 50510.0], [42181.0, 50439.0], [42311.0, 50333.0], [42439.0, 50317.0], [42453.0, 50305.0], [42934.0, 50124.0], [42935.0, 50045.0], [43323.0, 50036.0], [44052.0, 50006.0], [44779.0, 49496.0], [44833.0, 49243.0], [45004.0, 49025.0], [45740.0, 48918.0], [45846.0, 48900.0], [45863.0, 48230.0], [45995.0, 48225.0], [46345.0, 48143.0], [46576.0, 47746.0], [46734.0, 47695.0], [46736.0, 47649.0], [47057.0, 47627.0], [47065.0, 47330.0], [47357.0, 46983.0], [47919.0, 46763.0], [48051.0, 46692.0], [48819.0, 46667.0], [49524.0, 46618.0], [49854.0, 46577.0], [50096.0, 46114.0], [50183.0, 46009.0], [50228.0, 45922.0], [50292.0, 45905.0], [50339.0, 45743.0], [50414.0, 45680.0], [50549.0, 45677.0], [50612.0, 45552.0], [50834.0, 45469.0], [50837.0, 45263.0], [51034.0, 45213.0], [51103.0, 45093.0], [51183.0, 44894.0], [51424.0, 44711.0], [51649.0, 44407.0], [51670.0, 43876.0], [51713.0, 43213.0], [51953.0, 43062.0], [52204.0, 42944.0], [52227.0, 41995.0], [52775.0, 39807.0], [53156.0, 39689.0], [53166.0, 39323.0], [53466.0, 38891.0], [53548.0, 38479.0], [53855.0, 37577.0], [54406.0, 36539.0], [54515.0, 36302.0], [54744.0, 36234.0], [54971.0, 35910.0], [55260.0, 34931.0], [55873.0, 34573.0], [55983.0, 34304.0], [56056.0, 34242.0], [56247.0, 33946.0], [56417.0, 33846.0], [56418.0, 33806.0], [56508.0, 33588.0], [56612.0, 33476.0]]

size_X_E = 81
