vars = 250 ; constr = 10 
 # informations of B&B algorithm : 
total_times_used = 304.35 
total_nodes = 3387 
pruned_nodes = 203 
GAP = 0.0 
relaxation_time = 297.28 
test_dominance_time = 0.01 
update_incumbent_time = 0.04 
tree_size = 18.747 
nb_nodes_EPB = 1712 
nb_nodes_VB = 1674 
root_relax = true 
TO = true 


 # ----------- info about cuts : 
ite_total = 3197 
cuts_applied = 0 
sp_cuts = 0 
mp_cuts = 0 
cuts_total = 0 
times_calling_dicho = 297.28 
times_calling_separators = 3.87 
times_oper_cutPool = 0.0 
times_total_for_cuts = 299.58 
times_add_retrieve_cuts = 0.0 



size_Y_N = 70
Y_N = [[44320.0, 56702.0], [44754.0, 56601.0], [44876.0, 56171.0], [44901.0, 56089.0], [44931.0, 56081.0], [45177.0, 55961.0], [45266.0, 55917.0], [45272.0, 55799.0], [45333.0, 55766.0], [45679.0, 55582.0], [46026.0, 55575.0], [46666.0, 55377.0], [46699.0, 55351.0], [46759.0, 54993.0], [46905.0, 54936.0], [46937.0, 54884.0], [47236.0, 54843.0], [47342.0, 54833.0], [47472.0, 54804.0], [48333.0, 54553.0], [48371.0, 54276.0], [48585.0, 54055.0], [48924.0, 54024.0], [49277.0, 53858.0], [49416.0, 53687.0], [49723.0, 53564.0], [50050.0, 53545.0], [50063.0, 52738.0], [50300.0, 52722.0], [50598.0, 52482.0], [50625.0, 52347.0], [50723.0, 52334.0], [50903.0, 52287.0], [50990.0, 52200.0], [51042.0, 52031.0], [51471.0, 51861.0], [51613.0, 51513.0], [52027.0, 51275.0], [52201.0, 51034.0], [52261.0, 50908.0], [52508.0, 50774.0], [52777.0, 50393.0], [53561.0, 50293.0], [53779.0, 49968.0], [53785.0, 49761.0], [53897.0, 49663.0], [54190.0, 49527.0], [54399.0, 49318.0], [54467.0, 48623.0], [54513.0, 47475.0], [54908.0, 45834.0], [55217.0, 45174.0], [55387.0, 44491.0], [55549.0, 44204.0], [55634.0, 44133.0], [55703.0, 43644.0], [56049.0, 42896.0], [56094.0, 42743.0], [56295.0, 41969.0], [56611.0, 41815.0], [56850.0, 39280.0], [56934.0, 38720.0], [57083.0, 38316.0], [57267.0, 36345.0], [57382.0, 36191.0], [57482.0, 35869.0], [57531.0, 35507.0], [57584.0, 35470.0], [57604.0, 35368.0], [57707.0, 35267.0]]

size_X_E = 70
