vars = 250 ; constr = 10 
 # informations of B&B algorithm : 
total_times_used = 300.75 
total_nodes = 3251 
pruned_nodes = 108 
GAP = 0.0 
relaxation_time = 293.6 
test_dominance_time = 0.0 
update_incumbent_time = 0.05 
tree_size = 18.471 
nb_nodes_EPB = 2338 
nb_nodes_VB = 912 
root_relax = true 
TO = true 


 # ----------- info about cuts : 
ite_total = 3147 
cuts_applied = 0 
sp_cuts = 0 
mp_cuts = 0 
cuts_total = 0 
times_calling_dicho = 293.6 
times_calling_separators = 4.34 
times_oper_cutPool = 0.0 
times_total_for_cuts = 297.25 
times_add_retrieve_cuts = 0.0 



size_Y_N = 105
Y_N = [[92828.0, 86115.0], [93062.0, 86003.0], [93117.0, 85913.0], [93262.0, 85908.0], [93657.0, 85826.0], [93772.0, 85618.0], [94324.0, 85524.0], [95356.0, 85501.0], [95408.0, 85371.0], [95697.0, 85222.0], [95990.0, 85220.0], [96185.0, 85206.0], [96487.0, 85071.0], [96491.0, 85024.0], [96676.0, 84984.0], [96916.0, 84881.0], [97092.0, 84844.0], [97194.0, 84738.0], [97405.0, 84670.0], [97518.0, 84544.0], [97703.0, 84512.0], [98027.0, 84434.0], [98144.0, 84334.0], [98357.0, 84161.0], [98744.0, 83945.0], [98927.0, 83892.0], [99272.0, 83693.0], [99309.0, 83657.0], [99357.0, 83650.0], [99507.0, 83512.0], [99760.0, 83393.0], [99977.0, 83126.0], [100199.0, 82945.0], [100301.0, 82866.0], [100636.0, 82756.0], [100742.0, 82556.0], [100944.0, 82518.0], [101193.0, 82408.0], [101308.0, 82158.0], [101432.0, 81764.0], [101737.0, 81758.0], [101740.0, 81713.0], [101825.0, 81636.0], [102262.0, 81597.0], [102294.0, 81517.0], [102359.0, 81422.0], [102432.0, 81408.0], [102597.0, 81306.0], [102680.0, 81231.0], [102766.0, 81121.0], [102923.0, 81083.0], [102934.0, 80878.0], [102938.0, 80872.0], [102981.0, 80819.0], [103071.0, 80780.0], [103254.0, 80739.0], [103284.0, 80736.0], [103578.0, 80599.0], [103641.0, 80388.0], [103665.0, 80280.0], [103944.0, 80244.0], [104082.0, 80110.0], [104113.0, 79930.0], [104404.0, 79799.0], [104405.0, 79749.0], [104542.0, 79673.0], [104666.0, 79470.0], [104870.0, 79421.0], [105125.0, 79367.0], [105201.0, 78978.0], [105292.0, 78647.0], [105298.0, 78641.0], [105326.0, 78640.0], [105428.0, 78635.0], [105490.0, 78564.0], [105554.0, 78532.0], [105649.0, 78255.0], [105988.0, 78061.0], [106065.0, 77792.0], [106205.0, 76689.0], [106341.0, 76663.0], [106504.0, 76407.0], [106660.0, 76270.0], [106754.0, 76115.0], [106863.0, 75804.0], [107296.0, 75742.0], [107441.0, 74468.0], [107719.0, 74066.0], [107921.0, 73564.0], [108052.0, 73334.0], [108165.0, 73297.0], [108369.0, 72491.0], [108719.0, 72010.0], [108866.0, 70465.0], [109149.0, 70301.0], [109446.0, 68631.0], [109627.0, 67573.0], [109637.0, 67277.0], [109902.0, 67157.0], [110037.0, 66458.0], [110183.0, 65453.0], [110466.0, 64177.0], [110474.0, 63555.0], [110606.0, 63393.0], [110724.0, 63048.0]]

size_X_E = 105
