vars = 500 ; constr = 5 
 # informations of B&B algorithm : 
total_times_used = 300.12 
total_nodes = 2962 
pruned_nodes = 307 
GAP = 0.0 
relaxation_time = 289.2 
test_dominance_time = 0.09 
update_incumbent_time = 0.06 
tree_size = 27.774 
nb_nodes_EPB = 2143 
nb_nodes_VB = 818 
root_relax = true 
TO = true 


 # ----------- info about cuts : 
ite_total = 2680 
cuts_applied = 1 
sp_cuts = 1 
mp_cuts = 0 
cuts_total = 1 
times_calling_dicho = 289.2 
times_calling_separators = 4.27 
times_oper_cutPool = 0.0 
times_total_for_cuts = 290.16 
times_add_retrieve_cuts = 0.0 



size_Y_N = 148
Y_N = [[276598.0, 253952.0], [276788.0, 253879.0], [278050.0, 253769.0], [278124.0, 253724.0], [278470.0, 253695.0], [279478.0, 253560.0], [279670.0, 253381.0], [280117.0, 253355.0], [280495.0, 253216.0], [280736.0, 253214.0], [280855.0, 252969.0], [281377.0, 252949.0], [281942.0, 252740.0], [281988.0, 252655.0], [281998.0, 252591.0], [282645.0, 252577.0], [283080.0, 252379.0], [283090.0, 252078.0], [283359.0, 251862.0], [283527.0, 251832.0], [283752.0, 251813.0], [283770.0, 251671.0], [283833.0, 251623.0], [283948.0, 251619.0], [284246.0, 251553.0], [284419.0, 251419.0], [284442.0, 251378.0], [284658.0, 251339.0], [284855.0, 251162.0], [285057.0, 251139.0], [285059.0, 251103.0], [285138.0, 250957.0], [285176.0, 250954.0], [285347.0, 250894.0], [285372.0, 250802.0], [285428.0, 250801.0], [285561.0, 250792.0], [285848.0, 250522.0], [285887.0, 250440.0], [286199.0, 250411.0], [286308.0, 250141.0], [286345.0, 250102.0], [286546.0, 249974.0], [286986.0, 249808.0], [287292.0, 249467.0], [287328.0, 249214.0], [287423.0, 249086.0], [287732.0, 249070.0], [287794.0, 248872.0], [287909.0, 248864.0], [288198.0, 248255.0], [288241.0, 248163.0], [288504.0, 248142.0], [288569.0, 247875.0], [288575.0, 247805.0], [288844.0, 247794.0], [288958.0, 247745.0], [289054.0, 247715.0], [289084.0, 247246.0], [289384.0, 247221.0], [289541.0, 246878.0], [289646.0, 246669.0], [289671.0, 246407.0], [289672.0, 246321.0], [289680.0, 246182.0], [290003.0, 246078.0], [290172.0, 246008.0], [290509.0, 245706.0], [290541.0, 245601.0], [290654.0, 245236.0], [290676.0, 245154.0], [290709.0, 245104.0], [290834.0, 244926.0], [290852.0, 244756.0], [290889.0, 244561.0], [291054.0, 244167.0], [291179.0, 244110.0], [291434.0, 243866.0], [291478.0, 243657.0], [291651.0, 243627.0], [291682.0, 243106.0], [292062.0, 242661.0], [292549.0, 241953.0], [292698.0, 241538.0], [292725.0, 241493.0], [292821.0, 240814.0], [292987.0, 240677.0], [293052.0, 240070.0], [293244.0, 240026.0], [293331.0, 239635.0], [293341.0, 239603.0], [293379.0, 239499.0], [293403.0, 239414.0], [293588.0, 239325.0], [293691.0, 238765.0], [293712.0, 238699.0], [293819.0, 238372.0], [293851.0, 237967.0], [293983.0, 237550.0], [294003.0, 237395.0], [294007.0, 236479.0], [294136.0, 236307.0], [294268.0, 236215.0], [294374.0, 235753.0], [294512.0, 235444.0], [294598.0, 234267.0], [294670.0, 234250.0], [294820.0, 234154.0], [294849.0, 234145.0], [294907.0, 233191.0], [294922.0, 232366.0], [295086.0, 232346.0], [295362.0, 232012.0], [295505.0, 230756.0], [295525.0, 230420.0], [295742.0, 230150.0], [295826.0, 229505.0], [295942.0, 227325.0], [296274.0, 226991.0], [296275.0, 226415.0], [296284.0, 225534.0], [296471.0, 224896.0], [296680.0, 224259.0], [296730.0, 223401.0], [296932.0, 222182.0], [297038.0, 220434.0], [297184.0, 219817.0], [297295.0, 219720.0], [297389.0, 219545.0], [297426.0, 218030.0], [297521.0, 216357.0], [297560.0, 215594.0], [297627.0, 214160.0], [297802.0, 213255.0], [297867.0, 212442.0], [298200.0, 212094.0], [298301.0, 210283.0], [298454.0, 210135.0], [298557.0, 205721.0], [298681.0, 204265.0], [298876.0, 202154.0], [299022.0, 196407.0], [299125.0, 195770.0], [299329.0, 195615.0], [299509.0, 188667.0], [299683.0, 182989.0], [299719.0, 182429.0], [299736.0, 181452.0]]

size_X_E = 148
