vars = 250 ; constr = 10 
 # informations of B&B algorithm : 
total_times_used = 300.26 
total_nodes = 3346 
pruned_nodes = 237 
GAP = 0.0 
relaxation_time = 293.41 
test_dominance_time = 0.01 
update_incumbent_time = 0.03 
tree_size = 18.49 
nb_nodes_EPB = 2285 
nb_nodes_VB = 1060 
root_relax = true 
TO = true 


 # ----------- info about cuts : 
ite_total = 3130 
cuts_applied = 0 
sp_cuts = 0 
mp_cuts = 0 
cuts_total = 0 
times_calling_dicho = 293.41 
times_calling_separators = 3.61 
times_oper_cutPool = 0.0 
times_total_for_cuts = 296.01 
times_add_retrieve_cuts = 0.0 



size_Y_N = 80
Y_N = [[43149.0, 50414.0], [43583.0, 50358.0], [44168.0, 50200.0], [44304.0, 50096.0], [44737.0, 49963.0], [44878.0, 49853.0], [44924.0, 49849.0], [45037.0, 49842.0], [45333.0, 49764.0], [45673.0, 49753.0], [45830.0, 49677.0], [46164.0, 49593.0], [46416.0, 49457.0], [46535.0, 49279.0], [46881.0, 49253.0], [47092.0, 49247.0], [47234.0, 49167.0], [47247.0, 49163.0], [47786.0, 49057.0], [48031.0, 48902.0], [48078.0, 48891.0], [48135.0, 48696.0], [48254.0, 48600.0], [48257.0, 48555.0], [48292.0, 48538.0], [48818.0, 48459.0], [48886.0, 48273.0], [49079.0, 48199.0], [49363.0, 48042.0], [49968.0, 47953.0], [50155.0, 47426.0], [50379.0, 47401.0], [50424.0, 47275.0], [50510.0, 47155.0], [50589.0, 47101.0], [50848.0, 47075.0], [51375.0, 46769.0], [51376.0, 46547.0], [51574.0, 46242.0], [51790.0, 45880.0], [51822.0, 45865.0], [52235.0, 45752.0], [52658.0, 45709.0], [53080.0, 45570.0], [53181.0, 45315.0], [53706.0, 45092.0], [53743.0, 44561.0], [53791.0, 44443.0], [53850.0, 44230.0], [53914.0, 43980.0], [53915.0, 43951.0], [54159.0, 43846.0], [54326.0, 43802.0], [54457.0, 43713.0], [54644.0, 43071.0], [54738.0, 42731.0], [55063.0, 42371.0], [55133.0, 41730.0], [55529.0, 41440.0], [55531.0, 41173.0], [55821.0, 41006.0], [55896.0, 40699.0], [55926.0, 40478.0], [56291.0, 40212.0], [56363.0, 39336.0], [56633.0, 39193.0], [56848.0, 38535.0], [57079.0, 37452.0], [57345.0, 37450.0], [57574.0, 36513.0], [57612.0, 36349.0], [57710.0, 35543.0], [57909.0, 35099.0], [58080.0, 35062.0], [58354.0, 34802.0], [58406.0, 34092.0], [58825.0, 33322.0], [59053.0, 32507.0], [59092.0, 32505.0], [59210.0, 32185.0]]

size_X_E = 80
