vars = 500 ; constr = 10 
 # informations of B&B algorithm : 
total_times_used = 305.55 
total_nodes = 1880 
pruned_nodes = 125 
GAP = 0.0 
relaxation_time = 296.76 
test_dominance_time = 0.0 
update_incumbent_time = 0.04 
tree_size = 18.448 
nb_nodes_EPB = 1275 
nb_nodes_VB = 604 
root_relax = true 
TO = true 


 # ----------- info about cuts : 
ite_total = 1755 
cuts_applied = 10 
sp_cuts = 10 
mp_cuts = 0 
cuts_total = 10 
times_calling_dicho = 296.76 
times_calling_separators = 5.76 
times_oper_cutPool = 0.0 
times_total_for_cuts = 300.3 
times_add_retrieve_cuts = 0.01 



size_Y_N = 124
Y_N = [[275921.0, 242955.0], [275999.0, 242900.0], [276007.0, 242855.0], [276146.0, 242760.0], [276277.0, 242757.0], [276291.0, 242729.0], [276632.0, 242690.0], [277901.0, 242563.0], [278407.0, 242282.0], [278428.0, 242276.0], [278571.0, 242252.0], [278817.0, 242082.0], [279496.0, 242069.0], [279702.0, 241933.0], [280468.0, 241876.0], [280841.0, 241873.0], [281006.0, 241775.0], [281401.0, 241766.0], [281454.0, 241560.0], [281885.0, 241507.0], [282006.0, 241308.0], [282216.0, 241301.0], [282495.0, 241227.0], [282775.0, 241175.0], [282913.0, 241000.0], [283079.0, 240994.0], [283489.0, 240569.0], [283747.0, 240520.0], [284034.0, 240428.0], [284521.0, 240188.0], [284569.0, 240177.0], [284585.0, 240109.0], [284857.0, 240078.0], [285186.0, 240024.0], [285349.0, 239845.0], [285674.0, 239799.0], [285908.0, 239736.0], [285956.0, 239659.0], [286167.0, 239406.0], [286202.0, 239402.0], [286299.0, 239364.0], [286453.0, 239249.0], [286727.0, 239155.0], [286915.0, 239123.0], [287120.0, 239002.0], [287307.0, 238653.0], [287422.0, 238530.0], [287539.0, 238512.0], [287945.0, 238229.0], [288329.0, 238044.0], [288359.0, 237716.0], [288601.0, 237651.0], [288942.0, 237300.0], [289025.0, 237165.0], [289145.0, 237155.0], [289249.0, 237119.0], [289620.0, 236857.0], [289628.0, 236255.0], [289790.0, 236172.0], [289836.0, 236047.0], [290098.0, 235957.0], [290105.0, 235951.0], [290172.0, 235889.0], [290483.0, 235740.0], [290950.0, 235727.0], [291137.0, 235565.0], [291250.0, 235096.0], [291259.0, 234823.0], [291866.0, 234581.0], [292052.0, 234398.0], [292367.0, 234117.0], [292381.0, 233342.0], [292693.0, 232892.0], [293184.0, 232796.0], [293220.0, 232383.0], [293222.0, 232336.0], [293498.0, 232249.0], [293748.0, 231993.0], [293889.0, 231881.0], [294101.0, 231779.0], [294534.0, 231739.0], [294817.0, 231101.0], [294978.0, 230703.0], [295041.0, 230695.0], [295194.0, 230661.0], [295321.0, 230429.0], [295453.0, 230407.0], [295509.0, 230271.0], [295545.0, 230056.0], [295703.0, 229648.0], [295902.0, 229451.0], [296081.0, 228827.0], [296105.0, 228376.0], [296483.0, 228299.0], [296516.0, 227585.0], [296598.0, 227064.0], [296829.0, 226824.0], [296853.0, 226680.0], [296870.0, 226596.0], [297079.0, 226401.0], [297294.0, 225863.0], [297463.0, 225688.0], [297759.0, 225003.0], [297977.0, 224507.0], [298194.0, 224074.0], [298200.0, 223216.0], [298381.0, 223185.0], [298576.0, 222100.0], [298692.0, 222013.0], [298933.0, 221446.0], [299081.0, 220103.0], [299209.0, 219551.0], [299255.0, 219533.0], [299354.0, 219304.0], [299514.0, 218215.0], [299523.0, 217820.0], [299847.0, 217715.0], [300152.0, 212052.0], [300335.0, 211548.0], [300540.0, 210394.0], [300812.0, 205444.0], [300859.0, 205030.0], [301007.0, 204821.0], [301187.0, 204391.0]]

size_X_E = 124
