vars = 250 ; constr = 5 
 # informations of B&B algorithm : 
total_times_used = 300.1 
total_nodes = 5258 
pruned_nodes = 640 
GAP = 0.0 
relaxation_time = 289.68 
test_dominance_time = 0.25 
update_incumbent_time = 0.04 
tree_size = 28.009 
nb_nodes_EPB = 2791 
nb_nodes_VB = 2466 
root_relax = true 
TO = true 


 # ----------- info about cuts : 
ite_total = 4815 
cuts_applied = 2 
sp_cuts = 2 
mp_cuts = 0 
cuts_total = 2 
times_calling_dicho = 289.68 
times_calling_separators = 3.38 
times_oper_cutPool = 0.0 
times_total_for_cuts = 290.63 
times_add_retrieve_cuts = 0.0 



size_Y_N = 102
Y_N = [[95659.0, 112697.0], [95723.0, 112671.0], [95756.0, 112670.0], [96220.0, 112668.0], [96358.0, 112590.0], [97233.0, 112434.0], [97522.0, 112218.0], [97585.0, 112215.0], [97616.0, 112124.0], [97871.0, 112098.0], [97913.0, 112014.0], [98704.0, 111986.0], [98754.0, 111795.0], [98875.0, 111698.0], [99018.0, 111569.0], [99501.0, 111480.0], [99632.0, 111186.0], [99852.0, 111055.0], [99858.0, 110969.0], [99943.0, 110891.0], [100059.0, 110848.0], [100287.0, 110775.0], [100580.0, 110760.0], [100675.0, 110723.0], [100722.0, 110450.0], [100859.0, 110425.0], [100903.0, 110200.0], [100940.0, 110179.0], [101047.0, 110059.0], [101171.0, 110053.0], [101236.0, 109919.0], [101410.0, 109524.0], [101708.0, 109445.0], [101724.0, 109436.0], [101900.0, 109168.0], [102005.0, 109150.0], [102170.0, 108987.0], [102256.0, 108871.0], [102272.0, 108860.0], [102405.0, 108669.0], [102441.0, 108465.0], [102492.0, 108186.0], [102733.0, 108184.0], [102840.0, 108100.0], [102850.0, 107849.0], [102870.0, 107533.0], [103117.0, 107258.0], [103174.0, 107068.0], [103695.0, 106692.0], [103731.0, 106515.0], [103763.0, 106043.0], [103983.0, 105907.0], [103988.0, 105893.0], [104197.0, 105458.0], [104448.0, 105214.0], [104463.0, 105142.0], [104498.0, 104787.0], [104690.0, 104453.0], [104804.0, 104349.0], [104832.0, 103987.0], [104973.0, 103542.0], [105227.0, 103433.0], [105333.0, 103283.0], [105397.0, 103135.0], [105493.0, 102975.0], [105608.0, 102481.0], [105755.0, 102455.0], [105963.0, 102362.0], [105980.0, 101904.0], [106057.0, 101633.0], [106066.0, 101135.0], [106123.0, 101013.0], [106204.0, 100150.0], [106241.0, 99965.0], [106243.0, 99764.0], [106299.0, 99738.0], [106387.0, 99378.0], [106413.0, 99244.0], [106589.0, 98868.0], [106749.0, 98754.0], [106861.0, 96803.0], [107284.0, 95833.0], [107397.0, 95540.0], [107552.0, 95233.0], [107995.0, 95124.0], [108016.0, 92588.0], [108144.0, 92266.0], [108550.0, 91870.0], [108651.0, 90356.0], [108864.0, 89290.0], [109126.0, 87247.0], [109434.0, 86795.0], [109441.0, 80983.0], [109603.0, 80873.0], [109723.0, 80387.0], [109889.0, 79760.0], [110039.0, 79020.0], [110081.0, 76376.0], [110116.0, 74179.0], [110319.0, 73992.0], [110390.0, 72893.0], [110535.0, 71289.0]]

size_X_E = 102
