vars = 100 ; constr = 5 
 # informations of B&B algorithm : 
total_times_used = 3600.04 
total_nodes = 129039 
pruned_nodes = 40671 
GAP = 0.0 
relaxation_time = 3474.56 
test_dominance_time = 4.98 
update_incumbent_time = 0.28 
tree_size = 370.144 
nb_nodes_EPB = 36518 
nb_nodes_VB = 92520 
root_relax = true 
TO = true 


 # ----------- info about cuts : 
ite_total = 98259 
cuts_applied = 168 
sp_cuts = 168 
mp_cuts = 0 
cuts_total = 168 
times_calling_dicho = 3474.56 
times_calling_separators = 25.58 
times_oper_cutPool = 0.02 
times_total_for_cuts = 3356.86 
times_add_retrieve_cuts = 0.09 



size_Y_N = 70
Y_N = [[36923.0, 36084.0], [37264.0, 36041.0], [37525.0, 35965.0], [37542.0, 35828.0], [37721.0, 35741.0], [37817.0, 35719.0], [37845.0, 35691.0], [37979.0, 35680.0], [37997.0, 35616.0], [38135.0, 35545.0], [38332.0, 35528.0], [38461.0, 35411.0], [38474.0, 35396.0], [38489.0, 35362.0], [38703.0, 35337.0], [38741.0, 35217.0], [38918.0, 35202.0], [38949.0, 35059.0], [39123.0, 35019.0], [39248.0, 34840.0], [39497.0, 34710.0], [39514.0, 34540.0], [39600.0, 34527.0], [39622.0, 34209.0], [39744.0, 34137.0], [39753.0, 33917.0], [39914.0, 33908.0], [39976.0, 33685.0], [40007.0, 33657.0], [40067.0, 33605.0], [40109.0, 33559.0], [40226.0, 33462.0], [40283.0, 33334.0], [40391.0, 33280.0], [40456.0, 33091.0], [40483.0, 33052.0], [40501.0, 33015.0], [40538.0, 32926.0], [40586.0, 32910.0], [40604.0, 32612.0], [40614.0, 32463.0], [40688.0, 32386.0], [40709.0, 32246.0], [40722.0, 32193.0], [40913.0, 32167.0], [40987.0, 31353.0], [41062.0, 31067.0], [41135.0, 30829.0], [41203.0, 30782.0], [41214.0, 30228.0], [41255.0, 30211.0], [41293.0, 30176.0], [41306.0, 30013.0], [41375.0, 29760.0], [41538.0, 29576.0], [41589.0, 28687.0], [41627.0, 28650.0], [41698.0, 28210.0], [41722.0, 28077.0], [41827.0, 27304.0], [41841.0, 26961.0], [41858.0, 26652.0], [41899.0, 26423.0], [41935.0, 26359.0], [41969.0, 26068.0], [42045.0, 25748.0], [42081.0, 25556.0], [42116.0, 25176.0], [42123.0, 24684.0], [42133.0, 23750.0]]

size_X_E = 70
