vars = 35 ; constr = 1 
 # informations of B&B algorithm : 
total_times_used = 160.32 
total_nodes = 172482 
pruned_nodes = 86395 
GAP = 0.0 
relaxation_time = 74.26 
test_dominance_time = 0.43 
update_incumbent_time = 0.04 
tree_size = 340.073 
nb_nodes_EPB = 13045 
nb_nodes_VB = 159436 
root_relax = false 
TO = false 
rootLBS = 33 
LBSexhaustive = true 
 位_strategy = 0 
 位_min = 0 
 位_max = 0 
位_acc = 0.0 
total_time_cplex = 0.0 
total_time_fusion = 0.0 
heur = false 
heur_time = 0.0 


size_Y_N = 73
Y_N = [[5450.0, 12305.0], [5862.0, 12302.0], [6062.0, 12299.0], [6169.0, 12284.0], [6250.0, 12207.0], [6422.0, 12192.0], [6992.0, 12189.0], [7008.0, 12135.0], [7196.0, 12043.0], [7405.0, 11961.0], [7562.0, 11886.0], [7691.0, 11867.0], [8103.0, 11864.0], [8110.0, 11751.0], [8337.0, 11617.0], [8353.0, 11572.0], [8414.0, 11549.0], [8494.0, 11542.0], [8555.0, 11519.0], [8564.0, 11474.0], [8586.0, 11420.0], [8606.0, 11342.0], [8617.0, 11323.0], [8648.0, 11302.0], [8678.0, 11300.0], [8682.0, 11277.0], [8948.0, 11254.0], [8955.0, 11141.0], [8999.0, 11077.0], [9045.0, 11043.0], [9257.0, 11011.0], [9318.0, 10988.0], [9325.0, 10875.0], [9350.0, 10865.0], [9369.0, 10811.0], [9457.0, 10757.0], [9491.0, 10730.0], [9552.0, 10707.0], [9609.0, 10580.0], [9613.0, 10557.0], [9674.0, 10534.0], [9802.0, 10417.0], [9815.0, 10399.0], [9843.0, 10333.0], [9864.0, 10324.0], [9925.0, 10301.0], [9929.0, 10278.0], [10036.0, 10170.0], [10234.0, 10058.0], [10285.0, 9881.0], [10422.0, 9746.0], [10519.0, 9634.0], [10649.0, 9464.0], [10660.0, 9415.0], [10700.0, 9287.0], [10739.0, 9284.0], [10836.0, 9172.0], [10855.0, 9048.0], [10934.0, 9040.0], [11024.0, 8860.0], [11046.0, 8628.0], [11114.0, 8586.0], [11251.0, 8578.0], [11295.0, 8320.0], [11328.0, 8199.0], [11350.0, 7967.0], [11413.0, 7963.0], [11580.0, 7732.0], [11640.0, 7681.0], [11662.0, 7449.0], [11717.0, 7302.0], [11739.0, 7070.0], [11743.0, 6604.0]]
