vars = 56 ; constr = 56 
 # informations of B&B algorithm : 
total_times_used = 90.17 
total_nodes = 14837 
pruned_nodes = 7419 
GAP = 0.0 
relaxation_time = 83.1 
test_dominance_time = 0.08 
update_incumbent_time = 3.55 
tree_size = 45.185 
nb_nodes_EPB = 0 
nb_nodes_VB = 14836 
root_relax = true 
TO = false 
rootLBS = 19 
LBSexhaustive = true 
 位_strategy = 0 
 位_min = 0 
 位_max = 0 
位_acc = 0.0 
total_time_cplex = 0.0 
total_time_fusion = 0.0 
heur = false 
heur_time = 0.0 


size_Y_N = 86
Y_N = [[7785.0, 13332.0], [7882.0, 13110.0], [7897.0, 13095.0], [7923.0, 13021.0], [7983.0, 12875.0], [7994.0, 12873.0], [8160.0, 12856.0], [8269.0, 12767.0], [8299.0, 12758.0], [8332.0, 12757.0], [8403.0, 12676.0], [8424.0, 12219.0], [8601.0, 12200.0], [8662.0, 12154.0], [8669.0, 12069.0], [8722.0, 12008.0], [8944.0, 11963.0], [8974.0, 11954.0], [9042.0, 11563.0], [9104.0, 11552.0], [9107.0, 11538.0], [9251.0, 11515.0], [9298.0, 11475.0], [9311.0, 11369.0], [9385.0, 11307.0], [9436.0, 11245.0], [9619.0, 11229.0], [9690.0, 11192.0], [9704.0, 11070.0], [9708.0, 10980.0], [9722.0, 10896.0], [9891.0, 10888.0], [9898.0, 10843.0], [9935.0, 10836.0], [9955.0, 10794.0], [10014.0, 10703.0], [10038.0, 10681.0], [10063.0, 10676.0], [10125.0, 10665.0], [10128.0, 10651.0], [10152.0, 10473.0], [10335.0, 10457.0], [10388.0, 10313.0], [10496.0, 10229.0], [10553.0, 10180.0], [10615.0, 10169.0], [10618.0, 10155.0], [10635.0, 10127.0], [10693.0, 10102.0], [10728.0, 10098.0], [10730.0, 10027.0], [10743.0, 10009.0], [10832.0, 10000.0], [10896.0, 9924.0], [10976.0, 9877.0], [11155.0, 9871.0], [11159.0, 9861.0], [11166.0, 9809.0], [11199.0, 9571.0], [11233.0, 9513.0], [11253.0, 9415.0], [11357.0, 9398.0], [11430.0, 9386.0], [11525.0, 9320.0], [11546.0, 9286.0], [11631.0, 9258.0], [11826.0, 8942.0], [11899.0, 8930.0], [11995.0, 8916.0], [12009.0, 8850.0], [12082.0, 8838.0], [12185.0, 8832.0], [12218.0, 8825.0], [12279.0, 8720.0], [12375.0, 8709.0], [12382.0, 8674.0], [12396.0, 8661.0], [12568.0, 8443.0], [12641.0, 8431.0], [12751.0, 8351.0], [12824.0, 8339.0], [12881.0, 8306.0], [12908.0, 8278.0], [12931.0, 8117.0], [13004.0, 8105.0], [13257.0, 8102.0]]
