vars = 448 ; constr = 672 
 # informations of B&B algorithm : 
total_times_used = 3606.42 
total_nodes = 2539 
pruned_nodes = 74 
GAP = 0.0 
relaxation_time = 3601.95 
test_dominance_time = 0.01 
update_incumbent_time = 0.12 
tree_size = 20.056 
nb_nodes_EPB = 1308 
nb_nodes_VB = 1230 
root_relax = true 
TO = true 

size_Y_N = 88
Y_N = [[24194.0, 56676.0], [24355.0, 56200.0], [24394.0, 55714.0], [24403.0, 55469.0], [24601.0, 54876.0], [24973.0, 54474.0], [24979.0, 53934.0], [25229.0, 52970.0], [25634.0, 52758.0], [25821.0, 52661.0], [26692.0, 52308.0], [26777.0, 51468.0], [26780.0, 51183.0], [26781.0, 50759.0], [27113.0, 49772.0], [28473.0, 47499.0], [28508.0, 47476.0], [28532.0, 47146.0], [30496.0, 45697.0], [30512.0, 44675.0], [30573.0, 44244.0], [30885.0, 43399.0], [34105.0, 39967.0], [34197.0, 39474.0], [34198.0, 38749.0], [34400.0, 38736.0], [36516.0, 35913.0], [36533.0, 35860.0], [37064.0, 34776.0], [37068.0, 31325.0], [37592.0, 30008.0], [37969.0, 29113.0], [38327.0, 28548.0], [39105.0, 27352.0], [39612.0, 26159.0], [40502.0, 26151.0], [40928.0, 25862.0], [41163.0, 25627.0], [41461.0, 24743.0], [41845.0, 24614.0], [42583.0, 24106.0], [42627.0, 23998.0], [43086.0, 23399.0], [44485.0, 22090.0], [45229.0, 21989.0], [45272.0, 21965.0], [48996.0, 20500.0], [48997.0, 20091.0], [50435.0, 18737.0], [50487.0, 18732.0], [50965.0, 17139.0], [50970.0, 17123.0], [50992.0, 17112.0], [51087.0, 17088.0], [51094.0, 17072.0], [52151.0, 16574.0], [52639.0, 16385.0], [52666.0, 16278.0], [52756.0, 16165.0], [53187.0, 15945.0], [53206.0, 15931.0], [53221.0, 15745.0], [53260.0, 15742.0], [53262.0, 15679.0], [53291.0, 15657.0], [53314.0, 15618.0], [53325.0, 15605.0], [53481.0, 15593.0], [53482.0, 15572.0], [53719.0, 15560.0], [53723.0, 15540.0], [53916.0, 15449.0], [53928.0, 15444.0], [53997.0, 15365.0], [54157.0, 15335.0], [54228.0, 15325.0], [54418.0, 15312.0], [54434.0, 15150.0], [54713.0, 15148.0], [55415.0, 15132.0], [55430.0, 14943.0], [55685.0, 14929.0], [56060.0, 14902.0], [56731.0, 14892.0], [57240.0, 14878.0], [57784.0, 14876.0], [57785.0, 14871.0], [57881.0, 14798.0]]

size_X_E = 88
