n=15
density=100
Q1=[87 0 0 0 0 0 0 0 0 0 0 0 0 0 0 ;
91 60 0 0 0 0 0 0 0 0 0 0 0 0 0 ;
35 38 23 0 0 0 0 0 0 0 0 0 0 0 0 ;
2 71 21 32 0 0 0 0 0 0 0 0 0 0 0 ;
68 67 44 65 51 0 0 0 0 0 0 0 0 0 0 ;
98 91 46 49 69 8 0 0 0 0 0 0 0 0 0 ;
54 92 85 9 79 62 50 0 0 0 0 0 0 0 0 ;
9 50 5 34 1 22 97 68 0 0 0 0 0 0 0 ;
41 11 35 40 76 4 58 2 74 0 0 0 0 0 0 ;
4 9 42 45 22 85 10 72 21 87 0 0 0 0 0 ;
17 99 83 27 52 66 94 75 90 83 66 0 0 0 0 ;
35 72 81 54 68 100 74 16 71 87 36 19 0 0 0 ;
46 74 43 96 25 48 91 67 19 18 5 12 34 0 0 ;
25 61 90 9 15 53 62 7 12 56 68 30 68 56 0 ;
67 1 87 22 28 78 95 20 23 92 79 8 57 50 78 ]
w=[47, 29, 49, 24, 43, 27, 13, 29, 43, 18, 1, 21, 14, 19, 3]
W=59 
k=2 
inst_name = "QKP_15_100_100" 
feasible = true 
Q2=[12 0 0 0 0 0 0 0 0 0 0 0 0 0 0; 2 25 0 0 0 0 0 0 0 0 0 0 0 0 0; 93 87 80 0 0 0 0 0 0 0 0 0 0 0 0; 98 6 100 81 0 0 0 0 0 0 0 0 0 0 0; 18 21 91 0 41 0 0 0 0 0 0 0 0 0 0; 1 3 54 75 23 94 0 0 0 0 0 0 0 0 0; 11 4 0 96 15 12 48 0 0 0 0 0 0 0 0; 98 29 99 87 99 100 1 7 0 0 0 0 0 0 0; 95 93 76 96 1 96 36 99 9 0 0 0 0 0 0; 98 91 78 95 79 8 100 8 91 4 0 0 0 0 0; 88 1 2 88 27 24 4 13 7 4 11 0 0 0 0; 74 25 13 32 9 0 2 98 16 1 100 89 0 0 0; 90 24 69 2 92 76 3 5 88 93 96 98 94 0 0; 84 7 7 93 94 37 6 94 91 40 17 87 7 35 0; 30 100 7 97 96 6 0 100 77 8 17 100 28 11 9]
