n=13
density=100
Q1=[34 0 0 0 0 0 0 0 0 0 0 0 0 ;
78 23 0 0 0 0 0 0 0 0 0 0 0 ;
18 29 46 0 0 0 0 0 0 0 0 0 0 ;
73 34 24 15 0 0 0 0 0 0 0 0 0 ;
75 30 67 100 50 0 0 0 0 0 0 0 0 ;
37 42 69 80 72 43 0 0 0 0 0 0 0 ;
53 63 48 8 50 81 57 0 0 0 0 0 0 ;
24 53 52 81 100 57 72 51 0 0 0 0 0 ;
48 58 62 71 95 11 61 21 89 0 0 0 0 ;
19 64 97 56 33 16 25 7 84 2 0 0 0 ;
20 18 78 86 39 85 89 34 73 6 5 0 0 ;
38 35 56 25 23 47 21 79 58 18 63 34 0 ;
49 17 22 67 16 19 62 14 18 29 12 27 57 ]
w=[4, 12, 26, 1, 14, 48, 20, 40, 4, 17, 10, 38, 19]
W=55 
inst_name = "QKP_13_100_100" 
feasible = true 
Q2=[98 0 0 0 0 0 0 0 0 0 0 0 0; 5 96 0 0 0 0 0 0 0 0 0 0 0; 88 97 90 0 0 0 0 0 0 0 0 0 0; 20 95 80 97 0 0 0 0 0 0 0 0 0; 18 90 22 0 41 0 0 0 0 0 0 0 0; 98 92 22 3 9 93 0 0 0 0 0 0 0; 19 28 76 94 16 10 9 0 0 0 0 0 0; 97 24 4 2 0 31 20 16 0 0 0 0 0; 89 19 7 8 1 90 36 98 11 0 0 0 0; 91 18 2 43 77 89 77 99 9 98 0 0 0; 100 97 6 11 95 14 4 82 3 97 96 0 0; 88 99 23 78 81 56 85 13 13 87 20 95 0; 81 83 97 12 85 82 0 93 84 83 88 75 43]
