n=23
density=100
Q1=[3 0 0 0 0 0 0 0 0 0 0 0 0 0 0 0 0 0 0 0 0 0 0 ;
43 8 0 0 0 0 0 0 0 0 0 0 0 0 0 0 0 0 0 0 0 0 0 ;
47 78 87 0 0 0 0 0 0 0 0 0 0 0 0 0 0 0 0 0 0 0 0 ;
14 71 61 100 0 0 0 0 0 0 0 0 0 0 0 0 0 0 0 0 0 0 0 ;
96 63 4 81 11 0 0 0 0 0 0 0 0 0 0 0 0 0 0 0 0 0 0 ;
94 35 2 81 53 72 0 0 0 0 0 0 0 0 0 0 0 0 0 0 0 0 0 ;
62 12 29 61 47 38 22 0 0 0 0 0 0 0 0 0 0 0 0 0 0 0 0 ;
49 38 65 46 5 78 53 88 0 0 0 0 0 0 0 0 0 0 0 0 0 0 0 ;
65 27 71 20 100 80 42 78 14 0 0 0 0 0 0 0 0 0 0 0 0 0 0 ;
44 93 70 53 78 57 6 84 13 27 0 0 0 0 0 0 0 0 0 0 0 0 0 ;
5 23 51 43 56 38 70 83 58 91 58 0 0 0 0 0 0 0 0 0 0 0 0 ;
75 72 85 22 44 68 34 64 71 59 76 55 0 0 0 0 0 0 0 0 0 0 0 ;
90 98 23 12 5 12 11 27 19 22 33 56 98 0 0 0 0 0 0 0 0 0 0 ;
97 21 6 85 87 97 98 39 52 88 84 22 76 40 0 0 0 0 0 0 0 0 0 ;
3 81 55 18 76 14 11 68 27 48 83 32 81 46 66 0 0 0 0 0 0 0 0 ;
68 64 43 26 4 29 90 75 98 40 79 29 84 70 96 20 0 0 0 0 0 0 0 ;
1 64 58 52 18 36 42 80 65 41 62 5 59 66 77 42 24 0 0 0 0 0 0 ;
55 15 78 43 84 29 63 58 68 3 58 43 8 52 35 6 39 77 0 0 0 0 0 ;
68 99 82 70 18 51 10 25 49 80 50 33 79 5 81 43 54 17 36 0 0 0 0 ;
24 38 64 96 72 94 97 51 64 38 9 41 28 62 35 24 33 25 86 83 0 0 0 ;
63 40 17 54 6 65 73 19 14 46 77 52 7 85 65 14 32 62 67 44 78 0 0 ;
94 44 75 96 47 91 21 17 28 80 22 11 72 22 77 85 88 62 40 22 52 88 0 ;
6 56 55 60 48 82 3 50 29 34 59 96 63 46 96 8 33 84 96 4 16 5 1 ]
w=[23, 41, 41, 18, 11, 45, 35, 37, 49, 20, 17, 5, 44, 39, 49, 45, 40, 2, 18, 16, 8, 45, 24]
W=53 
k=2 
inst_name = "QKP_23_100_100" 
feasible = true 
Q2=[97 0 0 0 0 0 0 0 0 0 0 0 0 0 0 0 0 0 0 0 0 0 0; 93 93 0 0 0 0 0 0 0 0 0 0 0 0 0 0 0 0 0 0 0 0 0; 61 13 8 0 0 0 0 0 0 0 0 0 0 0 0 0 0 0 0 0 0 0 0; 87 7 6 0 0 0 0 0 0 0 0 0 0 0 0 0 0 0 0 0 0 0 0; 3 31 96 2 98 0 0 0 0 0 0 0 0 0 0 0 0 0 0 0 0 0 0; 3 94 99 6 38 22 0 0 0 0 0 0 0 0 0 0 0 0 0 0 0 0 0; 5 100 73 7 96 97 90 0 0 0 0 0 0 0 0 0 0 0 0 0 0 0 0; 66 77 28 74 97 20 33 7 0 0 0 0 0 0 0 0 0 0 0 0 0 0 0; 12 81 27 83 0 19 63 18 97 0 0 0 0 0 0 0 0 0 0 0 0 0 0; 85 6 26 17 3 42 100 3 100 97 0 0 0 0 0 0 0 0 0 0 0 0 0; 97 79 2 84 25 89 24 15 4 9 12 0 0 0 0 0 0 0 0 0 0 0 0; 16 28 7 96 66 5 77 14 13 9 4 30 0 0 0 0 0 0 0 0 0 0 0; 4 2 99 100 95 94 95 77 95 81 95 11 2 0 0 0 0 0 0 0 0 0 0; 1 87 98 15 11 3 0 89 34 9 0 95 15 71 0 0 0 0 0 0 0 0 0; 98 16 18 96 1 99 99 4 77 87 11 71 2 64 13 0 0 0 0 0 0 0 0; 3 24 83 82 99 94 5 7 1 92 21 72 6 12 4 93 0 0 0 0 0 0 0; 100 16 34 38 93 85 91 12 8 61 22 97 16 22 8 60 90 0 0 0 0 0 0; 44 87 7 75 7 73 17 41 25 100 9 73 93 7 78 95 100 3 0 0 0 0 0; 7 0 7 25 90 25 99 98 79 9 43 78 16 98 4 100 12 99 64 0 0 0 0; 81 99 0 0 23 3 0 9 22 84 98 96 85 5 73 91 75 79 9 4 0 0 0; 18 88 92 40 97 13 1 90 97 69 20 47 95 8 5 90 77 1 16 56 16 0 0; 0 87 8 4 80 1 87 99 73 4 84 99 25 99 22 15 11 8 91 87 40 10 0; 96 35 3 37 85 3 100 25 96 78 5 2 31 92 3 100 70 9 4 98 95 96 99]
