n=21
density=100
Q1=[50 0 0 0 0 0 0 0 0 0 0 0 0 0 0 0 0 0 0 0 0 ;
30 71 0 0 0 0 0 0 0 0 0 0 0 0 0 0 0 0 0 0 0 ;
30 69 58 0 0 0 0 0 0 0 0 0 0 0 0 0 0 0 0 0 0 ;
85 34 64 83 0 0 0 0 0 0 0 0 0 0 0 0 0 0 0 0 0 ;
3 26 27 64 10 0 0 0 0 0 0 0 0 0 0 0 0 0 0 0 0 ;
33 38 25 12 8 55 0 0 0 0 0 0 0 0 0 0 0 0 0 0 0 ;
61 31 92 60 18 57 29 0 0 0 0 0 0 0 0 0 0 0 0 0 0 ;
64 41 12 93 4 13 76 71 0 0 0 0 0 0 0 0 0 0 0 0 0 ;
72 74 98 51 19 87 45 97 29 0 0 0 0 0 0 0 0 0 0 0 0 ;
59 96 25 64 89 40 21 19 76 42 0 0 0 0 0 0 0 0 0 0 0 ;
8 42 46 2 43 57 13 94 41 14 97 0 0 0 0 0 0 0 0 0 0 ;
78 35 60 93 51 63 81 27 58 90 3 70 0 0 0 0 0 0 0 0 0 ;
41 93 2 83 48 83 82 74 70 33 88 19 69 0 0 0 0 0 0 0 0 ;
68 44 65 92 82 48 13 18 43 43 43 13 87 7 0 0 0 0 0 0 0 ;
6 48 38 69 39 17 70 43 14 71 70 51 24 9 81 0 0 0 0 0 0 ;
35 59 2 13 27 80 13 34 73 39 22 40 39 9 51 3 0 0 0 0 0 ;
68 11 49 63 37 83 9 27 72 40 45 92 30 61 80 29 3 0 0 0 0 ;
22 10 29 22 55 12 30 41 67 30 37 38 87 87 98 49 6 84 0 0 0 ;
47 66 41 45 21 86 57 52 12 51 45 64 26 84 24 66 85 20 91 0 0 ;
19 89 35 87 83 13 32 94 15 93 20 100 59 53 62 67 20 100 77 82 0 ;
66 55 88 13 69 40 52 2 97 21 40 71 34 40 48 97 43 65 14 27 25 ]
w=[30, 24, 18, 45, 32, 16, 42, 48, 10, 19, 26, 22, 49, 22, 12, 32, 21, 47, 35, 31, 13]
W=78 
k=5 
inst_name = "QKP_21_100_100" 
feasible = true 
Q2=[3 0 0 0 0 0 0 0 0 0 0 0 0 0 0 0 0 0 0 0 0; 76 25 0 0 0 0 0 0 0 0 0 0 0 0 0 0 0 0 0 0 0; 75 26 40 0 0 0 0 0 0 0 0 0 0 0 0 0 0 0 0 0 0; 6 97 0 16 0 0 0 0 0 0 0 0 0 0 0 0 0 0 0 0 0; 97 85 92 19 92 0 0 0 0 0 0 0 0 0 0 0 0 0 0 0 0; 73 97 96 92 93 24 0 0 0 0 0 0 0 0 0 0 0 0 0 0 0; 13 82 8 2 87 4 93 0 0 0 0 0 0 0 0 0 0 0 0 0 0; 16 69 90 0 96 93 3 13 0 0 0 0 0 0 0 0 0 0 0 0 0; 25 18 2 25 93 0 55 1 99 0 0 0 0 0 0 0 0 0 0 0 0; 10 1 91 24 11 63 95 91 17 71 0 0 0 0 0 0 0 0 0 0 0; 98 73 74 100 75 28 94 5 96 92 1 0 0 0 0 0 0 0 0 0 0; 16 83 15 4 33 14 13 86 0 1 99 20 0 0 0 0 0 0 0 0 0; 62 2 98 9 64 4 5 10 23 96 2 93 6 0 0 0 0 0 0 0 0; 20 58 35 3 3 73 93 86 57 83 84 99 6 94 0 0 0 0 0 0 0; 95 56 69 8 94 89 22 84 87 25 11 17 96 99 10 0 0 0 0 0 0; 66 19 98 91 87 1 92 92 22 72 83 97 77 97 28 97 0 0 0 0 0; 1 94 94 32 75 11 91 75 7 91 57 2 92 1 19 91 97 0 0 0 0; 90 93 91 88 8 93 87 62 4 74 63 74 11 6 1 60 96 9 0 0 0; 82 23 63 67 98 7 5 7 93 38 88 28 96 1 92 16 8 84 9 0 0; 82 0 76 0 10 100 94 5 100 4 90 0 40 9 4 25 100 0 22 18 0; 34 39 7 93 16 89 10 100 3 88 64 3 75 100 74 2 57 31 97 98 94]
