n=19
density=50
Q1=[100 0 0 0 0 0 0 0 0 0 0 0 0 0 0 0 0 0 0 ;
0 0 0 0 0 0 0 0 0 0 0 0 0 0 0 0 0 0 0 ;
22 0 48 0 0 0 0 0 0 0 0 0 0 0 0 0 0 0 0 ;
0 14 0 0 0 0 0 0 0 0 0 0 0 0 0 0 0 0 0 ;
89 0 45 10 90 0 0 0 0 0 0 0 0 0 0 0 0 0 0 ;
0 0 0 0 44 0 0 0 0 0 0 0 0 0 0 0 0 0 0 ;
0 72 83 78 2 49 31 0 0 0 0 0 0 0 0 0 0 0 0 ;
53 0 0 98 48 39 59 94 0 0 0 0 0 0 0 0 0 0 0 ;
23 46 15 74 0 0 46 0 0 0 0 0 0 0 0 0 0 0 0 ;
0 0 0 0 40 0 0 69 0 48 0 0 0 0 0 0 0 0 0 ;
0 45 0 100 9 65 17 0 0 0 0 0 0 0 0 0 0 0 0 ;
0 33 0 0 0 0 0 0 0 9 0 76 0 0 0 0 0 0 0 ;
0 89 19 0 37 0 0 0 0 0 0 0 33 0 0 0 0 0 0 ;
0 0 34 0 100 0 0 63 62 0 84 0 0 69 0 0 0 0 0 ;
8 0 0 0 70 0 37 0 0 0 0 0 0 16 0 0 0 0 0 ;
0 0 38 89 0 0 98 7 0 91 0 84 45 0 91 92 0 0 0 ;
32 0 0 72 0 69 45 0 0 39 0 0 13 69 0 63 40 0 0 ;
0 0 63 0 0 0 89 26 0 0 43 24 0 89 0 0 91 49 0 ;
65 80 0 23 65 0 0 42 25 0 39 8 42 0 0 5 39 0 75 ]
w=[36, 36, 11, 37, 22, 26, 7, 48, 22, 1, 14, 7, 38, 38, 16, 31, 37, 42, 43]
W=78 
k=4 
inst_name = "QKP_19_100_50" 
feasible = true 
Q2=[0 0 0 0 0 0 0 0 0 0 0 0 0 0 0 0 0 0 0; 100 100 0 0 0 0 0 0 0 0 0 0 0 0 0 0 0 0 0; 81 100 58 0 0 0 0 0 0 0 0 0 0 0 0 0 0 0 0; 100 89 100 100 0 0 0 0 0 0 0 0 0 0 0 0 0 0 0; 4 100 93 96 6 0 0 0 0 0 0 0 0 0 0 0 0 0 0; 100 100 100 100 86 100 0 0 0 0 0 0 0 0 0 0 0 0 0; 100 15 10 14 99 99 98 0 0 0 0 0 0 0 0 0 0 0 0; 22 100 100 1 65 80 6 6 0 0 0 0 0 0 0 0 0 0 0; 95 74 87 10 100 100 57 100 100 0 0 0 0 0 0 0 0 0 0; 100 100 100 100 60 100 100 2 100 54 0 0 0 0 0 0 0 0 0; 100 84 100 0 95 2 98 100 100 100 100 0 0 0 0 0 0 0 0; 100 75 100 100 100 100 100 100 100 95 100 20 0 0 0 0 0 0 0; 100 11 87 100 67 100 100 100 100 100 100 100 75 0 0 0 0 0 0; 100 100 96 100 0 100 100 36 28 100 16 100 100 13 0 0 0 0 0; 95 100 100 100 7 100 94 100 100 100 100 100 100 95 100 0 0 0 0; 100 100 72 2 100 100 1 96 100 8 100 7 87 100 5 8 0 0 0; 98 100 100 16 100 7 81 100 100 71 100 100 93 13 100 13 65 0 0; 100 100 37 100 100 100 6 87 100 100 74 89 100 2 100 100 1 92 0; 4 3 100 77 18 100 100 69 92 100 73 97 86 100 100 95 71 100 14]
