n=11
density=50
Q1=[84 0 0 0 0 0 0 0 0 0 0 ;
0 46 0 0 0 0 0 0 0 0 0 ;
54 12 0 0 0 0 0 0 0 0 0 ;
22 0 89 5 0 0 0 0 0 0 0 ;
0 0 74 10 47 0 0 0 0 0 0 ;
0 35 0 0 0 49 0 0 0 0 0 ;
0 8 29 0 0 0 0 0 0 0 0 ;
0 33 0 38 32 53 0 87 0 0 0 ;
0 0 35 0 2 0 0 0 39 0 0 ;
81 0 45 0 56 4 0 69 69 0 0 ;
0 47 0 98 0 0 78 91 0 0 0 ]
w=[10, 11, 27, 34, 49, 28, 47, 10, 27, 46, 19]
W=59 
inst_name = "QKP_11_100_50" 
feasible = true 
Q2=[0 0 0 0 0 0 0 0 0 0 0; 98 54 0 0 0 0 0 0 0 0 0; 36 89 98 0 0 0 0 0 0 0 0; 85 98 0 98 0 0 0 0 0 0 0; 98 98 15 97 76 0 0 0 0 0 0; 98 78 98 98 98 21 0 0 0 0 0; 98 91 84 98 98 98 98 0 0 0 0; 98 67 98 65 77 19 98 11 0 0 0; 98 98 67 98 98 98 98 98 78 0 0; 9 98 89 98 31 94 98 4 7 98 0; 98 89 98 0 98 98 19 1 98 98 98]
