n=22
density=100
Q1=[51 0 0 0 0 0 0 0 0 0 0 0 0 0 0 0 0 0 0 0 0 0 ;
37 14 0 0 0 0 0 0 0 0 0 0 0 0 0 0 0 0 0 0 0 0 ;
38 74 22 0 0 0 0 0 0 0 0 0 0 0 0 0 0 0 0 0 0 0 ;
100 53 62 66 0 0 0 0 0 0 0 0 0 0 0 0 0 0 0 0 0 0 ;
100 71 40 73 35 0 0 0 0 0 0 0 0 0 0 0 0 0 0 0 0 0 ;
64 13 64 22 31 13 0 0 0 0 0 0 0 0 0 0 0 0 0 0 0 0 ;
38 71 61 60 59 73 26 0 0 0 0 0 0 0 0 0 0 0 0 0 0 0 ;
6 40 15 44 79 95 39 29 0 0 0 0 0 0 0 0 0 0 0 0 0 0 ;
69 50 34 36 83 8 93 13 97 0 0 0 0 0 0 0 0 0 0 0 0 0 ;
77 95 48 83 7 74 88 77 71 9 0 0 0 0 0 0 0 0 0 0 0 0 ;
57 83 22 98 23 22 42 38 49 2 54 0 0 0 0 0 0 0 0 0 0 0 ;
77 54 98 7 21 42 83 45 64 100 13 12 0 0 0 0 0 0 0 0 0 0 ;
42 45 39 72 77 23 71 74 18 53 61 63 34 0 0 0 0 0 0 0 0 0 ;
83 83 60 39 9 23 56 53 22 89 13 68 81 98 0 0 0 0 0 0 0 0 ;
54 88 47 94 32 66 15 32 70 59 27 68 28 53 49 0 0 0 0 0 0 0 ;
1 86 48 20 65 79 27 81 12 89 100 59 38 39 74 86 0 0 0 0 0 0 ;
85 11 78 32 77 83 49 79 92 40 77 49 94 14 28 86 87 0 0 0 0 0 ;
89 12 80 33 69 70 72 24 41 40 71 40 97 93 17 4 49 30 0 0 0 0 ;
84 58 38 58 94 94 10 13 4 40 97 72 78 45 77 54 93 69 39 0 0 0 ;
21 39 49 41 53 79 15 72 66 40 91 70 17 83 48 70 27 62 32 9 0 0 ;
14 47 52 33 13 76 13 10 5 57 85 12 47 88 80 29 63 37 14 59 78 0 ;
12 6 89 9 72 64 15 55 61 69 79 68 74 87 47 79 66 71 94 12 5 69 ]
w=[1, 33, 30, 32, 47, 31, 12, 18, 5, 46, 20, 13, 21, 31, 30, 14, 5, 49, 2, 50, 36, 30]
W=82 
k=3 
inst_name = "QKP_22_100_100" 
feasible = true 
Q2=[29 0 0 0 0 0 0 0 0 0 0 0 0 0 0 0 0 0 0 0 0 0; 92 96 0 0 0 0 0 0 0 0 0 0 0 0 0 0 0 0 0 0 0 0; 91 17 94 0 0 0 0 0 0 0 0 0 0 0 0 0 0 0 0 0 0 0; 0 17 20 34 0 0 0 0 0 0 0 0 0 0 0 0 0 0 0 0 0 0; 0 25 67 7 95 0 0 0 0 0 0 0 0 0 0 0 0 0 0 0 0 0; 2 97 21 91 72 95 0 0 0 0 0 0 0 0 0 0 0 0 0 0 0 0; 79 16 24 26 24 16 94 0 0 0 0 0 0 0 0 0 0 0 0 0 0 0; 94 80 86 96 14 4 75 86 0 0 0 0 0 0 0 0 0 0 0 0 0 0; 25 26 94 71 0 96 3 92 3 0 0 0 0 0 0 0 0 0 0 0 0 0; 21 5 67 17 97 15 2 16 6 97 0 0 0 0 0 0 0 0 0 0 0 0; 1 15 80 0 89 100 82 69 75 99 40 0 0 0 0 0 0 0 0 0 0 0; 8 2 0 96 86 93 3 65 4 0 95 89 0 0 0 0 0 0 0 0 0 0; 62 59 67 7 18 97 7 4 99 21 35 37 71 0 0 0 0 0 0 0 0 0; 14 12 12 86 99 87 23 42 95 5 100 17 18 0 0 0 0 0 0 0 0 0; 18 0 65 2 96 6 99 98 1 37 95 20 73 23 96 0 0 0 0 0 0 0; 100 6 84 100 23 6 84 10 100 1 0 32 94 72 21 8 0 0 0 0 0 0; 12 92 0 87 13 0 97 5 5 97 1 99 1 96 93 5 0 0 0 0 0 0; 6 98 12 100 7 12 12 100 78 70 4 95 3 4 90 96 85 99 0 0 0 0; 16 29 77 0 0 1 100 87 100 87 0 13 9 57 15 13 4 13 67 0 0 0; 86 69 67 93 39 21 96 11 33 69 6 8 90 13 75 23 89 35 73 95 0 0; 89 92 2 97 99 7 94 90 97 4 4 100 83 11 20 75 9 90 91 4 19 0; 93 97 1 98 12 4 93 31 23 31 12 27 9 4 94 20 14 14 1 96 98 11]
