n=11
density=75
Q1=[33 0 0 0 0 0 0 0 0 0 0 ;
3 48 0 0 0 0 0 0 0 0 0 ;
60 96 64 0 0 0 0 0 0 0 0 ;
46 79 4 12 0 0 0 0 0 0 0 ;
98 9 94 31 41 0 0 0 0 0 0 ;
10 87 0 0 0 50 0 0 0 0 0 ;
0 55 0 0 33 11 2 0 0 0 0 ;
84 2 0 47 83 86 78 0 0 0 0 ;
44 30 41 6 83 80 0 0 0 0 0 ;
29 0 18 98 0 15 76 34 89 0 0 ;
32 95 81 0 43 81 31 0 15 77 40 ]
w=[11, 5, 12, 6, 23, 47, 46, 2, 28, 16, 19]
W=57 
k=2 
inst_name = "QKP_11_100_75" 
feasible = true 
Q2=[96 0 0 0 0 0 0 0 0 0 0; 96 51 0 0 0 0 0 0 0 0 0; 30 1 1 0 0 0 0 0 0 0 0; 66 12 96 96 0 0 0 0 0 0 0; 0 92 2 87 82 0 0 0 0 0 0; 93 2 98 98 98 30 0 0 0 0 0; 98 24 98 98 66 88 96 0 0 0 0; 7 98 98 62 12 10 12 98 0 0 0; 69 84 79 95 11 8 98 98 98 0 0; 81 98 85 0 98 93 21 88 5 98 0; 78 0 1 98 91 5 79 98 93 7 66]
