n=25
density=25
Q1=[0 0 0 0 0 0 0 0 0 0 0 0 0 0 0 0 0 0 0 0 0 0 0 0 0 ;
79 0 0 0 0 0 0 0 0 0 0 0 0 0 0 0 0 0 0 0 0 0 0 0 0 ;
0 87 0 0 0 0 0 0 0 0 0 0 0 0 0 0 0 0 0 0 0 0 0 0 0 ;
24 94 0 0 0 0 0 0 0 0 0 0 0 0 0 0 0 0 0 0 0 0 0 0 0 ;
0 0 0 0 28 0 0 0 0 0 0 0 0 0 0 0 0 0 0 0 0 0 0 0 0 ;
0 0 0 0 0 0 0 0 0 0 0 0 0 0 0 0 0 0 0 0 0 0 0 0 0 ;
0 0 0 56 0 0 0 0 0 0 0 0 0 0 0 0 0 0 0 0 0 0 0 0 0 ;
82 0 73 0 0 0 59 0 0 0 0 0 0 0 0 0 0 0 0 0 0 0 0 0 0 ;
46 0 0 0 0 0 0 0 0 0 0 0 0 0 0 0 0 0 0 0 0 0 0 0 0 ;
0 0 48 0 0 0 0 0 0 0 0 0 0 0 0 0 0 0 0 0 0 0 0 0 0 ;
0 0 96 97 58 0 92 0 0 0 0 0 0 0 0 0 0 0 0 0 0 0 0 0 0 ;
0 0 0 98 0 30 20 0 0 0 0 0 0 0 0 0 0 0 0 0 0 0 0 0 0 ;
0 14 76 0 0 0 0 0 0 0 0 0 19 0 0 0 0 0 0 0 0 0 0 0 0 ;
81 0 0 0 0 0 0 0 0 31 0 0 0 0 0 0 0 0 0 0 0 0 0 0 0 ;
0 9 0 0 0 0 0 59 31 0 0 0 0 0 64 0 0 0 0 0 0 0 0 0 0 ;
0 5 0 0 0 0 0 0 46 79 0 0 10 0 0 0 0 0 0 0 0 0 0 0 0 ;
0 0 62 0 0 44 72 55 0 0 0 69 53 0 0 0 0 0 0 0 0 0 0 0 0 ;
0 0 0 72 0 0 0 0 0 0 0 0 0 0 59 0 76 0 0 0 0 0 0 0 0 ;
0 0 0 0 0 0 0 0 27 0 0 0 99 0 0 44 0 0 49 0 0 0 0 0 0 ;
62 0 0 0 81 47 0 0 0 0 11 46 0 92 0 0 0 4 0 26 0 0 0 0 0 ;
0 0 0 0 0 0 0 81 0 0 0 0 0 0 0 67 61 0 0 0 0 0 0 0 0 ;
0 0 0 89 0 0 0 0 0 0 54 59 2 0 0 0 0 0 0 42 0 0 0 0 0 ;
0 0 0 62 63 0 0 0 0 0 69 0 0 0 0 0 0 0 11 0 0 12 0 0 0 ;
0 0 0 0 10 0 0 6 0 26 0 0 0 0 0 0 95 0 0 0 0 76 0 0 0 ;
0 69 0 0 0 61 0 89 37 0 0 0 61 48 40 0 0 0 0 0 0 0 0 46 0 ]
w=[15, 43, 30, 41, 19, 41, 6, 1, 33, 10, 28, 10, 18, 14, 44, 47, 29, 46, 6, 37, 7, 36, 50, 9, 32]
W=141 
k=6 
inst_name = "QKP_25_100_25" 
feasible = true 
Q2=[99 0 0 0 0 0 0 0 0 0 0 0 0 0 0 0 0 0 0 0 0 0 0 0 0; 10 99 0 0 0 0 0 0 0 0 0 0 0 0 0 0 0 0 0 0 0 0 0 0 0; 99 0 99 0 0 0 0 0 0 0 0 0 0 0 0 0 0 0 0 0 0 0 0 0 0; 91 3 99 99 0 0 0 0 0 0 0 0 0 0 0 0 0 0 0 0 0 0 0 0 0; 99 99 99 99 81 0 0 0 0 0 0 0 0 0 0 0 0 0 0 0 0 0 0 0 0; 99 99 99 99 99 99 0 0 0 0 0 0 0 0 0 0 0 0 0 0 0 0 0 0 0; 99 99 99 38 99 99 99 0 0 0 0 0 0 0 0 0 0 0 0 0 0 0 0 0 0; 12 99 23 99 99 99 17 99 0 0 0 0 0 0 0 0 0 0 0 0 0 0 0 0 0; 88 99 99 99 99 99 99 99 99 0 0 0 0 0 0 0 0 0 0 0 0 0 0 0 0; 99 99 57 99 99 99 99 99 99 99 0 0 0 0 0 0 0 0 0 0 0 0 0 0 0; 99 99 3 2 37 99 1 99 99 99 99 0 0 0 0 0 0 0 0 0 0 0 0 0 0; 99 99 99 0 99 97 96 99 99 99 99 99 0 0 0 0 0 0 0 0 0 0 0 0 0; 99 94 5 99 99 99 99 99 99 99 99 99 92 0 0 0 0 0 0 0 0 0 0 0 0; 0 99 99 99 99 99 99 99 99 99 99 99 99 99 0 0 0 0 0 0 0 0 0 0 0; 99 94 99 99 99 99 99 38 70 99 99 99 99 99 28 0 0 0 0 0 0 0 0 0 0; 99 95 99 99 99 99 99 99 69 6 99 99 92 99 99 99 0 0 0 0 0 0 0 0 0; 99 99 24 99 99 87 22 10 99 99 99 22 15 99 99 99 99 0 0 0 0 0 0 0 0; 99 99 99 21 99 99 99 99 99 99 99 99 99 99 24 99 10 99 0 0 0 0 0 0 0; 99 99 99 99 99 99 99 99 93 99 99 99 0 99 99 72 99 99 59 0 0 0 0 0 0; 14 99 99 99 15 55 99 99 99 99 92 98 99 6 99 99 99 97 99 80 0 0 0 0 0; 99 99 99 99 99 99 99 17 99 99 99 99 99 99 99 16 23 99 99 99 99 0 0 0 0; 99 99 99 7 99 99 99 99 99 99 25 28 99 99 99 99 99 99 99 61 99 99 0 0 0; 99 99 99 2 31 99 99 99 99 99 15 99 99 99 99 99 99 99 95 99 99 98 99 0 0; 99 99 99 99 96 99 99 94 99 73 99 99 99 99 99 99 1 99 99 99 99 17 99 99 0; 99 28 99 99 99 33 99 4 93 99 99 99 28 63 68 99 99 99 99 99 99 99 99 62 99]
