n=9
density=50
Q1=[0 0 0 0 0 0 0 0 0 ;
100 37 0 0 0 0 0 0 0 ;
93 0 62 0 0 0 0 0 0 ;
0 85 88 0 0 0 0 0 0 ;
48 0 0 0 0 0 0 0 0 ;
2 0 0 54 29 0 0 0 0 ;
79 0 35 80 0 20 0 0 0 ;
57 67 57 3 0 0 39 0 0 ;
0 0 0 68 81 0 0 0 74 ]
w=[31, 24, 8, 34, 15, 30, 14, 17, 14]
W=57 
k=2 
inst_name = "QKP_9_100_50" 
feasible = true 
Q2=[100 0 0 0 0 0 0 0 0; 0 94 0 0 0 0 0 0 0; 7 100 33 0 0 0 0 0 0; 100 10 9 100 0 0 0 0 0; 53 100 100 100 100 0 0 0 0; 98 100 100 25 78 100 0 0 0; 18 100 72 14 100 88 100 0 0; 5 7 17 100 100 100 62 100 0; 100 100 100 5 16 100 100 100 7]
