n=23
density=75
Q1=[55 0 0 0 0 0 0 0 0 0 0 0 0 0 0 0 0 0 0 0 0 0 0 ;
81 70 0 0 0 0 0 0 0 0 0 0 0 0 0 0 0 0 0 0 0 0 0 ;
0 100 72 0 0 0 0 0 0 0 0 0 0 0 0 0 0 0 0 0 0 0 0 ;
48 79 47 0 0 0 0 0 0 0 0 0 0 0 0 0 0 0 0 0 0 0 0 ;
48 0 95 0 0 0 0 0 0 0 0 0 0 0 0 0 0 0 0 0 0 0 0 ;
29 0 47 28 29 44 0 0 0 0 0 0 0 0 0 0 0 0 0 0 0 0 0 ;
100 41 81 0 87 73 78 0 0 0 0 0 0 0 0 0 0 0 0 0 0 0 0 ;
3 45 58 53 73 32 0 8 0 0 0 0 0 0 0 0 0 0 0 0 0 0 0 ;
46 52 39 44 45 2 0 28 18 0 0 0 0 0 0 0 0 0 0 0 0 0 0 ;
32 0 64 34 39 57 47 0 8 90 0 0 0 0 0 0 0 0 0 0 0 0 0 ;
54 52 37 43 41 15 69 94 49 82 79 0 0 0 0 0 0 0 0 0 0 0 0 ;
18 10 93 26 74 12 54 74 0 55 0 0 0 0 0 0 0 0 0 0 0 0 0 ;
74 73 0 64 32 45 4 16 24 66 39 85 0 0 0 0 0 0 0 0 0 0 0 ;
0 0 47 0 0 30 0 29 0 0 0 0 0 67 0 0 0 0 0 0 0 0 0 ;
65 53 98 7 0 52 61 50 0 41 35 0 61 50 52 0 0 0 0 0 0 0 0 ;
0 40 0 6 88 0 76 11 0 0 79 2 25 0 8 17 0 0 0 0 0 0 0 ;
42 37 58 52 0 96 57 27 66 56 0 5 24 99 0 87 0 0 0 0 0 0 0 ;
74 0 36 0 35 82 60 9 95 53 99 84 48 0 43 97 0 0 0 0 0 0 0 ;
16 0 60 0 14 67 34 0 29 57 58 80 0 62 15 31 83 0 0 0 0 0 0 ;
0 13 84 0 0 79 49 44 6 34 66 66 0 73 72 0 0 100 65 0 0 0 0 ;
83 83 0 0 32 42 24 69 0 93 0 91 0 37 19 7 41 88 100 55 100 0 0 ;
74 85 3 20 98 75 0 22 80 28 0 19 0 8 0 0 0 46 0 61 6 0 0 ;
69 0 0 100 15 52 16 0 84 76 3 27 0 22 0 32 0 93 28 31 53 0 75 ]
w=[25, 47, 34, 32, 10, 30, 4, 10, 15, 41, 10, 17, 32, 11, 44, 22, 27, 48, 37, 21, 33, 3, 34]
W=81 
k=4 
inst_name = "QKP_23_100_75" 
feasible = true 
Q2=[2 0 0 0 0 0 0 0 0 0 0 0 0 0 0 0 0 0 0 0 0 0 0; 17 27 0 0 0 0 0 0 0 0 0 0 0 0 0 0 0 0 0 0 0 0 0; 100 0 11 0 0 0 0 0 0 0 0 0 0 0 0 0 0 0 0 0 0 0 0; 80 19 92 100 0 0 0 0 0 0 0 0 0 0 0 0 0 0 0 0 0 0 0; 87 100 1 100 100 0 0 0 0 0 0 0 0 0 0 0 0 0 0 0 0 0 0; 91 100 91 96 93 61 0 0 0 0 0 0 0 0 0 0 0 0 0 0 0 0 0; 0 78 13 100 13 6 3 0 0 0 0 0 0 0 0 0 0 0 0 0 0 0 0; 98 79 17 24 22 94 100 97 0 0 0 0 0 0 0 0 0 0 0 0 0 0 0; 60 19 61 65 98 98 100 74 83 0 0 0 0 0 0 0 0 0 0 0 0 0 0; 92 100 29 73 80 16 100 100 95 2 0 0 0 0 0 0 0 0 0 0 0 0 0; 16 35 94 85 74 90 11 1 92 12 14 0 0 0 0 0 0 0 0 0 0 0 0; 83 97 7 79 6 98 28 11 100 18 100 100 0 0 0 0 0 0 0 0 0 0 0; 23 1 100 1 87 58 97 94 100 21 89 2 100 0 0 0 0 0 0 0 0 0 0; 100 100 61 100 100 85 100 89 100 100 100 100 100 27 0 0 0 0 0 0 0 0 0; 13 2 0 99 100 19 10 28 100 78 89 100 14 28 48 0 0 0 0 0 0 0 0; 100 71 100 96 3 100 23 90 100 100 14 99 89 100 93 84 0 0 0 0 0 0 0; 62 63 4 39 100 1 32 95 27 9 100 96 89 1 100 9 100 0 0 0 0 0 0; 15 100 71 100 68 17 30 92 4 45 0 1 79 100 97 1 100 100 0 0 0 0 0; 97 100 16 100 90 13 86 100 71 11 23 10 100 18 89 70 1 100 100 0 0 0 0; 100 95 13 100 100 15 78 61 99 86 17 8 100 14 22 100 100 0 24 100 0 0 0; 3 10 100 100 68 58 89 7 100 3 100 7 100 84 85 100 84 2 0 43 0 0 0; 8 0 98 100 1 2 100 78 6 85 100 93 100 98 100 100 100 99 100 3 96 100 0; 9 100 100 0 87 39 90 100 4 7 99 90 100 82 100 92 100 5 87 69 3 100 7]
