n=16
density=25
Q1=[46 0 0 0 0 0 0 0 0 0 0 0 0 0 0 0 ;
0 48 0 0 0 0 0 0 0 0 0 0 0 0 0 0 ;
0 0 0 0 0 0 0 0 0 0 0 0 0 0 0 0 ;
0 0 0 0 0 0 0 0 0 0 0 0 0 0 0 0 ;
43 0 0 63 0 0 0 0 0 0 0 0 0 0 0 0 ;
0 0 58 0 0 0 0 0 0 0 0 0 0 0 0 0 ;
0 0 18 0 90 0 0 0 0 0 0 0 0 0 0 0 ;
0 0 0 0 0 0 29 83 0 0 0 0 0 0 0 0 ;
0 0 0 0 0 0 0 0 32 0 0 0 0 0 0 0 ;
0 0 75 32 21 0 0 0 0 0 0 0 0 0 0 0 ;
0 3 0 0 0 0 0 7 0 0 0 0 0 0 0 0 ;
0 0 0 0 0 60 0 3 0 0 0 0 0 0 0 0 ;
29 0 30 0 0 0 0 0 0 0 0 36 0 0 0 0 ;
0 23 0 0 0 0 0 0 91 0 0 90 0 65 0 0 ;
0 0 0 0 0 27 54 0 0 0 0 0 0 0 0 0 ;
0 0 0 0 0 0 0 0 0 93 0 0 35 0 0 0 ]
w=[22, 41, 46, 20, 45, 18, 42, 34, 16, 35, 31, 34, 6, 16, 10, 37]
W=59 
inst_name = "QKP_16_100_25" 
feasible = true 
Q2=[68 0 0 0 0 0 0 0 0 0 0 0 0 0 0 0; 93 1 0 0 0 0 0 0 0 0 0 0 0 0 0 0; 93 93 93 0 0 0 0 0 0 0 0 0 0 0 0 0; 93 93 93 93 0 0 0 0 0 0 0 0 0 0 0 0; 64 93 93 25 93 0 0 0 0 0 0 0 0 0 0 0; 93 93 23 93 93 93 0 0 0 0 0 0 0 0 0 0; 93 93 87 93 1 93 93 0 0 0 0 0 0 0 0 0; 93 93 93 93 93 93 65 3 0 0 0 0 0 0 0 0; 93 93 93 93 93 93 93 93 80 0 0 0 0 0 0 0; 93 93 6 89 81 93 93 93 93 93 0 0 0 0 0 0; 93 92 93 93 93 93 93 92 93 93 93 0 0 0 0 0; 93 93 93 93 93 17 93 91 93 93 93 93 0 0 0 0; 80 93 70 93 93 93 93 93 93 93 93 67 93 0 0 0; 93 78 93 93 93 93 93 93 0 93 93 2 93 22 0 0; 93 93 93 93 93 93 6 93 93 93 93 93 93 93 93 0; 93 93 93 93 93 93 93 93 93 0 93 93 59 93 93 93]
