vars = 40 ; constr = 2 
 # informations of B&B algorithm : 
total_times_used = 555.65 
total_nodes = 41669 
pruned_nodes = 20835 
GAP = 0.0 
relaxation_time = 534.64 
test_dominance_time = 0.94 
update_incumbent_time = 14.98 
tree_size = 185.674 
nb_nodes_EPB = 0 
nb_nodes_VB = 41668 
root_relax = true 
TO = false 
rootLBS = 40 
LBSexhaustive = true

size_Y_N = 83
Y_N = [[106383.0, 407998.0], [108518.0, 404915.0], [111087.0, 404613.0], [114494.0, 403248.0], [122042.0, 403150.0], [131128.0, 401996.0], [134535.0, 400631.0], [134943.0, 399276.0], [135663.0, 395743.0], [138264.0, 394928.0], [138267.0, 389912.0], [145047.0, 389314.0], [145982.0, 388330.0], [146390.0, 384142.0], [151140.0, 384104.0], [151548.0, 382749.0], [152810.0, 379112.0], [154570.0, 378499.0], [154598.0, 370247.0], [155389.0, 369094.0], [155900.0, 368404.0], [157409.0, 367510.0], [157684.0, 364505.0], [157834.0, 360799.0], [158189.0, 360629.0], [158732.0, 360347.0], [163052.0, 357994.0], [163267.0, 354094.0], [163772.0, 352525.0], [163867.0, 350525.0], [165442.0, 349469.0], [166162.0, 344000.0], [166822.0, 340023.0], [167257.0, 330288.0], [167277.0, 325510.0], [167612.0, 324067.0], [167961.0, 321234.0], [167961.000000017, 317586.99999985256], [168017.0, 317214.0], [168372.0, 316938.0], [169212.0, 316741.0], [169212.00000000047, 314434.00000000035], [170075.0, 313776.0], [171585.0, 311718.0], [171605.0, 309553.0], [171825.0, 308534.0], [172975.0, 299333.0], [173135.0, 288633.0], [173975.0, 288436.0], [173995.0, 286271.0], [174904.0, 282070.0], [175144.0, 278886.0], [175314.0, 271989.0], [175784.0, 270834.0], [176294.0, 269685.0], [177064.0, 267506.0], [177304.0, 264322.0], [177674.0, 257704.0], [178116.0, 256359.0], [178454.0, 247826.0], [178674.0, 246807.0], [178694.0, 244642.0], [178854.0, 241012.0], [179334.0, 236590.0], [179375.0, 233320.0], [179944.0, 229323.0], [179977.0, 226208.0], [180386.0, 225443.0], [181083.0, 220013.0], [181206.0, 210766.0], [181446.0, 207581.99999999994], [181742.0, 203891.0], [182345.0, 201456.0], [182585.0, 198272.0], [182852.0, 189639.0], [183132.0, 184211.0], [183454.0, 182527.0], [184525.0, 180243.0], [184934.0, 179478.0], [185094.0, 168778.0], [185915.0, 160563.0], [186554.99999999994, 152511.00000000026], [186555.0, 151111.0]]

size_X_E = 83
X_E = [[0.0, 0.0, 0.0, 0.0, 0.0, 1.0, 0.0, 1.0, 0.0, 1.0, 1.0, 0.0, 1.0, 1.0, 1.0, 1.0, 1.0, 1.0, 1.0, 1.0, 1.0, 0.0, 1.0, 1.0, 0.0, 0.0, 1.0, 0.0, 1.0, 1.0, 1.0, 0.0, 0.0, 0.0, 1.0, 1.0, 0.0, 1.0, 1.0, 0.0], [-0.0, -0.0, -0.0, -0.0, -0.0, 1.0, -0.0, 1.0, -0.0, 1.0, -0.0, -0.0, 1.0, 1.0, 1.0, 1.0, 1.0, -0.0, 1.0, 1.0, 1.0, -0.0, 1.0, 1.0, -0.0, -0.0, 1.0, 0.0, 1.0, 1.0, 1.0, -0.0, -0.0, -0.0, 1.0, 1.0, -0.0, 1.0, -0.0, 1.0], [0.0, 0.0, 0.0, 0.0, 0.0, 1.0, 0.0, 1.0, 0.0, 1.0, 1.0, 0.0, 1.0, 1.0, 1.0, -0.0, 1.0, -0.0, 1.0, 1.0, 1.0, -0.0, 1.0, 1.0, -0.0, -0.0, 1.0, -0.0, 1.0, 1.0, 1.0, -0.0, 0.0, -0.0, 1.0, 1.0, -0.0, 1.0, -0.0, 1.0], [0.0, 0.0, 0.0, 1.0, 0.0, 0.0, 1.0, 1.0, 0.0, 1.0, 0.0, 0.0, 1.0, 1.0, 1.0, 0.0, 1.0, 0.0, 1.0, 1.0, 1.0, 0.0, 1.0, 1.0, 0.0, 0.0, 1.0, 0.0, 1.0, 1.0, 1.0, 0.0, 0.0, 0.0, 1.0, 1.0, 0.0, 1.0, 0.0, 1.0], [0.0, 0.0, 0.0, 0.0, 0.0, 1.0, 1.0, 1.0, 0.0, 1.0, 1.0, 0.0, 1.0, 1.0, 1.0, 0.0, 0.0, -0.0, 1.0, 1.0, 1.0, -0.0, 1.0, 1.0, -0.0, 0.0, 1.0, -0.0, 1.0, 1.0, 1.0, 0.0, 0.0, -0.0, 1.0, 1.0, -0.0, 1.0, 1.0, 0.0], [0.0, 0.0, 0.0, 0.0, 0.0, 1.0, 0.0, 1.0, 0.0, 1.0, 0.0, 1.0, 1.0, 1.0, 1.0, 1.0, 1.0, 0.0, 1.0, 1.0, 1.0, 0.0, 1.0, 1.0, 0.0, 0.0, 0.0, 0.0, 1.0, 0.0, 1.0, 0.0, 0.0, 0.0, 1.0, 1.0, 0.0, 1.0, 0.0, 1.0], [0.0, 0.0, 0.0, 0.0, 0.0, 1.0, 0.0, 1.0, 0.0, 1.0, 0.0, 0.0, 1.0, 1.0, 1.0, 0.0, 0.0, 0.0, 1.0, 1.0, 1.0, 0.0, 1.0, 1.0, 0.0, 0.0, 1.0, 0.0, 1.0, 1.0, 1.0, 0.0, 0.0, 1.0, 1.0, 1.0, 0.0, 1.0, 0.0, 1.0], [0.0, 0.0, 0.0, 1.0, 1.0, 0.0, 0.0, 1.0, 0.0, 1.0, 0.0, 0.0, 1.0, 1.0, 1.0, 0.0, 1.0, 0.0, 1.0, 1.0, 1.0, 0.0, 1.0, 1.0, -0.0, 0.0, 1.0, -0.0, 1.0, 1.0, 0.0, -0.0, 0.9999999999999992, -0.0, 1.0, 1.0, -0.0, 1.0, 0.0, 1.0], [0.0, 0.0, 0.0, 1.0, 1.0, 0.0, 0.0, 1.0, 0.0, 1.0, 0.0, 0.0, 1.0, 1.0, 1.0, 0.0, 1.0, 0.0, 1.0, 1.0, 1.0, 0.0, 1.0, 1.0, 0.0, 0.0, 1.0, 0.0, 1.0, 1.0, 0.0, 0.0, 1.0, 0.0, 1.0, 1.0, 0.0, 1.0, 0.0, 1.0], [0.0, 0.0, 0.0, 0.0, 1.0, 0.0, 0.0, 1.0, 0.0, 1.0, 0.0, 1.0, 1.0, 1.0, 1.0, 0.0, 1.0, -0.0, 1.0, 1.0, 1.0, -0.0, 1.0, 1.0, -0.0, -0.0, 1.0, -0.0, 1.0, 1.0, 0.0, 1.0, 1.0, -0.0, 1.0, 1.0, -0.0, 1.0, -0.0, -0.0], [0.0, 0.0, 0.0, 0.0, 1.0, 0.0, 0.0, 1.0, 0.0, 1.0, 0.0, 1.0, 1.0, 1.0, 1.0, -0.0, 0.9999999999974234, -0.0, 1.0, 1.0, 1.0, -0.0, 1.0, 1.0, -0.0, -0.0, 0.9999999999905071, -0.0, 1.0, 1.0, -0.0, 1.0, 1.0000000000025766, -0.0, 1.0, 1.0, -0.0, 1.0, -0.0, -0.0], [0.0, 0.0, 0.0, 0.0, 1.0, 0.0, 0.0, 1.0, 0.0, 1.0, 0.0, 1.0, 1.0, 1.0, 1.0, -0.0, 0.9999999999973733, -0.0, 1.0, 1.0, 1.0, -0.0, 1.0, 1.0, -0.0, -0.0, 0.9999999999903226, -0.0, 1.0, 1.0, -0.0, 1.0, 1.0000000000026268, -0.0, 1.0, 1.0, -0.0, 1.0, -0.0, -0.0], [0.0, 0.0, 0.0, 0.0, 0.0, 1.0, 1.0, 1.0, 0.0, 1.0, 0.0, 0.0, 0.0, 1.0, 1.0, 0.0, 1.0, 0.0, 1.0, 1.0, 1.0, 0.0, 1.0, 1.0, -0.0, -0.0, 1.0000000000000113, 0.0, 1.0, 1.0, 1.0, 0.0, 0.0, 0.9999999999999913, 1.0, 1.0, -0.0, 1.0, -0.0, 0.0], [0.0, 0.0, 0.0, 0.0, 0.0, 1.0, 1.0, 1.0, 0.0, 1.0, 0.0, 0.0, 0.0, 1.0, 1.0, 0.0, 1.0, 0.0, 1.0, 1.0, 1.0, 0.0, 1.0, 1.0, 0.0, 0.0, 1.0, 0.0, 1.0, 1.0, 1.0, 0.0, 0.0, 1.0, 1.0, 1.0, 0.0, 1.0, -0.0, 0.0], [0.0, 0.0, 0.0, 0.0, 0.0, 1.0, 1.0, 1.0, 0.0, 1.0, 0.0, 0.0, 0.0, 1.0, 1.0, 0.0, 1.0, -0.0, 1.0, 1.0, 1.0, 0.0, 1.0, 1.0, -0.0, 0.0, 1.0000000000000004, 0.0, 1.0, 1.0, 1.0, 0.0, 0.0, 0.9999999999999996, 1.0, 1.0, 0.0, 1.0, -0.0, 0.0], [0.0, 0.0, 0.0, 0.0, 0.0, 1.0, 1.0, 1.0, 0.0, 1.0, 0.0, 0.0, 0.0, 1.0, 1.0, 0.0, 0.9999999999999998, 0.0, 1.0, 1.0, 1.0, 0.0, 1.0, 1.0, -0.0, 0.0, 1.0000000000000002, 0.0, 1.0, 1.0, 1.0, 0.0, 0.0, 1.0, 1.0, 1.0, 0.0, 1.0, -0.0, 0.0], [0.0, 0.0, 0.0, 0.0, 0.0, 1.0, 1.0, 1.0, 0.0, 1.0, 1.0, 0.0, 1.0, 1.0, 1.0, 1.0, 0.0, 0.0, 1.0, 1.0, 1.0, 0.0, 1.0, 1.0, 0.0, 0.0, 0.0, 0.0, 1.0, 0.0, 1.0, 0.0, 0.0, 0.0, 1.0, 1.0, 0.0, 1.0, 0.0, 1.0], [0.0, 0.0, 0.0, 0.0, 0.0, 1.0, 1.0, 1.0, 0.0, 1.0, 0.0, 0.0, 1.0, 1.0, 1.0, 0.0, 1.0, -0.0, 1.0, 1.0, 1.0, -0.0, 1.0, 1.0, -0.0, -0.0, 1.0, -0.0, 1.0, -0.0, 1.0, -0.0, 0.0, -0.0, 1.0, 1.0, -0.0, 1.0, -0.0, 1.0], [0.0, 0.0, 0.0, 0.0, 0.0, 1.0, 1.0, 1.0, 0.0, 1.0, 0.0, 1.0, 1.0, 1.0, 1.0, 0.0, 1.0, 0.0, 1.0, 1.0, 1.0, 0.0, 1.0, 1.0, 0.0, 0.0, 1.0, 0.0, 1.0, 0.0, 1.0, 0.0, 0.0, -0.0, 1.0000000000000002, 1.0, 0.0, 1.0, -0.0, -0.0], [0.0, 0.0, 0.0, 0.0, 0.0, 1.0, 1.0, 1.0, 0.0, 1.0, 0.0, 1.0, 1.0, 1.0, 1.0, 0.0, 1.0, 0.0, 1.0, 1.0, 1.0, 0.0, 1.0, 1.0, 0.0, 0.0, 1.0, 0.0, 1.0, -0.0, 1.0, -0.0, -0.0, -0.0, 1.0, 1.0, -0.0, 1.0, -0.0, -0.0], [0.0, 0.0, 0.0, 0.0, 0.0, 1.0, 1.0, 1.0, 0.0, 1.0, 0.0, 1.0, 1.0, 1.0, 1.0, 0.0, 1.0, 0.0, 1.0, 1.0, 1.0, 0.0, 1.0, 1.0, 0.0, 0.0, 1.0, -0.0, 1.0, 0.0, 1.0000000000000209, 0.0, 0.0, -0.0, 1.0, 1.0, -0.0, 1.0, -0.0, 0.0], [0.0, 0.0, 0.0, 1.0, 1.0, 0.0, 0.0, 1.0, 0.0, 1.0, 0.0, 0.0, 0.0, 1.0, 1.0, 1.0, 1.0, -0.0, 1.0, 1.0, 1.0, 0.0, 1.0, 1.0, 0.0, -0.0, -0.0, 0.0, 1.0, 1.0, 1.0, -0.0, -0.0, -0.0, 1.0, 1.0, -0.0, 1.0, -0.0, -0.0], [0.0, 0.0, 0.0, 1.0, 1.0, 0.0, 0.0, 1.0, 0.0, 1.0, 0.0, 0.0, 0.0, 1.0, 1.0, 0.0, 1.0, 0.0, 1.0, 1.0, 1.0, 0.0, 1.0, 1.0, 0.0, 0.0, 1.0, 0.0, 1.0, 1.0, 1.0, 0.0, 0.0, 0.0, 1.0, 1.0, 0.0, 1.0, 0.0, 0.0], [0.0, 0.0, 0.0, 1.0, 1.0, 0.0, -0.0, 1.0, 0.0, 1.0, -0.0, -0.0, 1.0, 1.0, 1.0, -0.0, -0.0, -0.0, 1.0, 1.0, 1.0, 0.0, 1.0, 1.0, 0.0, -0.0, 1.0, 0.0, 1.0, 1.0, 1.0, -0.0, -0.0, -0.0, 1.0, 1.0, -0.0, 1.0, -0.0, -0.0], [0.0, 0.0, 0.0, 0.0, 1.0, -0.0, -0.0, 1.0, -0.0, 1.0, -0.0, -0.0, 1.0, 1.0, 1.0, -0.0, 1.0, -0.0, 1.0, 1.0, 1.0, -0.0, 1.0, 1.0, -0.0, -0.0, 1.0, -0.0, 1.0, 1.0, 1.0, -0.0, -0.0, -0.0, 1.0, 1.0, -0.0, 1.0, -0.0, -0.0], [0.0, -0.0, -0.0, -0.0, 1.0, 1.0, -0.0, 1.0, 0.0, 1.0, -0.0, -0.0, 1.0, 1.0, 1.0, 1.0, 1.0, -0.0, 1.0, 1.0, 1.0, 0.0, 1.0, 1.0, 0.0, -0.0, -0.0, 0.0, 1.0, -0.0, 1.0, -0.0, -0.0, -0.0, 1.0, 1.0, -0.0, 1.0, -0.0, -0.0], [0.0, 0.0, 0.0, 0.0, 1.0, 1.0, 0.0, 1.0, 0.0, 1.0, 1.0, -0.0, -0.0, 1.0, 1.0, 1.0, -0.0, -0.0, 1.0, 1.0, 1.0, 0.0, 1.0, 1.0, 0.0, -0.0, -0.0, 0.0, 1.0, -0.0, 1.0, -0.0, -0.0, -0.0, 1.0, 1.0, -0.0, 1.0, -0.0, -0.0], [0.0, 0.0, 0.0, 0.0, 1.0, 1.0, 0.0, 1.0, 0.0, 1.0, 0.0, 0.0, 0.0, 1.0, 1.0, 0.0, 1.0, 0.0, 1.0, 1.0, 1.0, 0.0, 1.0, 1.0, 0.0, 0.0, 1.0, -0.0, 1.0, 0.0, 1.0000000000000027, 0.0, 0.0, -0.0, 1.0, 1.0, -0.0, 1.0, -0.0, 0.0], [0.0, 0.0, 0.0, 0.0, 1.0, 1.0, -0.0, 1.0, -0.0, 1.0, -0.0, -0.0, -0.0, 1.0, 1.0, -0.0, 1.0, -0.0, 1.0, 1.0, 1.0, -0.0, 1.0, 1.0, -0.0, -0.0, 1.0, -0.0, 1.0, -0.0, 1.0, -0.0, 0.0, -0.0, 1.0, 1.0, -0.0, 1.0, -0.0, -0.0], [0.0, 0.0, 0.0, 0.0, 1.0, 1.0, 0.0, 1.0, 0.0, 1.0, 0.0, 0.0, 1.0, 1.0, 1.0, 0.0, 0.0, 0.0, 1.0, 1.0, 1.0, 0.0, 1.0, 1.0, 0.0, 0.0, 1.0, 0.0, 1.0, 0.0, 1.0, 0.0, 0.0, 0.0, 1.0, 1.0, 0.0, 1.0, -0.0, 1.0150610510858564e-15], [0.0, 0.0, 0.0, 0.0, 1.0, 1.0, -0.0, 1.0, 0.0, 1.0, -0.0, 0.0, 1.0, 1.0, 1.0, -0.0, -0.0, -0.0, 1.0, 1.0, 1.0, 0.0, 1.0, 1.0, 0.0, 0.0, 1.0, 0.0, 1.0, -0.0, 1.0, -0.0, -0.0, 0.0, 1.0, 1.0, 0.0, 1.0, -0.0, -0.0], [0.0, 0.0, 1.0, 1.0, 0.0, 0.0, 0.0, 1.0, 0.0, 1.0, 0.0, 0.0, 0.0, 1.0, 1.0, 0.0, 0.0, 0.0, 1.0, 1.0, 1.0, 0.0, 1.0, 0.0, 0.0, 0.0, 1.0, 0.0, 1.0, 1.0, 1.0, 0.0, 0.0, 0.0, 1.0, 1.0, 0.0, 1.0, 0.0, 0.0], [0.0, 0.0, 1.0, 0.0, 0.0, 0.0, 0.0, 1.0, 0.0, 1.0, 0.0, 0.0, 1.0, 1.0, 1.0, 0.0, 0.0, 0.0, 1.0, 1.0, 1.0, 0.0, 1.0, 0.0, 0.0, 0.0, 1.0, 0.0, 1.0, 1.0, 1.0, 0.0, 0.0, 0.0, 1.0, 1.0, 0.0, 1.0, -0.0, 8.198570028001151e-16], [0.0, 0.0, 1.0, 0.0, 0.0, 0.0, 0.0, 1.0, 0.0, 1.0, 0.0, 0.0, 1.0, 1.0, 1.0, 0.0, 0.0, -0.0, 1.0, 1.0, 1.0, 0.0, 1.0, -0.0, 0.0, 0.0, 1.0, 0.0, 1.0, 1.0, 1.0, -0.0, -0.0, -0.0, 1.0, 1.0, -0.0, 1.0, -0.0, -0.0], [0.0, 0.0, 1.0, 1.0, 0.0, 0.0, 0.0, 1.0, 0.0, 1.0, 0.0, 0.0, 1.0, 1.0, 1.0, 1.0, 0.0, -0.0, 1.0, 1.0, 1.0, 0.0, 1.0, 1.0, 0.0, -0.0, 1.0, 0.0, 1.0, 0.0, 1.0, 0.0, 0.0, 0.0, 0.0, 1.0, 0.0, 1.0, -0.0, -0.0], [0.0, 0.0, 1.0, 0.0, 0.0, 1.0, 0.0, 1.0, 0.0, 1.0, 0.0, 0.0, 0.0, 1.0, 1.0, 0.0, 0.0, 0.0, 1.0, 1.0, 1.0, 0.0, 1.0, 0.0, 0.0, 0.0, 0.0, 0.0, 1.0, 1.0, 1.0, 0.0, 0.0, -0.0, 1.0000000000000002, 1.0, 0.0, 1.0, -0.0, -0.0], [0.0, 0.0, 1.0, 0.0, 0.0, 1.0, 0.0, 1.0, 0.0, 1.0, 0.0, 0.0, 0.0, 1.0, 1.0, -0.0, -0.0, -0.0, 1.0, 1.0, 1.0, -0.0, 1.0, -0.0, -0.0, -0.0, -0.0, -0.0, 1.0, 1.0, 1.0, -0.0, -0.0, -0.0, 1.0, 1.0, -0.0, 1.0, -0.0, -0.0], [0.0, 0.0, 1.0, 0.0, 0.0, 1.0, -0.0, 1.0, 0.0, 1.0, -0.0, 0.0, 1.0, 1.0, 1.0, 1.0, -0.0, -0.0, 1.0, 1.0, 1.0, 0.0, 1.0, -0.0, 0.0, 0.0, -0.0, 0.0, 1.0, -0.0, 1.0, -0.0, -0.0, 0.0, 1.0, 1.0, 0.0, 1.0, -0.0, -0.0], [0.0, 0.0, 1.0, 1.0, 0.0, 0.0, 0.0, 1.0, 0.0, 1.0, 0.0, 0.0, 0.0, 1.0, 1.0, 0.0, 0.0, 0.0, 1.0, 1.0, 1.0, 0.0, 1.0, 1.0, 0.0, 0.0, 0.0, 0.0, 1.0, 0.0, 1.0, 0.0, 0.0, 0.0, 1.0, 1.0, 0.0, 1.0, 0.0, 0.0], [0.0, 0.0, 1.0, 0.0, 0.0, 0.0, 0.0, 1.0, 0.0, 1.0, 0.0, 0.0, 1.0, 1.0, 1.0, 0.0, 0.0, 0.0, 1.0, 1.0, 1.0, 0.0, 1.0, 1.0, 0.0, 0.0, 0.0, 0.0, 1.0, 0.0, 1.0, 0.0, 0.0, 0.0, 1.0, 1.0, 0.0, 1.0, -0.0, 8.881784197001246e-16], [0.0, 0.0, 1.0, 0.0, -0.0, -0.0, -0.0, 1.0, -0.0, 1.0, -0.0, -0.0, 1.0, 1.0, 1.0, -0.0, -0.0, -0.0, 1.0, 1.0, 1.0, 0.0, 1.0, 1.0, 0.0, -0.0, -0.0, 0.0, 1.0, -0.0, 1.0, -0.0, -0.0, -0.0, 1.0, 1.0, -0.0, 1.0, -0.0, -0.0], [0.0, 0.0, 1.0, 0.0, 0.0, 0.0, 0.0, 1.0, 0.0, 1.0, 0.0, 0.0, 1.0, 1.0, 1.0, 1.0, 1.0, 0.0, 1.0, 0.0, 1.0, 0.0, 1.0, 1.0, 0.0, 0.0, 0.0, 0.0, 1.0, 0.0, 1.0, 0.0, 0.0, 0.0, 1.0, 1.0, 0.0, 1.0, -0.0, 7.479397218527365e-16], [0.0, 0.0, 1.0, 0.0, 0.0, 0.0, 0.0, 1.0, 0.0, 1.0, 0.0, 0.0, 1.0, 1.0, 1.0, 1.0, 1.0, 0.0, 1.0, 0.0, 1.0, 0.0, 1.0, 1.0, 0.0, 0.0, 0.0, 0.0, 1.0, 0.0, 1.0, 0.0, 0.0, 0.0, 1.0, 1.0, 0.0, 1.0, 0.0, 0.0], [0.0, 0.0, 1.0, 1.0, 0.0, 0.0, 0.0, 1.0, 0.0, 1.0, 0.0, 0.0, 1.0, 1.0, 1.0, 0.0, 1.0, 0.0, 1.0, 1.0, 1.0, 0.0, 1.0, 1.0, 0.0, 0.0, 1.0, 0.0, 0.0, 0.0, 1.0, 0.0, 0.0, 0.0, 1.0, 1.0, 0.0, 1.0, 0.0, 0.0], [0.0, 0.0, 1.0, 1.0, 0.0, 0.0, 0.0, 1.0, 0.0, 1.0, 0.0, 0.0, 0.0, 1.0, 1.0, 0.0, 0.0, 0.0, 1.0, 0.0, 1.0, 0.0, 1.0, 1.0, 0.0, 0.0, 1.0, 0.0, 1.0, 0.0, 1.0, 0.0, 0.0, 0.0, 1.0, 1.0, 0.0, 1.0, 0.0, 0.0], [0.0, 0.0, 1.0, 0.0, 0.0, 0.0, 0.0, 1.0, 0.0, 1.0, 0.0, 0.0, 0.0, 1.0, 1.0, -0.0, 1.0, -0.0, 1.0, -0.0, 1.0, -0.0, 1.0, 1.0, -0.0, -0.0, 1.0, -0.0, 1.0, -0.0, 1.0, -0.0, -0.0, -0.0, 1.0, 1.0, -0.0, 1.0, -0.0, -0.0], [0.0, 0.0, 1.0, 0.0, 0.0, 0.0, 0.0, 1.0, 0.0, 1.0, 0.0, 0.0, 1.0, 1.0, 1.0, 0.0, 0.0, 0.0, 1.0, 0.0, 1.0, 0.0, 1.0, 1.0, 0.0, 0.0, 1.0, 0.0, 1.0, 0.0, 1.0, 0.0, 0.0, 0.0, 1.0, 1.0, 0.0, 1.0, -0.0, 1.0150610510858564e-15], [0.0, 0.0, 1.0, 0.0, 0.0, 0.0, 0.0, 1.0, 0.0, 1.0, 0.0, 0.0, 1.0, 1.0, 1.0, 0.0, 0.0, 0.0, 1.0, 0.0, 1.0, 0.0, 1.0, 1.0, 0.0, -0.0, 1.0, 0.0, 1.0, -0.0, 1.0, -0.0, -0.0, -0.0, 1.0, 1.0, -0.0, 1.0, -0.0, -0.0], [0.0, 0.0, 1.0, 1.0, 0.0, 0.0, 0.0, 1.0, 0.0, 1.0, 0.0, 0.0, 1.0, 1.0, 1.0, 0.0, 0.0, 0.0, 0.0, 0.0, 1.0, 0.0, 1.0, 1.0, 0.0, 0.0, 1.0, 0.0, 1.0, 0.0, 1.0, 0.0, 0.0, 0.0, 1.0, 1.0, 0.0, 1.0, 0.0, 0.0], [0.0, 0.0, 1.0, 0.0, 0.0, 1.0, 0.0, 1.0, 0.0, 1.0, 0.0, 0.0, 0.0, 1.0, 1.0, 0.0, 0.0, 0.0, 1.0, 0.0, 1.0, 0.0, 1.0, 1.0, 0.0, 0.0, 0.0, 0.0, 1.0, 0.0, 1.0, 0.0, 0.0, 0.0, 1.0, 1.0, 0.0, 1.0, -0.0, 8.881784197001246e-16], [0.0, 0.0, 1.0, 0.0, 0.0, 1.0, 0.0, 1.0, 0.0, 1.0, 0.0, 0.0, 0.0, 1.0, 1.0, 0.0, 0.0, 0.0, 1.0, 0.0, 1.0, 0.0, 1.0, 1.0, 0.0, 0.0, 0.0, 0.0, 1.0, 0.0, 1.0, 0.0, 0.0, 0.0, 1.0, 1.0, 0.0, 1.0, 0.0, 0.0], [0.0, 0.0, 1.0, 0.0, 0.0, 0.0, 0.0, 1.0, 0.0, 1.0, 1.0, 0.0, 1.0, 1.0, 0.0, 0.0, 0.0, 0.0, 1.0, 0.0, 1.0, 0.0, 1.0, 1.0, 0.0, 0.0, 1.0, -0.0, 1.0, 0.0, 0.9999999999999999, 0.0, 0.0, -0.0, 1.0, 1.0, -0.0, 1.0, -0.0, 0.0], [0.0, 0.0, 1.0, 0.0, 0.0, 0.0, 0.0, 1.0, 0.0, 1.0, 1.0, 0.0, 1.0, 1.0, 0.0, 0.0, 0.0, 0.0, 1.0, 0.0, 1.0, 0.0, 1.0, 1.0, 0.0, 0.0, 1.0, 0.0, 1.0, 0.0, 1.0, 0.0, 0.0, 0.0, 1.0, 1.0, 0.0, 1.0, 0.0, 0.0], [0.0, 0.0, 1.0, 0.0, 0.0, 1.0, 1.0, 1.0, -0.0, 1.0, -0.0, -0.0, 1.0, 1.0, 1.0, -0.0, -0.0, -0.0, 1.0, -0.0, 1.0, -0.0, 1.0, -0.0, -0.0, -0.0, -0.0, -0.0, 1.0, -0.0, 1.0, -0.0, -0.0, -0.0, 1.0, 1.0, -0.0, 1.0, -0.0, -0.0], [0.0, 0.0, 1.0, 0.0, 0.0, 1.0, 0.0, 1.0, 0.0, 1.0, 0.0, 0.0, 1.0, 1.0, 0.0, 0.0, 0.0, 0.0, 1.0, 0.9999999999999957, 1.0, 0.0, 1.0, 0.9999999999999928, -0.0, 0.0, 1.0, 0.0, 0.0, -0.0, 1.0, 0.0, 0.0, -0.0, 1.0, 1.0, -0.0, 1.0, -0.0, -0.0], [0.0, 0.0, 1.0, 0.0, 0.0, 1.0, 0.0, 1.0, 0.0, 1.0, 0.0, 0.0, 1.0, 1.0, 0.0, 0.0, 0.0, 0.0, 1.0, 1.0, 1.0, 0.0, 1.0, 1.0, 0.0, 0.0, 1.0, 0.0, 0.0, 0.0, 1.0, 0.0, 0.0, 0.0, 1.0, 1.0, 0.0, 1.0, 0.0, 0.0], [0.0, 0.0, 1.0, 0.0, 0.0, 1.0, 0.0, 1.0, 0.0, 1.0, 0.0, 0.0, 1.0, 1.0, 1.0, 0.0, 1.0, 0.0, 1.0, 0.0, 1.0, 0.0, 1.0, 1.0, 0.0, 0.0, 1.0, 0.0, 0.0, 0.0, 1.0, 0.0, 0.0, 0.0, 1.0, 1.0, 0.0, 1.0, 0.0, 0.0], [0.0, 0.0, 0.0, 0.0, 1.0, 1.0, 0.0, 1.0, 0.0, 1.0, 0.0, 0.0, 1.0, 1.0, 1.0, 0.0, -0.0, -0.0, 1.0, 0.0, 1.0, -0.0, 1.0, 0.0, -0.0, -0.0, -0.0, -0.0, 1.0, -0.0, 1.0, 0.0, 0.999999999999997, -0.0, 1.0, 1.0, -0.0, 1.0, -0.0, -0.0], [0.0, 0.0, 0.0, 0.0, 1.0, 1.0000000000000062, -0.0, 1.0, -0.0, 1.0, -0.0, -0.0, 0.9999999999999997, 1.0, 1.0, -0.0, -0.0, -0.0, 1.0, -0.0, 1.0, -0.0, 1.0, 0.0, -0.0, -0.0, 0.0, -0.0, 0.9999999999999969, -0.0, 1.0, 0.0, 1.0, -0.0, 1.0, 1.0, -0.0, 1.0, -0.0, -0.0], [0.0, 0.0, 0.0, 0.0, 1.0, 1.000000000000003, -0.0, 1.0, -0.0, 1.0, -0.0, -0.0, 0.9999999999999972, 1.0, 1.0, -0.0, -0.0, -0.0, 1.0, -0.0, 1.0, -0.0, 1.0, 0.0, -0.0, -0.0, -0.0, -0.0, 1.0, -0.0, 1.0, 0.0, 1.0, -0.0, 1.0, 1.0, -0.0, 1.0, -0.0, -0.0], [0.0, 0.0, 0.0, 0.0, 1.0, 1.0, -0.0, 1.0, -0.0, 1.0, -0.0, -0.0, 1.0, 1.0, 1.0, -0.0, -0.0, -0.0, 1.0, -0.0, 1.0, -0.0, 1.0, -0.0, -0.0, -0.0, -0.0, -0.0, 1.0, -0.0, 1.0, -0.0, 1.0, -0.0, 1.0, 1.0, -0.0, 1.0, -0.0, -0.0], [0.0, 0.0, 1.0, 1.0, 0.0, 0.0, 1.0, 1.0, 0.0, 1.0, 0.0, 0.0, 0.0, 1.0, 1.0, 0.0, 0.0, 0.0, 1.0, 0.0, 1.0, 0.0, 1.0, 1.0, 0.0, 0.0, 1.0, 0.0, 0.0, 0.0, 1.0, 0.0, 0.0, 0.0, 1.0, 1.0, 0.0, 1.0, 0.0, 0.0], [0.0, 0.0, 1.0, 0.0, 0.0, 0.0, 1.0, 1.0, 0.0, 1.0, 0.0, 0.0, 1.0, 1.0, 1.0, 0.0, 0.0, 0.0, 1.0, -0.0, 1.0, 0.0, 1.0, 1.0, -0.0, 0.0, 1.0, 0.0, 0.0, -0.0, 1.0, 0.0, 0.0, -0.0, 1.0, 1.0, -0.0, 1.0, -0.0, 0.0], [0.0, 0.0, 1.0, 0.0, 0.0, 0.0, 1.0, 1.0, 0.0, 1.0, 0.0, 0.0, 1.0, 1.0, 1.0, 0.0, 0.0, 0.0, 1.0, -0.0, 1.0, 0.0, 1.0, 0.9999999999999974, 0.0, 0.0, 1.0, 0.0, -0.0, 0.0, 1.0, -0.0, 0.0, -0.0, 1.0, 1.0, -0.0, 1.0, -0.0, 0.0], [0.0, 0.0, 1.0, 0.0, 1.0, 0.0, 0.0, 1.0, 0.0, 1.0, 0.0, 0.0, 0.0, 1.0, 1.0, 0.0, 0.0, 0.0, 1.0, 1.0, 1.0, -0.0, 1.0, -0.0, -0.0, -0.0, -0.0, -0.0, 1.0, -0.0, 1.0, -0.0, -0.0, -0.0, -0.0, 1.0, -0.0, 1.0, -0.0, -0.0], [0.0, 0.0, 0.0, 1.0, 1.0, -0.0, -0.0, 1.0, -0.0, 1.0, -0.0, -0.0, -0.0, 1.0, 1.0, -0.0, -0.0, -0.0, 1.0, 0.0, 1.0, -0.0, 1.0, 1.0, -0.0, -0.0, 1.0, -0.0, -0.0, -0.0, 1.0, -0.0, 1.0, -0.0, 1.0, 1.0, -0.0, 1.0, -0.0, -0.0], [0.0, 0.0, 0.0, 0.0, 1.0, 0.0, -0.0, 1.0, 0.0, 1.0, -0.0, 0.0, 1.0, 1.0, 1.0, 0.0, -0.0, -0.0, 1.0, 0.0, 1.0, 0.0, 1.0, 1.0, -0.0, 0.0, 1.0, 0.0, -0.0, 0.0, 1.0, 0.0, 1.0, -0.0, 1.0, 1.0, 0.0, 1.0, 0.0, 0.0], [0.0, 0.0, 1.0, 0.0, 1.0, 0.0, 0.0, 1.0, 0.0, 1.0, 1.0, 0.0, 1.0, 1.0, 1.0, 0.0, 0.0, 0.0, 1.0, 0.0, 1.0, 0.0, 1.0, 0.0, 0.0, 0.0, -0.0, -0.0, 1.0, -0.0, 0.9999999999999999, -0.0, 0.0, -0.0, -0.0, 1.0, -0.0, 1.0, -0.0, -0.0], [0.0, 0.0, 1.0, 0.0, 1.0, 0.0, 0.0, 1.0, 0.0, 1.0, 1.0, 0.0, 1.0, 1.0, 1.0, 0.0, 0.0, 0.0, 1.0, -0.0, 1.0, -0.0, 1.0, 0.0, -0.0, -0.0, -0.0, -0.0, 1.0, -0.0, 0.9999999999999996, 0.0, -0.0, -0.0, 0.0, 1.0, -0.0, 1.0, -0.0, -0.0], [0.0, 0.0, 1.0, 0.0, 1.0, 0.0, 0.0, 1.0, 0.0, 1.0, 1.0, 0.0, 1.0, 1.0, 1.0, -0.0, -0.0, -0.0, 1.0, -0.0, 1.0, -0.0, 1.0, 0.0, -0.0, -0.0, -0.0, -0.0, 1.0, -0.0, 1.0, 0.0, -0.0, -0.0, -0.0, 1.0, -0.0, 1.0, -0.0, -0.0], [0.0, 0.0, 1.0, 0.0, 1.0, 0.0, 0.0, 1.0, 0.0, 1.0, 0.0, 0.0, 0.0, 1.0, 1.0, 0.0, 0.0, 0.0, 1.0, 0.0, 1.0, 0.0, 1.0, 0.0, 0.0, 0.0, 1.0, 0.0, 1.0, 0.0, 1.0, 0.0, 0.0, 0.0, 0.0, 1.0, 0.0, 1.0, -0.0, 8.198570028001151e-16], [0.0, 0.0, 1.0, 0.0, 1.0, 0.0, 0.0, 1.0, 0.0, 1.0, 0.0, 0.0, 0.0, 1.0, 1.0, 0.0, 0.0, 0.0, 1.0, 0.0, 1.0, 0.0, 1.0, -0.0, 0.0, -0.0, 1.0, 0.0, 1.0, -0.0, 1.0, -0.0, -0.0, -0.0, -0.0, 1.0, -0.0, 1.0, -0.0, -0.0], [0.0, 0.0, 1.0, 0.0, 1.0, 1.0, 0.0, 1.0, 0.0, 1.0, 0.0, 0.0, 1.0, 1.0, 1.0, -0.0, -0.0, -0.0, 1.0, 1.0, 1.0, -0.0, 1.0, -0.0, -0.0, -0.0, -0.0, -0.0, -0.0, -0.0, 1.0, 0.0, -0.0, -0.0, 0.0, 1.0, -0.0, 1.0, -0.0, -0.0], [0.0, 0.0, 1.0, 0.0, 1.0, 0.0, 0.0, 1.0, 0.0, 1.0, 0.0, 0.0, 1.0, 1.0, 0.0, 0.0, 0.0, 0.0, 1.0, 1.0, 1.0, 0.0, 1.0, 0.0, 0.0, 0.0, 0.0, 0.0, 0.0, 0.0, 1.0, 0.0, 0.0, -0.0, 1.0000000000000002, 1.0, 0.0, 1.0, -0.0, -0.0], [0.0, 0.0, 1.0, 0.0, 1.0, 0.0, 0.0, 1.0, 0.0, 1.0, 0.0, 0.0, 1.0, 1.0, 0.0, 0.0, 0.0, 0.0, 1.0, 1.0, 1.0, 0.0, 1.0, 0.0, 0.0, 0.0, 0.0, 0.0, 0.0, 0.0, 1.0, 0.0, 0.0, 0.0, 1.0, 1.0, 0.0, 1.0, 0.0, 0.0], [0.0, 0.0, 1.0, 0.0, 1.0, 0.0, 0.0, 1.0, 0.0, 1.0, 0.0, 0.0, 1.0, 1.0, 1.0, 0.0, 1.0, 0.0, 1.0, 0.0, 1.0, 0.0, 1.0, 0.0, 0.0, 0.0, 0.0, 0.0, 0.0, 0.0, 1.0, 0.0, 0.0, -0.0, 1.0000000000000002, 1.0, 0.0, 1.0, -0.0, -0.0], [0.0, 0.0, 1.0, 0.0, 1.0, -0.0, -0.0, 1.0, -0.0, 1.0, -0.0, -0.0, 1.0, 1.0, 1.0, -0.0, 1.0, -0.0, 1.0, 0.0, 1.0, -0.0, 1.0, 0.0, -0.0, -0.0, -0.0, -0.0, 0.0, -0.0, 1.0, 0.0, -0.0, -0.0, 1.0, 1.0, -0.0, 1.0, -0.0, -0.0], [0.0, 0.0, 1.0, 0.0, 1.0, 0.0, 0.0, 1.0, 0.0, 1.0, 1.0, -0.0, -0.0, 1.0, 1.0, -0.0, -0.0, -0.0, 1.0, -0.0, 1.0, -0.0, 1.0, -0.0, -0.0, -0.0, -0.0, -0.0, -0.0, -0.0, 1.0, -0.0, -0.0, -0.0, 1.0, 1.0, -0.0, 1.0, -0.0, -0.0], [0.0, 0.0, 1.0, 0.0, 1.0, 0.0, 0.0, 1.0, 0.0, 1.0, 0.0, 0.0, 1.0, 1.0, 0.0, 0.0, 0.0, 0.0, 1.0, 0.0, 1.0, 0.0, 1.0, 0.0, 0.0, 0.0, 1.0, 0.0, 0.0, 0.0, 1.0, 0.0, 0.0, 0.0, 1.0, 1.0, 0.0, 1.0, -0.0, 8.198570028001151e-16], [0.0, 0.0, 1.0, 0.0, 1.0, 0.0, 0.0, 1.0, 0.0, 1.0, 0.0, 0.0, 1.0, 1.0, 0.0, 0.0, 0.0, 0.0, 1.0, 0.0, 1.0, 0.0, 1.0, 0.0, 0.0, 0.0, 1.0, 0.0, 0.0, 0.0, 1.0, 0.0, 0.0, 0.0, 1.0, 1.0, 0.0, 1.0, 0.0, 0.0], [0.0, 0.0, 1.0, 0.0, 1.0, 1.0, -0.0, 1.0, -0.0, 1.0, -0.0, -0.0, -0.0, 1.0, -0.0, -0.0, -0.0, -0.0, 1.0, -0.0, 1.0, -0.0, 1.0, 0.0, -0.0, -0.0, 0.0, -0.0, -0.0, -0.0, 1.0, -0.0, 0.0, -0.0, 1.0, 1.0, -0.0, 1.0, -0.0, -0.0], [0.0, 0.0, 1.0, -0.0, 1.0, 1.0, -0.0, 1.0, -0.0, 0.9999999999999777, -0.0, -0.0, -0.0, 1.0, -0.0, -0.0, -0.0, -0.0, 1.0, -0.0, 1.0, -0.0, 1.0, 1.532107773982716e-14, -0.0, -0.0, -0.0, -0.0, -0.0, -0.0, 1.0, -0.0, 0.0, -0.0, 1.0, 1.0, -0.0, 1.0, -0.0, -0.0], [0.0, 0.0, 1.0, 0.0, 0.0, 1.0, 0.0, 1.0, 0.0, 1.0, 0.0, 0.0, 0.0, 1.0, 0.0, 0.0, 0.0, 0.0, 1.0, 0.0, 1.0, 0.0, 1.0, 0.0, 0.0, 0.0, 0.0, 0.0, 0.0, 0.0, 1.0, 0.0, 1.0, 0.0, 1.0, 1.0, 0.0, 1.0, 0.0, 0.0]]
