vars = 1225 ; constr = 70 
 # informations of B&B algorithm : 
total_times_used = 3601.47 
total_nodes = 27785 
pruned_nodes = 13611 
GAP = 0.0 
relaxation_time = 3550.31 
test_dominance_time = 0.41 
update_incumbent_time = 12.9 
tree_size = 1588.627 
nb_nodes_EPB = 0 
nb_nodes_VB = 27784 
root_relax = false 
TO = true 
rootLBS = 27 
LBSexhaustive = true 
 位_strategy = 0 
 位_min = 0 
 位_max = 0 
位_acc = 0.0 
total_time_cplex = 0.0 
total_time_fusion = 0.0 


size_Y_N = 80
Y_N = [[52.0, 295.0], [53.0, 276.0], [55.0, 263.0], [56.0, 240.0], [58.0, 229.0], [59.0, 228.0], [61.0, 225.0], [62.0, 217.0], [63.0, 210.0], [65.0, 195.0], [68.0, 189.0], [69.0, 181.0], [70.0, 178.0], [71.0, 176.0], [72.0, 173.0], [73.0, 169.0], [74.0, 167.0], [75.0, 165.0], [76.0, 162.0], [78.0, 158.0], [79.0, 157.0], [80.0, 153.0], [82.0, 149.0], [84.0, 147.0], [85.0, 146.0], [86.0, 142.0], [88.0, 138.0], [90.0, 137.0], [91.0, 135.0], [92.0, 131.0], [94.0, 128.0], [95.0, 126.0], [96.0, 124.0], [97.0, 122.0], [100.0, 118.0], [101.0, 117.0], [102.0, 114.0], [103.0, 113.0], [106.0, 112.0], [108.0, 110.0], [110.0, 106.0], [112.0, 102.0], [113.0, 101.0], [116.0, 100.0], [118.0, 99.0], [120.0, 95.0], [124.0, 94.0], [125.0, 93.0], [128.0, 92.0], [132.0, 87.0], [136.0, 86.0], [141.0, 85.0], [143.0, 83.0], [148.0, 81.0], [149.0, 80.0], [150.0, 78.0], [155.0, 77.0], [159.0, 76.0], [162.0, 75.0], [165.0, 74.0], [166.0, 72.0], [169.0, 71.0], [170.0, 69.0], [179.0, 68.0], [180.0, 67.0], [187.0, 66.0], [191.0, 65.0], [195.0, 63.0], [201.0, 62.0], [205.0, 61.0], [217.0, 59.0], [224.0, 58.0], [228.0, 57.0], [238.0, 56.0], [240.0, 55.0], [256.0, 54.0], [265.0, 53.0], [279.0, 52.0], [295.0, 51.0], [326.0, 50.0]]
