vars = 2500 ; constr = 100 
 # informations of B&B algorithm : 
total_times_used = 3601.9 
total_nodes = 10437 
pruned_nodes = 5085 
GAP = 0.0 
relaxation_time = 3560.0 
test_dominance_time = 0.13 
update_incumbent_time = 13.83 
tree_size = 1113.581 
nb_nodes_EPB = 0 
nb_nodes_VB = 10436 
root_relax = false 
TO = true 
rootLBS = 33 
LBSexhaustive = true 
 位_strategy = 0 
 位_min = 0 
 位_max = 0 
位_acc = 0.0 
total_time_cplex = 0.0 
total_time_fusion = 0.0 


size_Y_N = 116
Y_N = [[61.0, 500.0], [62.0, 459.0], [63.0, 448.0], [64.0, 423.0], [65.0, 395.0], [66.0, 381.0], [67.0, 373.0], [68.0, 359.0], [69.0, 348.0], [70.0, 337.0], [71.0, 327.0], [72.0, 319.0], [74.0, 307.0], [75.0, 296.0], [76.0, 293.0], [77.0, 283.0], [78.0, 275.0], [80.0, 266.0], [81.0, 261.0], [82.0, 258.0], [83.0, 250.0], [84.0, 245.0], [85.0, 240.0], [86.0, 238.0], [87.0, 234.0], [88.0, 226.0], [89.0, 221.0], [90.0, 219.0], [92.0, 218.0], [93.0, 211.0], [94.0, 209.0], [95.0, 204.0], [96.0, 201.0], [97.0, 199.0], [99.0, 193.0], [100.0, 192.0], [101.0, 189.0], [102.0, 186.0], [103.0, 184.0], [106.0, 178.0], [107.0, 176.0], [108.0, 173.0], [110.0, 169.0], [111.0, 168.0], [113.0, 165.0], [114.0, 164.0], [115.0, 163.0], [116.0, 160.0], [119.0, 159.0], [120.0, 156.0], [121.0, 155.0], [123.0, 154.0], [125.0, 151.0], [127.0, 148.0], [130.0, 146.0], [131.0, 144.0], [132.0, 141.0], [133.0, 140.0], [135.0, 139.0], [136.0, 135.0], [139.0, 134.0], [140.0, 133.0], [141.0, 131.0], [144.0, 130.0], [146.0, 127.0], [149.0, 125.0], [152.0, 123.0], [155.0, 121.0], [159.0, 120.0], [160.0, 118.0], [164.0, 115.0], [167.0, 114.0], [171.0, 112.0], [172.0, 111.0], [177.0, 109.0], [182.0, 108.0], [187.0, 105.0], [189.0, 104.0], [192.0, 103.0], [195.0, 102.0], [200.0, 99.0], [207.0, 98.0], [209.0, 97.0], [211.0, 96.0], [212.0, 95.0], [213.0, 94.0], [217.0, 93.0], [220.0, 92.0], [223.0, 91.0], [225.0, 90.0], [229.0, 89.0], [231.0, 88.0], [235.0, 87.0], [239.0, 86.0], [243.0, 85.0], [246.0, 84.0], [248.0, 83.0], [249.0, 82.0], [254.0, 81.0], [263.0, 80.0], [268.0, 79.0], [273.0, 78.0], [282.0, 77.0], [289.0, 76.0], [295.0, 75.0], [301.0, 74.0], [314.0, 73.0], [322.0, 72.0], [334.0, 71.0], [357.0, 70.0], [372.0, 69.0], [381.0, 68.0], [399.0, 67.0], [426.0, 66.0], [444.0, 65.0], [472.0, 64.0]]
