vars = 72 ; constr = 72 
 # informations of B&B algorithm : 
total_times_used = 160.9 
total_nodes = 7114 
pruned_nodes = 3726 
GAP = 0.0 
relaxation_time = 154.95 
test_dominance_time = 0.0 
update_incumbent_time = 0.42 
tree_size = 15.076 
nb_nodes_EPB = 891 
nb_nodes_VB = 6222 
root_relax = true 
TO = false 
rootLBS = 37 
LBSexhaustive = true 
 位_strategy = 0 
 位_min = 0 
 位_max = 0 
位_acc = 0.0 
total_time_cplex = 148.50384545326233 
total_time_fusion = 0.0 
heur = false 
heur_time = 0.0 
mixed = false 
mixed2 = false 


size_Y_N = 128
Y_N = [[1090.0, 4458.0], [1134.0, 4185.0], [1186.0, 4159.0], [1232.0, 4109.0], [1241.0, 3866.0], [1247.0, 3801.0], [1299.0, 3775.0], [1345.0, 3725.0], [1355.0, 3718.0], [1391.0, 3566.0], [1418.0, 3551.0], [1426.0, 3544.0], [1443.0, 3540.0], [1444.0, 3538.0], [1450.0, 3473.0], [1474.0, 3465.0], [1490.0, 3461.0], [1496.0, 3396.0], [1498.0, 3247.0], [1504.0, 3182.0], [1556.0, 3156.0], [1602.0, 3106.0], [1612.0, 3099.0], [1654.0, 3080.0], [1664.0, 3073.0], [1669.0, 2997.0], [1675.0, 2932.0], [1683.0, 2925.0], [1686.0, 2839.0], [1692.0, 2774.0], [1744.0, 2748.0], [1777.0, 2702.0], [1783.0, 2637.0], [1828.0, 2616.0], [1835.0, 2611.0], [1857.0, 2589.0], [1863.0, 2524.0], [1871.0, 2517.0], [1908.0, 2497.0], [1919.0, 2438.0], [1954.0, 2387.0], [1962.0, 2380.0], [1999.0, 2366.0], [2006.0, 2361.0], [2007.0, 2359.0], [2010.0, 2301.0], [2042.0, 2267.0], [2079.0, 2247.0], [2087.0, 2240.0], [2090.0, 2188.0], [2133.0, 2130.0], [2175.0, 2116.0], [2178.0, 2109.0], [2181.0, 2051.0], [2226.0, 2030.0], [2258.0, 1990.0], [2279.0, 1975.0], [2306.0, 1911.0], [2350.0, 1897.0], [2395.0, 1876.0], [2404.0, 1835.0], [2448.0, 1821.0], [2475.0, 1757.0], [2489.0, 1743.0], [2534.0, 1722.0], [2573.0, 1681.0], [2596.0, 1677.0], [2641.0, 1656.0], [2680.0, 1605.0], [2764.0, 1597.0], [2768.0, 1583.0], [2787.0, 1539.0], [2875.0, 1507.0], [2894.0, 1499.0], [2930.0, 1477.0], [2982.0, 1441.0], [3006.0, 1432.0], [3020.0, 1418.0], [3037.0, 1411.0], [3065.0, 1397.0], [3072.0, 1355.0], [3127.0, 1352.0], [3164.0, 1344.0], [3170.0, 1279.0], [3295.0, 1272.0], [3299.0, 1258.0], [3318.0, 1214.0], [3406.0, 1182.0], [3420.0, 1151.0], [3511.0, 1125.0], [3513.0, 1116.0], [3568.0, 1086.0], [3656.0, 1054.0], [3701.0, 1047.0], [3726.0, 1046.0], [3747.0, 1028.0], [3763.0, 988.0], [3808.0, 981.0], [3854.0, 962.0], [3896.0, 949.0], [3928.0, 922.0], [3951.0, 919.0], [4003.0, 883.0], [4058.0, 853.0], [4117.0, 852.0], [4146.0, 821.0], [4178.0, 794.0], [4253.0, 755.0], [4326.0, 729.0], [4367.0, 724.0], [4412.0, 717.0], [4417.0, 703.0], [4458.0, 698.0], [4459.0, 690.0], [4500.0, 685.0], [4555.0, 655.0], [4566.0, 624.0], [4607.0, 619.0], [4662.0, 589.0], [4709.0, 562.0], [4750.0, 557.0], [4787.0, 555.0], [4800.0, 536.0], [4816.0, 496.0], [4857.0, 491.0], [4907.0, 470.0], [4948.0, 465.0], [5128.0, 462.0]]
