vars = 100 ; constr = 300 
 # informations of B&B algorithm : 
total_times_used = 293.96 
total_nodes = 12929 
pruned_nodes = 6444 
GAP = 0.0 
relaxation_time = 278.27 
test_dominance_time = 0.0 
update_incumbent_time = 0.11 
tree_size = 36.213 
nb_nodes_EPB = 192 
nb_nodes_VB = 12736 
root_relax = true 


 # ----------- info about cuts : 
ite_total = 6678 
cuts_applied = 803 
sp_cuts = 802 
mp_cuts = 1 
cuts_total = 803 
times_calling_dicho = 278.27 
times_calling_separators = 4.67 
times_oper_cutPool = 0.03 
times_total_for_cuts = 223.0 
times_add_retrieve_cuts = 0.03 



size_Y_N = 22
Y_N = [[1851.0, 2487.0], [1891.0, 2483.0], [1993.0, 2479.0], [2000.0, 2472.0], [2096.0, 2464.0], [2124.0, 2440.0], [2148.0, 2418.0], [2176.0, 2394.0], [2203.0, 2367.0], [2215.0, 2363.0], [2230.0, 2338.0], [2233.0, 2311.0], [2238.0, 2306.0], [2245.0, 2295.0], [2257.0, 2287.0], [2280.0, 2286.0], [2333.0, 2267.0], [2337.0, 2209.0], [2371.0, 2197.0], [2387.0, 2187.0], [2388.0, 2170.0], [2391.0, 2129.0]]

size_X_E = 22
X_E = [[0.0, 0.0, -0.0, 0.0, 0.0, 0.0, 0.0, 0.0, 1.0, 1.0, 0.0, 1.0, 0.0, 0.0, 1.0, 0.0, 0.0, -0.0, 0.0, 0.0, 0.0, 0.0, 1.0, 0.0, -0.0, 0.0, 0.0, 1.0, 1.0, 0.0, 0.0, 0.0, 0.0, 1.0, 0.0, 1.0, 0.0, 0.0, 0.0, 1.0, 1.0, 0.0, 1.0, 0.0, 0.0, 1.0, 0.0, 1.0, 0.0, 0.0, 1.0, 0.0, 0.0, 0.0, 0.0, 0.0, 1.0, 0.0, 0.0, 0.0, 0.0, 1.0, 0.0, 1.0, 1.0, 0.0, 1.0, 0.0, 1.0, 1.0, 0.0, 0.0, 0.0, 0.0, -0.0, 0.0, 0.0, 0.0, 0.0, 0.0, 0.0, 1.0, 0.0, -0.0, 0.0, 0.0, 0.0, 1.0, 0.0, 1.0, 1.0, 1.0, 1.0, 1.0, 0.0, 1.0, 1.0, 1.0, 0.0, 1.0], [0.0, 0.0, -0.0, 0.0, 0.0, 0.0, 0.0, -0.0, 1.0, 1.0000000000000013, 0.0, 1.0, 0.0, 0.0, 1.0, 0.0, 0.0, -0.0, 0.0, 0.0, 0.0, 0.0, 1.0, 0.0, 0.0, 0.0, 0.0, 1.0, 1.0, 0.0, 0.0, 0.0, 0.0, 1.0, 0.0, 1.0000000000000007, -0.0, 0.0, 0.0, 1.0, 1.0, 0.0, 1.0, 0.0, 0.0, 1.0, 0.0, 1.0, 0.0, 0.0, 1.0, 0.0, 0.0, 0.0, 0.0, 0.0, 1.0, 0.0, 0.0, 0.0, 0.0, 1.0, 0.0, 1.0, 1.0, 0.0, 1.0, 0.0, 1.0, 1.0, 0.0, 0.0, 0.0, 0.0, 0.0, 0.0, 0.0, 0.0, 0.0, 0.0, 0.0, 1.0, 0.0, 0.0, 0.0, 0.0, 0.0, 1.0, 0.0, 1.0, 1.0, 1.0, 1.0, 0.9999999999999991, 0.0, 1.0, 1.0, 1.0, 0.0, 1.0], [0.0, 0.0, -0.0, 0.0, 0.0, 0.0, 0.0, 0.0, 1.0, 1.000000000000016, 0.0, 1.0, 0.0, 0.0, 1.0, 0.0, 0.0, -0.0, 0.0, 0.0, 0.0, 0.0, 0.9999999999999426, 0.0, 0.0, 0.0, 0.0, 1.0, 1.0, 0.0, 0.0, 0.0, 0.0, 1.0, 0.0, 1.000000000000016, 0.0, 0.0, 0.0, 1.0, 1.0, 0.0, 1.0, 0.0, 0.0, 1.0000000000000342, 0.0, 1.0, 0.0, 0.0, 1.0, 0.0, 0.0, 0.0, 0.0, 0.0, 1.0, 0.0, 0.0, 0.0, 0.0, 1.0, 0.0, 1.0, 1.0, 0.0, 1.0, 0.0, 1.0, 1.0, 0.0, 0.0, 0.0, 0.0, 0.0, 0.0, 0.0, 0.0, 0.0, 0.0, 0.0, 1.0, 0.0, 0.0, 0.0, 0.0, 0.0, 1.0, 0.0, 1.0, 1.0, 0.9999999999999498, 0.9999999999999498, 0.9999999999999498, 0.0, 1.0, 1.0000000000000502, 1.0, -0.0, 1.0], [0.0, 0.0, -0.0, 0.0, 0.0, 0.0, 0.0, 0.0, 1.0, 0.0, 1.0, 1.0, 0.0, 0.0, 0.0, 0.0, -0.0, -0.0, 1.0, 0.0, 0.0, 0.0, 0.0, 1.0, 0.0, 0.0, 0.0, 1.0, 1.0, 1.0, 0.0, 0.0, 0.0, 1.0, 0.0, 0.0, 0.0, 0.0, 0.0, 1.0, 0.0, 0.0, 1.0, 0.0, 0.0, 0.0, 0.0, 1.0, 0.0, 0.0, 1.0, 0.0, 0.0, 0.0, 1.0, 0.0, 0.0, 0.0, 0.0, 0.0, 0.0, 0.0, 0.0, 1.0, 0.0, 0.0, 1.0, 0.0, 0.0, 1.0, 1.0, 0.0, -0.0, 1.0, 0.0, 0.0, 0.0, 0.0, 0.0, 1.0, 0.0, 1.0, -0.0, 0.0, 0.0, 1.0, 1.0, 1.0, 0.0, 1.0, 1.0, 0.0, 1.0, 1.0, 0.0, 1.0, 1.0, 1.0, 1.0, 1.0], [0.0, 0.0, -0.0, 0.0, -0.0, 0.0, 0.0, -0.0, 1.0, 0.0, 1.0, 1.0, 0.0, -0.0, -0.0, -0.0, 0.0, -0.0, 0.9999999999999998, 0.0, 0.0, 0.0, 0.0, 1.0, 0.0, 0.0, -0.0, 0.9999999999999971, 1.0, 1.0, 0.0, 0.0, 0.0, 1.0, -0.0, 0.0, 0.0, 0.0, 0.0, 1.0, 0.0, 0.0, 1.0, 0.0, 0.0, 0.0, 0.0, 1.0, 0.0, 0.0, 1.0, 0.0, 0.0, 0.0, 1.0, 0.0, -0.0, 0.0, 0.0, -0.0, 0.0, 0.0, 0.0, 1.0, 0.0, 0.0, 0.9999999999999971, 0.0, 0.0, 1.0, 1.0, 0.0, 0.0, 1.0, 0.0, -0.0, 0.0, 0.0, -0.0, 1.0, -0.0, 1.0, -0.0, -0.0, 0.0, 1.0, 1.0, 1.0, 0.0, 1.0, 1.0, 0.0, 1.0, 1.0, 0.0, 1.0, 1.0, 1.0, 1.0, 1.0], [0.0, 0.0, -0.0, 0.0, 0.0, 0.0, 0.0, 0.0, 0.9999999999999999, 0.0, 1.0, 1.0, 0.0, 0.0, 0.0, -0.0, 0.0, 0.0, 1.0, -0.0, 0.0, 0.0, 0.0, 0.9999999999999999, 0.0, 0.0, 0.0, 1.0, 1.0, 1.0, 0.0, 0.0, 0.0, 1.0, 0.0, 0.0, 0.0, 0.0, 0.0, 1.0, 0.0, 0.0, 0.9999999999999999, 0.0, 0.0, 0.0, 0.0, 1.0, 0.0, 0.0, 1.0, 0.0, 0.0, 0.0, 1.0, 0.0, 0.0, -0.0, 0.0, 0.0, 0.0, 0.0, 0.0, 1.0, 0.0, 0.0, 0.9999999999999999, 0.0, 0.0, 0.9999999999999999, 0.9999999999999999, 0.0, 0.0, 1.0, -0.0, 0.0, 0.0, 0.0, 0.0, 1.0, 0.0, 1.0, 0.0, 0.0, -0.0, 1.0, 1.0, 1.0, 0.0, 1.0, 1.0, 0.0, 0.9999999999999999, 1.0, 0.0, 1.0, 0.9999999999999993, 1.0, 1.0, 1.0], [-0.0, 0.0, -0.0, -0.0, -0.0, -0.0, 0.0, 0.0, 1.0, 0.0, 1.0, 1.0, 0.0, -0.0, 0.0, -0.0, 0.0, -0.0, 1.0, -0.0, -0.0, -0.0, 0.0, 1.0, -0.0, 0.0, -0.0, 1.0, 1.0, 1.0, -0.0, 0.0, -0.0, 1.0, -0.0, -0.0, -0.0, 0.0, 0.0, 1.0, 0.0, -0.0, 1.0, -0.0, 0.0, 0.0, 0.0, 1.0, 0.0, 0.0, 1.0, -0.0, 0.0, 0.0, 1.0, 0.0, 0.0, -0.0, -0.0, -0.0, -0.0, 0.0, 0.0, 1.0, -0.0, -0.0, 1.0, 0.0, 0.0, 1.0, 1.0, 0.0, 0.0, 1.0, -0.0, 0.0, 0.0, 0.0, -0.0, 1.0, -0.0, 1.0, 0.0, -0.0, 0.0, 1.0, 1.0, 1.0, -0.0, 1.0, 1.0, -0.0, 1.0, 1.0, -0.0, 1.0, 1.0000000000000002, 1.0, 1.0, 1.0], [0.0, 0.0, -0.0, 0.0, 0.0, 0.0, 0.0, 0.0, 1.0, 0.0, 1.0, 1.0, 0.0, 0.0, 0.0, 0.0, 0.0, -0.0, 1.0, -0.0, 0.0, 0.0, 0.0, 1.0, 0.0, 0.0, 0.0, 0.9999999999999998, 1.0, 0.9999999999999998, 0.0, 0.0, 0.0, 1.0, -0.0, 0.0, 0.0, 0.0, -0.0, 0.9999999999999998, 0.0, 0.0, 1.0000000000000002, 0.0, 0.0, 0.0, 0.0, 0.9999999999999998, 0.0, -0.0, 0.9999999999999998, 0.0, 0.0, 0.0, 1.0, 0.0, 0.0, 0.0, 0.0, 0.0, 0.0, 0.0, 0.0, 1.0, 0.0, 0.0, 0.9999999999999998, 0.0, 0.0, 1.0, 0.9999999999999994, 0.0, 0.0, 1.0, -0.0, 0.0, -0.0, 0.0, 0.0, 1.0, 0.0, 1.0, 0.0, 0.0, 0.0, 1.0, 1.0, 1.0, 0.0, 1.0, 1.0, 0.0, 1.0, 1.0, 0.0, 1.0, 1.0, 1.0, 1.0, 1.0], [0.0, 0.0, -0.0, 0.0, 0.0, 0.0, 0.0, 0.0, 1.0, 0.0, 1.0, 1.0, 0.0, -0.0, 0.0, -0.0, 0.0, -0.0, 1.0, 0.0, 0.0, 0.0, 0.0, 1.0, -0.0, 0.0, 0.0, 1.0, 1.0, 1.0, 0.0, 0.0, 0.0, 1.0, 0.0, 0.0, 0.0, 0.0, 0.0, 1.0, 0.0, 0.0, 1.0, 0.0, 0.0, 0.0, 0.0, 1.0, 0.0, 0.0, 1.0, 0.0, -0.0, 0.0, 1.0, 0.0, 0.0, -0.0, 0.0, -0.0, 0.0, 0.0, 0.0, 1.0, 0.0, 0.0, 1.0, 0.0, 0.0, 1.0, 1.0, 0.0, 0.0, 1.0, 0.0, -0.0, 0.0, 0.0, 0.0, 1.0, 0.0, 1.0, 0.0, 0.0, 0.0, 1.0, 1.0, 1.0, 0.0, 1.0, 1.0, 0.0, 1.0, 1.0, 0.0, 1.0, 0.9999999999999999, 1.0, 1.0, 1.0], [-0.0, -0.0, 0.0, -0.0, 0.0, 0.0, 0.0, 0.0, 1.0, 0.0, 1.0, 1.0, -0.0, -0.0, 0.0, -0.0, 0.0, -0.0, 1.0, 0.0, 0.0, 0.0, 0.0, 1.0, 0.0, 0.0, 0.0, 1.0, 1.0, 1.0, 0.0, -0.0, 0.0, 1.0, 0.0, 0.0, 0.0, 0.0, -0.0, 1.0, 0.0, 0.0, 1.0, 0.0, 0.0, 0.0, 0.0, 1.0, -0.0, 0.0, 1.0, 0.0, -0.0, 0.0, 1.0, 0.0, 0.0, -0.0, -0.0, -0.0, 0.0, 0.0, 0.0, 1.0, 0.0, 0.0, 1.0, 0.0, 0.0, 1.0, 1.0, 0.0, 0.0, 1.0, -0.0, -0.0, 0.0, 0.0, -0.0, 1.0000000000000002, 0.0, 1.0, 0.0, 0.0, -0.0, 1.0, 1.0, 1.0, 0.0, 1.0, 1.0, 0.0, 1.0, 1.0, 0.0, 1.0, 1.0, 1.0, 1.0, 1.0], [0.0, 0.0, 0.0, 0.0, 0.0, -0.0, 0.0, -0.0, 1.0, 1.0, 1.0, 1.0, 1.0, 0.0, 0.0, 0.0, -0.0, -0.0, 0.0, 0.0, 0.0, 0.0, 0.0, 1.0, 0.0, 0.0, 0.0, 1.0, 0.0, 1.0, 0.0, 0.0, 0.0, 1.0, 0.0, 0.0, 0.0, 0.0, 0.0, 1.0, 0.0, -0.0, 1.0, 0.0, 0.0, 0.0, 0.0, 1.0, 0.0, 1.0, 1.0, 0.0, 1.0, 0.0, 0.0, 0.0, 0.0, 0.0, 0.0, 0.0, 0.0, 0.0, -0.0, 1.0, 0.0, -0.0, 1.0, 0.0, 1.0, 1.0, 1.0, 0.0, 0.0, 1.0, 0.0, 0.0, 0.0, 0.0, -0.0, 1.0, -0.0, 1.0, 0.0, -0.0, 0.0, 0.0, 1.0, 1.0, 0.0, 1.0, 1.0, 0.0, 1.0, 1.0, 0.0, 1.0, 1.0, 1.0, 0.0, 1.0], [-0.0, -0.0, -0.0, -0.0, 0.0, -0.0, 0.0, -0.0, 1.0, 1.0, 1.0, 1.0, 1.0, 0.0, 0.0, 0.0, 0.0, -0.0, 0.0, 0.0, 0.0, 0.0, 0.0, 1.0, 0.0, 0.0, 0.0, 1.0, 0.0, 1.0, 0.0, 0.0, 0.0, 1.0, -0.0, 0.0, 0.0, -0.0, -0.0, 1.0, -0.0, 0.0, 1.0, -0.0, 0.0, -0.0, 0.0, 1.0, 0.0, 1.0, 1.0, -0.0, 1.0, 0.0, 0.0, 0.0, 0.0, 0.0, 0.0, -0.0, 0.0, 0.0, 0.0, 1.0, -0.0, 0.0, 1.0, 0.0, 1.0, 1.0, 1.0, 0.0, 0.0, 1.0, 0.0, 0.0, 0.0, 0.0, -0.0, 1.0, 0.0, 1.0, 0.0, -0.0, 0.0, 0.0, 1.0, 1.0, 0.0, 0.9999999999999991, 1.0, 0.0, 1.0, 1.0, 0.0, 1.0, 1.0, 1.0, 0.0, 1.0], [0.0, 0.0, -0.0, 0.0, 0.0, 0.0, 0.0, -0.0, 1.0, 1.0, 1.0, 1.0, 1.0, 0.0, 0.0, -0.0, 0.0, -0.0, 0.0, -0.0, 0.0, 0.0, 0.0, 1.0, 0.0, 0.0, 0.0, 1.0, 0.0, 1.0, 0.0, 0.0, 0.0, 1.0, 0.0, 0.0, 0.0, 0.0, 0.0, 1.0, 0.0, 0.0, 1.0, 0.0, 0.0, 0.0, 0.0, 1.0000000000000002, 0.0, 1.0, 1.0000000000000002, 0.0, 1.0, 0.0, 0.0, 0.0, 0.0, 0.0, 0.0, 0.0, 0.0, 0.0, 0.0, 1.0, 0.0, 0.0, 1.0, 0.0, 1.0, 1.0, 1.0, 0.0, 0.0, 1.0, 0.0, 0.0, 0.0, 0.0, 0.0, 1.0, 0.0, 1.0, 0.0, -0.0, 0.0, 0.0, 1.0, 1.0, 0.0, 1.0, 1.0, 0.0, 1.0, 1.0, 0.0, 1.0, 1.0, 1.0, 0.0, 1.0], [-0.0, -0.0, -0.0, -0.0, -0.0, -0.0, -0.0, -0.0, 1.0, 1.0, 1.0, 1.0, 1.0, -0.0, -0.0, -0.0, 0.0, -0.0, 0.0, -0.0, 0.0, -0.0, 0.0, 1.0, -0.0, 0.0, -0.0, 1.0, 0.0, 1.0, -0.0, 0.0, 0.0, 1.0, -0.0, 0.0, 0.0, -0.0, -0.0, 1.0, 0.0, 0.0, 1.0, -0.0, -0.0, -0.0, -0.0, 1.0, -0.0, 1.0, 1.0, 0.0, 1.0, 0.0, -0.0, 0.0, -0.0, -0.0, -0.0, -0.0, 0.0, 0.0, -0.0, 1.0, -0.0, -0.0, 1.0, -0.0, 1.0, 1.0, 1.0000000000000016, -0.0, 0.0, 1.0, -0.0, -0.0, -0.0, -0.0, 0.0, 1.0, -0.0, 1.0, -0.0, -0.0, -0.0, 0.0, 1.0, 1.0, 0.0, 1.0, 1.0, -0.0, 1.0, 1.0, -0.0, 1.0, 1.0, 1.0, 0.0, 1.0], [-0.0, 0.0, -0.0, -0.0, 0.0, -0.0, 0.0, 0.0, 1.0, 1.0, 1.0, 1.0, 1.0, -0.0, 0.0, 0.0, 0.0, -0.0, -0.0, 0.0, 0.0, 0.0, -0.0, 1.0, 0.0, 0.0, 0.0, 1.0, -0.0, 1.0, 0.0, 0.0, 0.0, 1.0, 0.0, 0.0, 0.0, -0.0, -0.0, 1.0, 0.0, 0.0, 1.0, 0.0, 0.0, 0.0, 0.0, 1.0, 0.0, 1.0, 1.0, 0.0, 0.9999999999999996, 0.0, -0.0, 0.0, 0.0, -0.0, 0.0, 0.0, 0.0, 0.0, -0.0, 1.0, 0.0, -0.0, 1.0, -0.0, 1.0, 1.0, 1.0, -0.0, -0.0, 1.0, 0.0, 0.0, 0.0, -0.0, -0.0, 1.0, -0.0, 1.0, 0.0, -0.0, -0.0, 0.0, 1.0, 1.0, 0.0, 1.0, 1.0, 0.0, 1.0, 1.0, 0.0, 1.0, 1.0, 1.0, 0.0, 1.0], [0.0, 0.0, -0.0, -0.0, 0.0, 0.0, 0.0, -0.0, 1.0, 1.0, 1.0, 1.0, 1.0, 0.0, 0.0, -0.0, 0.0, -0.0, 0.0, -0.0, 0.0, 0.0, 0.0, 0.9999999999999998, 0.0, 0.0, 0.0, 1.0, 0.0, 1.0, 0.0, 0.0, 0.0, 1.0, 0.0, 0.0, 0.0, 0.0, 0.0, 1.0, 0.0, 0.0, 1.0, 0.0, 0.0, 0.0, 0.0, 1.0, -0.0, 1.0, 1.0, 0.0, 1.0, 0.0, 0.0, 0.0, 0.0, 0.0, 0.0, 0.0, 0.0, 0.0, 0.0, 1.0, 0.0, 0.0, 1.0, 0.0, 1.0, 1.0, 1.0, 0.0, 0.0, 1.0, 0.0, 0.0, 0.0, 0.0, 0.0, 1.0, 0.0, 1.0, 0.0, 0.0, 0.0, 0.0, 1.0, 1.0, 0.0, 1.0, 1.0, 0.0, 1.0, 1.0, 0.0, 1.0, 1.0, 1.0, 0.0, 1.0], [0.0, 0.0, -0.0, -0.0, 0.0, 0.0, 0.0, -0.0, 0.9999999999999994, 0.9999999999999994, 1.0, 0.9999999999999994, 1.0, 0.0, 0.0, -0.0, 0.0, -0.0, 0.0, 0.0, 0.0, 0.0, 0.0, 0.9999999999999994, 0.0, 0.0, 0.0, 1.0, 0.0, 0.9999999999999994, 0.0, 0.0, 0.0, 0.9999999999999994, 0.0, 0.0, 0.0, -0.0, 0.0, 1.0, -0.0, 0.0, 0.9999999999999994, 0.0, 0.0, -0.0, 0.0, 1.0, 0.0, 1.0, 0.9999999999999994, 0.0, 1.0, 0.0, 0.0, 0.0, 0.0, 0.0, 0.0, 0.0, 0.0, 0.0, 0.0, 0.9999999999999994, -0.0, 0.0, 0.9999999999999994, -0.0, 1.0, 0.9999999999999994, 0.999999999999998, 0.0, 0.0, 0.9999999999999994, 0.0, 0.0, 0.0, 0.0, 0.0, 0.9999999999999994, 0.0, 0.9999999999999994, 0.0, -0.0, 0.0, 0.0, 0.9999999999999994, 1.0, 0.0, 0.9999999999999994, 1.0, 0.0, 0.9999999999999994, 1.0, 0.0, 0.9999999999999994, 1.0, 1.0, 0.0, 0.9999999999999994], [0.0, -0.0, -0.0, 0.0, 0.0, 0.0, 0.0, 0.0, 1.0, 0.0, 1.0, 1.0, -0.0, 0.0, 0.0, -0.0, 0.0, -0.0, 1.0, -0.0, 0.0, -0.0, 0.0, 1.0, 0.0, 0.0, -0.0, 1.0, 1.0, 1.0, 0.0, 1.0, 0.0, 1.0, -0.0, 0.0, 0.0, -0.0, 0.0, 1.0, -0.0, 0.0, 1.0, 0.0, 0.0, 0.0, 0.0, 1.0, 0.0, 0.0, 1.0, 0.0, 0.0, -0.0, 1.0, 0.0, 0.0, 0.0, 0.0, 0.0, 0.0, 0.0, 0.0, 1.0, 0.0, 0.0, 1.0, 0.0, 0.0, 1.0, 1.0, 0.0, 0.0, 1.0, 1.0, 0.0, 0.0, 0.0, -0.0, 1.0, 0.0, 1.0, 0.0, -0.0, 0.0, 1.0, 1.0, 1.0, 0.0, 1.0, 1.0, 0.0, 1.0, 1.0, 0.0, 1.0, 0.0, 1.0, 1.0, 1.0], [0.0, -0.0, -0.0, 0.0, 0.0, 0.0, 0.0, -0.0, 1.0, 0.0, 1.0, 1.0, 0.0, 0.0, 0.0, -0.0, 0.0, 0.0, 1.0, 0.0, 0.0, 0.0, 0.0, 1.0, -0.0, -0.0, -0.0, 1.0, 1.0, 1.0, 0.0, 1.0, -0.0, 1.0, 0.0, 0.0, -0.0, 0.0, -0.0, 1.0, -0.0, 0.0, 1.0, 0.0, -0.0, -0.0, -0.0, 1.0, 0.0, 0.0, 1.0, -0.0, 0.0, 0.0, 1.0, 0.0, 0.0, -0.0, -0.0, 0.0, -0.0, -0.0, -0.0, 1.0, -0.0, -0.0, 1.0, 0.0, 0.0, 1.0, 1.0, 0.0, -0.0, 1.0, 0.999999999999998, -0.0, 0.0, 0.0, 0.0, 1.0, 0.0, 1.0, 0.0, 0.0, 0.0, 1.0, 1.0, 1.0, -0.0, 1.0000000000000018, 1.0, -0.0, 1.0, 1.0, 0.0, 1.0, 0.0, 1.0, 1.0, 1.0], [-0.0, 0.0, -0.0, 0.0, 0.0, 0.0, 0.0, 0.0, 0.9999999999999931, 0.0, 0.9999999999999966, 1.0, 0.0, 0.0, 0.0, -0.0, 0.0, -0.0, 1.0, 0.0, 0.0, 0.0, 0.0, 0.9999999999999966, 0.0, 0.0, 0.0, 1.0, 1.0, 1.0, 0.0, 0.9999999999999931, 0.0, 1.0, 0.0, 0.0, 0.0, 0.0, 0.0, 1.0, 0.0, 0.0, 0.9999999999999931, 0.0, 0.0, 0.0, 0.0, 1.0, 0.0, 0.0, 0.9999999999999969, 0.0, 0.0, 0.0, 1.0, 0.0, 0.0, 0.0, 0.0, 0.0, 0.0, 0.0, 0.0, 1.0, 0.0, 0.0, 1.0, 0.0, 0.0, 1.0, 0.9999999999999966, 0.0, 0.0, 1.0, 1.0, 0.0, 0.0, 0.0, 0.0, 1.0, 0.0, 0.9999999999999969, 0.0, 0.0, 0.0, 1.0, 0.9999999999999966, 1.0, 0.0, 1.0, 1.0, 0.0, 1.0, 0.9999999999999966, 0.0, 1.0, 0.0, 1.0, 0.9999999999999966, 1.0], [0.0, 0.0, -0.0, 0.0, 0.0, 0.0, 0.0, 0.0, 1.0, 0.0, 1.0, 1.0, 0.0, 0.0, 0.0, -0.0, 0.0, -0.0, 1.0, -0.0, 0.0, 0.0, 0.0, 1.0, 0.0, 0.0, 0.0, 1.0, 1.0, 1.0, 0.0, 1.0000000000000029, 0.0, 1.0, 0.0, 0.0, 0.0, 0.0, 0.0, 1.0, 0.0, 0.0, 1.0, 0.0, 0.0, 0.0, 0.0, 1.0, 0.0, 0.0, 1.0, 0.0, 0.0, 0.0, 1.0, 0.0, 0.0, 0.0, 0.0, -0.0, 0.0, 0.0, 0.0, 1.0, 0.0, 0.0, 1.0, 0.0, 0.0, 1.0, 1.0, 0.0, 0.0, 1.0, 1.0, 0.0, 0.0, 0.0, 0.0, 1.0, 0.0, 1.0, 0.0, 0.0, 0.0, 1.0, 1.0, 1.0, 0.0, 1.0, 1.0, 0.0, 1.0, 1.0, 0.0, 1.0, 0.0, 1.0, 1.0, 1.0], [0.0, 0.0, -0.0, 0.0, -0.0, 0.0, 0.0, -0.0, 1.0, 0.0, 1.0, 1.0, -0.0, 0.0, 0.0, -0.0, 0.0, -0.0, 0.9999999999999956, 0.0, 0.0, 0.0, 0.0, 1.0, 0.0, 0.0, 0.0, 1.0, 1.0, 1.0, 0.0, 1.000000000000002, 0.0, 1.0, 0.0, 0.0, 0.0, 0.0, -0.0, 1.0, 0.0, 0.0, 1.0, 0.0, -0.0, 0.0, 0.0, 1.0, 0.0, 0.0, 1.0, 0.0, 0.0, 0.0, 1.0, -0.0, 0.0, -0.0, -0.0, 0.0, 0.0, 0.0, 0.0, 1.0, 0.0, 0.0, 1.0, 0.0, 0.0, 1.0, 1.0, 0.0, 0.0, 1.000000000000002, 1.0, -0.0, 0.0, 0.0, 0.0, 1.0, 0.0, 1.0, -0.0, -0.0, -0.0, 1.0, 1.000000000000002, 1.0, 0.0, 1.0, 1.0, 0.0, 1.0, 1.0, 0.0, 1.0, 0.0, 1.0, 1.0, 1.0]]
