vars = 210 ; constr = 511 
 # informations of B&B algorithm : 
total_times_used = 3608.53 
total_nodes = 6036 
pruned_nodes = 757 
GAP = 0.0 
relaxation_time = 3597.01 
test_dominance_time = 0.05 
update_incumbent_time = 0.05 
tree_size = 24.183 
nb_nodes_EPB = 1709 
nb_nodes_VB = 4326 
root_relax = true 
TO = true 


 # ----------- info about cuts : 
ite_total = 5347 
cuts_applied = 0 
sp_cuts = 0 
mp_cuts = 0 
cuts_total = 0 
times_calling_dicho = 3597.01 
times_calling_separators = 0.38 
times_oper_cutPool = 0.0 
times_total_for_cuts = 3584.45 
times_add_retrieve_cuts = 0.01 



size_Y_N = 75
Y_N = [[796.0, 6425.0], [833.0, 6238.0], [836.0, 6229.0], [842.0, 6033.0], [858.0, 6021.0], [860.0, 6002.0], [863.0, 5999.0], [870.0, 5921.0], [871.0, 5911.0], [889.0, 5791.0], [896.0, 5713.0], [915.0, 5712.0], [916.0, 5680.0], [942.0, 5643.0], [944.0, 5637.0], [959.0, 5624.0], [963.0, 5499.0], [980.0, 5469.0], [982.0, 5315.0], [1027.0, 5292.0], [1074.0, 5039.0], [1154.0, 5002.0], [1198.0, 4892.0], [1244.0, 4749.0], [1262.0, 4641.0], [1284.0, 4633.0], [1285.0, 4628.0], [1306.0, 4560.0], [1356.0, 4449.0], [1402.0, 4382.0], [1404.0, 4242.0], [1477.0, 4202.0], [1549.0, 3769.0], [1851.0, 3612.0], [2095.0, 3591.0], [2144.0, 3397.0], [2174.0, 3141.0], [2331.0, 3129.0], [2500.0, 2900.0], [2524.0, 2598.0], [2804.0, 2483.0], [2889.0, 2353.0], [3117.0, 2242.0], [3176.0, 2204.0], [3179.0, 2185.0], [3219.0, 2160.0], [3244.0, 2063.0], [3299.0, 1807.0], [3540.0, 1661.0], [3557.0, 1603.0], [3580.0, 1579.0], [3681.0, 1541.0], [3701.0, 1345.0], [3863.0, 1325.0], [4015.0, 1211.0], [4034.0, 1095.0], [4188.0, 1028.0], [4272.0, 888.0], [4375.0, 851.0], [4438.0, 822.0], [4624.0, 592.0], [4705.0, 577.0], [4806.0, 558.0], [5049.0, 488.0], [5068.0, 456.0], [5071.0, 450.0], [5183.0, 440.0], [5336.0, 417.0], [5419.0, 416.0], [5524.0, 401.0], [5810.0, 399.0], [5825.0, 392.0], [6193.0, 380.0], [6257.0, 378.0], [6332.0, 377.0]]

size_X_E = 75
