vars = 45 ; constr = 48 
 # informations of B&B algorithm : 
total_times_used = 8.72 
total_nodes = 3137 
pruned_nodes = 1540 
GAP = 0.0 
relaxation_time = 7.58 
test_dominance_time = 0.0 
update_incumbent_time = 0.02 
tree_size = 6.477 
nb_nodes_EPB = 68 
nb_nodes_VB = 3068 
root_relax = true 


 # ----------- info about cuts : 
ite_total = 1646 
cuts_applied = 2 
sp_cuts = 2 
mp_cuts = 0 
cuts_total = 2 
times_calling_dicho = 7.58 
times_calling_separators = 0.0 
times_oper_cutPool = 0.0 
times_total_for_cuts = 5.32 
times_add_retrieve_cuts = 0.0 



size_Y_N = 14
Y_N = [[313.0, 521.0], [324.0, 484.0], [338.0, 456.0], [349.0, 435.0], [360.0, 398.0], [372.0, 347.0], [383.0, 310.0], [407.0, 309.0], [408.0, 261.0], [419.0, 224.0], [436.0, 223.0], [460.0, 222.0], [497.0, 218.0], [503.0, 196.0]]

size_X_E = 14
X_E = [[0.0, 0.0, 0.0, 0.0, 0.0, 0.0, 0.0, 0.0, 1.0, 0.0, 0.0, 0.0, 0.0, 1.0, 0.0, 1.0, 0.0, 0.0, 0.0, 0.0, 0.0, 0.0, 0.0, 0.0, 0.0, 0.0, 1.0, 0.0, 1.0, 0.0, 0.0, 0.0, 0.0, 1.0, 0.0, 1.0, 0.0, 0.0, 1.0, 0.0, 0.0, 1.0, 0.0, 1.0, 1.0], [0.0, 0.0, 0.0, 0.0, 0.0, 0.0, 0.0, 0.0, 0.0, 0.0, 0.0, 0.0, 0.0, 1.0, 0.0, 1.0, 0.0, 0.0, 0.0, 0.0, 0.0, 0.0, 0.0, 0.0, 0.0, 0.0, 1.0, 0.0, 1.0, 0.0, 0.0, 0.0, 1.0, 1.0, 0.0, 1.0, 0.0, 0.0, 1.0, 0.0, 0.0, 1.0, 0.0, 1.0, 1.0], [0.0, -0.0, 0.0, 0.0, -0.0, -0.0, 0.0, 0.0, 1.0, 1.0, -0.0, -0.0, 0.0, 1.0, 0.0, -0.0, -0.0, -0.0, -0.0, -0.0, 0.0, -0.0, 0.0, 0.0, 0.0, -0.0, 1.0, -0.0, 1.0, -0.0, 0.0, -0.0, -0.0, 0.0, -0.0, 1.0, -0.0, 0.0, 1.0, 1.0, -0.0, 1.0, -0.0, 1.0, 1.0], [0.0, -0.0, 0.0, 0.0, -0.0, -0.0, 0.0, 0.0, 1.0, 1.0, -0.0, -0.0, 0.0, 1.0, 0.0, 1.0, -0.0, -0.0, -0.0, -0.0, 0.0, -0.0, 0.0, 0.0, 0.0, -0.0, 1.0, -0.0, 1.0, -0.0, 0.0, -0.0, -0.0, 0.0, -0.0, 1.0, -0.0, 0.0, 1.0, -0.0, -0.0, 1.0, -0.0, 1.0, 1.0], [0.0, 0.0, 0.0, 0.0, 0.0, 0.0, 0.0, 0.0, 0.0, -0.0, -0.0, 0.0, -0.0, 1.0, 0.0, -0.0, 1.0, -0.0, -0.0, -0.0, 1.0, -0.0, 1.0, 0.0, 0.0, -0.0, 0.0, -0.0, 0.0, -0.0, 0.0, 0.0, -0.0, 1.0, 1.0, 1.0, 0.0, -0.0, 0.0, 1.0, -0.0, 1.0, 1.0, -0.0, 1.0], [0.0, -0.0, 0.0, 0.0, -0.0, 0.0, -0.0, -0.0, 0.0, 0.0, -0.0, 0.0, -0.0, 1.0, 0.0, 1.0, 1.0, -0.0, -0.0, -0.0, 1.0, -0.0, 1.0, 0.0, 0.0, -0.0, 0.0, -0.0, 0.0, -0.0, -0.0, -0.0, -0.0, 1.0, 1.0, 1.0, -0.0, -0.0, 0.0, 0.0, -0.0, 1.0, 1.0, -0.0, 1.0], [0.0, -0.0, 0.0, 0.0, 0.0, -0.0, 0.0, -0.0, -0.0, -0.0, 0.0, 0.0, 0.0, 1.0, 0.0, 1.0, 1.0, -0.0, 0.0, 0.0, 1.0, -0.0, 0.0, 0.0, 0.0, -0.0, -0.0, 0.0, 0.0, 0.0, 0.0, -0.0, 0.0, 1.0, 1.0, 1.0, 0.0, -0.0, 1.0, -0.0, -0.0, 1.0, 1.0, -0.0, 1.0], [0.0, -0.0, 0.0, 0.0, 0.0, 0.0, -0.0, -0.0, 0.0, 1.0, 0.0, 0.0, -0.0, 1.0, -0.0, 0.0, 1.0, -0.0, -0.0, -0.0, 1.0, -0.0, 1.0, 0.0, 0.0, -0.0, -0.0, -0.0, -0.0, 0.0, -0.0, -0.0, 0.0, 0.0, 1.0, 1.0, -0.0, -0.0, 0.0, 1.0, -0.0, 1.0, 1.0, 0.0, 1.0], [0.0, -0.0, 0.0, 0.0, -0.0, 0.0, -0.0, -0.0, -0.0, 1.0000000000000004, -0.0, -0.0, -0.0, 1.0, -0.0, 0.0, 1.0, -0.0, -0.0, -0.0, 1.0, -0.0, 1.0, 0.0, 0.0, -0.0, 0.0, -0.0, -0.0, -0.0, -0.0, -0.0, -0.0, 0.0, 1.0, 1.0, -0.0, -0.0, 0.0, 1.0, -0.0, 1.0, 1.0, 0.0, 1.0], [0.0, -0.0, -0.0, -0.0, 0.0, 0.0, -0.0, -0.0, -0.0, 1.0, -0.0, 0.0, -0.0, 1.0, -0.0, 1.0, 1.0, -0.0, -0.0, -0.0, 1.0, -0.0, 1.0, -0.0, -0.0, -0.0, 0.0, -0.0, 0.0, -0.0, -0.0, -0.0, 0.0, 0.0, 1.0, 1.0, -0.0, -0.0, 0.0, 0.0, -0.0, 1.0, 1.0, -0.0, 1.0], [0.0, -0.0, 0.0, 0.0, 0.0, 0.0, 0.0, -0.0, -0.0, 0.0, -0.0, 0.0, -0.0, 1.0, -0.0, 1.0, 1.0, 1.0, -0.0, -0.0, 1.0, -0.0, 1.0, 0.0, 0.0, -0.0, 0.0, -0.0, -0.0, -0.0, -0.0, -0.0, 0.0, -0.0, 1.0, 1.0, -0.0, -0.0, 0.0, -0.0, -0.0, 1.0, 1.0, -0.0, 1.0], [0.0, -0.0, 0.0, -0.0, 0.0, 0.0, -0.0, -0.0, -0.0, 0.0, -0.0, 0.0, -0.0, 1.0, -0.0, 1.0, 1.0, 1.0, -0.0, -0.0, 1.0, -0.0, 0.0, 0.0, -0.0, -0.0, 0.0, -0.0, -0.0, -0.0, -0.0, -0.0, 0.0, -0.0, 1.0, 1.0, -0.0, -0.0, 1.0, -0.0, -0.0, 1.0, 1.0, -0.0, 1.0], [1.0, 0.0, 0.0, 0.0, 1.0, 1.0, 0.0, 0.0, 0.0, 1.0, 0.0, 0.0, 0.0, 0.0, 0.0, 1.0, 0.0, 0.0, 0.0, 0.0, 0.0, 0.0, 0.0, 0.0, 0.0, 0.0, 0.0, 0.0, 0.0, 0.0, 0.0, 0.0, 0.0, 0.0, 1.0, 1.0, 0.0, 0.0, 1.0, 0.0, 1.0, 1.0, 0.0, 0.0, 1.0], [1.0, -0.0, -0.0, -0.0, 1.0, 0.0, -0.0, -0.0, -0.0, 1.0, -0.0, 0.0, -0.0, 1.0, -0.0, 1.0, 0.0, 0.0, -0.0, -0.0, 0.0, -0.0, 0.0, -0.0, -0.0, -0.0, 0.0, -0.0, -0.0, -0.0, -0.0, -0.0, -0.0, -0.0, 1.0, 1.0, -0.0, -0.0, 1.0, -0.0, 1.0, 1.0, -0.0, -0.0, 1.0]]
