vars = 100 ; constr = 1 
 # informations of B&B algorithm : 
total_times_used = 3600.03 
total_nodes = 321177 
pruned_nodes = 168903 
GAP = 0.0 
relaxation_time = 3096.01 
test_dominance_time = 21.11 
update_incumbent_time = 38.19 
tree_size = 810.174 
nb_nodes_EPB = 83020 
nb_nodes_VB = 238156 
root_relax = true 
TO = true 


 # ----------- info about cuts : 
ite_total = 164737 
cuts_applied = 49688 
sp_cuts = 49671 
mp_cuts = 17 
cuts_total = 49688 
times_calling_dicho = 3096.01 
times_calling_separators = 9.86 
times_oper_cutPool = 8.05 
times_total_for_cuts = 2586.57 
times_add_retrieve_cuts = 6.73 



size_Y_N = 104
Y_N = [[15302.0, 49945.0], [15344.0, 49860.0], [16078.0, 49859.0], [16120.0, 49653.0], [16724.0, 49638.0], [16766.0, 49554.0], [16808.0, 49377.0], [16896.0, 49359.0], [17412.0, 49256.0], [17542.0, 49196.0], [17672.0, 48934.0], [18016.0, 48858.0], [18146.0, 48790.0], [18188.0, 48653.0], [18318.0, 48616.0], [18360.0, 48376.0], [18490.0, 48339.0], [18792.0, 48334.0], [18834.0, 48330.0], [18876.0, 48168.0], [18964.0, 48127.0], [19266.0, 47893.0], [19308.0, 47770.0], [19350.0, 47760.0], [19438.0, 47742.0], [19610.0, 47664.0], [19652.0, 47315.0], [19740.0, 47291.0], [19782.0, 47170.0], [19824.0, 47164.0], [20126.0, 47163.0], [20214.0, 47145.0], [20558.0, 46581.0], [20688.0, 46543.0], [20730.0, 46509.0], [21032.0, 45937.0], [21204.0, 45907.0], [21246.0, 45766.0], [21334.0, 45742.0], [21590.0, 45246.0], [21678.0, 45228.0], [21720.0, 45164.0], [21808.0, 45129.0], [21850.0, 44968.0], [22152.0, 44521.0], [22282.0, 44492.0], [22324.0, 44361.0], [22454.0, 44148.0], [22626.0, 43804.0], [22668.0, 43772.0], [22756.0, 43754.0], [22798.0, 43707.0], [22840.0, 43572.0], [22928.0, 43543.0], [23230.0, 43026.0], [23272.0, 42969.0], [23402.0, 42889.0], [23658.0, 42230.0], [23746.0, 42226.0], [23788.0, 42169.0], [23876.0, 42151.0], [24220.0, 41488.0], [24262.0, 41408.0], [24350.0, 41404.0], [24392.0, 40693.0], [24434.0, 40683.0], [24522.0, 40679.0], [24564.0, 40626.0], [24606.0, 40561.0], [24694.0, 40515.0], [24824.0, 39992.0], [24866.0, 39939.0], [24908.0, 39888.0], [24950.0, 39883.0], [24996.0, 39875.0], [25038.0, 39865.0], [25340.0, 39147.0], [25382.0, 39132.0], [25470.0, 39114.0], [25512.0, 38328.0], [25554.0, 38318.0], [25642.0, 38300.0], [25684.0, 38275.0], [25726.0, 38161.0], [25814.0, 38143.0], [25944.0, 37582.0], [25986.0, 37567.0], [26028.0, 37513.0], [26116.0, 37509.0], [26158.0, 37422.0], [26200.0, 36677.0], [26288.0, 36631.0], [26330.0, 36578.0], [26418.0, 36471.0], [26460.0, 36378.0], [26590.0, 35974.0], [26632.0, 35889.0], [26674.0, 35845.0], [26762.0, 35800.0], [26804.0, 34884.0], [26892.0, 34610.0], [26934.0, 34461.0], [26976.0, 34356.0], [27106.0, 34330.0]]

size_X_E = 104
