vars = 500 ; constr = 1 
 # informations of B&B algorithm : 
total_times_used = 300.06 
total_nodes = 10877 
pruned_nodes = 4899 
GAP = 0.0 
relaxation_time = 265.96 
test_dominance_time = 1.02 
update_incumbent_time = 1.64 
tree_size = 43.905 
nb_nodes_EPB = 3626 
nb_nodes_VB = 7250 
root_relax = true 
TO = true 


 # ----------- info about cuts : 
ite_total = 6298 
cuts_applied = 947 
sp_cuts = 947 
mp_cuts = 0 
cuts_total = 947 
times_calling_dicho = 265.96 
times_calling_separators = 0.71 
times_oper_cutPool = 0.22 
times_total_for_cuts = 222.83 
times_add_retrieve_cuts = 0.16 



size_Y_N = 132
Y_N = [[65113.0, 422159.0], [65278.0, 422027.0], [68401.0, 421903.0], [68894.0, 421890.0], [72017.0, 421680.0], [72510.0, 421674.0], [75633.0, 421414.0], [76126.0, 421308.0], [79249.0, 420987.0], [79742.0, 420930.0], [82700.0, 420492.0], [83358.0, 420446.0], [86316.0, 420022.0], [86974.0, 419844.0], [89932.0, 419351.0], [90425.0, 419161.0], [93548.0, 418580.0], [94041.0, 418450.0], [97164.0, 417767.0], [97657.0, 417636.0], [100780.0, 416874.0], [101108.0, 416745.0], [101273.0, 416743.0], [104231.0, 415884.0], [104396.0, 415877.0], [104889.0, 415806.0], [108012.0, 414868.0], [108340.0, 414777.0], [108505.0, 414757.0], [111628.0, 413746.0], [112121.0, 413683.0], [115079.0, 412587.0], [115244.0, 412577.0], [115407.0, 412530.0], [115737.0, 412524.0], [118860.0, 411399.0], [119353.0, 411366.0], [122476.0, 410192.0], [125434.0, 408906.0], [128557.0, 407575.0], [131680.0, 406257.0], [134803.0, 404913.0], [137926.0, 403547.0], [140884.0, 402153.0], [144007.0, 400757.0], [147130.0, 399345.0], [150253.0, 397901.0], [153376.0, 396482.0], [156334.0, 395024.0], [159292.0, 393546.0], [159457.0, 393527.0], [162580.0, 392072.0], [165703.0, 390583.0], [168826.0, 389072.0], [171784.0, 387557.0], [174907.0, 386035.0], [178030.0, 384503.0], [180988.0, 382968.0], [181153.0, 382964.0], [183946.0, 381409.0], [184276.0, 381403.0], [186741.0, 379828.0], [186904.0, 379827.0], [187234.0, 379821.0], [190357.0, 378239.0], [192329.0, 376629.0], [192657.0, 376616.0], [192822.0, 376615.0], [192987.0, 376612.0], [194629.0, 375000.0], [194794.0, 374999.0], [194959.0, 374996.0], [195122.0, 374990.0], [195287.0, 374987.0], [195452.0, 374986.0], [196110.0, 373375.0], [196273.0, 373368.0], [196766.0, 373362.0], [197096.0, 373358.0], [197752.0, 373357.0], [197917.0, 373354.0], [198082.0, 373353.0], [199396.0, 371727.0], [199724.0, 371719.0], [200219.0, 371715.0], [200382.0, 371708.0], [200712.0, 371703.0], [202684.0, 370083.0], [202847.0, 370074.0], [203177.0, 370070.0], [204328.0, 368449.0], [204491.0, 368442.0], [205314.0, 368432.0], [205807.0, 368379.0], [205970.0, 366802.0], [207614.0, 366801.0], [207944.0, 366797.0], [208272.0, 366790.0], [208437.0, 366787.0], [209258.0, 365166.0], [209423.0, 365163.0], [209916.0, 365158.0], [210902.0, 365155.0], [212546.0, 363522.0], [212874.0, 363515.0], [213202.0, 363508.0], [213367.0, 363505.0], [213532.0, 363504.0], [214188.0, 361879.0], [214518.0, 361878.0], [215832.0, 361873.0], [215997.0, 361870.0], [216162.0, 361869.0], [217476.0, 360238.0], [218134.0, 360230.0], [218462.0, 360221.0], [218627.0, 360218.0], [219120.0, 358599.0], [220764.0, 358594.0], [220927.0, 358586.0], [221257.0, 358582.0], [222406.0, 356953.0], [223394.0, 356942.0], [223557.0, 356934.0], [223722.0, 356931.0], [223887.0, 356928.0], [224050.0, 355313.0], [225694.0, 355309.0], [226022.0, 355301.0], [226352.0, 355300.0], [227338.0, 353669.0], [228982.0, 353663.0]]

size_X_E = 132
