vars = 500 ; constr = 1 
 # informations of B&B algorithm : 
total_times_used = 300.1 
total_nodes = 7457 
pruned_nodes = 3750 
GAP = 0.0 
relaxation_time = 284.02 
test_dominance_time = 0.89 
update_incumbent_time = 0.53 
tree_size = 36.525 
nb_nodes_EPB = 4316 
nb_nodes_VB = 3140 
root_relax = true 
TO = true 


 # ----------- info about cuts : 
ite_total = 4091 
cuts_applied = 729 
sp_cuts = 728 
mp_cuts = 1 
cuts_total = 729 
times_calling_dicho = 284.02 
times_calling_separators = 0.63 
times_oper_cutPool = 0.1 
times_total_for_cuts = 235.69 
times_add_retrieve_cuts = 0.11 



size_Y_N = 128
Y_N = [[34781.0, 215529.0], [34872.0, 214794.0], [35104.0, 214724.0], [35336.0, 214645.0], [35427.0, 214339.0], [35543.0, 213965.0], [35775.0, 213884.0], [35808.0, 213152.0], [35833.0, 213130.0], [36156.0, 212697.0], [36272.0, 211833.0], [36330.0, 211815.0], [36363.0, 211487.0], [36537.0, 211280.0], [36595.0, 210480.0], [36653.0, 210172.0], [36711.0, 210131.0], [36769.0, 210054.0], [36918.0, 209698.0], [36976.0, 208925.0], [37034.0, 208517.0], [37150.0, 208403.0], [37208.0, 208345.0], [37299.0, 208039.0], [37357.0, 207294.0], [37415.0, 206759.0], [37531.0, 206596.0], [37589.0, 206525.0], [37647.0, 206454.0], [37680.0, 206263.0], [37705.0, 205765.0], [37738.0, 205549.0], [37796.0, 204824.0], [37912.0, 204670.0], [37970.0, 204563.0], [38028.0, 204413.0], [38144.0, 204309.0], [38293.0, 202609.0], [38351.0, 202469.0], [38409.0, 202276.0], [38525.0, 202179.0], [38583.0, 201995.0], [38674.0, 200278.0], [38732.0, 200193.0], [38790.0, 199938.0], [38906.0, 199932.0], [38964.0, 199723.0], [39022.0, 199159.0], [39055.0, 198093.0], [39080.0, 198076.0], [39171.0, 197682.0], [39287.0, 197644.0], [39345.0, 197318.0], [39403.0, 196858.0], [39461.0, 195821.0], [39494.0, 195569.0], [39519.0, 195553.0], [39552.0, 195426.0], [39610.0, 193792.0], [39668.0, 193760.0], [39784.0, 193529.0], [39842.0, 192109.0], [39900.0, 192066.0], [39958.0, 191468.0], [39991.0, 190163.0], [40049.0, 189874.0], [40165.0, 188082.0], [40281.0, 187858.0], [40339.0, 186802.0], [40397.0, 186231.0], [40455.0, 185404.0], [40488.0, 184450.0], [40546.0, 183394.0], [40604.0, 182815.0], [40662.0, 182056.0], [40720.0, 181630.0], [40778.0, 181247.0], [40836.0, 180174.0], [40894.0, 179975.0], [40927.0, 177816.0], [40985.0, 177707.0], [41043.0, 177564.0], [41101.0, 176055.0], [41159.0, 175564.0], [41275.0, 175308.0], [41333.0, 174252.0], [41366.0, 172727.0], [41482.0, 171738.0], [41540.0, 170682.0], [41598.0, 169017.0], [41656.0, 168811.0], [41714.0, 168522.0], [41772.0, 168333.0], [41830.0, 168257.0], [41863.0, 165186.0], [41921.0, 164907.0], [42037.0, 164632.0], [42095.0, 163558.0], [42153.0, 162633.0], [42211.0, 161852.0], [42269.0, 161368.0], [42302.0, 159900.0], [42360.0, 158890.0], [42418.0, 158431.0], [42476.0, 157695.0], [42592.0, 157399.0], [42708.0, 156375.0], [42741.0, 151261.0], [42799.0, 150848.0], [42857.0, 149762.0], [42915.0, 148426.0], [42973.0, 146955.0], [43031.0, 145600.0], [43089.0, 144353.0], [43147.0, 143148.0], [43205.0, 141874.0], [43238.0, 137711.0], [43296.0, 135411.0], [43354.0, 135096.0], [43412.0, 133850.0], [43470.0, 132548.0], [43528.0, 130043.0], [43586.0, 129329.0], [43644.0, 128365.0], [43677.0, 124524.0], [43735.0, 123210.0], [43793.0, 121744.0], [43851.0, 113021.0]]

size_X_E = 128
