vars = 200 ; constr = 1 
 # informations of B&B algorithm : 
total_times_used = 301.17 
total_nodes = 22327 
pruned_nodes = 13883 
GAP = 0.0 
relaxation_time = 275.27 
test_dominance_time = 0.43 
update_incumbent_time = 1.29 
tree_size = 62.528 
nb_nodes_EPB = 11604 
nb_nodes_VB = 10722 
root_relax = true 
TO = true 


 # ----------- info about cuts : 
ite_total = 8812 
cuts_applied = 2608 
sp_cuts = 2607 
mp_cuts = 1 
cuts_total = 2608 
times_calling_dicho = 275.27 
times_calling_separators = 0.76 
times_oper_cutPool = 0.28 
times_total_for_cuts = 203.12 
times_add_retrieve_cuts = 0.27 



size_Y_N = 91
Y_N = [[66994.0, 171134.0], [68485.0, 171116.0], [69976.0, 170891.0], [71467.0, 170601.0], [72557.0, 169637.0], [73830.0, 168969.0], [75103.0, 168094.0], [76158.0, 167144.0], [76376.0, 167121.0], [77466.0, 166264.0], [78338.0, 165247.0], [78739.0, 165211.0], [79611.0, 164194.0], [79794.0, 164151.0], [80012.0, 164049.0], [80448.0, 163081.0], [81067.0, 163064.0], [81285.0, 162932.0], [81721.0, 161930.0], [81939.0, 161877.0], [82157.0, 161821.0], [82375.0, 161523.0], [82776.0, 160735.0], [82994.0, 160652.0], [83212.0, 160636.0], [83430.0, 160401.0], [83648.0, 160091.0], [84267.0, 159447.0], [84485.0, 159254.0], [84703.0, 158961.0], [84921.0, 158470.0], [85139.0, 158161.0], [85357.0, 157982.0], [85575.0, 157746.0], [85976.0, 157409.0], [86194.0, 156900.0], [86412.0, 156705.0], [86630.0, 156473.0], [86848.0, 156194.0], [87066.0, 155569.0], [87685.0, 155403.0], [87903.0, 154900.0], [88121.0, 154243.0], [88339.0, 154049.0], [88557.0, 153831.0], [88775.0, 153573.0], [89176.0, 152883.0], [89394.0, 152708.0], [89612.0, 152494.0], [89647.0, 152206.0], [89830.0, 152192.0], [90048.0, 151481.0], [90083.0, 151304.0], [90266.0, 151303.0], [90484.0, 151083.0], [90885.0, 150810.0], [91103.0, 150072.0], [91321.0, 149862.0], [91539.0, 149670.0], [91757.0, 149393.0], [92193.0, 148434.0], [92376.0, 148375.0], [92594.0, 148223.0], [92812.0, 147967.0], [92847.0, 146831.0], [93030.0, 146830.0], [93283.0, 146776.0], [93466.0, 146717.0], [93684.0, 146565.0], [94085.0, 145234.0], [94521.0, 145179.0], [94739.0, 144891.0], [94957.0, 143782.0], [95794.0, 143750.0], [95829.0, 142161.0], [96012.0, 142148.0], [96230.0, 142079.0], [96448.0, 141937.0], [96483.0, 141690.0], [96666.0, 141676.0], [96701.0, 140581.0], [96884.0, 140522.0], [97285.0, 140463.0], [97503.0, 140280.0], [97721.0, 140015.0], [97939.0, 138906.0], [98375.0, 138599.0], [98994.0, 137546.0], [99212.0, 137477.0], [99648.0, 135992.0], [100119.0, 134311.0]]

size_X_E = 91
