vars = 200 ; constr = 1 
 # informations of B&B algorithm : 
total_times_used = 300.07 
total_nodes = 20638 
pruned_nodes = 11262 
GAP = 0.0 
relaxation_time = 279.51 
test_dominance_time = 0.31 
update_incumbent_time = 1.16 
tree_size = 60.369 
nb_nodes_EPB = 8359 
nb_nodes_VB = 12278 
root_relax = true 
TO = true 


 # ----------- info about cuts : 
ite_total = 9835 
cuts_applied = 2816 
sp_cuts = 2809 
mp_cuts = 7 
cuts_total = 2816 
times_calling_dicho = 279.51 
times_calling_separators = 0.68 
times_oper_cutPool = 0.25 
times_total_for_cuts = 219.45 
times_add_retrieve_cuts = 0.27 



size_Y_N = 73
Y_N = [[19920.0, 93948.0], [20772.0, 93728.0], [20838.0, 93657.0], [21264.0, 93441.0], [21690.0, 93330.0], [22182.0, 93006.0], [22248.0, 93005.0], [22362.0, 92937.0], [22674.0, 92598.0], [22740.0, 92585.0], [22854.0, 92559.0], [22920.0, 92337.0], [23280.0, 92200.0], [23592.0, 92049.0], [24198.0, 91685.0], [24264.0, 91620.0], [24690.0, 91133.0], [24756.0, 91068.0], [24936.0, 90950.0], [25608.0, 90522.0], [26280.0, 89900.0], [26772.0, 89230.0], [26952.0, 89146.0], [27198.0, 88538.0], [27510.0, 88470.0], [28182.0, 87833.0], [28788.0, 87108.0], [28854.0, 87007.0], [29346.0, 86272.0], [29772.0, 85527.0], [29952.0, 85520.0], [30444.0, 84667.0], [30936.0, 83848.0], [31362.0, 82960.0], [31674.0, 82019.0], [31788.0, 82014.0], [32100.0, 81130.0], [32526.0, 80128.0], [32952.0, 79306.0], [33378.0, 78405.0], [33576.0, 77372.0], [33690.0, 77359.0], [34002.0, 76459.0], [34116.0, 76423.0], [34542.0, 75505.0], [34854.0, 74495.0], [35280.0, 73518.0], [35706.0, 72495.0], [35772.0, 71421.0], [36132.0, 71398.0], [36198.0, 70412.0], [36378.0, 70410.0], [36444.0, 69370.0], [36510.0, 69304.0], [36624.0, 69291.0], [36870.0, 68342.0], [37116.0, 67252.0], [37182.0, 66201.0], [37296.0, 66159.0], [37362.0, 66122.0], [37608.0, 65173.0], [37968.0, 64067.0], [38214.0, 63021.0], [38346.0, 61898.0], [38460.0, 61880.0], [38706.0, 60793.0], [38886.0, 59734.0], [38952.0, 58677.0], [39018.0, 57542.0], [39132.0, 57513.0], [39198.0, 56378.0], [39378.0, 55290.0], [39444.0, 52914.0]]

size_X_E = 73
