vars = 500 ; constr = 1 
 # informations of B&B algorithm : 
total_times_used = 300.05 
total_nodes = 5424 
pruned_nodes = 1479 
GAP = 0.0 
relaxation_time = 288.16 
test_dominance_time = 0.12 
update_incumbent_time = 0.31 
tree_size = 36.732 
nb_nodes_EPB = 2229 
nb_nodes_VB = 3194 
root_relax = true 
TO = true 


 # ----------- info about cuts : 
ite_total = 4089 
cuts_applied = 461 
sp_cuts = 461 
mp_cuts = 0 
cuts_total = 461 
times_calling_dicho = 288.16 
times_calling_separators = 0.81 
times_oper_cutPool = 0.08 
times_total_for_cuts = 267.24 
times_add_retrieve_cuts = 0.05 



size_Y_N = 80
Y_N = [[78060.0, 409425.0], [78090.0, 409375.0], [78120.0, 409111.0], [78240.0, 409071.0], [78360.0, 409003.0], [78480.0, 408426.0], [78600.0, 408179.0], [78660.0, 406943.0], [78720.0, 406754.0], [78840.0, 406667.0], [78960.0, 405654.0], [79080.0, 404216.0], [79200.0, 403534.0], [79320.0, 403094.0], [79440.0, 400869.0], [79560.0, 400392.0], [79590.0, 397992.0], [79650.0, 397775.0], [79680.0, 397747.0], [79770.0, 396595.0], [79800.0, 396531.0], [79830.0, 394820.0], [79920.0, 394612.0], [80040.0, 393155.0], [80160.0, 392277.0], [80220.0, 390434.0], [80250.0, 389962.0], [80280.0, 389614.0], [80310.0, 388091.0], [80400.0, 387922.0], [80490.0, 385381.0], [80550.0, 382977.0], [80580.0, 382773.0], [80640.0, 380428.0], [80670.0, 380085.0], [80730.0, 377457.0], [80760.0, 377276.0], [80790.0, 376801.0], [80820.0, 374664.0], [80850.0, 374253.0], [80880.0, 373967.0], [80940.0, 371417.0], [80970.0, 371120.0], [81000.0, 369139.0], [81030.0, 368418.0], [81120.0, 368260.0], [81210.0, 365144.0], [81300.0, 361877.0], [81390.0, 357027.0], [81450.0, 355304.0], [81480.0, 352569.0], [81540.0, 349912.0], [81570.0, 349045.0], [81630.0, 347037.0], [81690.0, 345580.0], [81720.0, 341259.0], [81780.0, 340557.0], [81840.0, 336825.0], [81870.0, 334823.0], [81900.0, 333108.0], [82020.0, 331858.0], [82110.0, 326388.0], [82200.0, 317141.0], [82230.0, 309243.0], [82290.0, 308096.0], [82350.0, 303638.0], [82380.0, 298918.0], [82440.0, 294684.0], [82470.0, 293378.0], [82530.0, 287706.0], [82560.0, 286716.0], [82620.0, 278682.0], [82680.0, 277539.0], [82710.0, 259135.0], [82770.0, 252817.0], [82800.0, 243062.0], [82860.0, 237619.0], [82920.0, 231859.0], [82950.0, 218940.0], [83010.0, 185595.0]]

size_X_E = 80
