vars = 200 ; constr = 1 
 # informations of B&B algorithm : 
total_times_used = 300.06 
total_nodes = 21756 
pruned_nodes = 12761 
GAP = 0.0 
relaxation_time = 266.71 
test_dominance_time = 1.15 
update_incumbent_time = 2.08 
tree_size = 56.744 
nb_nodes_EPB = 9813 
nb_nodes_VB = 11942 
root_relax = true 
TO = true 


 # ----------- info about cuts : 
ite_total = 9585 
cuts_applied = 2028 
sp_cuts = 2003 
mp_cuts = 25 
cuts_total = 2028 
times_calling_dicho = 266.71 
times_calling_separators = 0.58 
times_oper_cutPool = 0.24 
times_total_for_cuts = 203.84 
times_add_retrieve_cuts = 0.23 



size_Y_N = 114
Y_N = [[18684.0, 155053.0], [20312.0, 154951.0], [22967.0, 154876.0], [23120.0, 154685.0], [24737.0, 154299.0], [24890.0, 154255.0], [25032.0, 154109.0], [25185.0, 154040.0], [27403.0, 153985.0], [29173.0, 153288.0], [30943.0, 152581.0], [32866.0, 151845.0], [34636.0, 150953.0], [35958.0, 149827.0], [36111.0, 149771.0], [36406.0, 149682.0], [37881.0, 148815.0], [38034.0, 148784.0], [38176.0, 148735.0], [38329.0, 148679.0], [39946.0, 147669.0], [40099.0, 147604.0], [41869.0, 146421.0], [43202.0, 145161.0], [43497.0, 145114.0], [44972.0, 143875.0], [46447.0, 142548.0], [47780.0, 141222.0], [48075.0, 141205.0], [49550.0, 139888.0], [51025.0, 138539.0], [52500.0, 137194.0], [52653.0, 137186.0], [53680.0, 135816.0], [54128.0, 135769.0], [55603.0, 134464.0], [56925.0, 133064.0], [57078.0, 133055.0], [58258.0, 131669.0], [58706.0, 131648.0], [59591.0, 130260.0], [59886.0, 130236.0], [60181.0, 130191.0], [60771.0, 128848.0], [60913.0, 128810.0], [61066.0, 128805.0], [61656.0, 128789.0], [63284.0, 127448.0], [64464.0, 125980.0], [65644.0, 124564.0], [65939.0, 123110.0], [66824.0, 123006.0], [68157.0, 121649.0], [68299.0, 120192.0], [68452.0, 120171.0], [68747.0, 120135.0], [69042.0, 120101.0], [69337.0, 119956.0], [69479.0, 118689.0], [69632.0, 118637.0], [70517.0, 118584.0], [71402.0, 117068.0], [71544.0, 117034.0], [71697.0, 117007.0], [73030.0, 115528.0], [73915.0, 114175.0], [74210.0, 114171.0], [74505.0, 112572.0], [74800.0, 112516.0], [74942.0, 112458.0], [75095.0, 112454.0], [75532.0, 111045.0], [75827.0, 111022.0], [75980.0, 111008.0], [76275.0, 109487.0], [76570.0, 109450.0], [76865.0, 109422.0], [77007.0, 108027.0], [77302.0, 108018.0], [77455.0, 107995.0], [77750.0, 107989.0], [78493.0, 106513.0], [78788.0, 106507.0], [79225.0, 104965.0], [79378.0, 104807.0], [79673.0, 104745.0], [79968.0, 103486.0], [80263.0, 103481.0], [80405.0, 103457.0], [80558.0, 103430.0], [81443.0, 101973.0], [81738.0, 100448.0], [81880.0, 100428.0], [82175.0, 100423.0], [82328.0, 100377.0], [82918.0, 98944.0], [83213.0, 98933.0], [83366.0, 98910.0], [83661.0, 97396.0], [83956.0, 97319.0], [84098.0, 97236.0], [84251.0, 97028.0], [84393.0, 95909.0], [84688.0, 95883.0], [84841.0, 95875.0], [84983.0, 95821.0], [85136.0, 95584.0], [85868.0, 94375.0], [86021.0, 92735.0], [86163.0, 92585.0], [86316.0, 92547.0], [86458.0, 92302.0], [87048.0, 90046.0], [87201.0, 89928.0]]

size_X_E = 114
