vars = 500 ; constr = 1 
 # informations of B&B algorithm : 
total_times_used = 300.12 
total_nodes = 4862 
pruned_nodes = 2380 
GAP = 0.0 
relaxation_time = 173.97 
test_dominance_time = 43.35 
update_incumbent_time = 3.15 
tree_size = 33.728 
nb_nodes_EPB = 4113 
nb_nodes_VB = 748 
root_relax = true 
TO = true 


 # ----------- info about cuts : 
ite_total = 2943 
cuts_applied = 431 
sp_cuts = 428 
mp_cuts = 3 
cuts_total = 431 
times_calling_dicho = 173.97 
times_calling_separators = 0.63 
times_oper_cutPool = 0.09 
times_total_for_cuts = 149.79 
times_add_retrieve_cuts = 0.06 



size_Y_N = 397
Y_N = [[87659.0, 616733.0], [89796.0, 616244.0], [90339.0, 616022.0], [90466.0, 615395.0], [90593.0, 615319.0], [91009.0, 615313.0], [91136.0, 614887.0], [91263.0, 614576.0], [91679.0, 614421.0], [91933.0, 613811.0], [92349.0, 613758.0], [92476.0, 613195.0], [92603.0, 612973.0], [92765.0, 612730.0], [93019.0, 612616.0], [93146.0, 612525.0], [93273.0, 612188.0], [93435.0, 611801.0], [94359.0, 611642.0], [94486.0, 610926.0], [95029.0, 610774.0], [95699.0, 609898.0], [96369.0, 609012.0], [96496.0, 608315.0], [97039.0, 608083.0], [97166.0, 607221.0], [97709.0, 607123.0], [97871.0, 606959.0], [98379.0, 606094.0], [98541.0, 605999.0], [99049.0, 605055.0], [99211.0, 604756.0], [99719.0, 603947.0], [99881.0, 603931.0], [100551.0, 602853.0], [100678.0, 602395.0], [101221.0, 601533.0], [101348.0, 601514.0], [102018.0, 600407.0], [102145.0, 599562.0], [102688.0, 599208.0], [102815.0, 598954.0], [102977.0, 598420.0], [103647.0, 597673.0], [104317.0, 596475.0], [104444.0, 595613.0], [104987.0, 595262.0], [105657.0, 594006.0], [105784.0, 593763.0], [105911.0, 592859.0], [106454.0, 592536.0], [107124.0, 591277.0], [107921.0, 589705.0], [108048.0, 588671.0], [108591.0, 588405.0], [108753.0, 587814.0], [108880.0, 587652.0], [109261.0, 586911.0], [109550.0, 586348.0], [109677.0, 585775.0], [109804.0, 585499.0], [109931.0, 584985.0], [110347.0, 584854.0], [110474.0, 584201.0], [110601.0, 583588.0], [111017.0, 583509.0], [111306.0, 583234.0], [111814.0, 581987.0], [111976.0, 581900.0], [112646.0, 580565.0], [113316.0, 579142.0], [113859.0, 577884.0], [113986.0, 577566.0], [114529.0, 576518.0], [114656.0, 576329.0], [115326.0, 574963.0], [115996.0, 573513.0], [116123.0, 572503.0], [116250.0, 572415.0], [116377.0, 572228.0], [116666.0, 571877.0], [117082.0, 570949.0], [117209.0, 570790.0], [117336.0, 569929.0], [117590.0, 569496.0], [117879.0, 569359.0], [118006.0, 569119.0], [118549.0, 567890.0], [118676.0, 567641.0], [119346.0, 566144.0], [119635.0, 565174.0], [119889.0, 564861.0], [120016.0, 564455.0], [120432.0, 563584.0], [120559.0, 563391.0], [120686.0, 562366.0], [121102.0, 562089.0], [121229.0, 561698.0], [121356.0, 561205.0], [121899.0, 560362.0], [122026.0, 560037.0], [122188.0, 559874.0], [122442.0, 559038.0], [122569.0, 558825.0], [122858.0, 558319.0], [123112.0, 557485.0], [123239.0, 556567.0], [123655.0, 556175.0], [123782.0, 555954.0], [123909.0, 555485.0], [124325.0, 554639.0], [124579.0, 554074.0], [124995.0, 553085.0], [125122.0, 552834.0], [125538.0, 551298.0], [125792.0, 551241.0], [126208.0, 550001.0], [126335.0, 549181.0], [126751.0, 548606.0], [127005.0, 548092.0], [127548.0, 546843.0], [127675.0, 545505.0], [128091.0, 545313.0], [128218.0, 544512.0], [128345.0, 543910.0], [128472.0, 543858.0], [128634.0, 543500.0], [128761.0, 542888.0], [129431.0, 542074.0], [129812.0, 540544.0], [129974.0, 539873.0], [130228.0, 539099.0], [130517.0, 538904.0], [130644.0, 538746.0], [131025.0, 537357.0], [131187.0, 537283.0], [131857.0, 535614.0], [132111.0, 533739.0], [132238.0, 533554.0], [132365.0, 532839.0], [132527.0, 532661.0], [132654.0, 532594.0], [132781.0, 532496.0], [133070.0, 532096.0], [133324.0, 530871.0], [133451.0, 530820.0], [133578.0, 530671.0], [133867.0, 529238.0], [133994.0, 529166.0], [134121.0, 528961.0], [134410.0, 527684.0], [134537.0, 527606.0], [134664.0, 527489.0], [135080.0, 525961.0], [135207.0, 525871.0], [135334.0, 525733.0], [135623.0, 524323.0], [135750.0, 524257.0], [135877.0, 524053.0], [136293.0, 522648.0], [136420.0, 522519.0], [136547.0, 521025.0], [136963.0, 520893.0], [137217.0, 519353.0], [137344.0, 519257.0], [137471.0, 518933.0], [137887.0, 517597.0], [138014.0, 517446.0], [138303.0, 516022.0], [138557.0, 515809.0], [138973.0, 514168.0], [139100.0, 513502.0], [139643.0, 512432.0], [140024.0, 510802.0], [140186.0, 510639.0], [140313.0, 509305.0], [140440.0, 509241.0], [140567.0, 508959.0], [140983.0, 507461.0], [141110.0, 507382.0], [141399.0, 505920.0], [141526.0, 505829.0], [141653.0, 505141.0], [142069.0, 504101.0], [142196.0, 502588.0], [142450.0, 502424.0], [142866.0, 500739.0], [142993.0, 500066.0], [143120.0, 499160.0], [143409.0, 499070.0], [143790.0, 497380.0], [143952.0, 497284.0], [144079.0, 495754.0], [144333.0, 495022.0], [144749.0, 493976.0], [144876.0, 492297.0], [145292.0, 491618.0], [145419.0, 490565.0], [145673.0, 490471.0], [145800.0, 488822.0], [146089.0, 488767.0], [146505.0, 487064.0], [146632.0, 485895.0], [146759.0, 485342.0], [146886.0, 485300.0], [147013.0, 485160.0], [147429.0, 483533.0], [147845.0, 481812.0], [147972.0, 481742.0], [148099.0, 480066.0], [148353.0, 479385.0], [148515.0, 478341.0], [148769.0, 478155.0], [148896.0, 476567.0], [149185.0, 476515.0], [149566.0, 474739.0], [149728.0, 474638.0], [149982.0, 472985.0], [150109.0, 472518.0], [150236.0, 471246.0], [150525.0, 470517.0], [150652.0, 469497.0], [150779.0, 469172.0], [151068.0, 467723.0], [151195.0, 467152.0], [151322.0, 465941.0], [151576.0, 464541.0], [151738.0, 464187.0], [151865.0, 463550.0], [152281.0, 462384.0], [152408.0, 460609.0], [152662.0, 460528.0], [153078.0, 458718.0], [153332.0, 456957.0], [153459.0, 455914.0], [153621.0, 455181.0], [153748.0, 455119.0], [153875.0, 454548.0], [154291.0, 452731.0], [154418.0, 451537.0], [154545.0, 451418.0], [154961.0, 449561.0], [155088.0, 446097.0], [155504.0, 446047.0], [155631.0, 445923.0], [155758.0, 445167.0], [155885.0, 444116.0], [156012.0, 443821.0], [156174.0, 443478.0], [156428.0, 442081.0], [156682.0, 440286.0], [156844.0, 440283.0], [156971.0, 438568.0], [157098.0, 438019.0], [157387.0, 436710.0], [157514.0, 435419.0], [157641.0, 434900.0], [157768.0, 434278.0], [157895.0, 432499.0], [158057.0, 430985.0], [158184.0, 430867.0], [158311.0, 429494.0], [158565.0, 428166.0], [158727.0, 427723.0], [158981.0, 427054.0], [159108.0, 423836.0], [159524.0, 423368.0], [159651.0, 422154.0], [160067.0, 419841.0], [160194.0, 419731.0], [160321.0, 417986.0], [160610.0, 416651.0], [160737.0, 415996.0], [160864.0, 414788.0], [160991.0, 414263.0], [161280.0, 412911.0], [161407.0, 412370.0], [161534.0, 411065.0], [161661.0, 408751.0], [161788.0, 408619.0], [161950.0, 407312.0], [162204.0, 406866.0], [162620.0, 404973.0], [162874.0, 403113.0], [163163.0, 401260.0], [163290.0, 399726.0], [163417.0, 398925.0], [163671.0, 397520.0], [163960.0, 395614.0], [164087.0, 394751.0], [164214.0, 394255.0], [164341.0, 393713.0], [164503.0, 392406.0], [164630.0, 391783.0], [164757.0, 390505.0], [164884.0, 389966.0], [165173.0, 388588.0], [165300.0, 387659.0], [165427.0, 386704.0], [165554.0, 385936.0], [165716.0, 384811.0], [165843.0, 384385.0], [165970.0, 382534.0], [166097.0, 382475.0], [166386.0, 381013.0], [166513.0, 380475.0], [166640.0, 378724.0], [166767.0, 378628.0], [167056.0, 376768.0], [167183.0, 373568.0], [167310.0, 373566.0], [167564.0, 372943.0], [167726.0, 371131.0], [167853.0, 371097.0], [167980.0, 367980.0], [168107.0, 366905.0], [168269.0, 366123.0], [168396.0, 365433.0], [168523.0, 364187.0], [168650.0, 363593.0], [168777.0, 361761.0], [168939.0, 360402.0], [169193.0, 359882.0], [169320.0, 356568.0], [169609.0, 355974.0], [169863.0, 354271.0], [169990.0, 351873.0], [170279.0, 349812.0], [170406.0, 347384.0], [170533.0, 347217.0], [170660.0, 346761.0], [170949.0, 344899.0], [171076.0, 342027.0], [171203.0, 341660.0], [171330.0, 341096.0], [171492.0, 341044.0], [171619.0, 339049.0], [171873.0, 337282.0], [172162.0, 335406.0], [172289.0, 332095.0], [172543.0, 331585.0], [172832.0, 329648.0], [172959.0, 326441.0], [173213.0, 324478.0], [173502.0, 323970.0], [173629.0, 320780.0], [173756.0, 318982.0], [173883.0, 318845.0], [174172.0, 318182.0], [174299.0, 316354.0], [174553.0, 314417.0], [174842.0, 312471.0], [174969.0, 310433.0], [175096.0, 307194.0], [175512.0, 306737.0], [175639.0, 304810.0], [175766.0, 302835.0], [175893.0, 301542.0], [176055.0, 300943.0], [176182.0, 296453.0], [176309.0, 295801.0], [176598.0, 295219.0], [176725.0, 293304.0], [176852.0, 289980.0], [176979.0, 288059.0], [177106.0, 286216.0], [177268.0, 285601.0], [177395.0, 283660.0], [177522.0, 281765.0], [177649.0, 279771.0], [177776.0, 277932.0], [177938.0, 277925.0], [178192.0, 273648.0], [178319.0, 270823.0], [178446.0, 270189.0], [178608.0, 268219.0], [178735.0, 264616.0], [178862.0, 263018.0], [179151.0, 262481.0], [179278.0, 260533.0], [179405.0, 258172.0], [179532.0, 256643.0], [179659.0, 253382.0], [179821.0, 251531.0], [179948.0, 250824.0], [180075.0, 243562.0], [180202.0, 239434.0], [180491.0, 237070.0], [180618.0, 233097.0], [180745.0, 229237.0], [180872.0, 223984.0], [180999.0, 220041.0], [181161.0, 219469.0], [181288.0, 215551.0], [181415.0, 211577.0], [181542.0, 207271.0], [181831.0, 193000.0]]

size_X_E = 397
