vars = 200 ; constr = 1 
 # informations of B&B algorithm : 
total_times_used = 300.06 
total_nodes = 17071 
pruned_nodes = 8741 
GAP = 0.0 
relaxation_time = 242.44 
test_dominance_time = 3.77 
update_incumbent_time = 3.26 
tree_size = 46.2 
nb_nodes_EPB = 8128 
nb_nodes_VB = 8942 
root_relax = true 
TO = true 


 # ----------- info about cuts : 
ite_total = 8904 
cuts_applied = 1302 
sp_cuts = 1296 
mp_cuts = 6 
cuts_total = 1302 
times_calling_dicho = 242.44 
times_calling_separators = 0.69 
times_oper_cutPool = 0.16 
times_total_for_cuts = 200.9 
times_add_retrieve_cuts = 0.16 



size_Y_N = 167
Y_N = [[9522.0, 75926.0], [9708.0, 75720.0], [9720.0, 75697.0], [9768.0, 75609.0], [9948.0, 75429.0], [9960.0, 75418.0], [10008.0, 75386.0], [10020.0, 75375.0], [10068.0, 75354.0], [10200.0, 75103.0], [10206.0, 75098.0], [10212.0, 75089.0], [10218.0, 75080.0], [10266.0, 75063.0], [10314.0, 75054.0], [10362.0, 74822.0], [10494.0, 74765.0], [10512.0, 74746.0], [10560.0, 74729.0], [10608.0, 74672.0], [10662.0, 74518.0], [10794.0, 74419.0], [10806.0, 74396.0], [10908.0, 74200.0], [11052.0, 74024.0], [11202.0, 74010.0], [11400.0, 73663.0], [11448.0, 73610.0], [11646.0, 73270.0], [11742.0, 73225.0], [12042.0, 72853.0], [12240.0, 72452.0], [12288.0, 72382.0], [12432.0, 72011.0], [12534.0, 72009.0], [12582.0, 71932.0], [12780.0, 71592.0], [12828.0, 71559.0], [13074.0, 71118.0], [13128.0, 71117.0], [13374.0, 70661.0], [13422.0, 70211.0], [13572.0, 70194.0], [13620.0, 70184.0], [13716.0, 69783.0], [13764.0, 69773.0], [13866.0, 69705.0], [14064.0, 69309.0], [14112.0, 69237.0], [14262.0, 68825.0], [14310.0, 68824.0], [14358.0, 68813.0], [14508.0, 68338.0], [14604.0, 68327.0], [14850.0, 67832.0], [15000.0, 67371.0], [15048.0, 67332.0], [15096.0, 67301.0], [15246.0, 66877.0], [15348.0, 66828.0], [15492.0, 66382.0], [15540.0, 66342.0], [15738.0, 65858.0], [15792.0, 65851.0], [15984.0, 65347.0], [16236.0, 64849.0], [16332.0, 64343.0], [16428.0, 64308.0], [16626.0, 63824.0], [16728.0, 63313.0], [16824.0, 63285.0], [16872.0, 63273.0], [16926.0, 62813.0], [17022.0, 62794.0], [17070.0, 62757.0], [17268.0, 62260.0], [17316.0, 62218.0], [17418.0, 61753.0], [17466.0, 61717.0], [17514.0, 61699.0], [17664.0, 61226.0], [17712.0, 61188.0], [17862.0, 60688.0], [17910.0, 60669.0], [18060.0, 60168.0], [18108.0, 60146.0], [18258.0, 59636.0], [18306.0, 59628.0], [18402.0, 59088.0], [18450.0, 59074.0], [18504.0, 59058.0], [18702.0, 58568.0], [18798.0, 58028.0], [18846.0, 58025.0], [18894.0, 58007.0], [19044.0, 57481.0], [19092.0, 57466.0], [19194.0, 56945.0], [19242.0, 56939.0], [19290.0, 56897.0], [19392.0, 56401.0], [19440.0, 56391.0], [19488.0, 56360.0], [19536.0, 55847.0], [19590.0, 55840.0], [19638.0, 55823.0], [19686.0, 55782.0], [19734.0, 55292.0], [19782.0, 55291.0], [19836.0, 55284.0], [19932.0, 54746.0], [19980.0, 54698.0], [20034.0, 54696.0], [20130.0, 54187.0], [20178.0, 54181.0], [20280.0, 53647.0], [20328.0, 53624.0], [20478.0, 53071.0], [20526.0, 52539.0], [20568.0, 52525.0], [20574.0, 52524.0], [20670.0, 51979.0], [20724.0, 51959.0], [20868.0, 51415.0], [20922.0, 50867.0], [21018.0, 50845.0], [21066.0, 50291.0], [21168.0, 50270.0], [21264.0, 49723.0], [21312.0, 49171.0], [21414.0, 49156.0], [21558.0, 48573.0], [21660.0, 48032.0], [21756.0, 47449.0], [21906.0, 46871.0], [22002.0, 46313.0], [22104.0, 45734.0], [22152.0, 45133.0], [22200.0, 45122.0], [22350.0, 44590.0], [22398.0, 44005.0], [22446.0, 44000.0], [22500.0, 43402.0], [22548.0, 43384.0], [22644.0, 42847.0], [22746.0, 42269.0], [22794.0, 41678.0], [22842.0, 41677.0], [22890.0, 41078.0], [22944.0, 41033.0], [22992.0, 40505.0], [23040.0, 39925.0], [23088.0, 39331.0], [23190.0, 38688.0], [23238.0, 38102.0], [23286.0, 37508.0], [23334.0, 36914.0], [23388.0, 36380.0], [23436.0, 35784.0], [23484.0, 35200.0], [23532.0, 34601.0], [23634.0, 33961.0], [23682.0, 32772.0], [23730.0, 31567.0], [23778.0, 30371.0], [23832.0, 29764.0], [23880.0, 28448.0]]

size_X_E = 167
