vars = 500 ; constr = 1 
 # informations of B&B algorithm : 
total_times_used = 300.1 
total_nodes = 10160 
pruned_nodes = 6757 
GAP = 0.0 
relaxation_time = 283.17 
test_dominance_time = 0.82 
update_incumbent_time = 0.59 
tree_size = 39.813 
nb_nodes_EPB = 5981 
nb_nodes_VB = 4178 
root_relax = true 
TO = true 


 # ----------- info about cuts : 
ite_total = 4139 
cuts_applied = 673 
sp_cuts = 673 
mp_cuts = 0 
cuts_total = 673 
times_calling_dicho = 283.17 
times_calling_separators = 0.52 
times_oper_cutPool = 0.13 
times_total_for_cuts = 197.87 
times_add_retrieve_cuts = 0.1 



size_Y_N = 87
Y_N = [[155624.0, 376310.0], [156315.0, 376271.0], [157189.0, 376248.0], [157697.0, 376162.0], [158571.0, 376104.0], [158642.0, 376064.0], [159038.0, 375828.0], [160024.0, 375757.0], [160267.0, 375330.0], [160379.0, 375296.0], [160420.0, 375285.0], [161406.0, 375177.0], [162097.0, 374813.0], [162788.0, 374498.0], [163479.0, 374066.0], [164099.0, 373325.0], [164271.0, 372477.0], [164383.0, 372411.0], [164424.0, 372156.0], [164607.0, 372130.0], [165115.0, 371691.0], [165735.0, 370962.0], [166243.0, 370127.0], [166863.0, 369224.0], [167371.0, 368284.0], [167808.0, 367337.0], [167879.0, 367331.0], [168316.0, 366384.0], [168499.0, 366375.0], [168936.0, 365421.0], [169007.0, 365376.0], [169444.0, 364415.0], [169627.0, 364388.0], [169881.0, 363409.0], [169952.0, 363391.0], [170135.0, 363358.0], [170318.0, 362441.0], [170572.0, 362348.0], [170643.0, 362224.0], [170826.0, 361415.0], [171009.0, 361380.0], [171080.0, 361208.0], [171263.0, 361045.0], [171334.0, 360325.0], [171517.0, 360201.0], [171700.0, 360047.0], [171771.0, 359861.0], [171954.0, 359144.0], [172208.0, 358835.0], [172391.0, 358612.0], [172462.0, 357967.0], [172645.0, 357806.0], [172716.0, 357582.0], [172970.0, 356755.0], [173082.0, 356739.0], [173153.0, 356532.0], [173336.0, 355822.0], [173407.0, 355680.0], [173590.0, 355457.0], [173773.0, 354612.0], [174027.0, 354424.0], [174098.0, 353512.0], [174464.0, 353277.0], [174535.0, 352397.0], [174718.0, 352149.0], [174789.0, 352128.0], [174972.0, 351180.0], [175155.0, 351120.0], [175226.0, 350858.0], [175409.0, 350050.0], [175480.0, 349953.0], [175663.0, 349771.0], [175917.0, 348763.0], [176100.0, 348612.0], [176171.0, 347540.0], [176425.0, 347414.0], [176537.0, 347401.0], [176608.0, 346339.0], [176791.0, 346132.0], [176862.0, 346029.0], [177004.0, 345026.0], [177228.0, 344967.0], [177299.0, 343967.0], [177482.0, 343884.0], [177512.0, 343629.0], [177736.0, 342809.0], [177990.0, 342744.0]]

size_X_E = 87
