vars = 200 ; constr = 1 
 # informations of B&B algorithm : 
total_times_used = 300.04 
total_nodes = 15606 
pruned_nodes = 7447 
GAP = 0.0 
relaxation_time = 268.82 
test_dominance_time = 1.18 
update_incumbent_time = 1.34 
tree_size = 42.577 
nb_nodes_EPB = 5275 
nb_nodes_VB = 10330 
root_relax = true 
TO = true 


 # ----------- info about cuts : 
ite_total = 8676 
cuts_applied = 1052 
sp_cuts = 1048 
mp_cuts = 4 
cuts_total = 1052 
times_calling_dicho = 268.82 
times_calling_separators = 0.69 
times_oper_cutPool = 0.12 
times_total_for_cuts = 229.05 
times_add_retrieve_cuts = 0.13 



size_Y_N = 130
Y_N = [[39937.0, 154100.0], [40242.0, 153306.0], [40364.0, 153301.0], [40526.0, 153294.0], [40587.0, 152947.0], [40709.0, 152847.0], [40770.0, 152838.0], [40892.0, 152577.0], [41258.0, 152490.0], [41380.0, 152387.0], [41908.0, 152034.0], [42091.0, 151500.0], [42152.0, 151481.0], [42213.0, 151397.0], [42274.0, 151366.0], [42457.0, 150832.0], [42579.0, 150729.0], [42640.0, 150340.0], [42762.0, 150011.0], [42823.0, 150003.0], [42884.0, 149988.0], [43107.0, 149877.0], [43168.0, 149639.0], [43290.0, 149212.0], [43351.0, 149187.0], [43473.0, 149002.0], [43534.0, 148642.0], [43656.0, 148337.0], [43778.0, 148064.0], [43839.0, 148063.0], [44428.0, 147246.0], [44550.0, 146433.0], [44611.0, 146383.0], [44672.0, 146236.0], [44794.0, 146168.0], [44916.0, 145427.0], [44977.0, 145248.0], [45099.0, 145223.0], [45160.0, 145012.0], [45343.0, 144322.0], [45404.0, 144132.0], [45465.0, 144093.0], [45688.0, 143961.0], [45749.0, 143319.0], [45810.0, 143239.0], [45932.0, 143167.0], [45993.0, 143023.0], [46054.0, 142806.0], [46115.0, 141969.0], [46298.0, 141895.0], [46359.0, 141861.0], [46420.0, 141059.0], [46481.0, 141026.0], [46542.0, 140982.0], [46664.0, 140731.0], [47009.0, 139895.0], [47131.0, 139680.0], [47192.0, 138774.0], [47314.0, 138766.0], [47375.0, 138623.0], [47436.0, 138578.0], [47680.0, 137500.0], [47741.0, 137444.0], [47985.0, 136373.0], [48046.0, 136218.0], [48269.0, 135258.0], [48452.0, 135187.0], [48513.0, 135145.0], [48574.0, 134086.0], [48818.0, 133899.0], [48940.0, 132811.0], [49001.0, 132654.0], [49123.0, 132544.0], [49306.0, 131525.0], [49367.0, 131313.0], [49590.0, 131283.0], [49834.0, 130209.0], [49895.0, 130037.0], [50200.0, 128693.0], [50261.0, 127760.0], [50383.0, 127517.0], [50444.0, 127183.0], [50627.0, 126330.0], [50850.0, 126231.0], [51094.0, 124884.0], [51216.0, 123718.0], [51338.0, 123623.0], [51582.0, 122216.0], [51704.0, 120963.0], [51826.0, 120840.0], [51887.0, 119534.0], [52171.0, 119494.0], [52232.0, 119443.0], [52293.0, 118247.0], [52354.0, 118190.0], [52415.0, 118065.0], [52476.0, 116717.0], [52537.0, 116695.0], [52598.0, 116681.0], [52720.0, 115444.0], [52781.0, 115368.0], [52903.0, 113976.0], [52964.0, 113850.0], [53086.0, 112510.0], [53147.0, 112498.0], [53431.0, 111104.0], [53492.0, 111096.0], [53675.0, 109600.0], [53797.0, 108125.0], [53858.0, 106644.0], [53919.0, 106609.0], [54041.0, 105061.0], [54163.0, 103563.0], [54224.0, 102046.0], [54285.0, 102031.0], [54407.0, 100565.0], [54529.0, 98936.0], [54813.0, 97503.0], [54935.0, 95958.0], [55057.0, 94402.0], [55179.0, 92802.0], [55240.0, 91195.0], [55301.0, 89610.0], [55362.0, 88031.0], [55423.0, 86416.0], [55484.0, 84813.0], [55545.0, 83252.0], [55606.0, 81540.0], [55667.0, 79997.0], [55728.0, 77854.0]]

size_X_E = 130
