vars = 200 ; constr = 1 
 # informations of B&B algorithm : 
total_times_used = 300.04 
total_nodes = 17854 
pruned_nodes = 8391 
GAP = 0.0 
relaxation_time = 268.0 
test_dominance_time = 0.58 
update_incumbent_time = 1.78 
tree_size = 48.612 
nb_nodes_EPB = 5197 
nb_nodes_VB = 12656 
root_relax = true 
TO = true 


 # ----------- info about cuts : 
ite_total = 9801 
cuts_applied = 2342 
sp_cuts = 2321 
mp_cuts = 21 
cuts_total = 2342 
times_calling_dicho = 268.0 
times_calling_separators = 0.72 
times_oper_cutPool = 0.28 
times_total_for_cuts = 223.39 
times_add_retrieve_cuts = 0.31 



size_Y_N = 101
Y_N = [[12686.0, 77827.0], [14968.0, 77742.0], [15868.0, 77508.0], [15951.0, 77419.0], [17017.0, 77293.0], [18083.0, 77059.0], [19066.0, 76724.0], [19982.0, 76315.0], [20132.0, 76286.0], [21115.0, 75842.0], [21198.0, 75746.0], [22264.0, 75359.0], [23247.0, 74825.0], [24313.0, 74274.0], [24996.0, 73708.0], [25379.0, 73685.0], [26062.0, 73135.0], [26212.0, 73091.0], [26662.0, 72535.0], [26895.0, 72527.0], [27045.0, 72518.0], [27961.0, 71910.0], [28644.0, 71309.0], [28711.0, 71308.0], [28794.0, 71304.0], [29327.0, 70694.0], [29710.0, 70685.0], [30393.0, 70029.0], [30543.0, 70005.0], [31376.0, 69345.0], [31976.0, 68661.0], [32142.0, 68651.0], [32292.0, 68641.0], [32592.0, 67956.0], [33125.0, 67951.0], [33508.0, 67238.0], [33808.0, 67228.0], [33875.0, 67200.0], [34041.0, 67190.0], [34191.0, 66522.0], [34341.0, 66507.0], [34491.0, 66504.0], [34724.0, 66489.0], [34874.0, 66464.0], [35407.0, 65765.0], [35557.0, 65718.0], [35624.0, 65703.0], [35790.0, 65702.0], [36090.0, 65020.0], [36240.0, 64995.0], [36623.0, 64984.0], [36773.0, 64267.0], [36923.0, 64244.0], [37306.0, 64210.0], [37989.0, 63499.0], [38206.0, 62736.0], [38372.0, 62727.0], [38522.0, 62725.0], [38672.0, 62701.0], [38822.0, 62001.0], [39055.0, 61984.0], [39205.0, 61972.0], [39272.0, 61944.0], [39355.0, 61932.0], [39505.0, 61231.0], [39738.0, 61224.0], [39888.0, 61210.0], [39955.0, 61169.0], [40121.0, 61164.0], [40421.0, 60454.0], [40571.0, 60435.0], [40721.0, 60384.0], [40804.0, 60375.0], [41104.0, 59675.0], [41337.0, 59650.0], [41487.0, 59596.0], [41637.0, 58877.0], [41854.0, 58862.0], [42020.0, 58816.0], [42087.0, 58792.0], [42170.0, 58782.0], [42620.0, 58066.0], [42853.0, 58059.0], [43386.0, 57266.0], [43536.0, 57200.0], [43603.0, 56472.0], [43919.0, 56456.0], [44069.0, 56421.0], [44136.0, 56388.0], [44219.0, 56376.0], [44369.0, 55669.0], [44752.0, 55627.0], [44902.0, 55583.0], [45435.0, 54858.0], [45668.0, 54840.0], [45735.0, 53966.0], [45885.0, 53302.0], [45968.0, 52518.0], [46035.0, 52463.0], [46118.0, 52442.0], [46185.0, 48965.0]]

size_X_E = 101
