vars = 500 ; constr = 1 
 # informations of B&B algorithm : 
total_times_used = 300.36 
total_nodes = 4834 
pruned_nodes = 1329 
GAP = 0.0 
relaxation_time = 234.21 
test_dominance_time = 7.74 
update_incumbent_time = 2.6 
tree_size = 39.759 
nb_nodes_EPB = 3867 
nb_nodes_VB = 966 
root_relax = true 
TO = true 


 # ----------- info about cuts : 
ite_total = 3627 
cuts_applied = 395 
sp_cuts = 392 
mp_cuts = 3 
cuts_total = 395 
times_calling_dicho = 234.21 
times_calling_separators = 0.96 
times_oper_cutPool = 0.08 
times_total_for_cuts = 218.4 
times_add_retrieve_cuts = 0.07 



size_Y_N = 371
Y_N = [[131224.0, 634367.0], [131318.0, 632845.0], [131412.0, 632788.0], [131694.0, 631866.0], [131929.0, 630838.0], [132117.0, 629389.0], [132211.0, 629268.0], [132446.0, 628461.0], [132493.0, 627965.0], [132775.0, 627415.0], [133010.0, 626118.0], [133292.0, 624963.0], [133574.0, 623820.0], [133715.0, 622022.0], [133762.0, 621848.0], [134044.0, 621338.0], [134232.0, 620071.0], [134279.0, 618986.0], [134514.0, 618673.0], [134561.0, 617966.0], [134749.0, 617519.0], [134843.0, 617485.0], [135125.0, 616177.0], [135266.0, 615023.0], [135360.0, 614737.0], [135595.0, 613664.0], [135642.0, 613408.0], [135783.0, 612185.0], [135924.0, 612123.0], [136065.0, 611078.0], [136112.0, 610433.0], [136206.0, 610010.0], [136300.0, 609669.0], [136394.0, 609583.0], [136441.0, 608335.0], [136676.0, 608234.0], [136723.0, 607050.0], [136770.0, 606686.0], [136864.0, 606371.0], [136911.0, 605684.0], [137146.0, 605543.0], [137287.0, 604494.0], [137381.0, 603357.0], [137616.0, 603047.0], [137663.0, 602342.0], [137851.0, 601529.0], [137945.0, 600867.0], [138086.0, 600382.0], [138133.0, 600060.0], [138321.0, 598915.0], [138415.0, 597883.0], [138462.0, 597408.0], [138603.0, 597238.0], [138791.0, 596120.0], [138885.0, 595968.0], [139073.0, 594688.0], [139214.0, 593273.0], [139355.0, 593150.0], [139543.0, 591881.0], [139637.0, 591738.0], [139825.0, 590390.0], [139966.0, 589230.0], [140013.0, 588922.0], [140107.0, 588862.0], [140295.0, 587578.0], [140577.0, 585988.0], [140765.0, 584645.0], [140812.0, 584260.0], [141047.0, 583000.0], [141235.0, 581343.0], [141282.0, 581228.0], [141564.0, 579733.0], [141658.0, 579360.0], [141799.0, 578390.0], [141846.0, 578046.0], [141987.0, 577022.0], [142034.0, 576565.0], [142128.0, 576419.0], [142269.0, 575313.0], [142316.0, 574320.0], [142457.0, 573647.0], [142598.0, 573230.0], [142739.0, 572349.0], [142786.0, 571983.0], [143068.0, 570297.0], [143209.0, 569153.0], [143256.0, 568866.0], [143397.0, 567473.0], [143444.0, 567237.0], [143538.0, 567124.0], [143679.0, 566112.0], [143726.0, 565764.0], [143914.0, 564241.0], [144149.0, 562984.0], [144196.0, 562540.0], [144290.0, 562113.0], [144337.0, 561248.0], [144384.0, 560208.0], [144619.0, 559779.0], [144666.0, 558987.0], [144760.0, 558222.0], [144807.0, 558175.0], [144995.0, 556556.0], [145089.0, 556532.0], [145277.0, 554934.0], [145465.0, 553424.0], [145559.0, 553183.0], [145700.0, 552026.0], [145747.0, 551376.0], [145888.0, 550494.0], [145935.0, 550186.0], [146029.0, 549208.0], [146076.0, 548749.0], [146170.0, 548668.0], [146311.0, 547365.0], [146405.0, 546753.0], [146640.0, 545373.0], [146687.0, 544792.0], [146828.0, 543789.0], [147016.0, 542208.0], [147110.0, 541850.0], [147157.0, 540788.0], [147251.0, 540722.0], [147298.0, 540104.0], [147439.0, 539119.0], [147486.0, 538742.0], [147580.0, 538473.0], [147721.0, 537300.0], [147768.0, 536875.0], [147909.0, 535631.0], [147956.0, 535278.0], [148097.0, 534050.0], [148191.0, 533766.0], [148238.0, 532453.0], [148285.0, 532279.0], [148379.0, 532187.0], [148520.0, 530968.0], [148661.0, 529588.0], [148802.0, 529044.0], [148990.0, 527498.0], [149178.0, 525857.0], [149272.0, 525092.0], [149319.0, 524354.0], [149366.0, 524201.0], [149460.0, 523823.0], [149507.0, 522858.0], [149601.0, 522674.0], [149836.0, 520429.0], [149930.0, 519635.0], [149977.0, 519199.0], [150071.0, 518971.0], [150212.0, 517687.0], [150259.0, 517228.0], [150306.0, 516136.0], [150400.0, 516033.0], [150447.0, 515481.0], [150588.0, 514326.0], [150823.0, 512762.0], [150917.0, 511265.0], [151011.0, 511032.0], [151152.0, 509105.0], [151340.0, 507885.0], [151481.0, 506486.0], [151528.0, 506092.0], [151622.0, 505022.0], [151763.0, 504467.0], [151857.0, 503068.0], [151951.0, 502772.0], [151998.0, 501511.0], [152092.0, 501478.0], [152280.0, 499608.0], [152327.0, 498269.0], [152421.0, 498214.0], [152468.0, 497925.0], [152562.0, 496674.0], [152609.0, 496264.0], [152703.0, 494969.0], [152797.0, 494651.0], [152938.0, 493057.0], [153032.0, 493053.0], [153173.0, 491499.0], [153220.0, 491199.0], [153314.0, 489900.0], [153361.0, 489646.0], [153549.0, 487910.0], [153643.0, 486689.0], [153690.0, 486436.0], [153784.0, 486164.0], [153878.0, 484580.0], [153972.0, 484352.0], [154019.0, 482884.0], [154113.0, 482858.0], [154160.0, 481360.0], [154254.0, 481355.0], [154301.0, 480859.0], [154442.0, 479476.0], [154489.0, 479095.0], [154583.0, 478027.0], [154630.0, 477358.0], [154724.0, 477271.0], [154771.0, 476137.0], [154818.0, 475458.0], [154912.0, 474617.0], [155053.0, 473669.0], [155100.0, 472759.0], [155194.0, 472469.0], [155241.0, 471861.0], [155335.0, 470700.0], [155382.0, 470437.0], [155523.0, 469063.0], [155570.0, 467619.0], [155664.0, 467545.0], [155711.0, 467059.0], [155805.0, 466060.0], [155852.0, 464896.0], [155899.0, 464063.0], [155993.0, 464013.0], [156134.0, 462603.0], [156275.0, 460988.0], [156322.0, 460623.0], [156369.0, 459049.0], [156463.0, 458648.0], [156604.0, 457228.0], [156651.0, 457114.0], [156745.0, 455823.0], [156792.0, 454348.0], [156933.0, 453945.0], [157074.0, 452267.0], [157121.0, 451987.0], [157215.0, 450568.0], [157262.0, 450398.0], [157309.0, 448797.0], [157403.0, 448725.0], [157544.0, 447015.0], [157591.0, 445546.0], [157685.0, 445335.0], [157732.0, 444682.0], [157873.0, 443459.0], [158014.0, 441768.0], [158061.0, 441460.0], [158202.0, 439709.0], [158296.0, 438184.0], [158343.0, 437814.0], [158390.0, 436628.0], [158484.0, 436497.0], [158531.0, 436045.0], [158625.0, 434792.0], [158672.0, 432862.0], [158766.0, 432784.0], [158813.0, 432622.0], [158954.0, 431077.0], [159001.0, 430695.0], [159095.0, 429416.0], [159236.0, 427667.0], [159283.0, 426497.0], [159330.0, 425856.0], [159424.0, 425632.0], [159471.0, 425191.0], [159565.0, 423980.0], [159612.0, 423538.0], [159706.0, 422272.0], [159753.0, 421283.0], [159847.0, 420557.0], [159941.0, 418732.0], [160035.0, 418483.0], [160082.0, 416799.0], [160176.0, 416787.0], [160317.0, 415029.0], [160364.0, 413313.0], [160411.0, 411636.0], [160505.0, 411507.0], [160552.0, 411506.0], [160646.0, 410054.0], [160693.0, 409015.0], [160787.0, 408310.0], [160834.0, 408046.0], [160975.0, 405878.0], [161116.0, 404520.0], [161257.0, 402805.0], [161304.0, 399481.0], [161445.0, 399443.0], [161492.0, 397448.0], [161586.0, 397431.0], [161727.0, 395730.0], [161821.0, 394013.0], [161962.0, 392269.0], [162056.0, 390686.0], [162103.0, 389913.0], [162197.0, 388859.0], [162244.0, 387417.0], [162385.0, 386878.0], [162526.0, 385148.0], [162573.0, 383477.0], [162667.0, 383257.0], [162714.0, 381605.0], [162808.0, 380178.0], [162855.0, 379595.0], [162902.0, 379538.0], [163043.0, 377753.0], [163137.0, 376220.0], [163184.0, 374515.0], [163278.0, 374076.0], [163325.0, 371158.0], [163372.0, 370995.0], [163466.0, 370905.0], [163513.0, 369226.0], [163607.0, 369073.0], [163654.0, 365654.0], [163748.0, 365642.0], [163795.0, 363955.0], [163842.0, 362105.0], [163983.0, 361960.0], [164077.0, 360225.0], [164218.0, 358380.0], [164265.0, 356548.0], [164359.0, 356526.0], [164406.0, 353983.0], [164547.0, 352899.0], [164688.0, 349371.0], [164735.0, 349245.0], [164829.0, 345767.0], [164923.0, 345563.0], [165017.0, 342209.0], [165158.0, 341962.0], [165299.0, 340065.0], [165346.0, 335827.0], [165487.0, 333763.0], [165628.0, 332838.0], [165675.0, 331029.0], [165769.0, 329230.0], [165816.0, 327378.0], [165863.0, 325592.0], [165957.0, 323280.0], [166098.0, 321912.0], [166145.0, 318904.0], [166239.0, 318284.0], [166286.0, 316434.0], [166333.0, 314586.0], [166427.0, 312685.0], [166568.0, 310795.0], [166709.0, 307146.0], [166756.0, 301992.0], [166850.0, 301742.0], [166897.0, 299887.0], [166944.0, 296203.0], [167038.0, 294406.0], [167179.0, 290670.0], [167226.0, 285395.0], [167320.0, 283667.0], [167367.0, 283361.0], [167414.0, 279699.0], [167508.0, 277859.0], [167555.0, 275990.0], [167649.0, 274136.0], [167696.0, 270404.0], [167790.0, 268574.0], [167837.0, 264970.0], [167884.0, 262960.0], [167978.0, 261133.0], [168025.0, 259272.0], [168119.0, 257396.0], [168166.0, 249903.0], [168260.0, 246158.0], [168307.0, 242388.0], [168448.0, 231182.0], [168495.0, 227412.0], [168589.0, 223654.0], [168636.0, 218032.0], [168730.0, 212487.0], [168777.0, 206794.0], [168871.0, 187384.0]]

size_X_E = 371
