vars = 500 ; constr = 1 
 # informations of B&B algorithm : 
total_times_used = 300.11 
total_nodes = 6914 
pruned_nodes = 2559 
GAP = 0.0 
relaxation_time = 269.71 
test_dominance_time = 0.54 
update_incumbent_time = 1.17 
tree_size = 32.959 
nb_nodes_EPB = 2089 
nb_nodes_VB = 4824 
root_relax = true 
TO = true 


 # ----------- info about cuts : 
ite_total = 4471 
cuts_applied = 669 
sp_cuts = 665 
mp_cuts = 4 
cuts_total = 669 
times_calling_dicho = 269.71 
times_calling_separators = 0.68 
times_oper_cutPool = 0.13 
times_total_for_cuts = 234.99 
times_add_retrieve_cuts = 0.12 



size_Y_N = 136
Y_N = [[69686.0, 309323.0], [70340.0, 308489.0], [70584.0, 308255.0], [71033.0, 308131.0], [71111.0, 308017.0], [72458.0, 307734.0], [72907.0, 307529.0], [73356.0, 307223.0], [73844.0, 306599.0], [74742.0, 306055.0], [75025.0, 305413.0], [75230.0, 305373.0], [75679.0, 304822.0], [75718.0, 304073.0], [76167.0, 304056.0], [76372.0, 303766.0], [76616.0, 303325.0], [76655.0, 303106.0], [76860.0, 302682.0], [77065.0, 302451.0], [77104.0, 302218.0], [77348.0, 302050.0], [78002.0, 301789.0], [78490.0, 300926.0], [78978.0, 300026.0], [79632.0, 299110.0], [80120.0, 298085.0], [80569.0, 297189.0], [80608.0, 296760.0], [81018.0, 296222.0], [81057.0, 296148.0], [81262.0, 295893.0], [81506.0, 295181.0], [81545.0, 294914.0], [81750.0, 294531.0], [81955.0, 294190.0], [82199.0, 294054.0], [82238.0, 293520.0], [82648.0, 293087.0], [82892.0, 292958.0], [83380.0, 291850.0], [83585.0, 290994.0], [83829.0, 290799.0], [83868.0, 290724.0], [84073.0, 289880.0], [84522.0, 289685.0], [85010.0, 288546.0], [85215.0, 287738.0], [85459.0, 287517.0], [85664.0, 286703.0], [85908.0, 286508.0], [86152.0, 285559.0], [86191.0, 285439.0], [86640.0, 284404.0], [86845.0, 283464.0], [87089.0, 283079.0], [87294.0, 282404.0], [87538.0, 282065.0], [87782.0, 281238.0], [87821.0, 281111.0], [88270.0, 280030.0], [88719.0, 278888.0], [88924.0, 277836.0], [88963.0, 277781.0], [89168.0, 277539.0], [89617.0, 276503.0], [89900.0, 275404.0], [90105.0, 274106.0], [90349.0, 273751.0], [90593.0, 273044.0], [90798.0, 272869.0], [91247.0, 271892.0], [91530.0, 270585.0], [91647.0, 269227.0], [91979.0, 269150.0], [92223.0, 268045.0], [92428.0, 268003.0], [92877.0, 266714.0], [93160.0, 265516.0], [93609.0, 264143.0], [94058.0, 262763.0], [94507.0, 261601.0], [94751.0, 260082.0], [94995.0, 258887.0], [95200.0, 257420.0], [95239.0, 257063.0], [95483.0, 256179.0], [95688.0, 254777.0], [95893.0, 254537.0], [96137.0, 253465.0], [96381.0, 251998.0], [96625.0, 250641.0], [96830.0, 249242.0], [96869.0, 249227.0], [97113.0, 247836.0], [97523.0, 246445.0], [97767.0, 245063.0], [98011.0, 243638.0], [98255.0, 242188.0], [98499.0, 240745.0], [98743.0, 239210.0], [99153.0, 237837.0], [99397.0, 236313.0], [99641.0, 234852.0], [99885.0, 233353.0], [100090.0, 231775.0], [100129.0, 230190.0], [100334.0, 228633.0], [100539.0, 227065.0], [100578.0, 225465.0], [100783.0, 223896.0], [100822.0, 222311.0], [101027.0, 220745.0], [101066.0, 219143.0], [101271.0, 217574.0], [101476.0, 216008.0], [101515.0, 214423.0], [101720.0, 212845.0], [101759.0, 211243.0], [101964.0, 209686.0], [102169.0, 208121.0], [102208.0, 206523.0], [102413.0, 204943.0], [102452.0, 203297.0], [102657.0, 201786.0], [102862.0, 200221.0], [102901.0, 198621.0], [103106.0, 197047.0], [103145.0, 195449.0], [103350.0, 193884.0], [103389.0, 192284.0], [103594.0, 190702.0], [103799.0, 189147.0], [103838.0, 187547.0], [104043.0, 185982.0], [104082.0, 155246.0]]

size_X_E = 136
