vars = 500 ; constr = 1 
 # informations of B&B algorithm : 
total_times_used = 300.08 
total_nodes = 5787 
pruned_nodes = 2551 
GAP = 0.0 
relaxation_time = 213.25 
test_dominance_time = 13.86 
update_incumbent_time = 3.7 
tree_size = 40.883 
nb_nodes_EPB = 5030 
nb_nodes_VB = 756 
root_relax = true 
TO = true 


 # ----------- info about cuts : 
ite_total = 3404 
cuts_applied = 464 
sp_cuts = 461 
mp_cuts = 3 
cuts_total = 464 
times_calling_dicho = 213.25 
times_calling_separators = 0.84 
times_oper_cutPool = 0.09 
times_total_for_cuts = 183.25 
times_add_retrieve_cuts = 0.05 



size_Y_N = 420
Y_N = [[131286.0, 587832.0], [131591.0, 587136.0], [131709.0, 587065.0], [133401.0, 586198.0], [133824.0, 585815.0], [134247.0, 585090.0], [134670.0, 584091.0], [134851.0, 583897.0], [135154.0, 583820.0], [135457.0, 583122.0], [135638.0, 582921.0], [135758.0, 582513.0], [136000.0, 582063.0], [136181.0, 581813.0], [136242.0, 581418.0], [136604.0, 581415.0], [136846.0, 581147.0], [137027.0, 580572.0], [137149.0, 580238.0], [137692.0, 579436.0], [137753.0, 578769.0], [138115.0, 578749.0], [138357.0, 578236.0], [138841.0, 577164.0], [139203.0, 576535.0], [139626.0, 575610.0], [139868.0, 575198.0], [139929.0, 574608.0], [140171.0, 574272.0], [140291.0, 573858.0], [140533.0, 573408.0], [140714.0, 573008.0], [140775.0, 572719.0], [141137.0, 572050.0], [141259.0, 571162.0], [141621.0, 570981.0], [141682.0, 570877.0], [141802.0, 570832.0], [142225.0, 569874.0], [142286.0, 569596.0], [142709.0, 568638.0], [142770.0, 568002.0], [142890.0, 567869.0], [143193.0, 567387.0], [143313.0, 567246.0], [143555.0, 566323.0], [143736.0, 566288.0], [143797.0, 566078.0], [144281.0, 564811.0], [144401.0, 564685.0], [144824.0, 563656.0], [145066.0, 562459.0], [145308.0, 562380.0], [145489.0, 561524.0], [145731.0, 561036.0], [146034.0, 560313.0], [146154.0, 559540.0], [146758.0, 558710.0], [147061.0, 557792.0], [147122.0, 557130.0], [147484.0, 556607.0], [147545.0, 556365.0], [147968.0, 555235.0], [148511.0, 553862.0], [148934.0, 552757.0], [148995.0, 552446.0], [149237.0, 551399.0], [149418.0, 551323.0], [149599.0, 549587.0], [149902.0, 549586.0], [150325.0, 548690.0], [150445.0, 548571.0], [150748.0, 547420.0], [151171.0, 546245.0], [151232.0, 545663.0], [151594.0, 544794.0], [151655.0, 544758.0], [152078.0, 543559.0], [152198.0, 543405.0], [152621.0, 542188.0], [152924.0, 540730.0], [153044.0, 540668.0], [153408.0, 539530.0], [153770.0, 538255.0], [153951.0, 538148.0], [154374.0, 536608.0], [154435.0, 536447.0], [154797.0, 535556.0], [154858.0, 534980.0], [154919.0, 534477.0], [155100.0, 534302.0], [155281.0, 533758.0], [155643.0, 532673.0], [156127.0, 531378.0], [156550.0, 529841.0], [156973.0, 528717.0], [157034.0, 528331.0], [157396.0, 527110.0], [157457.0, 527080.0], [157880.0, 525724.0], [158303.0, 524331.0], [158726.0, 522708.0], [158787.0, 522700.0], [158907.0, 522514.0], [159149.0, 521627.0], [159330.0, 521195.0], [159753.0, 519816.0], [160056.0, 518574.0], [160117.0, 518016.0], [160237.0, 516886.0], [160540.0, 516882.0], [160660.0, 516710.0], [160902.0, 515554.0], [160963.0, 515498.0], [161083.0, 515333.0], [161325.0, 513979.0], [161506.0, 513949.0], [161628.0, 512871.0], [161748.0, 512701.0], [161929.0, 512556.0], [162171.0, 511354.0], [162352.0, 511105.0], [162413.0, 510779.0], [162594.0, 509789.0], [162655.0, 509488.0], [162836.0, 509394.0], [163017.0, 508684.0], [163078.0, 508396.0], [163259.0, 507731.0], [163501.0, 506720.0], [163562.0, 506629.0], [163743.0, 505237.0], [163985.0, 505151.0], [164166.0, 504290.0], [164347.0, 503854.0], [164650.0, 502642.0], [164951.0, 501497.0], [165073.0, 501115.0], [165315.0, 499834.0], [165496.0, 499739.0], [165858.0, 498504.0], [166039.0, 498018.0], [166161.0, 496998.0], [166523.0, 495643.0], [166704.0, 495562.0], [166826.0, 494552.0], [167007.0, 494219.0], [167188.0, 493215.0], [167249.0, 492730.0], [167430.0, 492621.0], [167550.0, 492437.0], [167672.0, 491584.0], [167792.0, 491512.0], [168215.0, 489964.0], [168276.0, 488863.0], [168457.0, 488675.0], [168518.0, 488557.0], [168638.0, 488281.0], [168880.0, 487273.0], [168941.0, 487010.0], [169122.0, 486146.0], [169303.0, 484773.0], [169545.0, 484485.0], [169606.0, 484386.0], [169726.0, 484211.0], [170029.0, 482820.0], [170149.0, 482584.0], [170210.0, 481753.0], [170391.0, 481359.0], [170452.0, 481006.0], [170513.0, 479942.0], [170814.0, 479909.0], [170875.0, 479534.0], [171056.0, 478392.0], [171237.0, 478269.0], [171298.0, 476939.0], [171359.0, 476726.0], [171540.0, 476643.0], [171963.0, 475108.0], [172144.0, 474062.0], [172325.0, 473588.0], [172447.0, 472158.0], [172628.0, 472075.0], [172748.0, 472035.0], [173051.0, 470354.0], [173112.0, 469424.0], [173293.0, 469093.0], [173413.0, 468997.0], [173474.0, 467609.0], [173655.0, 467502.0], [173716.0, 467271.0], [173897.0, 466317.0], [173958.0, 466139.0], [174078.0, 465923.0], [174320.0, 464588.0], [174381.0, 464171.0], [174743.0, 462819.0], [174924.0, 461925.0], [175227.0, 460207.0], [175347.0, 459822.0], [175408.0, 459678.0], [175469.0, 458975.0], [175589.0, 458821.0], [176012.0, 456971.0], [176254.0, 455687.0], [176677.0, 453778.0], [176919.0, 452514.0], [177222.0, 450756.0], [177403.0, 449914.0], [177523.0, 449758.0], [177584.0, 449332.0], [177826.0, 447970.0], [177946.0, 447860.0], [178068.0, 446668.0], [178188.0, 446566.0], [178249.0, 445109.0], [178491.0, 444178.0], [178611.0, 443781.0], [178853.0, 443379.0], [178914.0, 442445.0], [179095.0, 442023.0], [179337.0, 440659.0], [179398.0, 440325.0], [179518.0, 439280.0], [179579.0, 439269.0], [179699.0, 439140.0], [179760.0, 438820.0], [180122.0, 437250.0], [180364.0, 435916.0], [180545.0, 433521.0], [180606.0, 433038.0], [180848.0, 432922.0], [181029.0, 432669.0], [181210.0, 431225.0], [181271.0, 431086.0], [181633.0, 429631.0], [181694.0, 428064.0], [181875.0, 428053.0], [181936.0, 427903.0], [182298.0, 426313.0], [182540.0, 424818.0], [182843.0, 423064.0], [183144.0, 421717.0], [183205.0, 421449.0], [183266.0, 420174.0], [183386.0, 420018.0], [183447.0, 419559.0], [183628.0, 418654.0], [183809.0, 418317.0], [183931.0, 416903.0], [184051.0, 416780.0], [184112.0, 415389.0], [184293.0, 415237.0], [184354.0, 414970.0], [184474.0, 414858.0], [184596.0, 413478.0], [184716.0, 413278.0], [184958.0, 411808.0], [185019.0, 411425.0], [185139.0, 410565.0], [185320.0, 410135.0], [185381.0, 408639.0], [185562.0, 408579.0], [185743.0, 407153.0], [185804.0, 407067.0], [185865.0, 405582.0], [186046.0, 405535.0], [186227.0, 404095.0], [186408.0, 403817.0], [186530.0, 402420.0], [186650.0, 402290.0], [186831.0, 401017.0], [187073.0, 399419.0], [187134.0, 399165.0], [187315.0, 397849.0], [187376.0, 397619.0], [187496.0, 396336.0], [187557.0, 395933.0], [187738.0, 394572.0], [187919.0, 394560.0], [188041.0, 392967.0], [188161.0, 392934.0], [188403.0, 391218.0], [188584.0, 389752.0], [188645.0, 389620.0], [188826.0, 387960.0], [189007.0, 387703.0], [189249.0, 386148.0], [189430.0, 384669.0], [189491.0, 384453.0], [189552.0, 382374.0], [189672.0, 382360.0], [189733.0, 382336.0], [189914.0, 381283.0], [189975.0, 381060.0], [190095.0, 379621.0], [190156.0, 379274.0], [190217.0, 379219.0], [190337.0, 377770.0], [190518.0, 377763.0], [190640.0, 376106.0], [190760.0, 376065.0], [190941.0, 374584.0], [191002.0, 374335.0], [191183.0, 372679.0], [191244.0, 372633.0], [191425.0, 371172.0], [191486.0, 370890.0], [191606.0, 370725.0], [191728.0, 369002.0], [192029.0, 367558.0], [192090.0, 366248.0], [192151.0, 365958.0], [192271.0, 364756.0], [192332.0, 364378.0], [192574.0, 362766.0], [192694.0, 361528.0], [192755.0, 361303.0], [192936.0, 359795.0], [192997.0, 359339.0], [193178.0, 357186.0], [193420.0, 356313.0], [193601.0, 354806.0], [193662.0, 353225.0], [193782.0, 351877.0], [193843.0, 351526.0], [194085.0, 350003.0], [194205.0, 349939.0], [194327.0, 348260.0], [194447.0, 348189.0], [194628.0, 346587.0], [194870.0, 344879.0], [195112.0, 343112.0], [195173.0, 341525.0], [195293.0, 341514.0], [195535.0, 339766.0], [195596.0, 338198.0], [195716.0, 338185.0], [195777.0, 336552.0], [195838.0, 336481.0], [195958.0, 336410.0], [196019.0, 334805.0], [196139.0, 334747.0], [196261.0, 333082.0], [196381.0, 333048.0], [196442.0, 331424.0], [196503.0, 331323.0], [196623.0, 329748.0], [196684.0, 329628.0], [196804.0, 329602.0], [196926.0, 327733.0], [197046.0, 326333.0], [197107.0, 326257.0], [197227.0, 326188.0], [197288.0, 324564.0], [197349.0, 324442.0], [197469.0, 322864.0], [197530.0, 322741.0], [197772.0, 320931.0], [197892.0, 319451.0], [197953.0, 319237.0], [198134.0, 317568.0], [198195.0, 315709.0], [198315.0, 314520.0], [198437.0, 312908.0], [198557.0, 312621.0], [198618.0, 312466.0], [198738.0, 310874.0], [198799.0, 310749.0], [198980.0, 309039.0], [199041.0, 307339.0], [199222.0, 305526.0], [199403.0, 303950.0], [199525.0, 302151.0], [199645.0, 300449.0], [199706.0, 300391.0], [199887.0, 298536.0], [200068.0, 296948.0], [200129.0, 295212.0], [200310.0, 293395.0], [200491.0, 291596.0], [200613.0, 289825.0], [200733.0, 288010.0], [200794.0, 286472.0], [200914.0, 286437.0], [200975.0, 284697.0], [201036.0, 282946.0], [201156.0, 281239.0], [201337.0, 279458.0], [201398.0, 277711.0], [201459.0, 275957.0], [201579.0, 274323.0], [201640.0, 272572.0], [201821.0, 270791.0], [201882.0, 269037.0], [202002.0, 267176.0], [202063.0, 265084.0], [202244.0, 263746.0], [202305.0, 260386.0], [202425.0, 260269.0], [202486.0, 258487.0], [202667.0, 256704.0], [202728.0, 254915.0], [202789.0, 251389.0], [202909.0, 251328.0], [202970.0, 247863.0], [203090.0, 245954.0], [203151.0, 242573.0], [203212.0, 238993.0], [203332.0, 237200.0], [203393.0, 233619.0], [203513.0, 231826.0], [203574.0, 228237.0], [203755.0, 222865.0], [203816.0, 217825.0], [203936.0, 217373.0], [203997.0, 213992.0], [204058.0, 210412.0], [204178.0, 208618.0], [204239.0, 205045.0]]

size_X_E = 420
