vars = 500 ; constr = 1 
 # informations of B&B algorithm : 
total_times_used = 301.54 
total_nodes = 5252 
pruned_nodes = 481 
GAP = 0.0 
relaxation_time = 289.51 
test_dominance_time = 0.07 
update_incumbent_time = 0.64 
tree_size = 49.685 
nb_nodes_EPB = 3869 
nb_nodes_VB = 1382 
root_relax = true 
TO = true 


 # ----------- info about cuts : 
ite_total = 4792 
cuts_applied = 668 
sp_cuts = 668 
mp_cuts = 0 
cuts_total = 668 
times_calling_dicho = 289.51 
times_calling_separators = 1.2 
times_oper_cutPool = 0.15 
times_total_for_cuts = 284.57 
times_add_retrieve_cuts = 0.06 



size_Y_N = 134
Y_N = [[77693.0, 538388.0], [77757.0, 536897.0], [77774.0, 536537.0], [77791.0, 535111.0], [77795.0, 534953.0], [77799.0, 533618.0], [77812.0, 533440.0], [77816.0, 532536.0], [77837.0, 532052.0], [77858.0, 531783.0], [77866.0, 530344.0], [77900.0, 528698.0], [77904.0, 526958.0], [77912.0, 525015.0], [77929.0, 523344.0], [77967.0, 523118.0], [77992.0, 519616.0], [78013.0, 517166.0], [78034.0, 517147.0], [78042.0, 513312.0], [78059.0, 513189.0], [78080.0, 509905.0], [78084.0, 508451.0], [78101.0, 508317.0], [78105.0, 506824.0], [78109.0, 504694.0], [78126.0, 504154.0], [78147.0, 503798.0], [78168.0, 502093.0], [78193.0, 498142.0], [78201.0, 494138.0], [78214.0, 493871.0], [78218.0, 492998.0], [78235.0, 492757.0], [78243.0, 488883.0], [78260.0, 487662.0], [78281.0, 486062.0], [78285.0, 483613.0], [78302.0, 483467.0], [78306.0, 481855.0], [78327.0, 478866.0], [78331.0, 477592.0], [78348.0, 477016.0], [78352.0, 473567.0], [78369.0, 473428.0], [78373.0, 472310.0], [78377.0, 468910.0], [78394.0, 468557.0], [78398.0, 467090.0], [78415.0, 466344.0], [78436.0, 464182.0], [78440.0, 462202.0], [78444.0, 460655.0], [78461.0, 457902.0], [78465.0, 456178.0], [78482.0, 455722.0], [78486.0, 454893.0], [78503.0, 453027.0], [78507.0, 451189.0], [78528.0, 448855.0], [78549.0, 445506.0], [78553.0, 441656.0], [78570.0, 441647.0], [78574.0, 439961.0], [78578.0, 437267.0], [78595.0, 434570.0], [78616.0, 432793.0], [78620.0, 430134.0], [78637.0, 428361.0], [78641.0, 426686.0], [78645.0, 425110.0], [78662.0, 422168.0], [78666.0, 420349.0], [78683.0, 418972.0], [78687.0, 416574.0], [78704.0, 415735.0], [78708.0, 413266.0], [78712.0, 410426.0], [78729.0, 408904.0], [78733.0, 405786.0], [78750.0, 405549.0], [78754.0, 401470.0], [78771.0, 401247.0], [78775.0, 398052.0], [78779.0, 394959.0], [78796.0, 394540.0], [78800.0, 390265.0], [78817.0, 388995.0], [78821.0, 385132.0], [78838.0, 384469.0], [78842.0, 381040.0], [78846.0, 376719.0], [78863.0, 375198.0], [78867.0, 372165.0], [78884.0, 370807.0], [78888.0, 367571.0], [78905.0, 366024.0], [78909.0, 362835.0], [78913.0, 359867.0], [78930.0, 358271.0], [78934.0, 354734.0], [78951.0, 352891.0], [78955.0, 347231.0], [78972.0, 345680.0], [78976.0, 342235.0], [78980.0, 336160.0], [78997.0, 334600.0], [79001.0, 329844.0], [79018.0, 328132.0], [79022.0, 323354.0], [79039.0, 321385.0], [79043.0, 316348.0], [79047.0, 311976.0], [79064.0, 308716.0], [79068.0, 304032.0], [79085.0, 300969.0], [79089.0, 294715.0], [79106.0, 293052.0], [79110.0, 286545.0], [79114.0, 280188.0], [79131.0, 278550.0], [79135.0, 271910.0], [79152.0, 268697.0], [79156.0, 258899.0], [79173.0, 255822.0], [79177.0, 245704.0], [79181.0, 237811.0], [79198.0, 232903.0], [79202.0, 224418.0], [79219.0, 219620.0], [79223.0, 206665.0], [79240.0, 199874.0], [79244.0, 181571.0], [79248.0, 162147.0]]

size_X_E = 134
