vars = 100 ; constr = 1 
 # informations of B&B algorithm : 
total_times_used = 3600.05 
total_nodes = 246738 
pruned_nodes = 86680 
GAP = 0.0 
relaxation_time = 3224.93 
test_dominance_time = 6.07 
update_incumbent_time = 12.54 
tree_size = 577.317 
nb_nodes_EPB = 13283 
nb_nodes_VB = 233454 
root_relax = true 
TO = true 


 # ----------- info about cuts : 
ite_total = 165029 
cuts_applied = 10841 
sp_cuts = 10697 
mp_cuts = 144 
cuts_total = 10841 
times_calling_dicho = 3224.93 
times_calling_separators = 10.44 
times_oper_cutPool = 1.14 
times_total_for_cuts = 2921.43 
times_add_retrieve_cuts = 1.6 



size_Y_N = 92
Y_N = [[25333.0, 128217.0], [25521.0, 127566.0], [25850.0, 127365.0], [25944.0, 127200.0], [25991.0, 126162.0], [26038.0, 125542.0], [26085.0, 125500.0], [26132.0, 125418.0], [26179.0, 125366.0], [26273.0, 125202.0], [26320.0, 124836.0], [26367.0, 124752.0], [26414.0, 124717.0], [26461.0, 124590.0], [26555.0, 124143.0], [26743.0, 123628.0], [26931.0, 122401.0], [27025.0, 121903.0], [27072.0, 120865.0], [27213.0, 120710.0], [27401.0, 119702.0], [27495.0, 119453.0], [27589.0, 117982.0], [27636.0, 117947.0], [27683.0, 117759.0], [27871.0, 116662.0], [27965.0, 116599.0], [28106.0, 114907.0], [28153.0, 114847.0], [28435.0, 113450.0], [28482.0, 111972.0], [28576.0, 111829.0], [28623.0, 111698.0], [28811.0, 110144.0], [28952.0, 108800.0], [29046.0, 108741.0], [29093.0, 106925.0], [29140.0, 106894.0], [29187.0, 106893.0], [29234.0, 106777.0], [29375.0, 105367.0], [29422.0, 105230.0], [29563.0, 103787.0], [29657.0, 103558.0], [29704.0, 101946.0], [29751.0, 101764.0], [29845.0, 101670.0], [29892.0, 100371.0], [29986.0, 100298.0], [30033.0, 98897.0], [30127.0, 98770.0], [30174.0, 98512.0], [30221.0, 96864.0], [30315.0, 96699.0], [30456.0, 95337.0], [30597.0, 93799.0], [30644.0, 93574.0], [30691.0, 91941.0], [30785.0, 91702.0], [30926.0, 90151.0], [30973.0, 88639.0], [31067.0, 88538.0], [31114.0, 88405.0], [31208.0, 86942.0], [31255.0, 86623.0], [31302.0, 84916.0], [31396.0, 84750.0], [31537.0, 83355.0], [31584.0, 81727.0], [31678.0, 81639.0], [31725.0, 79997.0], [31772.0, 78063.0], [31866.0, 78022.0], [32007.0, 76381.0], [32054.0, 74648.0], [32148.0, 72964.0], [32195.0, 72941.0], [32242.0, 71160.0], [32336.0, 69348.0], [32383.0, 69216.0], [32477.0, 67307.0], [32618.0, 65770.0], [32665.0, 63976.0], [32712.0, 62201.0], [32806.0, 60393.0], [32853.0, 58532.0], [32947.0, 58427.0], [32994.0, 56575.0], [33088.0, 54842.0], [33135.0, 51210.0], [33229.0, 47457.0], [33276.0, 40588.0]]

size_X_E = 92
