vars = 500 ; constr = 1 
 # informations of B&B algorithm : 
total_times_used = 300.05 
total_nodes = 12448 
pruned_nodes = 6221 
GAP = 0.0 
relaxation_time = 251.28 
test_dominance_time = 1.14 
update_incumbent_time = 2.27 
tree_size = 45.751 
nb_nodes_EPB = 4427 
nb_nodes_VB = 8020 
root_relax = true 
TO = true 


 # ----------- info about cuts : 
ite_total = 6455 
cuts_applied = 1109 
sp_cuts = 1103 
mp_cuts = 6 
cuts_total = 1109 
times_calling_dicho = 251.28 
times_calling_separators = 0.74 
times_oper_cutPool = 0.23 
times_total_for_cuts = 205.84 
times_add_retrieve_cuts = 0.1 



size_Y_N = 148
Y_N = [[3426.0, 27492.0], [3487.0, 27430.0], [3611.0, 27426.0], [3735.0, 27415.0], [3747.0, 27403.0], [3858.0, 27395.0], [3982.0, 27367.0], [4007.0, 27346.0], [4106.0, 27328.0], [4192.0, 27256.0], [4217.0, 27236.0], [4316.0, 27214.0], [4390.0, 27139.0], [4415.0, 27122.0], [4514.0, 27090.0], [4588.0, 27010.0], [4600.0, 26994.0], [4699.0, 26939.0], [4798.0, 26871.0], [4872.0, 26786.0], [4884.0, 26784.0], [4897.0, 26747.0], [4996.0, 26718.0], [5095.0, 26635.0], [5194.0, 26545.0], [5280.0, 26468.0], [5379.0, 26384.0], [5478.0, 26297.0], [5577.0, 26212.0], [5676.0, 26128.0], [5775.0, 26038.0], [5849.0, 25942.0], [5874.0, 25938.0], [5948.0, 25847.0], [5960.0, 25834.0], [6059.0, 25762.0], [6158.0, 25669.0], [6257.0, 25570.0], [6319.0, 25473.0], [6331.0, 25465.0], [6393.0, 25371.0], [6418.0, 25367.0], [6492.0, 25270.0], [6554.0, 25170.0], [6566.0, 25168.0], [6628.0, 25067.0], [6640.0, 25064.0], [6727.0, 24965.0], [6801.0, 24861.0], [6875.0, 24755.0], [6962.0, 24652.0], [7036.0, 24543.0], [7110.0, 24436.0], [7184.0, 24327.0], [7271.0, 24220.0], [7345.0, 24110.0], [7407.0, 23997.0], [7419.0, 23994.0], [7506.0, 23891.0], [7580.0, 23778.0], [7642.0, 23666.0], [7654.0, 23663.0], [7716.0, 23549.0], [7728.0, 23539.0], [7815.0, 23442.0], [7889.0, 23330.0], [7951.0, 23213.0], [8000.0, 23098.0], [8062.0, 22982.0], [8124.0, 22865.0], [8186.0, 22751.0], [8235.0, 22631.0], [8297.0, 22513.0], [8359.0, 22398.0], [8408.0, 22279.0], [8470.0, 22160.0], [8532.0, 22044.0], [8594.0, 21926.0], [8643.0, 21806.0], [8705.0, 21689.0], [8767.0, 21571.0], [8816.0, 21450.0], [8878.0, 21332.0], [8940.0, 21214.0], [9002.0, 21094.0], [9051.0, 20973.0], [9113.0, 20853.0], [9175.0, 20731.0], [9224.0, 20611.0], [9286.0, 20491.0], [9348.0, 20368.0], [9410.0, 20249.0], [9459.0, 20125.0], [9521.0, 20004.0], [9583.0, 19884.0], [9632.0, 19758.0], [9694.0, 19638.0], [9719.0, 19513.0], [9731.0, 19512.0], [9768.0, 19392.0], [9818.0, 19267.0], [9855.0, 19145.0], [9892.0, 19020.0], [9929.0, 18896.0], [9966.0, 18772.0], [9991.0, 18647.0], [10003.0, 18646.0], [10040.0, 18524.0], [10090.0, 18401.0], [10127.0, 18277.0], [10164.0, 18152.0], [10201.0, 18027.0], [10238.0, 17903.0], [10275.0, 17777.0], [10300.0, 17649.0], [10312.0, 17645.0], [10362.0, 17528.0], [10399.0, 17400.0], [10436.0, 17273.0], [10473.0, 17151.0], [10510.0, 17024.0], [10547.0, 16900.0], [10584.0, 16773.0], [10634.0, 16649.0], [10671.0, 16524.0], [10708.0, 16394.0], [10720.0, 16268.0], [10745.0, 16141.0], [10770.0, 16015.0], [10782.0, 15886.0], [10807.0, 15756.0], [10819.0, 15628.0], [10844.0, 15502.0], [10856.0, 15373.0], [10881.0, 15247.0], [10906.0, 15118.0], [10918.0, 14988.0], [10943.0, 14862.0], [10955.0, 14734.0], [10980.0, 14607.0], [10992.0, 14479.0], [11017.0, 14349.0], [11042.0, 14221.0], [11054.0, 14094.0], [11079.0, 13966.0], [11091.0, 13839.0], [11116.0, 13710.0], [11128.0, 13044.0]]

size_X_E = 148
