vars = 500 ; constr = 1 
 # informations of B&B algorithm : 
total_times_used = 300.11 
total_nodes = 5833 
pruned_nodes = 1778 
GAP = 0.0 
relaxation_time = 246.11 
test_dominance_time = 2.75 
update_incumbent_time = 2.17 
tree_size = 37.213 
nb_nodes_EPB = 2454 
nb_nodes_VB = 3378 
root_relax = true 
TO = true 


 # ----------- info about cuts : 
ite_total = 4234 
cuts_applied = 412 
sp_cuts = 412 
mp_cuts = 0 
cuts_total = 412 
times_calling_dicho = 246.11 
times_calling_separators = 0.72 
times_oper_cutPool = 0.1 
times_total_for_cuts = 222.42 
times_add_retrieve_cuts = 0.07 



size_Y_N = 228
Y_N = [[173935.0, 423344.0], [176734.0, 423003.0], [178225.0, 422923.0], [179716.0, 422652.0], [181207.0, 422340.0], [182480.0, 421680.0], [183753.0, 421007.0], [184843.0, 420238.0], [186116.0, 419513.0], [187389.0, 418732.0], [188662.0, 417933.0], [189534.0, 416983.0], [189752.0, 416947.0], [190807.0, 416059.0], [191025.0, 416035.0], [192298.0, 415034.0], [193571.0, 414108.0], [194443.0, 413102.0], [194661.0, 413016.0], [195498.0, 412102.0], [195716.0, 412091.0], [195934.0, 412059.0], [196989.0, 411076.0], [197207.0, 411031.0], [198262.0, 410033.0], [198480.0, 409873.0], [198698.0, 408988.0], [199352.0, 408934.0], [199570.0, 408859.0], [200407.0, 407887.0], [200625.0, 407844.0], [200843.0, 407664.0], [201061.0, 406842.0], [201279.0, 406811.0], [201898.0, 406741.0], [202116.0, 406633.0], [202552.0, 405735.0], [202770.0, 405659.0], [203171.0, 405606.0], [203389.0, 405401.0], [203607.0, 404666.0], [203825.0, 404601.0], [204043.0, 404414.0], [204261.0, 404383.0], [204479.0, 404275.0], [205098.0, 403443.0], [205316.0, 403336.0], [205534.0, 403206.0], [205752.0, 403016.0], [205970.0, 402330.0], [206188.0, 402223.0], [206589.0, 402129.0], [206807.0, 401955.0], [207025.0, 401761.0], [207679.0, 400842.0], [208080.0, 400684.0], [208298.0, 400459.0], [208734.0, 399762.0], [208952.0, 399563.0], [209170.0, 399315.0], [209388.0, 399125.0], [209789.0, 398644.0], [210007.0, 398483.0], [210225.0, 398268.0], [210443.0, 397936.0], [210661.0, 397704.0], [210879.0, 397261.0], [211280.0, 397156.0], [211498.0, 396835.0], [211716.0, 396682.0], [211934.0, 396382.0], [212152.0, 395692.0], [212370.0, 395561.0], [212588.0, 395553.0], [212989.0, 395278.0], [213207.0, 394877.0], [213643.0, 394429.0], [213861.0, 394130.0], [214079.0, 393786.0], [214698.0, 393270.0], [214916.0, 392982.0], [215570.0, 392076.0], [215788.0, 391801.0], [216189.0, 391498.0], [216407.0, 390937.0], [216625.0, 390916.0], [216843.0, 390630.0], [217061.0, 390308.0], [217279.0, 389903.0], [217497.0, 389611.0], [217898.0, 389450.0], [218116.0, 389052.0], [218770.0, 388238.0], [218988.0, 387858.0], [219206.0, 387330.0], [219825.0, 387045.0], [220043.0, 386735.0], [220697.0, 385837.0], [221098.0, 385550.0], [221970.0, 384288.0], [222188.0, 384000.0], [222406.0, 383572.0], [222807.0, 383358.0], [223025.0, 383002.0], [223243.0, 382803.0], [223461.0, 382298.0], [223679.0, 381810.0], [223897.0, 381806.0], [224298.0, 381577.0], [224516.0, 380977.0], [224952.0, 380579.0], [225170.0, 380303.0], [226007.0, 379291.0], [226225.0, 379032.0], [226661.0, 377991.0], [226879.0, 377768.0], [226914.0, 377695.0], [227097.0, 377650.0], [227533.0, 376688.0], [227716.0, 376561.0], [227934.0, 376551.0], [227969.0, 376333.0], [228152.0, 376302.0], [228588.0, 375106.0], [229024.0, 374990.0], [229207.0, 374969.0], [229425.0, 373721.0], [230079.0, 373596.0], [230297.0, 372333.0], [231134.0, 372102.0], [232006.0, 370555.0], [232625.0, 369051.0], [233061.0, 369025.0], [233279.0, 367785.0], [234116.0, 367476.0], [234334.0, 366244.0], [234988.0, 365889.0], [235424.0, 364537.0], [236043.0, 364313.0], [236697.0, 362772.0], [236915.0, 362558.0], [237316.0, 361559.0], [237534.0, 361377.0], [237752.0, 360986.0], [237970.0, 360956.0], [238406.0, 359580.0], [238624.0, 359573.0], [239025.0, 359346.0], [239243.0, 358366.0], [239679.0, 357963.0], [239897.0, 357743.0], [240333.0, 356557.0], [240734.0, 356345.0], [240952.0, 356121.0], [241170.0, 354726.0], [241606.0, 354725.0], [242225.0, 353380.0], [242443.0, 353160.0], [242661.0, 352126.0], [242879.0, 351951.0], [243097.0, 351760.0], [243533.0, 350349.0], [243751.0, 350331.0], [243934.0, 350329.0], [244370.0, 348876.0], [244588.0, 348740.0], [244841.0, 347389.0], [245024.0, 347387.0], [245059.0, 347258.0], [245242.0, 347237.0], [246079.0, 345769.0], [246515.0, 344246.0], [246733.0, 343858.0], [247570.0, 342624.0], [247605.0, 341039.0], [248006.0, 341022.0], [248224.0, 340957.0], [248259.0, 339435.0], [249061.0, 339404.0], [249497.0, 337881.0], [249715.0, 337833.0], [250552.0, 336098.0], [250587.0, 334610.0], [251206.0, 334504.0], [252043.0, 332944.0], [252479.0, 331256.0], [252697.0, 330927.0], [252915.0, 329714.0], [253351.0, 329593.0], [254005.0, 327966.0], [254188.0, 327964.0], [254624.0, 326276.0], [254842.0, 326188.0], [255243.0, 324736.0], [255679.0, 324549.0], [255897.0, 322923.0], [256333.0, 322907.0], [257170.0, 321087.0], [257606.0, 319547.0], [257824.0, 319415.0], [258661.0, 317741.0], [259097.0, 315933.0], [259315.0, 315913.0], [259751.0, 314373.0], [260152.0, 312810.0], [260187.0, 312683.0], [260370.0, 312551.0], [260806.0, 310810.0], [261024.0, 309547.0], [261242.0, 309257.0], [261861.0, 307705.0], [262079.0, 306264.0], [262297.0, 306155.0], [262733.0, 304436.0], [263352.0, 302853.0], [263788.0, 301120.0], [264224.0, 299361.0], [264660.0, 297775.0], [264878.0, 296114.0], [265096.0, 295654.0], [265279.0, 295385.0], [265497.0, 294526.0], [265715.0, 294191.0], [265933.0, 292093.0], [266151.0, 291447.0], [266369.0, 289409.0], [266404.0, 289261.0], [266587.0, 243247.0]]

size_X_E = 228
