vars = 500 ; constr = 1 
 # informations of B&B algorithm : 
total_times_used = 300.15 
total_nodes = 6718 
pruned_nodes = 2573 
GAP = 0.0 
relaxation_time = 284.49 
test_dominance_time = 0.32 
update_incumbent_time = 0.52 
tree_size = 38.296 
nb_nodes_EPB = 3477 
nb_nodes_VB = 3240 
root_relax = true 
TO = true 


 # ----------- info about cuts : 
ite_total = 4292 
cuts_applied = 573 
sp_cuts = 569 
mp_cuts = 4 
cuts_total = 573 
times_calling_dicho = 284.49 
times_calling_separators = 0.74 
times_oper_cutPool = 0.08 
times_total_for_cuts = 249.11 
times_add_retrieve_cuts = 0.07 



size_Y_N = 108
Y_N = [[63804.0, 339782.0], [63878.0, 338452.0], [64049.0, 338425.0], [64220.0, 338360.0], [64391.0, 338266.0], [64488.0, 338164.0], [64659.0, 338035.0], [64705.0, 337649.0], [64779.0, 337459.0], [64876.0, 337367.0], [64950.0, 337157.0], [65047.0, 337065.0], [65121.0, 336753.0], [65218.0, 336661.0], [65389.0, 336233.0], [65463.0, 335835.0], [65560.0, 335743.0], [65634.0, 334991.0], [65731.0, 334155.0], [65902.0, 334056.0], [66073.0, 333508.0], [66119.0, 331502.0], [66193.0, 331312.0], [66341.0, 330817.0], [66364.0, 330784.0], [66438.0, 330288.0], [66609.0, 329480.0], [66632.0, 328019.0], [66729.0, 327485.0], [66803.0, 326820.0], [66877.0, 325585.0], [66974.0, 325299.0], [67048.0, 324951.0], [67094.0, 323806.0], [67242.0, 322225.0], [67316.0, 321884.0], [67339.0, 321444.0], [67413.0, 321314.0], [67584.0, 319988.0], [67607.0, 318343.0], [67681.0, 318095.0], [67704.0, 317294.0], [67778.0, 316952.0], [67852.0, 315580.0], [67875.0, 314741.0], [68023.0, 314414.0], [68046.0, 312394.0], [68120.0, 312085.0], [68143.0, 311459.0], [68217.0, 309438.0], [68291.0, 309297.0], [68388.0, 308681.0], [68462.0, 307083.0], [68559.0, 305852.0], [68656.0, 303886.0], [68730.0, 301719.0], [68827.0, 301290.0], [68924.0, 298769.0], [68998.0, 298236.0], [69021.0, 296597.0], [69095.0, 296328.0], [69192.0, 295093.0], [69266.0, 293448.0], [69437.0, 291987.0], [69460.0, 289975.0], [69534.0, 288083.0], [69705.0, 287106.0], [69728.0, 284391.0], [69751.0, 283586.0], [69802.0, 283275.0], [69825.0, 282038.0], [69899.0, 282008.0], [69973.0, 281888.0], [69996.0, 279081.0], [70144.0, 278706.0], [70167.0, 274949.0], [70241.0, 274199.0], [70264.0, 271838.0], [70338.0, 271821.0], [70412.0, 270082.0], [70435.0, 268332.0], [70509.0, 266641.0], [70532.0, 263812.0], [70606.0, 262936.0], [70680.0, 262406.0], [70777.0, 259538.0], [70874.0, 255989.0], [70948.0, 254156.0], [70971.0, 251325.0], [71119.0, 250602.0], [71216.0, 246993.0], [71313.0, 243235.0], [71387.0, 241475.0], [71410.0, 237698.0], [71484.0, 234745.0], [71507.0, 228469.0], [71655.0, 226279.0], [71678.0, 218069.0], [71752.0, 217548.0], [71826.0, 215624.0], [71923.0, 209082.0], [71946.0, 203289.0], [72020.0, 198970.0], [72094.0, 198367.0], [72117.0, 193730.0], [72191.0, 191870.0], [72288.0, 184185.0], [72362.0, 168549.0]]

size_X_E = 108
