vars = 72 ; constr = 72 
 # informations of B&B algorithm : 
total_times_used = 229.82 
total_nodes = 118423 
pruned_nodes = 59235 
GAP = 0.0 
relaxation_time = 74.21 
test_dominance_time = 0.11 
update_incumbent_time = 0.13 
tree_size = 356.255 
nb_nodes_EPB = 5348 
nb_nodes_VB = 113074 
root_relax = false 
TO = false 
rootLBS = 17 
LBSexhaustive = true 
 位_strategy = 0 
 位_min = 0 
 位_max = 0 
位_acc = 0.0 
total_time_cplex = 0.0 
total_time_fusion = 0.0 
heur = false 
heur_time = 0.0 
mixed = false 
mixed2 = false 


size_Y_N = 154
Y_N = [[605.0, 4748.0], [634.0, 4737.0], [636.0, 4686.0], [649.0, 4629.0], [678.0, 4618.0], [680.0, 4567.0], [739.0, 4325.0], [768.0, 4314.0], [770.0, 4263.0], [783.0, 4206.0], [812.0, 4195.0], [814.0, 4144.0], [869.0, 4136.0], [881.0, 4069.0], [910.0, 4058.0], [912.0, 4007.0], [918.0, 3956.0], [925.0, 3950.0], [947.0, 3945.0], [949.0, 3894.0], [956.0, 3888.0], [962.0, 3837.0], [991.0, 3826.0], [993.0, 3775.0], [1017.0, 3743.0], [1019.0, 3692.0], [1049.0, 3667.0], [1061.0, 3624.0], [1063.0, 3573.0], [1118.0, 3565.0], [1132.0, 3501.0], [1159.0, 3487.0], [1161.0, 3436.0], [1169.0, 3422.0], [1176.0, 3382.0], [1203.0, 3368.0], [1205.0, 3317.0], [1228.0, 3298.0], [1252.0, 3266.0], [1254.0, 3215.0], [1288.0, 3209.0], [1296.0, 3147.0], [1298.0, 3096.0], [1349.0, 3064.0], [1370.0, 3042.0], [1394.0, 3010.0], [1396.0, 2959.0], [1404.0, 2945.0], [1438.0, 2891.0], [1440.0, 2840.0], [1523.0, 2821.0], [1524.0, 2802.0], [1536.0, 2780.0], [1544.0, 2740.0], [1546.0, 2689.0], [1618.0, 2667.0], [1623.0, 2648.0], [1625.0, 2597.0], [1667.0, 2568.0], [1676.0, 2565.0], [1688.0, 2546.0], [1697.0, 2543.0], [1716.0, 2530.0], [1719.0, 2521.0], [1721.0, 2470.0], [1723.0, 2460.0], [1731.0, 2446.0], [1758.0, 2344.0], [1767.0, 2341.0], [1819.0, 2333.0], [1827.0, 2319.0], [1841.0, 2300.0], [1854.0, 2217.0], [1863.0, 2214.0], [1864.0, 2193.0], [1873.0, 2190.0], [1938.0, 2179.0], [1947.0, 2176.0], [1959.0, 2157.0], [1960.0, 2066.0], [1969.0, 2063.0], [2023.0, 2042.0], [2032.0, 2039.0], [2115.0, 2006.0], [2123.0, 1964.0], [2132.0, 1961.0], [2169.0, 1960.0], [2178.0, 1957.0], [2185.0, 1956.0], [2186.0, 1940.0], [2190.0, 1938.0], [2194.0, 1920.0], [2203.0, 1917.0], [2206.0, 1895.0], [2211.0, 1879.0], [2220.0, 1876.0], [2254.0, 1867.0], [2263.0, 1864.0], [2274.0, 1855.0], [2282.0, 1835.0], [2291.0, 1832.0], [2303.0, 1813.0], [2312.0, 1810.0], [2342.0, 1782.0], [2351.0, 1779.0], [2367.0, 1720.0], [2376.0, 1717.0], [2455.0, 1635.0], [2464.0, 1632.0], [2587.0, 1619.0], [2596.0, 1616.0], [2612.0, 1608.0], [2621.0, 1605.0], [2658.0, 1578.0], [2667.0, 1575.0], [2687.0, 1493.0], [2696.0, 1490.0], [2819.0, 1477.0], [2828.0, 1474.0], [2850.0, 1411.0], [2859.0, 1408.0], [2982.0, 1395.0], [2991.0, 1392.0], [3001.0, 1389.0], [3010.0, 1386.0], [3053.0, 1354.0], [3062.0, 1351.0], [3072.0, 1348.0], [3081.0, 1345.0], [3083.0, 1315.0], [3164.0, 1307.0], [3173.0, 1304.0], [3215.0, 1299.0], [3235.0, 1266.0], [3244.0, 1263.0], [3246.0, 1233.0], [3276.0, 1230.0], [3378.0, 1217.0], [3397.0, 1211.0], [3449.0, 1176.0], [3468.0, 1170.0], [3559.0, 1158.0], [3560.0, 1129.0], [3591.0, 1125.0], [3631.0, 1088.0], [3663.0, 1055.0], [3943.0, 1053.0], [4009.0, 1031.0], [4014.0, 1012.0], [4041.0, 998.0], [4046.0, 979.0], [4142.0, 960.0], [4488.0, 936.0], [4520.0, 903.0]]
