vars = 25 ; constr = 1 
 # informations of B&B algorithm : 
total_times_used = 6.05 
total_nodes = 1097 
pruned_nodes = 673 
GAP = 0.0 
relaxation_time = 5.66 
test_dominance_time = 0.0 
update_incumbent_time = 0.03 
tree_size = 2.093 
nb_nodes_EPB = 390 
nb_nodes_VB = 706 
root_relax = true 
TO = false 
rootLBS = 16 
LBSexhaustive = true 
 位_strategy = 0 
 位_min = 0 
 位_max = 0 
位_acc = 0.0 
total_time_cplex = 0.0 
total_time_fusion = 0.0 
heur = false 
heur_time = 0.0 


size_Y_N = 67
Y_N = [[3757.0, 7353.0], [4504.0, 7297.0], [4729.0, 7171.0], [4749.0, 7138.0], [4764.0, 7132.0], [4781.0, 7114.0], [4959.0, 7087.0], [4979.0, 7054.0], [5126.0, 7044.0], [5146.0, 7011.0], [5187.0, 6982.0], [5204.0, 6928.0], [5219.0, 6922.0], [5236.0, 6904.0], [5371.0, 6885.0], [5386.0, 6879.0], [5403.0, 6861.0], [5601.0, 6801.0], [5628.0, 6647.0], [5637.0, 6645.0], [5700.0, 6643.0], [5715.0, 6637.0], [5732.0, 6619.0], [5741.0, 6614.0], [5806.0, 6536.0], [5817.0, 6454.0], [5832.0, 6448.0], [5849.0, 6430.0], [6003.0, 6425.0], [6020.0, 6407.0], [6033.0, 6279.0], [6102.0, 6267.0], [6119.0, 6249.0], [6332.0, 6183.0], [6349.0, 6165.0], [6411.0, 5974.0], [6476.0, 5840.0], [6485.0, 5838.0], [6493.0, 5822.0], [6502.0, 5820.0], [6565.0, 5719.0], [6634.0, 5707.0], [6651.0, 5689.0], [6742.0, 5523.0], [6769.0, 5369.0], [6778.0, 5367.0], [6787.0, 5362.0], [6795.0, 5346.0], [6804.0, 5344.0], [6845.0, 5243.0], [6919.0, 5212.0], [6922.0, 5024.0], [6925.0, 4871.0], [7064.0, 4836.0], [7081.0, 4818.0], [7208.0, 4493.0], [7217.0, 4491.0], [7225.0, 4475.0], [7234.0, 4473.0], [7313.0, 4125.0], [7321.0, 3902.0], [7457.0, 3782.0], [7466.0, 3780.0], [7554.0, 2819.0], [7571.0, 2801.0], [7631.0, 2173.0], [7640.0, 2171.0]]
