vars = 100 ; constr = 1 
 # informations of B&B algorithm : 
total_times_used = 671.96 
total_nodes = 48269 
pruned_nodes = 25027 
GAP = 0.0 
relaxation_time = 601.99 
test_dominance_time = 0.03 
update_incumbent_time = 1.11 
tree_size = 115.816 
nb_nodes_EPB = 4456 
nb_nodes_VB = 43812 
root_relax = true 
TO = false 
rootLBS = 42 
LBSexhaustive = true 
 位_strategy = 0 
 位_min = 0 
 位_max = 0 
位_acc = 0.0 
total_time_cplex = 571.0836794376373 
total_time_fusion = 0.0 
heur = false 
heur_time = 0.0 
mixed = false 
mixed2 = false 


size_Y_N = 121
Y_N = [[31388.0, 45320.0], [31398.0, 45300.0], [31948.0, 45297.0], [32249.0, 45279.0], [32339.0, 45194.0], [32601.0, 45186.0], [32738.0, 45178.0], [32954.0, 45121.0], [32996.0, 44976.0], [33162.0, 44972.0], [33299.0, 44964.0], [33352.0, 44926.0], [33544.0, 44903.0], [33572.0, 44678.0], [33576.0, 44643.0], [33664.0, 44629.0], [33939.0, 44591.0], [33957.0, 44292.0], [34013.0, 44268.0], [34031.0, 44265.0], [34055.0, 44216.0], [34076.0, 44168.0], [34183.0, 44143.0], [34216.0, 44090.0], [34236.0, 43984.0], [34260.0, 43976.0], [34261.0, 43921.0], [34467.0, 43919.0], [34610.0, 43620.0], [34711.0, 43574.0], [34723.0, 43346.0], [34730.0, 43286.0], [34744.0, 43285.0], [34748.0, 43283.0], [34768.0, 43249.0], [34782.0, 43227.0], [34822.0, 43211.0], [34882.0, 43179.0], [34884.0, 43141.0], [34909.0, 43078.0], [34929.0, 43017.0], [34938.0, 43010.0], [34949.0, 43002.0], [35041.0, 43000.0], [35066.0, 42937.0], [35198.0, 42936.0], [35277.0, 42711.0], [35302.0, 42648.0], [35311.0, 42515.0], [35329.0, 42512.0], [35371.0, 42503.0], [35396.0, 42440.0], [35398.0, 42382.0], [35416.0, 42379.0], [35424.0, 42232.0], [35452.0, 42219.0], [35475.0, 42215.0], [35481.0, 42197.0], [35487.0, 42128.0], [35497.0, 42096.0], [35630.0, 42091.0], [35634.0, 41915.0], [35644.0, 41883.0], [35726.0, 41775.0], [35741.0, 41728.0], [35751.0, 41712.0], [35832.0, 41692.0], [35861.0, 41529.0], [35890.0, 41475.0], [35908.0, 41426.0], [35918.0, 41394.0], [35943.0, 41329.0], [35945.0, 41237.0], [36019.0, 41232.0], [36066.0, 41020.0], [36101.0, 40884.0], [36104.0, 40820.0], [36161.0, 40804.0], [36187.0, 40763.0], [36212.0, 40690.0], [36218.0, 40669.0], [36237.0, 40538.0], [36340.0, 40531.0], [36407.0, 40414.0], [36414.0, 40291.0], [36416.0, 40199.0], [36490.0, 40140.0], [36500.0, 39993.0], [36511.0, 39983.0], [36527.0, 39836.0], [36539.0, 39796.0], [36545.0, 39787.0], [36555.0, 39755.0], [36634.0, 39676.0], [36637.0, 39470.0], [36643.0, 39461.0], [36650.0, 39433.0], [36702.0, 39328.0], [36738.0, 39245.0], [36752.0, 39103.0], [36773.0, 39061.0], [36800.0, 39002.0], [36874.0, 38899.0], [36931.0, 38764.0], [36969.0, 38683.0], [36987.0, 38412.0], [37000.0, 38323.0], [37034.0, 38192.0], [37107.0, 38158.0], [37119.0, 37949.0], [37162.0, 37920.0], [37169.0, 37454.0], [37173.0, 37403.0], [37208.0, 37288.0], [37246.0, 37106.0], [37341.0, 36890.0], [37347.0, 36490.0], [37380.0, 36311.0], [37430.0, 34954.0], [37442.0, 34600.0], [37475.0, 34332.0]]
