vars = 56 ; constr = 56 
 # informations of B&B algorithm : 
total_times_used = 85.21 
total_nodes = 3460 
pruned_nodes = 1943 
GAP = 0.0 
relaxation_time = 82.73 
test_dominance_time = 0.0 
update_incumbent_time = 0.1 
tree_size = 6.477 
nb_nodes_EPB = 727 
nb_nodes_VB = 2732 
root_relax = true 
TO = false 
rootLBS = 19 
LBSexhaustive = true 
 位_strategy = 0 
 位_min = 0 
 位_max = 0 
位_acc = 0.0 
total_time_cplex = 80.44601845741272 
total_time_fusion = 0.0 
heur = false 
heur_time = 0.0 
mixed = false 
mixed2 = false 


size_Y_N = 89
Y_N = [[707.0, 6289.0], [759.0, 6258.0], [768.0, 6039.0], [785.0, 5840.0], [831.0, 5831.0], [836.0, 5813.0], [859.0, 5661.0], [885.0, 5655.0], [890.0, 5637.0], [904.0, 5612.0], [921.0, 5413.0], [999.0, 5360.0], [1076.0, 5329.0], [1154.0, 5276.0], [1248.0, 5268.0], [1407.0, 5146.0], [1453.0, 5137.0], [1458.0, 5119.0], [1481.0, 4967.0], [1507.0, 4961.0], [1512.0, 4943.0], [1534.0, 4938.0], [1543.0, 4719.0], [1621.0, 4666.0], [1644.0, 4629.0], [1699.0, 4562.0], [1844.0, 4529.0], [1854.0, 4478.0], [1999.0, 4445.0], [2056.0, 4338.0], [2134.0, 4285.0], [2157.0, 4248.0], [2173.0, 4160.0], [2247.0, 4047.0], [2319.0, 3968.0], [2321.0, 3868.0], [2436.0, 3864.0], [2466.0, 3835.0], [2489.0, 3798.0], [2646.0, 3751.0], [2760.0, 3666.0], [2832.0, 3587.0], [2834.0, 3487.0], [2949.0, 3409.0], [2993.0, 3355.0], [3023.0, 3296.0], [3084.0, 3198.0], [3097.0, 3117.0], [3212.0, 3113.0], [3258.0, 3108.0], [3281.0, 3071.0], [3462.0, 3028.0], [3502.0, 3010.0], [3531.0, 2953.0], [3536.0, 2915.0], [3597.0, 2817.0], [3610.0, 2736.0], [3725.0, 2732.0], [3736.0, 2700.0], [3741.0, 2682.0], [3769.0, 2604.0], [3842.0, 2592.0], [3879.0, 2517.0], [3889.0, 2390.0], [4004.0, 2386.0], [4249.0, 2319.0], [4254.0, 2301.0], [4307.0, 2202.0], [4392.0, 2136.0], [4402.0, 2009.0], [4517.0, 2005.0], [4646.0, 1988.0], [4675.0, 1931.0], [4699.0, 1922.0], [4728.0, 1865.0], [4973.0, 1828.0], [4983.0, 1701.0], [5098.0, 1697.0], [5146.0, 1677.0], [5159.0, 1607.0], [5188.0, 1550.0], [5212.0, 1541.0], [5241.0, 1484.0], [5419.0, 1464.0], [5607.0, 1448.0], [5740.0, 1299.0], [5769.0, 1242.0], [5793.0, 1233.0], [5822.0, 1176.0]]
