vars = 35 ; constr = 1 
 # informations of B&B algorithm : 
total_times_used = 14.77 
total_nodes = 2273 
pruned_nodes = 1330 
GAP = 0.0 
relaxation_time = 13.88 
test_dominance_time = 0.0 
update_incumbent_time = 0.05 
tree_size = 4.419 
nb_nodes_EPB = 570 
nb_nodes_VB = 1702 
root_relax = true 
TO = false 
rootLBS = 22 
LBSexhaustive = true 
 位_strategy = 0 
 位_min = 0 
 位_max = 0 
位_acc = 0.0 
total_time_cplex = 0.0 
total_time_fusion = 0.0 
heur = false 
heur_time = 0.0 


size_Y_N = 62
Y_N = [[6764.0, 11849.0], [6815.0, 11848.0], [6895.0, 11814.0], [7264.0, 11718.0], [7598.0, 11500.0], [7727.0, 11417.0], [7745.0, 11218.0], [7749.0, 11209.0], [7753.0, 11111.0], [7757.0, 11102.0], [7770.0, 11092.0], [7786.0, 11087.0], [7794.0, 11078.0], [7798.0, 11069.0], [8087.0, 11011.0], [8110.0, 10727.0], [8117.0, 10696.0], [8158.0, 10663.0], [8187.0, 10603.0], [8238.0, 10602.0], [8255.0, 10583.0], [8279.0, 10569.0], [8331.0, 10520.0], [8372.0, 10487.0], [8381.0, 10315.0], [8398.0, 10296.0], [8422.0, 10282.0], [8474.0, 10233.0], [8480.0, 10208.0], [8515.0, 10200.0], [8612.0, 10142.0], [8613.0, 10096.0], [8615.0, 9929.0], [8623.0, 9921.0], [8627.0, 9892.0], [8755.0, 9855.0], [8756.0, 9809.0], [8853.0, 9751.0], [8857.0, 9543.0], [8898.0, 9510.0], [8996.0, 9464.0], [9024.0, 9264.0], [9032.0, 9255.0], [9091.0, 9157.0], [9098.0, 9152.0], [9131.0, 9128.0], [9139.0, 9119.0], [9164.0, 9036.0], [9225.0, 8902.0], [9332.0, 8766.0], [9334.0, 8550.0], [9395.0, 8336.0], [9399.0, 8327.0], [9426.0, 8054.0], [9489.0, 7945.0], [9538.0, 7654.0], [9544.0, 7367.0], [9548.0, 7358.0], [9554.0, 7216.0], [9555.0, 7172.0], [9563.0, 7163.0], [9592.0, 6898.0]]
