vars = 35 ; constr = 1 
 # informations of B&B algorithm : 
total_times_used = 64.83 
total_nodes = 5393 
pruned_nodes = 2697 
GAP = 0.0 
relaxation_time = 62.44 
test_dominance_time = 0.1 
update_incumbent_time = 1.42 
tree_size = 21.162 
nb_nodes_EPB = 0 
nb_nodes_VB = 5392 
root_relax = true 
TO = false 
rootLBS = 20 
LBSexhaustive = true 
 位_strategy = 0 
 位_min = 0 
 位_max = 0 
位_acc = 0.0 
total_time_cplex = 0.0 
total_time_fusion = 0.0 
heur = false 
heur_time = 0.0 


size_Y_N = 70
Y_N = [[6267.0, 10358.0], [6471.0, 10304.0], [6712.0, 10244.0], [6774.0, 10203.0], [6878.0, 10174.0], [7492.0, 10123.0], [7516.0, 10110.0], [7677.0, 10093.0], [8066.0, 10084.0], [8388.0, 9986.0], [8683.0, 9922.0], [8812.0, 9732.0], [9201.0, 9723.0], [9236.0, 9498.0], [9294.0, 9476.0], [9415.0, 9467.0], [9452.0, 9423.0], [9512.0, 9302.0], [9539.0, 9271.0], [9563.0, 9258.0], [9678.0, 9232.0], [9704.0, 9216.0], [9773.0, 9197.0], [9883.0, 9185.0], [9892.0, 8987.0], [9956.0, 8982.0], [10002.0, 8975.0], [10071.0, 8956.0], [10134.0, 8885.0], [10148.0, 8782.0], [10195.0, 8760.0], [10219.0, 8747.0], [10314.0, 8712.0], [10368.0, 8682.0], [10399.0, 8667.0], [10495.0, 8623.0], [10519.0, 8499.0], [10523.0, 8471.0], [10528.0, 8456.0], [10574.0, 8449.0], [10582.0, 8426.0], [10608.0, 8410.0], [10695.0, 8409.0], [10696.0, 8393.0], [10717.0, 8355.0], [10733.0, 8254.0], [10821.0, 8230.0], [10940.0, 8182.0], [10994.0, 8152.0], [11012.0, 7985.0], [11021.0, 7942.0], [11131.0, 7937.0], [11185.0, 7907.0], [11194.0, 7864.0], [11245.0, 7852.0], [11278.0, 7730.0], [11393.0, 7704.0], [11427.0, 7665.0], [11451.0, 7652.0], [11566.0, 7626.0], [11583.0, 7400.0], [11596.0, 7252.0], [11664.0, 7248.0], [11691.0, 7217.0], [11737.0, 7210.0], [11796.0, 6996.0], [11834.0, 6993.0], [11847.0, 6952.0], [12002.0, 6733.0], [12020.0, 5793.0]]
