vars = 200 ; constr = 1 
 # informations of B&B algorithm : 
total_times_used = 300.03 
total_nodes = 22098 
pruned_nodes = 12275 
GAP = 0.0 
relaxation_time = 273.95 
test_dominance_time = 0.4 
update_incumbent_time = 1.25 
tree_size = 61.519 
nb_nodes_EPB = 9289 
nb_nodes_VB = 12808 
root_relax = true 
TO = true 

size_Y_N = 85
Y_N = [[66994.0, 171134.0], [68267.0, 170928.0], [68485.0, 170907.0], [69976.0, 170715.0], [71467.0, 170385.0], [72557.0, 169646.0], [73830.0, 168891.0], [75103.0, 168025.0], [76193.0, 167115.0], [76376.0, 167061.0], [77466.0, 166166.0], [78739.0, 165191.0], [79611.0, 164174.0], [79794.0, 164169.0], [80012.0, 164089.0], [81067.0, 163104.0], [81285.0, 163004.0], [81721.0, 161956.0], [81939.0, 161955.0], [82157.0, 161893.0], [82375.0, 161733.0], [82776.0, 160775.0], [83212.0, 160746.0], [83430.0, 160657.0], [83648.0, 160332.0], [84485.0, 159510.0], [84703.0, 159217.0], [84921.0, 158726.0], [85357.0, 158238.0], [85575.0, 158002.0], [85976.0, 157650.0], [86412.0, 156973.0], [86630.0, 156729.0], [86665.0, 156438.0], [86848.0, 156435.0], [87066.0, 155631.0], [87284.0, 155622.0], [87685.0, 155441.0], [87903.0, 155161.0], [88339.0, 154295.0], [88557.0, 154087.0], [88775.0, 153834.0], [89394.0, 152976.0], [89612.0, 152750.0], [89830.0, 152499.0], [90048.0, 151434.0], [90301.0, 151397.0], [90484.0, 151371.0], [90885.0, 151076.0], [91103.0, 150213.0], [91321.0, 150130.0], [91539.0, 149958.0], [91574.0, 149713.0], [91757.0, 149699.0], [92193.0, 148575.0], [92376.0, 148514.0], [92594.0, 148407.0], [92812.0, 148274.0], [93466.0, 147005.0], [93684.0, 146821.0], [94521.0, 145475.0], [94739.0, 145366.0], [94957.0, 144070.0], [95611.0, 143809.0], [95794.0, 143750.0], [96012.0, 142436.0], [96047.0, 142412.0], [96230.0, 142386.0], [96448.0, 142193.0], [96666.0, 141983.0], [96701.0, 140883.0], [96884.0, 140836.0], [97285.0, 140815.0], [97320.0, 140600.0], [97503.0, 140586.0], [97721.0, 140281.0], [97939.0, 139372.0], [98157.0, 139171.0], [98375.0, 138951.0], [99029.0, 137536.0], [99212.0, 137477.0], [99648.0, 135992.0], [99866.0, 134563.0], [99901.0, 132635.0], [100119.0, 132301.0]]

size_X_E = 85
