vars = 500 ; constr = 1 
 # informations of B&B algorithm : 
total_times_used = 300.13 
total_nodes = 6558 
pruned_nodes = 2052 
GAP = 0.0 
relaxation_time = 290.04 
test_dominance_time = 0.03 
update_incumbent_time = 0.22 
tree_size = 40.869 
nb_nodes_EPB = 2693 
nb_nodes_VB = 3864 
root_relax = true 
TO = true 

size_Y_N = 51
Y_N = [[41121.0, 206842.0], [41178.0, 206296.0], [41194.0, 206115.0], [41232.0, 205887.0], [41267.0, 205816.0], [41286.0, 204936.0], [41302.0, 204932.0], [41337.0, 203843.0], [41340.0, 203835.0], [41359.0, 203802.0], [41413.0, 202974.0], [41448.0, 201654.0], [41467.0, 201530.0], [41521.0, 199916.0], [41540.0, 199768.0], [41594.0, 198230.0], [41629.0, 196332.0], [41648.0, 196155.0], [41664.0, 194264.0], [41683.0, 194154.0], [41721.0, 192726.0], [41737.0, 190724.0], [41756.0, 190519.0], [41775.0, 190380.0], [41791.0, 185851.0], [41810.0, 185571.0], [41829.0, 184485.0], [41845.0, 181216.0], [41864.0, 180965.0], [41883.0, 179825.0], [41902.0, 179676.0], [41918.0, 176239.0], [41937.0, 174927.0], [41956.0, 174801.0], [41991.0, 169874.0], [42010.0, 169743.0], [42026.0, 164444.0], [42045.0, 164317.0], [42064.0, 164221.0], [42083.0, 163217.0], [42099.0, 160119.0], [42118.0, 159085.0], [42137.0, 157580.0], [42153.0, 155503.0], [42191.0, 153901.0], [42207.0, 137176.0], [42226.0, 136094.0], [42245.0, 134611.0], [42264.0, 133286.0], [42299.0, 122061.0], [42318.0, 115741.0]]

size_X_E = 51
