vars = 200 ; constr = 1 
 # informations of B&B algorithm : 
total_times_used = 300.03 
total_nodes = 19324 
pruned_nodes = 9148 
GAP = 0.0 
relaxation_time = 271.04 
test_dominance_time = 1.07 
update_incumbent_time = 1.54 
tree_size = 48.357 
nb_nodes_EPB = 5435 
nb_nodes_VB = 13888 
root_relax = true 
TO = true 

size_Y_N = 90
Y_N = [[12686.0, 77827.0], [14968.0, 77787.0], [15718.0, 77556.0], [15801.0, 77554.0], [15951.0, 77507.0], [17017.0, 77338.0], [18083.0, 77084.0], [19066.0, 76722.0], [19982.0, 76315.0], [20132.0, 76286.0], [21115.0, 75842.0], [21198.0, 75837.0], [22264.0, 75359.0], [23247.0, 74825.0], [24313.0, 74274.0], [24996.0, 73708.0], [25379.0, 73685.0], [26062.0, 73135.0], [26212.0, 73080.0], [26745.0, 72519.0], [27045.0, 72518.0], [27728.0, 71952.0], [27811.0, 71950.0], [27961.0, 71910.0], [28711.0, 71308.0], [28794.0, 71304.0], [29710.0, 70685.0], [30393.0, 70021.0], [30543.0, 70005.0], [31376.0, 69337.0], [32292.0, 68647.0], [33125.0, 67957.0], [33808.0, 67248.0], [33875.0, 67216.0], [34041.0, 67206.0], [34491.0, 66524.0], [34724.0, 66509.0], [34874.0, 66484.0], [35407.0, 65785.0], [35707.0, 65728.0], [35790.0, 65725.0], [36240.0, 65031.0], [36623.0, 64984.0], [36773.0, 64303.0], [36923.0, 64286.0], [37156.0, 64254.0], [37306.0, 64246.0], [37456.0, 63545.0], [37606.0, 63533.0], [37839.0, 63520.0], [37989.0, 63499.0], [38522.0, 62775.0], [38672.0, 62737.0], [39205.0, 62016.0], [39272.0, 61982.0], [39355.0, 61969.0], [39738.0, 61256.0], [39888.0, 61247.0], [40038.0, 61200.0], [40121.0, 61189.0], [40421.0, 60476.0], [40571.0, 60468.0], [40721.0, 60425.0], [40804.0, 60416.0], [41104.0, 59685.0], [41337.0, 59672.0], [41487.0, 59637.0], [41637.0, 58875.0], [41854.0, 58873.0], [42087.0, 58859.0], [42170.0, 58850.0], [42620.0, 58072.0], [42703.0, 58063.0], [42853.0, 58059.0], [43386.0, 57270.0], [43536.0, 57240.0], [43919.0, 56479.0], [44136.0, 56456.0], [44219.0, 56447.0], [44369.0, 55671.0], [44669.0, 55653.0], [44902.0, 55651.0], [45435.0, 54861.0], [45668.0, 54840.0], [45818.0, 53998.0], [45885.0, 53549.0], [45968.0, 53441.0], [46035.0, 53294.0], [46118.0, 53249.0], [46185.0, 48084.0]]

size_X_E = 90
