vars = 500 ; constr = 1 
 # informations of B&B algorithm : 
total_times_used = 300.27 
total_nodes = 4919 
pruned_nodes = 1723 
GAP = 0.0 
relaxation_time = 199.38 
test_dominance_time = 16.88 
update_incumbent_time = 3.89 
tree_size = 35.021 
nb_nodes_EPB = 4312 
nb_nodes_VB = 606 
root_relax = true 
TO = true 

size_Y_N = 476
Y_N = [[131286.0, 587832.0], [131709.0, 587361.0], [131829.0, 587088.0], [132073.0, 586948.0], [132252.0, 586723.0], [132555.0, 586147.0], [132919.0, 585787.0], [132978.0, 585490.0], [133220.0, 585209.0], [134247.0, 585207.0], [134670.0, 584688.0], [135093.0, 584008.0], [135516.0, 583288.0], [135577.0, 583265.0], [135638.0, 582993.0], [136000.0, 582577.0], [136061.0, 582168.0], [136181.0, 582148.0], [136484.0, 581432.0], [136604.0, 581326.0], [136665.0, 581182.0], [137027.0, 580741.0], [137088.0, 580429.0], [137450.0, 579853.0], [137572.0, 579565.0], [137692.0, 579064.0], [137995.0, 578839.0], [138115.0, 578757.0], [138176.0, 578429.0], [138357.0, 578124.0], [138599.0, 577703.0], [139022.0, 576777.0], [139083.0, 576432.0], [139264.0, 575943.0], [139506.0, 575659.0], [139626.0, 575479.0], [139687.0, 574864.0], [140110.0, 574422.0], [140171.0, 573792.0], [140594.0, 573286.0], [140714.0, 573167.0], [141137.0, 572066.0], [141198.0, 571525.0], [141259.0, 571418.0], [141621.0, 571143.0], [141682.0, 570877.0], [141802.0, 570329.0], [142105.0, 569918.0], [142225.0, 569874.0], [142286.0, 569231.0], [142347.0, 568658.0], [142709.0, 568638.0], [142890.0, 568105.0], [143132.0, 567561.0], [143193.0, 567387.0], [143313.0, 567195.0], [143736.0, 566288.0], [143797.0, 566010.0], [143858.0, 565233.0], [144159.0, 565138.0], [144220.0, 565002.0], [144401.0, 564265.0], [144704.0, 563735.0], [144824.0, 563609.0], [145247.0, 562527.0], [145489.0, 561768.0], [145611.0, 561232.0], [145912.0, 560625.0], [146034.0, 560313.0], [146154.0, 560160.0], [146457.0, 559181.0], [146638.0, 558869.0], [146758.0, 558677.0], [146880.0, 557985.0], [147061.0, 557792.0], [147122.0, 557132.0], [147303.0, 556674.0], [147484.0, 556607.0], [147545.0, 556365.0], [147665.0, 556230.0], [147907.0, 555339.0], [147968.0, 555235.0], [148088.0, 555027.0], [148149.0, 554447.0], [148330.0, 554210.0], [148511.0, 553889.0], [148572.0, 553093.0], [148753.0, 553018.0], [148814.0, 552849.0], [148934.0, 552767.0], [148995.0, 552446.0], [149357.0, 551577.0], [149418.0, 551305.0], [149479.0, 550698.0], [149721.0, 550243.0], [149841.0, 550120.0], [149902.0, 549875.0], [150022.0, 549389.0], [150325.0, 548690.0], [150445.0, 548571.0], [150748.0, 547444.0], [150809.0, 546737.0], [150990.0, 546502.0], [151110.0, 546381.0], [151171.0, 546214.0], [151352.0, 545662.0], [151533.0, 545255.0], [151655.0, 544758.0], [152078.0, 543559.0], [152198.0, 543405.0], [152501.0, 542282.0], [152621.0, 542188.0], [152682.0, 540841.0], [152743.0, 540738.0], [153105.0, 540603.0], [153286.0, 539786.0], [153408.0, 539530.0], [153770.0, 538245.0], [153951.0, 538148.0], [154132.0, 537203.0], [154374.0, 536591.0], [154435.0, 536521.0], [154797.0, 535496.0], [154858.0, 535246.0], [154919.0, 534587.0], [155100.0, 534272.0], [155281.0, 533920.0], [155643.0, 532665.0], [155704.0, 532659.0], [155765.0, 531886.0], [156127.0, 531378.0], [156188.0, 530510.0], [156430.0, 529994.0], [156550.0, 529980.0], [156973.0, 528717.0], [157034.0, 528283.0], [157154.0, 527765.0], [157215.0, 527320.0], [157457.0, 527080.0], [157638.0, 526445.0], [157880.0, 525724.0], [158061.0, 524434.0], [158122.0, 524362.0], [158303.0, 524349.0], [158364.0, 523933.0], [158484.0, 523857.0], [158726.0, 522941.0], [158787.0, 522700.0], [158907.0, 522514.0], [159330.0, 521195.0], [159391.0, 520339.0], [159753.0, 519816.0], [159814.0, 519354.0], [159995.0, 518655.0], [160117.0, 517929.0], [160237.0, 517188.0], [160479.0, 517122.0], [160540.0, 516882.0], [160660.0, 516607.0], [160902.0, 515726.0], [160963.0, 515498.0], [161083.0, 515333.0], [161144.0, 514814.0], [161506.0, 513949.0], [161567.0, 513063.0], [161748.0, 512942.0], [161929.0, 512556.0], [161990.0, 511499.0], [162352.0, 511105.0], [162413.0, 510779.0], [162655.0, 509676.0], [162836.0, 509394.0], [163078.0, 508396.0], [163320.0, 506773.0], [163501.0, 506744.0], [163562.0, 506629.0], [163682.0, 506069.0], [163743.0, 505812.0], [163985.0, 505151.0], [164166.0, 504479.0], [164227.0, 504127.0], [164347.0, 504043.0], [164650.0, 502730.0], [164770.0, 502533.0], [165012.0, 501374.0], [165073.0, 501115.0], [165193.0, 501048.0], [165315.0, 499972.0], [165496.0, 499739.0], [165616.0, 499538.0], [165858.0, 498597.0], [165919.0, 498085.0], [166039.0, 498018.0], [166161.0, 497227.0], [166281.0, 496790.0], [166584.0, 495742.0], [166765.0, 494251.0], [167007.0, 494219.0], [167127.0, 493770.0], [167188.0, 492802.0], [167249.0, 492569.0], [167369.0, 492382.0], [167611.0, 491599.0], [167792.0, 491512.0], [168095.0, 490108.0], [168215.0, 489964.0], [168457.0, 488796.0], [168518.0, 488268.0], [168880.0, 487136.0], [168941.0, 487010.0], [169002.0, 485653.0], [169122.0, 485496.0], [169183.0, 485304.0], [169303.0, 485079.0], [169425.0, 484460.0], [169545.0, 484409.0], [169606.0, 484130.0], [169787.0, 482847.0], [170029.0, 482820.0], [170210.0, 481753.0], [170271.0, 481393.0], [170391.0, 480722.0], [170633.0, 479920.0], [170814.0, 479909.0], [170875.0, 478364.0], [171237.0, 478269.0], [171298.0, 477262.0], [171359.0, 477094.0], [171479.0, 476781.0], [171540.0, 475802.0], [171601.0, 475475.0], [171721.0, 475377.0], [171963.0, 475108.0], [172144.0, 474062.0], [172325.0, 472796.0], [172386.0, 472221.0], [172447.0, 472171.0], [172628.0, 472170.0], [172748.0, 472035.0], [172870.0, 470512.0], [173232.0, 468926.0], [173293.0, 468465.0], [173474.0, 467759.0], [173655.0, 467246.0], [173836.0, 466321.0], [174078.0, 465923.0], [174139.0, 464563.0], [174320.0, 464149.0], [174562.0, 463394.0], [174743.0, 462819.0], [174924.0, 461925.0], [174985.0, 461013.0], [175227.0, 459773.0], [175347.0, 459713.0], [175469.0, 458514.0], [175589.0, 458441.0], [175650.0, 457474.0], [175831.0, 457149.0], [176012.0, 456971.0], [176073.0, 455748.0], [176254.0, 455290.0], [176315.0, 454434.0], [176496.0, 453605.0], [176557.0, 453604.0], [176738.0, 453058.0], [176919.0, 452494.0], [176980.0, 451367.0], [177100.0, 450869.0], [177222.0, 450811.0], [177342.0, 450070.0], [177523.0, 449758.0], [177584.0, 449341.0], [177645.0, 448530.0], [177946.0, 447860.0], [178007.0, 447033.0], [178068.0, 446237.0], [178188.0, 446195.0], [178249.0, 445369.0], [178430.0, 444346.0], [178853.0, 443379.0], [179034.0, 442064.0], [179156.0, 440607.0], [179398.0, 440337.0], [179518.0, 439085.0], [179699.0, 439015.0], [179760.0, 437559.0], [180122.0, 437286.0], [180364.0, 435916.0], [180606.0, 434015.0], [180787.0, 432768.0], [180848.0, 432765.0], [181029.0, 432669.0], [181210.0, 431403.0], [181452.0, 429637.0], [181633.0, 429631.0], [181694.0, 428390.0], [181875.0, 427997.0], [182117.0, 426584.0], [182178.0, 426414.0], [182359.0, 425102.0], [182540.0, 424818.0], [182782.0, 423007.0], [182963.0, 421718.0], [183144.0, 421717.0], [183205.0, 421254.0], [183266.0, 419991.0], [183447.0, 419634.0], [183628.0, 418654.0], [183809.0, 418317.0], [183870.0, 417124.0], [184051.0, 416780.0], [184112.0, 415389.0], [184232.0, 415214.0], [184474.0, 414858.0], [184596.0, 413471.0], [184716.0, 413123.0], [184897.0, 412083.0], [185139.0, 410565.0], [185320.0, 410135.0], [185381.0, 409003.0], [185562.0, 408205.0], [185804.0, 407067.0], [186046.0, 405535.0], [186227.0, 404216.0], [186408.0, 403192.0], [186469.0, 402387.0], [186650.0, 402290.0], [186831.0, 401017.0], [186892.0, 400682.0], [187073.0, 399419.0], [187134.0, 399165.0], [187195.0, 397662.0], [187376.0, 397619.0], [187496.0, 396336.0], [187557.0, 395299.0], [187919.0, 394560.0], [187980.0, 392945.0], [188161.0, 392934.0], [188222.0, 391145.0], [188403.0, 391117.0], [188464.0, 389793.0], [188645.0, 389620.0], [188826.0, 388079.0], [189007.0, 387668.0], [189129.0, 385936.0], [189249.0, 385630.0], [189430.0, 384353.0], [189491.0, 383927.0], [189672.0, 382529.0], [189733.0, 381053.0], [189914.0, 380960.0], [190095.0, 379477.0], [190217.0, 379068.0], [190518.0, 377748.0], [190579.0, 376398.0], [190760.0, 376048.0], [190941.0, 374569.0], [191002.0, 374307.0], [191244.0, 372594.0], [191425.0, 371144.0], [191486.0, 369695.0], [191667.0, 368897.0], [191728.0, 368593.0], [191848.0, 367599.0], [192029.0, 367026.0], [192090.0, 365839.0], [192271.0, 364381.0], [192332.0, 363327.0], [192393.0, 361593.0], [192694.0, 361367.0], [192755.0, 361247.0], [192936.0, 359756.0], [192997.0, 359007.0], [193117.0, 357723.0], [193178.0, 357502.0], [193359.0, 356511.0], [193420.0, 355279.0], [193601.0, 354269.0], [193782.0, 352867.0], [193843.0, 352502.0], [194024.0, 350932.0], [194205.0, 349900.0], [194266.0, 349215.0], [194327.0, 348228.0], [194447.0, 348133.0], [194628.0, 346548.0], [194870.0, 344823.0], [195112.0, 342564.0], [195293.0, 341458.0], [195415.0, 338322.0], [195716.0, 338129.0], [195838.0, 336425.0], [195958.0, 335854.0], [196019.0, 334475.0], [196139.0, 334193.0], [196261.0, 333026.0], [196381.0, 331467.0], [196503.0, 330780.0], [196623.0, 329700.0], [196684.0, 329576.0], [196804.0, 329047.0], [196865.0, 327229.0], [196926.0, 326195.0], [197107.0, 326163.0], [197227.0, 325626.0], [197288.0, 324474.0], [197349.0, 323863.0], [197530.0, 322591.0], [197591.0, 320655.0], [197711.0, 320475.0], [197772.0, 320277.0], [197892.0, 319306.0], [197953.0, 318687.0], [198134.0, 316994.0], [198315.0, 315302.0], [198376.0, 313678.0], [198557.0, 312483.0], [198618.0, 311210.0], [198738.0, 310772.0], [198799.0, 310179.0], [198980.0, 308462.0], [199041.0, 305696.0], [199102.0, 305545.0], [199222.0, 305038.0], [199283.0, 303886.0], [199403.0, 303264.0], [199525.0, 301572.0], [199645.0, 300367.0], [199706.0, 299811.0], [199826.0, 298592.0], [199887.0, 298045.0], [200068.0, 296278.0], [200129.0, 293858.0], [200190.0, 293355.0], [200310.0, 292849.0], [200371.0, 291568.0], [200491.0, 291047.0], [200552.0, 289242.0], [200613.0, 288410.0], [200733.0, 286470.0], [200914.0, 285763.0], [200975.0, 282429.0], [201036.0, 281275.0], [201156.0, 280651.0], [201337.0, 278870.0], [201398.0, 274355.0], [201579.0, 273638.0], [201640.0, 271144.0], [201701.0, 270132.0], [201821.0, 268476.0], [201882.0, 268435.0], [202002.0, 266686.0], [202063.0, 264879.0], [202244.0, 263131.0], [202425.0, 258536.0], [202486.0, 256750.0], [202547.0, 255990.0], [202667.0, 254369.0], [202728.0, 254293.0], [202789.0, 252506.0], [202909.0, 250713.0], [202970.0, 247124.0], [203090.0, 245332.0], [203151.0, 238924.0], [203332.0, 235381.0], [203393.0, 231134.0], [203513.0, 229412.0], [203574.0, 227505.0], [203635.0, 223925.0], [203755.0, 222132.0], [203816.0, 218551.0], [203936.0, 216758.0], [203997.0, 213169.0], [204058.0, 208097.0], [204178.0, 207797.0], [204239.0, 203381.0]]

size_X_E = 476
