vars = 500 ; constr = 1 
 # informations of B&B algorithm : 
total_times_used = 300.03 
total_nodes = 9173 
pruned_nodes = 4763 
GAP = 0.0 
relaxation_time = 284.99 
test_dominance_time = 0.07 
update_incumbent_time = 0.43 
tree_size = 33.894 
nb_nodes_EPB = 3916 
nb_nodes_VB = 5256 
root_relax = true 
TO = true 

size_Y_N = 61
Y_N = [[79690.0, 406696.0], [79747.0, 406691.0], [79804.0, 406668.0], [79861.0, 406637.0], [79975.0, 406460.0], [80032.0, 406343.0], [80089.0, 406230.0], [80146.0, 406025.0], [80203.0, 405816.0], [80260.0, 405592.0], [80317.0, 405360.0], [80374.0, 405113.0], [80412.0, 404170.0], [80450.0, 404130.0], [80488.0, 403734.0], [80564.0, 402636.0], [80602.0, 402274.0], [80640.0, 401493.0], [80678.0, 401223.0], [80754.0, 400035.0], [80792.0, 399652.0], [80830.0, 398488.0], [80868.0, 398318.0], [80906.0, 397846.0], [80944.0, 396682.0], [80982.0, 396549.0], [81020.0, 394874.0], [81058.0, 394858.0], [81096.0, 394442.0], [81115.0, 392891.0], [81172.0, 392749.0], [81210.0, 392137.0], [81229.0, 390806.0], [81248.0, 390713.0], [81286.0, 390503.0], [81305.0, 388841.0], [81324.0, 387265.0], [81343.0, 387257.0], [81362.0, 385809.0], [81381.0, 384284.0], [81400.0, 383957.0], [81419.0, 382512.0], [81438.0, 381003.0], [81457.0, 380620.0], [81476.0, 379214.0], [81495.0, 377664.0], [81514.0, 376023.0], [81533.0, 375849.0], [81552.0, 374283.0], [81571.0, 372513.0], [81590.0, 372446.0], [81609.0, 370772.0], [81628.0, 369179.0], [81647.0, 368975.0], [81666.0, 367371.0], [81685.0, 365654.0], [81704.0, 363966.0], [81723.0, 363871.0], [81742.0, 362177.0], [81761.0, 360452.0], [81780.0, 360269.0]]

size_X_E = 61
