vars = 500 ; constr = 1 
 # informations of B&B algorithm : 
total_times_used = 300.05 
total_nodes = 5390 
pruned_nodes = 1349 
GAP = 0.0 
relaxation_time = 262.71 
test_dominance_time = 2.58 
update_incumbent_time = 1.63 
tree_size = 41.557 
nb_nodes_EPB = 3555 
nb_nodes_VB = 1834 
root_relax = true 
TO = true 

size_Y_N = 222
Y_N = [[72498.0, 635986.0], [72606.0, 634101.0], [72712.0, 633743.0], [72734.0, 633730.0], [72754.0, 632034.0], [72820.0, 631970.0], [72948.0, 631580.0], [72970.0, 631552.0], [73012.0, 630825.0], [73034.0, 630797.0], [73098.0, 629876.0], [73248.0, 629426.0], [73312.0, 627700.0], [73376.0, 627552.0], [73526.0, 625458.0], [73590.0, 625402.0], [73654.0, 624538.0], [73718.0, 623056.0], [73782.0, 623051.0], [73868.0, 622802.0], [73932.0, 620713.0], [74060.0, 620590.0], [74124.0, 618582.0], [74210.0, 618185.0], [74338.0, 616374.0], [74402.0, 615853.0], [74466.0, 614925.0], [74552.0, 613465.0], [74680.0, 612961.0], [74744.0, 610916.0], [74808.0, 610066.0], [74894.0, 608806.0], [75022.0, 608230.0], [75086.0, 605980.0], [75150.0, 604758.0], [75236.0, 604083.0], [75364.0, 603407.0], [75428.0, 601271.0], [75492.0, 599865.0], [75578.0, 599065.0], [75706.0, 597335.0], [75770.0, 596884.0], [75856.0, 595227.0], [75920.0, 592998.0], [75984.0, 592560.0], [76048.0, 592384.0], [76198.0, 590287.0], [76326.0, 587823.0], [76390.0, 587409.0], [76454.0, 585695.0], [76540.0, 584279.0], [76604.0, 581930.0], [76732.0, 581573.0], [76796.0, 580451.0], [76882.0, 579030.0], [76946.0, 578461.0], [77010.0, 576060.0], [77074.0, 575629.0], [77138.0, 574659.0], [77224.0, 573757.0], [77288.0, 573313.0], [77352.0, 571435.0], [77416.0, 569259.0], [77566.0, 568636.0], [77630.0, 567183.0], [77694.0, 565407.0], [77758.0, 563750.0], [77908.0, 562085.0], [77972.0, 561737.0], [78036.0, 560106.0], [78100.0, 558145.0], [78186.0, 556405.0], [78250.0, 556350.0], [78314.0, 555187.0], [78378.0, 553679.0], [78442.0, 551805.0], [78528.0, 551545.0], [78592.0, 550024.0], [78720.0, 548273.0], [78784.0, 546559.0], [78870.0, 545087.0], [78934.0, 543175.0], [78998.0, 542154.0], [79062.0, 540751.0], [79126.0, 539948.0], [79212.0, 539722.0], [79276.0, 538023.0], [79340.0, 535307.0], [79404.0, 534702.0], [79468.0, 534526.0], [79554.0, 532968.0], [79618.0, 531224.0], [79682.0, 529277.0], [79746.0, 528466.0], [79810.0, 527669.0], [79896.0, 526080.0], [79960.0, 525818.0], [80024.0, 523585.0], [80088.0, 521645.0], [80152.0, 520736.0], [80238.0, 520591.0], [80302.0, 518835.0], [80366.0, 515681.0], [80516.0, 515244.0], [80580.0, 513658.0], [80644.0, 511990.0], [80708.0, 511564.0], [80772.0, 509409.0], [80858.0, 507249.0], [80922.0, 505691.0], [80986.0, 505012.0], [81050.0, 504631.0], [81114.0, 502066.0], [81200.0, 500497.0], [81264.0, 497964.0], [81328.0, 497951.0], [81392.0, 495951.0], [81456.0, 495716.0], [81542.0, 493264.0], [81606.0, 492053.0], [81670.0, 490837.0], [81734.0, 488865.0], [81884.0, 486978.0], [81948.0, 484833.0], [82012.0, 483228.0], [82076.0, 481945.0], [82226.0, 480014.0], [82290.0, 477598.0], [82354.0, 475871.0], [82418.0, 474282.0], [82482.0, 472839.0], [82568.0, 471209.0], [82632.0, 470692.0], [82696.0, 468178.0], [82760.0, 467367.0], [82846.0, 465713.0], [82910.0, 463955.0], [82974.0, 461840.0], [83038.0, 460084.0], [83102.0, 457319.0], [83188.0, 456770.0], [83252.0, 455006.0], [83316.0, 452929.0], [83380.0, 450965.0], [83444.0, 448890.0], [83530.0, 447437.0], [83594.0, 445932.0], [83658.0, 443848.0], [83722.0, 442018.0], [83786.0, 440082.0], [83872.0, 438599.0], [83936.0, 436511.0], [84000.0, 434861.0], [84064.0, 432950.0], [84214.0, 431183.0], [84278.0, 429309.0], [84342.0, 427233.0], [84406.0, 425631.0], [84470.0, 423754.0], [84556.0, 421955.0], [84620.0, 420067.0], [84684.0, 416287.0], [84748.0, 414460.0], [84812.0, 412766.0], [84898.0, 411076.0], [84962.0, 409199.0], [85026.0, 407313.0], [85090.0, 403573.0], [85176.0, 400795.0], [85240.0, 400045.0], [85304.0, 398188.0], [85368.0, 396205.0], [85432.0, 394425.0], [85518.0, 392545.0], [85582.0, 388627.0], [85646.0, 386712.0], [85710.0, 385196.0], [85774.0, 383318.0], [85860.0, 381438.0], [85924.0, 379509.0], [85988.0, 375635.0], [86052.0, 372717.0], [86116.0, 372068.0], [86202.0, 368489.0], [86266.0, 366563.0], [86330.0, 362715.0], [86394.0, 360665.0], [86458.0, 356375.0], [86544.0, 355389.0], [86608.0, 353528.0], [86672.0, 349778.0], [86736.0, 347831.0], [86800.0, 344006.0], [86886.0, 341865.0], [86950.0, 337356.0], [87014.0, 336488.0], [87078.0, 332725.0], [87142.0, 330806.0], [87228.0, 327006.0], [87292.0, 321857.0], [87356.0, 318102.0], [87420.0, 315749.0], [87506.0, 313898.0], [87570.0, 310101.0], [87634.0, 306007.0], [87698.0, 302177.0], [87762.0, 298327.0], [87848.0, 294878.0], [87912.0, 291085.0], [87976.0, 287240.0], [88040.0, 281463.0], [88104.0, 275671.0], [88190.0, 269769.0], [88254.0, 262834.0], [88318.0, 258410.0], [88382.0, 252653.0], [88446.0, 244793.0], [88532.0, 242947.0], [88596.0, 234909.0], [88660.0, 223491.0], [88724.0, 210319.0], [88788.0, 132962.0]]

size_X_E = 222
