vars = 500 ; constr = 1 
 # informations of B&B algorithm : 
total_times_used = 300.16 
total_nodes = 6654 
pruned_nodes = 3821 
GAP = 0.0 
relaxation_time = 197.42 
test_dominance_time = 19.24 
update_incumbent_time = 3.55 
tree_size = 32.97 
nb_nodes_EPB = 5559 
nb_nodes_VB = 1094 
root_relax = true 
TO = true 

size_Y_N = 375
Y_N = [[87659.0, 616735.0], [89796.0, 616620.0], [90339.0, 616181.0], [91679.0, 614685.0], [92349.0, 613894.0], [92476.0, 612929.0], [92765.0, 612650.0], [92892.0, 612375.0], [93146.0, 611941.0], [93435.0, 611801.0], [93689.0, 611556.0], [93816.0, 611067.0], [94359.0, 611049.0], [94486.0, 610184.0], [95699.0, 610003.0], [96369.0, 609087.0], [97039.0, 608128.0], [97709.0, 607102.0], [98379.0, 606065.0], [98541.0, 605969.0], [99049.0, 605006.0], [99211.0, 604932.0], [99881.0, 603873.0], [100551.0, 602766.0], [100678.0, 602503.0], [100805.0, 602080.0], [101348.0, 601415.0], [102018.0, 600217.0], [102815.0, 598761.0], [102977.0, 597647.0], [103485.0, 597549.0], [103647.0, 597480.0], [104317.0, 596268.0], [104987.0, 595041.0], [105657.0, 593782.0], [105784.0, 593520.0], [105911.0, 592363.0], [106454.0, 592290.0], [107124.0, 590990.0], [107794.0, 589678.0], [108464.0, 588148.0], [108591.0, 587486.0], [109007.0, 587206.0], [109134.0, 586960.0], [109261.0, 586184.0], [109677.0, 585887.0], [109931.0, 584870.0], [110220.0, 584713.0], [110347.0, 584589.0], [110763.0, 583382.0], [111144.0, 583004.0], [111306.0, 582944.0], [111814.0, 581690.0], [111976.0, 580586.0], [112646.0, 580265.0], [113316.0, 578842.0], [113986.0, 577371.0], [114529.0, 576218.0], [114656.0, 576032.0], [115326.0, 574641.0], [115996.0, 573172.0], [116250.0, 571942.0], [116666.0, 571281.0], [116793.0, 570752.0], [117082.0, 570649.0], [117336.0, 570143.0], [117463.0, 569262.0], [117590.0, 569199.0], [117879.0, 568989.0], [118006.0, 567906.0], [118422.0, 567248.0], [118676.0, 567221.0], [119346.0, 565706.0], [119635.0, 564794.0], [120016.0, 563861.0], [120432.0, 563121.0], [120686.0, 562346.0], [121102.0, 561731.0], [121229.0, 561439.0], [121356.0, 560809.0], [121899.0, 559895.0], [122188.0, 559108.0], [122569.0, 558319.0], [122858.0, 557316.0], [123112.0, 556617.0], [123239.0, 556529.0], [123655.0, 555802.0], [123782.0, 555504.0], [123909.0, 554953.0], [124325.0, 554237.0], [124452.0, 553949.0], [124579.0, 552941.0], [124995.0, 552644.0], [125122.0, 552082.0], [125538.0, 550948.0], [125665.0, 550891.0], [125792.0, 550068.0], [126335.0, 549213.0], [126751.0, 548265.0], [126878.0, 547831.0], [127005.0, 547544.0], [127132.0, 546437.0], [127421.0, 546421.0], [127548.0, 546129.0], [127675.0, 544725.0], [128218.0, 544553.0], [128472.0, 543478.0], [128761.0, 543104.0], [129304.0, 541825.0], [129431.0, 541430.0], [129558.0, 540037.0], [129974.0, 539753.0], [130228.0, 538744.0], [130355.0, 538323.0], [130644.0, 538315.0], [130771.0, 537150.0], [131025.0, 536969.0], [131187.0, 536588.0], [131314.0, 535347.0], [131568.0, 535224.0], [131695.0, 534499.0], [131857.0, 534466.0], [131984.0, 533904.0], [132111.0, 533544.0], [132238.0, 533493.0], [132365.0, 533445.0], [132654.0, 532235.0], [132781.0, 531869.0], [133070.0, 531840.0], [133197.0, 530590.0], [133324.0, 530498.0], [133451.0, 530365.0], [133578.0, 530034.0], [133867.0, 528915.0], [133994.0, 528735.0], [134121.0, 528261.0], [134410.0, 527336.0], [134537.0, 527193.0], [134664.0, 526954.0], [134791.0, 526801.0], [135080.0, 525573.0], [135334.0, 524628.0], [135750.0, 523801.0], [135877.0, 523629.0], [136293.0, 522205.0], [136963.0, 520402.0], [137217.0, 518770.0], [137471.0, 518651.0], [137633.0, 517276.0], [137760.0, 517194.0], [138014.0, 516991.0], [138303.0, 515615.0], [138557.0, 515384.0], [138846.0, 513297.0], [139100.0, 512909.0], [139354.0, 512137.0], [139643.0, 512008.0], [139897.0, 510349.0], [140186.0, 510239.0], [140440.0, 508680.0], [140567.0, 508405.0], [140856.0, 507147.0], [140983.0, 507060.0], [141110.0, 506882.0], [141399.0, 505404.0], [141653.0, 505182.0], [141780.0, 503732.0], [142069.0, 503182.0], [142196.0, 502172.0], [142323.0, 501953.0], [142450.0, 501907.0], [142739.0, 500411.0], [142866.0, 500382.0], [143120.0, 498729.0], [143409.0, 498654.0], [143536.0, 497064.0], [143790.0, 496956.0], [143952.0, 496235.0], [144079.0, 495345.0], [144206.0, 495053.0], [144333.0, 494466.0], [144460.0, 493618.0], [144749.0, 493552.0], [145130.0, 491672.0], [145292.0, 491501.0], [145419.0, 490190.0], [145673.0, 489747.0], [145800.0, 488436.0], [146089.0, 488409.0], [146343.0, 486680.0], [146505.0, 486657.0], [146632.0, 486470.0], [146759.0, 484953.0], [147013.0, 484878.0], [147175.0, 483235.0], [147429.0, 483146.0], [147845.0, 481364.0], [147972.0, 481350.0], [148099.0, 479695.0], [148226.0, 479675.0], [148353.0, 479301.0], [148515.0, 477932.0], [148769.0, 477886.0], [149185.0, 476167.0], [149312.0, 476031.0], [149728.0, 474638.0], [149855.0, 472688.0], [149982.0, 472627.0], [150109.0, 471755.0], [150236.0, 470898.0], [150525.0, 470740.0], [150779.0, 469400.0], [151195.0, 467378.0], [151322.0, 465593.0], [151576.0, 465471.0], [151992.0, 463722.0], [152281.0, 461957.0], [152408.0, 461948.0], [152662.0, 460241.0], [153078.0, 458459.0], [153332.0, 456638.0], [153459.0, 456446.0], [153748.0, 454865.0], [153875.0, 454604.0], [154129.0, 452996.0], [154291.0, 452935.0], [154418.0, 451226.0], [154545.0, 451162.0], [154834.0, 449431.0], [154961.0, 449256.0], [155215.0, 447488.0], [155342.0, 447102.0], [155758.0, 445581.0], [156174.0, 443720.0], [156301.0, 442047.0], [156428.0, 441872.0], [156555.0, 440287.0], [156844.0, 440284.0], [156971.0, 438394.0], [157098.0, 437452.0], [157225.0, 436565.0], [157387.0, 436400.0], [157514.0, 435854.0], [157768.0, 434567.0], [158057.0, 432837.0], [158311.0, 431007.0], [158727.0, 429149.0], [158981.0, 427328.0], [159235.0, 425349.0], [159397.0, 423791.0], [159524.0, 422848.0], [159778.0, 421832.0], [160067.0, 420115.0], [160194.0, 419976.0], [160448.0, 418133.0], [160610.0, 416454.0], [160737.0, 416276.0], [160991.0, 414537.0], [161118.0, 412536.0], [161280.0, 411805.0], [161407.0, 411660.0], [161661.0, 410808.0], [161950.0, 409011.0], [162204.0, 407140.0], [162458.0, 405270.0], [162620.0, 405263.0], [162874.0, 403402.0], [163163.0, 401559.0], [163417.0, 399612.0], [163544.0, 397843.0], [163833.0, 397803.0], [164087.0, 395922.0], [164214.0, 393994.0], [164503.0, 392236.0], [164630.0, 392135.0], [164757.0, 390361.0], [164884.0, 389730.0], [165011.0, 388441.0], [165300.0, 388365.0], [165554.0, 386518.0], [165843.0, 384675.0], [166097.0, 382722.0], [166386.0, 380852.0], [166513.0, 380819.0], [166640.0, 379032.0], [166767.0, 378918.0], [166894.0, 377072.0], [167056.0, 377057.0], [167310.0, 375062.0], [167564.0, 373251.0], [167726.0, 371498.0], [167853.0, 371384.0], [167980.0, 368977.0], [168269.0, 367530.0], [168523.0, 365806.0], [168650.0, 363984.0], [168939.0, 362108.0], [169193.0, 360134.0], [169320.0, 358116.0], [169609.0, 356339.0], [169736.0, 354165.0], [169863.0, 353648.0], [169990.0, 352728.0], [170279.0, 350630.0], [170533.0, 348953.0], [170660.0, 346842.0], [170949.0, 345207.0], [171076.0, 343284.0], [171203.0, 343271.0], [171492.0, 341392.0], [171619.0, 339310.0], [171746.0, 337651.0], [171873.0, 337601.0], [172162.0, 335714.0], [172289.0, 333811.0], [172416.0, 331917.0], [172543.0, 330535.0], [172832.0, 329910.0], [172959.0, 328111.0], [173086.0, 326220.0], [173213.0, 325759.0], [173502.0, 323764.0], [173629.0, 321413.0], [173883.0, 320486.0], [174172.0, 318596.0], [174299.0, 316166.0], [174553.0, 314725.0], [174715.0, 311859.0], [174842.0, 311296.0], [174969.0, 310724.0], [175223.0, 308982.0], [175512.0, 307045.0], [175639.0, 305118.0], [175893.0, 303148.0], [176055.0, 301291.0], [176182.0, 299400.0], [176309.0, 297487.0], [176598.0, 295549.0], [176725.0, 293612.0], [176852.0, 291679.0], [176979.0, 288770.0], [177106.0, 287824.0], [177268.0, 285927.0], [177395.0, 284055.0], [177522.0, 282122.0], [177649.0, 280147.0], [177938.0, 277590.0], [178065.0, 276312.0], [178192.0, 274389.0], [178319.0, 272472.0], [178446.0, 269515.0], [178608.0, 268658.0], [178735.0, 266709.0], [178862.0, 264762.0], [178989.0, 262783.0], [179151.0, 262782.0], [179278.0, 260886.0], [179405.0, 258914.0], [179532.0, 255269.0], [179659.0, 255096.0], [179821.0, 253156.0], [179948.0, 251191.0], [180075.0, 249230.0], [180202.0, 244832.0], [180491.0, 238384.0], [180618.0, 235519.0], [180745.0, 231608.0], [180872.0, 227690.0], [180999.0, 223772.0], [181161.0, 221799.0], [181288.0, 217867.0], [181415.0, 213939.0], [181542.0, 210021.0], [181669.0, 204706.0], [181831.0, 200344.0]]

size_X_E = 375
