vars = 200 ; constr = 1 
 # informations of B&B algorithm : 
total_times_used = 300.24 
total_nodes = 22424 
pruned_nodes = 13181 
GAP = 0.0 
relaxation_time = 280.17 
test_dominance_time = 0.28 
update_incumbent_time = 0.89 
tree_size = 58.601 
nb_nodes_EPB = 11063 
nb_nodes_VB = 11360 
root_relax = true 
TO = true 

size_Y_N = 84
Y_N = [[15444.0, 99102.0], [15792.0, 99033.0], [15879.0, 99032.0], [16104.0, 98882.0], [16191.0, 98836.0], [16416.0, 98638.0], [16503.0, 98483.0], [16764.0, 98274.0], [16851.0, 97702.0], [17250.0, 97550.0], [17337.0, 96345.0], [17388.0, 96148.0], [17475.0, 96003.0], [17562.0, 95953.0], [17736.0, 95784.0], [17823.0, 95600.0], [17910.0, 95438.0], [18135.0, 95046.0], [18222.0, 93846.0], [18309.0, 93795.0], [18396.0, 93657.0], [18534.0, 93196.0], [18621.0, 93172.0], [18708.0, 93074.0], [18882.0, 92443.0], [18933.0, 92429.0], [19281.0, 91578.0], [19368.0, 90585.0], [19419.0, 90569.0], [19506.0, 90385.0], [19854.0, 89746.0], [19992.0, 88583.0], [20079.0, 88462.0], [20253.0, 87833.0], [20340.0, 87822.0], [20391.0, 86586.0], [20478.0, 86564.0], [20565.0, 86516.0], [20739.0, 85879.0], [20826.0, 85862.0], [20913.0, 84642.0], [20964.0, 84609.0], [21225.0, 83891.0], [21312.0, 82671.0], [21399.0, 82656.0], [21624.0, 81796.0], [21798.0, 80681.0], [21885.0, 80582.0], [21936.0, 79335.0], [22023.0, 79315.0], [22197.0, 78572.0], [22284.0, 78551.0], [22371.0, 77429.0], [22422.0, 77297.0], [22683.0, 76435.0], [22770.0, 75318.0], [22857.0, 75291.0], [22908.0, 74042.0], [22995.0, 74008.0], [23082.0, 73949.0], [23256.0, 73153.0], [23343.0, 72044.0], [23394.0, 70799.0], [23481.0, 70784.0], [23568.0, 69565.0], [23655.0, 69437.0], [23829.0, 68722.0], [23916.0, 67509.0], [23967.0, 66293.0], [24054.0, 66232.0], [24141.0, 64998.0], [24228.0, 64969.0], [24402.0, 64167.0], [24453.0, 62904.0], [24540.0, 61676.0], [24627.0, 61651.0], [24801.0, 60457.0], [24888.0, 59409.0], [24939.0, 58162.0], [25026.0, 55820.0], [25113.0, 54547.0], [25200.0, 53311.0], [25287.0, 52017.0], [25374.0, 48640.0]]

size_X_E = 84
