vars = 200 ; constr = 1 
 # informations of B&B algorithm : 
total_times_used = 300.03 
total_nodes = 19303 
pruned_nodes = 8049 
GAP = 0.0 
relaxation_time = 276.08 
test_dominance_time = 0.41 
update_incumbent_time = 1.35 
tree_size = 55.282 
nb_nodes_EPB = 3758 
nb_nodes_VB = 15544 
root_relax = true 
TO = true 

size_Y_N = 76
Y_N = [[27245.0, 116189.0], [29180.0, 115787.0], [31245.0, 115469.0], [33310.0, 115070.0], [34523.0, 114531.0], [35245.0, 114457.0], [37310.0, 113875.0], [39245.0, 113159.0], [41310.0, 112390.0], [43375.0, 111577.0], [44588.0, 110660.0], [44819.0, 110649.0], [45310.0, 110630.0], [47014.0, 109699.0], [48588.0, 108640.0], [49671.0, 107598.0], [49902.0, 107567.0], [50162.0, 107555.0], [51736.0, 106471.0], [53440.0, 105355.0], [54653.0, 104184.0], [55014.0, 104150.0], [55375.0, 103010.0], [55476.0, 102995.0], [56588.0, 102994.0], [57440.0, 101826.0], [57801.0, 101791.0], [57902.0, 101766.0], [58292.0, 101750.0], [59866.0, 100579.0], [60689.0, 99383.0], [61079.0, 99364.0], [61440.0, 99296.0], [61801.0, 98201.0], [61902.0, 98167.0], [62162.0, 98156.0], [62292.0, 98148.0], [62653.0, 98081.0], [63115.0, 96936.0], [63505.0, 96917.0], [63606.0, 96876.0], [63736.0, 96870.0], [63866.0, 96865.0], [64227.0, 95725.0], [64328.0, 95699.0], [64718.0, 95680.0], [64949.0, 95639.0], [65079.0, 95634.0], [65541.0, 94460.0], [65801.0, 94445.0], [65931.0, 94441.0], [66162.0, 94402.0], [66292.0, 94397.0], [66754.0, 93220.0], [67144.0, 93201.0], [67375.0, 93163.0], [67505.0, 93158.0], [67967.0, 91980.0], [68357.0, 91961.0], [68588.0, 91923.0], [68718.0, 91918.0], [69180.0, 90737.0], [69440.0, 90726.0], [69541.0, 90701.0], [69671.0, 90689.0], [69801.0, 90683.0], [69931.0, 90678.0], [70653.0, 89482.0], [70754.0, 89453.0], [71144.0, 89446.0], [71505.0, 88259.0], [71866.0, 88250.0], [72097.0, 88088.0], [72227.0, 87300.0], [72357.0, 87268.0], [72718.0, 86982.0]]

size_X_E = 76
