vars = 500 ; constr = 1 
 # informations of B&B algorithm : 
total_times_used = 300.47 
total_nodes = 7049 
pruned_nodes = 3213 
GAP = 0.0 
relaxation_time = 247.35 
test_dominance_time = 2.23 
update_incumbent_time = 1.77 
tree_size = 32.476 
nb_nodes_EPB = 3360 
nb_nodes_VB = 3688 
root_relax = true 
TO = true 

size_Y_N = 228
Y_N = [[173935.0, 423344.0], [175243.0, 423071.0], [176734.0, 423025.0], [178225.0, 422953.0], [179716.0, 422705.0], [181207.0, 422402.0], [182480.0, 421756.0], [183753.0, 421109.0], [184625.0, 420184.0], [184843.0, 420105.0], [186116.0, 419625.0], [187389.0, 418893.0], [188662.0, 418080.0], [189534.0, 417073.0], [189752.0, 417037.0], [191025.0, 416157.0], [192298.0, 415208.0], [193571.0, 414211.0], [194443.0, 413192.0], [194661.0, 413097.0], [195716.0, 412201.0], [195934.0, 412195.0], [197207.0, 411166.0], [198262.0, 410123.0], [198480.0, 410106.0], [198698.0, 409078.0], [199352.0, 409044.0], [199570.0, 408990.0], [200189.0, 408023.0], [200407.0, 407989.0], [200625.0, 407948.0], [200843.0, 407886.0], [201061.0, 406969.0], [201680.0, 406902.0], [201898.0, 406851.0], [202116.0, 406744.0], [202552.0, 405825.0], [202770.0, 405749.0], [203171.0, 405673.0], [203389.0, 405615.0], [203607.0, 404793.0], [204043.0, 404636.0], [204261.0, 404533.0], [204479.0, 404383.0], [205316.0, 403457.0], [205534.0, 403184.0], [205752.0, 403149.0], [205970.0, 402414.0], [206188.0, 402340.0], [206589.0, 402258.0], [206807.0, 402080.0], [207025.0, 401878.0], [207461.0, 401141.0], [207679.0, 400967.0], [208080.0, 400804.0], [208298.0, 400585.0], [208516.0, 400049.0], [208952.0, 399688.0], [209170.0, 399479.0], [209388.0, 399218.0], [209789.0, 398779.0], [210007.0, 398577.0], [210225.0, 398371.0], [210443.0, 398100.0], [210661.0, 397886.0], [210879.0, 397414.0], [211280.0, 397204.0], [211498.0, 396814.0], [211716.0, 396785.0], [211934.0, 396382.0], [212370.0, 395669.0], [212588.0, 395644.0], [212989.0, 395320.0], [213643.0, 394497.0], [213861.0, 394197.0], [214079.0, 393853.0], [214698.0, 393337.0], [214916.0, 393044.0], [215134.0, 392252.0], [215570.0, 392150.0], [215788.0, 391863.0], [216625.0, 390936.0], [216843.0, 390684.0], [217898.0, 389502.0], [218552.0, 388422.0], [218770.0, 388290.0], [218988.0, 387978.0], [219607.0, 387378.0], [219825.0, 386927.0], [220043.0, 386795.0], [220697.0, 385876.0], [221098.0, 385602.0], [221316.0, 384881.0], [221534.0, 384641.0], [221569.0, 384629.0], [221752.0, 384605.0], [221970.0, 384293.0], [222188.0, 384052.0], [222406.0, 383611.0], [222624.0, 383389.0], [222807.0, 383319.0], [223025.0, 383106.0], [223243.0, 382842.0], [223461.0, 382323.0], [223679.0, 382118.0], [223897.0, 381872.0], [224298.0, 381602.0], [224734.0, 380825.0], [224952.0, 380604.0], [225170.0, 380325.0], [225606.0, 379375.0], [226007.0, 379313.0], [226225.0, 379052.0], [227097.0, 377697.0], [227934.0, 376551.0], [228152.0, 376248.0], [228588.0, 375035.0], [229024.0, 374990.0], [229207.0, 374969.0], [229425.0, 373632.0], [230079.0, 373596.0], [230297.0, 372333.0], [231134.0, 372102.0], [232006.0, 370555.0], [233061.0, 369025.0], [233715.0, 367499.0], [234116.0, 367476.0], [234988.0, 365889.0], [236043.0, 364313.0], [236261.0, 363135.0], [236479.0, 362974.0], [236915.0, 362558.0], [237316.0, 361559.0], [237534.0, 361377.0], [237752.0, 361183.0], [237970.0, 360956.0], [238223.0, 359779.0], [238406.0, 359777.0], [238441.0, 359425.0], [239025.0, 359346.0], [239243.0, 358366.0], [239679.0, 357963.0], [239897.0, 357743.0], [240333.0, 356557.0], [240734.0, 356345.0], [240952.0, 356121.0], [241423.0, 354727.0], [241606.0, 354725.0], [241824.0, 353565.0], [242225.0, 353380.0], [242443.0, 352719.0], [242879.0, 351951.0], [243097.0, 351760.0], [243934.0, 350329.0], [244152.0, 349003.0], [244370.0, 348852.0], [244588.0, 347856.0], [245024.0, 347387.0], [245242.0, 347237.0], [246079.0, 345769.0], [246515.0, 344246.0], [246733.0, 344127.0], [247352.0, 342738.0], [247570.0, 342624.0], [248006.0, 341022.0], [248224.0, 339680.0], [248259.0, 339497.0], [248442.0, 339495.0], [248843.0, 339453.0], [249061.0, 339404.0], [249497.0, 337861.0], [249715.0, 337833.0], [250334.0, 336148.0], [250552.0, 336098.0], [250587.0, 334610.0], [250770.0, 334608.0], [251206.0, 334504.0], [252043.0, 332944.0], [252261.0, 331100.0], [252479.0, 330933.0], [252697.0, 330612.0], [252915.0, 329714.0], [253133.0, 329656.0], [253351.0, 329528.0], [254005.0, 327966.0], [254188.0, 327964.0], [254406.0, 326117.0], [254842.0, 326017.0], [255243.0, 324736.0], [255461.0, 324569.0], [255679.0, 324549.0], [256333.0, 322907.0], [256952.0, 321109.0], [257170.0, 321087.0], [257423.0, 319549.0], [257606.0, 319547.0], [257824.0, 319415.0], [258661.0, 317741.0], [259315.0, 315913.0], [259751.0, 314373.0], [260370.0, 312657.0], [260588.0, 311109.0], [260806.0, 310969.0], [261024.0, 309547.0], [261242.0, 309429.0], [261861.0, 307708.0], [262079.0, 306264.0], [262297.0, 306155.0], [262733.0, 304436.0], [263352.0, 302853.0], [263570.0, 301023.0], [263788.0, 300886.0], [264006.0, 299455.0], [264224.0, 298781.0], [264259.0, 297883.0], [264442.0, 297877.0], [264660.0, 297775.0], [264878.0, 295897.0], [265061.0, 295895.0], [265096.0, 294763.0], [265279.0, 294761.0], [265497.0, 294526.0], [265715.0, 292994.0], [265750.0, 292560.0], [266151.0, 291230.0], [266186.0, 289707.0], [266404.0, 289264.0], [266587.0, 270158.0]]

size_X_E = 228
