vars = 500 ; constr = 1 
 # informations of B&B algorithm : 
total_times_used = 300.05 
total_nodes = 6425 
pruned_nodes = 2450 
GAP = 0.0 
relaxation_time = 289.14 
test_dominance_time = 0.12 
update_incumbent_time = 0.33 
tree_size = 38.001 
nb_nodes_EPB = 3418 
nb_nodes_VB = 3006 
root_relax = true 
TO = true 

size_Y_N = 83
Y_N = [[78060.0, 409425.0], [78090.0, 409205.0], [78120.0, 408924.0], [78180.0, 408920.0], [78360.0, 408530.0], [78450.0, 408193.0], [78600.0, 407890.0], [78840.0, 406378.0], [78960.0, 405365.0], [79020.0, 403354.0], [79080.0, 403141.0], [79110.0, 402825.0], [79320.0, 402805.0], [79410.0, 400586.0], [79440.0, 400454.0], [79560.0, 400103.0], [79590.0, 397434.0], [79680.0, 397143.0], [79740.0, 396872.0], [79770.0, 394377.0], [79830.0, 393961.0], [79890.0, 393853.0], [79980.0, 393659.0], [80010.0, 392611.0], [80160.0, 391944.0], [80220.0, 390369.0], [80280.0, 387867.0], [80310.0, 387814.0], [80400.0, 387582.0], [80460.0, 386759.0], [80490.0, 385031.0], [80550.0, 384218.0], [80580.0, 382423.0], [80640.0, 380874.0], [80730.0, 379144.0], [80760.0, 376735.0], [80790.0, 376704.0], [80820.0, 376465.0], [80880.0, 374108.0], [80910.0, 373658.0], [80970.0, 371325.0], [81000.0, 370537.0], [81120.0, 368024.0], [81210.0, 364878.0], [81240.0, 362325.0], [81300.0, 361879.0], [81330.0, 359225.0], [81390.0, 358506.0], [81450.0, 356479.0], [81480.0, 353823.0], [81510.0, 351155.0], [81540.0, 351064.0], [81570.0, 350585.0], [81630.0, 348530.0], [81690.0, 346143.0], [81720.0, 342917.0], [81780.0, 341091.0], [81810.0, 338368.0], [81870.0, 336279.0], [81900.0, 334858.0], [81960.0, 332494.0], [82020.0, 331277.0], [82050.0, 326910.0], [82110.0, 326388.0], [82140.0, 319582.0], [82200.0, 317083.0], [82230.0, 312136.0], [82290.0, 306901.0], [82350.0, 305355.0], [82380.0, 301281.0], [82440.0, 298742.0], [82470.0, 294757.0], [82530.0, 291125.0], [82560.0, 288341.0], [82620.0, 283822.0], [82680.0, 275086.0], [82710.0, 260759.0], [82770.0, 256753.0], [82800.0, 244941.0], [82860.0, 240321.0], [82920.0, 236496.0], [82950.0, 223028.0], [83010.0, 212052.0]]

size_X_E = 83
