vars = 500 ; constr = 1 
 # informations of B&B algorithm : 
total_times_used = 300.07 
total_nodes = 8048 
pruned_nodes = 3211 
GAP = 0.0 
relaxation_time = 275.5 
test_dominance_time = 0.72 
update_incumbent_time = 0.99 
tree_size = 31.77 
nb_nodes_EPB = 1935 
nb_nodes_VB = 6112 
root_relax = true 
TO = true 

size_Y_N = 113
Y_N = [[61377.0, 292498.0], [63442.0, 292464.0], [65377.0, 292377.0], [67442.0, 292327.0], [69507.0, 292147.0], [71442.0, 291865.0], [73507.0, 291582.0], [75442.0, 291145.0], [77507.0, 290738.0], [79572.0, 290270.0], [81507.0, 289717.0], [83572.0, 289152.0], [85146.0, 288426.0], [85507.0, 288321.0], [87572.0, 287846.0], [89637.0, 287132.0], [91572.0, 286415.0], [93637.0, 285593.0], [95572.0, 284797.0], [97637.0, 283946.0], [99702.0, 283099.0], [101637.0, 282198.0], [103702.0, 281288.0], [105276.0, 280329.0], [105637.0, 280323.0], [107702.0, 279381.0], [109767.0, 278368.0], [111341.0, 277349.0], [111702.0, 277340.0], [113767.0, 276300.0], [114980.0, 275294.0], [115341.0, 275252.0], [115702.0, 275243.0], [116915.0, 274219.0], [117767.0, 274185.0], [118128.0, 273186.0], [118619.0, 273181.0], [118980.0, 273154.0], [119341.0, 273116.0], [120915.0, 272076.0], [121406.0, 271052.0], [121767.0, 271047.0], [122128.0, 271030.0], [122619.0, 271024.0], [124193.0, 269954.0], [125767.0, 268872.0], [126258.0, 267809.0], [126980.0, 267796.0], [127471.0, 267772.0], [129045.0, 266672.0], [130619.0, 265547.0], [132063.0, 264414.0], [132193.0, 264412.0], [133897.0, 263259.0], [135471.0, 262137.0], [137045.0, 260988.0], [138749.0, 259810.0], [140323.0, 258636.0], [141536.0, 257450.0], [141897.0, 257448.0], [143471.0, 256265.0], [145175.0, 255078.0], [146388.0, 253888.0], [146749.0, 253819.0], [147471.0, 252679.0], [147601.0, 252670.0], [148193.0, 252663.0], [148323.0, 252654.0], [148684.0, 251457.0], [149406.0, 251445.0], [150027.0, 251405.0], [151110.0, 250196.0], [151601.0, 250122.0], [151962.0, 248975.0], [152323.0, 248974.0], [153045.0, 248951.0], [153175.0, 248942.0], [154749.0, 247698.0], [155962.0, 246480.0], [156453.0, 246393.0], [157175.0, 245258.0], [157897.0, 245230.0], [158027.0, 245221.0], [159110.0, 244012.0], [159240.0, 244003.0], [159601.0, 243972.0], [160814.0, 242754.0], [161175.0, 242700.0], [162027.0, 241532.0], [162749.0, 241476.0], [162879.0, 241467.0], [163240.0, 240310.0], [163962.0, 240258.0], [164453.0, 240206.0], [165666.0, 238988.0], [166027.0, 238927.0], [167240.0, 237709.0], [168092.0, 236544.0], [168453.0, 236487.0], [169305.0, 235320.0], [169666.0, 235265.0], [170518.0, 234095.0], [170879.0, 234041.0], [171240.0, 232907.0], [172092.0, 232816.0], [172944.0, 231637.0], [173305.0, 231590.0], [173666.0, 230392.0], [174258.0, 230354.0], [174518.0, 230333.0], [174879.0, 229196.0], [175370.0, 229115.0], [176092.0, 227865.0]]

size_X_E = 113
