vars = 500 ; constr = 1 
 # informations of B&B algorithm : 
total_times_used = 300.12 
total_nodes = 5510 
pruned_nodes = 1245 
GAP = 0.0 
relaxation_time = 287.91 
test_dominance_time = 0.09 
update_incumbent_time = 0.31 
tree_size = 35.249 
nb_nodes_EPB = 1967 
nb_nodes_VB = 3542 
root_relax = true 
TO = true 

size_Y_N = 82
Y_N = [[68152.0, 314795.0], [68243.0, 314591.0], [68466.0, 313586.0], [68516.0, 313094.0], [68525.0, 313072.0], [68607.0, 312932.0], [68666.0, 311613.0], [68748.0, 311138.0], [68830.0, 311056.0], [68971.0, 309066.0], [68980.0, 307049.0], [69030.0, 306895.0], [69103.0, 306768.0], [69112.0, 306743.0], [69194.0, 306437.0], [69203.0, 304132.0], [69244.0, 304103.0], [69253.0, 304058.0], [69285.0, 303674.0], [69303.0, 302908.0], [69376.0, 302459.0], [69426.0, 300233.0], [69467.0, 298588.0], [69476.0, 298335.0], [69558.0, 296688.0], [69567.0, 294264.0], [69576.0, 293992.0], [69649.0, 293661.0], [69699.0, 291416.0], [69740.0, 289397.0], [69749.0, 288955.0], [69790.0, 287090.0], [69831.0, 286635.0], [69840.0, 284474.0], [69881.0, 284050.0], [69922.0, 282388.0], [69931.0, 280962.0], [69972.0, 279662.0], [70013.0, 279527.0], [70022.0, 277370.0], [70063.0, 276913.0], [70104.0, 275947.0], [70113.0, 273998.0], [70195.0, 271883.0], [70204.0, 268936.0], [70245.0, 268847.0], [70286.0, 267596.0], [70336.0, 264698.0], [70377.0, 262782.0], [70386.0, 260561.0], [70427.0, 258616.0], [70468.0, 257620.0], [70477.0, 254800.0], [70518.0, 252756.0], [70559.0, 252034.0], [70568.0, 250068.0], [70609.0, 248817.0], [70650.0, 247610.0], [70659.0, 243325.0], [70700.0, 243107.0], [70741.0, 241474.0], [70750.0, 238395.0], [70791.0, 236690.0], [70832.0, 235174.0], [70841.0, 233709.0], [70882.0, 232103.0], [70923.0, 229039.0], [70932.0, 225581.0], [70973.0, 222146.0], [71014.0, 221125.0], [71023.0, 215630.0], [71064.0, 214659.0], [71105.0, 211303.0], [71114.0, 207937.0], [71155.0, 204721.0], [71196.0, 203154.0], [71205.0, 198112.0], [71246.0, 188934.0], [71287.0, 187298.0], [71296.0, 179156.0], [71337.0, 173695.0], [71378.0, 161277.0]]

size_X_E = 82
