vars = 200 ; constr = 1 
 # informations of B&B algorithm : 
total_times_used = 300.02 
total_nodes = 21917 
pruned_nodes = 11595 
GAP = 0.0 
relaxation_time = 272.28 
test_dominance_time = 0.25 
update_incumbent_time = 1.11 
tree_size = 57.65 
nb_nodes_EPB = 7306 
nb_nodes_VB = 14610 
root_relax = true 
TO = true 

size_Y_N = 83
Y_N = [[34568.0, 149009.0], [37622.0, 148908.0], [40495.0, 148409.0], [43549.0, 147841.0], [46060.0, 146905.0], [46422.0, 146890.0], [49295.0, 145854.0], [49476.0, 145822.0], [51702.0, 144661.0], [52168.0, 144516.0], [52349.0, 144445.0], [54756.0, 143349.0], [55403.0, 143181.0], [55869.0, 142069.0], [56154.0, 142021.0], [57163.0, 142008.0], [57629.0, 141951.0], [58276.0, 141782.0], [58923.0, 140807.0], [59570.0, 140638.0], [60036.0, 140637.0], [60321.0, 140520.0], [60683.0, 140449.0], [61330.0, 139445.0], [61615.0, 139350.0], [61796.0, 139349.0], [62443.0, 139221.0], [63090.0, 139207.0], [64203.0, 137987.0], [64488.0, 137844.0], [65497.0, 137837.0], [65963.0, 136539.0], [67257.0, 136508.0], [67723.0, 136318.0], [68370.0, 135174.0], [69483.0, 135062.0], [70130.0, 134954.0], [70777.0, 133661.0], [71243.0, 133626.0], [71424.0, 133596.0], [72356.0, 133508.0], [72537.0, 133501.0], [73650.0, 132113.0], [74944.0, 132019.0], [75229.0, 130528.0], [75410.0, 130503.0], [76523.0, 130494.0], [76704.0, 130460.0], [76808.0, 130391.0], [76989.0, 130384.0], [77351.0, 130369.0], [78102.0, 128917.0], [78464.0, 128902.0], [78568.0, 128831.0], [78930.0, 128812.0], [79111.0, 128782.0], [79577.0, 128661.0], [80224.0, 127295.0], [81337.0, 127283.0], [81803.0, 127193.0], [81984.0, 127185.0], [82916.0, 125700.0], [83097.0, 125666.0], [83201.0, 125617.0], [83382.0, 125610.0], [83744.0, 125595.0], [84210.0, 125486.0], [84391.0, 125452.0], [84495.0, 124106.0], [86151.0, 124062.0], [86617.0, 123944.0], [86798.0, 123936.0], [87730.0, 122468.0], [87911.0, 122434.0], [88196.0, 122361.0], [88377.0, 122279.0], [88558.0, 122267.0], [88662.0, 122039.0], [88843.0, 121988.0], [89024.0, 121981.0], [89309.0, 120868.0], [89490.0, 120786.0], [90965.0, 120731.0]]

size_X_E = 83
