vars = 500 ; constr = 1 
 # informations of B&B algorithm : 
total_times_used = 300.05 
total_nodes = 7071 
pruned_nodes = 2599 
GAP = 0.0 
relaxation_time = 261.81 
test_dominance_time = 1.09 
update_incumbent_time = 1.66 
tree_size = 37.099 
nb_nodes_EPB = 3292 
nb_nodes_VB = 3778 
root_relax = true 
TO = true 

size_Y_N = 192
Y_N = [[25204.0, 393902.0], [25232.0, 393682.0], [25256.0, 393669.0], [25372.0, 393624.0], [25408.0, 393598.0], [25524.0, 393549.0], [25536.0, 393546.0], [25688.0, 393469.0], [25728.0, 392348.0], [25752.0, 392306.0], [25856.0, 392290.0], [25892.0, 392268.0], [26020.0, 392121.0], [26032.0, 392096.0], [26160.0, 391255.0], [26224.0, 390912.0], [26236.0, 390881.0], [26504.0, 389950.0], [26644.0, 389776.0], [26720.0, 388658.0], [26924.0, 388595.0], [26988.0, 387339.0], [27128.0, 387318.0], [27268.0, 387100.0], [27332.0, 385980.0], [27472.0, 385814.0], [27612.0, 384711.0], [27752.0, 384421.0], [27880.0, 384007.0], [27956.0, 382891.0], [28096.0, 382826.0], [28300.0, 381389.0], [28364.0, 380208.0], [28504.0, 380076.0], [28644.0, 379061.0], [28784.0, 378710.0], [28848.0, 377438.0], [28988.0, 377372.0], [29128.0, 376961.0], [29192.0, 375710.0], [29332.0, 375576.0], [29396.0, 374521.0], [29536.0, 374130.0], [29676.0, 372697.0], [29740.0, 372631.0], [29816.0, 371448.0], [29944.0, 371119.0], [30084.0, 370160.0], [30224.0, 369683.0], [30288.0, 368524.0], [30428.0, 368149.0], [30504.0, 366919.0], [30632.0, 366600.0], [30772.0, 365912.0], [30848.0, 365043.0], [30976.0, 364299.0], [31052.0, 363353.0], [31192.0, 362676.0], [31320.0, 361886.0], [31396.0, 360966.0], [31536.0, 360316.0], [31600.0, 359114.0], [31740.0, 358672.0], [31804.0, 357720.0], [31880.0, 357625.0], [31944.0, 356998.0], [32084.0, 356133.0], [32148.0, 355117.0], [32288.0, 354478.0], [32352.0, 353129.0], [32428.0, 352409.0], [32568.0, 351975.0], [32632.0, 350825.0], [32772.0, 350289.0], [32836.0, 349309.0], [32976.0, 348256.0], [33040.0, 347638.0], [33116.0, 346596.0], [33256.0, 345550.0], [33320.0, 344934.0], [33460.0, 343878.0], [33524.0, 342282.0], [33600.0, 342212.0], [33664.0, 342166.0], [33728.0, 341070.0], [33804.0, 339748.0], [33868.0, 339415.0], [33944.0, 339394.0], [34008.0, 337950.0], [34148.0, 337625.0], [34212.0, 336511.0], [34288.0, 335384.0], [34416.0, 334716.0], [34492.0, 333660.0], [34556.0, 332466.0], [34632.0, 330958.0], [34696.0, 330822.0], [34760.0, 330704.0], [34836.0, 329143.0], [34976.0, 327881.0], [35104.0, 326468.0], [35244.0, 324862.0], [35320.0, 323568.0], [35384.0, 322262.0], [35448.0, 321829.0], [35524.0, 321815.0], [35588.0, 320531.0], [35664.0, 319174.0], [35728.0, 317571.0], [35792.0, 317498.0], [35868.0, 317382.0], [35932.0, 315769.0], [36008.0, 314708.0], [36072.0, 314467.0], [36136.0, 313106.0], [36212.0, 311740.0], [36352.0, 310139.0], [36416.0, 308765.0], [36480.0, 307353.0], [36556.0, 305780.0], [36620.0, 305763.0], [36696.0, 304375.0], [36760.0, 302904.0], [36900.0, 302535.0], [36964.0, 301103.0], [37040.0, 299681.0], [37168.0, 298052.0], [37244.0, 295415.0], [37308.0, 295139.0], [37384.0, 293726.0], [37448.0, 292419.0], [37512.0, 290878.0], [37588.0, 289424.0], [37652.0, 287939.0], [37728.0, 287883.0], [37792.0, 286374.0], [37856.0, 284874.0], [37932.0, 283303.0], [37996.0, 282010.0], [38072.0, 280573.0], [38136.0, 279003.0], [38200.0, 277580.0], [38276.0, 276051.0], [38340.0, 275976.0], [38416.0, 274439.0], [38480.0, 272981.0], [38544.0, 270175.0], [38620.0, 268698.0], [38684.0, 268571.0], [38760.0, 267055.0], [38824.0, 265605.0], [38888.0, 264062.0], [38964.0, 261320.0], [39028.0, 261117.0], [39104.0, 259612.0], [39168.0, 256894.0], [39232.0, 255274.0], [39308.0, 252585.0], [39372.0, 252355.0], [39448.0, 250853.0], [39512.0, 248099.0], [39576.0, 246293.0], [39652.0, 243736.0], [39716.0, 243515.0], [39792.0, 241998.0], [39856.0, 239259.0], [39920.0, 236358.0], [39996.0, 233624.0], [40060.0, 231982.0], [40136.0, 230547.0], [40200.0, 227792.0], [40264.0, 224956.0], [40340.0, 222138.0], [40404.0, 220351.0], [40480.0, 217611.0], [40544.0, 214835.0], [40608.0, 212035.0], [40684.0, 207681.0], [40748.0, 204629.0], [40824.0, 201889.0], [40888.0, 197751.0], [40952.0, 193665.0], [41028.0, 189447.0], [41092.0, 186087.0], [41168.0, 183426.0], [41232.0, 179282.0], [41296.0, 172453.0], [41372.0, 165576.0], [41436.0, 157932.0], [41512.0, 151212.0], [41576.0, 143066.0], [41640.0, 115040.0]]

size_X_E = 192
