vars = 500 ; constr = 1 
 # informations of B&B algorithm : 
total_times_used = 300.07 
total_nodes = 6386 
pruned_nodes = 1350 
GAP = 0.0 
relaxation_time = 254.14 
test_dominance_time = 0.96 
update_incumbent_time = 2.57 
tree_size = 42.397 
nb_nodes_EPB = 3089 
nb_nodes_VB = 3296 
root_relax = true 
TO = true 

size_Y_N = 206
Y_N = [[37380.0, 608786.0], [37510.0, 607081.0], [37528.0, 607077.0], [37779.0, 606626.0], [37797.0, 606600.0], [37927.0, 605018.0], [37936.0, 605014.0], [38205.0, 604518.0], [38474.0, 603081.0], [38604.0, 602390.0], [38873.0, 600978.0], [39012.0, 600247.0], [39142.0, 598634.0], [39281.0, 598565.0], [39411.0, 598047.0], [39550.0, 596428.0], [39680.0, 596405.0], [39819.0, 595845.0], [39949.0, 594226.0], [40088.0, 594175.0], [40218.0, 593606.0], [40357.0, 592013.0], [40487.0, 591714.0], [40626.0, 591346.0], [40756.0, 589682.0], [40895.0, 589308.0], [41164.0, 589298.0], [41294.0, 587727.0], [41563.0, 586945.0], [41702.0, 585455.0], [41971.0, 584644.0], [42101.0, 582094.0], [42240.0, 582052.0], [42509.0, 580782.0], [42639.0, 579666.0], [42778.0, 578098.0], [42908.0, 577885.0], [43047.0, 577251.0], [43177.0, 575766.0], [43446.0, 574781.0], [43585.0, 573377.0], [43715.0, 571938.0], [43854.0, 571635.0], [43984.0, 570978.0], [44123.0, 569565.0], [44253.0, 567711.0], [44392.0, 567506.0], [44522.0, 567158.0], [44661.0, 565401.0], [44791.0, 563602.0], [44930.0, 563442.0], [45060.0, 563020.0], [45199.0, 561176.0], [45329.0, 561014.0], [45468.0, 558865.0], [45598.0, 558723.0], [45737.0, 556847.0], [45867.0, 556436.0], [46006.0, 554442.0], [46136.0, 554395.0], [46275.0, 554144.0], [46405.0, 552229.0], [46544.0, 550351.0], [46674.0, 550044.0], [46813.0, 549757.0], [46943.0, 547841.0], [47082.0, 545865.0], [47212.0, 545655.0], [47351.0, 543722.0], [47481.0, 543452.0], [47620.0, 541425.0], [47750.0, 541334.0], [47889.0, 539279.0], [48019.0, 537314.0], [48158.0, 536948.0], [48288.0, 536888.0], [48427.0, 534798.0], [48557.0, 532797.0], [48696.0, 530776.0], [48826.0, 530681.0], [48965.0, 530404.0], [49095.0, 528308.0], [49234.0, 526254.0], [49364.0, 526114.0], [49503.0, 524013.0], [49633.0, 523804.0], [49772.0, 521763.0], [49902.0, 521635.0], [50041.0, 519514.0], [50171.0, 517467.0], [50440.0, 517068.0], [50579.0, 514909.0], [50709.0, 512830.0], [50848.0, 510753.0], [51117.0, 510334.0], [51247.0, 508299.0], [51386.0, 506160.0], [51516.0, 504077.0], [51655.0, 501994.0], [51785.0, 501890.0], [51924.0, 499813.0], [52054.0, 497742.0], [52193.0, 497455.0], [52323.0, 495389.0], [52462.0, 495059.0], [52592.0, 493064.0], [52731.0, 491035.0], [52861.0, 488991.0], [53000.0, 486683.0], [53130.0, 486512.0], [53269.0, 484492.0], [53399.0, 482420.0], [53538.0, 480388.0], [53668.0, 478250.0], [53807.0, 477762.0], [53937.0, 475818.0], [54076.0, 475609.0], [54206.0, 473622.0], [54345.0, 471517.0], [54475.0, 470959.0], [54614.0, 469009.0], [54744.0, 466535.0], [54883.0, 464914.0], [55013.0, 462787.0], [55152.0, 462278.0], [55282.0, 460296.0], [55421.0, 458193.0], [55551.0, 456252.0], [55690.0, 454016.0], [55820.0, 453539.0], [55959.0, 451543.0], [56089.0, 449450.0], [56228.0, 447460.0], [56358.0, 445408.0], [56497.0, 444788.0], [56627.0, 442827.0], [56766.0, 440754.0], [56896.0, 438771.0], [57035.0, 436661.0], [57165.0, 435930.0], [57304.0, 434050.0], [57434.0, 430133.0], [57573.0, 428149.0], [57703.0, 425701.0], [57842.0, 425211.0], [57972.0, 423351.0], [58111.0, 421343.0], [58241.0, 419333.0], [58380.0, 417244.0], [58510.0, 416236.0], [58649.0, 414384.0], [58779.0, 410555.0], [58918.0, 408163.0], [59048.0, 406543.0], [59187.0, 403428.0], [59317.0, 401694.0], [59456.0, 399735.0], [59586.0, 395751.0], [59725.0, 393823.0], [59855.0, 392421.0], [59994.0, 390690.0], [60124.0, 386992.0], [60263.0, 385001.0], [60393.0, 380945.0], [60532.0, 378637.0], [60662.0, 375966.0], [60801.0, 372284.0], [60931.0, 368544.0], [61070.0, 366555.0], [61200.0, 362856.0], [61339.0, 361183.0], [61469.0, 357510.0], [61608.0, 353760.0], [61738.0, 351915.0], [61877.0, 347613.0], [62007.0, 344443.0], [62146.0, 342665.0], [62276.0, 338964.0], [62415.0, 337099.0], [62545.0, 333276.0], [62684.0, 329537.0], [62814.0, 325869.0], [62953.0, 322193.0], [63083.0, 318478.0], [63222.0, 314665.0], [63352.0, 308582.0], [63491.0, 305285.0], [63621.0, 301596.0], [63760.0, 297892.0], [63890.0, 294102.0], [64029.0, 290270.0], [64159.0, 284504.0], [64298.0, 280916.0], [64428.0, 277204.0], [64567.0, 273419.0], [64697.0, 267705.0], [64836.0, 261788.0], [64966.0, 254369.0], [65105.0, 248816.0], [65235.0, 243115.0], [65374.0, 237400.0], [65504.0, 227766.0], [65643.0, 216246.0], [65773.0, 202907.0], [65912.0, 191484.0], [66042.0, 73831.0]]

size_X_E = 206
