vars = 200 ; constr = 1 
 # informations of B&B algorithm : 
total_times_used = 300.54 
total_nodes = 13938 
pruned_nodes = 7619 
GAP = 0.0 
relaxation_time = 207.4 
test_dominance_time = 10.9 
update_incumbent_time = 2.9 
tree_size = 38.132 
nb_nodes_EPB = 8281 
nb_nodes_VB = 5656 
root_relax = true 
TO = true 

size_Y_N = 232
Y_N = [[52390.0, 233283.0], [52510.0, 233027.0], [52754.0, 232682.0], [52933.0, 232584.0], [53059.0, 232271.0], [53175.0, 232207.0], [53177.0, 232055.0], [54082.0, 232014.0], [54505.0, 231530.0], [54566.0, 231071.0], [54928.0, 230827.0], [54989.0, 230438.0], [55351.0, 230093.0], [55412.0, 230053.0], [55532.0, 229816.0], [55835.0, 229319.0], [55896.0, 229036.0], [56199.0, 228487.0], [56258.0, 228291.0], [56439.0, 228154.0], [56742.0, 227593.0], [56862.0, 227418.0], [56923.0, 226722.0], [57285.0, 226558.0], [57346.0, 226366.0], [57407.0, 225977.0], [57527.0, 225379.0], [57769.0, 225364.0], [57830.0, 225243.0], [58373.0, 224192.0], [58434.0, 223595.0], [58857.0, 222747.0], [59038.0, 221662.0], [59280.0, 221590.0], [59341.0, 220981.0], [59522.0, 220690.0], [59642.0, 220344.0], [59703.0, 220062.0], [59764.0, 219933.0], [60006.0, 219379.0], [60126.0, 219151.0], [60187.0, 219003.0], [60307.0, 218690.0], [60429.0, 217987.0], [60549.0, 217882.0], [60610.0, 217785.0], [60730.0, 217693.0], [60791.0, 217185.0], [60972.0, 216630.0], [61033.0, 216471.0], [61094.0, 216284.0], [61214.0, 215989.0], [61395.0, 215199.0], [61456.0, 215021.0], [61517.0, 214839.0], [61637.0, 214666.0], [61818.0, 213838.0], [61879.0, 213634.0], [61940.0, 213629.0], [62060.0, 213441.0], [62241.0, 212775.0], [62302.0, 212341.0], [62363.0, 212251.0], [62483.0, 212146.0], [62544.0, 211490.0], [62725.0, 210949.0], [62906.0, 210768.0], [62967.0, 209775.0], [63148.0, 209502.0], [63329.0, 209347.0], [63390.0, 208156.0], [63571.0, 208000.0], [63632.0, 207922.0], [63693.0, 207803.0], [63813.0, 207739.0], [63874.0, 206522.0], [63994.0, 206420.0], [64236.0, 206292.0], [64478.0, 204926.0], [64659.0, 204587.0], [64840.0, 203640.0], [64901.0, 203453.0], [65082.0, 203160.0], [65385.0, 201800.0], [65505.0, 201642.0], [65566.0, 200609.0], [65627.0, 200448.0], [65747.0, 200299.0], [65808.0, 200067.0], [65989.0, 199123.0], [66050.0, 198953.0], [66170.0, 198795.0], [66231.0, 197525.0], [66292.0, 197501.0], [66412.0, 197413.0], [66473.0, 197279.0], [66593.0, 197243.0], [66654.0, 196179.0], [66715.0, 195883.0], [66835.0, 195747.0], [66896.0, 195670.0], [67016.0, 194592.0], [67077.0, 194401.0], [67258.0, 194324.0], [67319.0, 193133.0], [67439.0, 193097.0], [67500.0, 192870.0], [67561.0, 192677.0], [67681.0, 192373.0], [67923.0, 191337.0], [67984.0, 190103.0], [68104.0, 190039.0], [68165.0, 189872.0], [68226.0, 189567.0], [68346.0, 188454.0], [68527.0, 188370.0], [68588.0, 188239.0], [68649.0, 186998.0], [68830.0, 186786.0], [68891.0, 185355.0], [69192.0, 185323.0], [69314.0, 183866.0], [69434.0, 183801.0], [69495.0, 183581.0], [69615.0, 182237.0], [69737.0, 182139.0], [69857.0, 182111.0], [69918.0, 180754.0], [70038.0, 180717.0], [70099.0, 180637.0], [70280.0, 179039.0], [70341.0, 179020.0], [70402.0, 178520.0], [70583.0, 177521.0], [70703.0, 177485.0], [70764.0, 177310.0], [70825.0, 175942.0], [70945.0, 175846.0], [71126.0, 175557.0], [71248.0, 174128.0], [71368.0, 174082.0], [71429.0, 172716.0], [71490.0, 172517.0], [71610.0, 172455.0], [71671.0, 172143.0], [71791.0, 171027.0], [71852.0, 170752.0], [71913.0, 170723.0], [72033.0, 170626.0], [72214.0, 169208.0], [72275.0, 168952.0], [72456.0, 167585.0], [72517.0, 167429.0], [72637.0, 166168.0], [72698.0, 166043.0], [72759.0, 165850.0], [72879.0, 165266.0], [72940.0, 164278.0], [73001.0, 164216.0], [73121.0, 163004.0], [73302.0, 162760.0], [73363.0, 162637.0], [73544.0, 161121.0], [73605.0, 159771.0], [73786.0, 159487.0], [73847.0, 158179.0], [73967.0, 157980.0], [74028.0, 157848.0], [74089.0, 156517.0], [74209.0, 156354.0], [74270.0, 156181.0], [74390.0, 156047.0], [74451.0, 154597.0], [74512.0, 154543.0], [74632.0, 153355.0], [74693.0, 153062.0], [74813.0, 152995.0], [74874.0, 152936.0], [74935.0, 151367.0], [75055.0, 150170.0], [75236.0, 149777.0], [75297.0, 148514.0], [75358.0, 148143.0], [75478.0, 146930.0], [75539.0, 146518.0], [75720.0, 145251.0], [75781.0, 144711.0], [75901.0, 143625.0], [75962.0, 143143.0], [76023.0, 141944.0], [76143.0, 141886.0], [76204.0, 141426.0], [76324.0, 140237.0], [76385.0, 139777.0], [76566.0, 138524.0], [76627.0, 137999.0], [76688.0, 136822.0], [76808.0, 136352.0], [76989.0, 135020.0], [77050.0, 134576.0], [77111.0, 133396.0], [77231.0, 132877.0], [77292.0, 131750.0], [77412.0, 131649.0], [77473.0, 131102.0], [77534.0, 129837.0], [77654.0, 129456.0], [77715.0, 128021.0], [77835.0, 127754.0], [77896.0, 126574.0], [78077.0, 124909.0], [78138.0, 123115.0], [78199.0, 122697.0], [78319.0, 121464.0], [78380.0, 120987.0], [78500.0, 119660.0], [78561.0, 119183.0], [78622.0, 118002.0], [78742.0, 116195.0], [78923.0, 114546.0], [78984.0, 112778.0], [79045.0, 111015.0], [79165.0, 109208.0], [79226.0, 107288.0], [79407.0, 105826.0], [79468.0, 104007.0], [79588.0, 102267.0], [79649.0, 100483.0], [79710.0, 98677.0], [79830.0, 96870.0], [80011.0, 95312.0], [80072.0, 93456.0]]

size_X_E = 232
