vars = 500 ; constr = 1 
 # informations of B&B algorithm : 
total_times_used = 300.1 
total_nodes = 8845 
pruned_nodes = 5424 
GAP = 0.0 
relaxation_time = 282.6 
test_dominance_time = 0.76 
update_incumbent_time = 0.58 
tree_size = 32.25 
nb_nodes_EPB = 4664 
nb_nodes_VB = 4180 
root_relax = true 
TO = true 

size_Y_N = 112
Y_N = [[243732.0, 431362.0], [244334.0, 431292.0], [244953.0, 431278.0], [245572.0, 431247.0], [246191.0, 431198.0], [246333.0, 431106.0], [246634.0, 431097.0], [247270.0, 431068.0], [247571.0, 431000.0], [247713.0, 430957.0], [247730.0, 430949.0], [247872.0, 430876.0], [248173.0, 430869.0], [248190.0, 430861.0], [248332.0, 430858.0], [248650.0, 430800.0], [249110.0, 430736.0], [249269.0, 430701.0], [249729.0, 430613.0], [250172.0, 430413.0], [250189.0, 430408.0], [250490.0, 430353.0], [250649.0, 430312.0], [251109.0, 430203.0], [251728.0, 430016.0], [251870.0, 429856.0], [252188.0, 429770.0], [252330.0, 429769.0], [252489.0, 429645.0], [252648.0, 429620.0], [252790.0, 429597.0], [252949.0, 429528.0], [253108.0, 429516.0], [253568.0, 429381.0], [253727.0, 429339.0], [253869.0, 429143.0], [254187.0, 429082.0], [254329.0, 429046.0], [254488.0, 428828.0], [255107.0, 428822.0], [255726.0, 428596.0], [255868.0, 428520.0], [256027.0, 428459.0], [256186.0, 428394.0], [256487.0, 428280.0], [256646.0, 428236.0], [257106.0, 428008.0], [257248.0, 427821.0], [257407.0, 427815.0], [257566.0, 427794.0], [258026.0, 427625.0], [258185.0, 427572.0], [258645.0, 427352.0], [259105.0, 427080.0], [259247.0, 426994.0], [259565.0, 426789.0], [260025.0, 426627.0], [260184.0, 426519.0], [260644.0, 426329.0], [261070.0, 425869.0], [261246.0, 425790.0], [261564.0, 425603.0], [261865.0, 425512.0], [262024.0, 425467.0], [262183.0, 425314.0], [262643.0, 425076.0], [263069.0, 424554.0], [263245.0, 424531.0], [263404.0, 424450.0], [263563.0, 424096.0], [263688.0, 424075.0], [264023.0, 423993.0], [264483.0, 423588.0], [264642.0, 423514.0], [264784.0, 423497.0], [265403.0, 423097.0], [266022.0, 422599.0], [266641.0, 422087.0], [267084.0, 421502.0], [267101.0, 421229.0], [267703.0, 420957.0], [268322.0, 420300.0], [268941.0, 419630.0], [269560.0, 418947.0], [270003.0, 418193.0], [270020.0, 417703.0], [270622.0, 417419.0], [271241.0, 416556.0], [271860.0, 415750.0], [272479.0, 414944.0], [272939.0, 413789.0], [273399.0, 412415.0], [273859.0, 411265.0], [274319.0, 410039.0], [274603.0, 408596.0], [274779.0, 408592.0], [275239.0, 407340.0], [275523.0, 406162.0], [275699.0, 405946.0], [276159.0, 404571.0], [276443.0, 403368.0], [276619.0, 403180.0], [277079.0, 402134.0], [277539.0, 400521.0], [277556.0, 400453.0], [277857.0, 399257.0], [278016.0, 399256.0], [278317.0, 397904.0], [278476.0, 397857.0], [278936.0, 396491.0], [279220.0, 395131.0], [279237.0, 392020.0]]

size_X_E = 112
