vars = 200 ; constr = 1 
 # informations of B&B algorithm : 
total_times_used = 300.05 
total_nodes = 18534 
pruned_nodes = 8083 
GAP = 0.0 
relaxation_time = 281.19 
test_dominance_time = 0.34 
update_incumbent_time = 0.94 
tree_size = 55.191 
nb_nodes_EPB = 4965 
nb_nodes_VB = 13568 
root_relax = true 
TO = true 

size_Y_N = 79
Y_N = [[94630.0, 179405.0], [94789.0, 179255.0], [95391.0, 179250.0], [95550.0, 179232.0], [96010.0, 179152.0], [96152.0, 179147.0], [96169.0, 179120.0], [96629.0, 179082.0], [97089.0, 179021.0], [97248.0, 178900.0], [97708.0, 178890.0], [97850.0, 178775.0], [98151.0, 178715.0], [98469.0, 178621.0], [98787.0, 178503.0], [98929.0, 178416.0], [99088.0, 178399.0], [99230.0, 178301.0], [99247.0, 178295.0], [99389.0, 178220.0], [99849.0, 178079.0], [100008.0, 178029.0], [100167.0, 177952.0], [100309.0, 177850.0], [100468.0, 177823.0], [100627.0, 177764.0], [100786.0, 177687.0], [100928.0, 177542.0], [101087.0, 177500.0], [101246.0, 177473.0], [101388.0, 177356.0], [101547.0, 177319.0], [101706.0, 177277.0], [102166.0, 177028.0], [102308.0, 176835.0], [102768.0, 176681.0], [102927.0, 176600.0], [103086.0, 176397.0], [103546.0, 176301.0], [103705.0, 176122.0], [104148.0, 175809.0], [104165.0, 175737.0], [104307.0, 175601.0], [104466.0, 175292.0], [104926.0, 175286.0], [105085.0, 175015.0], [105704.0, 174706.0], [106147.0, 173918.0], [106164.0, 173446.0], [106766.0, 173275.0], [107243.0, 171908.0], [107686.0, 170614.0], [107703.0, 170554.0], [108163.0, 169168.0], [108623.0, 167656.0], [109083.0, 166260.0], [109367.0, 164862.0], [109543.0, 164856.0], [109702.0, 164730.0], [109844.0, 163305.0], [110003.0, 163178.0], [110162.0, 162980.0], [110304.0, 161628.0], [110463.0, 161366.0], [110622.0, 160175.0], [110764.0, 160065.0], [110923.0, 158810.0], [111082.0, 158608.0], [111383.0, 157213.0], [111542.0, 156994.0], [111701.0, 155561.0], [111843.0, 155011.0], [112002.0, 154084.0], [112161.0, 153897.0], [112303.0, 151422.0], [112445.0, 149043.0], [112462.0, 148871.0], [112604.0, 145207.0], [112621.0, 144575.0]]

size_X_E = 79
