vars = 500 ; constr = 1 
 # informations of B&B algorithm : 
total_times_used = 300.17 
total_nodes = 5996 
pruned_nodes = 1443 
GAP = 0.0 
relaxation_time = 290.48 
test_dominance_time = 0.07 
update_incumbent_time = 0.26 
tree_size = 36.302 
nb_nodes_EPB = 1447 
nb_nodes_VB = 4548 
root_relax = true 
TO = true 

size_Y_N = 53
Y_N = [[92226.0, 326395.0], [92340.0, 325700.0], [92352.0, 324454.0], [92418.0, 324119.0], [92430.0, 324085.0], [92532.0, 323831.0], [92598.0, 323080.0], [92700.0, 322411.0], [92766.0, 320850.0], [92778.0, 320517.0], [92880.0, 320338.0], [92958.0, 318887.0], [92970.0, 318500.0], [93060.0, 318081.0], [93138.0, 316431.0], [93228.0, 314531.0], [93318.0, 313799.0], [93384.0, 311894.0], [93396.0, 311329.0], [93408.0, 311134.0], [93498.0, 310823.0], [93588.0, 308768.0], [93666.0, 307469.0], [93756.0, 305313.0], [93846.0, 303837.0], [93936.0, 301668.0], [94026.0, 300056.0], [94116.0, 297919.0], [94194.0, 295525.0], [94284.0, 293279.0], [94374.0, 291005.0], [94464.0, 288701.0], [94554.0, 286320.0], [94644.0, 283863.0], [94734.0, 281487.0], [94812.0, 279020.0], [94902.0, 276437.0], [94992.0, 273794.0], [95082.0, 271110.0], [95172.0, 268323.0], [95262.0, 264127.0], [95340.0, 259807.0], [95430.0, 255202.0], [95520.0, 251061.0], [95610.0, 246606.0], [95700.0, 242062.0], [95790.0, 237528.0], [95856.0, 231281.0], [95868.0, 231197.0], [95958.0, 226527.0], [96048.0, 216619.0], [96138.0, 206674.0], [96228.0, 181179.0]]

size_X_E = 53
