vars = 625 ; constr = 50 
 # informations of B&B algorithm : 
total_times_used = 3601.0 
total_nodes = 279199 
pruned_nodes = 137114 
GAP = 0.0 
relaxation_time = 1008.76 
test_dominance_time = 0.08 
update_incumbent_time = 1.51 
tree_size = 2055.063 
nb_nodes_EPB = 5854 
nb_nodes_VB = 273344 
root_relax = false 
TO = true 
rootLBS = 19 
LBSexhaustive = true 
 位_strategy = 0 
 位_min = 0 
 位_max = 0 
位_acc = 0.0 
total_time_cplex = 0.0 
total_time_fusion = 0.0 


size_Y_N = 65
Y_N = [[38.0, 217.0], [40.0, 198.0], [42.0, 187.0], [43.0, 184.0], [44.0, 175.0], [46.0, 164.0], [47.0, 161.0], [48.0, 159.0], [49.0, 155.0], [50.0, 152.0], [51.0, 148.0], [52.0, 145.0], [54.0, 139.0], [55.0, 136.0], [56.0, 133.0], [57.0, 132.0], [58.0, 131.0], [59.0, 129.0], [60.0, 124.0], [61.0, 122.0], [62.0, 121.0], [63.0, 119.0], [64.0, 117.0], [65.0, 113.0], [67.0, 106.0], [70.0, 104.0], [72.0, 102.0], [73.0, 101.0], [74.0, 98.0], [75.0, 96.0], [76.0, 93.0], [79.0, 90.0], [80.0, 89.0], [82.0, 86.0], [84.0, 85.0], [86.0, 83.0], [87.0, 82.0], [90.0, 81.0], [92.0, 79.0], [93.0, 78.0], [94.0, 73.0], [97.0, 72.0], [102.0, 69.0], [104.0, 66.0], [107.0, 65.0], [113.0, 64.0], [114.0, 63.0], [115.0, 61.0], [116.0, 60.0], [119.0, 59.0], [125.0, 58.0], [127.0, 55.0], [130.0, 54.0], [136.0, 53.0], [141.0, 52.0], [142.0, 51.0], [145.0, 50.0], [148.0, 49.0], [152.0, 47.0], [155.0, 46.0], [161.0, 45.0], [172.0, 44.0], [175.0, 43.0], [187.0, 42.0], [209.0, 41.0]]
