vars = 625 ; constr = 50 
 # informations of B&B algorithm : 
total_times_used = 3601.77 
total_nodes = 276091 
pruned_nodes = 134478 
GAP = 0.0 
relaxation_time = 1147.18 
test_dominance_time = 0.06 
update_incumbent_time = 1.9 
tree_size = 1688.735 
nb_nodes_EPB = 8274 
nb_nodes_VB = 267816 
root_relax = false 
TO = true 
rootLBS = 19 
LBSexhaustive = true 
 位_strategy = 0 
 位_min = 0 
 位_max = 0 
位_acc = 0.0 
total_time_cplex = 0.0 
total_time_fusion = 0.0 
heur = false 
heur_time = 0.0 
mixed = false 
mixed2 = false 


size_Y_N = 76
Y_N = [[43.0, 226.0], [44.0, 224.0], [45.0, 211.0], [46.0, 208.0], [47.0, 200.0], [49.0, 192.0], [50.0, 184.0], [51.0, 180.0], [53.0, 178.0], [54.0, 172.0], [55.0, 162.0], [58.0, 158.0], [59.0, 156.0], [60.0, 149.0], [63.0, 140.0], [64.0, 138.0], [65.0, 136.0], [68.0, 134.0], [69.0, 132.0], [70.0, 127.0], [72.0, 125.0], [73.0, 123.0], [75.0, 120.0], [76.0, 118.0], [77.0, 116.0], [78.0, 114.0], [81.0, 111.0], [82.0, 107.0], [83.0, 106.0], [86.0, 104.0], [87.0, 103.0], [88.0, 102.0], [90.0, 100.0], [92.0, 97.0], [93.0, 93.0], [96.0, 92.0], [97.0, 91.0], [98.0, 90.0], [99.0, 89.0], [101.0, 86.0], [104.0, 85.0], [106.0, 84.0], [107.0, 82.0], [110.0, 81.0], [113.0, 80.0], [117.0, 78.0], [120.0, 77.0], [121.0, 75.0], [125.0, 74.0], [127.0, 73.0], [128.0, 72.0], [131.0, 70.0], [133.0, 69.0], [136.0, 68.0], [138.0, 67.0], [144.0, 66.0], [146.0, 65.0], [147.0, 63.0], [152.0, 62.0], [155.0, 61.0], [157.0, 60.0], [162.0, 59.0], [171.0, 58.0], [173.0, 57.0], [175.0, 56.0], [187.0, 55.0], [188.0, 54.0], [197.0, 53.0], [199.0, 52.0], [207.0, 51.0], [214.0, 50.0], [222.0, 49.0], [228.0, 48.0], [255.0, 47.0], [256.0, 46.0], [270.0, 45.0]]
