vars = 100 ; constr = 300 
 # informations of B&B algorithm : 
total_times_used = 335.15 
total_nodes = 17105 
pruned_nodes = 8514 
GAP = 0.0 
relaxation_time = 316.67 
test_dominance_time = 0.01 
update_incumbent_time = 0.15 
tree_size = 47.544 
nb_nodes_EPB = 248 
nb_nodes_VB = 16856 
root_relax = true 

size_Y_N = 31
Y_N = [[1785.0, 2251.0], [1802.0, 2247.0], [1827.0, 2226.0], [1899.0, 2222.0], [1956.0, 2220.0], [1958.0, 2193.0], [1966.0, 2191.0], [2006.0, 2187.0], [2027.0, 2171.0], [2079.0, 2168.0], [2094.0, 2136.0], [2095.0, 2129.0], [2116.0, 2120.0], [2137.0, 2119.0], [2144.0, 2110.0], [2155.0, 2100.0], [2164.0, 2080.0], [2174.0, 2071.0], [2181.0, 2062.0], [2202.0, 2061.0], [2220.0, 2042.0], [2239.0, 2013.0], [2250.0, 1998.0], [2257.0, 1994.0], [2268.0, 1979.0], [2287.0, 1950.0], [2305.0, 1931.0], [2320.0, 1846.0], [2332.0, 1818.0], [2344.0, 1707.0], [2355.0, 1491.0]]

size_X_E = 31
X_E = [[1.0, 1.0000000000001594, -0.0, 1.0, 1.9584334154387761e-13, 0.0, 1.0, -2.057243264630415e-13, 0.0, 0.0, 0.0, 0.9999999999999725, 0.0, 1.0, 0.9999999999999725, 0.0, 0.0, 0.0, 1.0, -0.0, 1.0000000000000562, 1.0, 1.0000000000002152, 0.0, 0.0, -0.0, 0.0, 0.0, 0.0, 0.0, 1.0000000000002056, 0.0, 0.0, -2.05613304160579e-13, -0.0, 0.0, 0.0, 0.0, 0.0, -0.0, 0.0, 0.0, 0.0, 0.9999999999999438, 1.000000000000159, 0.0, 1.0000000000000464, 1.0, -0.0, 0.0, 1.0, 0.0, 1.0, 1.0, 1.000000000000056, 0.0, 1.0000000000000275, 1.0000000000002152, 0.0, 1.0, 0.0, 1.0, 0.0, 1.0, -1.5931700403370996e-13, 0.0, 0.0, 0.0, 0.0, 1.0, -2.1516122217235534e-13, 0.9999999999999438, 1.0, 0.0, 0.0, 1.0, 1.000000000000159, 0.0, 1.0, 1.0, 0.0, 0.0, 0.0, 1.0, 0.0, 0.0, 0.0, 0.0, -0.0, 1.0, 1.0, 0.0, 0.0, 0.0, 0.0, 1.0, 0.9999999999998042, -1.5898393712632242e-13, 0.0, -2.6190161150907443e-13], [1.0, 1.0, -0.0, 1.0, 0.0, 0.0, 1.0, 0.0, 0.0, 0.0, 0.0, 1.0, -0.0, 1.0, 1.0, 0.0, 0.0, 0.0, 1.0, 0.0, 1.0, 1.0, 1.0, 0.0, 0.0, -0.0, 0.0, 0.0, 0.0, 0.0, 1.0, -0.0, 0.0, 0.0, 0.0, 0.0, 0.0, 0.0, 0.0, 0.0, 0.0, 0.0, 0.0, 1.0, 1.0, 0.0, 1.0, 1.0, 0.0, -0.0, 1.0, -0.0, 1.0, 1.0, 1.0, 0.0, 1.0, 1.0, 0.0, 1.0, 0.0, 1.0, 0.0, 1.0, 0.0, 0.0, 0.0, 0.0, 0.0, 1.0, 0.0, 1.0, 1.0, 0.0, 0.0, 1.0, 1.0, 0.0, 1.0, 1.0, 0.0, 0.0, 0.0, 1.0, 0.0, 0.0, 0.0, 0.0, -0.0, 1.0, 1.0, 0.0, 0.0, 0.0, 0.0, 1.0, 1.0, 0.0, -0.0, 0.0], [1.0, 0.0, 0.0, 1.0, 0.0, 0.0, 1.0, 0.0, 0.0, 0.0, 0.0, 1.0, 0.0, 1.0, 1.0, 0.0, 0.0, 0.0, 1.0, 0.0, 1.0, 1.0, 1.0, 0.0, 0.0, 0.0, 0.0, 0.0, 0.0, 0.0, 1.0, 0.0, 0.0, 0.0, 0.0, 0.0, 0.0, 0.0, -0.0, 0.0, 0.0, -0.0, 0.0, 1.0, 1.0, 0.0, 1.0, 1.0, 0.0, -0.0, 1.0, 0.0, 1.0, 1.0, 1.0, 0.0, 1.0, 1.0, 0.0, 1.0, 0.0, 1.0, 0.0, 1.0, 1.0, 0.0, -0.0, 0.0, 0.0, 1.0, 0.0, 1.0, 1.0, 0.0, 0.0, 1.0, 1.0, 0.0, 1.0, 1.0, -0.0, 0.0, 0.0, 1.0, 0.0, 0.0, 0.0, 0.0, 0.0, 1.0, 1.0, 0.0, 0.0, 0.0, 0.0, 1.0, 1.0, 0.0, 0.0, 0.0], [1.0, 1.0, 0.0, 1.0, 0.0, 0.0, 1.0, 0.0, 0.0, 0.0, 0.0, 1.0, -0.0, 1.0, 1.0, 0.0, 0.0, 0.0, 0.0, 0.0, 1.0, 1.0, 1.0, 0.0, 0.0, 0.0, 0.0, 0.0, 0.0, 0.0, 1.0, -0.0, 0.0, 0.0, 0.0, 1.0, 0.0, 0.0, 0.0, -0.0, 0.0, 0.0, 0.0, 1.0, 1.0, 0.0, 1.0, 1.0, -0.0, -0.0, 1.0, 0.0, 1.0, 1.0, 1.0, 0.0, 1.0, 1.0, 0.0, 1.0, 0.0, 1.0, 0.0, 1.0, 0.0, 0.0, 0.0, -0.0, 0.0, 1.0, 0.0, 1.0, 1.0, -0.0, 0.0, 1.0, 1.0, 0.0, 1.0, 1.0, 0.0, 0.0, 0.0, 1.0, 0.0, -0.0, 0.0, 0.0, 0.0, 1.0, 1.0, 0.0, 0.0, 0.0, 0.0, 1.0, 1.0, 0.0, -0.0, 0.0], [1.0, 1.0, 0.0, 1.0, 0.0, 0.0, 1.0, -0.0, 0.0, 0.0, 0.0, 1.0, -0.0, 1.0, 1.0, 0.0, -0.0, 0.0, 0.0, 0.0, 1.0, 1.0, 1.0, 0.0, 0.0, 0.0, 0.0, 0.0, 0.0, 0.0, 1.0, -0.0, -0.0, 0.0, 0.0, 1.0, 0.0, 0.0, 0.0, -0.0, 0.0, 0.0, 0.0, 1.0, 1.0, 0.0, 1.0, 1.0, 0.0, -0.0, 1.0, 0.0, 1.0, 1.0, 1.0, 0.0, 1.0, 1.0, 0.0, 1.0, 0.0, 1.0, 0.0, 1.0, 0.0, 0.0, 0.0, 0.0, 0.0, 1.0, 0.0, 1.0, 1.0, -0.0, 0.0, 1.0, 1.0000000000000002, 0.0, 1.0, 1.0, 0.0, 0.0, 0.0, 1.0, 0.0, 0.0, 0.0, 0.0, 0.0, 1.0, 1.0, 0.0, 0.0, 0.0, 0.0, 1.0, 1.0, 0.0, -0.0, 0.0], [0.0, 1.0, 0.0, 1.0, 0.0, 0.0, 1.0, 0.0, 0.0, 0.0, 0.0, 1.0, 0.0, 1.0, 1.0, 0.0, 0.0, 0.0, 1.0, 0.0, 1.0, 1.0, 1.0, 0.0, 0.0, 0.0, 0.0, 0.0, 0.0, 0.0, 1.0, 0.0, 0.0, 0.0, 0.0, 0.0, 0.0, 0.0, 0.0, 0.0, 0.0, 0.0, 0.0, 1.0, 1.0, 0.0, 1.0, 1.0, 0.0, 0.0, 1.0, 0.0, 1.0, 1.0, 1.0, 0.0, 1.0, 1.0, 0.0, 1.0, 0.0, 1.0, 0.0, 1.0, 0.0, 0.0, 0.0, 0.0, 0.0, 1.0, 0.0, 0.0, 1.0, 0.0, 0.0, 1.0, 1.0, 0.0, 1.0, 1.0, 0.0, 0.0, 0.0, 1.0, 0.0, 1.0, 0.0, 1.0, 0.0, 1.0, 1.0, 0.0, 1.0, 0.0, 0.0, 1.0, 1.0, 0.0, 0.0, 0.0], [0.0, 1.0, 0.0, 1.0, 0.0, 1.0, 1.0, 0.0, 0.0, 1.0, 1.0, 1.0, 1.0, 1.0, 0.0, 0.0, 0.0, 1.0, 0.0, 0.0, 0.0, 0.0, 0.0, 1.0, 0.0, 0.0, 0.0, 0.0, 0.0, 1.0, 0.0, 0.0, 0.0, 1.0, 0.0, 0.0, 0.0, 0.0, 0.0, 0.0, 0.0, 0.0, 1.0, 1.0, 0.0, 0.0, 0.0, 1.0, 0.0, 0.0, 1.0, 0.0, 1.0, 0.0, 1.0, 0.0, 0.0, 0.0, 0.0, 0.0, 1.0, 0.0, 0.0, 1.0, 0.0, 0.0, 0.0, 0.0, 0.0, 1.0, 1.0, 0.0, 0.0, 1.0, 0.0, 0.0, 0.0, 0.0, 1.0, 1.0, 0.0, 0.0, 0.0, 0.0, 0.0, 1.0, 1.0, 1.0, 0.0, 1.0, 1.0, 0.0, 1.0, 0.0, 0.0, 1.0, 1.0, 1.0, 0.0, 1.0], [-0.0, 1.0, -0.0, 1.0, 0.0, 1.0000000000000009, 1.0, 0.0, 0.0, 1.0, 1.0, 0.9999999999999991, 1.0, 1.0, 0.0, 0.0, 0.0, 1.0, 0.0, 0.0, 0.0, 0.0, 0.0, 0.9999999999999991, 0.0, 0.0, 0.0, 0.0, 0.0, 1.0, 0.0, 0.0, 0.0, 1.0, 0.0, 0.0, 0.0, 0.0, 0.0, 0.0, 0.0, 0.0, 1.0, 1.0000000000000009, 0.0, 0.0, 0.0, 1.0, 0.0, 0.0, 1.0, 0.0, 1.0, 0.0, 1.0, 0.0, 0.0, 0.0, 0.0, 0.0, 1.0, 0.0, 0.0, 1.0, 0.0, 0.0, 0.0, 0.0, 0.0, 1.0, 0.9999999999999991, 0.0, 0.0, 1.0, 0.0, 0.0, 0.0, 0.0, 1.0, 1.0, -0.0, 0.0, 0.0, 0.0, 0.0, 1.0, 1.0, 1.0, 0.0, 1.0, 1.0, 0.0, 1.0, 0.0, 0.0, 1.0, 1.0, 0.9999999999999991, 0.0, 1.0], [-0.0, 0.9999999999999971, -0.0, 0.9999999999999971, 0.0, 1.0, 0.9999999999999971, -0.0, 0.0, 0.9999999999999986, 1.0, 0.9999999999999986, 0.9999999999999971, 0.9999999999999971, 0.0, 0.0, 0.0, 1.0, 0.0, 0.0, 0.0, -0.0, 0.0, 1.0, -0.0, -0.0, 0.0, 0.0, 0.0, 1.0, 0.0, 0.0, 0.0, 1.0, 0.0, -0.0, 0.0, 0.0, 0.0, 0.0, 0.0, 0.0, 1.0, 0.9999999999999964, -0.0, 0.0, 0.0, 1.0, -0.0, -0.0, 1.0, -0.0, 1.0, -0.0, 0.9999999999999971, -0.0, -0.0, 0.0, 0.0, 0.0, 0.9999999999999575, 0.0, 0.0, 1.0, 0.0, 0.0, 0.0, 0.0, 0.0, 1.0, 1.0, 0.0, 0.0, 1.0, 0.0, 0.0, 0.0, 0.0, 0.9999999999999971, 0.9999999999999971, -0.0, 0.0, 0.0, 0.0, -0.0, 0.9999999999999986, 1.0, 1.0, 0.0, 0.9999999999999986, 1.0, 0.0, 1.0, 0.0, -0.0, 1.0, 0.9999999999999971, 1.0, -0.0, 1.0], [-0.0, 0.9999999999999999, -0.0, 1.0, 0.0, 1.0, 1.0, 0.0, 0.0, 1.0000000000000004, 1.0, 1.0000000000000004, 1.0000000000000004, 1.0, 0.0, 0.0, 0.0, 0.9999999999999999, 0.0, 0.0, 0.0, 0.0, -0.0, 1.0000000000000009, -0.0, -0.0, 0.0, 0.0, 0.0, 0.9999999999999999, 0.0, 0.0, 0.0, 1.0, 0.0, -0.0, 0.0, 0.0, 0.0, -0.0, 0.0, 0.0, 1.0, 1.0000000000000004, -0.0, -0.0, 0.0, 1.0, -0.0, -0.0, 1.0, 0.0, 1.0000000000000004, 0.0, 0.9999999999999999, 0.0, 0.0, 0.0, -0.0, 0.0, 1.0, 0.0, 0.0, 1.0, 0.0, 0.0, 0.0, 0.0, 0.0, 1.0, 1.0, 0.0, 0.0, 1.0000000000000004, -0.0, 0.0, 0.0, 0.0, 0.9999999999999999, 0.9999999999999999, -0.0, 0.0, 0.0, 0.0, 0.0, 1.0, 1.0000000000000004, 1.0, 0.0, 1.0, 1.0, 0.0, 1.0, 0.0, 0.0, 1.0, 1.0000000000000002, 1.0, -0.0, 1.0], [-0.0, 1.0, -0.0, 1.0, 0.0, 1.0, 1.0, 0.0, 0.0, 1.0, 1.0, 1.0, 1.0, 1.0, 0.0, 0.0, 0.0, 1.0, 0.0, 0.0, 0.0, 0.0, -0.0, 1.0, 0.0, -0.0, 0.0, -0.0, 0.0, 1.0, 0.0, -0.0, -0.0, 1.0, 0.0, -0.0, 0.0, 0.0, 0.0, 0.0, 0.0, 0.0, 1.0, 1.0, -0.0, -0.0, 0.0, 1.0, -0.0, -0.0, 1.0, 0.0, 1.0, 0.0, 1.0, 0.0, 0.0, 0.0, 0.0, 0.0, 1.0, 0.0, 0.0, 1.0, 0.0, 0.0, 0.0, 0.0, 0.0, 1.0, 1.0, 0.0, 0.0, 1.0, -0.0, 0.0, -0.0, 0.0, 1.0, 1.0, 0.0, 0.0, 0.0, 0.0, -0.0, 0.9999999999999999, 1.0, 1.0, 0.0, 1.0, 1.0, 0.0, 1.0, 0.0, 0.0, 1.0, 1.0, 1.0, -0.0, 1.0], [-0.0, 1.0, 0.0, 0.9999999999999996, 0.0, 0.9999999999999993, 0.9999999999999996, 0.0, 0.0, 0.9999999999999996, 0.9999999999999993, 0.9999999999999996, 0.9999999999999996, 0.9999999999999996, 0.0, 0.0, 0.0, 1.0, 0.0, 0.0, 0.0, 0.0, -0.0, 0.9999999999999993, -0.0, 0.0, 0.0, 0.0, 0.0, 1.0, 0.0, 0.0, 0.0, 0.9999999999999991, 0.0, 0.0, 0.0, 0.0, 0.0, 0.0, 0.0, 0.0, 0.9999999999999993, 0.9999999999999996, 0.0, -0.0, 0.0, 1.0, 0.0, -0.0, 0.9999999999999993, 0.0, 1.0, -0.0, 0.9999999999999996, 0.0, 0.0, 0.0, 0.0, 0.0, 0.9999999999999989, 0.0, 0.0, 1.0, 0.0, 0.0, 0.0, 0.0, 0.0, 1.0, 1.0, 0.0, 0.0, 1.0, 0.0, 0.0, 0.0, 0.0, 1.0, 0.9999999999999996, -0.0, 0.0, 0.0, 0.0, 0.0, 0.9999999999999996, 1.0, 1.0, 0.0, 0.9999999999999996, 0.9999999999999991, 0.0, 1.0, 0.0, 0.0, 1.0, 0.9999999999999998, 1.0, -0.0, 1.0], [-0.0, 1.0, -0.0, 1.0000000000000004, 0.0, 1.0, 1.0, 0.0, 0.0, 1.0000000000000004, 1.0, 1.0000000000000004, 1.0000000000000004, 1.0, 0.0, -0.0, 0.0, 0.9999999999999991, 0.0, -0.0, 0.0, 0.0, -0.0, 1.0, 0.0, 0.0, 0.0, 0.0, 0.0, 1.0000000000000004, 0.0, 0.0, 0.0, 1.0, 0.0, 0.0, 0.0, 0.0, 0.0, -0.0, 0.0, 0.0, 1.0, 1.0000000000000004, 0.0, -0.0, 0.0, 1.0, 0.0, -0.0, 1.0, 0.0, 1.0, 0.0, 1.0, 0.0, 0.0, 0.0, 0.0, 0.0, 1.0, 0.0, 0.0, 1.0, 0.0, -0.0, 0.0, 0.0, 0.0, 1.0, 1.0, 0.0, 0.0, 1.0000000000000004, 0.0, 0.0, 0.0, 0.0, 1.0, 1.0, -0.0, 0.0, 0.0, 0.0, 0.0, 1.0000000000000004, 1.0000000000000004, 1.0, 0.0, 1.0000000000000004, 1.0000000000000002, 0.0, 1.0, 0.0, 0.0, 1.0, 1.0, 1.0, 0.0, 1.0], [0.0, 0.0, 0.0, 1.0, 0.0, 0.0, 1.0, 0.0, 0.0, 0.0, 0.0, 1.0, 0.0, 1.0, 1.0, 0.0, 0.0, 0.0, 0.0, 0.0, 1.0, 1.0, 1.0, 0.0, -0.0, 0.0, 0.0, 0.0, 0.0, 0.0, 1.0, 0.0, 0.0, 0.0, 0.0, 1.0, 0.0, 0.0, 0.0, -0.0, 0.0, 0.0, 0.0, 1.0, 1.0, 0.0, 1.0, 1.0, 0.0, -0.0, 1.0, 0.0, 1.0, 1.0, 1.0, 0.0, 1.0, 1.0, 0.0, 1.0, -0.0, 1.0, 0.0, 1.0, 1.0, 0.0, 0.0, 0.0, 0.0, 1.0, 0.0, 0.0, 1.0, -0.0, 0.0, 1.0, 1.0, 0.0, 1.0, 1.0, -0.0, 0.0, 0.0, 1.0, 0.0, 1.0, 0.0, 1.0, 0.0, 1.0, 1.0, 0.0, 1.0, 0.0, 0.0, 1.0, 1.0, 0.0, -0.0, 0.0], [-0.0, 0.0, 0.0, 1.0, 0.0, 0.0, 1.0, -0.0, 0.0, 0.0, 0.0, 1.0, 0.0, 1.0, 1.0, 0.0, 0.0, 0.0, 0.0, -0.0, 1.0, 1.0, 1.0, 0.0, -0.0, 0.0, 0.0, 0.0, 0.0, -0.0, 1.0, 0.0, -0.0, -0.0, 0.0, 1.0, 0.0, 0.0, 0.0, -0.0, 0.0, 0.0, 0.0, 1.0, 1.0, 0.0, 1.0, 1.0, -0.0, -0.0, 1.0000000000000002, 0.0, 1.0, 1.0, 1.0, -0.0, 1.0, 1.0, 0.0, 1.0, 0.0, 1.0, 0.0, 1.0, 1.0, 0.0, -0.0, 0.0, 0.0, 1.0, 0.0, 0.0, 1.0, -0.0, 0.0, 1.0, 1.0, 0.0, 1.0, 1.0, -0.0, 0.0, 0.0, 1.0, 0.0, 1.0, 0.0, 1.0, -0.0, 1.0, 1.0, 0.0, 1.0, 0.0, 0.0, 1.0, 1.0, 0.0, -0.0, 0.0], [0.0, 0.0, 0.0, 1.0, 0.0, 0.0, 1.0, 0.0, 0.0, 0.0, 0.0, 1.0, 0.0, 1.0, 1.0, 0.0, 0.0, 0.0, 0.0, 0.0, 1.0, 1.0, 1.0, 0.0, 0.0, 0.0, 0.0, 0.0, 0.0, 0.0, 1.0, 0.0, 0.0, 0.0, 0.0, 1.0, 0.0, 0.0, 0.0, 0.0, 0.0, 0.0, 0.0, 1.0, 1.0, 0.0, 1.0, 1.0, -0.0, -0.0, 1.0, 0.0, 1.0, 1.0, 1.0, 0.0, 1.0, 1.0, 0.0, 1.0, -0.0, 1.0, 0.0, 1.0, 1.0, 0.0, 0.0, 0.0, 0.0, 1.0, 0.0, 0.0, 1.0, -0.0, 0.0, 1.0, 1.0, 0.0, 1.0, 1.0, -0.0, 0.0, 0.0, 1.0, 0.0, 0.9999999999999982, 0.0, 1.0, -0.0, 1.0, 1.0, 0.0, 1.0, 0.0, 0.0, 1.0, 1.0, 0.0, 0.0, 0.0], [0.0, 0.0, 0.0, 1.0000000000000004, 0.0, 0.0, 1.0000000000000018, 0.0, 0.0, 0.0, 0.0, 1.0000000000000004, 0.0, 1.0000000000000018, 1.000000000000003, 0.0, 0.0, 0.0, 0.0, 0.0, 1.0, 1.0, 1.0, 0.0, -0.0, 0.0, 0.0, 0.0, 0.0, 0.0, 1.0, 0.0, 0.0, 0.0, 0.0, 1.0, 0.0, 0.0, 0.0, 0.0, 0.0, 0.0, 0.0, 1.000000000000003, 1.000000000000003, 0.0, 1.0, 1.0, -0.0, -0.0, 1.000000000000003, 0.0, 1.000000000000003, 1.0, 1.0000000000000004, 0.0, 1.0, 1.0, 0.0, 1.000000000000003, 0.0, 1.0, 0.0, 1.0, 1.0, 0.0, 0.0, 0.0, 0.0, 1.0, 0.0, 0.0, 1.0, 0.0, 0.0, 1.000000000000003, 1.000000000000003, 0.0, 1.0, 1.0, 0.0, 0.0, 0.0, 1.000000000000003, 0.0, 1.0, 0.0, 1.0000000000000062, 0.0, 1.0000000000000004, 1.0000000000000004, 0.0, 1.0, 0.0, 0.0, 1.0000000000000044, 1.0000000000000018, 0.0, -0.0, 0.0], [-0.0, 0.0, 0.0, 1.0, 0.0, 0.0, 1.0, 0.0, -0.0, 0.0, 0.0, 1.0, 0.0, 1.0, 1.0, 0.0, 0.0, 0.0, 0.0, 0.0, 1.0, 1.0, 1.0, -0.0, 0.0, -0.0, 0.0, 0.0, 0.0, 0.0, 1.0, -0.0, 0.0, 0.0, 0.0, 1.0, 0.0, 0.0, 0.0, -0.0, 0.0, 0.0, -0.0, 1.0, 1.0, 0.0, 1.0, 1.0, -0.0, -0.0, 1.0, 0.0, 1.0, 1.0, 1.0, 0.0, 1.0, 1.0, 0.0, 1.0, 0.0, 1.0, 0.0, 1.0, 0.9999999999999998, 0.0, 0.0, 0.0, 0.0, 1.0, 0.0, 0.0, 1.0, -0.0, 0.0, 1.0, 1.0, 0.0, 1.0, 1.0, 0.0, 0.0, 0.0, 1.0, 0.0, 1.0, 0.0, 1.0, 0.0, 1.0, 1.0, 0.0, 1.0, 0.0, 0.0, 1.0, 1.0, 0.0, -0.0, 0.0], [0.0, 1.0, 0.0, 1.0, 0.0, 0.0, 1.0, 0.0, 0.0, 0.0, 0.0, 1.0, 0.0, 1.0, 1.0, 0.0, 0.0, 0.0, 1.0, 0.0, 1.0, 1.0, 1.0, 0.0, 0.0, 0.0, 0.0, 0.0, 0.0, 0.0, 1.0, 0.0, 0.0, 0.0, 0.0, 0.0, 0.0, 1.0, 0.0, 0.0, 0.0, 0.0, 0.0, 1.0, 1.0, 0.0, 1.0, 1.0, 0.0, 0.0, 0.0, 0.0, 1.0, 1.0, 1.0, 0.0, 1.0, 1.0, 0.0, 1.0, 0.0, 1.0, 0.0, 1.0, 0.0, 0.0, 0.0, 0.0, 0.0, 1.0, 0.0, 0.0, 1.0, 0.0, 0.0, 1.0, 1.0, 0.0, 1.0, 1.0, 0.0, 0.0, 0.0, 1.0, 0.0, 1.0, 0.0, 1.0, 0.0, 1.0, 1.0, 0.0, 1.0, 0.0, 0.0, 1.0, 1.0, 0.0, 0.0, 0.0], [-0.0, 1.0, -0.0, 1.0, 0.0, 1.0, 1.0, 0.0, 0.0, 1.0, 1.0, 1.0, 1.0, 1.0, -0.0, 0.0, 0.0, 1.0, 0.0, -0.0, -0.0, 0.0, 0.0, -0.0, 0.0, -0.0, 0.0, 0.0, -0.0, 1.0, 0.0, -0.0, 0.0, 1.0, -0.0, 0.0, 0.0, 0.0, 0.0, 0.0, 0.0, 0.0, 1.0, 1.0, 0.0, 0.0, 0.0, 1.0, 0.0, -0.0, 1.0, -0.0, 1.0, 0.0, 1.0, 0.0, 1.0, 0.0, 0.0, 0.0, 1.0, 0.0, 0.0, 1.0, 0.0, -0.0, -0.0, -0.0, 0.0, 1.0, 1.0, 0.0, 0.0, 1.0, 0.0, 0.0, -0.0, -0.0, 1.0, 1.0, 0.0, 0.0, 0.0, 0.0, 0.0, 1.0, 1.0, 1.0, 0.0, 1.0, 1.0, -0.0, 1.0, 0.0, 0.0, 1.0, 1.0, 1.0, -0.0, 1.0], [-0.0, 1.0, 0.0, 1.0, 0.0, 1.0, 1.0, 0.0, 0.0, 1.0, 1.0, 1.0, 1.0, 1.0, 0.0, 0.0, 0.0, 1.0, 0.0, 0.0, 0.0, 0.0, 0.0, 0.0, 0.0, -0.0, 0.0, 0.0, 0.0, 1.0, 0.0, 0.0, 0.0, 1.0, 0.0, 0.0, 0.0, 0.0, 0.0, 0.0, 0.0, 0.0, 1.0, 1.0, 0.0, 0.0, 0.0, 1.0, 0.0, 0.0, 1.0, 0.0, 1.0, 0.0, 1.0, 0.0, 1.0000000000000002, 0.0, 0.0, 0.0, 1.0, 0.0, 0.0, 1.0, 0.0, -0.0, 0.0, 0.0, 0.0, 1.0, 1.0, 0.0, 0.0, 1.0, 0.0, 0.0, 0.0, 0.0, 1.0, 1.0, -0.0, 0.0, 0.0, 0.0, 0.0, 1.0, 1.0, 1.0, 0.0, 1.0, 1.0, 0.0, 1.0, 0.0, 0.0, 1.0, 1.0, 1.0, -0.0, 1.0], [-0.0, 1.0, 0.0, 1.0, 0.0, 1.0, 1.0, 0.0, -0.0, 1.000000000000006, 1.0, 1.0, 1.0, 1.0, 0.0, 0.0, 0.0, 1.0, 0.0, 0.0, 0.0, 0.0, -0.0, 0.0, 0.0, -0.0, 0.0, -0.0, 0.0, 1.0, 0.0, 0.0, -0.0, 1.0, 0.0, 0.0, -0.0, -0.0, 0.0, 0.0, 0.0, 0.0, 1.0, 1.0, 0.0, 0.0, -0.0, 1.0, 0.0, 0.0, 1.0, -0.0, 1.0, 0.0, 1.0, 0.0, 1.000000000000003, 0.0, 0.0, 0.0, 1.0, 0.0, 0.0, 1.0, 0.0, 0.0, 0.0, 0.0, 0.0, 1.0, 1.0, 0.0, 0.0, 1.0, 0.0, 0.0, 0.0, 0.0, 1.0, 1.0, 0.0, 0.0, 0.0, 0.0, 0.0, 1.0, 1.0, 1.0, 0.0, 1.0, 1.0, 0.0, 1.0, 0.0, 0.0, 1.0, 1.0, 1.0, -0.0, 1.0], [-0.0, 1.0, 0.0, 1.0, 0.0, 1.0, 1.0, -0.0, 0.0, 1.0000000000000033, 1.0, 1.0, 1.0, 1.0, 0.0, 0.0, 0.0, 1.0, 0.0, 0.0, 0.0, 0.0, 0.0, 0.0, 0.0, 0.0, 0.0, 0.0, 0.0, 1.0, 0.0, 0.0, 0.0, 1.0, 0.0, 0.0, 0.0, 0.0, 0.0, 0.0, 0.0, 0.0, 1.0, 1.0, 0.0, 0.0, 0.0, 1.0, 0.0, -0.0, 1.0, 0.0, 1.0, -0.0, 1.0, 0.0, 1.0, 0.0, 0.0, 0.0, 1.0, 0.0, -0.0, 1.0, 0.0, 0.0, 0.0, 0.0, 0.0, 1.0, 1.0, 0.0, 0.0, 1.0, 0.0, -0.0, -0.0, 0.0, 1.0, 1.0, 0.0, 0.0, 0.0, 0.0, 0.0, 1.0, 1.0, 1.0, 0.0, 1.0, 1.0, 0.0, 1.0, 0.0, 0.0, 1.0, 1.0, 1.0, -0.0, 1.0], [-0.0, 1.0, -0.0, 1.0, 0.0, 1.0, 1.0, 0.0, 0.0, 1.000000000000057, 1.0, 1.0, 1.0, 1.0, 0.0, -0.0, 0.0, 1.0, 0.0, 0.0, 0.0, 0.0, -0.0, -1.2323475573339238e-13, 0.0, -0.0, 0.0, -0.0, 0.0, 0.9999999999999429, 0.0, -0.0, 0.0, 1.0, 0.0, 0.0, 0.0, 0.0, 0.0, 0.0, 0.0, 0.0, 1.0, 1.0, 0.0, -0.0, 0.0, 1.0, 0.0, 0.0, 1.0000000000000178, -0.0, 1.0, 0.0, 1.0, 0.0, 1.0000000000001232, 0.0, 0.0, 0.0, 1.0, 0.0, 0.0, 1.0, 0.0, 0.0, 0.0, 0.0, 0.0, 1.0, 1.0, 0.0, 0.0, 1.0, 0.0, 0.0, 0.0, 0.0, 1.0, 1.0, 0.0, 0.0, 0.0, 0.0, -0.0, 1.0, 1.0, 1.0, 0.0, 1.0, 1.0, -0.0, 1.0, 0.0, 0.0, 1.0, 1.0, 1.0, -0.0, 1.0], [-0.0, 1.0, -0.0, 1.0, 0.0, 1.0, 1.0, 0.0, 0.0, 1.0, 1.0, 1.0000000000000027, 1.0, 1.0, 0.0, -0.0, 0.0, 1.0, 0.0, -0.0, -0.0, -0.0, -0.0, -0.0, 0.0, 0.0, 0.0, -0.0, 0.0, 1.0, 0.0, -0.0, -0.0, 1.0000000000000044, 0.0, -0.0, -0.0, -0.0, 0.0, 0.0, -0.0, 0.0, 1.0, 1.0, 0.0, 0.0, -0.0, 1.0, 0.0, -0.0, 1.0, -0.0, 1.0, -0.0, 1.0, -0.0, 1.0, 0.0, 0.0, -0.0, 1.0, -0.0, 0.0, 1.0, 0.0, -0.0, 0.0, 0.0, 0.0, 1.0, 1.0, 0.0, 0.0, 1.0, -0.0, 0.0, -0.0, -0.0, 1.0, 1.0, -0.0, 0.0, 0.0, 0.0, -0.0, 1.0, 1.0, 1.0, 0.0, 1.0, 1.0, -0.0, 1.0, 0.0, 0.0, 1.0, 1.0, 1.0, -0.0, 1.0], [0.0, 1.0, 0.0, 1.0, 0.0, 1.0, 1.0, 0.0, -0.0, 0.0, 1.0, 0.0, 1.0, 1.0, 0.0, 0.0, 0.0, 1.0, 1.0, 0.0, 0.0, -0.0, -0.0, 1.0, -0.0, -0.0, 0.0, 0.0, -0.0, 1.0, 0.0, 0.0, -0.0, 1.0, -0.0, 0.0, -0.0, 0.0, 0.0, 0.0, 0.0, 0.0, 1.0, 1.0, 0.0, 0.0, 0.0, 1.0, 0.0, -0.0, 1.0, 0.0, 1.0, -0.0, 1.0, 0.0, 0.0, -0.0, 0.0, -0.0, 1.0, 0.0, 0.0, 1.0, 0.0, 0.0, 0.0, 0.0, 0.0, 1.0, 1.0, 0.0, 0.0, 1.0, 0.0, 0.0, 0.0, 0.0, 1.0, 1.0, 0.0, 0.0, 1.0, 0.0, 0.0, 1.0, 1.0, 1.0, 0.0, 1.0, 1.0, 0.0, 1.0, -0.0, 0.0, 1.0, 1.0, 1.0, -0.0, 1.0], [0.0, 1.0, 0.0, 1.0, 0.0, 1.0, 1.0, 0.0, 0.0, -0.0, 1.0, 0.0, 1.0, 1.0, 0.0, 0.0, 0.0, 1.0, 1.0, -0.0, 0.0, 0.0, -0.0, 1.0, 0.0, -0.0, 0.0, 0.0, 0.0, 1.0, 0.0, 0.0, 0.0, 1.0, -0.0, 0.0, -0.0, 0.0, 0.0, 0.0, 0.0, 0.0, 1.0, 1.0, 0.0, 0.0, -0.0, 1.0, 0.0, -0.0, 1.0, 0.0, 1.0, 0.0, 1.0, 0.0, 0.0, -0.0, 0.0, 0.0, 1.0, 0.0, 0.0, 1.0, 0.0, 0.0, -0.0, 0.0, 0.0, 1.0, 1.0, 0.0, 0.0, 1.0, 0.0, 0.0, 0.0, 0.0, 1.0, 1.0, 0.0, 0.0, 1.0, 0.0, 0.0, 1.0, 1.0, 1.0, 0.0, 1.0, 0.9999999999999998, 0.0, 1.0, -0.0, -0.0, 1.0, 1.0, 1.0, 0.0, 1.0], [0.0, 1.0, 0.0, 1.0, 0.0, 1.0, 1.0, -0.0, -0.0, 0.0, 1.0, -0.0, 1.0, 1.0, -0.0, 0.0, 0.0, 1.0, 1.0, -0.0, 0.0, 0.0, 0.0, 1.0000000000000002, 0.0, 0.0, 0.0, 0.0, 0.0, 1.0, 0.0, 0.0, -0.0, 1.0, 0.0, 0.0, 0.0, 0.0, 0.0, 0.0, 0.0, 0.0, 1.0, 1.0, 0.0, 0.0, 0.0, 1.0, 0.0, 0.0, 1.0, 0.0, 1.0, 0.0, 1.0, -0.0, 0.0, -0.0, 0.0, 0.0, 1.0, 0.0, 0.0, 1.0, 0.0, 0.0, 0.0, 0.0, 0.0, 1.0, 1.0, 0.0, 0.0, 1.0, 0.0, 0.0, 0.0, 0.0, 1.0, 1.0, 0.0, 0.0, 1.0, 0.0, 0.0, 1.0, 1.0, 1.0, 0.0, 1.0, 1.0, 0.0, 1.0, 0.0, 0.0, 1.0, 1.0, 1.0, 0.0, 1.0], [0.0, 1.0, 0.0, 1.0, 0.0, 1.0, 1.0, -0.0, -0.0, 0.0, 1.0, 0.0, 1.0, 1.0, 0.0, 0.0, 0.0, 1.0, 1.0, 0.0, -0.0, -0.0, -0.0, 1.0, 0.0, -0.0, 0.0, -0.0, -0.0, 1.0, -0.0, 0.0, -0.0, 1.0, -0.0, 0.0, 0.0, 0.0, 0.0, -0.0, 0.0, 0.0, 1.0, 0.9999999999999999, 0.0, 0.0, -0.0, 1.0, 0.0, 0.0, 1.0, 0.0, 1.0, -0.0, 1.0, -0.0, 0.0, -0.0, -0.0, -0.0, 1.0, 0.0, 0.0, 1.0, 0.0, 0.0, -0.0, 0.0, 0.0, 1.0, 1.0, 0.0, 0.0, 1.0, 0.0, 0.0, 0.0, 0.0, 1.0, 1.0, 0.0, 0.0, 1.0, -0.0, -0.0, 1.0, 1.0, 1.0, 0.0, 1.0, 1.0, 0.0, 1.0, 0.0, -0.0, 1.0, 1.0, 1.0, 0.0, 1.0], [0.0, 1.0, 0.0, 1.0, 0.0, 1.0, 1.0, 0.0, 0.0, -1.1546319456101628e-13, 1.0, -1.1546319456101628e-13, 1.0, 1.0, 0.0, 0.0, 0.0, 1.0, 1.0000000000001155, 0.0, 0.0, 0.0, -0.0, 1.0000000000001885, 0.0, -0.0, 0.0, 0.0, 0.0, 1.0, 0.0, 0.0, 0.0, 1.0, 0.0, 0.0, 0.0, 0.0, 0.0, -0.0, 0.0, 0.0, 1.0, 1.0, 0.0, 0.0, 0.0, 1.0, 0.0, 0.0, 1.0, 0.0, 1.0, 0.0, 1.0, 0.0, -1.8851586958135158e-13, 0.0, 0.0, 0.0, 1.0, 0.0, 0.0, 1.0, 0.0, 0.0, 0.0, 0.0, 0.0, 1.0, 1.0, 0.0, 0.0, 1.0, 0.0, 0.0, 0.0, 0.0, 1.0, 1.0, 0.0, 0.0, 1.0000000000001155, 0.0, 0.0, 1.0, 1.0, 1.0, 0.0, 1.0, 1.0, 0.0, 1.0, 0.0, 0.0, 1.0, 1.0, 1.0, 0.0, 1.0], [0.0, 1.0, 0.0, 1.0, 0.0, 1.0, 1.0, 0.0, 0.0, 0.0, 1.0, 0.0, 1.0, 1.0, 0.0, 0.0, 0.0, 1.0, 1.0, -0.0, 0.0, -0.0, -0.0, 1.0, 0.0, -0.0, 0.0, 0.0, -0.0, 1.0, 0.0, 0.0, -0.0, 1.0, 0.0, 0.0, 0.0, 0.0, 0.0, -0.0, 0.0, 0.0, 1.0, 1.0, 0.0, 0.0, 0.0, 1.0, 0.0, 0.0, 1.0, 0.0, 1.0, 0.0, 1.0, 0.0, -0.0, 0.0, 0.0, 0.0, 1.0, 0.0, 0.0, 1.0, 0.0, 0.0, 0.0, 0.0, 0.0, 1.0, 1.0, 0.0, 0.0, 1.0, 0.0, 0.0, 0.0, 0.0, 1.0, 1.0, 0.0, 0.0, 1.0000000000000004, 0.0, 0.0, 1.0, 1.0, 1.0, 0.0, 1.0, 1.0, 0.0, 1.0, 0.0, 0.0, 1.0, 1.0, 1.0, 0.0, 1.0]]
