vars = 250 ; constr = 20 
 # informations of B&B algorithm : 
total_times_used = 3602.71 
total_nodes = 37715 
pruned_nodes = 0 
GAP = 0.0 
relaxation_time = 3479.67 
test_dominance_time = 0.0 
update_incumbent_time = 5.86 
tree_size = 262.955 
nb_nodes_EPB = 0 
nb_nodes_VB = 37714 
root_relax = true 
TO = true 


 # ----------- info about cuts : 
ite_total = 37715 
cuts_applied = 0 
sp_cuts = 0 
mp_cuts = 0 
cuts_total = 0 
times_calling_dicho = 3479.67 
times_calling_separators = 84.71 
times_oper_cutPool = 0.0 
times_total_for_cuts = 3570.49 
times_add_retrieve_cuts = 0.04 



size_Y_N = 108
Y_N = [[-5515.0, 48085.0], [-4508.0, 48033.0], [-4422.0, 47992.0], [-4015.0, 47961.0], [-3508.0, 47933.0], [-3382.0, 47662.0], [-3201.0, 47624.0], [-2993.0, 47574.0], [-2957.0, 47536.0], [-2794.0, 47246.0], [-2734.0, 47180.0], [-2718.0, 47159.0], [-2488.0, 47098.0], [-2342.0, 47080.0], [-2141.0, 47032.0], [-2027.0, 46905.0], [-1745.0, 46707.0], [-1739.0, 46632.0], [-1542.0, 46363.0], [-1161.0, 46248.0], [-956.0, 46060.0], [-916.0, 45946.0], [-787.0, 45429.0], [-626.0, 45237.0], [-601.0, 45141.0], [-548.0, 44516.0], [-547.0, 44217.0], [-519.0, 43967.0], [-403.0, 43942.0], [-257.0, 43913.0], [21.0, 43786.0], [30.0, 43092.0], [13554.0, 38840.0], [14418.0, 38750.0], [14432.0, 38533.0], [14590.0, 38529.0], [14636.0, 38505.0], [14991.0, 38487.0], [15243.0, 38182.0], [15329.0, 38153.0], [15506.0, 38152.0], [15919.0, 37991.0], [16058.0, 37862.0], [16304.0, 37739.0], [16377.0, 37558.0], [16435.0, 37518.0], [16467.0, 37444.0], [16527.0, 37310.0], [16666.0, 37238.0], [16809.0, 37121.0], [16821.0, 37073.0], [17017.0, 36968.0], [17111.0, 36767.0], [17133.0, 36454.0], [17212.0, 36453.0], [17293.0, 36266.0], [17312.0, 36233.0], [17369.0, 36117.0], [17383.0, 36065.0], [17413.0, 36051.0], [17467.0, 36030.0], [17486.0, 35974.0], [17543.0, 35956.0], [17608.0, 35869.0], [17647.0, 35790.0], [17732.0, 35719.0], [17857.0, 35649.0], [17936.0, 35397.0], [17943.0, 35387.0], [18093.0, 35358.0], [18181.0, 35280.0], [18260.0, 34994.0], [18335.0, 34864.0], [18346.0, 34738.0], [18385.0, 34642.0], [18424.0, 34494.0], [18526.0, 34344.0], [18937.0, 34260.0], [18984.0, 33834.0], [19053.0, 33734.0], [19128.0, 33447.0], [19177.0, 33071.0], [19404.0, 32896.0], [19696.0, 32747.0], [19759.0, 32442.0], [19849.0, 32363.0], [20361.0, 30435.0], [20793.0, 23719.0], [21208.0, 23047.0], [21211.0, 22998.0], [21380.0, 22822.0], [21395.0, 22781.0], [21526.0, 22643.0], [22502.0, 22602.0], [22922.0, 21933.0], [23132.0, 21349.0], [23364.0, 20965.0], [23555.0, 20666.0], [23660.0, 20654.0], [23724.0, 20515.0], [23740.0, 20306.0], [24110.0, 20242.0], [24300.0, 19857.0], [24578.0, 19711.0], [24664.0, 19405.0], [25239.0, 19197.0], [25386.0, 17935.0], [25688.0, 16934.0]]

size_X_E = 108
